17-Oct-2018
9:13
TXR  004437 RM436 R24
33511B Function Generator
SN =Agilent Technologies,33511B,MY52301476,3.05-1.19-2.00-52-00
freq =+8.830000000000000E+06
burstmode =TRIG
burstN =+6.000000000000000E+01
voltage =+1.5000000000000E-01
 
DSO-X 2022A Oscilloscope
SN =AGILENT TECHNOLOGIES,DSO-X 2022A,MY54310921,02.41.2015102200
probe =+1.0000000E+00
scale =+500.0E-09
position =+19.900000E-06
range =+1.60E+00
units =VOLT
points =+2000
pointmode =NORM
format =BYTE
acqtype =NORM
trigsource =EXT
coupling =AC
 
-180	-4	0.0089892
-180	-3.9	0.008769
-180	-3.8	0.007347
-180	-3.7	0.0063842
-180	-3.6	0.0063842
-180	-3.5	0.0078077
-180	-3.4	0.0082857
-180	-3.3	0.0093384
-180	-3.2	0.010509
-180	-3.1	0.011306
-180	-3	0.011304
-180	-2.9	0.011116
-180	-2.8	0.011281
-180	-2.7	0.011091
-180	-2.6	0.01124
-180	-2.5	0.012413
-180	-2.4	0.014108
-180	-2.3	0.016096
-180	-2.2	0.01741
-180	-2.1	0.018259
-180	-2	0.019563
-180	-1.9	0.020901
-180	-1.8	0.022105
-180	-1.7	0.023224
-180	-1.6	0.023975
-180	-1.5	0.024563
-180	-1.4	0.026157
-180	-1.3	0.028818
-180	-1.2	0.03127
-180	-1.1	0.033017
-180	-1	0.034178
-180	-0.9	0.034335
-180	-0.8	0.034273
-180	-0.7	0.033361
-180	-0.6	0.03398
-180	-0.5	0.034751
-180	-0.4	0.035532
-180	-0.3	0.036297
-180	-0.2	0.036214
-180	-0.1	0.034764
-180	0	0.031753
-180	0.1	0.027366
-180	0.2	0.025458
-180	0.3	0.022833
-180	0.4	0.021567
-180	0.5	0.021921
-180	0.6	0.023256
-180	0.7	0.025119
-180	0.8	0.027175
-180	0.9	0.029736
-180	1	0.034798
-180	1.1	0.041356
-180	1.2	0.04786
-180	1.3	0.05453
-180	1.4	0.058164
-180	1.5	0.060933
-180	1.6	0.060338
-180	1.7	0.058321
-180	1.8	0.054194
-180	1.9	0.048898
-180	2	0.045056
-180	2.1	0.042852
-180	2.2	0.039931
-180	2.3	0.038094
-180	2.4	0.036873
-180	2.5	0.036341
-180	2.6	0.035776
-180	2.7	0.035688
-180	2.8	0.034873
-180	2.9	0.0336
-180	3	0.032111
-180	3.1	0.03111
-180	3.2	0.028712
-180	3.3	0.025439
-180	3.4	0.022362
-180	3.5	0.020052
-180	3.6	0.019001
-180	3.7	0.019121
-180	3.8	0.018337
-180	3.9	0.016965
-180	4	0.0144
-170	-4	0.0058919
-170	-3.9	0.0056425
-170	-3.8	0.0062331
-170	-3.7	0.0070231
-170	-3.6	0.0070001
-170	-3.5	0.0071936
-170	-3.4	0.0071395
-170	-3.3	0.0071372
-170	-3.2	0.0072093
-170	-3.1	0.0071734
-170	-3	0.0079857
-170	-2.9	0.010162
-170	-2.8	0.011921
-170	-2.7	0.013253
-170	-2.6	0.013902
-170	-2.5	0.013897
-170	-2.4	0.014201
-170	-2.3	0.014487
-170	-2.2	0.015357
-170	-2.1	0.016124
-170	-2	0.018187
-170	-1.9	0.020715
-170	-1.8	0.023085
-170	-1.7	0.024935
-170	-1.6	0.026595
-170	-1.5	0.027487
-170	-1.4	0.028335
-170	-1.3	0.030028
-170	-1.2	0.032991
-170	-1.1	0.033961
-170	-1	0.035312
-170	-0.9	0.036491
-170	-0.8	0.037744
-170	-0.7	0.038564
-170	-0.6	0.039841
-170	-0.5	0.040229
-170	-0.4	0.039661
-170	-0.3	0.037949
-170	-0.2	0.033615
-170	-0.1	0.028733
-170	0	0.0243
-170	0.1	0.019635
-170	0.2	0.01765
-170	0.3	0.017615
-170	0.4	0.020091
-170	0.5	0.021564
-170	0.6	0.024411
-170	0.7	0.025936
-170	0.8	0.028548
-170	0.9	0.032334
-170	1	0.039509
-170	1.1	0.044186
-170	1.2	0.049811
-170	1.3	0.057894
-170	1.4	0.061037
-170	1.5	0.06352
-170	1.6	0.062641
-170	1.7	0.060619
-170	1.8	0.055541
-170	1.9	0.051493
-170	2	0.046407
-170	2.1	0.041499
-170	2.2	0.039963
-170	2.3	0.03886
-170	2.4	0.038081
-170	2.5	0.037571
-170	2.6	0.036287
-170	2.7	0.034526
-170	2.8	0.033479
-170	2.9	0.032578
-170	3	0.032419
-170	3.1	0.031553
-170	3.2	0.030829
-170	3.3	0.028728
-170	3.4	0.026424
-170	3.5	0.023015
-170	3.6	0.020196
-170	3.7	0.017293
-170	3.8	0.015897
-170	3.9	0.015584
-170	4	0.015368
-160	-4	0.0072896
-160	-3.9	0.0072585
-160	-3.8	0.0070415
-160	-3.7	0.0072317
-160	-3.6	0.0066472
-160	-3.5	0.0070254
-160	-3.4	0.0086315
-160	-3.3	0.009989
-160	-3.2	0.010656
-160	-3.1	0.01108
-160	-3	0.010208
-160	-2.9	0.0094571
-160	-2.8	0.0090484
-160	-2.7	0.0092445
-160	-2.6	0.010565
-160	-2.5	0.013093
-160	-2.4	0.016065
-160	-2.3	0.017455
-160	-2.2	0.01905
-160	-2.1	0.019538
-160	-2	0.019615
-160	-1.9	0.020171
-160	-1.8	0.021021
-160	-1.7	0.022228
-160	-1.6	0.02448
-160	-1.5	0.025316
-160	-1.4	0.026486
-160	-1.3	0.028317
-160	-1.2	0.030957
-160	-1.1	0.033435
-160	-1	0.036356
-160	-0.9	0.038769
-160	-0.8	0.040047
-160	-0.7	0.039849
-160	-0.6	0.039274
-160	-0.5	0.038431
-160	-0.4	0.037762
-160	-0.3	0.035789
-160	-0.2	0.032003
-160	-0.1	0.029703
-160	0	0.025024
-160	0.1	0.022371
-160	0.2	0.020656
-160	0.3	0.019117
-160	0.4	0.01828
-160	0.5	0.018749
-160	0.6	0.019446
-160	0.7	0.020958
-160	0.8	0.025386
-160	0.9	0.029072
-160	1	0.037205
-160	1.1	0.04405
-160	1.2	0.048923
-160	1.3	0.054242
-160	1.4	0.058855
-160	1.5	0.059636
-160	1.6	0.058798
-160	1.7	0.056811
-160	1.8	0.053883
-160	1.9	0.050049
-160	2	0.046681
-160	2.1	0.04308
-160	2.2	0.041398
-160	2.3	0.040331
-160	2.4	0.03924
-160	2.5	0.038453
-160	2.6	0.03637
-160	2.7	0.035416
-160	2.8	0.033732
-160	2.9	0.031927
-160	3	0.030992
-160	3.1	0.029703
-160	3.2	0.028252
-160	3.3	0.026131
-160	3.4	0.024908
-160	3.5	0.022402
-160	3.6	0.019767
-160	3.7	0.017131
-160	3.8	0.015348
-160	3.9	0.014368
-160	4	0.013932
-150	-4	0.0055675
-150	-3.9	0.0058699
-150	-3.8	0.0060915
-150	-3.7	0.007007
-150	-3.6	0.0074214
-150	-3.5	0.0077558
-150	-3.4	0.0074627
-150	-3.3	0.0083595
-150	-3.2	0.008344
-150	-3.1	0.0076699
-150	-3	0.0073139
-150	-2.9	0.008146
-150	-2.8	0.0086987
-150	-2.7	0.010172
-150	-2.6	0.011856
-150	-2.5	0.013171
-150	-2.4	0.01411
-150	-2.3	0.013971
-150	-2.2	0.013994
-150	-2.1	0.014556
-150	-2	0.016033
-150	-1.9	0.018773
-150	-1.8	0.020717
-150	-1.7	0.024317
-150	-1.6	0.027011
-150	-1.5	0.028422
-150	-1.4	0.028592
-150	-1.3	0.028865
-150	-1.2	0.02998
-150	-1.1	0.03247
-150	-1	0.035763
-150	-0.9	0.039314
-150	-0.8	0.041316
-150	-0.7	0.043177
-150	-0.6	0.043339
-150	-0.5	0.042031
-150	-0.4	0.039031
-150	-0.3	0.036567
-150	-0.2	0.03312
-150	-0.1	0.029751
-150	0	0.026919
-150	0.1	0.024818
-150	0.2	0.023306
-150	0.3	0.020993
-150	0.4	0.018521
-150	0.5	0.01847
-150	0.6	0.018162
-150	0.7	0.018804
-150	0.8	0.02026
-150	0.9	0.02581
-150	1	0.029526
-150	1.1	0.035149
-150	1.2	0.041551
-150	1.3	0.045943
-150	1.4	0.051737
-150	1.5	0.054644
-150	1.6	0.0557
-150	1.7	0.055473
-150	1.8	0.053713
-150	1.9	0.051895
-150	2	0.048038
-150	2.1	0.044758
-150	2.2	0.041148
-150	2.3	0.03921
-150	2.4	0.038412
-150	2.5	0.038475
-150	2.6	0.038158
-150	2.7	0.037274
-150	2.8	0.035709
-150	2.9	0.033396
-150	3	0.03257
-150	3.1	0.031909
-150	3.2	0.031362
-150	3.3	0.029111
-150	3.4	0.02678
-150	3.5	0.024367
-150	3.6	0.022607
-150	3.7	0.018754
-150	3.8	0.016495
-150	3.9	0.014488
-150	4	0.014037
-140	-4	0.0090161
-140	-3.9	0.0099175
-140	-3.8	0.0097217
-140	-3.7	0.0090144
-140	-3.6	0.0080683
-140	-3.5	0.0068436
-140	-3.4	0.0059192
-140	-3.3	0.00677
-140	-3.2	0.0080803
-140	-3.1	0.010081
-140	-3	0.011312
-140	-2.9	0.011708
-140	-2.8	0.011614
-140	-2.7	0.010372
-140	-2.6	0.010455
-140	-2.5	0.011217
-140	-2.4	0.012508
-140	-2.3	0.013517
-140	-2.2	0.015469
-140	-2.1	0.016418
-140	-2	0.016389
-140	-1.9	0.017091
-140	-1.8	0.019601
-140	-1.7	0.020908
-140	-1.6	0.023273
-140	-1.5	0.02524
-140	-1.4	0.027788
-140	-1.3	0.029131
-140	-1.2	0.029845
-140	-1.1	0.032167
-140	-1	0.034572
-140	-0.9	0.035837
-140	-0.8	0.037708
-140	-0.7	0.039474
-140	-0.6	0.040524
-140	-0.5	0.039625
-140	-0.4	0.038263
-140	-0.3	0.036064
-140	-0.2	0.033783
-140	-0.1	0.0309
-140	0	0.026875
-140	0.1	0.024419
-140	0.2	0.021124
-140	0.3	0.01837
-140	0.4	0.018224
-140	0.5	0.01899
-140	0.6	0.019492
-140	0.7	0.018911
-140	0.8	0.019802
-140	0.9	0.022434
-140	1	0.028097
-140	1.1	0.035042
-140	1.2	0.04158
-140	1.3	0.04568
-140	1.4	0.053369
-140	1.5	0.059825
-140	1.6	0.062585
-140	1.7	0.062284
-140	1.8	0.059686
-140	1.9	0.056818
-140	2	0.052273
-140	2.1	0.046892
-140	2.2	0.042101
-140	2.3	0.039347
-140	2.4	0.039559
-140	2.5	0.040716
-140	2.6	0.041645
-140	2.7	0.040637
-140	2.8	0.038544
-140	2.9	0.03675
-140	3	0.035716
-140	3.1	0.034724
-140	3.2	0.031423
-140	3.3	0.028758
-140	3.4	0.025285
-140	3.5	0.024215
-140	3.6	0.022353
-140	3.7	0.019996
-140	3.8	0.016829
-140	3.9	0.015105
-140	4	0.014925
-130	-4	0.008148
-130	-3.9	0.0078449
-130	-3.8	0.0062744
-130	-3.7	0.0062227
-130	-3.6	0.007369
-130	-3.5	0.0083498
-130	-3.4	0.0091425
-130	-3.3	0.0093833
-130	-3.2	0.0087209
-130	-3.1	0.0077495
-130	-3	0.0075145
-130	-2.9	0.0083576
-130	-2.8	0.010586
-130	-2.7	0.011858
-130	-2.6	0.012989
-130	-2.5	0.014145
-130	-2.4	0.013968
-130	-2.3	0.0137
-130	-2.2	0.013948
-130	-2.1	0.015307
-130	-2	0.016573
-130	-1.9	0.018205
-130	-1.8	0.021736
-130	-1.7	0.022167
-130	-1.6	0.022364
-130	-1.5	0.02226
-130	-1.4	0.022745
-130	-1.3	0.024066
-130	-1.2	0.026966
-130	-1.1	0.030469
-130	-1	0.033493
-130	-0.9	0.036886
-130	-0.8	0.038229
-130	-0.7	0.0399
-130	-0.6	0.040919
-130	-0.5	0.041111
-130	-0.4	0.040162
-130	-0.3	0.038885
-130	-0.2	0.035538
-130	-0.1	0.032048
-130	0	0.027394
-130	0.1	0.02261
-130	0.2	0.019671
-130	0.3	0.016968
-130	0.4	0.016832
-130	0.5	0.018235
-130	0.6	0.018445
-130	0.7	0.017888
-130	0.8	0.018196
-130	0.9	0.022057
-130	1	0.027038
-130	1.1	0.036208
-130	1.2	0.042934
-130	1.3	0.048093
-130	1.4	0.054361
-130	1.5	0.059576
-130	1.6	0.058654
-130	1.7	0.056153
-130	1.8	0.052155
-130	1.9	0.047682
-130	2	0.04095
-130	2.1	0.036936
-130	2.2	0.034964
-130	2.3	0.034198
-130	2.4	0.034864
-130	2.5	0.035381
-130	2.6	0.035468
-130	2.7	0.033366
-130	2.8	0.032465
-130	2.9	0.030804
-130	3	0.030239
-130	3.1	0.029258
-130	3.2	0.026491
-130	3.3	0.023271
-130	3.4	0.020784
-130	3.5	0.01872
-130	3.6	0.016866
-130	3.7	0.014293
-130	3.8	0.013441
-130	3.9	0.0127
-130	4	0.012844
-120	-4	0.0069653
-120	-3.9	0.0061601
-120	-3.8	0.0060275
-120	-3.7	0.0063893
-120	-3.6	0.0074453
-120	-3.5	0.0080583
-120	-3.4	0.0088534
-120	-3.3	0.0088168
-120	-3.2	0.0087542
-120	-3.1	0.0077662
-120	-3	0.0078242
-120	-2.9	0.0070369
-120	-2.8	0.0080422
-120	-2.7	0.0095387
-120	-2.6	0.011001
-120	-2.5	0.012772
-120	-2.4	0.014743
-120	-2.3	0.015854
-120	-2.2	0.017043
-120	-2.1	0.017896
-120	-2	0.018112
-120	-1.9	0.018379
-120	-1.8	0.018624
-120	-1.7	0.018719
-120	-1.6	0.018969
-120	-1.5	0.021274
-120	-1.4	0.023446
-120	-1.3	0.027573
-120	-1.2	0.029418
-120	-1.1	0.032644
-120	-1	0.035005
-120	-0.9	0.037957
-120	-0.8	0.038823
-120	-0.7	0.039624
-120	-0.6	0.040306
-120	-0.5	0.040083
-120	-0.4	0.039183
-120	-0.3	0.037956
-120	-0.2	0.035809
-120	-0.1	0.031736
-120	0	0.028605
-120	0.1	0.025718
-120	0.2	0.023
-120	0.3	0.019722
-120	0.4	0.016786
-120	0.5	0.016048
-120	0.6	0.015666
-120	0.7	0.01531
-120	0.8	0.016126
-120	0.9	0.018533
-120	1	0.023027
-120	1.1	0.028367
-120	1.2	0.033611
-120	1.3	0.038009
-120	1.4	0.043584
-120	1.5	0.046133
-120	1.6	0.046258
-120	1.7	0.04495
-120	1.8	0.041737
-120	1.9	0.037836
-120	2	0.033692
-120	2.1	0.029893
-120	2.2	0.026341
-120	2.3	0.023592
-120	2.4	0.022827
-120	2.5	0.023193
-120	2.6	0.023171
-120	2.7	0.023385
-120	2.8	0.022955
-120	2.9	0.022849
-120	3	0.023174
-120	3.1	0.022889
-120	3.2	0.020776
-120	3.3	0.018304
-120	3.4	0.015835
-120	3.5	0.013991
-120	3.6	0.012844
-120	3.7	0.010148
-120	3.8	0.0079614
-120	3.9	0.0080923
-120	4	0.0073117
-110	-4	0.0061364
-110	-3.9	0.0067341
-110	-3.8	0.0077537
-110	-3.7	0.0080362
-110	-3.6	0.0079268
-110	-3.5	0.0074605
-110	-3.4	0.0064221
-110	-3.3	0.0059655
-110	-3.2	0.0064797
-110	-3.1	0.0088771
-110	-3	0.0097698
-110	-2.9	0.011457
-110	-2.8	0.012934
-110	-2.7	0.012235
-110	-2.6	0.011512
-110	-2.5	0.011686
-110	-2.4	0.012593
-110	-2.3	0.01416
-110	-2.2	0.016202
-110	-2.1	0.017394
-110	-2	0.01762
-110	-1.9	0.016552
-110	-1.8	0.016824
-110	-1.7	0.017939
-110	-1.6	0.020406
-110	-1.5	0.022906
-110	-1.4	0.025942
-110	-1.3	0.02771
-110	-1.2	0.029587
-110	-1.1	0.030464
-110	-1	0.031698
-110	-0.9	0.03303
-110	-0.8	0.034519
-110	-0.7	0.036601
-110	-0.6	0.037791
-110	-0.5	0.040118
-110	-0.4	0.041706
-110	-0.3	0.042051
-110	-0.2	0.040586
-110	-0.1	0.03673
-110	0	0.033298
-110	0.1	0.028193
-110	0.2	0.022636
-110	0.3	0.018007
-110	0.4	0.013386
-110	0.5	0.011468
-110	0.6	0.010364
-110	0.7	0.010477
-110	0.8	0.010967
-110	0.9	0.012531
-110	1	0.015819
-110	1.1	0.020074
-110	1.2	0.025598
-110	1.3	0.031273
-110	1.4	0.037391
-110	1.5	0.041184
-110	1.6	0.042468
-110	1.7	0.041976
-110	1.8	0.040566
-110	1.9	0.037374
-110	2	0.033521
-110	2.1	0.029564
-110	2.2	0.025924
-110	2.3	0.024494
-110	2.4	0.024226
-110	2.5	0.024546
-110	2.6	0.025524
-110	2.7	0.026167
-110	2.8	0.026327
-110	2.9	0.025533
-110	3	0.025261
-110	3.1	0.023669
-110	3.2	0.021489
-110	3.3	0.020179
-110	3.4	0.01873
-110	3.5	0.018165
-110	3.6	0.017917
-110	3.7	0.016095
-110	3.8	0.014072
-110	3.9	0.011958
-110	4	0.010393
-100	-4	0.0068176
-100	-3.9	0.0072607
-100	-3.8	0.0077433
-100	-3.7	0.0089243
-100	-3.6	0.007714
-100	-3.5	0.0071214
-100	-3.4	0.0062201
-100	-3.3	0.0061601
-100	-3.2	0.0072518
-100	-3.1	0.0094724
-100	-3	0.011781
-100	-2.9	0.012868
-100	-2.8	0.013413
-100	-2.7	0.012881
-100	-2.6	0.011785
-100	-2.5	0.010141
-100	-2.4	0.010318
-100	-2.3	0.011043
-100	-2.2	0.014133
-100	-2.1	0.015875
-100	-2	0.01768
-100	-1.9	0.018604
-100	-1.8	0.018736
-100	-1.7	0.018335
-100	-1.6	0.017725
-100	-1.5	0.017641
-100	-1.4	0.018265
-100	-1.3	0.021043
-100	-1.2	0.023589
-100	-1.1	0.027483
-100	-1	0.032546
-100	-0.9	0.035641
-100	-0.8	0.039157
-100	-0.7	0.040817
-100	-0.6	0.040657
-100	-0.5	0.039909
-100	-0.4	0.039221
-100	-0.3	0.039298
-100	-0.2	0.038575
-100	-0.1	0.03683
-100	0	0.0346
-100	0.1	0.030171
-100	0.2	0.026542
-100	0.3	0.021738
-100	0.4	0.016217
-100	0.5	0.012225
-100	0.6	0.010665
-100	0.7	0.010278
-100	0.8	0.01078
-100	0.9	0.012928
-100	1	0.015342
-100	1.1	0.020914
-100	1.2	0.024494
-100	1.3	0.030962
-100	1.4	0.034299
-100	1.5	0.037846
-100	1.6	0.039691
-100	1.7	0.039744
-100	1.8	0.038525
-100	1.9	0.03559
-100	2	0.031887
-100	2.1	0.027774
-100	2.2	0.025334
-100	2.3	0.02252
-100	2.4	0.021616
-100	2.5	0.020903
-100	2.6	0.020851
-100	2.7	0.021975
-100	2.8	0.023135
-100	2.9	0.023586
-100	3	0.023237
-100	3.1	0.022429
-100	3.2	0.021567
-100	3.3	0.020873
-100	3.4	0.018964
-100	3.5	0.017973
-100	3.6	0.016467
-100	3.7	0.014276
-100	3.8	0.013658
-100	3.9	0.012142
-100	4	0.010744
-90	-4	0.0061758
-90	-3.9	0.0060968
-90	-3.8	0.0063893
-90	-3.7	0.0077161
-90	-3.6	0.0074475
-90	-3.5	0.0071981
-90	-3.4	0.007294
-90	-3.3	0.0076191
-90	-3.2	0.0073272
-90	-3.1	0.0086633
-90	-3	0.0099371
-90	-2.9	0.011139
-90	-2.8	0.01194
-90	-2.7	0.012501
-90	-2.6	0.012672
-90	-2.5	0.011797
-90	-2.4	0.011362
-90	-2.3	0.010961
-90	-2.2	0.011769
-90	-2.1	0.014059
-90	-2	0.016836
-90	-1.9	0.018195
-90	-1.8	0.019206
-90	-1.7	0.018667
-90	-1.6	0.017617
-90	-1.5	0.016329
-90	-1.4	0.016296
-90	-1.3	0.018393
-90	-1.2	0.024156
-90	-1.1	0.028855
-90	-1	0.03268
-90	-0.9	0.038046
-90	-0.8	0.041678
-90	-0.7	0.043053
-90	-0.6	0.04238
-90	-0.5	0.040838
-90	-0.4	0.038695
-90	-0.3	0.037002
-90	-0.2	0.034724
-90	-0.1	0.033284
-90	0	0.032599
-90	0.1	0.029713
-90	0.2	0.027444
-90	0.3	0.024029
-90	0.4	0.020586
-90	0.5	0.017358
-90	0.6	0.01635
-90	0.7	0.017168
-90	0.8	0.018357
-90	0.9	0.020222
-90	1	0.021833
-90	1.1	0.022723
-90	1.2	0.023912
-90	1.3	0.025595
-90	1.4	0.027645
-90	1.5	0.029081
-90	1.6	0.030378
-90	1.7	0.030658
-90	1.8	0.02926
-90	1.9	0.026549
-90	2	0.024204
-90	2.1	0.021265
-90	2.2	0.01821
-90	2.3	0.016008
-90	2.4	0.015367
-90	2.5	0.016434
-90	2.6	0.018685
-90	2.7	0.02072
-90	2.8	0.021906
-90	2.9	0.021787
-90	3	0.021014
-90	3.1	0.020988
-90	3.2	0.021027
-90	3.3	0.02049
-90	3.4	0.019342
-90	3.5	0.01784
-90	3.6	0.016097
-90	3.7	0.014888
-90	3.8	0.011392
-90	3.9	0.0092497
-90	4	0.0071689
-80	-4	0.0057278
-80	-3.9	0.0063309
-80	-3.8	0.0074972
-80	-3.7	0.0088916
-80	-3.6	0.010053
-80	-3.5	0.010911
-80	-3.4	0.011406
-80	-3.3	0.010741
-80	-3.2	0.0086484
-80	-3.1	0.0071077
-80	-3	0.0064196
-80	-2.9	0.0074562
-80	-2.8	0.010241
-80	-2.7	0.011871
-80	-2.6	0.013745
-80	-2.5	0.014315
-80	-2.4	0.01385
-80	-2.3	0.012814
-80	-2.2	0.012582
-80	-2.1	0.012616
-80	-2	0.013074
-80	-1.9	0.014535
-80	-1.8	0.016126
-80	-1.7	0.016866
-80	-1.6	0.017284
-80	-1.5	0.01631
-80	-1.4	0.015239
-80	-1.3	0.015883
-80	-1.2	0.019752
-80	-1.1	0.023646
-80	-1	0.029349
-80	-0.9	0.035533
-80	-0.8	0.038546
-80	-0.7	0.040259
-80	-0.6	0.040545
-80	-0.5	0.040692
-80	-0.4	0.039948
-80	-0.3	0.038947
-80	-0.2	0.037173
-80	-0.1	0.036303
-80	0	0.034831
-80	0.1	0.032522
-80	0.2	0.030893
-80	0.3	0.026688
-80	0.4	0.024002
-80	0.5	0.020911
-80	0.6	0.018855
-80	0.7	0.019658
-80	0.8	0.022424
-80	0.9	0.024076
-80	1	0.02493
-80	1.1	0.024528
-80	1.2	0.023986
-80	1.3	0.023783
-80	1.4	0.023576
-80	1.5	0.023508
-80	1.6	0.02394
-80	1.7	0.024543
-80	1.8	0.023985
-80	1.9	0.022902
-80	2	0.021122
-80	2.1	0.01917
-80	2.2	0.017171
-80	2.3	0.014707
-80	2.4	0.013887
-80	2.5	0.013461
-80	2.6	0.01398
-80	2.7	0.015106
-80	2.8	0.016421
-80	2.9	0.018334
-80	3	0.019835
-80	3.1	0.020446
-80	3.2	0.021141
-80	3.3	0.020133
-80	3.4	0.01907
-80	3.5	0.017661
-80	3.6	0.01675
-80	3.7	0.015989
-80	3.8	0.014606
-80	3.9	0.013997
-80	4	0.01332
-70	-4	0.0068554
-70	-3.9	0.0057615
-70	-3.8	0.0068554
-70	-3.7	0.0085714
-70	-3.6	0.0098357
-70	-3.5	0.0098979
-70	-3.4	0.0097929
-70	-3.3	0.0094434
-70	-3.2	0.0068389
-70	-3.1	0.0062976
-70	-3	0.007441
-70	-2.9	0.0098028
-70	-2.8	0.012422
-70	-2.7	0.014377
-70	-2.6	0.014559
-70	-2.5	0.014063
-70	-2.4	0.012863
-70	-2.3	0.010719
-70	-2.2	0.011064
-70	-2.1	0.013388
-70	-2	0.015216
-70	-1.9	0.016986
-70	-1.8	0.017703
-70	-1.7	0.017668
-70	-1.6	0.016076
-70	-1.5	0.015259
-70	-1.4	0.01554
-70	-1.3	0.018013
-70	-1.2	0.022178
-70	-1.1	0.026041
-70	-1	0.029606
-70	-0.9	0.034696
-70	-0.8	0.03638
-70	-0.7	0.038159
-70	-0.6	0.039088
-70	-0.5	0.039494
-70	-0.4	0.03869
-70	-0.3	0.036908
-70	-0.2	0.036354
-70	-0.1	0.03584
-70	0	0.034778
-70	0.1	0.033228
-70	0.2	0.030874
-70	0.3	0.02842
-70	0.4	0.024227
-70	0.5	0.021598
-70	0.6	0.020389
-70	0.7	0.020992
-70	0.8	0.022037
-70	0.9	0.023812
-70	1	0.025173
-70	1.1	0.024571
-70	1.2	0.023772
-70	1.3	0.02302
-70	1.4	0.022239
-70	1.5	0.022173
-70	1.6	0.023906
-70	1.7	0.026408
-70	1.8	0.027088
-70	1.9	0.027157
-70	2	0.026195
-70	2.1	0.023269
-70	2.2	0.021546
-70	2.3	0.018488
-70	2.4	0.016168
-70	2.5	0.016172
-70	2.6	0.01839
-70	2.7	0.020683
-70	2.8	0.024499
-70	2.9	0.026901
-70	3	0.028661
-70	3.1	0.029372
-70	3.2	0.02974
-70	3.3	0.028633
-70	3.4	0.027483
-70	3.5	0.025377
-70	3.6	0.024309
-70	3.7	0.022682
-70	3.8	0.021265
-70	3.9	0.020106
-70	4	0.017841
-60	-4	0.0065442
-60	-3.9	0.0068507
-60	-3.8	0.0071959
-60	-3.7	0.0079736
-60	-3.6	0.008148
-60	-3.5	0.0075509
-60	-3.4	0.0076888
-60	-3.3	0.0074192
-60	-3.2	0.007135
-60	-3.1	0.0076297
-60	-3	0.0096884
-60	-2.9	0.011917
-60	-2.8	0.013456
-60	-2.7	0.015008
-60	-2.6	0.01514
-60	-2.5	0.014247
-60	-2.4	0.013418
-60	-2.3	0.012337
-60	-2.2	0.012648
-60	-2.1	0.013939
-60	-2	0.015937
-60	-1.9	0.017987
-60	-1.8	0.018773
-60	-1.7	0.018786
-60	-1.6	0.017086
-60	-1.5	0.01428
-60	-1.4	0.013834
-60	-1.3	0.01562
-60	-1.2	0.02093
-60	-1.1	0.025271
-60	-1	0.031437
-60	-0.9	0.035912
-60	-0.8	0.038773
-60	-0.7	0.039793
-60	-0.6	0.040058
-60	-0.5	0.038482
-60	-0.4	0.035832
-60	-0.3	0.033648
-60	-0.2	0.032763
-60	-0.1	0.031985
-60	0	0.031518
-60	0.1	0.030172
-60	0.2	0.028773
-60	0.3	0.025899
-60	0.4	0.021804
-60	0.5	0.018923
-60	0.6	0.018351
-60	0.7	0.01949
-60	0.8	0.021668
-60	0.9	0.023936
-60	1	0.025827
-60	1.1	0.028019
-60	1.2	0.02934
-60	1.3	0.030807
-60	1.4	0.031154
-60	1.5	0.031153
-60	1.6	0.031485
-60	1.7	0.030437
-60	1.8	0.028518
-60	1.9	0.025124
-60	2	0.022004
-60	2.1	0.018197
-60	2.2	0.014122
-60	2.3	0.012154
-60	2.4	0.012541
-60	2.5	0.013668
-60	2.6	0.015301
-60	2.7	0.017685
-60	2.8	0.019357
-60	2.9	0.021288
-60	3	0.022641
-60	3.1	0.023519
-60	3.2	0.023678
-60	3.3	0.023057
-60	3.4	0.021422
-60	3.5	0.019906
-60	3.6	0.018071
-60	3.7	0.016359
-60	3.8	0.015489
-60	3.9	0.014269
-60	4	0.013778
-50	-4	0.0072718
-50	-3.9	0.0071666
-50	-3.8	0.0069723
-50	-3.7	0.0068672
-50	-3.6	0.0067028
-50	-3.5	0.0062564
-50	-3.4	0.0079513
-50	-3.3	0.0084937
-50	-3.2	0.0093592
-50	-3.1	0.010592
-50	-3	0.011555
-50	-2.9	0.011398
-50	-2.8	0.010703
-50	-2.7	0.010477
-50	-2.6	0.010914
-50	-2.5	0.012037
-50	-2.4	0.014938
-50	-2.3	0.017316
-50	-2.2	0.019559
-50	-2.1	0.020483
-50	-2	0.019848
-50	-1.9	0.017118
-50	-1.8	0.015259
-50	-1.7	0.0136
-50	-1.6	0.014557
-50	-1.5	0.017844
-50	-1.4	0.021761
-50	-1.3	0.02361
-50	-1.2	0.027284
-50	-1.1	0.029267
-50	-1	0.030605
-50	-0.9	0.032288
-50	-0.8	0.034365
-50	-0.7	0.036335
-50	-0.6	0.038166
-50	-0.5	0.040343
-50	-0.4	0.042032
-50	-0.3	0.042207
-50	-0.2	0.039074
-50	-0.1	0.035875
-50	0	0.032093
-50	0.1	0.026374
-50	0.2	0.021677
-50	0.3	0.018967
-50	0.4	0.016518
-50	0.5	0.016008
-50	0.6	0.016158
-50	0.7	0.017577
-50	0.8	0.019837
-50	0.9	0.023478
-50	1	0.025765
-50	1.1	0.02866
-50	1.2	0.031533
-50	1.3	0.03406
-50	1.4	0.035796
-50	1.5	0.035484
-50	1.6	0.033635
-50	1.7	0.031641
-50	1.8	0.027234
-50	1.9	0.022689
-50	2	0.018592
-50	2.1	0.015359
-50	2.2	0.01366
-50	2.3	0.013761
-50	2.4	0.014456
-50	2.5	0.015982
-50	2.6	0.017242
-50	2.7	0.018156
-50	2.8	0.019036
-50	2.9	0.019366
-50	3	0.01957
-50	3.1	0.019513
-50	3.2	0.01923
-50	3.3	0.018791
-50	3.4	0.017714
-50	3.5	0.015123
-50	3.6	0.012814
-50	3.7	0.011093
-50	3.8	0.0093471
-50	3.9	0.0074605
-50	4	0.0066835
-40	-4	0.0058974
-40	-3.9	0.0056224
-40	-3.8	0.0063078
-40	-3.7	0.0070346
-40	-3.6	0.0076085
-40	-3.5	0.008225
-40	-3.4	0.0084307
-40	-3.3	0.0080683
-40	-3.2	0.0074062
-40	-3.1	0.0074994
-40	-3	0.0075016
-40	-2.9	0.0090751
-40	-2.8	0.011223
-40	-2.7	0.013417
-40	-2.6	0.014589
-40	-2.5	0.013917
-40	-2.4	0.012977
-40	-2.3	0.012692
-40	-2.2	0.013192
-40	-2.1	0.015521
-40	-2	0.01761
-40	-1.9	0.019248
-40	-1.8	0.01873
-40	-1.7	0.017585
-40	-1.6	0.016987
-40	-1.5	0.017434
-40	-1.4	0.01863
-40	-1.3	0.021968
-40	-1.2	0.026395
-40	-1.1	0.030398
-40	-1	0.03272
-40	-0.9	0.035544
-40	-0.8	0.036798
-40	-0.7	0.037093
-40	-0.6	0.037371
-40	-0.5	0.038257
-40	-0.4	0.039547
-40	-0.3	0.038885
-40	-0.2	0.037688
-40	-0.1	0.035225
-40	0	0.031975
-40	0.1	0.027074
-40	0.2	0.021071
-40	0.3	0.016937
-40	0.4	0.015062
-40	0.5	0.014
-40	0.6	0.014297
-40	0.7	0.016508
-40	0.8	0.019497
-40	0.9	0.024604
-40	1	0.028452
-40	1.1	0.033127
-40	1.2	0.039115
-40	1.3	0.04344
-40	1.4	0.045201
-40	1.5	0.044246
-40	1.6	0.040777
-40	1.7	0.037838
-40	1.8	0.031763
-40	1.9	0.027039
-40	2	0.022748
-40	2.1	0.020633
-40	2.2	0.019772
-40	2.3	0.020546
-40	2.4	0.020823
-40	2.5	0.021368
-40	2.6	0.022149
-40	2.7	0.023203
-40	2.8	0.023892
-40	2.9	0.02427
-40	3	0.023225
-40	3.1	0.021204
-40	3.2	0.019405
-40	3.3	0.018516
-40	3.4	0.015635
-40	3.5	0.012417
-40	3.6	0.011168
-40	3.7	0.0092898
-40	3.8	0.0087265
-40	3.9	0.0072384
-40	4	0.0066374
-30	-4	0.0071711
-30	-3.9	0.0078839
-30	-3.8	0.0082014
-30	-3.7	0.0085695
-30	-3.6	0.0080241
-30	-3.5	0.007672
-30	-3.4	0.0071801
-30	-3.3	0.0083266
-30	-3.2	0.0093816
-30	-3.1	0.0111
-30	-3	0.013102
-30	-2.9	0.01426
-30	-2.8	0.014363
-30	-2.7	0.013096
-30	-2.6	0.012439
-30	-2.5	0.012621
-30	-2.4	0.014184
-30	-2.3	0.017125
-30	-2.2	0.01881
-30	-2.1	0.018282
-30	-2	0.017851
-30	-1.9	0.017217
-30	-1.8	0.017963
-30	-1.7	0.019464
-30	-1.6	0.020112
-30	-1.5	0.020717
-30	-1.4	0.02116
-30	-1.3	0.022269
-30	-1.2	0.024897
-30	-1.1	0.027421
-30	-1	0.030201
-30	-0.9	0.034159
-30	-0.8	0.036358
-30	-0.7	0.038427
-30	-0.6	0.039622
-30	-0.5	0.03922
-30	-0.4	0.037856
-30	-0.3	0.034346
-30	-0.2	0.028388
-30	-0.1	0.025251
-30	0	0.022059
-30	0.1	0.019311
-30	0.2	0.017808
-30	0.3	0.016957
-30	0.4	0.016037
-30	0.5	0.015525
-30	0.6	0.014947
-30	0.7	0.01763
-30	0.8	0.020808
-30	0.9	0.029105
-30	1	0.037031
-30	1.1	0.041462
-30	1.2	0.04869
-30	1.3	0.052898
-30	1.4	0.053698
-30	1.5	0.052123
-30	1.6	0.048197
-30	1.7	0.042967
-30	1.8	0.035277
-30	1.9	0.029836
-30	2	0.02602
-30	2.1	0.024684
-30	2.2	0.025688
-30	2.3	0.02863
-30	2.4	0.030726
-30	2.5	0.031762
-30	2.6	0.032142
-30	2.7	0.031358
-30	2.8	0.030217
-30	2.9	0.028136
-30	3	0.025999
-30	3.1	0.024239
-30	3.2	0.021095
-30	3.3	0.019278
-30	3.4	0.016685
-30	3.5	0.014956
-30	3.6	0.012311
-30	3.7	0.011027
-30	3.8	0.0099224
-30	3.9	0.0094383
-30	4	0.0088825
-20	-4	0.0099257
-20	-3.9	0.0093228
-20	-3.8	0.0082662
-20	-3.7	0.0066301
-20	-3.6	0.0062071
-20	-3.5	0.0066081
-20	-3.4	0.0077098
-20	-3.3	0.009416
-20	-3.2	0.010581
-20	-3.1	0.011517
-20	-3	0.011533
-20	-2.9	0.011225
-20	-2.8	0.010607
-20	-2.7	0.009685
-20	-2.6	0.011621
-20	-2.5	0.01269
-20	-2.4	0.015563
-20	-2.3	0.016541
-20	-2.2	0.018966
-20	-2.1	0.019515
-20	-2	0.019579
-20	-1.9	0.018799
-20	-1.8	0.018226
-20	-1.7	0.017389
-20	-1.6	0.018109
-20	-1.5	0.020533
-20	-1.4	0.023782
-20	-1.3	0.025868
-20	-1.2	0.029705
-20	-1.1	0.033671
-20	-1	0.035534
-20	-0.9	0.038093
-20	-0.8	0.038713
-20	-0.7	0.038161
-20	-0.6	0.036628
-20	-0.5	0.035805
-20	-0.4	0.03487
-20	-0.3	0.032968
-20	-0.2	0.030012
-20	-0.1	0.026978
-20	0	0.022934
-20	0.1	0.017396
-20	0.2	0.014171
-20	0.3	0.011707
-20	0.4	0.011375
-20	0.5	0.012227
-20	0.6	0.013807
-20	0.7	0.01672
-20	0.8	0.022459
-20	0.9	0.031328
-20	1	0.040661
-20	1.1	0.047318
-20	1.2	0.053327
-20	1.3	0.058481
-20	1.4	0.061086
-20	1.5	0.059876
-20	1.6	0.053713
-20	1.7	0.047496
-20	1.8	0.043046
-20	1.9	0.038231
-20	2	0.03363
-20	2.1	0.032213
-20	2.2	0.031941
-20	2.3	0.033829
-20	2.4	0.036272
-20	2.5	0.038121
-20	2.6	0.038379
-20	2.7	0.037393
-20	2.8	0.035052
-20	2.9	0.033434
-20	3	0.030829
-20	3.1	0.029236
-20	3.2	0.025009
-20	3.3	0.022543
-20	3.4	0.02021
-20	3.5	0.018389
-20	3.6	0.016339
-20	3.7	0.014392
-20	3.8	0.012956
-20	3.9	0.012285
-20	4	0.012829
-10	-4	0.0061679
-10	-3.9	0.0059871
-10	-3.8	0.0065319
-10	-3.7	0.0081975
-10	-3.6	0.0094605
-10	-3.5	0.0095658
-10	-3.4	0.0090555
-10	-3.3	0.0083518
-10	-3.2	0.0079044
-10	-3.1	0.0081817
-10	-3	0.0094485
-10	-2.9	0.011714
-10	-2.8	0.013046
-10	-2.7	0.014252
-10	-2.6	0.015083
-10	-2.5	0.015734
-10	-2.4	0.015505
-10	-2.3	0.015689
-10	-2.2	0.016733
-10	-2.1	0.017256
-10	-2	0.01724
-10	-1.9	0.017969
-10	-1.8	0.01939
-10	-1.7	0.020127
-10	-1.6	0.021307
-10	-1.5	0.0222
-10	-1.4	0.023308
-10	-1.3	0.025145
-10	-1.2	0.029743
-10	-1.1	0.031726
-10	-1	0.034031
-10	-0.9	0.034074
-10	-0.8	0.034635
-10	-0.7	0.035454
-10	-0.6	0.035788
-10	-0.5	0.036026
-10	-0.4	0.035528
-10	-0.3	0.03416
-10	-0.2	0.030323
-10	-0.1	0.024756
-10	0	0.02122
-10	0.1	0.018564
-10	0.2	0.01592
-10	0.3	0.015484
-10	0.4	0.015276
-10	0.5	0.014856
-10	0.6	0.014824
-10	0.7	0.018552
-10	0.8	0.024799
-10	0.9	0.033094
-10	1	0.040985
-10	1.1	0.049148
-10	1.2	0.054763
-10	1.3	0.058654
-10	1.4	0.059132
-10	1.5	0.05617
-10	1.6	0.050197
-10	1.7	0.043438
-10	1.8	0.038756
-10	1.9	0.034031
-10	2	0.032468
-10	2.1	0.032222
-10	2.2	0.032444
-10	2.3	0.033864
-10	2.4	0.035054
-10	2.5	0.036244
-10	2.6	0.03678
-10	2.7	0.036626
-10	2.8	0.036137
-10	2.9	0.035146
-10	3	0.033381
-10	3.1	0.029479
-10	3.2	0.025551
-10	3.3	0.021105
-10	3.4	0.019137
-10	3.5	0.01821
-10	3.6	0.017667
-10	3.7	0.016636
-10	3.8	0.015205
-10	3.9	0.013743
-10	4	0.01348
0	-4	0.0076403
0	-3.9	0.0078613
0	-3.8	0.0079187
0	-3.7	0.007816
0	-3.6	0.0081915
0	-3.5	0.0083363
0	-3.4	0.0082152
0	-3.3	0.0082915
0	-3.2	0.0082348
0	-3.1	0.007672
0	-3	0.007886
0	-2.9	0.0090197
0	-2.8	0.010923
0	-2.7	0.013269
0	-2.6	0.01517
0	-2.5	0.016392
0	-2.4	0.016105
0	-2.3	0.01511
0	-2.2	0.014447
0	-2.1	0.014783
0	-2	0.016119
0	-1.9	0.018695
0	-1.8	0.021497
0	-1.7	0.022541
0	-1.6	0.022404
0	-1.5	0.02324
0	-1.4	0.024056
0	-1.3	0.025042
0	-1.2	0.027619
0	-1.1	0.03211
0	-1	0.035674
0	-0.9	0.038851
0	-0.8	0.03959
0	-0.7	0.039217
0	-0.6	0.036766
0	-0.5	0.033532
0	-0.4	0.030176
0	-0.3	0.027912
0	-0.2	0.025437
0	-0.1	0.021962
0	0	0.020567
0	0.1	0.019109
0	0.2	0.017283
0	0.3	0.015929
0	0.4	0.01512
0	0.5	0.015115
0	0.6	0.016699
0	0.7	0.019518
0	0.8	0.025678
0	0.9	0.034372
0	1	0.041751
0	1.1	0.048721
0	1.2	0.055
0	1.3	0.058313
0	1.4	0.060089
0	1.5	0.057825
0	1.6	0.054742
0	1.7	0.048079
0	1.8	0.044053
0	1.9	0.041551
0	2	0.038379
0	2.1	0.037159
0	2.2	0.037421
0	2.3	0.038332
0	2.4	0.040466
0	2.5	0.042076
0	2.6	0.042378
0	2.7	0.040627
0	2.8	0.039124
0	2.9	0.03705
0	3	0.034004
0	3.1	0.031075
0	3.2	0.027691
0	3.3	0.024063
0	3.4	0.021885
0	3.5	0.020354
0	3.6	0.01905
0	3.7	0.01728
0	3.8	0.014284
0	3.9	0.012233
0	4	0.011785
10	-4	0.0059192
10	-3.9	0.0065344
10	-3.8	0.0069677
10	-3.7	0.0074475
10	-3.6	0.0077495
10	-3.5	0.0073931
10	-3.4	0.0064847
10	-3.3	0.007294
10	-3.2	0.0075445
10	-3.1	0.0085996
10	-3	0.010243
10	-2.9	0.010983
10	-2.8	0.011167
10	-2.7	0.011456
10	-2.6	0.012527
10	-2.5	0.013875
10	-2.4	0.015211
10	-2.3	0.017064
10	-2.2	0.01803
10	-2.1	0.018562
10	-2	0.017971
10	-1.9	0.018078
10	-1.8	0.019471
10	-1.7	0.021168
10	-1.6	0.023852
10	-1.5	0.027259
10	-1.4	0.029718
10	-1.3	0.031177
10	-1.2	0.032825
10	-1.1	0.034967
10	-1	0.037049
10	-0.9	0.038116
10	-0.8	0.038359
10	-0.7	0.037556
10	-0.6	0.03634
10	-0.5	0.03358
10	-0.4	0.030569
10	-0.3	0.027507
10	-0.2	0.02343
10	-0.1	0.017854
10	0	0.016044
10	0.1	0.015748
10	0.2	0.017396
10	0.3	0.018686
10	0.4	0.019207
10	0.5	0.019608
10	0.6	0.020975
10	0.7	0.026114
10	0.8	0.031349
10	0.9	0.040132
10	1	0.048039
10	1.1	0.056197
10	1.2	0.063447
10	1.3	0.065471
10	1.4	0.067089
10	1.5	0.065043
10	1.6	0.060101
10	1.7	0.054372
10	1.8	0.048777
10	1.9	0.043452
10	2	0.041288
10	2.1	0.040083
10	2.2	0.040207
10	2.3	0.041408
10	2.4	0.042681
10	2.5	0.043688
10	2.6	0.043847
10	2.7	0.042472
10	2.8	0.040125
10	2.9	0.037151
10	3	0.034586
10	3.1	0.031544
10	3.2	0.028966
10	3.3	0.025317
10	3.4	0.023355
10	3.5	0.02111
10	3.6	0.018812
10	3.7	0.017879
10	3.8	0.017402
10	3.9	0.016507
10	4	0.017019
20	-4	0.0074258
20	-3.9	0.0068034
20	-3.8	0.0060676
20	-3.7	0.0061784
20	-3.6	0.0073514
20	-3.5	0.0089079
20	-3.4	0.010421
20	-3.3	0.010569
20	-3.2	0.011477
20	-3.1	0.011261
20	-3	0.011097
20	-2.9	0.010917
20	-2.8	0.011398
20	-2.7	0.011934
20	-2.6	0.013151
20	-2.5	0.014425
20	-2.4	0.015122
20	-2.3	0.015321
20	-2.2	0.015896
20	-2.1	0.01714
20	-2	0.018676
20	-1.9	0.021111
20	-1.8	0.022998
20	-1.7	0.024124
20	-1.6	0.024167
20	-1.5	0.025009
20	-1.4	0.02591
20	-1.3	0.0283
20	-1.2	0.030922
20	-1.1	0.032814
20	-1	0.035395
20	-0.9	0.037857
20	-0.8	0.03906
20	-0.7	0.039176
20	-0.6	0.037891
20	-0.5	0.034917
20	-0.4	0.030712
20	-0.3	0.024577
20	-0.2	0.020992
20	-0.1	0.017138
20	0	0.016353
20	0.1	0.017954
20	0.2	0.01982
20	0.3	0.020454
20	0.4	0.020234
20	0.5	0.020261
20	0.6	0.023783
20	0.7	0.029053
20	0.8	0.037042
20	0.9	0.044485
20	1	0.055144
20	1.1	0.060326
20	1.2	0.064791
20	1.3	0.065366
20	1.4	0.063041
20	1.5	0.058199
20	1.6	0.052684
20	1.7	0.047076
20	1.8	0.043187
20	1.9	0.039953
20	2	0.039659
20	2.1	0.039436
20	2.2	0.040355
20	2.3	0.040504
20	2.4	0.040218
20	2.5	0.039671
20	2.6	0.0389
20	2.7	0.037723
20	2.8	0.035587
20	2.9	0.033988
20	3	0.031563
20	3.1	0.029275
20	3.2	0.027008
20	3.3	0.024283
20	3.4	0.021706
20	3.5	0.020049
20	3.6	0.017851
20	3.7	0.016167
20	3.8	0.015381
20	3.9	0.015075
20	4	0.015652
30	-4	0.006118
30	-3.9	0.0057165
30	-3.8	0.0065368
30	-3.7	0.0072718
30	-3.6	0.0084861
30	-3.5	0.0087302
30	-3.4	0.0088916
30	-3.3	0.0093453
30	-3.2	0.0094451
30	-3.1	0.0093799
30	-3	0.009862
30	-2.9	0.010074
30	-2.8	0.010701
30	-2.7	0.011878
30	-2.6	0.013806
30	-2.5	0.015572
30	-2.4	0.016575
30	-2.3	0.017266
30	-2.2	0.018079
30	-2.1	0.019014
30	-2	0.019804
30	-1.9	0.020405
30	-1.8	0.020474
30	-1.7	0.020391
30	-1.6	0.022226
30	-1.5	0.026815
30	-1.4	0.030446
30	-1.3	0.03533
30	-1.2	0.037207
30	-1.1	0.037101
30	-1	0.036213
30	-0.9	0.035221
30	-0.8	0.034116
30	-0.7	0.034142
30	-0.6	0.034292
30	-0.5	0.034159
30	-0.4	0.032547
30	-0.3	0.030292
30	-0.2	0.026424
30	-0.1	0.024482
30	0	0.021138
30	0.1	0.018469
30	0.2	0.017166
30	0.3	0.016311
30	0.4	0.01691
30	0.5	0.017352
30	0.6	0.019658
30	0.7	0.024309
30	0.8	0.029759
30	0.9	0.037964
30	1	0.046298
30	1.1	0.055498
30	1.2	0.059839
30	1.3	0.061703
30	1.4	0.060489
30	1.5	0.058107
30	1.6	0.05266
30	1.7	0.048239
30	1.8	0.042374
30	1.9	0.039864
30	2	0.037594
30	2.1	0.037033
30	2.2	0.036665
30	2.3	0.036378
30	2.4	0.034924
30	2.5	0.034244
30	2.6	0.033473
30	2.7	0.032824
30	2.8	0.031986
30	2.9	0.030866
30	3	0.029677
30	3.1	0.027725
30	3.2	0.02566
30	3.3	0.021635
30	3.4	0.018322
30	3.5	0.016637
30	3.6	0.014937
30	3.7	0.014513
30	3.8	0.014714
30	3.9	0.014805
30	4	0.014742
40	-4	0.0069258
40	-3.9	0.0068294
40	-3.8	0.0073712
40	-3.7	0.0074692
40	-3.6	0.0082837
40	-3.5	0.0078921
40	-3.4	0.0083071
40	-3.3	0.0091231
40	-3.2	0.0097764
40	-3.1	0.009705
40	-3	0.0095827
40	-2.9	0.0091884
40	-2.8	0.0097598
40	-2.7	0.011123
40	-2.6	0.013018
40	-2.5	0.013978
40	-2.4	0.014444
40	-2.3	0.0155
40	-2.2	0.016197
40	-2.1	0.018057
40	-2	0.019799
40	-1.9	0.02085
40	-1.8	0.02135
40	-1.7	0.0222
40	-1.6	0.023597
40	-1.5	0.025561
40	-1.4	0.026935
40	-1.3	0.029677
40	-1.2	0.031411
40	-1.1	0.033117
40	-1	0.034983
40	-0.9	0.037675
40	-0.8	0.038668
40	-0.7	0.039206
40	-0.6	0.038458
40	-0.5	0.036391
40	-0.4	0.03177
40	-0.3	0.026486
40	-0.2	0.022134
40	-0.1	0.019984
40	0	0.019124
40	0.1	0.019996
40	0.2	0.021522
40	0.3	0.02233
40	0.4	0.02254
40	0.5	0.022536
40	0.6	0.02431
40	0.7	0.027457
40	0.8	0.033725
40	0.9	0.042396
40	1	0.049432
40	1.1	0.05811
40	1.2	0.061495
40	1.3	0.063205
40	1.4	0.061527
40	1.5	0.057479
40	1.6	0.051091
40	1.7	0.046612
40	1.8	0.041357
40	1.9	0.037954
40	2	0.036508
40	2.1	0.036245
40	2.2	0.037064
40	2.3	0.0368
40	2.4	0.03668
40	2.5	0.036346
40	2.6	0.036309
40	2.7	0.035386
40	2.8	0.033714
40	2.9	0.031734
40	3	0.028172
40	3.1	0.026472
40	3.2	0.023058
40	3.3	0.0217
40	3.4	0.019824
40	3.5	0.018863
40	3.6	0.018233
40	3.7	0.017733
40	3.8	0.016329
40	3.9	0.014979
40	4	0.014352
50	-4	0.0082681
50	-3.9	0.0079268
50	-3.8	0.0069234
50	-3.7	0.0069954
50	-3.6	0.0071689
50	-3.5	0.0086071
50	-3.4	0.0089658
50	-3.3	0.0091972
50	-3.2	0.0092112
50	-3.1	0.009139
50	-3	0.0091248
50	-2.9	0.0094588
50	-2.8	0.011026
50	-2.7	0.013431
50	-2.6	0.015464
50	-2.5	0.017704
50	-2.4	0.01842
50	-2.3	0.01809
50	-2.2	0.016622
50	-2.1	0.016106
50	-2	0.016987
50	-1.9	0.017484
50	-1.8	0.019932
50	-1.7	0.022015
50	-1.6	0.024766
50	-1.5	0.027105
50	-1.4	0.029156
50	-1.3	0.031713
50	-1.2	0.033085
50	-1.1	0.034492
50	-1	0.036111
50	-0.9	0.036855
50	-0.8	0.037768
50	-0.7	0.038275
50	-0.6	0.038411
50	-0.5	0.036962
50	-0.4	0.033778
50	-0.3	0.030352
50	-0.2	0.027023
50	-0.1	0.023344
50	0	0.0217
50	0.1	0.019301
50	0.2	0.018227
50	0.3	0.017425
50	0.4	0.016527
50	0.5	0.016573
50	0.6	0.018024
50	0.7	0.021535
50	0.8	0.027627
50	0.9	0.034836
50	1	0.042189
50	1.1	0.050508
50	1.2	0.055178
50	1.3	0.056444
50	1.4	0.055187
50	1.5	0.051058
50	1.6	0.045641
50	1.7	0.041253
50	1.8	0.036437
50	1.9	0.032432
50	2	0.030605
50	2.1	0.03017
50	2.2	0.030989
50	2.3	0.03213
50	2.4	0.032469
50	2.5	0.03247
50	2.6	0.031463
50	2.7	0.030435
50	2.8	0.028414
50	2.9	0.024242
50	3	0.021741
50	3.1	0.019277
50	3.2	0.018408
50	3.3	0.017935
50	3.4	0.017709
50	3.5	0.016335
50	3.6	0.015286
50	3.7	0.014535
50	3.8	0.012506
50	3.9	0.011444
50	4	0.008888
60	-4	0.0075166
60	-3.9	0.0074562
60	-3.8	0.0072896
60	-3.7	0.0068507
60	-3.6	0.0062409
60	-3.5	0.0064972
60	-3.4	0.0074214
60	-3.3	0.0090072
60	-3.2	0.010018
60	-3.1	0.010818
60	-3	0.010839
60	-2.9	0.010679
60	-2.8	0.011021
60	-2.7	0.011376
60	-2.6	0.012025
60	-2.5	0.013913
60	-2.4	0.015806
60	-2.3	0.016853
60	-2.2	0.017264
60	-2.1	0.017445
60	-2	0.01797
60	-1.9	0.01845
60	-1.8	0.018748
60	-1.7	0.020678
60	-1.6	0.02314
60	-1.5	0.02621
60	-1.4	0.030291
60	-1.3	0.033208
60	-1.2	0.03412
60	-1.1	0.034758
60	-1	0.035598
60	-0.9	0.037481
60	-0.8	0.038687
60	-0.7	0.039957
60	-0.6	0.040816
60	-0.5	0.040274
60	-0.4	0.037995
60	-0.3	0.034986
60	-0.2	0.031101
60	-0.1	0.027056
60	0	0.025186
60	0.1	0.02252
60	0.2	0.020713
60	0.3	0.019676
60	0.4	0.018409
60	0.5	0.016905
60	0.6	0.017563
60	0.7	0.01977
60	0.8	0.024743
60	0.9	0.031717
60	1	0.036552
60	1.1	0.042428
60	1.2	0.044741
60	1.3	0.046194
60	1.4	0.043201
60	1.5	0.038718
60	1.6	0.035285
60	1.7	0.029473
60	1.8	0.027135
60	1.9	0.023003
60	2	0.02099
60	2.1	0.020038
60	2.2	0.019163
60	2.3	0.019222
60	2.4	0.01964
60	2.5	0.020448
60	2.6	0.020468
60	2.7	0.020906
60	2.8	0.02077
60	2.9	0.019493
60	3	0.018067
60	3.1	0.015018
60	3.2	0.012272
60	3.3	0.011579
60	3.4	0.011294
60	3.5	0.010911
60	3.6	0.010626
60	3.7	0.0099614
60	3.8	0.0096348
60	3.9	0.0080603
60	4	0.0073095
70	-4	0.0076972
70	-3.9	0.0080743
70	-3.8	0.0080703
70	-3.7	0.0084518
70	-3.6	0.0071418
70	-3.5	0.0068578
70	-3.4	0.0072585
70	-3.3	0.0084384
70	-3.2	0.0096214
70	-3.1	0.010968
70	-3	0.011873
70	-2.9	0.011398
70	-2.8	0.011174
70	-2.7	0.011913
70	-2.6	0.012448
70	-2.5	0.013877
70	-2.4	0.016652
70	-2.3	0.018134
70	-2.2	0.018177
70	-2.1	0.017694
70	-2	0.018056
70	-1.9	0.018584
70	-1.8	0.020207
70	-1.7	0.022147
70	-1.6	0.02551
70	-1.5	0.028599
70	-1.4	0.031506
70	-1.3	0.032774
70	-1.2	0.033229
70	-1.1	0.033009
70	-1	0.032501
70	-0.9	0.033597
70	-0.8	0.036113
70	-0.7	0.039119
70	-0.6	0.040843
70	-0.5	0.042215
70	-0.4	0.042225
70	-0.3	0.039115
70	-0.2	0.035077
70	-0.1	0.029706
70	0	0.026116
70	0.1	0.022326
70	0.2	0.018896
70	0.3	0.017502
70	0.4	0.017353
70	0.5	0.017726
70	0.6	0.018241
70	0.7	0.019637
70	0.8	0.023572
70	0.9	0.029171
70	1	0.03354
70	1.1	0.03676
70	1.2	0.039256
70	1.3	0.041106
70	1.4	0.040148
70	1.5	0.037181
70	1.6	0.031655
70	1.7	0.028443
70	1.8	0.025161
70	1.9	0.022319
70	2	0.01944
70	2.1	0.018085
70	2.2	0.018249
70	2.3	0.017564
70	2.4	0.017555
70	2.5	0.017041
70	2.6	0.01627
70	2.7	0.015559
70	2.8	0.015865
70	2.9	0.016919
70	3	0.017306
70	3.1	0.015118
70	3.2	0.01338
70	3.3	0.011734
70	3.4	0.010911
70	3.5	0.0095861
70	3.6	0.0081242
70	3.7	0.0072362
70	3.8	0.0071259
70	3.9	0.0070804
70	4	0.0071259
80	-4	0.008227
80	-3.9	0.0081341
80	-3.8	0.0078469
80	-3.7	0.0073161
80	-3.6	0.0080523
80	-3.5	0.0083207
80	-3.4	0.0091408
80	-3.3	0.0091619
80	-3.2	0.0096281
80	-3.1	0.010034
80	-3	0.010415
80	-2.9	0.010074
80	-2.8	0.0097283
80	-2.7	0.010549
80	-2.6	0.0121
80	-2.5	0.012646
80	-2.4	0.013544
80	-2.3	0.014749
80	-2.2	0.016244
80	-2.1	0.017368
80	-2	0.019423
80	-1.9	0.020986
80	-1.8	0.02103
80	-1.7	0.020284
80	-1.6	0.020837
80	-1.5	0.02224
80	-1.4	0.025388
80	-1.3	0.028742
80	-1.2	0.032724
80	-1.1	0.034429
80	-1	0.035765
80	-0.9	0.037823
80	-0.8	0.040872
80	-0.7	0.042624
80	-0.6	0.043164
80	-0.5	0.043715
80	-0.4	0.043916
80	-0.3	0.042794
80	-0.2	0.038862
80	-0.1	0.035637
80	0	0.031418
80	0.1	0.025409
80	0.2	0.02204
80	0.3	0.016256
80	0.4	0.015305
80	0.5	0.014996
80	0.6	0.015465
80	0.7	0.017219
80	0.8	0.021738
80	0.9	0.026075
80	1	0.031218
80	1.1	0.034856
80	1.2	0.037583
80	1.3	0.038936
80	1.4	0.038577
80	1.5	0.035165
80	1.6	0.032388
80	1.7	0.027105
80	1.8	0.024189
80	1.9	0.021768
80	2	0.02042
80	2.1	0.018987
80	2.2	0.0186
80	2.3	0.017959
80	2.4	0.018552
80	2.5	0.018515
80	2.6	0.018672
80	2.7	0.017977
80	2.8	0.017134
80	2.9	0.01664
80	3	0.016697
80	3.1	0.014349
80	3.2	0.01211
80	3.3	0.010039
80	3.4	0.0090822
80	3.5	0.008888
80	3.6	0.0074865
80	3.7	0.0068223
80	3.8	0.0059274
80	3.9	0.0058174
80	4	0.0063002
90	-4	0.0068247
90	-3.9	0.0077098
90	-3.8	0.007789
90	-3.7	0.008012
90	-3.6	0.0071553
90	-3.5	0.0062019
90	-3.4	0.0066228
90	-3.3	0.0072138
90	-3.2	0.0083285
90	-3.1	0.010362
90	-3	0.01213
90	-2.9	0.012796
90	-2.8	0.012956
90	-2.7	0.011729
90	-2.6	0.011109
90	-2.5	0.012391
90	-2.4	0.015038
90	-2.3	0.017364
90	-2.2	0.020416
90	-2.1	0.021316
90	-2	0.020796
90	-1.9	0.019805
90	-1.8	0.018784
90	-1.7	0.019578
90	-1.6	0.021559
90	-1.5	0.024492
90	-1.4	0.029856
90	-1.3	0.032598
90	-1.2	0.036047
90	-1.1	0.03723
90	-1	0.03813
90	-0.9	0.038262
90	-0.8	0.039405
90	-0.7	0.039886
90	-0.6	0.041119
90	-0.5	0.043391
90	-0.4	0.044936
90	-0.3	0.046439
90	-0.2	0.045124
90	-0.1	0.042321
90	0	0.036175
90	0.1	0.030878
90	0.2	0.025029
90	0.3	0.020981
90	0.4	0.01852
90	0.5	0.017327
90	0.6	0.017413
90	0.7	0.017532
90	0.8	0.018243
90	0.9	0.019077
90	1	0.021796
90	1.1	0.024043
90	1.2	0.026213
90	1.3	0.029677
90	1.4	0.030334
90	1.5	0.029744
90	1.6	0.028206
90	1.7	0.025977
90	1.8	0.023419
90	1.9	0.02085
90	2	0.019345
90	2.1	0.01795
90	2.2	0.017355
90	2.3	0.017395
90	2.4	0.017455
90	2.5	0.018042
90	2.6	0.018493
90	2.7	0.018712
90	2.8	0.019229
90	2.9	0.018904
90	3	0.018342
90	3.1	0.016593
90	3.2	0.014882
90	3.3	0.013611
90	3.4	0.01348
90	3.5	0.012771
90	3.6	0.012158
90	3.7	0.01121
90	3.8	0.010053
90	3.9	0.0095995
90	4	0.008311
100	-4	0.0081738
100	-3.9	0.0069977
100	-3.8	0.0069071
100	-3.7	0.0078613
100	-3.6	0.0087413
100	-3.5	0.00973
100	-3.4	0.01054
100	-3.3	0.011225
100	-3.2	0.011907
100	-3.1	0.011571
100	-3	0.011348
100	-2.9	0.010835
100	-2.8	0.010748
100	-2.7	0.011055
100	-2.6	0.011726
100	-2.5	0.012981
100	-2.4	0.014891
100	-2.3	0.016195
100	-2.2	0.018137
100	-2.1	0.019106
100	-2	0.020294
100	-1.9	0.020048
100	-1.8	0.019384
100	-1.7	0.019048
100	-1.6	0.020285
100	-1.5	0.023152
100	-1.4	0.026072
100	-1.3	0.030891
100	-1.2	0.033516
100	-1.1	0.034874
100	-1	0.03544
100	-0.9	0.036424
100	-0.8	0.037486
100	-0.7	0.03843
100	-0.6	0.040092
100	-0.5	0.043556
100	-0.4	0.045918
100	-0.3	0.047389
100	-0.2	0.047701
100	-0.1	0.045912
100	0	0.043808
100	0.1	0.03784
100	0.2	0.033318
100	0.3	0.028589
100	0.4	0.025488
100	0.5	0.023036
100	0.6	0.021963
100	0.7	0.021512
100	0.8	0.021263
100	0.9	0.020484
100	1	0.020554
100	1.1	0.020447
100	1.2	0.020873
100	1.3	0.022874
100	1.4	0.024254
100	1.5	0.02476
100	1.6	0.025091
100	1.7	0.024207
100	1.8	0.022428
100	1.9	0.021011
100	2	0.018938
100	2.1	0.017746
100	2.2	0.017235
100	2.3	0.017567
100	2.4	0.017919
100	2.5	0.01862
100	2.6	0.019105
100	2.7	0.019903
100	2.8	0.020221
100	2.9	0.020735
100	3	0.020361
100	3.1	0.02064
100	3.2	0.020587
100	3.3	0.020043
100	3.4	0.019864
100	3.5	0.019329
100	3.6	0.018526
100	3.7	0.017978
100	3.8	0.016741
100	3.9	0.015883
100	4	0.015123
110	-4	0.0078449
110	-3.9	0.0075402
110	-3.8	0.0074994
110	-3.7	0.0081023
110	-3.6	0.009498
110	-3.5	0.010414
110	-3.4	0.010403
110	-3.3	0.010645
110	-3.2	0.011217
110	-3.1	0.011573
110	-3	0.011306
110	-2.9	0.010807
110	-2.8	0.011037
110	-2.7	0.011113
110	-2.6	0.011734
110	-2.5	0.014163
110	-2.4	0.01672
110	-2.3	0.019164
110	-2.2	0.020341
110	-2.1	0.021483
110	-2	0.020297
110	-1.9	0.0187
110	-1.8	0.016113
110	-1.7	0.016403
110	-1.6	0.019363
110	-1.5	0.022861
110	-1.4	0.027421
110	-1.3	0.031318
110	-1.2	0.032335
110	-1.1	0.032799
110	-1	0.032822
110	-0.9	0.033003
110	-0.8	0.033554
110	-0.7	0.035269
110	-0.6	0.037505
110	-0.5	0.040659
110	-0.4	0.044353
110	-0.3	0.046729
110	-0.2	0.047847
110	-0.1	0.04714
110	0	0.044671
110	0.1	0.040247
110	0.2	0.035572
110	0.3	0.031118
110	0.4	0.026691
110	0.5	0.023787
110	0.6	0.022212
110	0.7	0.022218
110	0.8	0.022291
110	0.9	0.022238
110	1	0.020654
110	1.1	0.020043
110	1.2	0.020467
110	1.3	0.021392
110	1.4	0.022975
110	1.5	0.024716
110	1.6	0.026839
110	1.7	0.02705
110	1.8	0.025647
110	1.9	0.023335
110	2	0.021181
110	2.1	0.018885
110	2.2	0.018366
110	2.3	0.018543
110	2.4	0.020047
110	2.5	0.020752
110	2.6	0.021586
110	2.7	0.022649
110	2.8	0.022958
110	2.9	0.023304
110	3	0.023629
110	3.1	0.024848
110	3.2	0.025884
110	3.3	0.02543
110	3.4	0.023015
110	3.5	0.021647
110	3.6	0.020316
110	3.7	0.019752
110	3.8	0.018987
110	3.9	0.018057
110	4	0.017522
120	-4	0.0094228
120	-3.9	0.0094519
120	-3.8	0.0099126
120	-3.7	0.010462
120	-3.6	0.010747
120	-3.5	0.010502
120	-3.4	0.0091036
120	-3.3	0.0084499
120	-3.2	0.0089856
120	-3.1	0.010057
120	-3	0.011423
120	-2.9	0.012462
120	-2.8	0.013601
120	-2.7	0.013701
120	-2.6	0.013177
120	-2.5	0.013807
120	-2.4	0.01445
120	-2.3	0.015367
120	-2.2	0.015911
120	-2.1	0.017731
120	-2	0.01849
120	-1.9	0.019141
120	-1.8	0.019664
120	-1.7	0.01953
120	-1.6	0.020521
120	-1.5	0.021414
120	-1.4	0.0247
120	-1.3	0.026983
120	-1.2	0.029588
120	-1.1	0.030768
120	-1	0.03224
120	-0.9	0.033007
120	-0.8	0.034782
120	-0.7	0.037519
120	-0.6	0.039919
120	-0.5	0.043179
120	-0.4	0.046362
120	-0.3	0.047567
120	-0.2	0.047188
120	-0.1	0.045527
120	0	0.041251
120	0.1	0.036624
120	0.2	0.029034
120	0.3	0.025339
120	0.4	0.021335
120	0.5	0.020158
120	0.6	0.019315
120	0.7	0.019561
120	0.8	0.020678
120	0.9	0.022985
120	1	0.025172
120	1.1	0.028563
120	1.2	0.032909
120	1.3	0.035356
120	1.4	0.036632
120	1.5	0.036601
120	1.6	0.034628
120	1.7	0.029695
120	1.8	0.026279
120	1.9	0.022301
120	2	0.020137
120	2.1	0.020002
120	2.2	0.02001
120	2.3	0.021236
120	2.4	0.021541
120	2.5	0.022212
120	2.6	0.022294
120	2.7	0.021973
120	2.8	0.021558
120	2.9	0.021323
120	3	0.020186
120	3.1	0.01862
120	3.2	0.017188
120	3.3	0.015444
120	3.4	0.012947
120	3.5	0.012013
120	3.6	0.011928
120	3.7	0.012237
120	3.8	0.01248
120	3.9	0.01145
120	4	0.010071
130	-4	0.00878
130	-3.9	0.0089315
130	-3.8	0.0088003
130	-3.7	0.0087856
130	-3.6	0.0077953
130	-3.5	0.0075744
130	-3.4	0.0081102
130	-3.3	0.008654
130	-3.2	0.0095878
130	-3.1	0.010738
130	-3	0.011697
130	-2.9	0.010974
130	-2.8	0.010633
130	-2.7	0.0104
130	-2.6	0.011358
130	-2.5	0.01401
130	-2.4	0.016243
130	-2.3	0.01819
130	-2.2	0.019261
130	-2.1	0.018911
130	-2	0.017793
130	-1.9	0.01635
130	-1.8	0.01636
130	-1.7	0.017639
130	-1.6	0.01958
130	-1.5	0.022635
130	-1.4	0.026426
130	-1.3	0.029314
130	-1.2	0.031293
130	-1.1	0.032612
130	-1	0.032459
130	-0.9	0.032831
130	-0.8	0.035023
130	-0.7	0.036811
130	-0.6	0.039242
130	-0.5	0.041521
130	-0.4	0.044768
130	-0.3	0.045809
130	-0.2	0.04528
130	-0.1	0.042872
130	0	0.039342
130	0.1	0.033891
130	0.2	0.028819
130	0.3	0.024782
130	0.4	0.021578
130	0.5	0.020487
130	0.6	0.020685
130	0.7	0.021386
130	0.8	0.022713
130	0.9	0.025558
130	1	0.028057
130	1.1	0.031517
130	1.2	0.033558
130	1.3	0.034939
130	1.4	0.036309
130	1.5	0.035954
130	1.6	0.032997
130	1.7	0.029262
130	1.8	0.026781
130	1.9	0.024123
130	2	0.022449
130	2.1	0.020477
130	2.2	0.019566
130	2.3	0.018828
130	2.4	0.019072
130	2.5	0.019682
130	2.6	0.020328
130	2.7	0.020121
130	2.8	0.019078
130	2.9	0.017989
130	3	0.017239
130	3.1	0.015865
130	3.2	0.014098
130	3.3	0.012275
130	3.4	0.011488
130	3.5	0.011087
130	3.6	0.010713
130	3.7	0.0095844
130	3.8	0.0070941
130	3.9	0.0062071
130	4	0.0055267
140	-4	0.0095692
140	-3.9	0.0095099
140	-3.8	0.0093816
140	-3.7	0.0079513
140	-3.6	0.007617
140	-3.5	0.0069607
140	-3.4	0.0074432
140	-3.3	0.0090323
140	-3.2	0.010203
140	-3.1	0.012095
140	-3	0.012868
140	-2.9	0.013213
140	-2.8	0.012264
140	-2.7	0.010651
140	-2.6	0.0099922
140	-2.5	0.010798
140	-2.4	0.012603
140	-2.3	0.015295
140	-2.2	0.017434
140	-2.1	0.019607
140	-2	0.020672
140	-1.9	0.022282
140	-1.8	0.02121
140	-1.7	0.019151
140	-1.6	0.019096
140	-1.5	0.020749
140	-1.4	0.024167
140	-1.3	0.027888
140	-1.2	0.030355
140	-1.1	0.032329
140	-1	0.032333
140	-0.9	0.032005
140	-0.8	0.03281
140	-0.7	0.035298
140	-0.6	0.036732
140	-0.5	0.039818
140	-0.4	0.042797
140	-0.3	0.045307
140	-0.2	0.045451
140	-0.1	0.042731
140	0	0.039076
140	0.1	0.035459
140	0.2	0.029543
140	0.3	0.024347
140	0.4	0.020588
140	0.5	0.01957
140	0.6	0.019992
140	0.7	0.020257
140	0.8	0.021347
140	0.9	0.027065
140	1	0.029891
140	1.1	0.036
140	1.2	0.038377
140	1.3	0.041432
140	1.4	0.043254
140	1.5	0.042198
140	1.6	0.039477
140	1.7	0.034334
140	1.8	0.032095
140	1.9	0.028513
140	2	0.026589
140	2.1	0.023996
140	2.2	0.021737
140	2.3	0.020606
140	2.4	0.02027
140	2.5	0.019936
140	2.6	0.019542
140	2.7	0.019669
140	2.8	0.018961
140	2.9	0.018961
140	3	0.018933
140	3.1	0.018168
140	3.2	0.016373
140	3.3	0.014392
140	3.4	0.013263
140	3.5	0.013111
140	3.6	0.012914
140	3.7	0.011091
140	3.8	0.010127
140	3.9	0.0095218
140	4	0.0088989
150	-4	0.0085714
150	-3.9	0.0092217
150	-3.8	0.0098176
150	-3.7	0.010176
150	-3.6	0.010227
150	-3.5	0.0094074
150	-3.4	0.0091725
150	-3.3	0.0089586
150	-3.2	0.00968
150	-3.1	0.010431
150	-3	0.011825
150	-2.9	0.012933
150	-2.8	0.013315
150	-2.7	0.012584
150	-2.6	0.012009
150	-2.5	0.012254
150	-2.4	0.012886
150	-2.3	0.014633
150	-2.2	0.017442
150	-2.1	0.01868
150	-2	0.02027
150	-1.9	0.02094
150	-1.8	0.021126
150	-1.7	0.020788
150	-1.6	0.021321
150	-1.5	0.022584
150	-1.4	0.02478
150	-1.3	0.027084
150	-1.2	0.029849
150	-1.1	0.031158
150	-1	0.031878
150	-0.9	0.032649
150	-0.8	0.034322
150	-0.7	0.03651
150	-0.6	0.038355
150	-0.5	0.040019
150	-0.4	0.041725
150	-0.3	0.041686
150	-0.2	0.040112
150	-0.1	0.037566
150	0	0.03344
150	0.1	0.029027
150	0.2	0.024521
150	0.3	0.020789
150	0.4	0.019768
150	0.5	0.020115
150	0.6	0.020335
150	0.7	0.021703
150	0.8	0.026508
150	0.9	0.029648
150	1	0.036892
150	1.1	0.040335
150	1.2	0.044371
150	1.3	0.048395
150	1.4	0.049362
150	1.5	0.048377
150	1.6	0.044086
150	1.7	0.03989
150	1.8	0.036709
150	1.9	0.032103
150	2	0.028522
150	2.1	0.026376
150	2.2	0.02595
150	2.3	0.025986
150	2.4	0.025844
150	2.5	0.02555
150	2.6	0.024742
150	2.7	0.023691
150	2.8	0.022759
150	2.9	0.022182
150	3	0.021632
150	3.1	0.02111
150	3.2	0.019295
150	3.3	0.017903
150	3.4	0.016945
150	3.5	0.01523
150	3.6	0.013679
150	3.7	0.011644
150	3.8	0.010715
150	3.9	0.010689
150	4	0.0098373
160	-4	0.0072518
160	-3.9	0.0079695
160	-3.8	0.0090448
160	-3.7	0.010508
160	-3.6	0.010945
160	-3.5	0.010856
160	-3.4	0.010379
160	-3.3	0.0091514
160	-3.2	0.0080523
160	-3.1	0.0075702
160	-3	0.0087172
160	-2.9	0.010186
160	-2.8	0.011263
160	-2.7	0.013447
160	-2.6	0.013629
160	-2.5	0.014008
160	-2.4	0.014605
160	-2.3	0.015035
160	-2.2	0.015892
160	-2.1	0.017789
160	-2	0.019664
160	-1.9	0.02066
160	-1.8	0.02119
160	-1.7	0.021052
160	-1.6	0.020791
160	-1.5	0.021844
160	-1.4	0.025336
160	-1.3	0.027703
160	-1.2	0.031096
160	-1.1	0.031725
160	-1	0.032793
160	-0.9	0.03315
160	-0.8	0.034195
160	-0.7	0.035391
160	-0.6	0.038533
160	-0.5	0.040798
160	-0.4	0.042796
160	-0.3	0.042913
160	-0.2	0.040437
160	-0.1	0.037874
160	0	0.03321
160	0.1	0.026502
160	0.2	0.021423
160	0.3	0.019348
160	0.4	0.018723
160	0.5	0.018686
160	0.6	0.019848
160	0.7	0.021461
160	0.8	0.025022
160	0.9	0.032219
160	1	0.037684
160	1.1	0.046152
160	1.2	0.049901
160	1.3	0.054035
160	1.4	0.055703
160	1.5	0.054412
160	1.6	0.051665
160	1.7	0.047578
160	1.8	0.043157
160	1.9	0.038283
160	2	0.034808
160	2.1	0.032418
160	2.2	0.03065
160	2.3	0.028643
160	2.4	0.027927
160	2.5	0.02707
160	2.6	0.026893
160	2.7	0.026784
160	2.8	0.026614
160	2.9	0.025733
160	3	0.022849
160	3.1	0.02076
160	3.2	0.01821
160	3.3	0.015677
160	3.4	0.014475
160	3.5	0.013807
160	3.6	0.013468
160	3.7	0.012822
160	3.8	0.012179
160	3.9	0.010875
160	4	0.0092689
170	-4	0.0086689
170	-3.9	0.0093799
170	-3.8	0.0096197
170	-3.7	0.0089568
170	-3.6	0.0078572
170	-3.5	0.0072896
170	-3.4	0.0078982
170	-3.3	0.009581
170	-3.2	0.011545
170	-3.1	0.0128
170	-3	0.012879
170	-2.9	0.012917
170	-2.8	0.01193
170	-2.7	0.011561
170	-2.6	0.012382
170	-2.5	0.014658
170	-2.4	0.016435
170	-2.3	0.01829
170	-2.2	0.018946
170	-2.1	0.019001
170	-2	0.019143
170	-1.9	0.019353
170	-1.8	0.019894
170	-1.7	0.021702
170	-1.6	0.023803
170	-1.5	0.02568
170	-1.4	0.02701
170	-1.3	0.029311
170	-1.2	0.030152
170	-1.1	0.031067
170	-1	0.032521
170	-0.9	0.034364
170	-0.8	0.035884
170	-0.7	0.037102
170	-0.6	0.039153
170	-0.5	0.039796
170	-0.4	0.038914
170	-0.3	0.03676
170	-0.2	0.034056
170	-0.1	0.030853
170	0	0.028046
170	0.1	0.02509
170	0.2	0.024076
170	0.3	0.02363
170	0.4	0.023462
170	0.5	0.023822
170	0.6	0.024619
170	0.7	0.026314
170	0.8	0.029379
170	0.9	0.03418
170	1	0.041125
170	1.1	0.046207
170	1.2	0.051251
170	1.3	0.055611
170	1.4	0.056413
170	1.5	0.055627
170	1.6	0.053381
170	1.7	0.05054
170	1.8	0.046142
170	1.9	0.041731
170	2	0.037691
170	2.1	0.035738
170	2.2	0.034391
170	2.3	0.033274
170	2.4	0.03197
170	2.5	0.031653
170	2.6	0.03211
170	2.7	0.032232
170	2.8	0.03117
170	2.9	0.029889
170	3	0.027351
170	3.1	0.025179
170	3.2	0.023346
170	3.3	0.020482
170	3.4	0.019624
170	3.5	0.0184
170	3.6	0.018178
170	3.7	0.017895
170	3.8	0.017263
170	3.9	0.01536
170	4	0.012972
180	-4	0.009469
180	-3.9	0.0083013
180	-3.8	0.0073996
180	-3.7	0.0064547
180	-3.6	0.0065442
180	-3.5	0.0074083
180	-3.4	0.0083981
180	-3.3	0.0095404
180	-3.2	0.010587
180	-3.1	0.011266
180	-3	0.011238
180	-2.9	0.010694
180	-2.8	0.010613
180	-2.7	0.010811
180	-2.6	0.011084
180	-2.5	0.013135
180	-2.4	0.015644
180	-2.3	0.017467
180	-2.2	0.019232
180	-2.1	0.019648
180	-2	0.020602
180	-1.9	0.02108
180	-1.8	0.02158
180	-1.7	0.022629
180	-1.6	0.023335
180	-1.5	0.024311
180	-1.4	0.026948
180	-1.3	0.029624
180	-1.2	0.031999
180	-1.1	0.033905
180	-1	0.035765
180	-0.9	0.036162
180	-0.8	0.035716
180	-0.7	0.034887
180	-0.6	0.035251
180	-0.5	0.0356
180	-0.4	0.036656
180	-0.3	0.037171
180	-0.2	0.036643
180	-0.1	0.034797
180	0	0.031719
180	0.1	0.02833
180	0.2	0.025276
180	0.3	0.023417
180	0.4	0.022347
180	0.5	0.022584
180	0.6	0.023898
180	0.7	0.02511
180	0.8	0.027497
180	0.9	0.031561
180	1	0.037747
180	1.1	0.04599
180	1.2	0.052332
180	1.3	0.056386
180	1.4	0.060516
180	1.5	0.061665
180	1.6	0.061134
180	1.7	0.058403
180	1.8	0.054362
180	1.9	0.049806
180	2	0.04537
180	2.1	0.042195
180	2.2	0.040055
180	2.3	0.038052
180	2.4	0.036853
180	2.5	0.036414
180	2.6	0.036444
180	2.7	0.035952
180	2.8	0.035555
180	2.9	0.033645
180	3	0.032382
180	3.1	0.031043
180	3.2	0.027792
180	3.3	0.025756
180	3.4	0.023364
180	3.5	0.021142
180	3.6	0.0202
180	3.7	0.019882
180	3.8	0.018827
180	3.9	0.017377
180	4	0.014886
 
Uniformity time =70.35 sec
 
Uniformity Ratio =0.51353
