05-Oct-2018
11:25
TXR  009260 RM495 R24
33511B Function Generator
SN =Agilent Technologies,33511B,MY52301476,3.05-1.19-2.00-52-00
freq =+8.990000000000000E+06
burstmode =TRIG
burstN =+6.000000000000000E+01
voltage =+1.5000000000000E-01
 
DSO-X 2022A Oscilloscope
SN =AGILENT TECHNOLOGIES,DSO-X 2022A,MY54310921,02.41.2015102200
probe =+1.0000000E+00
scale =+500.0E-09
position =+19.900000E-06
range =+1.60E+00
units =VOLT
points =+2000
pointmode =NORM
format =BYTE
acqtype =NORM
trigsource =EXT
coupling =AC
 
-180	-4	0.0093816
-180	-3.9	0.010667
-180	-3.8	0.011703
-180	-3.7	0.01184
-180	-3.6	0.0109
-180	-3.5	0.0091972
-180	-3.4	0.0080241
-180	-3.3	0.0076762
-180	-3.2	0.008373
-180	-3.1	0.0097383
-180	-3	0.010736
-180	-2.9	0.010034
-180	-2.8	0.0099598
-180	-2.7	0.01102
-180	-2.6	0.015032
-180	-2.5	0.019754
-180	-2.4	0.023706
-180	-2.3	0.028093
-180	-2.2	0.031862
-180	-2.1	0.034473
-180	-2	0.036604
-180	-1.9	0.037961
-180	-1.8	0.038462
-180	-1.7	0.038016
-180	-1.6	0.038081
-180	-1.5	0.037075
-180	-1.4	0.034007
-180	-1.3	0.029929
-180	-1.2	0.026121
-180	-1.1	0.023065
-180	-1	0.026389
-180	-0.9	0.033123
-180	-0.8	0.042956
-180	-0.7	0.052602
-180	-0.6	0.05703
-180	-0.5	0.059242
-180	-0.4	0.055029
-180	-0.3	0.049149
-180	-0.2	0.042063
-180	-0.1	0.034163
-180	0	0.027315
-180	0.1	0.021907
-180	0.2	0.018139
-180	0.3	0.017069
-180	0.4	0.017116
-180	0.5	0.017976
-180	0.6	0.020728
-180	0.7	0.025714
-180	0.8	0.029612
-180	0.9	0.035688
-180	1	0.040676
-180	1.1	0.043841
-180	1.2	0.045282
-180	1.3	0.045255
-180	1.4	0.043588
-180	1.5	0.042712
-180	1.6	0.040388
-180	1.7	0.037219
-180	1.8	0.032768
-180	1.9	0.029886
-180	2	0.026522
-180	2.1	0.02489
-180	2.2	0.023829
-180	2.3	0.024055
-180	2.4	0.025475
-180	2.5	0.025545
-180	2.6	0.023903
-180	2.7	0.021786
-180	2.8	0.019496
-180	2.9	0.017106
-180	3	0.015163
-180	3.1	0.014585
-180	3.2	0.01387
-180	3.3	0.013598
-180	3.4	0.013249
-180	3.5	0.011714
-180	3.6	0.0092654
-180	3.7	0.0071981
-180	3.8	0.0073887
-180	3.9	0.0074821
-180	4	0.0090341
-170	-4	0.012658
-170	-3.9	0.012835
-170	-3.8	0.012799
-170	-3.7	0.012345
-170	-3.6	0.011619
-170	-3.5	0.01023
-170	-3.4	0.0090733
-170	-3.3	0.0089351
-170	-3.2	0.010528
-170	-3.1	0.011084
-170	-3	0.011844
-170	-2.9	0.011864
-170	-2.8	0.012933
-170	-2.7	0.014965
-170	-2.6	0.018591
-170	-2.5	0.022026
-170	-2.4	0.025931
-170	-2.3	0.030311
-170	-2.2	0.034764
-170	-2.1	0.03683
-170	-2	0.039342
-170	-1.9	0.040306
-170	-1.8	0.039515
-170	-1.7	0.038021
-170	-1.6	0.036177
-170	-1.5	0.032678
-170	-1.4	0.028626
-170	-1.3	0.025268
-170	-1.2	0.021091
-170	-1.1	0.022105
-170	-1	0.028015
-170	-0.9	0.036472
-170	-0.8	0.04505
-170	-0.7	0.051638
-170	-0.6	0.05445
-170	-0.5	0.053908
-170	-0.4	0.050843
-170	-0.3	0.045246
-170	-0.2	0.038692
-170	-0.1	0.03201
-170	0	0.024363
-170	0.1	0.020017
-170	0.2	0.017666
-170	0.3	0.016826
-170	0.4	0.017765
-170	0.5	0.01998
-170	0.6	0.02215
-170	0.7	0.02543
-170	0.8	0.031052
-170	0.9	0.034006
-170	1	0.038146
-170	1.1	0.04199
-170	1.2	0.044042
-170	1.3	0.044605
-170	1.4	0.044427
-170	1.5	0.042476
-170	1.6	0.038443
-170	1.7	0.033787
-170	1.8	0.028603
-170	1.9	0.026142
-170	2	0.024337
-170	2.1	0.024189
-170	2.2	0.025256
-170	2.3	0.02698
-170	2.4	0.026899
-170	2.5	0.02517
-170	2.6	0.022731
-170	2.7	0.019069
-170	2.8	0.0172
-170	2.9	0.015184
-170	3	0.013992
-170	3.1	0.013635
-170	3.2	0.01342
-170	3.3	0.012746
-170	3.4	0.011704
-170	3.5	0.010036
-170	3.6	0.0082348
-170	3.7	0.0074778
-170	3.8	0.006886
-170	3.9	0.0077391
-170	4	0.0075723
-160	-4	0.010741
-160	-3.9	0.01089
-160	-3.8	0.010511
-160	-3.7	0.0094554
-160	-3.6	0.0088479
-160	-3.5	0.0079228
-160	-3.4	0.007714
-160	-3.3	0.0082564
-160	-3.2	0.0081401
-160	-3.1	0.0082289
-160	-3	0.0087524
-160	-2.9	0.009989
-160	-2.8	0.013563
-160	-2.7	0.017077
-160	-2.6	0.02139
-160	-2.5	0.025011
-160	-2.4	0.027253
-160	-2.3	0.030001
-160	-2.2	0.032573
-160	-2.1	0.034452
-160	-2	0.036215
-160	-1.9	0.038091
-160	-1.8	0.039798
-160	-1.7	0.040495
-160	-1.6	0.039966
-160	-1.5	0.036908
-160	-1.4	0.031431
-160	-1.3	0.025515
-160	-1.2	0.022474
-160	-1.1	0.02606
-160	-1	0.034245
-160	-0.9	0.044666
-160	-0.8	0.054034
-160	-0.7	0.058617
-160	-0.6	0.059832
-160	-0.5	0.055964
-160	-0.4	0.049963
-160	-0.3	0.040127
-160	-0.2	0.033245
-160	-0.1	0.024941
-160	0	0.019276
-160	0.1	0.016202
-160	0.2	0.015901
-160	0.3	0.016634
-160	0.4	0.018502
-160	0.5	0.021346
-160	0.6	0.025432
-160	0.7	0.030247
-160	0.8	0.036257
-160	0.9	0.039352
-160	1	0.042253
-160	1.1	0.043995
-160	1.2	0.043755
-160	1.3	0.043361
-160	1.4	0.042226
-160	1.5	0.03879
-160	1.6	0.0362
-160	1.7	0.03255
-160	1.8	0.02892
-160	1.9	0.025599
-160	2	0.023209
-160	2.1	0.023103
-160	2.2	0.024523
-160	2.3	0.025877
-160	2.4	0.026762
-160	2.5	0.025992
-160	2.6	0.024094
-160	2.7	0.022139
-160	2.8	0.019331
-160	2.9	0.016929
-160	3	0.015713
-160	3.1	0.015352
-160	3.2	0.014623
-160	3.3	0.013907
-160	3.4	0.01205
-160	3.5	0.0099695
-160	3.6	0.0090537
-160	3.7	0.0086912
-160	3.8	0.0090358
-160	3.9	0.0091443
-160	4	0.0090036
-150	-4	0.0091567
-150	-3.9	0.0099452
-150	-3.8	0.01029
-150	-3.7	0.0097084
-150	-3.6	0.0089333
-150	-3.5	0.0083595
-150	-3.4	0.0081955
-150	-3.3	0.0090412
-150	-3.2	0.0084384
-150	-3.1	0.0084632
-150	-3	0.00711
-150	-2.9	0.0089315
-150	-2.8	0.013338
-150	-2.7	0.017832
-150	-2.6	0.02252
-150	-2.5	0.02693
-150	-2.4	0.029154
-150	-2.3	0.031469
-150	-2.2	0.033441
-150	-2.1	0.035688
-150	-2	0.038027
-150	-1.9	0.039717
-150	-1.8	0.040211
-150	-1.7	0.039586
-150	-1.6	0.037529
-150	-1.5	0.03106
-150	-1.4	0.027044
-150	-1.3	0.022742
-150	-1.2	0.023111
-150	-1.1	0.030722
-150	-1	0.038367
-150	-0.9	0.046672
-150	-0.8	0.05261
-150	-0.7	0.055513
-150	-0.6	0.054709
-150	-0.5	0.050021
-150	-0.4	0.043377
-150	-0.3	0.037038
-150	-0.2	0.029801
-150	-0.1	0.023205
-150	0	0.018989
-150	0.1	0.017389
-150	0.2	0.017364
-150	0.3	0.017792
-150	0.4	0.01872
-150	0.5	0.021535
-150	0.6	0.024468
-150	0.7	0.028088
-150	0.8	0.032361
-150	0.9	0.036536
-150	1	0.040807
-150	1.1	0.043026
-150	1.2	0.044126
-150	1.3	0.044206
-150	1.4	0.042267
-150	1.5	0.038294
-150	1.6	0.034396
-150	1.7	0.02962
-150	1.8	0.027651
-150	1.9	0.026163
-150	2	0.02662
-150	2.1	0.027711
-150	2.2	0.029197
-150	2.3	0.029759
-150	2.4	0.027535
-150	2.5	0.025448
-150	2.6	0.022211
-150	2.7	0.019735
-150	2.8	0.018387
-150	2.9	0.017572
-150	3	0.016984
-150	3.1	0.01558
-150	3.2	0.013701
-150	3.3	0.012544
-150	3.4	0.010586
-150	3.5	0.0089116
-150	3.6	0.0079756
-150	3.7	0.008227
-150	3.8	0.0090412
-150	3.9	0.0091248
-150	4	0.0086931
-140	-4	0.0093263
-140	-3.9	0.009554
-140	-3.8	0.0090072
-140	-3.7	0.0078118
-140	-3.6	0.0065959
-140	-3.5	0.0062435
-140	-3.4	0.0069024
-140	-3.3	0.0069792
-140	-3.2	0.0068365
-140	-3.1	0.0065541
-140	-3	0.0065517
-140	-2.9	0.0094963
-140	-2.8	0.014454
-140	-2.7	0.018107
-140	-2.6	0.022221
-140	-2.5	0.025409
-140	-2.4	0.026772
-140	-2.3	0.028065
-140	-2.2	0.028564
-140	-2.1	0.029872
-140	-2	0.030828
-140	-1.9	0.03341
-140	-1.8	0.035495
-140	-1.7	0.037473
-140	-1.6	0.036021
-140	-1.5	0.032608
-140	-1.4	0.026103
-140	-1.3	0.020282
-140	-1.2	0.021047
-140	-1.1	0.027305
-140	-1	0.039934
-140	-0.9	0.050114
-140	-0.8	0.058432
-140	-0.7	0.062009
-140	-0.6	0.059925
-140	-0.5	0.050875
-140	-0.4	0.042434
-140	-0.3	0.029134
-140	-0.2	0.022533
-140	-0.1	0.015231
-140	0	0.013565
-140	0.1	0.014748
-140	0.2	0.014872
-140	0.3	0.015775
-140	0.4	0.018407
-140	0.5	0.023946
-140	0.6	0.031607
-140	0.7	0.038092
-140	0.8	0.041477
-140	0.9	0.044178
-140	1	0.044604
-140	1.1	0.042822
-140	1.2	0.039279
-140	1.3	0.036681
-140	1.4	0.034762
-140	1.5	0.03112
-140	1.6	0.028129
-140	1.7	0.026467
-140	1.8	0.024982
-140	1.9	0.022927
-140	2	0.021901
-140	2.1	0.021104
-140	2.2	0.020678
-140	2.3	0.020305
-140	2.4	0.019618
-140	2.5	0.018488
-140	2.6	0.017331
-140	2.7	0.016425
-140	2.8	0.015482
-140	2.9	0.015061
-140	3	0.014341
-140	3.1	0.013733
-140	3.2	0.012581
-140	3.3	0.010641
-140	3.4	0.0087708
-140	3.5	0.0071531
-140	3.6	0.0064472
-140	3.7	0.0070827
-140	3.8	0.0077453
-140	3.9	0.008272
-140	4	0.007294
-130	-4	0.0087042
-130	-3.9	0.0092602
-130	-3.8	0.0095878
-130	-3.7	0.0091778
-130	-3.6	0.0083537
-130	-3.5	0.0073404
-130	-3.4	0.0071621
-130	-3.3	0.0067389
-130	-3.2	0.0069954
-130	-3.1	0.0065145
-130	-3	0.0076993
-130	-2.9	0.0088952
-130	-2.8	0.011628
-130	-2.7	0.015376
-130	-2.6	0.020114
-130	-2.5	0.023317
-130	-2.4	0.026406
-130	-2.3	0.029352
-130	-2.2	0.031692
-130	-2.1	0.034125
-130	-2	0.036037
-130	-1.9	0.036913
-130	-1.8	0.036819
-130	-1.7	0.036022
-130	-1.6	0.033281
-130	-1.5	0.02834
-130	-1.4	0.024835
-130	-1.3	0.023977
-130	-1.2	0.028015
-130	-1.1	0.036118
-130	-1	0.044392
-130	-0.9	0.051972
-130	-0.8	0.056419
-130	-0.7	0.0567
-130	-0.6	0.052687
-130	-0.5	0.046584
-130	-0.4	0.039814
-130	-0.3	0.032068
-130	-0.2	0.024047
-130	-0.1	0.01835
-130	0	0.016144
-130	0.1	0.014807
-130	0.2	0.014498
-130	0.3	0.014872
-130	0.4	0.017213
-130	0.5	0.022438
-130	0.6	0.028832
-130	0.7	0.034994
-130	0.8	0.039134
-130	0.9	0.041365
-130	1	0.04261
-130	1.1	0.041355
-130	1.2	0.038912
-130	1.3	0.036031
-130	1.4	0.033779
-130	1.5	0.031572
-130	1.6	0.029433
-130	1.7	0.028321
-130	1.8	0.027056
-130	1.9	0.025936
-130	2	0.02429
-130	2.1	0.022975
-130	2.2	0.022827
-130	2.3	0.022505
-130	2.4	0.022663
-130	2.5	0.021837
-130	2.6	0.021102
-130	2.7	0.019643
-130	2.8	0.017714
-130	2.9	0.016001
-130	3	0.013346
-130	3.1	0.010653
-130	3.2	0.0085487
-130	3.3	0.0075659
-130	3.4	0.006963
-130	3.5	0.0072496
-130	3.6	0.00748
-130	3.7	0.0071259
-130	3.8	0.007693
-130	3.9	0.0079776
-130	4	0.0071009
-120	-4	0.010229
-120	-3.9	0.010748
-120	-3.8	0.010499
-120	-3.7	0.0097929
-120	-3.6	0.0089098
-120	-3.5	0.007007
-120	-3.4	0.0073734
-120	-3.3	0.0071485
-120	-3.2	0.007583
-120	-3.1	0.006698
-120	-3	0.0066859
-120	-2.9	0.0085146
-120	-2.8	0.011647
-120	-2.7	0.015071
-120	-2.6	0.018877
-120	-2.5	0.02132
-120	-2.4	0.024942
-120	-2.3	0.027276
-120	-2.2	0.029435
-120	-2.1	0.032028
-120	-2	0.034141
-120	-1.9	0.035571
-120	-1.8	0.036428
-120	-1.7	0.035273
-120	-1.6	0.032131
-120	-1.5	0.027045
-120	-1.4	0.02152
-120	-1.3	0.02224
-120	-1.2	0.028697
-120	-1.1	0.038176
-120	-1	0.046342
-120	-0.9	0.05326
-120	-0.8	0.05667
-120	-0.7	0.055823
-120	-0.6	0.051039
-120	-0.5	0.0432
-120	-0.4	0.032761
-120	-0.3	0.024118
-120	-0.2	0.019026
-120	-0.1	0.014456
-120	0	0.013455
-120	0.1	0.014435
-120	0.2	0.015074
-120	0.3	0.017579
-120	0.4	0.020476
-120	0.5	0.026309
-120	0.6	0.031809
-120	0.7	0.034658
-120	0.8	0.037826
-120	0.9	0.04024
-120	1	0.040536
-120	1.1	0.039002
-120	1.2	0.036751
-120	1.3	0.03467
-120	1.4	0.031553
-120	1.5	0.028311
-120	1.6	0.024852
-120	1.7	0.022539
-120	1.8	0.020742
-120	1.9	0.020782
-120	2	0.021296
-120	2.1	0.021847
-120	2.2	0.022967
-120	2.3	0.022815
-120	2.4	0.021678
-120	2.5	0.020084
-120	2.6	0.017108
-120	2.7	0.015368
-120	2.8	0.013127
-120	2.9	0.012436
-120	3	0.012063
-120	3.1	0.011472
-120	3.2	0.010686
-120	3.3	0.0092024
-120	3.4	0.0082544
-120	3.5	0.0070621
-120	3.6	0.0073338
-120	3.7	0.0076191
-120	3.8	0.007653
-120	3.9	0.0076593
-120	4	0.0074366
-110	-4	0.0085657
-110	-3.9	0.0094142
-110	-3.8	0.0097813
-110	-3.7	0.0092863
-110	-3.6	0.0086409
-110	-3.5	0.007467
-110	-3.4	0.0068648
-110	-3.3	0.0063078
-110	-3.2	0.0062693
-110	-3.1	0.0069468
-110	-3	0.0081222
-110	-2.9	0.011296
-110	-2.8	0.01313
-110	-2.7	0.016174
-110	-2.6	0.019988
-110	-2.5	0.023292
-110	-2.4	0.026734
-110	-2.3	0.029809
-110	-2.2	0.032224
-110	-2.1	0.034007
-110	-2	0.034755
-110	-1.9	0.034916
-110	-1.8	0.03487
-110	-1.7	0.033173
-110	-1.6	0.030074
-110	-1.5	0.0262
-110	-1.4	0.023734
-110	-1.3	0.024991
-110	-1.2	0.031936
-110	-1.1	0.041194
-110	-1	0.050323
-110	-0.9	0.054308
-110	-0.8	0.056084
-110	-0.7	0.053938
-110	-0.6	0.047885
-110	-0.5	0.041282
-110	-0.4	0.031741
-110	-0.3	0.02361
-110	-0.2	0.018052
-110	-0.1	0.014655
-110	0	0.014389
-110	0.1	0.014549
-110	0.2	0.015968
-110	0.3	0.018122
-110	0.4	0.02354
-110	0.5	0.028163
-110	0.6	0.03451
-110	0.7	0.038585
-110	0.8	0.042693
-110	0.9	0.043343
-110	1	0.042654
-110	1.1	0.039777
-110	1.2	0.036449
-110	1.3	0.032712
-110	1.4	0.029429
-110	1.5	0.026494
-110	1.6	0.024504
-110	1.7	0.023003
-110	1.8	0.022019
-110	1.9	0.020744
-110	2	0.020301
-110	2.1	0.020301
-110	2.2	0.020705
-110	2.3	0.020945
-110	2.4	0.020408
-110	2.5	0.019282
-110	2.6	0.017567
-110	2.7	0.015895
-110	2.8	0.013342
-110	2.9	0.011765
-110	3	0.010635
-110	3.1	0.010888
-110	3.2	0.010232
-110	3.3	0.010079
-110	3.4	0.0091461
-110	3.5	0.0086147
-110	3.6	0.0070895
-110	3.7	0.0067891
-110	3.8	0.0057811
-110	3.9	0.0059274
-110	4	0.0061496
-100	-4	0.010126
-100	-3.9	0.0094741
-100	-3.8	0.0086484
-100	-3.7	0.00801
-100	-3.6	0.0078015
-100	-3.5	0.0080643
-100	-3.4	0.0077828
-100	-3.3	0.007069
-100	-3.2	0.0067939
-100	-3.1	0.0073492
-100	-3	0.0089478
-100	-2.9	0.012324
-100	-2.8	0.016045
-100	-2.7	0.018327
-100	-2.6	0.02058
-100	-2.5	0.02292
-100	-2.4	0.025734
-100	-2.3	0.029088
-100	-2.2	0.032351
-100	-2.1	0.034675
-100	-2	0.035501
-100	-1.9	0.035303
-100	-1.8	0.033595
-100	-1.7	0.031272
-100	-1.6	0.027266
-100	-1.5	0.024439
-100	-1.4	0.024109
-100	-1.3	0.029124
-100	-1.2	0.037438
-100	-1.1	0.0447
-100	-1	0.051771
-100	-0.9	0.055476
-100	-0.8	0.054931
-100	-0.7	0.051207
-100	-0.6	0.044836
-100	-0.5	0.03628
-100	-0.4	0.029723
-100	-0.3	0.021167
-100	-0.2	0.016511
-100	-0.1	0.014173
-100	0	0.013967
-100	0.1	0.014196
-100	0.2	0.015491
-100	0.3	0.018947
-100	0.4	0.023415
-100	0.5	0.02896
-100	0.6	0.034007
-100	0.7	0.038686
-100	0.8	0.041067
-100	0.9	0.0413
-100	1	0.040243
-100	1.1	0.038368
-100	1.2	0.035135
-100	1.3	0.03255
-100	1.4	0.030287
-100	1.5	0.027949
-100	1.6	0.026091
-100	1.7	0.024394
-100	1.8	0.023127
-100	1.9	0.02261
-100	2	0.022531
-100	2.1	0.02313
-100	2.2	0.023474
-100	2.3	0.023048
-100	2.4	0.021669
-100	2.5	0.019703
-100	2.6	0.01733
-100	2.7	0.015437
-100	2.8	0.013806
-100	2.9	0.012884
-100	3	0.012932
-100	3.1	0.012632
-100	3.2	0.012414
-100	3.3	0.010793
-100	3.4	0.0090573
-100	3.5	0.0083032
-100	3.6	0.0071508
-100	3.7	0.0069653
-100	3.8	0.0074083
-100	3.9	0.0070001
-100	4	0.0069258
-90	-4	0.0093332
-90	-3.9	0.0086819
-90	-3.8	0.0075872
-90	-3.7	0.0069677
-90	-3.6	0.0074929
-90	-3.5	0.0080563
-90	-3.4	0.008423
-90	-3.3	0.0077766
-90	-3.2	0.0072874
-90	-3.1	0.0063309
-90	-3	0.0084937
-90	-2.9	0.012209
-90	-2.8	0.016156
-90	-2.7	0.018967
-90	-2.6	0.022226
-90	-2.5	0.024367
-90	-2.4	0.026404
-90	-2.3	0.028442
-90	-2.2	0.031631
-90	-2.1	0.033978
-90	-2	0.036689
-90	-1.9	0.037286
-90	-1.8	0.036551
-90	-1.7	0.033651
-90	-1.6	0.030404
-90	-1.5	0.027642
-90	-1.4	0.028539
-90	-1.3	0.032075
-90	-1.2	0.041001
-90	-1.1	0.047426
-90	-1	0.054669
-90	-0.9	0.056846
-90	-0.8	0.054901
-90	-0.7	0.050804
-90	-0.6	0.044363
-90	-0.5	0.035002
-90	-0.4	0.028202
-90	-0.3	0.020562
-90	-0.2	0.01637
-90	-0.1	0.015116
-90	0	0.014974
-90	0.1	0.016304
-90	0.2	0.018731
-90	0.3	0.02199
-90	0.4	0.027309
-90	0.5	0.032089
-90	0.6	0.036038
-90	0.7	0.039492
-90	0.8	0.041136
-90	0.9	0.041715
-90	1	0.041808
-90	1.1	0.040501
-90	1.2	0.038609
-90	1.3	0.036159
-90	1.4	0.033149
-90	1.5	0.029737
-90	1.6	0.025633
-90	1.7	0.023729
-90	1.8	0.022716
-90	1.9	0.023605
-90	2	0.024667
-90	2.1	0.025158
-90	2.2	0.024352
-90	2.3	0.02271
-90	2.4	0.020631
-90	2.5	0.018436
-90	2.6	0.016695
-90	2.7	0.015581
-90	2.8	0.015289
-90	2.9	0.014661
-90	3	0.012814
-90	3.1	0.01044
-90	3.2	0.0087024
-90	3.3	0.0080221
-90	3.4	0.0064322
-90	3.5	0.0081659
-90	3.6	0.0080843
-90	3.7	0.0076762
-90	3.8	0.008154
-90	3.9	0.007135
-90	4	0.0062175
-80	-4	0.0092985
-80	-3.9	0.009695
-80	-3.8	0.008982
-80	-3.7	0.0075295
-80	-3.6	0.0063716
-80	-3.5	0.006522
-80	-3.4	0.0075059
-80	-3.3	0.0080803
-80	-3.2	0.0081122
-80	-3.1	0.0072384
-80	-3	0.0081341
-80	-2.9	0.011443
-80	-2.8	0.017029
-80	-2.7	0.020462
-80	-2.6	0.024895
-80	-2.5	0.028016
-80	-2.4	0.029493
-80	-2.3	0.030264
-80	-2.2	0.030207
-80	-2.1	0.030248
-80	-2	0.031218
-80	-1.9	0.032899
-80	-1.8	0.033806
-80	-1.7	0.03415
-80	-1.6	0.032167
-80	-1.5	0.02849
-80	-1.4	0.027475
-80	-1.3	0.030974
-80	-1.2	0.037231
-80	-1.1	0.045378
-80	-1	0.050778
-80	-0.9	0.055756
-80	-0.8	0.055515
-80	-0.7	0.052618
-80	-0.6	0.046753
-80	-0.5	0.03909
-80	-0.4	0.030901
-80	-0.3	0.022876
-80	-0.2	0.018294
-80	-0.1	0.015715
-80	0	0.015371
-80	0.1	0.015517
-80	0.2	0.016294
-80	0.3	0.021006
-80	0.4	0.027689
-80	0.5	0.032827
-80	0.6	0.040234
-80	0.7	0.043323
-80	0.8	0.046533
-80	0.9	0.046851
-80	1	0.045457
-80	1.1	0.042101
-80	1.2	0.039367
-80	1.3	0.035417
-80	1.4	0.03271
-80	1.5	0.03047
-80	1.6	0.029127
-80	1.7	0.027788
-80	1.8	0.026942
-80	1.9	0.024993
-80	2	0.023018
-80	2.1	0.021374
-80	2.2	0.020203
-80	2.3	0.019574
-80	2.4	0.019033
-80	2.5	0.018436
-80	2.6	0.017714
-80	2.7	0.016797
-80	2.8	0.015443
-80	2.9	0.01247
-80	3	0.010545
-80	3.1	0.0084804
-80	3.2	0.0074018
-80	3.3	0.0071644
-80	3.4	0.0068601
-80	3.5	0.00697
-80	3.6	0.0064296
-80	3.7	0.0069653
-80	3.8	0.0059001
-80	3.9	0.0060033
-80	4	0.005608
-70	-4	0.010211
-70	-3.9	0.0093643
-70	-3.8	0.008156
-70	-3.7	0.0065541
-70	-3.6	0.0069514
-70	-3.5	0.0084575
-70	-3.4	0.0098996
-70	-3.3	0.0099371
-70	-3.2	0.010053
-70	-3.1	0.009481
-70	-3	0.012246
-70	-2.9	0.015292
-70	-2.8	0.018522
-70	-2.7	0.022505
-70	-2.6	0.025651
-70	-2.5	0.028505
-70	-2.4	0.029452
-70	-2.3	0.02984
-70	-2.2	0.029952
-70	-2.1	0.030377
-70	-2	0.030491
-70	-1.9	0.03172
-70	-1.8	0.032566
-70	-1.7	0.032682
-70	-1.6	0.030265
-70	-1.5	0.027757
-70	-1.4	0.028481
-70	-1.3	0.032818
-70	-1.2	0.039508
-70	-1.1	0.047755
-70	-1	0.053529
-70	-0.9	0.056949
-70	-0.8	0.056374
-70	-0.7	0.052305
-70	-0.6	0.04587
-70	-0.5	0.038302
-70	-0.4	0.030183
-70	-0.3	0.02362
-70	-0.2	0.018702
-70	-0.1	0.017123
-70	0	0.016919
-70	0.1	0.018139
-70	0.2	0.019855
-70	0.3	0.024871
-70	0.4	0.030196
-70	0.5	0.036675
-70	0.6	0.042886
-70	0.7	0.045823
-70	0.8	0.048324
-70	0.9	0.048285
-70	1	0.046869
-70	1.1	0.044517
-70	1.2	0.040768
-70	1.3	0.037532
-70	1.4	0.034102
-70	1.5	0.031602
-70	1.6	0.02791
-70	1.7	0.02623
-70	1.8	0.025636
-70	1.9	0.025338
-70	2	0.025196
-70	2.1	0.024534
-70	2.2	0.023656
-70	2.3	0.021801
-70	2.4	0.019153
-70	2.5	0.017178
-70	2.6	0.016537
-70	2.7	0.016404
-70	2.8	0.015937
-70	2.9	0.015002
-70	3	0.014128
-70	3.1	0.012219
-70	3.2	0.011375
-70	3.3	0.0074214
-70	3.4	0.0064697
-70	3.5	0.0064847
-70	3.6	0.0074821
-70	3.7	0.0093488
-70	3.8	0.0091743
-70	3.9	0.0082525
-70	4	0.0074735
-60	-4	0.0089766
-60	-3.9	0.0083981
-60	-3.8	0.0086278
-60	-3.7	0.0091584
-60	-3.6	0.010113
-60	-3.5	0.0097416
-60	-3.4	0.010783
-60	-3.3	0.010921
-60	-3.2	0.011686
-60	-3.1	0.013881
-60	-3	0.015793
-60	-2.9	0.017564
-60	-2.8	0.020446
-60	-2.7	0.022718
-60	-2.6	0.025104
-60	-2.5	0.027115
-60	-2.4	0.029891
-60	-2.3	0.0329
-60	-2.2	0.035279
-60	-2.1	0.037505
-60	-2	0.037611
-60	-1.9	0.036355
-60	-1.8	0.034395
-60	-1.7	0.03095
-60	-1.6	0.029002
-60	-1.5	0.030811
-60	-1.4	0.035569
-60	-1.3	0.041665
-60	-1.2	0.045563
-60	-1.1	0.051443
-60	-1	0.05322
-60	-0.9	0.053238
-60	-0.8	0.050683
-60	-0.7	0.045974
-60	-0.6	0.04044
-60	-0.5	0.033383
-60	-0.4	0.029012
-60	-0.3	0.024569
-60	-0.2	0.021396
-60	-0.1	0.019842
-60	0	0.020308
-60	0.1	0.021608
-60	0.2	0.023537
-60	0.3	0.02679
-60	0.4	0.030966
-60	0.5	0.035565
-60	0.6	0.039233
-60	0.7	0.043288
-60	0.8	0.044682
-60	0.9	0.046322
-60	1	0.046594
-60	1.1	0.046032
-60	1.2	0.043938
-60	1.3	0.041563
-60	1.4	0.038071
-60	1.5	0.034689
-60	1.6	0.031239
-60	1.7	0.028851
-60	1.8	0.027824
-60	1.9	0.027803
-60	2	0.028167
-60	2.1	0.02868
-60	2.2	0.027909
-60	2.3	0.026536
-60	2.4	0.024008
-60	2.5	0.021996
-60	2.6	0.02051
-60	2.7	0.019388
-60	2.8	0.017568
-60	2.9	0.016279
-60	3	0.014605
-60	3.1	0.013213
-60	3.2	0.01224
-60	3.3	0.011119
-60	3.4	0.0098275
-60	3.5	0.0092689
-60	3.6	0.009213
-60	3.7	0.0087984
-60	3.8	0.0082034
-60	3.9	0.0076551
-60	4	0.0066472
-50	-4	0.0099711
-50	-3.9	0.0083382
-50	-3.8	0.0078015
-50	-3.7	0.0081659
-50	-3.6	0.010012
-50	-3.5	0.012092
-50	-3.4	0.013275
-50	-3.3	0.013514
-50	-3.2	0.013315
-50	-3.1	0.012886
-50	-3	0.015063
-50	-2.9	0.019069
-50	-2.8	0.022053
-50	-2.7	0.024399
-50	-2.6	0.026885
-50	-2.5	0.028987
-50	-2.4	0.030403
-50	-2.3	0.03209
-50	-2.2	0.033192
-50	-2.1	0.033478
-50	-2	0.033895
-50	-1.9	0.034226
-50	-1.8	0.034363
-50	-1.7	0.033073
-50	-1.6	0.031016
-50	-1.5	0.030121
-50	-1.4	0.033083
-50	-1.3	0.036478
-50	-1.2	0.043403
-50	-1.1	0.050039
-50	-1	0.054768
-50	-0.9	0.055978
-50	-0.8	0.054269
-50	-0.7	0.050745
-50	-0.6	0.044547
-50	-0.5	0.036559
-50	-0.4	0.030624
-50	-0.3	0.024925
-50	-0.2	0.021083
-50	-0.1	0.019169
-50	0	0.020178
-50	0.1	0.022337
-50	0.2	0.024847
-50	0.3	0.029673
-50	0.4	0.034078
-50	0.5	0.039605
-50	0.6	0.044562
-50	0.7	0.046935
-50	0.8	0.049708
-50	0.9	0.05045
-50	1	0.050792
-50	1.1	0.049391
-50	1.2	0.047392
-50	1.3	0.044437
-50	1.4	0.039916
-50	1.5	0.035202
-50	1.6	0.031143
-50	1.7	0.0283
-50	1.8	0.026956
-50	1.9	0.027518
-50	2	0.027835
-50	2.1	0.02861
-50	2.2	0.028203
-50	2.3	0.026606
-50	2.4	0.024464
-50	2.5	0.022056
-50	2.6	0.020103
-50	2.7	0.018953
-50	2.8	0.018174
-50	2.9	0.017526
-50	3	0.017105
-50	3.1	0.016189
-50	3.2	0.014047
-50	3.3	0.012248
-50	3.4	0.011512
-50	3.5	0.011543
-50	3.6	0.011115
-50	3.7	0.011049
-50	3.8	0.011658
-50	3.9	0.0095438
-50	4	0.0088351
-40	-4	0.010604
-40	-3.9	0.009328
-40	-3.8	0.0083614
-40	-3.7	0.0089532
-40	-3.6	0.010656
-40	-3.5	0.012219
-40	-3.4	0.013688
-40	-3.3	0.013878
-40	-3.2	0.013591
-40	-3.1	0.013652
-40	-3	0.015151
-40	-2.9	0.018071
-40	-2.8	0.023147
-40	-2.7	0.026313
-40	-2.6	0.028643
-40	-2.5	0.030678
-40	-2.4	0.030405
-40	-2.3	0.029935
-40	-2.2	0.030042
-40	-2.1	0.031649
-40	-2	0.033179
-40	-1.9	0.034462
-40	-1.8	0.034475
-40	-1.7	0.032623
-40	-1.6	0.030377
-40	-1.5	0.029684
-40	-1.4	0.03148
-40	-1.3	0.035497
-40	-1.2	0.042668
-40	-1.1	0.048228
-40	-1	0.053332
-40	-0.9	0.056039
-40	-0.8	0.055009
-40	-0.7	0.051296
-40	-0.6	0.043628
-40	-0.5	0.036764
-40	-0.4	0.030704
-40	-0.3	0.02441
-40	-0.2	0.021269
-40	-0.1	0.019889
-40	0	0.020979
-40	0.1	0.023055
-40	0.2	0.025842
-40	0.3	0.029604
-40	0.4	0.033971
-40	0.5	0.038717
-40	0.6	0.042907
-40	0.7	0.046527
-40	0.8	0.050372
-40	0.9	0.052347
-40	1	0.052501
-40	1.1	0.050898
-40	1.2	0.048696
-40	1.3	0.043901
-40	1.4	0.039475
-40	1.5	0.034033
-40	1.6	0.029387
-40	1.7	0.026938
-40	1.8	0.02715
-40	1.9	0.028244
-40	2	0.029121
-40	2.1	0.029617
-40	2.2	0.028426
-40	2.3	0.025906
-40	2.4	0.022037
-40	2.5	0.01885
-40	2.6	0.01718
-40	2.7	0.017068
-40	2.8	0.016832
-40	2.9	0.016194
-40	3	0.016325
-40	3.1	0.015132
-40	3.2	0.013345
-40	3.3	0.01224
-40	3.4	0.010783
-40	3.5	0.010303
-40	3.6	0.010517
-40	3.7	0.010814
-40	3.8	0.010648
-40	3.9	0.0084842
-40	4	0.0075894
-30	-4	0.0095743
-30	-3.9	0.0097366
-30	-3.8	0.0094297
-30	-3.7	0.0089604
-30	-3.6	0.0089892
-30	-3.5	0.010911
-30	-3.4	0.011136
-30	-3.3	0.012202
-30	-3.2	0.012631
-30	-3.1	0.012848
-30	-3	0.013976
-30	-2.9	0.017817
-30	-2.8	0.021945
-30	-2.7	0.024404
-30	-2.6	0.026604
-30	-2.5	0.028444
-30	-2.4	0.028935
-30	-2.3	0.029258
-30	-2.2	0.030467
-30	-2.1	0.032132
-30	-2	0.032427
-30	-1.9	0.032612
-30	-1.8	0.032708
-30	-1.7	0.031758
-30	-1.6	0.030574
-30	-1.5	0.030705
-30	-1.4	0.032475
-30	-1.3	0.036593
-30	-1.2	0.042647
-30	-1.1	0.049102
-30	-1	0.05442
-30	-0.9	0.056519
-30	-0.8	0.055467
-30	-0.7	0.052561
-30	-0.6	0.043823
-30	-0.5	0.038624
-30	-0.4	0.031408
-30	-0.3	0.025724
-30	-0.2	0.021547
-30	-0.1	0.020144
-30	0	0.020075
-30	0.1	0.020976
-30	0.2	0.023287
-30	0.3	0.026087
-30	0.4	0.031502
-30	0.5	0.039385
-30	0.6	0.044301
-30	0.7	0.048823
-30	0.8	0.052863
-30	0.9	0.054041
-30	1	0.05292
-30	1.1	0.049608
-30	1.2	0.0472
-30	1.3	0.044309
-30	1.4	0.041017
-30	1.5	0.037177
-30	1.6	0.034747
-30	1.7	0.033031
-30	1.8	0.031132
-30	1.9	0.029924
-30	2	0.028038
-30	2.1	0.027169
-30	2.2	0.026709
-30	2.3	0.026066
-30	2.4	0.024638
-30	2.5	0.022922
-30	2.6	0.021663
-30	2.7	0.020541
-30	2.8	0.01909
-30	2.9	0.016754
-30	3	0.015158
-30	3.1	0.014573
-30	3.2	0.013477
-30	3.3	0.011696
-30	3.4	0.010999
-30	3.5	0.010403
-30	3.6	0.0092654
-30	3.7	0.0090787
-30	3.8	0.0084154
-30	3.9	0.0078531
-30	4	0.0075424
-20	-4	0.0090876
-20	-3.9	0.0080382
-20	-3.8	0.0066569
-20	-3.7	0.0060809
-20	-3.6	0.0077787
-20	-3.5	0.010621
-20	-3.4	0.01266
-20	-3.3	0.012541
-20	-3.2	0.010863
-20	-3.1	0.0096633
-20	-3	0.010071
-20	-2.9	0.013993
-20	-2.8	0.018934
-20	-2.7	0.022055
-20	-2.6	0.025151
-20	-2.5	0.026181
-20	-2.4	0.026285
-20	-2.3	0.025325
-20	-2.2	0.024725
-20	-2.1	0.025413
-20	-2	0.026534
-20	-1.9	0.028616
-20	-1.8	0.030672
-20	-1.7	0.031143
-20	-1.6	0.030298
-20	-1.5	0.028902
-20	-1.4	0.028436
-20	-1.3	0.030858
-20	-1.2	0.037267
-20	-1.1	0.045286
-20	-1	0.051546
-20	-0.9	0.057236
-20	-0.8	0.057939
-20	-0.7	0.055479
-20	-0.6	0.048161
-20	-0.5	0.04076
-20	-0.4	0.033012
-20	-0.3	0.026193
-20	-0.2	0.020934
-20	-0.1	0.018562
-20	0	0.019059
-20	0.1	0.019587
-20	0.2	0.021469
-20	0.3	0.025392
-20	0.4	0.031809
-20	0.5	0.039143
-20	0.6	0.045482
-20	0.7	0.050706
-20	0.8	0.054302
-20	0.9	0.055381
-20	1	0.053725
-20	1.1	0.049856
-20	1.2	0.047265
-20	1.3	0.043446
-20	1.4	0.039638
-20	1.5	0.036178
-20	1.6	0.033322
-20	1.7	0.031216
-20	1.8	0.029375
-20	1.9	0.027559
-20	2	0.025786
-20	2.1	0.02444
-20	2.2	0.02361
-20	2.3	0.023285
-20	2.4	0.022014
-20	2.5	0.020613
-20	2.6	0.01973
-20	2.7	0.018867
-20	2.8	0.016984
-20	2.9	0.015627
-20	3	0.014109
-20	3.1	0.01303
-20	3.2	0.010982
-20	3.3	0.0097383
-20	3.4	0.0084173
-20	3.5	0.0075638
-20	3.6	0.0072807
-20	3.7	0.0081341
-20	3.8	0.0083285
-20	3.9	0.0079695
-20	4	0.0077307
-10	-4	0.0061889
-10	-3.9	0.0066763
-10	-3.8	0.006277
-10	-3.7	0.0058368
-10	-3.6	0.005192
-10	-3.5	0.0056625
-10	-3.4	0.0072161
-10	-3.3	0.0087966
-10	-3.2	0.0090179
-10	-3.1	0.0088625
-10	-3	0.0088168
-10	-2.9	0.0095894
-10	-2.8	0.012511
-10	-2.7	0.016487
-10	-2.6	0.020466
-10	-2.5	0.023319
-10	-2.4	0.02472
-10	-2.3	0.025614
-10	-2.2	0.025054
-10	-2.1	0.024847
-10	-2	0.025477
-10	-1.9	0.027213
-10	-1.8	0.029838
-10	-1.7	0.031729
-10	-1.6	0.031571
-10	-1.5	0.030187
-10	-1.4	0.029475
-10	-1.3	0.032203
-10	-1.2	0.036367
-10	-1.1	0.043838
-10	-1	0.050557
-10	-0.9	0.054729
-10	-0.8	0.056566
-10	-0.7	0.053801
-10	-0.6	0.047216
-10	-0.5	0.039413
-10	-0.4	0.032742
-10	-0.3	0.025551
-10	-0.2	0.020401
-10	-0.1	0.017792
-10	0	0.017824
-10	0.1	0.018793
-10	0.2	0.020555
-10	0.3	0.023743
-10	0.4	0.029254
-10	0.5	0.034862
-10	0.6	0.041953
-10	0.7	0.04753
-10	0.8	0.05139
-10	0.9	0.054134
-10	1	0.054484
-10	1.1	0.053071
-10	1.2	0.050497
-10	1.3	0.046614
-10	1.4	0.043627
-10	1.5	0.039455
-10	1.6	0.034713
-10	1.7	0.032434
-10	1.8	0.030374
-10	1.9	0.029445
-10	2	0.028065
-10	2.1	0.027033
-10	2.2	0.026852
-10	2.3	0.026009
-10	2.4	0.024749
-10	2.5	0.023249
-10	2.6	0.021764
-10	2.7	0.02075
-10	2.8	0.019764
-10	2.9	0.017809
-10	3	0.016232
-10	3.1	0.014256
-10	3.2	0.012341
-10	3.3	0.010154
-10	3.4	0.0086184
-10	3.5	0.0077579
-10	3.6	0.0080803
-10	3.7	0.0084766
-10	3.8	0.0084019
-10	3.9	0.0074083
-10	4	0.0066569
0	-4	0.0075702
0	-3.9	0.0075702
0	-3.8	0.0067629
0	-3.7	0.0061653
0	-3.6	0.0055907
0	-3.5	0.0066714
0	-3.4	0.0084211
0	-3.3	0.010871
0	-3.2	0.011559
0	-3.1	0.011226
0	-3	0.010616
0	-2.9	0.010872
0	-2.8	0.013744
0	-2.7	0.016485
0	-2.6	0.020022
0	-2.5	0.023039
0	-2.4	0.024665
0	-2.3	0.025845
0	-2.2	0.026134
0	-2.1	0.026413
0	-2	0.02668
0	-1.9	0.027663
0	-1.8	0.029092
0	-1.7	0.030211
0	-1.6	0.03063
0	-1.5	0.029629
0	-1.4	0.030099
0	-1.3	0.032414
0	-1.2	0.037713
0	-1.1	0.043591
0	-1	0.051224
0	-0.9	0.056525
0	-0.8	0.057808
0	-0.7	0.055599
0	-0.6	0.051314
0	-0.5	0.042894
0	-0.4	0.031741
0	-0.3	0.02441
0	-0.2	0.02058
0	-0.1	0.017996
0	0	0.018271
0	0.1	0.01872
0	0.2	0.019811
0	0.3	0.023107
0	0.4	0.026483
0	0.5	0.033876
0	0.6	0.040796
0	0.7	0.048318
0	0.8	0.052752
0	0.9	0.055707
0	1	0.056498
0	1.1	0.054384
0	1.2	0.051524
0	1.3	0.046023
0	1.4	0.04323
0	1.5	0.039286
0	1.6	0.036381
0	1.7	0.034008
0	1.8	0.032363
0	1.9	0.031358
0	2	0.030077
0	2.1	0.028778
0	2.2	0.026955
0	2.3	0.02555
0	2.4	0.024383
0	2.5	0.023587
0	2.6	0.022895
0	2.7	0.021896
0	2.8	0.020775
0	2.9	0.019954
0	3	0.017255
0	3.1	0.015632
0	3.2	0.013807
0	3.3	0.012112
0	3.4	0.011142
0	3.5	0.01082
0	3.6	0.010565
0	3.7	0.010445
0	3.8	0.0092881
0	3.9	0.008313
0	4	0.0081162
10	-4	0.0069677
10	-3.9	0.0067221
10	-3.8	0.0065368
10	-3.7	0.0059492
10	-3.6	0.0061259
10	-3.5	0.0061967
10	-3.4	0.0065071
10	-3.3	0.0066859
10	-3.2	0.0079898
10	-3.1	0.0087561
10	-3	0.010165
10	-2.9	0.011823
10	-2.8	0.014125
10	-2.7	0.015527
10	-2.6	0.018229
10	-2.5	0.018679
10	-2.4	0.019806
10	-2.3	0.020663
10	-2.2	0.022372
10	-2.1	0.023628
10	-2	0.025841
10	-1.9	0.027682
10	-1.8	0.028469
10	-1.7	0.028525
10	-1.6	0.027668
10	-1.5	0.025759
10	-1.4	0.025491
10	-1.3	0.028525
10	-1.2	0.033448
10	-1.1	0.042433
10	-1	0.048445
10	-0.9	0.055347
10	-0.8	0.057976
10	-0.7	0.0571
10	-0.6	0.05347
10	-0.5	0.046119
10	-0.4	0.036479
10	-0.3	0.028481
10	-0.2	0.021677
10	-0.1	0.017868
10	0	0.017477
10	0.1	0.01812
10	0.2	0.018503
10	0.3	0.019549
10	0.4	0.021987
10	0.5	0.02819
10	0.6	0.03433
10	0.7	0.041919
10	0.8	0.048483
10	0.9	0.053412
10	1	0.055878
10	1.1	0.055013
10	1.2	0.051709
10	1.3	0.048318
10	1.4	0.04527
10	1.5	0.041143
10	1.6	0.037018
10	1.7	0.034416
10	1.8	0.031748
10	1.9	0.030781
10	2	0.029679
10	2.1	0.028559
10	2.2	0.027775
10	2.3	0.027455
10	2.4	0.02722
10	2.5	0.026499
10	2.6	0.024465
10	2.7	0.022728
10	2.8	0.020616
10	2.9	0.018717
10	3	0.017203
10	3.1	0.016306
10	3.2	0.015625
10	3.3	0.01571
10	3.4	0.014276
10	3.5	0.013286
10	3.6	0.011123
10	3.7	0.0087209
10	3.8	0.0077119
10	3.9	0.0070185
10	4	0.0071914
20	-4	0.0071191
20	-3.9	0.0074648
20	-3.8	0.0075915
20	-3.7	0.0076382
20	-3.6	0.0070713
20	-3.5	0.0058229
20	-3.4	0.0063512
20	-3.3	0.008274
20	-3.2	0.0097433
20	-3.1	0.010878
20	-3	0.011689
20	-2.9	0.010958
20	-2.8	0.011074
20	-2.7	0.013662
20	-2.6	0.017652
20	-2.5	0.021504
20	-2.4	0.023963
20	-2.3	0.02483
20	-2.2	0.023881
20	-2.1	0.023039
20	-2	0.022857
20	-1.9	0.024641
20	-1.8	0.027278
20	-1.7	0.028591
20	-1.6	0.029917
20	-1.5	0.029174
20	-1.4	0.02779
20	-1.3	0.02847
20	-1.2	0.031071
20	-1.1	0.038347
20	-1	0.04384
20	-0.9	0.050095
20	-0.8	0.05619
20	-0.7	0.057948
20	-0.6	0.056534
20	-0.5	0.050823
20	-0.4	0.043529
20	-0.3	0.034413
20	-0.2	0.025704
20	-0.1	0.019655
20	0	0.01745
20	0.1	0.017961
20	0.2	0.01941
20	0.3	0.020202
20	0.4	0.022303
20	0.5	0.026234
20	0.6	0.032959
20	0.7	0.039771
20	0.8	0.046985
20	0.9	0.053185
20	1	0.057496
20	1.1	0.058785
20	1.2	0.056664
20	1.3	0.054094
20	1.4	0.048931
20	1.5	0.044123
20	1.6	0.040252
20	1.7	0.036562
20	1.8	0.033733
20	1.9	0.031758
20	2	0.030043
20	2.1	0.028255
20	2.2	0.027524
20	2.3	0.02715
20	2.4	0.026682
20	2.5	0.026649
20	2.6	0.025726
20	2.7	0.024207
20	2.8	0.022506
20	2.9	0.020015
20	3	0.016919
20	3.1	0.014766
20	3.2	0.013535
20	3.3	0.0139
20	3.4	0.013583
20	3.5	0.013056
20	3.6	0.011676
20	3.7	0.0094997
20	3.8	0.0084154
20	3.9	0.0074735
20	4	0.0061417
30	-4	0.0054945
30	-3.9	0.0059247
30	-3.8	0.0072116
30	-3.7	0.0071936
30	-3.6	0.0072183
30	-3.5	0.0058451
30	-3.4	0.0056653
30	-3.3	0.0064822
30	-3.2	0.0078962
30	-3.1	0.0094997
30	-3	0.010279
30	-2.9	0.010466
30	-2.8	0.0099695
30	-2.7	0.010558
30	-2.6	0.013892
30	-2.5	0.018704
30	-2.4	0.02269
30	-2.3	0.025822
30	-2.2	0.026571
30	-2.1	0.025071
30	-2	0.023631
30	-1.9	0.023011
30	-1.8	0.024256
30	-1.7	0.027172
30	-1.6	0.029534
30	-1.5	0.030239
30	-1.4	0.0299
30	-1.3	0.029554
30	-1.2	0.031443
30	-1.1	0.036005
30	-1	0.042083
30	-0.9	0.048725
30	-0.8	0.054459
30	-0.7	0.057553
30	-0.6	0.057333
30	-0.5	0.051324
30	-0.4	0.045648
30	-0.3	0.035128
30	-0.2	0.025933
30	-0.1	0.019677
30	0	0.015881
30	0.1	0.015982
30	0.2	0.0173
30	0.3	0.017939
30	0.4	0.020145
30	0.5	0.025886
30	0.6	0.031332
30	0.7	0.037303
30	0.8	0.044222
30	0.9	0.05104
30	1	0.054738
30	1.1	0.056488
30	1.2	0.056102
30	1.3	0.053258
30	1.4	0.050409
30	1.5	0.047004
30	1.6	0.041876
30	1.7	0.039005
30	1.8	0.035818
30	1.9	0.033647
30	2	0.031385
30	2.1	0.030288
30	2.2	0.029329
30	2.3	0.029703
30	2.4	0.029135
30	2.5	0.028054
30	2.6	0.026358
30	2.7	0.025136
30	2.8	0.023546
30	2.9	0.02172
30	3	0.020469
30	3.1	0.018343
30	3.2	0.017612
30	3.3	0.0161
30	3.4	0.014269
30	3.5	0.012306
30	3.6	0.010774
30	3.7	0.010899
30	3.8	0.0098439
30	3.9	0.0094245
30	4	0.0087819
40	-4	0.0054915
40	-3.9	0.0055121
40	-3.8	0.0060489
40	-3.7	0.0064447
40	-3.6	0.0065319
40	-3.5	0.0056453
40	-3.4	0.0051858
40	-3.3	0.0059138
40	-3.2	0.0068907
40	-3.1	0.0078962
40	-3	0.0088916
40	-2.9	0.0089928
40	-2.8	0.0090215
40	-2.7	0.010162
40	-2.6	0.012568
40	-2.5	0.015168
40	-2.4	0.018555
40	-2.3	0.022664
40	-2.2	0.024492
40	-2.1	0.025188
40	-2	0.024465
40	-1.9	0.023581
40	-1.8	0.023127
40	-1.7	0.02456
40	-1.6	0.027251
40	-1.5	0.030405
40	-1.4	0.031144
40	-1.3	0.030755
40	-1.2	0.030648
40	-1.1	0.033454
40	-1	0.039055
40	-0.9	0.046296
40	-0.8	0.054404
40	-0.7	0.058692
40	-0.6	0.062014
40	-0.5	0.059776
40	-0.4	0.054311
40	-0.3	0.044873
40	-0.2	0.033534
40	-0.1	0.02706
40	0	0.01825
40	0.1	0.015032
40	0.2	0.017177
40	0.3	0.019147
40	0.4	0.020106
40	0.5	0.021739
40	0.6	0.026224
40	0.7	0.033636
40	0.8	0.044106
40	0.9	0.050319
40	1	0.0579
40	1.1	0.061834
40	1.2	0.062984
40	1.3	0.061096
40	1.4	0.05638
40	1.5	0.051307
40	1.6	0.046439
40	1.7	0.041411
40	1.8	0.038277
40	1.9	0.036651
40	2	0.035845
40	2.1	0.034462
40	2.2	0.032704
40	2.3	0.030595
40	2.4	0.027662
40	2.5	0.025352
40	2.6	0.022497
40	2.7	0.02181
40	2.8	0.021752
40	2.9	0.021918
40	3	0.021266
40	3.1	0.018618
40	3.2	0.017165
40	3.3	0.014709
40	3.4	0.01161
40	3.5	0.008654
40	3.6	0.0073909
40	3.7	0.0072272
40	3.8	0.0080039
40	3.9	0.0082407
40	4	0.0076255
50	-4	0.0059056
50	-3.9	0.0070484
50	-3.8	0.0083942
50	-3.7	0.008488
50	-3.6	0.0084975
50	-3.5	0.0070001
50	-3.4	0.0055209
50	-3.3	0.0070827
50	-3.2	0.0076509
50	-3.1	0.0096817
50	-3	0.010483
50	-2.9	0.011368
50	-2.8	0.010722
50	-2.7	0.011339
50	-2.6	0.013673
50	-2.5	0.016141
50	-2.4	0.020125
50	-2.3	0.022705
50	-2.2	0.024301
50	-2.1	0.025081
50	-2	0.024316
50	-1.9	0.023911
50	-1.8	0.023594
50	-1.7	0.02464
50	-1.6	0.026136
50	-1.5	0.028675
50	-1.4	0.02978
50	-1.3	0.029581
50	-1.2	0.028463
50	-1.1	0.029843
50	-1	0.034384
50	-0.9	0.042399
50	-0.8	0.052086
50	-0.7	0.060059
50	-0.6	0.063404
50	-0.5	0.063006
50	-0.4	0.057066
50	-0.3	0.048579
50	-0.2	0.03919
50	-0.1	0.028485
50	0	0.020375
50	0.1	0.017289
50	0.2	0.017581
50	0.3	0.019059
50	0.4	0.018914
50	0.5	0.020303
50	0.6	0.023497
50	0.7	0.02892
50	0.8	0.038359
50	0.9	0.046628
50	1	0.05359
50	1.1	0.06011
50	1.2	0.061373
50	1.3	0.060509
50	1.4	0.056412
50	1.5	0.052714
50	1.6	0.049193
50	1.7	0.043749
50	1.8	0.041794
50	1.9	0.039673
50	2	0.03791
50	2.1	0.036039
50	2.2	0.033429
50	2.3	0.031431
50	2.4	0.029833
50	2.5	0.027797
50	2.6	0.026787
50	2.7	0.0268
50	2.8	0.027119
50	2.9	0.02709
50	3	0.025387
50	3.1	0.023458
50	3.2	0.020736
50	3.3	0.017838
50	3.4	0.015088
50	3.5	0.012902
50	3.6	0.012376
50	3.7	0.011646
50	3.8	0.011306
50	3.9	0.010472
50	4	0.0095641
60	-4	0.0066277
60	-3.9	0.0084307
60	-3.8	0.0098061
60	-3.7	0.009857
60	-3.6	0.0087837
60	-3.5	0.0070093
60	-3.4	0.0069188
60	-3.3	0.0083324
60	-3.2	0.010339
60	-3.1	0.013092
60	-3	0.012956
60	-2.9	0.012366
60	-2.8	0.011294
60	-2.7	0.012329
60	-2.6	0.015959
60	-2.5	0.020293
60	-2.4	0.023005
60	-2.3	0.025084
60	-2.2	0.025919
60	-2.1	0.025768
60	-2	0.025616
60	-1.9	0.02591
60	-1.8	0.026876
60	-1.7	0.028406
60	-1.6	0.029904
60	-1.5	0.031231
60	-1.4	0.03079
60	-1.3	0.028904
60	-1.2	0.028023
60	-1.1	0.029125
60	-1	0.036594
60	-0.9	0.042439
60	-0.8	0.049764
60	-0.7	0.055668
60	-0.6	0.059652
60	-0.5	0.05917
60	-0.4	0.056367
60	-0.3	0.049177
60	-0.2	0.040313
60	-0.1	0.033817
60	0	0.025348
60	0.1	0.019029
60	0.2	0.017148
60	0.3	0.017691
60	0.4	0.019057
60	0.5	0.020692
60	0.6	0.023656
60	0.7	0.028071
60	0.8	0.033908
60	0.9	0.04069
60	1	0.046858
60	1.1	0.052559
60	1.2	0.056443
60	1.3	0.058216
60	1.4	0.058356
60	1.5	0.056599
60	1.6	0.054685
60	1.7	0.050537
60	1.8	0.047512
60	1.9	0.043805
60	2	0.040557
60	2.1	0.037273
60	2.2	0.034616
60	2.3	0.033806
60	2.4	0.033638
60	2.5	0.033682
60	2.6	0.032298
60	2.7	0.031077
60	2.8	0.028833
60	2.9	0.026495
60	3	0.02329
60	3.1	0.020088
60	3.2	0.018407
60	3.3	0.016601
60	3.4	0.015639
60	3.5	0.014569
60	3.6	0.013276
60	3.7	0.012223
60	3.8	0.010624
60	3.9	0.0094365
60	4	0.0085487
70	-4	0.0082132
70	-3.9	0.0095031
70	-3.8	0.010974
70	-3.7	0.011301
70	-3.6	0.010933
70	-3.5	0.0096332
70	-3.4	0.0074345
70	-3.3	0.0073734
70	-3.2	0.0085714
70	-3.1	0.011685
70	-3	0.01378
70	-2.9	0.014924
70	-2.8	0.01449
70	-2.7	0.013582
70	-2.6	0.014513
70	-2.5	0.017618
70	-2.4	0.021711
70	-2.3	0.024232
70	-2.2	0.025941
70	-2.1	0.025533
70	-2	0.02528
70	-1.9	0.025958
70	-1.8	0.027064
70	-1.7	0.027799
70	-1.6	0.028843
70	-1.5	0.029828
70	-1.4	0.030112
70	-1.3	0.02994
70	-1.2	0.029628
70	-1.1	0.030452
70	-1	0.033221
70	-0.9	0.038645
70	-0.8	0.047484
70	-0.7	0.053597
70	-0.6	0.06019
70	-0.5	0.063548
70	-0.4	0.062572
70	-0.3	0.056474
70	-0.2	0.049421
70	-0.1	0.040018
70	0	0.032054
70	0.1	0.023695
70	0.2	0.018705
70	0.3	0.017296
70	0.4	0.018267
70	0.5	0.018543
70	0.6	0.019013
70	0.7	0.022433
70	0.8	0.028828
70	0.9	0.038276
70	1	0.046907
70	1.1	0.055204
70	1.2	0.059957
70	1.3	0.061539
70	1.4	0.060556
70	1.5	0.057903
70	1.6	0.053544
70	1.7	0.048665
70	1.8	0.044381
70	1.9	0.040988
70	2	0.039576
70	2.1	0.038069
70	2.2	0.036645
70	2.3	0.035823
70	2.4	0.035338
70	2.5	0.034229
70	2.6	0.032275
70	2.7	0.029947
70	2.8	0.027822
70	2.9	0.02565
70	3	0.023606
70	3.1	0.021692
70	3.2	0.019795
70	3.3	0.01888
70	3.4	0.017742
70	3.5	0.016596
70	3.6	0.014519
70	3.7	0.012423
70	3.8	0.011745
70	3.9	0.010778
70	4	0.010118
80	-4	0.006295
80	-3.9	0.0086689
80	-3.8	0.0099338
80	-3.7	0.011569
80	-3.6	0.011833
80	-3.5	0.01002
80	-3.4	0.0082132
80	-3.3	0.0069653
80	-3.2	0.0075531
80	-3.1	0.010438
80	-3	0.013148
80	-2.9	0.015428
80	-2.8	0.015618
80	-2.7	0.014431
80	-2.6	0.012506
80	-2.5	0.013898
80	-2.4	0.01721
80	-2.3	0.021782
80	-2.2	0.026351
80	-2.1	0.029007
80	-2	0.029194
80	-1.9	0.027145
80	-1.8	0.02583
80	-1.7	0.024808
80	-1.6	0.026332
80	-1.5	0.028504
80	-1.4	0.030983
80	-1.3	0.031714
80	-1.2	0.029954
80	-1.1	0.027598
80	-1	0.028216
80	-0.9	0.032621
80	-0.8	0.04084
80	-0.7	0.04875
80	-0.6	0.057568
80	-0.5	0.06239
80	-0.4	0.063699
80	-0.3	0.059295
80	-0.2	0.053618
80	-0.1	0.045667
80	0	0.035078
80	0.1	0.025041
80	0.2	0.019623
80	0.3	0.017571
80	0.4	0.019218
80	0.5	0.020367
80	0.6	0.023047
80	0.7	0.02636
80	0.8	0.031082
80	0.9	0.037121
80	1	0.043881
80	1.1	0.050274
80	1.2	0.055722
80	1.3	0.058632
80	1.4	0.058856
80	1.5	0.057124
80	1.6	0.054405
80	1.7	0.049406
80	1.8	0.043705
80	1.9	0.038712
80	2	0.03608
80	2.1	0.033157
80	2.2	0.031738
80	2.3	0.031097
80	2.4	0.031692
80	2.5	0.032033
80	2.6	0.030864
80	2.7	0.029003
80	2.8	0.026746
80	2.9	0.024945
80	3	0.023159
80	3.1	0.022308
80	3.2	0.021422
80	3.3	0.020593
80	3.4	0.01954
80	3.5	0.018169
80	3.6	0.015577
80	3.7	0.012587
80	3.8	0.011901
80	3.9	0.012009
80	4	0.012452
90	-4	0.0066423
90	-3.9	0.0072295
90	-3.8	0.007441
90	-3.7	0.0091461
90	-3.6	0.0095354
90	-3.5	0.0096197
90	-3.4	0.0077035
90	-3.3	0.0067461
90	-3.2	0.0077683
90	-3.1	0.0091567
90	-3	0.010372
90	-2.9	0.01089
90	-2.8	0.010695
90	-2.7	0.010759
90	-2.6	0.011829
90	-2.5	0.015026
90	-2.4	0.019435
90	-2.3	0.022449
90	-2.2	0.025314
90	-2.1	0.027014
90	-2	0.027169
90	-1.9	0.02713
90	-1.8	0.027699
90	-1.7	0.028958
90	-1.6	0.030699
90	-1.5	0.032415
90	-1.4	0.034298
90	-1.3	0.033811
90	-1.2	0.031776
90	-1.1	0.029695
90	-1	0.03027
90	-0.9	0.03344
90	-0.8	0.041175
90	-0.7	0.048683
90	-0.6	0.056119
90	-0.5	0.061553
90	-0.4	0.062653
90	-0.3	0.060299
90	-0.2	0.054095
90	-0.1	0.043781
90	0	0.035241
90	0.1	0.029039
90	0.2	0.022541
90	0.3	0.019248
90	0.4	0.018594
90	0.5	0.019554
90	0.6	0.020683
90	0.7	0.022226
90	0.8	0.027092
90	0.9	0.031565
90	1	0.038059
90	1.1	0.044314
90	1.2	0.050249
90	1.3	0.053671
90	1.4	0.056103
90	1.5	0.056301
90	1.6	0.055744
90	1.7	0.052827
90	1.8	0.049891
90	1.9	0.044456
90	2	0.041253
90	2.1	0.038107
90	2.2	0.03404
90	2.3	0.032788
90	2.4	0.033003
90	2.5	0.033914
90	2.6	0.033827
90	2.7	0.032611
90	2.8	0.030186
90	2.9	0.027875
90	3	0.024343
90	3.1	0.022949
90	3.2	0.021311
90	3.3	0.020357
90	3.4	0.019077
90	3.5	0.017339
90	3.6	0.016311
90	3.7	0.014007
90	3.8	0.012027
90	3.9	0.011409
90	4	0.010854
100	-4	0.0071846
100	-3.9	0.0058229
100	-3.8	0.0055238
100	-3.7	0.0068436
100	-3.6	0.0082309
100	-3.5	0.0089152
100	-3.4	0.0087616
100	-3.3	0.0076551
100	-3.2	0.0060248
100	-3.1	0.0074062
100	-3	0.0076762
100	-2.9	0.0098193
100	-2.8	0.010248
100	-2.7	0.010114
100	-2.6	0.010007
100	-2.5	0.010243
100	-2.4	0.013923
100	-2.3	0.019268
100	-2.2	0.022487
100	-2.1	0.025925
100	-2	0.027661
100	-1.9	0.027216
100	-1.8	0.025576
100	-1.7	0.024813
100	-1.6	0.024473
100	-1.5	0.025603
100	-1.4	0.027937
100	-1.3	0.030582
100	-1.2	0.031539
100	-1.1	0.030547
100	-1	0.030016
100	-0.9	0.031778
100	-0.8	0.036613
100	-0.7	0.043722
100	-0.6	0.052488
100	-0.5	0.060967
100	-0.4	0.06602
100	-0.3	0.066559
100	-0.2	0.061207
100	-0.1	0.053084
100	0	0.044211
100	0.1	0.032269
100	0.2	0.021328
100	0.3	0.016149
100	0.4	0.016367
100	0.5	0.018312
100	0.6	0.018243
100	0.7	0.018871
100	0.8	0.024427
100	0.9	0.031707
100	1	0.040209
100	1.1	0.049883
100	1.2	0.057098
100	1.3	0.060357
100	1.4	0.060428
100	1.5	0.057978
100	1.6	0.052909
100	1.7	0.04853
100	1.8	0.043742
100	1.9	0.041106
100	2	0.039532
100	2.1	0.03887
100	2.2	0.036822
100	2.3	0.034067
100	2.4	0.031645
100	2.5	0.02874
100	2.6	0.02673
100	2.7	0.025676
100	2.8	0.025387
100	2.9	0.025635
100	3	0.025048
100	3.1	0.023518
100	3.2	0.020624
100	3.3	0.01873
100	3.4	0.015452
100	3.5	0.013508
100	3.6	0.011654
100	3.7	0.010418
100	3.8	0.0091936
100	3.9	0.0090822
100	4	0.0081421
110	-4	0.0093228
110	-3.9	0.0086502
110	-3.8	0.0083149
110	-3.7	0.0076572
110	-3.6	0.0081876
110	-3.5	0.0091796
110	-3.4	0.0096096
110	-3.3	0.0089874
110	-3.2	0.007888
110	-3.1	0.0075787
110	-3	0.0079655
110	-2.9	0.0093228
110	-2.8	0.010824
110	-2.7	0.011134
110	-2.6	0.011841
110	-2.5	0.011808
110	-2.4	0.013759
110	-2.3	0.017243
110	-2.2	0.020346
110	-2.1	0.025233
110	-2	0.027863
110	-1.9	0.030352
110	-1.8	0.031004
110	-1.7	0.030829
110	-1.6	0.030708
110	-1.5	0.030553
110	-1.4	0.030925
110	-1.3	0.031424
110	-1.2	0.031852
110	-1.1	0.031445
110	-1	0.030703
110	-0.9	0.033037
110	-0.8	0.036592
110	-0.7	0.043007
110	-0.6	0.051129
110	-0.5	0.05797
110	-0.4	0.063405
110	-0.3	0.063893
110	-0.2	0.060145
110	-0.1	0.053791
110	0	0.042018
110	0.1	0.035961
110	0.2	0.026497
110	0.3	0.019354
110	0.4	0.017752
110	0.5	0.017498
110	0.6	0.017239
110	0.7	0.01714
110	0.8	0.019649
110	0.9	0.025566
110	1	0.034206
110	1.1	0.04522
110	1.2	0.050811
110	1.3	0.056258
110	1.4	0.059099
110	1.5	0.057872
110	1.6	0.054402
110	1.7	0.048435
110	1.8	0.043982
110	1.9	0.040553
110	2	0.03852
110	2.1	0.037367
110	2.2	0.036327
110	2.3	0.034423
110	2.4	0.032763
110	2.5	0.029886
110	2.6	0.027521
110	2.7	0.025077
110	2.8	0.024418
110	2.9	0.024305
110	3	0.023663
110	3.1	0.022488
110	3.2	0.020329
110	3.3	0.018524
110	3.4	0.015404
110	3.5	0.012781
110	3.6	0.010418
110	3.7	0.010432
110	3.8	0.0095014
110	3.9	0.0092724
110	4	0.0079207
120	-4	0.0077973
120	-3.9	0.0070461
120	-3.8	0.0066811
120	-3.7	0.0071981
120	-3.6	0.0083537
120	-3.5	0.0089442
120	-3.4	0.0093471
120	-3.3	0.0081678
120	-3.2	0.006698
120	-3.1	0.0064822
120	-3	0.0064171
120	-2.9	0.0075766
120	-2.8	0.010071
120	-2.7	0.010446
120	-2.6	0.0099305
120	-2.5	0.0094211
120	-2.4	0.011142
120	-2.3	0.015116
120	-2.2	0.020461
120	-2.1	0.023872
120	-2	0.026325
120	-1.9	0.026811
120	-1.8	0.02719
120	-1.7	0.02773
120	-1.6	0.030394
120	-1.5	0.032481
120	-1.4	0.03473
120	-1.3	0.035376
120	-1.2	0.033444
120	-1.1	0.030788
120	-1	0.027421
120	-0.9	0.028309
120	-0.8	0.034444
120	-0.7	0.041979
120	-0.6	0.05302
120	-0.5	0.060914
120	-0.4	0.06474
120	-0.3	0.064754
120	-0.2	0.05995
120	-0.1	0.049337
120	0	0.038305
120	0.1	0.029843
120	0.2	0.020275
120	0.3	0.017171
120	0.4	0.016613
120	0.5	0.017126
120	0.6	0.017417
120	0.7	0.020598
120	0.8	0.024375
120	0.9	0.030018
120	1	0.037247
120	1.1	0.043238
120	1.2	0.047961
120	1.3	0.050247
120	1.4	0.050267
120	1.5	0.049105
120	1.6	0.046009
120	1.7	0.043467
120	1.8	0.040578
120	1.9	0.038058
120	2	0.034891
120	2.1	0.031221
120	2.2	0.028563
120	2.3	0.02645
120	2.4	0.025115
120	2.5	0.025087
120	2.6	0.025312
120	2.7	0.025312
120	2.8	0.025116
120	2.9	0.024204
120	3	0.022246
120	3.1	0.020662
120	3.2	0.018557
120	3.3	0.017402
120	3.4	0.016252
120	3.5	0.015085
120	3.6	0.013859
120	3.7	0.012179
120	3.8	0.010877
120	3.9	0.0091919
120	4	0.0086071
130	-4	0.0092637
130	-3.9	0.0088076
130	-3.8	0.009385
130	-3.7	0.0090466
130	-3.6	0.0096382
130	-3.5	0.01081
130	-3.4	0.010554
130	-3.3	0.0095286
130	-3.2	0.0079187
130	-3.1	0.0068034
130	-3	0.0073448
130	-2.9	0.0082348
130	-2.8	0.0095607
130	-2.7	0.010387
130	-2.6	0.010597
130	-2.5	0.011196
130	-2.4	0.013029
130	-2.3	0.01705
130	-2.2	0.02058
130	-2.1	0.023656
130	-2	0.026346
130	-1.9	0.028567
130	-1.8	0.029231
130	-1.7	0.029525
130	-1.6	0.029589
130	-1.5	0.03022
130	-1.4	0.031202
130	-1.3	0.031245
130	-1.2	0.030385
130	-1.1	0.028287
130	-1	0.026067
130	-0.9	0.027143
130	-0.8	0.033329
130	-0.7	0.039312
130	-0.6	0.049714
130	-0.5	0.057038
130	-0.4	0.06236
130	-0.3	0.062142
130	-0.2	0.05775
130	-0.1	0.051699
130	0	0.041554
130	0.1	0.033635
130	0.2	0.024742
130	0.3	0.018853
130	0.4	0.016617
130	0.5	0.016198
130	0.6	0.016186
130	0.7	0.016945
130	0.8	0.020143
130	0.9	0.024893
130	1	0.033607
130	1.1	0.039044
130	1.2	0.046349
130	1.3	0.048539
130	1.4	0.049941
130	1.5	0.048998
130	1.6	0.047179
130	1.7	0.043757
130	1.8	0.039252
130	1.9	0.035992
130	2	0.033646
130	2.1	0.031303
130	2.2	0.028947
130	2.3	0.028175
130	2.4	0.027001
130	2.5	0.026881
130	2.6	0.027129
130	2.7	0.027209
130	2.8	0.026927
130	2.9	0.025726
130	3	0.02361
130	3.1	0.022092
130	3.2	0.020154
130	3.3	0.017923
130	3.4	0.016731
130	3.5	0.016523
130	3.6	0.015878
130	3.7	0.014608
130	3.8	0.012913
130	3.9	0.011551
130	4	0.010351
140	-4	0.0078962
140	-3.9	0.0077579
140	-3.8	0.0079614
140	-3.7	0.0085089
140	-3.6	0.0099045
140	-3.5	0.0093712
140	-3.4	0.0092007
140	-3.3	0.0080502
140	-3.2	0.0072851
140	-3.1	0.0068977
140	-3	0.0075166
140	-2.9	0.0089676
140	-2.8	0.0091408
140	-2.7	0.0082935
140	-2.6	0.0081162
140	-2.5	0.0089206
140	-2.4	0.012966
140	-2.3	0.017519
140	-2.2	0.021962
140	-2.1	0.024953
140	-2	0.026948
140	-1.9	0.028067
140	-1.8	0.028845
140	-1.7	0.029866
140	-1.6	0.031397
140	-1.5	0.033155
140	-1.4	0.034198
140	-1.3	0.033675
140	-1.2	0.031435
140	-1.1	0.027712
140	-1	0.024453
140	-0.9	0.024932
140	-0.8	0.031462
140	-0.7	0.040895
140	-0.6	0.048437
140	-0.5	0.056702
140	-0.4	0.060969
140	-0.3	0.060343
140	-0.2	0.055045
140	-0.1	0.048316
140	0	0.040091
140	0.1	0.029224
140	0.2	0.023015
140	0.3	0.018304
140	0.4	0.016605
140	0.5	0.016283
140	0.6	0.016779
140	0.7	0.017693
140	0.8	0.021456
140	0.9	0.026959
140	1	0.032323
140	1.1	0.039799
140	1.2	0.044115
140	1.3	0.046594
140	1.4	0.046769
140	1.5	0.045681
140	1.6	0.043302
140	1.7	0.039739
140	1.8	0.036169
140	1.9	0.03283
140	2	0.030176
140	2.1	0.02695
140	2.2	0.025061
140	2.3	0.024046
140	2.4	0.0237
140	2.5	0.024116
140	2.6	0.02429
140	2.7	0.023757
140	2.8	0.022881
140	2.9	0.021352
140	3	0.019021
140	3.1	0.016831
140	3.2	0.014409
140	3.3	0.013198
140	3.4	0.013125
140	3.5	0.013846
140	3.6	0.013516
140	3.7	0.012327
140	3.8	0.010667
140	3.9	0.010002
140	4	0.0087911
150	-4	0.0083285
150	-3.9	0.0078139
150	-3.8	0.0060702
150	-3.7	0.0069862
150	-3.6	0.0084
150	-3.5	0.0098701
150	-3.4	0.010029
150	-3.3	0.0091831
150	-3.2	0.0087892
150	-3.1	0.0071214
150	-3	0.0059356
150	-2.9	0.0072205
150	-2.8	0.0081321
150	-2.7	0.0088424
150	-2.6	0.0086315
150	-2.5	0.0097466
150	-2.4	0.01352
150	-2.3	0.017717
150	-2.2	0.023102
150	-2.1	0.026674
150	-2	0.029747
150	-1.9	0.030127
150	-1.8	0.0304
150	-1.7	0.03129
150	-1.6	0.03261
150	-1.5	0.033622
150	-1.4	0.034116
150	-1.3	0.033163
150	-1.2	0.029851
150	-1.1	0.025577
150	-1	0.023716
150	-0.9	0.027164
150	-0.8	0.033488
150	-0.7	0.043362
150	-0.6	0.051749
150	-0.5	0.057088
150	-0.4	0.060179
150	-0.3	0.058519
150	-0.2	0.052593
150	-0.1	0.045488
150	0	0.035944
150	0.1	0.028583
150	0.2	0.020713
150	0.3	0.017082
150	0.4	0.016177
150	0.5	0.015743
150	0.6	0.016478
150	0.7	0.01808
150	0.8	0.022896
150	0.9	0.028485
150	1	0.034626
150	1.1	0.041543
150	1.2	0.045158
150	1.3	0.0476
150	1.4	0.047209
150	1.5	0.045821
150	1.6	0.043231
150	1.7	0.039675
150	1.8	0.037263
150	1.9	0.03311
150	2	0.030949
150	2.1	0.029209
150	2.2	0.028205
150	2.3	0.026528
150	2.4	0.026081
150	2.5	0.025415
150	2.6	0.02436
150	2.7	0.022653
150	2.8	0.021267
150	2.9	0.020206
150	3	0.019237
150	3.1	0.018514
150	3.2	0.017155
150	3.3	0.016262
150	3.4	0.013857
150	3.5	0.012452
150	3.6	0.010718
150	3.7	0.008639
150	3.8	0.0073712
150	3.9	0.0069141
150	4	0.0070598
160	-4	0.0057447
160	-3.9	0.0057334
160	-3.8	0.0066884
160	-3.7	0.0089568
160	-3.6	0.010008
160	-3.5	0.0094673
160	-3.4	0.008667
160	-3.3	0.0061522
160	-3.2	0.0055791
160	-3.1	0.0067485
160	-3	0.0079837
160	-2.9	0.0086689
160	-2.8	0.0080201
160	-2.7	0.0059111
160	-2.6	0.0069281
160	-2.5	0.012132
160	-2.4	0.016988
160	-2.3	0.022425
160	-2.2	0.026145
160	-2.1	0.028891
160	-2	0.029772
160	-1.9	0.029755
160	-1.8	0.030186
160	-1.7	0.031328
160	-1.6	0.033264
160	-1.5	0.035583
160	-1.4	0.037077
160	-1.3	0.035536
160	-1.2	0.030818
160	-1.1	0.02539
160	-1	0.021815
160	-0.9	0.025636
160	-0.8	0.033658
160	-0.7	0.043854
160	-0.6	0.052853
160	-0.5	0.059798
160	-0.4	0.060506
160	-0.3	0.05703
160	-0.2	0.047737
160	-0.1	0.039404
160	0	0.030984
160	0.1	0.023991
160	0.2	0.018471
160	0.3	0.016013
160	0.4	0.016302
160	0.5	0.016844
160	0.6	0.018356
160	0.7	0.020438
160	0.8	0.024692
160	0.9	0.030068
160	1	0.035212
160	1.1	0.039985
160	1.2	0.044297
160	1.3	0.046933
160	1.4	0.046516
160	1.5	0.0454
160	1.6	0.042783
160	1.7	0.038244
160	1.8	0.034923
160	1.9	0.029951
160	2	0.027468
160	2.1	0.025643
160	2.2	0.024692
160	2.3	0.024746
160	2.4	0.025109
160	2.5	0.025615
160	2.6	0.024527
160	2.7	0.022377
160	2.8	0.021455
160	2.9	0.020113
160	3	0.019766
160	3.1	0.018573
160	3.2	0.01717
160	3.3	0.015389
160	3.4	0.013327
160	3.5	0.011008
160	3.6	0.0083634
160	3.7	0.0078798
160	3.8	0.0068601
160	3.9	0.0084154
160	4	0.0082876
170	-4	0.0070415
170	-3.9	0.0082486
170	-3.8	0.009725
170	-3.7	0.011072
170	-3.6	0.011498
170	-3.5	0.010372
170	-3.4	0.0082368
170	-3.3	0.0068294
170	-3.2	0.0067819
170	-3.1	0.0082152
170	-3	0.0092095
170	-2.9	0.0092654
170	-2.8	0.008594
170	-2.7	0.0098242
170	-2.6	0.012938
170	-2.5	0.018476
170	-2.4	0.021775
170	-2.3	0.026071
170	-2.2	0.027887
170	-2.1	0.029763
170	-2	0.030472
170	-1.9	0.031923
170	-1.8	0.033474
170	-1.7	0.034556
170	-1.6	0.034933
170	-1.5	0.034973
170	-1.4	0.033442
170	-1.3	0.030029
170	-1.2	0.025346
170	-1.1	0.021051
170	-1	0.021729
170	-0.9	0.026212
170	-0.8	0.036102
170	-0.7	0.045698
170	-0.6	0.054441
170	-0.5	0.05817
170	-0.4	0.058259
170	-0.3	0.053756
170	-0.2	0.0454
170	-0.1	0.037654
170	0	0.029994
170	0.1	0.022474
170	0.2	0.017581
170	0.3	0.016266
170	0.4	0.016032
170	0.5	0.015688
170	0.6	0.016603
170	0.7	0.020864
170	0.8	0.025782
170	0.9	0.032925
170	1	0.037426
170	1.1	0.043168
170	1.2	0.045709
170	1.3	0.046098
170	1.4	0.044511
170	1.5	0.042845
170	1.6	0.039912
170	1.7	0.036447
170	1.8	0.032536
170	1.9	0.030429
170	2	0.02923
170	2.1	0.028031
170	2.2	0.026215
170	2.3	0.024876
170	2.4	0.023926
170	2.5	0.023574
170	2.6	0.022465
170	2.7	0.021165
170	2.8	0.02078
170	2.9	0.020758
170	3	0.019546
170	3.1	0.018312
170	3.2	0.015824
170	3.3	0.013976
170	3.4	0.011479
170	3.5	0.010438
170	3.6	0.0083459
170	3.7	0.008016
170	3.8	0.0078304
170	3.9	0.0084766
170	4	0.0090947
180	-4	0.0082623
180	-3.9	0.0097399
180	-3.8	0.010188
180	-3.7	0.010465
180	-3.6	0.0095082
180	-3.5	0.0080623
180	-3.4	0.0066374
180	-3.3	0.0061758
180	-3.2	0.007358
180	-3.1	0.0085032
180	-3	0.0087929
180	-2.9	0.008639
180	-2.8	0.008272
180	-2.7	0.01007
180	-2.6	0.014104
180	-2.5	0.01815
180	-2.4	0.0229
180	-2.3	0.026885
180	-2.2	0.029415
180	-2.1	0.031882
180	-2	0.033731
180	-1.9	0.035349
180	-1.8	0.03623
180	-1.7	0.036094
180	-1.6	0.036171
180	-1.5	0.036171
180	-1.4	0.034431
180	-1.3	0.03005
180	-1.2	0.024899
180	-1.1	0.021905
180	-1	0.023127
180	-0.9	0.0316
180	-0.8	0.041581
180	-0.7	0.051618
180	-0.6	0.056781
180	-0.5	0.058991
180	-0.4	0.056956
180	-0.3	0.051165
180	-0.2	0.0431
180	-0.1	0.035136
180	0	0.026738
180	0.1	0.020618
180	0.2	0.017604
180	0.3	0.016684
180	0.4	0.016572
180	0.5	0.018116
180	0.6	0.019943
180	0.7	0.025132
180	0.8	0.030829
180	0.9	0.036611
180	1	0.041712
180	1.1	0.044997
180	1.2	0.046141
180	1.3	0.045469
180	1.4	0.044391
180	1.5	0.041933
180	1.6	0.039513
180	1.7	0.035028
180	1.8	0.031608
180	1.9	0.028164
180	2	0.025693
180	2.1	0.023998
180	2.2	0.022402
180	2.3	0.0225
180	2.4	0.023268
180	2.5	0.023643
180	2.6	0.022585
180	2.7	0.02073
180	2.8	0.019264
180	2.9	0.017567
180	3	0.016358
180	3.1	0.015203
180	3.2	0.014596
180	3.3	0.014233
180	3.4	0.013344
180	3.5	0.012004
180	3.6	0.010092
180	3.7	0.0082446
180	3.8	0.0072295
180	3.9	0.0073139
180	4	0.0078036
 
Uniformity time =51.7 sec
 
Uniformity Ratio =0.66037
