05-Oct-2018
12:30
TXR  009263 RM495 R24
33511B Function Generator
SN =Agilent Technologies,33511B,MY52301476,3.05-1.19-2.00-52-00
freq =+8.990000000000000E+06
burstmode =TRIG
burstN =+6.000000000000000E+01
voltage =+1.5000000000000E-01
 
DSO-X 2022A Oscilloscope
SN =AGILENT TECHNOLOGIES,DSO-X 2022A,MY54310921,02.41.2015102200
probe =+1.0000000E+00
scale =+500.0E-09
position =+19.900000E-06
range =+1.60E+00
units =VOLT
points =+2000
pointmode =NORM
format =BYTE
acqtype =NORM
trigsource =EXT
coupling =AC
 
-180	-4	0.011382
-180	-3.9	0.013579
-180	-3.8	0.015448
-180	-3.7	0.016043
-180	-3.6	0.015287
-180	-3.5	0.013486
-180	-3.4	0.012067
-180	-3.3	0.011762
-180	-3.2	0.011642
-180	-3.1	0.012383
-180	-3	0.012074
-180	-2.9	0.010612
-180	-2.8	0.0094451
-180	-2.7	0.010688
-180	-2.6	0.01452
-180	-2.5	0.019576
-180	-2.4	0.02441
-180	-2.3	0.027551
-180	-2.2	0.029751
-180	-2.1	0.031714
-180	-2	0.034542
-180	-1.9	0.038352
-180	-1.8	0.042385
-180	-1.7	0.045996
-180	-1.6	0.047015
-180	-1.5	0.045511
-180	-1.4	0.042357
-180	-1.3	0.037029
-180	-1.2	0.031718
-180	-1.1	0.028833
-180	-1	0.032953
-180	-0.9	0.039249
-180	-0.8	0.046327
-180	-0.7	0.054624
-180	-0.6	0.058657
-180	-0.5	0.058375
-180	-0.4	0.055221
-180	-0.3	0.04812
-180	-0.2	0.041911
-180	-0.1	0.031621
-180	0	0.025445
-180	0.1	0.022006
-180	0.2	0.020543
-180	0.3	0.020718
-180	0.4	0.022118
-180	0.5	0.025418
-180	0.6	0.028686
-180	0.7	0.033774
-180	0.8	0.040006
-180	0.9	0.043118
-180	1	0.047017
-180	1.1	0.047464
-180	1.2	0.047164
-180	1.3	0.04632
-180	1.4	0.043727
-180	1.5	0.041722
-180	1.6	0.038657
-180	1.7	0.035875
-180	1.8	0.031068
-180	1.9	0.027891
-180	2	0.024651
-180	2.1	0.024355
-180	2.2	0.0259
-180	2.3	0.027594
-180	2.4	0.027781
-180	2.5	0.027396
-180	2.6	0.026282
-180	2.7	0.023102
-180	2.8	0.018028
-180	2.9	0.01569
-180	3	0.013813
-180	3.1	0.012913
-180	3.2	0.012416
-180	3.3	0.011233
-180	3.4	0.010251
-180	3.5	0.0089134
-180	3.6	0.0073272
-180	3.7	0.0069653
-180	3.8	0.0072071
-180	3.9	0.0067891
-180	4	0.0072851
-170	-4	0.010815
-170	-3.9	0.012618
-170	-3.8	0.013831
-170	-3.7	0.013342
-170	-3.6	0.012324
-170	-3.5	0.010132
-170	-3.4	0.0090144
-170	-3.3	0.0094434
-170	-3.2	0.011014
-170	-3.1	0.011946
-170	-3	0.012139
-170	-2.9	0.01154
-170	-2.8	0.010844
-170	-2.7	0.012409
-170	-2.6	0.016659
-170	-2.5	0.021594
-170	-2.4	0.025756
-170	-2.3	0.028885
-170	-2.2	0.031945
-170	-2.1	0.034668
-170	-2	0.037993
-170	-1.9	0.042006
-170	-1.8	0.046041
-170	-1.7	0.047953
-170	-1.6	0.047928
-170	-1.5	0.04597
-170	-1.4	0.042496
-170	-1.3	0.036564
-170	-1.2	0.031895
-170	-1.1	0.031863
-170	-1	0.036794
-170	-0.9	0.045181
-170	-0.8	0.052036
-170	-0.7	0.058919
-170	-0.6	0.060406
-170	-0.5	0.058531
-170	-0.4	0.053435
-170	-0.3	0.044138
-170	-0.2	0.036778
-170	-0.1	0.028693
-170	0	0.025403
-170	0.1	0.02217
-170	0.2	0.02129
-170	0.3	0.022011
-170	0.4	0.023946
-170	0.5	0.027697
-170	0.6	0.03193
-170	0.7	0.037261
-170	0.8	0.041998
-170	0.9	0.044604
-170	1	0.046037
-170	1.1	0.046916
-170	1.2	0.047321
-170	1.3	0.04679
-170	1.4	0.043866
-170	1.5	0.042095
-170	1.6	0.038333
-170	1.7	0.034829
-170	1.8	0.029759
-170	1.9	0.024648
-170	2	0.023676
-170	2.1	0.025038
-170	2.2	0.027126
-170	2.3	0.027729
-170	2.4	0.027321
-170	2.5	0.025514
-170	2.6	0.02263
-170	2.7	0.018634
-170	2.8	0.015997
-170	2.9	0.015214
-170	3	0.015198
-170	3.1	0.015293
-170	3.2	0.014763
-170	3.3	0.013232
-170	3.4	0.011008
-170	3.5	0.0092968
-170	3.6	0.0087763
-170	3.7	0.0092916
-170	3.8	0.0092532
-170	3.9	0.0099452
-170	4	0.010928
-160	-4	0.016749
-160	-3.9	0.017335
-160	-3.8	0.016138
-160	-3.7	0.013538
-160	-3.6	0.01117
-160	-3.5	0.010086
-160	-3.4	0.012753
-160	-3.3	0.014404
-160	-3.2	0.01596
-160	-3.1	0.016266
-160	-3	0.014825
-160	-2.9	0.012996
-160	-2.8	0.014334
-160	-2.7	0.017917
-160	-2.6	0.022154
-160	-2.5	0.025704
-160	-2.4	0.029174
-160	-2.3	0.031045
-160	-2.2	0.033784
-160	-2.1	0.0368
-160	-2	0.041253
-160	-1.9	0.044206
-160	-1.8	0.046688
-160	-1.7	0.048156
-160	-1.6	0.046228
-160	-1.5	0.04142
-160	-1.4	0.03556
-160	-1.3	0.029512
-160	-1.2	0.027655
-160	-1.1	0.032204
-160	-1	0.04004
-160	-0.9	0.049178
-160	-0.8	0.057761
-160	-0.7	0.062815
-160	-0.6	0.062615
-160	-0.5	0.059234
-160	-0.4	0.052106
-160	-0.3	0.043976
-160	-0.2	0.035123
-160	-0.1	0.026213
-160	0	0.022804
-160	0.1	0.021736
-160	0.2	0.022326
-160	0.3	0.022917
-160	0.4	0.024305
-160	0.5	0.027248
-160	0.6	0.031125
-160	0.7	0.036936
-160	0.8	0.042436
-160	0.9	0.047659
-160	1	0.049748
-160	1.1	0.051416
-160	1.2	0.050328
-160	1.3	0.046301
-160	1.4	0.042867
-160	1.5	0.038452
-160	1.6	0.032801
-160	1.7	0.028369
-160	1.8	0.025833
-160	1.9	0.025135
-160	2	0.026338
-160	2.1	0.027667
-160	2.2	0.027528
-160	2.3	0.025785
-160	2.4	0.023545
-160	2.5	0.021404
-160	2.6	0.019177
-160	2.7	0.018441
-160	2.8	0.018707
-160	2.9	0.019077
-160	3	0.019555
-160	3.1	0.018279
-160	3.2	0.015718
-160	3.3	0.012231
-160	3.4	0.0093902
-160	3.5	0.0081619
-160	3.6	0.0086726
-160	3.7	0.0099744
-160	3.8	0.010671
-160	3.9	0.01122
-160	4	0.010601
-150	-4	0.011984
-150	-3.9	0.012439
-150	-3.8	0.012154
-150	-3.7	0.011086
-150	-3.6	0.010598
-150	-3.5	0.0098521
-150	-3.4	0.010241
-150	-3.3	0.01099
-150	-3.2	0.012533
-150	-3.1	0.012536
-150	-3	0.01173
-150	-2.9	0.011309
-150	-2.8	0.012804
-150	-2.7	0.016053
-150	-2.6	0.020454
-150	-2.5	0.025749
-150	-2.4	0.028704
-150	-2.3	0.031571
-150	-2.2	0.034729
-150	-2.1	0.037937
-150	-2	0.041499
-150	-1.9	0.042877
-150	-1.8	0.044573
-150	-1.7	0.044278
-150	-1.6	0.042275
-150	-1.5	0.03872
-150	-1.4	0.033809
-150	-1.3	0.031403
-150	-1.2	0.032224
-150	-1.1	0.035909
-150	-1	0.043381
-150	-0.9	0.051032
-150	-0.8	0.058099
-150	-0.7	0.061235
-150	-0.6	0.060374
-150	-0.5	0.05626
-150	-0.4	0.050377
-150	-0.3	0.041882
-150	-0.2	0.033559
-150	-0.1	0.025325
-150	0	0.022351
-150	0.1	0.0204
-150	0.2	0.019968
-150	0.3	0.020091
-150	0.4	0.021113
-150	0.5	0.023861
-150	0.6	0.027915
-150	0.7	0.035611
-150	0.8	0.039406
-150	0.9	0.044241
-150	1	0.047693
-150	1.1	0.049581
-150	1.2	0.049782
-150	1.3	0.046844
-150	1.4	0.043826
-150	1.5	0.039419
-150	1.6	0.034602
-150	1.7	0.03063
-150	1.8	0.028635
-150	1.9	0.027838
-150	2	0.02807
-150	2.1	0.029204
-150	2.2	0.028694
-150	2.3	0.026695
-150	2.4	0.025089
-150	2.5	0.022843
-150	2.6	0.020777
-150	2.7	0.019195
-150	2.8	0.018835
-150	2.9	0.018562
-150	3	0.017233
-150	3.1	0.015529
-150	3.2	0.013461
-150	3.3	0.010595
-150	3.4	0.0079248
-150	3.5	0.0078036
-150	3.6	0.0088387
-150	3.7	0.0089478
-150	3.8	0.0094091
-150	3.9	0.00971
-150	4	0.0093488
-140	-4	0.011562
-140	-3.9	0.012825
-140	-3.8	0.012356
-140	-3.7	0.011212
-140	-3.6	0.0094827
-140	-3.5	0.0094005
-140	-3.4	0.010931
-140	-3.3	0.013061
-140	-3.2	0.01349
-140	-3.1	0.012256
-140	-3	0.0096934
-140	-2.9	0.0085393
-140	-2.8	0.013236
-140	-2.7	0.018245
-140	-2.6	0.025754
-140	-2.5	0.02848
-140	-2.4	0.030938
-140	-2.3	0.031764
-140	-2.2	0.032589
-140	-2.1	0.034339
-140	-2	0.035506
-140	-1.9	0.037927
-140	-1.8	0.04016
-140	-1.7	0.041382
-140	-1.6	0.041057
-140	-1.5	0.03807
-140	-1.4	0.032337
-140	-1.3	0.029872
-140	-1.2	0.030721
-140	-1.1	0.03859
-140	-1	0.047302
-140	-0.9	0.055991
-140	-0.8	0.063187
-140	-0.7	0.065136
-140	-0.6	0.063004
-140	-0.5	0.057232
-140	-0.4	0.048391
-140	-0.3	0.038956
-140	-0.2	0.029233
-140	-0.1	0.02184
-140	0	0.017601
-140	0.1	0.017251
-140	0.2	0.017877
-140	0.3	0.018903
-140	0.4	0.02097
-140	0.5	0.024954
-140	0.6	0.031942
-140	0.7	0.038118
-140	0.8	0.044392
-140	0.9	0.048472
-140	1	0.050116
-140	1.1	0.049659
-140	1.2	0.047487
-140	1.3	0.044088
-140	1.4	0.039815
-140	1.5	0.036641
-140	1.6	0.033247
-140	1.7	0.030486
-140	1.8	0.028055
-140	1.9	0.026094
-140	2	0.025661
-140	2.1	0.025888
-140	2.2	0.026134
-140	2.3	0.025972
-140	2.4	0.025231
-140	2.5	0.023852
-140	2.6	0.022116
-140	2.7	0.019845
-140	2.8	0.01633
-140	2.9	0.014084
-140	3	0.012906
-140	3.1	0.012419
-140	3.2	0.011243
-140	3.3	0.010543
-140	3.4	0.0098193
-140	3.5	0.0094502
-140	3.6	0.0082662
-140	3.7	0.0068294
-140	3.8	0.006295
-140	3.9	0.0064221
-140	4	0.0076064
-130	-4	0.0090394
-130	-3.9	0.0094519
-130	-3.8	0.009139
-130	-3.7	0.0089802
-130	-3.6	0.0081836
-130	-3.5	0.0081718
-130	-3.4	0.0091725
-130	-3.3	0.010378
-130	-3.2	0.010716
-130	-3.1	0.010167
-130	-3	0.0089297
-130	-2.9	0.0089043
-130	-2.8	0.012253
-130	-2.7	0.01829
-130	-2.6	0.022053
-130	-2.5	0.026637
-130	-2.4	0.028857
-130	-2.3	0.031355
-130	-2.2	0.03305
-130	-2.1	0.034676
-130	-2	0.036259
-130	-1.9	0.037451
-130	-1.8	0.038089
-130	-1.7	0.037741
-130	-1.6	0.036333
-130	-1.5	0.033864
-130	-1.4	0.03185
-130	-1.3	0.031494
-130	-1.2	0.035281
-130	-1.1	0.041544
-130	-1	0.049943
-130	-0.9	0.056872
-130	-0.8	0.061373
-130	-0.7	0.061684
-130	-0.6	0.057495
-130	-0.5	0.051277
-130	-0.4	0.04062
-130	-0.3	0.032667
-130	-0.2	0.024288
-130	-0.1	0.018055
-130	0	0.016404
-130	0.1	0.01632
-130	0.2	0.016423
-130	0.3	0.017604
-130	0.4	0.020052
-130	0.5	0.02486
-130	0.6	0.032316
-130	0.7	0.039356
-130	0.8	0.044546
-130	0.9	0.048161
-130	1	0.04961
-130	1.1	0.05011
-130	1.2	0.048288
-130	1.3	0.044296
-130	1.4	0.039857
-130	1.5	0.036483
-130	1.6	0.033989
-130	1.7	0.030858
-130	1.8	0.028625
-130	1.9	0.02761
-130	2	0.02713
-130	2.1	0.027625
-130	2.2	0.027123
-130	2.3	0.025844
-130	2.4	0.024941
-130	2.5	0.022832
-130	2.6	0.021121
-130	2.7	0.018217
-130	2.8	0.014325
-130	2.9	0.011446
-130	3	0.010859
-130	3.1	0.0099565
-130	3.2	0.0099954
-130	3.3	0.0090251
-130	3.4	0.0088241
-130	3.5	0.0088131
-130	3.6	0.0068648
-130	3.7	0.0054502
-130	3.8	0.0052754
-130	3.9	0.0061679
-130	4	0.006635
-120	-4	0.0091053
-120	-3.9	0.010033
-120	-3.8	0.0096516
-120	-3.7	0.008624
-120	-3.6	0.00748
-120	-3.5	0.0070575
-120	-3.4	0.0073734
-120	-3.3	0.0092881
-120	-3.2	0.0094656
-120	-3.1	0.0090715
-120	-3	0.0090787
-120	-2.9	0.0097747
-120	-2.8	0.014052
-120	-2.7	0.017951
-120	-2.6	0.020948
-120	-2.5	0.024242
-120	-2.4	0.025142
-120	-2.3	0.026962
-120	-2.2	0.029381
-120	-2.1	0.032392
-120	-2	0.035641
-120	-1.9	0.037384
-120	-1.8	0.038117
-120	-1.7	0.036724
-120	-1.6	0.03502
-120	-1.5	0.03108
-120	-1.4	0.029551
-120	-1.3	0.030587
-120	-1.2	0.036366
-120	-1.1	0.046732
-120	-1	0.052476
-120	-0.9	0.059244
-120	-0.8	0.062957
-120	-0.7	0.060374
-120	-0.6	0.05546
-120	-0.5	0.048039
-120	-0.4	0.037076
-120	-0.3	0.028465
-120	-0.2	0.020105
-120	-0.1	0.016731
-120	0	0.015909
-120	0.1	0.016813
-120	0.2	0.017629
-120	0.3	0.019455
-120	0.4	0.022896
-120	0.5	0.02761
-120	0.6	0.034713
-120	0.7	0.039399
-120	0.8	0.043062
-120	0.9	0.04618
-120	1	0.04702
-120	1.1	0.046559
-120	1.2	0.044497
-120	1.3	0.03926
-120	1.4	0.035561
-120	1.5	0.031064
-120	1.6	0.026349
-120	1.7	0.024292
-120	1.8	0.023662
-120	1.9	0.024188
-120	2	0.025169
-120	2.1	0.024975
-120	2.2	0.023441
-120	2.3	0.021011
-120	2.4	0.01893
-120	2.5	0.017025
-120	2.6	0.015909
-120	2.7	0.01514
-120	2.8	0.014479
-120	2.9	0.013431
-120	3	0.012962
-120	3.1	0.011018
-120	3.2	0.0083807
-120	3.3	0.0066932
-120	3.4	0.0066326
-120	3.5	0.007851
-120	3.6	0.0092497
-120	3.7	0.0093522
-120	3.8	0.0082876
-120	3.9	0.0070667
-120	4	0.0064622
-110	-4	0.012035
-110	-3.9	0.011406
-110	-3.8	0.0093902
-110	-3.7	0.0079614
-110	-3.6	0.0055704
-110	-3.5	0.0066787
-110	-3.4	0.0098849
-110	-3.3	0.010823
-110	-3.2	0.011385
-110	-3.1	0.011018
-110	-3	0.010045
-110	-2.9	0.010414
-110	-2.8	0.013657
-110	-2.7	0.017179
-110	-2.6	0.020877
-110	-2.5	0.023965
-110	-2.4	0.026182
-110	-2.3	0.028008
-110	-2.2	0.029133
-110	-2.1	0.030489
-110	-2	0.031323
-110	-1.9	0.032239
-110	-1.8	0.032699
-110	-1.7	0.031815
-110	-1.6	0.030588
-110	-1.5	0.028883
-110	-1.4	0.02885
-110	-1.3	0.031817
-110	-1.2	0.038137
-110	-1.1	0.047325
-110	-1	0.05677
-110	-0.9	0.062319
-110	-0.8	0.063928
-110	-0.7	0.061419
-110	-0.6	0.052992
-110	-0.5	0.044445
-110	-0.4	0.032438
-110	-0.3	0.024129
-110	-0.2	0.016485
-110	-0.1	0.014759
-110	0	0.01497
-110	0.1	0.014892
-110	0.2	0.015445
-110	0.3	0.017127
-110	0.4	0.022482
-110	0.5	0.029617
-110	0.6	0.038261
-110	0.7	0.042887
-110	0.8	0.047756
-110	0.9	0.048608
-110	1	0.047431
-110	1.1	0.044151
-110	1.2	0.041381
-110	1.3	0.037278
-110	1.4	0.03368
-110	1.5	0.031051
-110	1.6	0.02919
-110	1.7	0.0273
-110	1.8	0.025453
-110	1.9	0.024328
-110	2	0.023339
-110	2.1	0.022743
-110	2.2	0.021746
-110	2.3	0.020884
-110	2.4	0.019628
-110	2.5	0.018728
-110	2.6	0.017871
-110	2.7	0.015745
-110	2.8	0.013883
-110	2.9	0.012464
-110	3	0.011433
-110	3.1	0.0093315
-110	3.2	0.0078407
-110	3.3	0.0065566
-110	3.4	0.0065319
-110	3.5	0.0059871
-110	3.6	0.0064972
-110	3.7	0.0067293
-110	3.8	0.0068883
-110	3.9	0.0070507
-110	4	0.0073931
-100	-4	0.010013
-100	-3.9	0.0083576
-100	-3.8	0.0066008
-100	-3.7	0.0060622
-100	-3.6	0.006963
-100	-3.5	0.0082603
-100	-3.4	0.0097978
-100	-3.3	0.0098865
-100	-3.2	0.0083518
-100	-3.1	0.0069931
-100	-3	0.0088898
-100	-2.9	0.011962
-100	-2.8	0.016085
-100	-2.7	0.020794
-100	-2.6	0.022616
-100	-2.5	0.022976
-100	-2.4	0.023367
-100	-2.3	0.024893
-100	-2.2	0.027591
-100	-2.1	0.030822
-100	-2	0.032984
-100	-1.9	0.034485
-100	-1.8	0.033849
-100	-1.7	0.031168
-100	-1.6	0.027804
-100	-1.5	0.025876
-100	-1.4	0.029967
-100	-1.3	0.03562
-100	-1.2	0.044141
-100	-1.1	0.052346
-100	-1	0.058858
-100	-0.9	0.062069
-100	-0.8	0.059638
-100	-0.7	0.052576
-100	-0.6	0.046255
-100	-0.5	0.035119
-100	-0.4	0.028195
-100	-0.3	0.021012
-100	-0.2	0.017134
-100	-0.1	0.016425
-100	0	0.016392
-100	0.1	0.016072
-100	0.2	0.016582
-100	0.3	0.01853
-100	0.4	0.02354
-100	0.5	0.030789
-100	0.6	0.036365
-100	0.7	0.039795
-100	0.8	0.043209
-100	0.9	0.043721
-100	1	0.042798
-100	1.1	0.039838
-100	1.2	0.034945
-100	1.3	0.031695
-100	1.4	0.028138
-100	1.5	0.026099
-100	1.6	0.024349
-100	1.7	0.023678
-100	1.8	0.023385
-100	1.9	0.023512
-100	2	0.023859
-100	2.1	0.023432
-100	2.2	0.023521
-100	2.3	0.022936
-100	2.4	0.022323
-100	2.5	0.021189
-100	2.6	0.019819
-100	2.7	0.017906
-100	2.8	0.016555
-100	2.9	0.015381
-100	3	0.014757
-100	3.1	0.013469
-100	3.2	0.012603
-100	3.3	0.011226
-100	3.4	0.010113
-100	3.5	0.0093885
-100	3.6	0.0093367
-100	3.7	0.0095624
-100	3.8	0.01
-100	3.9	0.010499
-100	4	0.01014
-90	-4	0.0077516
-90	-3.9	0.0075488
-90	-3.8	0.006879
-90	-3.7	0.0064322
-90	-3.6	0.0068389
-90	-3.5	0.007508
-90	-3.4	0.0084899
-90	-3.3	0.0079837
-90	-3.2	0.0073448
-90	-3.1	0.0071214
-90	-3	0.0087191
-90	-2.9	0.01164
-90	-2.8	0.015356
-90	-2.7	0.018598
-90	-2.6	0.020459
-90	-2.5	0.021541
-90	-2.4	0.023141
-90	-2.3	0.025428
-90	-2.2	0.027709
-90	-2.1	0.030241
-90	-2	0.032348
-90	-1.9	0.033387
-90	-1.8	0.032696
-90	-1.7	0.030612
-90	-1.6	0.029057
-90	-1.5	0.029181
-90	-1.4	0.032247
-90	-1.3	0.0409
-90	-1.2	0.048861
-90	-1.1	0.055942
-90	-1	0.062351
-90	-0.9	0.06329
-90	-0.8	0.060507
-90	-0.7	0.053627
-90	-0.6	0.045211
-90	-0.5	0.035075
-90	-0.4	0.025424
-90	-0.3	0.01843
-90	-0.2	0.015431
-90	-0.1	0.01538
-90	0	0.015489
-90	0.1	0.015389
-90	0.2	0.017688
-90	0.3	0.022583
-90	0.4	0.029643
-90	0.5	0.038171
-90	0.6	0.043753
-90	0.7	0.04718
-90	0.8	0.048802
-90	0.9	0.048714
-90	1	0.046758
-90	1.1	0.043835
-90	1.2	0.040311
-90	1.3	0.03788
-90	1.4	0.03536
-90	1.5	0.033071
-90	1.6	0.030329
-90	1.7	0.028253
-90	1.8	0.027144
-90	1.9	0.026597
-90	2	0.025809
-90	2.1	0.025459
-90	2.2	0.024353
-90	2.3	0.022783
-90	2.4	0.020815
-90	2.5	0.018535
-90	2.6	0.017023
-90	2.7	0.015569
-90	2.8	0.014471
-90	2.9	0.014013
-90	3	0.013552
-90	3.1	0.011355
-90	3.2	0.009715
-90	3.3	0.0072026
-90	3.4	0.0064045
-90	3.5	0.0063385
-90	3.6	0.0064622
-90	3.7	0.0069024
-90	3.8	0.0071146
-90	3.9	0.006963
-90	4	0.0064847
-80	-4	0.0081202
-80	-3.9	0.0079817
-80	-3.8	0.0066033
-80	-3.7	0.0062667
-80	-3.6	0.0068601
-80	-3.5	0.0082935
-80	-3.4	0.0096382
-80	-3.3	0.0098751
-80	-3.2	0.0090126
-80	-3.1	0.007787
-80	-3	0.0098094
-80	-2.9	0.012987
-80	-2.8	0.01749
-80	-2.7	0.021226
-80	-2.6	0.02362
-80	-2.5	0.024473
-80	-2.4	0.025138
-80	-2.3	0.026205
-80	-2.2	0.027518
-80	-2.1	0.029397
-80	-2	0.031527
-80	-1.9	0.033554
-80	-1.8	0.033634
-80	-1.7	0.031263
-80	-1.6	0.028662
-80	-1.5	0.028244
-80	-1.4	0.032775
-80	-1.3	0.041924
-80	-1.2	0.047932
-80	-1.1	0.05524
-80	-1	0.059967
-80	-0.9	0.060265
-80	-0.8	0.056682
-80	-0.7	0.048162
-80	-0.6	0.04028
-80	-0.5	0.031167
-80	-0.4	0.022025
-80	-0.3	0.017912
-80	-0.2	0.016548
-80	-0.1	0.017878
-80	0	0.018056
-80	0.1	0.019613
-80	0.2	0.021515
-80	0.3	0.026056
-80	0.4	0.03177
-80	0.5	0.03915
-80	0.6	0.044187
-80	0.7	0.048955
-80	0.8	0.050671
-80	0.9	0.0502
-80	1	0.047155
-80	1.1	0.043625
-80	1.2	0.03779
-80	1.3	0.034147
-80	1.4	0.030229
-80	1.5	0.027836
-80	1.6	0.026705
-80	1.7	0.026726
-80	1.8	0.02757
-80	1.9	0.027387
-80	2	0.026494
-80	2.1	0.025279
-80	2.2	0.023766
-80	2.3	0.023197
-80	2.4	0.022405
-80	2.5	0.022045
-80	2.6	0.02072
-80	2.7	0.019397
-80	2.8	0.017582
-80	2.9	0.015229
-80	3	0.011352
-80	3.1	0.0097084
-80	3.2	0.0092007
-80	3.3	0.0098538
-80	3.4	0.010783
-80	3.5	0.010781
-80	3.6	0.0098406
-80	3.7	0.0088021
-80	3.8	0.0083981
-80	3.9	0.0068223
-80	4	0.0074843
-70	-4	0.010347
-70	-3.9	0.0094997
-70	-3.8	0.0079533
-70	-3.7	0.0058699
-70	-3.6	0.0072384
-70	-3.5	0.010034
-70	-3.4	0.010965
-70	-3.3	0.010765
-70	-3.2	0.010639
-70	-3.1	0.0092654
-70	-3	0.010715
-70	-2.9	0.014725
-70	-2.8	0.018484
-70	-2.7	0.023833
-70	-2.6	0.026713
-70	-2.5	0.028056
-70	-2.4	0.028275
-70	-2.3	0.027184
-70	-2.2	0.025671
-70	-2.1	0.02577
-70	-2	0.027066
-70	-1.9	0.030614
-70	-1.8	0.033173
-70	-1.7	0.033799
-70	-1.6	0.03286
-70	-1.5	0.031999
-70	-1.4	0.034472
-70	-1.3	0.039529
-70	-1.2	0.045809
-70	-1.1	0.053511
-70	-1	0.057264
-70	-0.9	0.059318
-70	-0.8	0.05681
-70	-0.7	0.051551
-70	-0.6	0.041822
-70	-0.5	0.033713
-70	-0.4	0.025391
-70	-0.3	0.018509
-70	-0.2	0.016647
-70	-0.1	0.017371
-70	0	0.018312
-70	0.1	0.019707
-70	0.2	0.023037
-70	0.3	0.028892
-70	0.4	0.03657
-70	0.5	0.043432
-70	0.6	0.048855
-70	0.7	0.052678
-70	0.8	0.054453
-70	0.9	0.053797
-70	1	0.051742
-70	1.1	0.048021
-70	1.2	0.043286
-70	1.3	0.037731
-70	1.4	0.034706
-70	1.5	0.032018
-70	1.6	0.029276
-70	1.7	0.026672
-70	1.8	0.025315
-70	1.9	0.024686
-70	2	0.024461
-70	2.1	0.025075
-70	2.2	0.024446
-70	2.3	0.023571
-70	2.4	0.021984
-70	2.5	0.019828
-70	2.6	0.016622
-70	2.7	0.014176
-70	2.8	0.01272
-70	2.9	0.012082
-70	3	0.01141
-70	3.1	0.011544
-70	3.2	0.011674
-70	3.3	0.011122
-70	3.4	0.0098406
-70	3.5	0.0089007
-70	3.6	0.0075338
-70	3.7	0.0072763
-70	3.8	0.0082837
-70	3.9	0.0078036
-70	4	0.0069281
-60	-4	0.0088916
-60	-3.9	0.0084728
-60	-3.8	0.0080402
-60	-3.7	0.007583
-60	-3.6	0.0089333
-60	-3.5	0.008917
-60	-3.4	0.010071
-60	-3.3	0.010701
-60	-3.2	0.011685
-60	-3.1	0.011856
-60	-3	0.014148
-60	-2.9	0.017207
-60	-2.8	0.02019
-60	-2.7	0.022741
-60	-2.6	0.02438
-60	-2.5	0.025161
-60	-2.4	0.025328
-60	-2.3	0.026337
-60	-2.2	0.027476
-60	-2.1	0.029034
-60	-2	0.030666
-60	-1.9	0.030916
-60	-1.8	0.030327
-60	-1.7	0.029161
-60	-1.6	0.028988
-60	-1.5	0.030574
-60	-1.4	0.035428
-60	-1.3	0.041146
-60	-1.2	0.048101
-60	-1.1	0.052707
-60	-1	0.056333
-60	-0.9	0.056746
-60	-0.8	0.053859
-60	-0.7	0.047204
-60	-0.6	0.040178
-60	-0.5	0.031893
-60	-0.4	0.024833
-60	-0.3	0.020102
-60	-0.2	0.019191
-60	-0.1	0.019502
-60	0	0.020011
-60	0.1	0.021649
-60	0.2	0.026276
-60	0.3	0.031207
-60	0.4	0.038972
-60	0.5	0.045339
-60	0.6	0.050254
-60	0.7	0.05406
-60	0.8	0.055089
-60	0.9	0.054438
-60	1	0.052677
-60	1.1	0.049451
-60	1.2	0.045189
-60	1.3	0.041098
-60	1.4	0.037783
-60	1.5	0.035008
-60	1.6	0.032784
-60	1.7	0.030962
-60	1.8	0.029763
-60	1.9	0.030443
-60	2	0.031001
-60	2.1	0.03047
-60	2.2	0.029574
-60	2.3	0.027324
-60	2.4	0.025494
-60	2.5	0.022561
-60	2.6	0.019049
-60	2.7	0.016889
-60	2.8	0.016182
-60	2.9	0.016252
-60	3	0.016021
-60	3.1	0.015564
-60	3.2	0.014116
-60	3.3	0.012593
-60	3.4	0.010946
-60	3.5	0.0094194
-60	3.6	0.0079187
-60	3.7	0.008225
-60	3.8	0.0089658
-60	3.9	0.010159
-60	4	0.010296
-50	-4	0.0078901
-50	-3.9	0.0079187
-50	-3.8	0.0081718
-50	-3.7	0.0086968
-50	-3.6	0.009997
-50	-3.5	0.011804
-50	-3.4	0.013014
-50	-3.3	0.012862
-50	-3.2	0.013681
-50	-3.1	0.014536
-50	-3	0.016586
-50	-2.9	0.018969
-50	-2.8	0.020962
-50	-2.7	0.022809
-50	-2.6	0.024549
-50	-2.5	0.025943
-50	-2.4	0.028428
-50	-2.3	0.030766
-50	-2.2	0.032665
-50	-2.1	0.033365
-50	-2	0.032927
-50	-1.9	0.03129
-50	-1.8	0.029187
-50	-1.7	0.028334
-50	-1.6	0.030013
-50	-1.5	0.032923
-50	-1.4	0.038475
-50	-1.3	0.044804
-50	-1.2	0.052363
-50	-1.1	0.054954
-50	-1	0.056771
-50	-0.9	0.055779
-50	-0.8	0.051231
-50	-0.7	0.045747
-50	-0.6	0.039092
-50	-0.5	0.031424
-50	-0.4	0.026393
-50	-0.3	0.023156
-50	-0.2	0.022126
-50	-0.1	0.022414
-50	0	0.022716
-50	0.1	0.024498
-50	0.2	0.027451
-50	0.3	0.031732
-50	0.4	0.038882
-50	0.5	0.045079
-50	0.6	0.050218
-50	0.7	0.054611
-50	0.8	0.056776
-50	0.9	0.056728
-50	1	0.055375
-50	1.1	0.051903
-50	1.2	0.04707
-50	1.3	0.042206
-50	1.4	0.038202
-50	1.5	0.036211
-50	1.6	0.034673
-50	1.7	0.03422
-50	1.8	0.033251
-50	1.9	0.032921
-50	2	0.032519
-50	2.1	0.03119
-50	2.2	0.0289
-50	2.3	0.027823
-50	2.4	0.027131
-50	2.5	0.025994
-50	2.6	0.024051
-50	2.7	0.022098
-50	2.8	0.019738
-50	2.9	0.018467
-50	3	0.016988
-50	3.1	0.014428
-50	3.2	0.013836
-50	3.3	0.013059
-50	3.4	0.012482
-50	3.5	0.01118
-50	3.6	0.010211
-50	3.7	0.0099289
-50	3.8	0.010414
-50	3.9	0.011265
-50	4	0.011916
-40	-4	0.010483
-40	-3.9	0.0094519
-40	-3.8	0.0083595
-40	-3.7	0.0089315
-40	-3.6	0.01181
-40	-3.5	0.013963
-40	-3.4	0.014925
-40	-3.3	0.015248
-40	-3.2	0.014788
-40	-3.1	0.014843
-40	-3	0.016762
-40	-2.9	0.020104
-40	-2.8	0.023989
-40	-2.7	0.025879
-40	-2.6	0.026655
-40	-2.5	0.027509
-40	-2.4	0.028899
-40	-2.3	0.030861
-40	-2.2	0.032194
-40	-2.1	0.032455
-40	-2	0.033523
-40	-1.9	0.032801
-40	-1.8	0.031985
-40	-1.7	0.030708
-40	-1.6	0.030281
-40	-1.5	0.032022
-40	-1.4	0.036526
-40	-1.3	0.040754
-40	-1.2	0.047269
-40	-1.1	0.05155
-40	-1	0.054237
-40	-0.9	0.054301
-40	-0.8	0.051031
-40	-0.7	0.044544
-40	-0.6	0.039575
-40	-0.5	0.031449
-40	-0.4	0.026597
-40	-0.3	0.02251
-40	-0.2	0.022128
-40	-0.1	0.02283
-40	0	0.023661
-40	0.1	0.025168
-40	0.2	0.027644
-40	0.3	0.032102
-40	0.4	0.039961
-40	0.5	0.045868
-40	0.6	0.051724
-40	0.7	0.057351
-40	0.8	0.060322
-40	0.9	0.060607
-40	1	0.058679
-40	1.1	0.054317
-40	1.2	0.048556
-40	1.3	0.043113
-40	1.4	0.038327
-40	1.5	0.036003
-40	1.6	0.035186
-40	1.7	0.034883
-40	1.8	0.035456
-40	1.9	0.035113
-40	2	0.033361
-40	2.1	0.030418
-40	2.2	0.027144
-40	2.3	0.025332
-40	2.4	0.024356
-40	2.5	0.024478
-40	2.6	0.023874
-40	2.7	0.022785
-40	2.8	0.020343
-40	2.9	0.018558
-40	3	0.01505
-40	3.1	0.010841
-40	3.2	0.0094194
-40	3.3	0.0098587
-40	3.4	0.010619
-40	3.5	0.011554
-40	3.6	0.011653
-40	3.7	0.010616
-40	3.8	0.01005
-40	3.9	0.009227
-40	4	0.0089098
-30	-4	0.0086987
-30	-3.9	0.0085865
-30	-3.8	0.0085393
-30	-3.7	0.0074083
-30	-3.6	0.0077516
-30	-3.5	0.0095878
-30	-3.4	0.011268
-30	-3.3	0.010943
-30	-3.2	0.011644
-30	-3.1	0.011675
-30	-3	0.014045
-30	-2.9	0.016889
-30	-2.8	0.019846
-30	-2.7	0.022399
-30	-2.6	0.024032
-30	-2.5	0.024827
-30	-2.4	0.026853
-30	-2.3	0.029341
-30	-2.2	0.030628
-30	-2.1	0.031566
-30	-2	0.032131
-30	-1.9	0.032644
-30	-1.8	0.032697
-30	-1.7	0.0325
-30	-1.6	0.032268
-30	-1.5	0.033833
-30	-1.4	0.037401
-30	-1.3	0.043203
-30	-1.2	0.049202
-30	-1.1	0.054141
-30	-1	0.056767
-30	-0.9	0.055425
-30	-0.8	0.051244
-30	-0.7	0.044872
-30	-0.6	0.036519
-30	-0.5	0.030327
-30	-0.4	0.024925
-30	-0.3	0.021227
-30	-0.2	0.020624
-30	-0.1	0.021457
-30	0	0.023996
-30	0.1	0.027905
-30	0.2	0.034696
-30	0.3	0.039201
-30	0.4	0.045319
-30	0.5	0.049882
-30	0.6	0.053638
-30	0.7	0.05695
-30	0.8	0.058215
-30	0.9	0.058534
-30	1	0.056554
-30	1.1	0.053698
-30	1.2	0.050718
-30	1.3	0.047275
-30	1.4	0.041007
-30	1.5	0.038044
-30	1.6	0.034897
-30	1.7	0.033377
-30	1.8	0.032639
-30	1.9	0.032519
-30	2	0.032266
-30	2.1	0.031531
-30	2.2	0.029466
-30	2.3	0.027438
-30	2.4	0.02523
-30	2.5	0.024179
-30	2.6	0.023415
-30	2.7	0.022832
-30	2.8	0.021752
-30	2.9	0.020152
-30	3	0.018533
-30	3.1	0.015709
-30	3.2	0.012705
-30	3.3	0.011225
-30	3.4	0.011806
-30	3.5	0.0134
-30	3.6	0.014124
-30	3.7	0.014495
-30	3.8	0.013757
-30	3.9	0.012195
-30	4	0.010911
-20	-4	0.0098881
-20	-3.9	0.0092462
-20	-3.8	0.0091778
-20	-3.7	0.0090698
-20	-3.6	0.010479
-20	-3.5	0.012236
-20	-3.4	0.013145
-20	-3.3	0.012847
-20	-3.2	0.011157
-20	-3.1	0.010362
-20	-3	0.013334
-20	-2.9	0.016109
-20	-2.8	0.020115
-20	-2.7	0.022558
-20	-2.6	0.025294
-20	-2.5	0.026884
-20	-2.4	0.027458
-20	-2.3	0.027778
-20	-2.2	0.027155
-20	-2.1	0.026478
-20	-2	0.027665
-20	-1.9	0.029864
-20	-1.8	0.031859
-20	-1.7	0.031409
-20	-1.6	0.029843
-20	-1.5	0.028501
-20	-1.4	0.030245
-20	-1.3	0.035273
-20	-1.2	0.042001
-20	-1.1	0.047683
-20	-1	0.051689
-20	-0.9	0.051988
-20	-0.8	0.050125
-20	-0.7	0.045696
-20	-0.6	0.039892
-20	-0.5	0.03377
-20	-0.4	0.027077
-20	-0.3	0.022233
-20	-0.2	0.020276
-20	-0.1	0.020682
-20	0	0.022821
-20	0.1	0.026408
-20	0.2	0.030822
-20	0.3	0.035883
-20	0.4	0.042666
-20	0.5	0.046344
-20	0.6	0.052159
-20	0.7	0.05652
-20	0.8	0.05845
-20	0.9	0.059846
-20	1	0.059108
-20	1.1	0.056647
-20	1.2	0.052308
-20	1.3	0.04724
-20	1.4	0.041059
-20	1.5	0.035948
-20	1.6	0.031385
-20	1.7	0.029145
-20	1.8	0.028798
-20	1.9	0.029032
-20	2	0.029697
-20	2.1	0.029862
-20	2.2	0.028252
-20	2.3	0.026852
-20	2.4	0.023373
-20	2.5	0.020709
-20	2.6	0.01791
-20	2.7	0.016185
-20	2.8	0.015818
-20	2.9	0.01527
-20	3	0.014768
-20	3.1	0.013635
-20	3.2	0.013236
-20	3.3	0.01109
-20	3.4	0.0096382
-20	3.5	0.0084899
-20	3.6	0.0089224
-20	3.7	0.0086259
-20	3.8	0.0091866
-20	3.9	0.0088515
-20	4	0.0086427
-10	-4	0.0079635
-10	-3.9	0.0079999
-10	-3.8	0.0074388
-10	-3.7	0.008425
-10	-3.6	0.0083013
-10	-3.5	0.0092881
-10	-3.4	0.0097532
-10	-3.3	0.0097416
-10	-3.2	0.0086689
-10	-3.1	0.0091936
-10	-3	0.011843
-10	-2.9	0.015851
-10	-2.8	0.018239
-10	-2.7	0.020999
-10	-2.6	0.023165
-10	-2.5	0.023831
-10	-2.4	0.02384
-10	-2.3	0.023646
-10	-2.2	0.024146
-10	-2.1	0.02581
-10	-2	0.029091
-10	-1.9	0.032064
-10	-1.8	0.032895
-10	-1.7	0.031803
-10	-1.6	0.028154
-10	-1.5	0.026423
-10	-1.4	0.029023
-10	-1.3	0.034803
-10	-1.2	0.041321
-10	-1.1	0.047708
-10	-1	0.053008
-10	-0.9	0.055264
-10	-0.8	0.053722
-10	-0.7	0.050641
-10	-0.6	0.044329
-10	-0.5	0.037137
-10	-0.4	0.03031
-10	-0.3	0.023586
-10	-0.2	0.020057
-10	-0.1	0.019878
-10	0	0.022761
-10	0.1	0.024907
-10	0.2	0.029453
-10	0.3	0.035528
-10	0.4	0.040796
-10	0.5	0.046748
-10	0.6	0.052363
-10	0.7	0.057467
-10	0.8	0.059364
-10	0.9	0.059721
-10	1	0.058393
-10	1.1	0.054778
-10	1.2	0.050427
-10	1.3	0.045353
-10	1.4	0.040513
-10	1.5	0.035907
-10	1.6	0.031873
-10	1.7	0.029554
-10	1.8	0.028563
-10	1.9	0.027785
-10	2	0.027734
-10	2.1	0.026683
-10	2.2	0.025958
-10	2.3	0.024565
-10	2.4	0.022697
-10	2.5	0.01916
-10	2.6	0.017696
-10	2.7	0.014955
-10	2.8	0.013127
-10	2.9	0.010772
-10	3	0.0093936
-10	3.1	0.0081102
-10	3.2	0.0078242
-10	3.3	0.0075766
-10	3.4	0.0083672
-10	3.5	0.0085298
-10	3.6	0.0084804
-10	3.7	0.0078839
-10	3.8	0.0068507
-10	3.9	0.0059329
-10	4	0.0057193
0	-4	0.0079655
0	-3.9	0.007347
0	-3.8	0.0066496
0	-3.7	0.0067317
0	-3.6	0.0066179
0	-3.5	0.0078387
0	-3.4	0.0088698
0	-3.3	0.0093988
0	-3.2	0.0085582
0	-3.1	0.0072429
0	-3	0.0075359
0	-2.9	0.010403
0	-2.8	0.014076
0	-2.7	0.017789
0	-2.6	0.020582
0	-2.5	0.021863
0	-2.4	0.022914
0	-2.3	0.023501
0	-2.2	0.024634
0	-2.1	0.026613
0	-2	0.028506
0	-1.9	0.030812
0	-1.8	0.031323
0	-1.7	0.030145
0	-1.6	0.028058
0	-1.5	0.026921
0	-1.4	0.028026
0	-1.3	0.033426
0	-1.2	0.039066
0	-1.1	0.045607
0	-1	0.049901
0	-0.9	0.052694
0	-0.8	0.051833
0	-0.7	0.048463
0	-0.6	0.042191
0	-0.5	0.036865
0	-0.4	0.02965
0	-0.3	0.023504
0	-0.2	0.020064
0	-0.1	0.019844
0	0	0.020915
0	0.1	0.022412
0	0.2	0.024825
0	0.3	0.028308
0	0.4	0.03297
0	0.5	0.0384
0	0.6	0.044336
0	0.7	0.048093
0	0.8	0.051545
0	0.9	0.053723
0	1	0.054033
0	1.1	0.052691
0	1.2	0.048817
0	1.3	0.044033
0	1.4	0.038889
0	1.5	0.034739
0	1.6	0.031458
0	1.7	0.030064
0	1.8	0.029986
0	1.9	0.030354
0	2	0.030752
0	2.1	0.030431
0	2.2	0.027911
0	2.3	0.025745
0	2.4	0.02351
0	2.5	0.020732
0	2.6	0.019831
0	2.7	0.018881
0	2.8	0.01752
0	2.9	0.01537
0	3	0.012876
0	3.1	0.010184
0	3.2	0.007653
0	3.3	0.0073755
0	3.4	0.0085714
0	3.5	0.0090251
0	3.6	0.009234
0	3.7	0.0084842
0	3.8	0.0075359
0	3.9	0.0059274
0	4	0.0051982
10	-4	0.0077224
10	-3.9	0.0089622
10	-3.8	0.0082876
10	-3.7	0.0074214
10	-3.6	0.0061285
10	-3.5	0.0057108
10	-3.4	0.0070116
10	-3.3	0.0072071
10	-3.2	0.007568
10	-3.1	0.0075509
10	-3	0.0076149
10	-2.9	0.0093089
10	-2.8	0.011229
10	-2.7	0.013454
10	-2.6	0.016183
10	-2.5	0.018228
10	-2.4	0.020524
10	-2.3	0.022753
10	-2.2	0.025053
10	-2.1	0.026932
10	-2	0.028203
10	-1.9	0.029587
10	-1.8	0.030019
10	-1.7	0.029912
10	-1.6	0.029067
10	-1.5	0.027111
10	-1.4	0.026625
10	-1.3	0.030007
10	-1.2	0.03726
10	-1.1	0.043789
10	-1	0.050227
10	-0.9	0.05328
10	-0.8	0.054685
10	-0.7	0.050958
10	-0.6	0.046863
10	-0.5	0.039694
10	-0.4	0.031805
10	-0.3	0.025474
10	-0.2	0.020592
10	-0.1	0.018133
10	0	0.018512
10	0.1	0.019566
10	0.2	0.021801
10	0.3	0.025029
10	0.4	0.030497
10	0.5	0.035768
10	0.6	0.041804
10	0.7	0.046563
10	0.8	0.049633
10	0.9	0.051713
10	1	0.051922
10	1.1	0.050912
10	1.2	0.048327
10	1.3	0.044896
10	1.4	0.040605
10	1.5	0.03649
10	1.6	0.031446
10	1.7	0.028667
10	1.8	0.02785
10	1.9	0.027798
10	2	0.028148
10	2.1	0.028401
10	2.2	0.027804
10	2.3	0.02684
10	2.4	0.025276
10	2.5	0.02374
10	2.6	0.021243
10	2.7	0.020002
10	2.8	0.018531
10	2.9	0.0169
10	3	0.015235
10	3.1	0.013039
10	3.2	0.0098143
10	3.3	0.0078757
10	3.4	0.0070804
10	3.5	0.0078201
10	3.6	0.0091743
10	3.7	0.0087394
10	3.8	0.0094895
10	3.9	0.0087117
10	4	0.0080643
20	-4	0.011789
20	-3.9	0.011781
20	-3.8	0.010569
20	-3.7	0.0081718
20	-3.6	0.0055878
20	-3.5	0.0064171
20	-3.4	0.0075166
20	-3.3	0.0099711
20	-3.2	0.010452
20	-3.1	0.0094211
20	-3	0.0074627
20	-2.9	0.0068578
20	-2.8	0.009428
20	-2.7	0.013086
20	-2.6	0.016419
20	-2.5	0.018146
20	-2.4	0.019464
20	-2.3	0.019667
20	-2.2	0.020456
20	-2.1	0.02202
20	-2	0.024867
20	-1.9	0.027049
20	-1.8	0.029937
20	-1.7	0.030865
20	-1.6	0.029983
20	-1.5	0.026643
20	-1.4	0.021543
20	-1.3	0.021183
20	-1.2	0.027209
20	-1.1	0.03453
20	-1	0.045314
20	-0.9	0.052291
20	-0.8	0.057097
20	-0.7	0.05699
20	-0.6	0.052837
20	-0.5	0.046133
20	-0.4	0.035442
20	-0.3	0.028442
20	-0.2	0.020583
20	-0.1	0.016879
20	0	0.01805
20	0.1	0.020162
20	0.2	0.021624
20	0.3	0.023814
20	0.4	0.027306
20	0.5	0.035673
20	0.6	0.041459
20	0.7	0.048299
20	0.8	0.054358
20	0.9	0.056348
20	1	0.055865
20	1.1	0.053087
20	1.2	0.047792
20	1.3	0.041856
20	1.4	0.036272
20	1.5	0.031394
20	1.6	0.028859
20	1.7	0.02814
20	1.8	0.027676
20	1.9	0.027095
20	2	0.025926
20	2.1	0.023631
20	2.2	0.021069
20	2.3	0.020034
20	2.4	0.018601
20	2.5	0.017854
20	2.6	0.017663
20	2.7	0.016793
20	2.8	0.015288
20	2.9	0.013103
20	3	0.010985
20	3.1	0.0091655
20	3.2	0.0080643
20	3.3	0.007617
20	3.4	0.0076191
20	3.5	0.0072652
20	3.6	0.0071914
20	3.7	0.0063436
20	3.8	0.0059383
20	3.9	0.0054234
20	4	0.0064246
30	-4	0.008016
30	-3.9	0.0084994
30	-3.8	0.0087079
30	-3.7	0.0087561
30	-3.6	0.00697
30	-3.5	0.008006
30	-3.4	0.007369
30	-3.3	0.0080783
30	-3.2	0.0083923
30	-3.1	0.0083614
30	-3	0.0087598
30	-2.9	0.0082446
30	-2.8	0.009084
30	-2.7	0.009816
30	-2.6	0.012643
30	-2.5	0.016413
30	-2.4	0.018666
30	-2.3	0.02142
30	-2.2	0.022871
30	-2.1	0.024445
30	-2	0.026272
30	-1.9	0.029498
30	-1.8	0.031717
30	-1.7	0.033005
30	-1.6	0.031659
30	-1.5	0.028449
30	-1.4	0.024823
30	-1.3	0.024832
30	-1.2	0.029274
30	-1.1	0.036869
30	-1	0.045618
30	-0.9	0.052006
30	-0.8	0.054676
30	-0.7	0.055516
30	-0.6	0.051271
30	-0.5	0.044914
30	-0.4	0.037765
30	-0.3	0.028575
30	-0.2	0.02208
30	-0.1	0.018008
30	0	0.017072
30	0.1	0.017575
30	0.2	0.018433
30	0.3	0.020642
30	0.4	0.024209
30	0.5	0.030466
30	0.6	0.03691
30	0.7	0.041366
30	0.8	0.045684
30	0.9	0.047473
30	1	0.047337
30	1.1	0.045641
30	1.2	0.042255
30	1.3	0.038238
30	1.4	0.0348
30	1.5	0.031533
30	1.6	0.027817
30	1.7	0.026167
30	1.8	0.024049
30	1.9	0.023031
30	2	0.022619
30	2.1	0.023043
30	2.2	0.023813
30	2.3	0.024082
30	2.4	0.024011
30	2.5	0.023134
30	2.6	0.021964
30	2.7	0.019215
30	2.8	0.01723
30	2.9	0.01521
30	3	0.013878
30	3.1	0.013043
30	3.2	0.011733
30	3.3	0.010336
30	3.4	0.0095709
30	3.5	0.0088898
30	3.6	0.0077558
30	3.7	0.0075123
30	3.8	0.0086409
30	3.9	0.0094228
30	4	0.010441
40	-4	0.0069211
40	-3.9	0.0076085
40	-3.8	0.0080663
40	-3.7	0.0077953
40	-3.6	0.0074865
40	-3.5	0.0078798
40	-3.4	0.0093902
40	-3.3	0.0096332
40	-3.2	0.0099452
40	-3.1	0.0094707
40	-3	0.0076297
40	-2.9	0.0068436
40	-2.8	0.0074301
40	-2.7	0.010194
40	-2.6	0.014164
40	-2.5	0.017347
40	-2.4	0.020517
40	-2.3	0.023415
40	-2.2	0.025921
40	-2.1	0.026695
40	-2	0.026936
40	-1.9	0.027597
40	-1.8	0.028921
40	-1.7	0.03087
40	-1.6	0.031586
40	-1.5	0.030392
40	-1.4	0.027461
40	-1.3	0.025115
40	-1.2	0.026044
40	-1.1	0.031746
40	-1	0.036988
40	-0.9	0.044024
40	-0.8	0.049868
40	-0.7	0.051373
40	-0.6	0.0514
40	-0.5	0.048253
40	-0.4	0.042436
40	-0.3	0.037429
40	-0.2	0.030996
40	-0.1	0.025217
40	0	0.020442
40	0.1	0.017698
40	0.2	0.017507
40	0.3	0.019076
40	0.4	0.021138
40	0.5	0.024581
40	0.6	0.028788
40	0.7	0.033269
40	0.8	0.039597
40	0.9	0.042511
40	1	0.046246
40	1.1	0.047661
40	1.2	0.048158
40	1.3	0.046398
40	1.4	0.04375
40	1.5	0.039276
40	1.6	0.034684
40	1.7	0.029644
40	1.8	0.025888
40	1.9	0.024489
40	2	0.025105
40	2.1	0.026396
40	2.2	0.027409
40	2.3	0.027416
40	2.4	0.025752
40	2.5	0.023789
40	2.6	0.021551
40	2.7	0.019837
40	2.8	0.018402
40	2.9	0.017672
40	3	0.017007
40	3.1	0.015017
40	3.2	0.012003
40	3.3	0.008654
40	3.4	0.0063411
40	3.5	0.0057419
40	3.6	0.0072384
40	3.7	0.0086577
40	3.8	0.0092497
40	3.9	0.0090893
40	4	0.0086184
50	-4	0.0064996
50	-3.9	0.009
50	-3.8	0.010227
50	-3.7	0.010968
50	-3.6	0.010387
50	-3.5	0.009009
50	-3.4	0.0078716
50	-3.3	0.0083421
50	-3.2	0.0083032
50	-3.1	0.0091549
50	-3	0.0088771
50	-2.9	0.0082466
50	-2.8	0.007144
50	-2.7	0.0079938
50	-2.6	0.011189
50	-2.5	0.015082
50	-2.4	0.018364
50	-2.3	0.022487
50	-2.2	0.024871
50	-2.1	0.02657
50	-2	0.026841
50	-1.9	0.026805
50	-1.8	0.027356
50	-1.7	0.029443
50	-1.6	0.030658
50	-1.5	0.03167
50	-1.4	0.029829
50	-1.3	0.026661
50	-1.2	0.02304
50	-1.1	0.025224
50	-1	0.032299
50	-0.9	0.03993
50	-0.8	0.048904
50	-0.7	0.054803
50	-0.6	0.056273
50	-0.5	0.054921
50	-0.4	0.050236
50	-0.3	0.043193
50	-0.2	0.035461
50	-0.1	0.024522
50	0	0.01893
50	0.1	0.015174
50	0.2	0.015203
50	0.3	0.016535
50	0.4	0.018545
50	0.5	0.02292
50	0.6	0.02657
50	0.7	0.033729
50	0.8	0.038697
50	0.9	0.043638
50	1	0.046983
50	1.1	0.048
50	1.2	0.047816
50	1.3	0.046015
50	1.4	0.041968
50	1.5	0.037995
50	1.6	0.033722
50	1.7	0.030321
50	1.8	0.026138
50	1.9	0.023542
50	2	0.021969
50	2.1	0.022287
50	2.2	0.022991
50	2.3	0.02364
50	2.4	0.022601
50	2.5	0.021208
50	2.6	0.020271
50	2.7	0.017935
50	2.8	0.015652
50	2.9	0.013571
50	3	0.012044
50	3.1	0.011496
50	3.2	0.009416
50	3.3	0.008373
50	3.4	0.0070758
50	3.5	0.0059056
50	3.6	0.0063104
50	3.7	0.006517
50	3.8	0.0067173
50	3.9	0.00677
50	4	0.0073382
60	-4	0.0090072
60	-3.9	0.010407
60	-3.8	0.0118
60	-3.7	0.012934
60	-3.6	0.01256
60	-3.5	0.010903
60	-3.4	0.009241
60	-3.3	0.0080923
60	-3.2	0.0095878
60	-3.1	0.011301
60	-3	0.012096
60	-2.9	0.010254
60	-2.8	0.008272
60	-2.7	0.0083343
60	-2.6	0.011516
60	-2.5	0.015863
60	-2.4	0.020184
60	-2.3	0.022997
60	-2.2	0.024808
60	-2.1	0.026167
60	-2	0.028781
60	-1.9	0.029901
60	-1.8	0.031199
60	-1.7	0.032454
60	-1.6	0.033517
60	-1.5	0.033072
60	-1.4	0.03054
60	-1.3	0.026855
60	-1.2	0.023111
60	-1.1	0.023168
60	-1	0.029851
60	-0.9	0.037399
60	-0.8	0.046762
60	-0.7	0.053544
60	-0.6	0.056148
60	-0.5	0.055116
60	-0.4	0.05077
60	-0.3	0.043595
60	-0.2	0.037472
60	-0.1	0.028906
60	0	0.020962
60	0.1	0.016745
60	0.2	0.015581
60	0.3	0.015611
60	0.4	0.016002
60	0.5	0.017943
60	0.6	0.021205
60	0.7	0.026135
60	0.8	0.032252
60	0.9	0.037462
60	1	0.043419
60	1.1	0.046232
60	1.2	0.046678
60	1.3	0.0461
60	1.4	0.044197
60	1.5	0.040153
60	1.6	0.035738
60	1.7	0.031445
60	1.8	0.028149
60	1.9	0.025207
60	2	0.024841
60	2.1	0.024784
60	2.2	0.026617
60	2.3	0.027703
60	2.4	0.027399
60	2.5	0.026082
60	2.6	0.024037
60	2.7	0.021987
60	2.8	0.019216
60	2.9	0.01627
60	3	0.014261
60	3.1	0.012593
60	3.2	0.01165
60	3.3	0.011649
60	3.4	0.010642
60	3.5	0.0092532
60	3.6	0.0087413
60	3.7	0.0084975
60	3.8	0.0076741
60	3.9	0.0065517
60	4	0.0061941
70	-4	0.010786
70	-3.9	0.011712
70	-3.8	0.012252
70	-3.7	0.011743
70	-3.6	0.011383
70	-3.5	0.010744
70	-3.4	0.010474
70	-3.3	0.010205
70	-3.2	0.0098751
70	-3.1	0.0102
70	-3	0.010378
70	-2.9	0.01007
70	-2.8	0.0098636
70	-2.7	0.010395
70	-2.6	0.012438
70	-2.5	0.015653
70	-2.4	0.019643
70	-2.3	0.021866
70	-2.2	0.02393
70	-2.1	0.025668
70	-2	0.028701
70	-1.9	0.032009
70	-1.8	0.034635
70	-1.7	0.037034
70	-1.6	0.038114
70	-1.5	0.036108
70	-1.4	0.032282
70	-1.3	0.026955
70	-1.2	0.02517
70	-1.1	0.025949
70	-1	0.031734
70	-0.9	0.037675
70	-0.8	0.046276
70	-0.7	0.054593
70	-0.6	0.057642
70	-0.5	0.057881
70	-0.4	0.053522
70	-0.3	0.046485
70	-0.2	0.037147
70	-0.1	0.028547
70	0	0.020952
70	0.1	0.016451
70	0.2	0.015454
70	0.3	0.015929
70	0.4	0.016199
70	0.5	0.01753
70	0.6	0.01988
70	0.7	0.023967
70	0.8	0.029373
70	0.9	0.035847
70	1	0.041974
70	1.1	0.04523
70	1.2	0.046875
70	1.3	0.046169
70	1.4	0.043741
70	1.5	0.040324
70	1.6	0.036125
70	1.7	0.032589
70	1.8	0.029625
70	1.9	0.027843
70	2	0.025984
70	2.1	0.02589
70	2.2	0.026331
70	2.3	0.027269
70	2.4	0.027793
70	2.5	0.027469
70	2.6	0.02734
70	2.7	0.025449
70	2.8	0.023417
70	2.9	0.021185
70	3	0.018723
70	3.1	0.017522
70	3.2	0.01552
70	3.3	0.014715
70	3.4	0.013617
70	3.5	0.012148
70	3.6	0.010095
70	3.7	0.0088369
70	3.8	0.0084575
70	3.9	0.0089387
70	4	0.01007
80	-4	0.012793
80	-3.9	0.013714
80	-3.8	0.015076
80	-3.7	0.016095
80	-3.6	0.015837
80	-3.5	0.013777
80	-3.4	0.012167
80	-3.3	0.010162
80	-3.2	0.0097945
80	-3.1	0.011071
80	-3	0.012119
80	-2.9	0.012287
80	-2.8	0.011685
80	-2.7	0.011037
80	-2.6	0.011446
80	-2.5	0.013451
80	-2.4	0.017119
80	-2.3	0.021458
80	-2.2	0.026773
80	-2.1	0.029901
80	-2	0.0327
80	-1.9	0.034366
80	-1.8	0.034374
80	-1.7	0.03407
80	-1.6	0.033766
80	-1.5	0.033065
80	-1.4	0.03223
80	-1.3	0.029952
80	-1.2	0.025956
80	-1.1	0.022639
80	-1	0.024832
80	-0.9	0.030396
80	-0.8	0.037607
80	-0.7	0.044316
80	-0.6	0.051449
80	-0.5	0.052978
80	-0.4	0.052286
80	-0.3	0.049376
80	-0.2	0.043392
80	-0.1	0.036637
80	0	0.02813
80	0.1	0.02096
80	0.2	0.017846
80	0.3	0.01543
80	0.4	0.015504
80	0.5	0.016374
80	0.6	0.01778
80	0.7	0.01993
80	0.8	0.027278
80	0.9	0.033558
80	1	0.03951
80	1.1	0.043161
80	1.2	0.046936
80	1.3	0.04873
80	1.4	0.047955
80	1.5	0.04471
80	1.6	0.039842
80	1.7	0.035126
80	1.8	0.030367
80	1.9	0.026989
80	2	0.025747
80	2.1	0.026717
80	2.2	0.028432
80	2.3	0.028892
80	2.4	0.02708
80	2.5	0.024361
80	2.6	0.022212
80	2.7	0.01892
80	2.8	0.017435
80	2.9	0.016367
80	3	0.017352
80	3.1	0.018021
80	3.2	0.01734
80	3.3	0.015763
80	3.4	0.012912
80	3.5	0.0097631
80	3.6	0.0064447
80	3.7	0.005834
80	3.8	0.0080342
80	3.9	0.0093211
80	4	0.011056
90	-4	0.0090484
90	-3.9	0.010489
90	-3.8	0.012711
90	-3.7	0.014271
90	-3.6	0.01501
90	-3.5	0.013876
90	-3.4	0.0117
90	-3.3	0.0097067
90	-3.2	0.0082486
90	-3.1	0.009354
90	-3	0.011181
90	-2.9	0.011877
90	-2.8	0.011406
90	-2.7	0.010012
90	-2.6	0.008152
90	-2.5	0.011398
90	-2.4	0.016247
90	-2.3	0.020696
90	-2.2	0.025522
90	-2.1	0.02754
90	-2	0.030284
90	-1.9	0.031833
90	-1.8	0.033744
90	-1.7	0.035862
90	-1.6	0.036867
90	-1.5	0.036692
90	-1.4	0.035115
90	-1.3	0.031373
90	-1.2	0.026879
90	-1.1	0.022771
90	-1	0.024134
90	-0.9	0.029145
90	-0.8	0.040393
90	-0.7	0.047193
90	-0.6	0.055518
90	-0.5	0.059268
90	-0.4	0.058623
90	-0.3	0.05435
90	-0.2	0.047804
90	-0.1	0.035516
90	0	0.02829
90	0.1	0.021063
90	0.2	0.015946
90	0.3	0.015589
90	0.4	0.01622
90	0.5	0.016322
90	0.6	0.016951
90	0.7	0.019842
90	0.8	0.026913
90	0.9	0.032017
90	1	0.03895
90	1.1	0.045025
90	1.2	0.046874
90	1.3	0.047775
90	1.4	0.046116
90	1.5	0.042634
90	1.6	0.037512
90	1.7	0.032886
90	1.8	0.030135
90	1.9	0.02763
90	2	0.026021
90	2.1	0.025831
90	2.2	0.026761
90	2.3	0.027807
90	2.4	0.027652
90	2.5	0.026998
90	2.6	0.026832
90	2.7	0.026181
90	2.8	0.024604
90	2.9	0.022101
90	3	0.020491
90	3.1	0.018715
90	3.2	0.016174
90	3.3	0.014372
90	3.4	0.012767
90	3.5	0.011272
90	3.6	0.01067
90	3.7	0.0094519
90	3.8	0.0091531
90	3.9	0.0086838
90	4	0.0091619
100	-4	0.010491
100	-3.9	0.010827
100	-3.8	0.012575
100	-3.7	0.013767
100	-3.6	0.013792
100	-3.5	0.013308
100	-3.4	0.011954
100	-3.3	0.01144
100	-3.2	0.011171
100	-3.1	0.011112
100	-3	0.011174
100	-2.9	0.011119
100	-2.8	0.0095014
100	-2.7	0.0077911
100	-2.6	0.0074083
100	-2.5	0.010148
100	-2.4	0.013242
100	-2.3	0.018334
100	-2.2	0.022259
100	-2.1	0.02489
100	-2	0.027489
100	-1.9	0.029022
100	-1.8	0.031302
100	-1.7	0.033697
100	-1.6	0.036116
100	-1.5	0.03753
100	-1.4	0.036463
100	-1.3	0.033723
100	-1.2	0.030206
100	-1.1	0.024853
100	-1	0.023159
100	-0.9	0.027229
100	-0.8	0.034457
100	-0.7	0.043903
100	-0.6	0.052908
100	-0.5	0.058854
100	-0.4	0.059741
100	-0.3	0.05582
100	-0.2	0.048664
100	-0.1	0.038134
100	0	0.027693
100	0.1	0.020223
100	0.2	0.015697
100	0.3	0.014929
100	0.4	0.015256
100	0.5	0.014845
100	0.6	0.014225
100	0.7	0.017935
100	0.8	0.022561
100	0.9	0.029714
100	1	0.037445
100	1.1	0.044038
100	1.2	0.045643
100	1.3	0.045856
100	1.4	0.04394
100	1.5	0.040638
100	1.6	0.035845
100	1.7	0.03352
100	1.8	0.032509
100	1.9	0.03185
100	2	0.030412
100	2.1	0.028831
100	2.2	0.02752
100	2.3	0.026354
100	2.4	0.025687
100	2.5	0.025662
100	2.6	0.025867
100	2.7	0.025653
100	2.8	0.024007
100	2.9	0.021781
100	3	0.018355
100	3.1	0.014468
100	3.2	0.011596
100	3.3	0.010274
100	3.4	0.0097598
100	3.5	0.010213
100	3.6	0.010494
100	3.7	0.0097879
100	3.8	0.0079574
100	3.9	0.0064597
100	4	0.0060302
110	-4	0.0087947
110	-3.9	0.0073272
110	-3.8	0.0081142
110	-3.7	0.0092077
110	-3.6	0.010875
110	-3.5	0.011807
110	-3.4	0.01225
110	-3.3	0.012188
110	-3.2	0.010973
110	-3.1	0.010815
110	-3	0.010358
110	-2.9	0.0098488
110	-2.8	0.0092654
110	-2.7	0.0078654
110	-2.6	0.0068057
110	-2.5	0.0079736
110	-2.4	0.011524
110	-2.3	0.015557
110	-2.2	0.021094
110	-2.1	0.02541
110	-2	0.028817
110	-1.9	0.030745
110	-1.8	0.03239
110	-1.7	0.033474
110	-1.6	0.034795
110	-1.5	0.036729
110	-1.4	0.037778
110	-1.3	0.037355
110	-1.2	0.034654
110	-1.1	0.030538
110	-1	0.02657
110	-0.9	0.02709
110	-0.8	0.034076
110	-0.7	0.043572
110	-0.6	0.051456
110	-0.5	0.058387
110	-0.4	0.060528
110	-0.3	0.056343
110	-0.2	0.049067
110	-0.1	0.042491
110	0	0.032311
110	0.1	0.022789
110	0.2	0.017601
110	0.3	0.015067
110	0.4	0.015295
110	0.5	0.01531
110	0.6	0.015821
110	0.7	0.017257
110	0.8	0.022719
110	0.9	0.02792
110	1	0.037326
110	1.1	0.042235
110	1.2	0.045037
110	1.3	0.047413
110	1.4	0.047205
110	1.5	0.045772
110	1.6	0.042667
110	1.7	0.039089
110	1.8	0.034911
110	1.9	0.032686
110	2	0.029701
110	2.1	0.027001
110	2.2	0.025984
110	2.3	0.027074
110	2.4	0.0293
110	2.5	0.030834
110	2.6	0.030738
110	2.7	0.029826
110	2.8	0.027392
110	2.9	0.023311
110	3	0.017907
110	3.1	0.014075
110	3.2	0.012009
110	3.3	0.011505
110	3.4	0.011624
110	3.5	0.011129
110	3.6	0.009893
110	3.7	0.0083266
110	3.8	0.0070507
110	3.9	0.0065245
110	4	0.0082623
120	-4	0.01032
120	-3.9	0.010619
120	-3.8	0.011982
120	-3.7	0.012867
120	-3.6	0.013565
120	-3.5	0.014043
120	-3.4	0.013202
120	-3.3	0.012734
120	-3.2	0.012046
120	-3.1	0.012634
120	-3	0.013346
120	-2.9	0.013354
120	-2.8	0.01265
120	-2.7	0.0095099
120	-2.6	0.0073755
120	-2.5	0.0088916
120	-2.4	0.012119
120	-2.3	0.015962
120	-2.2	0.020058
120	-2.1	0.023384
120	-2	0.025655
120	-1.9	0.028634
120	-1.8	0.032896
120	-1.7	0.03672
120	-1.6	0.040121
120	-1.5	0.042979
120	-1.4	0.042924
120	-1.3	0.039747
120	-1.2	0.035069
120	-1.1	0.028746
120	-1	0.025276
120	-0.9	0.027454
120	-0.8	0.033995
120	-0.7	0.043632
120	-0.6	0.050713
120	-0.5	0.056475
120	-0.4	0.057938
120	-0.3	0.054436
120	-0.2	0.045415
120	-0.1	0.038444
120	0	0.026889
120	0.1	0.02094
120	0.2	0.015583
120	0.3	0.014717
120	0.4	0.015527
120	0.5	0.015822
120	0.6	0.015596
120	0.7	0.01718
120	0.8	0.022184
120	0.9	0.029065
120	1	0.035573
120	1.1	0.040606
120	1.2	0.045475
120	1.3	0.047018
120	1.4	0.045994
120	1.5	0.043285
120	1.6	0.039859
120	1.7	0.035163
120	1.8	0.031486
120	1.9	0.028795
120	2	0.028375
120	2.1	0.02903
120	2.2	0.02981
120	2.3	0.030827
120	2.4	0.030974
120	2.5	0.029174
120	2.6	0.026747
120	2.7	0.024423
120	2.8	0.02208
120	2.9	0.020829
120	3	0.019345
120	3.1	0.017715
120	3.2	0.01613
120	3.3	0.013912
120	3.4	0.010531
120	3.5	0.0079064
120	3.6	0.0071485
120	3.7	0.0086296
120	3.8	0.010403
120	3.9	0.011424
120	4	0.011243
130	-4	0.0090698
130	-3.9	0.0093764
130	-3.8	0.010437
130	-3.7	0.012781
130	-3.6	0.014469
130	-3.5	0.015406
130	-3.4	0.01547
130	-3.3	0.013899
130	-3.2	0.012008
130	-3.1	0.010774
130	-3	0.010515
130	-2.9	0.010937
130	-2.8	0.010736
130	-2.7	0.0097034
130	-2.6	0.0078325
130	-2.5	0.0081975
130	-2.4	0.0097433
130	-2.3	0.013096
130	-2.2	0.016684
130	-2.1	0.020174
130	-2	0.024049
130	-1.9	0.029015
130	-1.8	0.034691
130	-1.7	0.038876
130	-1.6	0.042781
130	-1.5	0.044677
130	-1.4	0.044116
130	-1.3	0.039554
130	-1.2	0.034093
130	-1.1	0.030307
130	-1	0.026323
130	-0.9	0.029199
130	-0.8	0.036129
130	-0.7	0.046497
130	-0.6	0.052668
130	-0.5	0.058406
130	-0.4	0.057687
130	-0.3	0.053563
130	-0.2	0.043678
130	-0.1	0.0364
130	0	0.026769
130	0.1	0.019342
130	0.2	0.015647
130	0.3	0.016222
130	0.4	0.016147
130	0.5	0.016219
130	0.6	0.017258
130	0.7	0.021099
130	0.8	0.026825
130	0.9	0.034807
130	1	0.040415
130	1.1	0.045083
130	1.2	0.045794
130	1.3	0.045165
130	1.4	0.041955
130	1.5	0.038201
130	1.6	0.034216
130	1.7	0.032341
130	1.8	0.030315
130	1.9	0.028469
130	2	0.027523
130	2.1	0.026825
130	2.2	0.026263
130	2.3	0.025792
130	2.4	0.025828
130	2.5	0.025891
130	2.6	0.025276
130	2.7	0.023857
130	2.8	0.022642
130	2.9	0.019798
130	3	0.016794
130	3.1	0.014687
130	3.2	0.013027
130	3.3	0.011707
130	3.4	0.0097283
130	3.5	0.0089061
130	3.6	0.0075723
130	3.7	0.0067028
130	3.8	0.0065344
130	3.9	0.0076255
130	4	0.0086427
140	-4	0.0081896
140	-3.9	0.009554
140	-3.8	0.011334
140	-3.7	0.013059
140	-3.6	0.013653
140	-3.5	0.013636
140	-3.4	0.012848
140	-3.3	0.010766
140	-3.2	0.0091796
140	-3.1	0.0081579
140	-3	0.008274
140	-2.9	0.0089676
140	-2.8	0.00922
140	-2.7	0.008488
140	-2.6	0.0073161
140	-2.5	0.0070804
140	-2.4	0.010509
140	-2.3	0.014977
140	-2.2	0.018801
140	-2.1	0.022474
140	-2	0.026252
140	-1.9	0.029461
140	-1.8	0.033431
140	-1.7	0.037296
140	-1.6	0.040075
140	-1.5	0.041169
140	-1.4	0.040427
140	-1.3	0.03704
140	-1.2	0.032408
140	-1.1	0.026886
140	-1	0.024188
140	-0.9	0.025329
140	-0.8	0.031591
140	-0.7	0.03896
140	-0.6	0.048402
140	-0.5	0.054191
140	-0.4	0.055586
140	-0.3	0.052725
140	-0.2	0.047223
140	-0.1	0.039317
140	0	0.030531
140	0.1	0.022921
140	0.2	0.018409
140	0.3	0.017014
140	0.4	0.017099
140	0.5	0.016898
140	0.6	0.018624
140	0.7	0.021603
140	0.8	0.02768
140	0.9	0.035478
140	1	0.041629
140	1.1	0.044861
140	1.2	0.046622
140	1.3	0.045091
140	1.4	0.042031
140	1.5	0.037447
140	1.6	0.034407
140	1.7	0.030662
140	1.8	0.029561
140	1.9	0.028934
140	2	0.028751
140	2.1	0.0285
140	2.2	0.027809
140	2.3	0.027046
140	2.4	0.026092
140	2.5	0.025691
140	2.6	0.025256
140	2.7	0.024347
140	2.8	0.023314
140	2.9	0.021398
140	3	0.018767
140	3.1	0.016169
140	3.2	0.014549
140	3.3	0.012924
140	3.4	0.012062
140	3.5	0.010778
140	3.6	0.0098258
140	3.7	0.0082014
140	3.8	0.0077537
140	3.9	0.0082407
140	4	0.0092968
150	-4	0.012223
150	-3.9	0.01186
150	-3.8	0.013033
150	-3.7	0.01462
150	-3.6	0.015877
150	-3.5	0.015506
150	-3.4	0.014584
150	-3.3	0.01334
150	-3.2	0.012752
150	-3.1	0.012967
150	-3	0.013263
150	-2.9	0.013432
150	-2.8	0.012669
150	-2.7	0.010268
150	-2.6	0.0085846
150	-2.5	0.0088424
150	-2.4	0.013729
150	-2.3	0.019475
150	-2.2	0.02444
150	-2.1	0.028177
150	-2	0.030536
150	-1.9	0.033309
150	-1.8	0.03604
150	-1.7	0.039318
150	-1.6	0.041998
150	-1.5	0.043551
150	-1.4	0.042899
150	-1.3	0.040732
150	-1.2	0.035134
150	-1.1	0.029038
150	-1	0.02565
150	-0.9	0.027205
150	-0.8	0.034428
150	-0.7	0.042151
150	-0.6	0.050454
150	-0.5	0.056814
150	-0.4	0.057233
150	-0.3	0.054334
150	-0.2	0.045838
150	-0.1	0.038749
150	0	0.030218
150	0.1	0.023278
150	0.2	0.019259
150	0.3	0.018018
150	0.4	0.018055
150	0.5	0.018012
150	0.6	0.019631
150	0.7	0.023218
150	0.8	0.029219
150	0.9	0.0367
150	1	0.042927
150	1.1	0.047251
150	1.2	0.048953
150	1.3	0.048293
150	1.4	0.044716
150	1.5	0.040636
150	1.6	0.034736
150	1.7	0.031036
150	1.8	0.029162
150	1.9	0.027673
150	2	0.026966
150	2.1	0.026867
150	2.2	0.02677
150	2.3	0.025782
150	2.4	0.024299
150	2.5	0.023575
150	2.6	0.022708
150	2.7	0.022145
150	2.8	0.0205
150	2.9	0.019169
150	3	0.017658
150	3.1	0.015212
150	3.2	0.01313
150	3.3	0.011216
150	3.4	0.0088314
150	3.5	0.0075936
150	3.6	0.007714
150	3.7	0.0076382
150	3.8	0.0073646
150	3.9	0.0069281
150	4	0.0076466
160	-4	0.0095675
160	-3.9	0.012207
160	-3.8	0.013298
160	-3.7	0.013413
160	-3.6	0.012946
160	-3.5	0.011502
160	-3.4	0.0104
160	-3.3	0.010615
160	-3.2	0.012497
160	-3.1	0.014066
160	-3	0.014509
160	-2.9	0.013808
160	-2.8	0.011359
160	-2.7	0.0076656
160	-2.6	0.0080241
160	-2.5	0.01118
160	-2.4	0.016882
160	-2.3	0.021775
160	-2.2	0.025208
160	-2.1	0.027184
160	-2	0.030243
160	-1.9	0.032692
160	-1.8	0.036563
160	-1.7	0.043375
160	-1.6	0.046121
160	-1.5	0.048057
160	-1.4	0.046379
160	-1.3	0.041731
160	-1.2	0.033038
160	-1.1	0.028662
160	-1	0.027992
160	-0.9	0.030993
160	-0.8	0.039256
160	-0.7	0.047846
160	-0.6	0.055607
160	-0.5	0.05705
160	-0.4	0.053955
160	-0.3	0.048993
160	-0.2	0.04064
160	-0.1	0.032987
160	0	0.025033
160	0.1	0.02023
160	0.2	0.018979
160	0.3	0.018991
160	0.4	0.019514
160	0.5	0.020551
160	0.6	0.023023
160	0.7	0.027124
160	0.8	0.031056
160	0.9	0.03719
160	1	0.04073
160	1.1	0.043758
160	1.2	0.045181
160	1.3	0.045459
160	1.4	0.04353
160	1.5	0.040692
160	1.6	0.037184
160	1.7	0.032751
160	1.8	0.030471
160	1.9	0.026317
160	2	0.025109
160	2.1	0.025701
160	2.2	0.027001
160	2.3	0.027927
160	2.4	0.027562
160	2.5	0.026709
160	2.6	0.02498
160	2.7	0.022799
160	2.8	0.02041
160	2.9	0.018159
160	3	0.016515
160	3.1	0.015601
160	3.2	0.013486
160	3.3	0.011045
160	3.4	0.0083807
160	3.5	0.0076106
160	3.6	0.0081599
160	3.7	0.0090573
160	3.8	0.0099938
160	3.9	0.0091989
160	4	0.0093522
170	-4	0.0078552
170	-3.9	0.0084613
170	-3.8	0.010968
170	-3.7	0.013704
170	-3.6	0.014515
170	-3.5	0.0138
170	-3.4	0.011661
170	-3.3	0.009811
170	-3.2	0.0099744
170	-3.1	0.011479
170	-3	0.013224
170	-2.9	0.013253
170	-2.8	0.011118
170	-2.7	0.0080362
170	-2.6	0.0082915
170	-2.5	0.01405
170	-2.4	0.019185
170	-2.3	0.02484
170	-2.2	0.028423
170	-2.1	0.030746
170	-2	0.033328
170	-1.9	0.03686
170	-1.8	0.039643
170	-1.7	0.043506
170	-1.6	0.046708
170	-1.5	0.047214
170	-1.4	0.045336
170	-1.3	0.04076
170	-1.2	0.03415
170	-1.1	0.027887
170	-1	0.028116
170	-0.9	0.03478
170	-0.8	0.043224
170	-0.7	0.052466
170	-0.6	0.057679
170	-0.5	0.059426
170	-0.4	0.055804
170	-0.3	0.050974
170	-0.2	0.042492
170	-0.1	0.033984
170	0	0.02567
170	0.1	0.02235
170	0.2	0.020228
170	0.3	0.020074
170	0.4	0.020839
170	0.5	0.022894
170	0.6	0.027127
170	0.7	0.031579
170	0.8	0.037573
170	0.9	0.043196
170	1	0.047701
170	1.1	0.049703
170	1.2	0.049788
170	1.3	0.047942
170	1.4	0.045132
170	1.5	0.042374
170	1.6	0.038478
170	1.7	0.035399
170	1.8	0.031909
170	1.9	0.030144
170	2	0.028504
170	2.1	0.028164
170	2.2	0.028713
170	2.3	0.028898
170	2.4	0.027763
170	2.5	0.026457
170	2.6	0.024458
170	2.7	0.021626
170	2.8	0.019159
170	2.9	0.016462
170	3	0.014903
170	3.1	0.01428
170	3.2	0.013148
170	3.3	0.011732
170	3.4	0.0097731
170	3.5	0.0083904
170	3.6	0.0074821
170	3.7	0.0081678
170	3.8	0.0086353
170	3.9	0.009302
170	4	0.0078593
180	-4	0.012236
180	-3.9	0.013747
180	-3.8	0.015331
180	-3.7	0.015859
180	-3.6	0.015594
180	-3.5	0.013711
180	-3.4	0.012739
180	-3.3	0.012042
180	-3.2	0.012466
180	-3.1	0.012832
180	-3	0.012248
180	-2.9	0.010992
180	-2.8	0.0098357
180	-2.7	0.011843
180	-2.6	0.017024
180	-2.5	0.021422
180	-2.4	0.025045
180	-2.3	0.028154
180	-2.2	0.030228
180	-2.1	0.03214
180	-2	0.035036
180	-1.9	0.038996
180	-1.8	0.04236
180	-1.7	0.045297
180	-1.6	0.045986
180	-1.5	0.044317
180	-1.4	0.040401
180	-1.3	0.034831
180	-1.2	0.02952
180	-1.1	0.027588
180	-1	0.030428
180	-0.9	0.039061
180	-0.8	0.046341
180	-0.7	0.054629
180	-0.6	0.0575
180	-0.5	0.057582
180	-0.4	0.053976
180	-0.3	0.048356
180	-0.2	0.04071
180	-0.1	0.03345
180	0	0.027185
180	0.1	0.023142
180	0.2	0.021308
180	0.3	0.021421
180	0.4	0.022757
180	0.5	0.02582
180	0.6	0.028706
180	0.7	0.034787
180	0.8	0.039962
180	0.9	0.045534
180	1	0.047569
180	1.1	0.048411
180	1.2	0.047519
180	1.3	0.046147
180	1.4	0.04361
180	1.5	0.040455
180	1.6	0.037196
180	1.7	0.034739
180	1.8	0.031244
180	1.9	0.028229
180	2	0.026673
180	2.1	0.026064
180	2.2	0.027044
180	2.3	0.027304
180	2.4	0.026834
180	2.5	0.026218
180	2.6	0.025658
180	2.7	0.022581
180	2.8	0.019984
180	2.9	0.01653
180	3	0.015268
180	3.1	0.013729
180	3.2	0.012837
180	3.3	0.011646
180	3.4	0.010844
180	3.5	0.0096248
180	3.6	0.009976
180	3.7	0.0093609
180	3.8	0.0083769
180	3.9	0.0084134
180	4	0.0091796
 
Uniformity time =46 sec
 
Uniformity Ratio =0.73009
