05-Oct-2018
12:13
TXR  009262 RM495 R24
33511B Function Generator
SN =Agilent Technologies,33511B,MY52301476,3.05-1.19-2.00-52-00
freq =+9.020000000000000E+06
burstmode =TRIG
burstN =+6.000000000000000E+01
voltage =+1.5000000000000E-01
 
DSO-X 2022A Oscilloscope
SN =AGILENT TECHNOLOGIES,DSO-X 2022A,MY54310921,02.41.2015102200
probe =+1.0000000E+00
scale =+500.0E-09
position =+19.900000E-06
range =+1.60E+00
units =VOLT
points =+2000
pointmode =NORM
format =BYTE
acqtype =NORM
trigsource =EXT
coupling =AC
 
-180	-4	0.0069141
-180	-3.9	0.0086987
-180	-3.8	0.010134
-180	-3.7	0.010709
-180	-3.6	0.010434
-180	-3.5	0.0092707
-180	-3.4	0.0091231
-180	-3.3	0.0094468
-180	-3.2	0.011084
-180	-3.1	0.012725
-180	-3	0.014055
-180	-2.9	0.013795
-180	-2.8	0.01339
-180	-2.7	0.014507
-180	-2.6	0.01753
-180	-2.5	0.020663
-180	-2.4	0.025224
-180	-2.3	0.029009
-180	-2.2	0.031484
-180	-2.1	0.032315
-180	-2	0.032671
-180	-1.9	0.032384
-180	-1.8	0.033577
-180	-1.7	0.035644
-180	-1.6	0.037975
-180	-1.5	0.039606
-180	-1.4	0.039732
-180	-1.3	0.037839
-180	-1.2	0.036041
-180	-1.1	0.035717
-180	-1	0.039985
-180	-0.9	0.047605
-180	-0.8	0.054081
-180	-0.7	0.061804
-180	-0.6	0.06838
-180	-0.5	0.069643
-180	-0.4	0.067384
-180	-0.3	0.061216
-180	-0.2	0.050361
-180	-0.1	0.042431
-180	0	0.032954
-180	0.1	0.027715
-180	0.2	0.024319
-180	0.3	0.024697
-180	0.4	0.026642
-180	0.5	0.028415
-180	0.6	0.03069
-180	0.7	0.03627
-180	0.8	0.041704
-180	0.9	0.048876
-180	1	0.05468
-180	1.1	0.059207
-180	1.2	0.061668
-180	1.3	0.06224
-180	1.4	0.061115
-180	1.5	0.057767
-180	1.6	0.053742
-180	1.7	0.049531
-180	1.8	0.045081
-180	1.9	0.041673
-180	2	0.037986
-180	2.1	0.036981
-180	2.2	0.035531
-180	2.3	0.034805
-180	2.4	0.033253
-180	2.5	0.031712
-180	2.6	0.029884
-180	2.7	0.027889
-180	2.8	0.024975
-180	2.9	0.02296
-180	3	0.021266
-180	3.1	0.020597
-180	3.2	0.019793
-180	3.3	0.017814
-180	3.4	0.015948
-180	3.5	0.014746
-180	3.6	0.013985
-180	3.7	0.011949
-180	3.8	0.010863
-180	3.9	0.010065
-180	4	0.01005
-170	-4	0.0068837
-170	-3.9	0.0065566
-170	-3.8	0.007672
-170	-3.7	0.0085089
-170	-3.6	0.0078242
-170	-3.5	0.0070986
-170	-3.4	0.0057979
-170	-3.3	0.0064672
-170	-3.2	0.0085827
-170	-3.1	0.012068
-170	-3	0.013462
-170	-2.9	0.014303
-170	-2.8	0.013833
-170	-2.7	0.013064
-170	-2.6	0.014188
-170	-2.5	0.018574
-170	-2.4	0.022415
-170	-2.3	0.027702
-170	-2.2	0.031639
-170	-2.1	0.032624
-170	-2	0.033497
-170	-1.9	0.033612
-170	-1.8	0.033723
-170	-1.7	0.034313
-170	-1.6	0.03603
-170	-1.5	0.038125
-170	-1.4	0.038636
-170	-1.3	0.038687
-170	-1.2	0.037203
-170	-1.1	0.037529
-170	-1	0.041637
-170	-0.9	0.048756
-170	-0.8	0.056595
-170	-0.7	0.064536
-170	-0.6	0.069309
-170	-0.5	0.070149
-170	-0.4	0.067469
-170	-0.3	0.060402
-170	-0.2	0.050557
-170	-0.1	0.039553
-170	0	0.032025
-170	0.1	0.024039
-170	0.2	0.022573
-170	0.3	0.023865
-170	0.4	0.024927
-170	0.5	0.027663
-170	0.6	0.032274
-170	0.7	0.037523
-170	0.8	0.045029
-170	0.9	0.052721
-170	1	0.058665
-170	1.1	0.063182
-170	1.2	0.0645
-170	1.3	0.064038
-170	1.4	0.061124
-170	1.5	0.05661
-170	1.6	0.05231
-170	1.7	0.046596
-170	1.8	0.043059
-170	1.9	0.039103
-170	2	0.036276
-170	2.1	0.034911
-170	2.2	0.033836
-170	2.3	0.032099
-170	2.4	0.029668
-170	2.5	0.02785
-170	2.6	0.026036
-170	2.7	0.02429
-170	2.8	0.022261
-170	2.9	0.020249
-170	3	0.019428
-170	3.1	0.017878
-170	3.2	0.016934
-170	3.3	0.014365
-170	3.4	0.013472
-170	3.5	0.013357
-170	3.6	0.013157
-170	3.7	0.012658
-170	3.8	0.012017
-170	3.9	0.011266
-170	4	0.010379
-160	-4	0.0063334
-160	-3.9	0.0070735
-160	-3.8	0.0085298
-160	-3.7	0.0089098
-160	-3.6	0.0089116
-160	-3.5	0.0077035
-160	-3.4	0.0073952
-160	-3.3	0.0089243
-160	-3.2	0.0089604
-160	-3.1	0.0102
-160	-3	0.011864
-160	-2.9	0.012936
-160	-2.8	0.012188
-160	-2.7	0.013971
-160	-2.6	0.016929
-160	-2.5	0.020711
-160	-2.4	0.023972
-160	-2.3	0.027508
-160	-2.2	0.029957
-160	-2.1	0.031525
-160	-2	0.032615
-160	-1.9	0.032861
-160	-1.8	0.034242
-160	-1.7	0.03624
-160	-1.6	0.037233
-160	-1.5	0.038086
-160	-1.4	0.038441
-160	-1.3	0.037539
-160	-1.2	0.036864
-160	-1.1	0.038993
-160	-1	0.043276
-160	-0.9	0.050713
-160	-0.8	0.058924
-160	-0.7	0.064325
-160	-0.6	0.068052
-160	-0.5	0.067258
-160	-0.4	0.059973
-160	-0.3	0.053517
-160	-0.2	0.043281
-160	-0.1	0.032939
-160	0	0.025427
-160	0.1	0.022481
-160	0.2	0.021859
-160	0.3	0.022925
-160	0.4	0.025213
-160	0.5	0.028208
-160	0.6	0.033347
-160	0.7	0.040322
-160	0.8	0.049675
-160	0.9	0.054328
-160	1	0.058712
-160	1.1	0.061282
-160	1.2	0.062179
-160	1.3	0.06054
-160	1.4	0.057525
-160	1.5	0.053511
-160	1.6	0.050048
-160	1.7	0.045628
-160	1.8	0.041967
-160	1.9	0.037485
-160	2	0.035671
-160	2.1	0.034409
-160	2.2	0.033964
-160	2.3	0.032479
-160	2.4	0.031239
-160	2.5	0.028824
-160	2.6	0.026125
-160	2.7	0.024002
-160	2.8	0.021884
-160	2.9	0.020385
-160	3	0.019817
-160	3.1	0.018873
-160	3.2	0.017717
-160	3.3	0.016093
-160	3.4	0.013958
-160	3.5	0.012188
-160	3.6	0.010698
-160	3.7	0.010358
-160	3.8	0.0098258
-160	3.9	0.010555
-160	4	0.0098979
-150	-4	0.0063181
-150	-3.9	0.0074692
-150	-3.8	0.0082112
-150	-3.7	0.0094245
-150	-3.6	0.0081381
-150	-3.5	0.007053
-150	-3.4	0.0067101
-150	-3.3	0.0065269
-150	-3.2	0.0079003
-150	-3.1	0.0095827
-150	-3	0.011053
-150	-2.9	0.011014
-150	-2.8	0.011056
-150	-2.7	0.012894
-150	-2.6	0.015406
-150	-2.5	0.019384
-150	-2.4	0.022977
-150	-2.3	0.026206
-150	-2.2	0.027449
-150	-2.1	0.028502
-150	-2	0.030406
-150	-1.9	0.031349
-150	-1.8	0.032961
-150	-1.7	0.035254
-150	-1.6	0.036079
-150	-1.5	0.036434
-150	-1.4	0.035944
-150	-1.3	0.035111
-150	-1.2	0.03542
-150	-1.1	0.039765
-150	-1	0.047743
-150	-0.9	0.053799
-150	-0.8	0.063673
-150	-0.7	0.06772
-150	-0.6	0.068929
-150	-0.5	0.064247
-150	-0.4	0.056745
-150	-0.3	0.04633
-150	-0.2	0.035119
-150	-0.1	0.026389
-150	0	0.020645
-150	0.1	0.019412
-150	0.2	0.02048
-150	0.3	0.020742
-150	0.4	0.02193
-150	0.5	0.02718
-150	0.6	0.03274
-150	0.7	0.04129
-150	0.8	0.049716
-150	0.9	0.057176
-150	1	0.059765
-150	1.1	0.060523
-150	1.2	0.058579
-150	1.3	0.055901
-150	1.4	0.050744
-150	1.5	0.047674
-150	1.6	0.04426
-150	1.7	0.041787
-150	1.8	0.038701
-150	1.9	0.035947
-150	2	0.033578
-150	2.1	0.031808
-150	2.2	0.029894
-150	2.3	0.028899
-150	2.4	0.028131
-150	2.5	0.027309
-150	2.6	0.026092
-150	2.7	0.024451
-150	2.8	0.021828
-150	2.9	0.019805
-150	3	0.018333
-150	3.1	0.016827
-150	3.2	0.015839
-150	3.3	0.014467
-150	3.4	0.013124
-150	3.5	0.01218
-150	3.6	0.011167
-150	3.7	0.00973
-150	3.8	0.0091478
-150	3.9	0.0095387
-150	4	0.0098783
-140	-4	0.0066569
-140	-3.9	0.0075915
-140	-3.8	0.0084785
-140	-3.7	0.0081698
-140	-3.6	0.0080923
-140	-3.5	0.007069
-140	-3.4	0.0071576
-140	-3.3	0.0080603
-140	-3.2	0.0097549
-140	-3.1	0.01048
-140	-3	0.0099873
-140	-2.9	0.010751
-140	-2.8	0.011984
-140	-2.7	0.01474
-140	-2.6	0.018429
-140	-2.5	0.020846
-140	-2.4	0.022797
-140	-2.3	0.024296
-140	-2.2	0.025342
-140	-2.1	0.027066
-140	-2	0.028864
-140	-1.9	0.031378
-140	-1.8	0.033039
-140	-1.7	0.03374
-140	-1.6	0.033078
-140	-1.5	0.031424
-140	-1.4	0.028985
-140	-1.3	0.028572
-140	-1.2	0.031281
-140	-1.1	0.037629
-140	-1	0.047956
-140	-0.9	0.055208
-140	-0.8	0.062087
-140	-0.7	0.065737
-140	-0.6	0.064609
-140	-0.5	0.059131
-140	-0.4	0.050497
-140	-0.3	0.0386
-140	-0.2	0.030397
-140	-0.1	0.022986
-140	0	0.019439
-140	0.1	0.020395
-140	0.2	0.021053
-140	0.3	0.020999
-140	0.4	0.021922
-140	0.5	0.025458
-140	0.6	0.032229
-140	0.7	0.040567
-140	0.8	0.04856
-140	0.9	0.054635
-140	1	0.058502
-140	1.1	0.059615
-140	1.2	0.057249
-140	1.3	0.05313
-140	1.4	0.047918
-140	1.5	0.041608
-140	1.6	0.038656
-140	1.7	0.035646
-140	1.8	0.034564
-140	1.9	0.033351
-140	2	0.032613
-140	2.1	0.03163
-140	2.2	0.029654
-140	2.3	0.027586
-140	2.4	0.026226
-140	2.5	0.024858
-140	2.6	0.023752
-140	2.7	0.022141
-140	2.8	0.020339
-140	2.9	0.018701
-140	3	0.016551
-140	3.1	0.014926
-140	3.2	0.013771
-140	3.3	0.012603
-140	3.4	0.01207
-140	3.5	0.011355
-140	3.6	0.0098357
-140	3.7	0.0089838
-140	3.8	0.0081797
-140	3.9	0.0084556
-140	4	0.0088442
-130	-4	0.0080783
-130	-3.9	0.0086015
-130	-3.8	0.0082779
-130	-3.7	0.0081341
-130	-3.6	0.0065393
-130	-3.5	0.0059028
-130	-3.4	0.0069188
-130	-3.3	0.0080623
-130	-3.2	0.0098898
-130	-3.1	0.009695
-130	-3	0.0088825
-130	-2.9	0.0081302
-130	-2.8	0.010248
-130	-2.7	0.013717
-130	-2.6	0.018722
-130	-2.5	0.022395
-130	-2.4	0.024894
-130	-2.3	0.025735
-130	-2.2	0.025812
-130	-2.1	0.025906
-130	-2	0.026654
-130	-1.9	0.02841
-130	-1.8	0.030613
-130	-1.7	0.032188
-130	-1.6	0.032215
-130	-1.5	0.030914
-130	-1.4	0.028425
-130	-1.3	0.027331
-130	-1.2	0.030864
-130	-1.1	0.039623
-130	-1	0.046405
-130	-0.9	0.055866
-130	-0.8	0.061594
-130	-0.7	0.062523
-130	-0.6	0.060505
-130	-0.5	0.05211
-130	-0.4	0.043039
-130	-0.3	0.030958
-130	-0.2	0.021682
-130	-0.1	0.016684
-130	0	0.015459
-130	0.1	0.016305
-130	0.2	0.017301
-130	0.3	0.019027
-130	0.4	0.023066
-130	0.5	0.028947
-130	0.6	0.035611
-130	0.7	0.043913
-130	0.8	0.049582
-130	0.9	0.053143
-130	1	0.054217
-130	1.1	0.053317
-130	1.2	0.050332
-130	1.3	0.045775
-130	1.4	0.043159
-130	1.5	0.039887
-130	1.6	0.035897
-130	1.7	0.034016
-130	1.8	0.030633
-130	1.9	0.029073
-130	2	0.027545
-130	2.1	0.02698
-130	2.2	0.026586
-130	2.3	0.02653
-130	2.4	0.026411
-130	2.5	0.025334
-130	2.6	0.02363
-130	2.7	0.021461
-130	2.8	0.019467
-130	2.9	0.017852
-130	3	0.016935
-130	3.1	0.015608
-130	3.2	0.014334
-130	3.3	0.013215
-130	3.4	0.011657
-130	3.5	0.010424
-130	3.6	0.010021
-130	3.7	0.010036
-130	3.8	0.010396
-130	3.9	0.010189
-130	4	0.009581
-120	-4	0.0062331
-120	-3.9	0.0062435
-120	-3.8	0.0072406
-120	-3.7	0.0065886
-120	-3.6	0.0065121
-120	-3.5	0.0062847
-120	-3.4	0.0063538
-120	-3.3	0.0071711
-120	-3.2	0.0084899
-120	-3.1	0.0081915
-120	-3	0.0082857
-120	-2.9	0.0087837
-120	-2.8	0.011174
-120	-2.7	0.014294
-120	-2.6	0.017986
-120	-2.5	0.021476
-120	-2.4	0.024278
-120	-2.3	0.026229
-120	-2.2	0.028032
-120	-2.1	0.028569
-120	-2	0.028804
-120	-1.9	0.028994
-120	-1.8	0.029326
-120	-1.7	0.029021
-120	-1.6	0.028751
-120	-1.5	0.027938
-120	-1.4	0.027279
-120	-1.3	0.028956
-120	-1.2	0.033825
-120	-1.1	0.041489
-120	-1	0.048583
-120	-0.9	0.054336
-120	-0.8	0.057286
-120	-0.7	0.056723
-120	-0.6	0.051196
-120	-0.5	0.045418
-120	-0.4	0.035612
-120	-0.3	0.027806
-120	-0.2	0.020407
-120	-0.1	0.015667
-120	0	0.014203
-120	0.1	0.0146
-120	0.2	0.014865
-120	0.3	0.016783
-120	0.4	0.020107
-120	0.5	0.026181
-120	0.6	0.033667
-120	0.7	0.042685
-120	0.8	0.046864
-120	0.9	0.050232
-120	1	0.051359
-120	1.1	0.050217
-120	1.2	0.048269
-120	1.3	0.044527
-120	1.4	0.039844
-120	1.5	0.037017
-120	1.6	0.033976
-120	1.7	0.032005
-120	1.8	0.030567
-120	1.9	0.029927
-120	2	0.02943
-120	2.1	0.028675
-120	2.2	0.027804
-120	2.3	0.025835
-120	2.4	0.024519
-120	2.5	0.021735
-120	2.6	0.020411
-120	2.7	0.018727
-120	2.8	0.017589
-120	2.9	0.016003
-120	3	0.01433
-120	3.1	0.012815
-120	3.2	0.011152
-120	3.3	0.0095455
-120	3.4	0.0094365
-120	3.5	0.0090573
-120	3.6	0.0095776
-120	3.7	0.0083091
-120	3.8	0.0076128
-120	3.9	0.0075317
-120	4	0.0064045
-110	-4	0.0063078
-110	-3.9	0.0069839
-110	-3.8	0.0073799
-110	-3.7	0.0076106
-110	-3.6	0.0064597
-110	-3.5	0.007441
-110	-3.4	0.0065861
-110	-3.3	0.0072429
-110	-3.2	0.007672
-110	-3.1	0.0075958
-110	-3	0.0086596
-110	-2.9	0.010086
-110	-2.8	0.012688
-110	-2.7	0.015113
-110	-2.6	0.018361
-110	-2.5	0.020876
-110	-2.4	0.02295
-110	-2.3	0.024798
-110	-2.2	0.025758
-110	-2.1	0.026702
-110	-2	0.027471
-110	-1.9	0.027831
-110	-1.8	0.027113
-110	-1.7	0.026256
-110	-1.6	0.025082
-110	-1.5	0.023905
-110	-1.4	0.024458
-110	-1.3	0.027302
-110	-1.2	0.033137
-110	-1.1	0.040433
-110	-1	0.048545
-110	-0.9	0.054537
-110	-0.8	0.056716
-110	-0.7	0.055559
-110	-0.6	0.04925
-110	-0.5	0.043193
-110	-0.4	0.03386
-110	-0.3	0.024484
-110	-0.2	0.016302
-110	-0.1	0.012663
-110	0	0.013799
-110	0.1	0.014833
-110	0.2	0.014582
-110	0.3	0.015655
-110	0.4	0.019524
-110	0.5	0.02756
-110	0.6	0.034806
-110	0.7	0.043671
-110	0.8	0.049791
-110	0.9	0.052419
-110	1	0.052902
-110	1.1	0.050724
-110	1.2	0.047378
-110	1.3	0.043164
-110	1.4	0.037477
-110	1.5	0.034251
-110	1.6	0.031579
-110	1.7	0.02931
-110	1.8	0.02791
-110	1.9	0.027166
-110	2	0.026466
-110	2.1	0.02637
-110	2.2	0.025577
-110	2.3	0.024298
-110	2.4	0.022836
-110	2.5	0.020962
-110	2.6	0.017773
-110	2.7	0.015876
-110	2.8	0.012988
-110	2.9	0.011519
-110	3	0.01048
-110	3.1	0.0099338
-110	3.2	0.0089442
-110	3.3	0.0082993
-110	3.4	0.0076593
-110	3.5	0.0070872
-110	3.6	0.0067245
-110	3.7	0.0064045
-110	3.8	0.0063817
-110	3.9	0.006407
-110	4	0.00677
-100	-4	0.0091831
-100	-3.9	0.00922
-100	-3.8	0.0090733
-100	-3.7	0.00815
-100	-3.6	0.0075552
-100	-3.5	0.0079248
-100	-3.4	0.0087154
-100	-3.3	0.0097316
-100	-3.2	0.010914
-100	-3.1	0.010842
-100	-3	0.011229
-100	-2.9	0.013264
-100	-2.8	0.015955
-100	-2.7	0.018941
-100	-2.6	0.022193
-100	-2.5	0.024765
-100	-2.4	0.026053
-100	-2.3	0.027813
-100	-2.2	0.028697
-100	-2.1	0.02924
-100	-2	0.028489
-100	-1.9	0.02808
-100	-1.8	0.026718
-100	-1.7	0.025024
-100	-1.6	0.023098
-100	-1.5	0.022969
-100	-1.4	0.024838
-100	-1.3	0.029056
-100	-1.2	0.035123
-100	-1.1	0.041229
-100	-1	0.047549
-100	-0.9	0.050236
-100	-0.8	0.050683
-100	-0.7	0.04662
-100	-0.6	0.041451
-100	-0.5	0.035515
-100	-0.4	0.028209
-100	-0.3	0.021371
-100	-0.2	0.015641
-100	-0.1	0.013056
-100	0	0.013134
-100	0.1	0.01361
-100	0.2	0.01492
-100	0.3	0.017384
-100	0.4	0.022481
-100	0.5	0.029754
-100	0.6	0.035519
-100	0.7	0.041691
-100	0.8	0.045359
-100	0.9	0.047212
-100	1	0.047621
-100	1.1	0.045122
-100	1.2	0.042775
-100	1.3	0.038606
-100	1.4	0.033657
-100	1.5	0.029944
-100	1.6	0.027937
-100	1.7	0.026406
-100	1.8	0.025677
-100	1.9	0.025529
-100	2	0.026015
-100	2.1	0.025545
-100	2.2	0.025328
-100	2.3	0.022955
-100	2.4	0.021062
-100	2.5	0.018846
-100	2.6	0.017141
-100	2.7	0.015778
-100	2.8	0.014694
-100	2.9	0.013923
-100	3	0.013165
-100	3.1	0.012316
-100	3.2	0.010738
-100	3.3	0.00968
-100	3.4	0.0089892
-100	3.5	0.0085921
-100	3.6	0.0085127
-100	3.7	0.0082701
-100	3.8	0.0076783
-100	3.9	0.0073909
-100	4	0.0076909
-90	-4	0.011023
-90	-3.9	0.010584
-90	-3.8	0.0094091
-90	-3.7	0.0084326
-90	-3.6	0.0083052
-90	-3.5	0.0090537
-90	-3.4	0.010157
-90	-3.3	0.011834
-90	-3.2	0.011461
-90	-3.1	0.011551
-90	-3	0.012844
-90	-2.9	0.015349
-90	-2.8	0.018204
-90	-2.7	0.021472
-90	-2.6	0.025533
-90	-2.5	0.027886
-90	-2.4	0.029967
-90	-2.3	0.031337
-90	-2.2	0.032575
-90	-2.1	0.032592
-90	-2	0.031961
-90	-1.9	0.031432
-90	-1.8	0.029915
-90	-1.7	0.028081
-90	-1.6	0.025269
-90	-1.5	0.025182
-90	-1.4	0.026708
-90	-1.3	0.031843
-90	-1.2	0.041012
-90	-1.1	0.046129
-90	-1	0.050586
-90	-0.9	0.052048
-90	-0.8	0.050631
-90	-0.7	0.046866
-90	-0.6	0.041023
-90	-0.5	0.033964
-90	-0.4	0.026371
-90	-0.3	0.019632
-90	-0.2	0.015292
-90	-0.1	0.013557
-90	0	0.013788
-90	0.1	0.01455
-90	0.2	0.016289
-90	0.3	0.01871
-90	0.4	0.024851
-90	0.5	0.030584
-90	0.6	0.036634
-90	0.7	0.042418
-90	0.8	0.046909
-90	0.9	0.04784
-90	1	0.047082
-90	1.1	0.045026
-90	1.2	0.040099
-90	1.3	0.036934
-90	1.4	0.032466
-90	1.5	0.028239
-90	1.6	0.026978
-90	1.7	0.02622
-90	1.8	0.026785
-90	1.9	0.02686
-90	2	0.027323
-90	2.1	0.026339
-90	2.2	0.024853
-90	2.3	0.022743
-90	2.4	0.020306
-90	2.5	0.018611
-90	2.6	0.017302
-90	2.7	0.01652
-90	2.8	0.015914
-90	2.9	0.014859
-90	3	0.013654
-90	3.1	0.011289
-90	3.2	0.0085525
-90	3.3	0.0074518
-90	3.4	0.0072339
-90	3.5	0.0087005
-90	3.6	0.0090893
-90	3.7	0.0091355
-90	3.8	0.0090305
-90	3.9	0.0077161
-90	4	0.0069491
-80	-4	0.013261
-80	-3.9	0.012531
-80	-3.8	0.011589
-80	-3.7	0.0097698
-80	-3.6	0.0085582
-80	-3.5	0.0090412
-80	-3.4	0.010503
-80	-3.3	0.011094
-80	-3.2	0.011533
-80	-3.1	0.01151
-80	-3	0.013463
-80	-2.9	0.01598
-80	-2.8	0.019433
-80	-2.7	0.022596
-80	-2.6	0.025691
-80	-2.5	0.027871
-80	-2.4	0.029675
-80	-2.3	0.030675
-80	-2.2	0.031889
-80	-2.1	0.031766
-80	-2	0.031245
-80	-1.9	0.02958
-80	-1.8	0.027207
-80	-1.7	0.024048
-80	-1.6	0.022274
-80	-1.5	0.022193
-80	-1.4	0.025369
-80	-1.3	0.032024
-80	-1.2	0.039782
-80	-1.1	0.046072
-80	-1	0.049944
-80	-0.9	0.051654
-80	-0.8	0.050002
-80	-0.7	0.044276
-80	-0.6	0.038794
-80	-0.5	0.030882
-80	-0.4	0.024187
-80	-0.3	0.017449
-80	-0.2	0.013741
-80	-0.1	0.013642
-80	0	0.014908
-80	0.1	0.015534
-80	0.2	0.017057
-80	0.3	0.021798
-80	0.4	0.026301
-80	0.5	0.034481
-80	0.6	0.040498
-80	0.7	0.045415
-80	0.8	0.048627
-80	0.9	0.049495
-80	1	0.04772
-80	1.1	0.042801
-80	1.2	0.038813
-80	1.3	0.033452
-80	1.4	0.028512
-80	1.5	0.026699
-80	1.6	0.026509
-80	1.7	0.027886
-80	1.8	0.02809
-80	1.9	0.027899
-80	2	0.027072
-80	2.1	0.025201
-80	2.2	0.02259
-80	2.3	0.020134
-80	2.4	0.018191
-80	2.5	0.017462
-80	2.6	0.01716
-80	2.7	0.016242
-80	2.8	0.015769
-80	2.9	0.014222
-80	3	0.011536
-80	3.1	0.010092
-80	3.2	0.0083556
-80	3.3	0.0077703
-80	3.4	0.0083285
-80	3.5	0.0086296
-80	3.6	0.0098456
-80	3.7	0.0093971
-80	3.8	0.009043
-80	3.9	0.0082466
-80	4	0.0081321
-70	-4	0.011239
-70	-3.9	0.010463
-70	-3.8	0.0097598
-70	-3.7	0.0093228
-70	-3.6	0.0087708
-70	-3.5	0.0086296
-70	-3.4	0.0088296
-70	-3.3	0.0099776
-70	-3.2	0.0097698
-70	-3.1	0.0097731
-70	-3	0.011272
-70	-2.9	0.014024
-70	-2.8	0.01814
-70	-2.7	0.023429
-70	-2.6	0.026793
-70	-2.5	0.030645
-70	-2.4	0.032821
-70	-2.3	0.034333
-70	-2.2	0.034661
-70	-2.1	0.033984
-70	-2	0.033155
-70	-1.9	0.03178
-70	-1.8	0.030533
-70	-1.7	0.028374
-70	-1.6	0.026632
-70	-1.5	0.026587
-70	-1.4	0.030646
-70	-1.3	0.036865
-70	-1.2	0.042777
-70	-1.1	0.049739
-70	-1	0.051965
-70	-0.9	0.053461
-70	-0.8	0.050822
-70	-0.7	0.045406
-70	-0.6	0.039381
-70	-0.5	0.030552
-70	-0.4	0.024709
-70	-0.3	0.018639
-70	-0.2	0.015271
-70	-0.1	0.014502
-70	0	0.014676
-70	0.1	0.015305
-70	0.2	0.018378
-70	0.3	0.02242
-70	0.4	0.028924
-70	0.5	0.0344
-70	0.6	0.040631
-70	0.7	0.045748
-70	0.8	0.047249
-70	0.9	0.04675
-70	1	0.044873
-70	1.1	0.041871
-70	1.2	0.038473
-70	1.3	0.034935
-70	1.4	0.031245
-70	1.5	0.028699
-70	1.6	0.027214
-70	1.7	0.026532
-70	1.8	0.026828
-70	1.9	0.026623
-70	2	0.027164
-70	2.1	0.026906
-70	2.2	0.025345
-70	2.3	0.022801
-70	2.4	0.02062
-70	2.5	0.018561
-70	2.6	0.016508
-70	2.7	0.014204
-70	2.8	0.012338
-70	2.9	0.01102
-70	3	0.010329
-70	3.1	0.0090341
-70	3.2	0.0080221
-70	3.3	0.007325
-70	3.4	0.007294
-70	3.5	0.0080201
-70	3.6	0.0076804
-70	3.7	0.0074192
-70	3.8	0.0071236
-70	3.9	0.0073558
-70	4	0.0073228
-60	-4	0.012042
-60	-3.9	0.011154
-60	-3.8	0.01078
-60	-3.7	0.0093626
-60	-3.6	0.0092707
-60	-3.5	0.0097017
-60	-3.4	0.010292
-60	-3.3	0.0095082
-60	-3.2	0.0083807
-60	-3.1	0.0081102
-60	-3	0.01195
-60	-2.9	0.016294
-60	-2.8	0.020069
-60	-2.7	0.024224
-60	-2.6	0.026229
-60	-2.5	0.02781
-60	-2.4	0.029673
-60	-2.3	0.031606
-60	-2.2	0.033957
-60	-2.1	0.034999
-60	-2	0.03519
-60	-1.9	0.034143
-60	-1.8	0.031134
-60	-1.7	0.026354
-60	-1.6	0.0243
-60	-1.5	0.023798
-60	-1.4	0.02846
-60	-1.3	0.036971
-60	-1.2	0.044167
-60	-1.1	0.050528
-60	-1	0.05471
-60	-0.9	0.055797
-60	-0.8	0.052741
-60	-0.7	0.046648
-60	-0.6	0.0369
-60	-0.5	0.030259
-60	-0.4	0.023092
-60	-0.3	0.018278
-60	-0.2	0.015465
-60	-0.1	0.015113
-60	0	0.015599
-60	0.1	0.01656
-60	0.2	0.019975
-60	0.3	0.026483
-60	0.4	0.032405
-60	0.5	0.039127
-60	0.6	0.043929
-60	0.7	0.04712
-60	0.8	0.047777
-60	0.9	0.04613
-60	1	0.043272
-60	1.1	0.039575
-60	1.2	0.035703
-60	1.3	0.032878
-60	1.4	0.029949
-60	1.5	0.028463
-60	1.6	0.027854
-60	1.7	0.027575
-60	1.8	0.026753
-60	1.9	0.025891
-60	2	0.025348
-60	2.1	0.025052
-60	2.2	0.023129
-60	2.3	0.02072
-60	2.4	0.018729
-60	2.5	0.016908
-60	2.6	0.01497
-60	2.7	0.012007
-60	2.8	0.010558
-60	2.9	0.0094963
-60	3	0.0087098
-60	3.1	0.0084499
-60	3.2	0.0077745
-60	3.3	0.0083769
-60	3.4	0.0077245
-60	3.5	0.0081994
-60	3.6	0.0073426
-60	3.7	0.0071576
-60	3.8	0.0080322
-60	3.9	0.0077349
-60	4	0.0081599
-50	-4	0.011479
-50	-3.9	0.011464
-50	-3.8	0.010434
-50	-3.7	0.0095911
-50	-3.6	0.0093902
-50	-3.5	0.0099191
-50	-3.4	0.0099159
-50	-3.3	0.0091319
-50	-3.2	0.0074258
-50	-3.1	0.00703
-50	-3	0.009295
-50	-2.9	0.0145
-50	-2.8	0.017823
-50	-2.7	0.022009
-50	-2.6	0.025474
-50	-2.5	0.027567
-50	-2.4	0.029844
-50	-2.3	0.032183
-50	-2.2	0.034546
-50	-2.1	0.036506
-50	-2	0.036851
-50	-1.9	0.036159
-50	-1.8	0.034113
-50	-1.7	0.031537
-50	-1.6	0.02822
-50	-1.5	0.027151
-50	-1.4	0.030106
-50	-1.3	0.037628
-50	-1.2	0.045238
-50	-1.1	0.052556
-50	-1	0.056954
-50	-0.9	0.057478
-50	-0.8	0.054077
-50	-0.7	0.047605
-50	-0.6	0.037698
-50	-0.5	0.028634
-50	-0.4	0.020999
-50	-0.3	0.015344
-50	-0.2	0.015264
-50	-0.1	0.015455
-50	0	0.015304
-50	0.1	0.015864
-50	0.2	0.020122
-50	0.3	0.028036
-50	0.4	0.034192
-50	0.5	0.041691
-50	0.6	0.046092
-50	0.7	0.048449
-50	0.8	0.048314
-50	0.9	0.045667
-50	1	0.041724
-50	1.1	0.036822
-50	1.2	0.033707
-50	1.3	0.032205
-50	1.4	0.031136
-50	1.5	0.030612
-50	1.6	0.030158
-50	1.7	0.029487
-50	1.8	0.028614
-50	1.9	0.026967
-50	2	0.026393
-50	2.1	0.025641
-50	2.2	0.024012
-50	2.3	0.022147
-50	2.4	0.019062
-50	2.5	0.016734
-50	2.6	0.013645
-50	2.7	0.011087
-50	2.8	0.0095404
-50	2.9	0.0087172
-50	3	0.0084785
-50	3.1	0.0082935
-50	3.2	0.007583
-50	3.3	0.0068318
-50	3.4	0.0070346
-50	3.5	0.0070621
-50	3.6	0.0072183
-50	3.7	0.007816
-50	3.8	0.0074518
-50	3.9	0.0072918
-50	4	0.0064897
-40	-4	0.014311
-40	-3.9	0.013316
-40	-3.8	0.01161
-40	-3.7	0.010706
-40	-3.6	0.010952
-40	-3.5	0.011635
-40	-3.4	0.012115
-40	-3.3	0.011566
-40	-3.2	0.0094485
-40	-3.1	0.007404
-40	-3	0.0097
-40	-2.9	0.012637
-40	-2.8	0.01856
-40	-2.7	0.022132
-40	-2.6	0.025795
-40	-2.5	0.028578
-40	-2.4	0.031099
-40	-2.3	0.033821
-40	-2.2	0.037806
-40	-2.1	0.039958
-40	-2	0.040315
-40	-1.9	0.039609
-40	-1.8	0.037108
-40	-1.7	0.032491
-40	-1.6	0.028053
-40	-1.5	0.026813
-40	-1.4	0.032547
-40	-1.3	0.038663
-40	-1.2	0.048257
-40	-1.1	0.054342
-40	-1	0.057521
-40	-0.9	0.056058
-40	-0.8	0.050586
-40	-0.7	0.043223
-40	-0.6	0.034045
-40	-0.5	0.025373
-40	-0.4	0.018517
-40	-0.3	0.016579
-40	-0.2	0.01601
-40	-0.1	0.016434
-40	0	0.016815
-40	0.1	0.018918
-40	0.2	0.025251
-40	0.3	0.030521
-40	0.4	0.038076
-40	0.5	0.043239
-40	0.6	0.046447
-40	0.7	0.047093
-40	0.8	0.045685
-40	0.9	0.042756
-40	1	0.038742
-40	1.1	0.035521
-40	1.2	0.033001
-40	1.3	0.030944
-40	1.4	0.02995
-40	1.5	0.029046
-40	1.6	0.028677
-40	1.7	0.028974
-40	1.8	0.028767
-40	1.9	0.027717
-40	2	0.025798
-40	2.1	0.024612
-40	2.2	0.022497
-40	2.3	0.020789
-40	2.4	0.018564
-40	2.5	0.016414
-40	2.6	0.015341
-40	2.7	0.013673
-40	2.8	0.011393
-40	2.9	0.0098209
-40	3	0.0081282
-40	3.1	0.0081302
-40	3.2	0.0073777
-40	3.3	0.0080502
-40	3.4	0.0088661
-40	3.5	0.0086222
-40	3.6	0.0079228
-40	3.7	0.0072607
-40	3.8	0.0077412
-40	3.9	0.007254
-40	4	0.0071981
-30	-4	0.013067
-30	-3.9	0.012299
-30	-3.8	0.0121
-30	-3.7	0.011629
-30	-3.6	0.012505
-30	-3.5	0.012505
-30	-3.4	0.012059
-30	-3.3	0.010546
-30	-3.2	0.0079614
-30	-3.1	0.0072984
-30	-3	0.0090215
-30	-2.9	0.012147
-30	-2.8	0.016295
-30	-2.7	0.019911
-30	-2.6	0.021665
-30	-2.5	0.024467
-30	-2.4	0.029331
-30	-2.3	0.033318
-30	-2.2	0.037842
-30	-2.1	0.041143
-30	-2	0.042152
-30	-1.9	0.040459
-30	-1.8	0.036586
-30	-1.7	0.030672
-30	-1.6	0.025959
-30	-1.5	0.024634
-30	-1.4	0.029266
-30	-1.3	0.03792
-30	-1.2	0.04519
-30	-1.1	0.053388
-30	-1	0.056034
-30	-0.9	0.055057
-30	-0.8	0.050574
-30	-0.7	0.04324
-30	-0.6	0.034943
-30	-0.5	0.024248
-30	-0.4	0.01916
-30	-0.3	0.017001
-30	-0.2	0.016227
-30	-0.1	0.016561
-30	0	0.017116
-30	0.1	0.01933
-30	0.2	0.023817
-30	0.3	0.029595
-30	0.4	0.035847
-30	0.5	0.040499
-30	0.6	0.043645
-30	0.7	0.044494
-30	0.8	0.044183
-30	0.9	0.042575
-30	1	0.039103
-30	1.1	0.035268
-30	1.2	0.033422
-30	1.3	0.030889
-30	1.4	0.029112
-30	1.5	0.027567
-30	1.6	0.027288
-30	1.7	0.027463
-30	1.8	0.02808
-30	1.9	0.027717
-30	2	0.027184
-30	2.1	0.025508
-30	2.2	0.023724
-30	2.3	0.021764
-30	2.4	0.018241
-30	2.5	0.015914
-30	2.6	0.014098
-30	2.7	0.012321
-30	2.8	0.011372
-30	2.9	0.01023
-30	3	0.0087653
-30	3.1	0.0078284
-30	3.2	0.0067077
-30	3.3	0.0073712
-30	3.4	0.0081242
-30	3.5	0.0083032
-30	3.6	0.0087708
-30	3.7	0.0089134
-30	3.8	0.0087505
-30	3.9	0.0079837
-30	4	0.0074605
-20	-4	0.013384
-20	-3.9	0.012554
-20	-3.8	0.011248
-20	-3.7	0.010353
-20	-3.6	0.0099354
-20	-3.5	0.010538
-20	-3.4	0.01142
-20	-3.3	0.010789
-20	-3.2	0.0087911
-20	-3.1	0.0070484
-20	-3	0.0082427
-20	-2.9	0.011649
-20	-2.8	0.015888
-20	-2.7	0.018212
-20	-2.6	0.02127
-20	-2.5	0.023942
-20	-2.4	0.027296
-20	-2.3	0.031776
-20	-2.2	0.03684
-20	-2.1	0.039368
-20	-2	0.040309
-20	-1.9	0.038442
-20	-1.8	0.034548
-20	-1.7	0.030493
-20	-1.6	0.025271
-20	-1.5	0.024152
-20	-1.4	0.027278
-20	-1.3	0.033014
-20	-1.2	0.044575
-20	-1.1	0.050057
-20	-1	0.056863
-20	-0.9	0.057003
-20	-0.8	0.051754
-20	-0.7	0.04543
-20	-0.6	0.036026
-20	-0.5	0.026916
-20	-0.4	0.019368
-20	-0.3	0.016954
-20	-0.2	0.016672
-20	-0.1	0.01691
-20	0	0.016518
-20	0.1	0.018148
-20	0.2	0.023048
-20	0.3	0.02888
-20	0.4	0.038891
-20	0.5	0.043089
-20	0.6	0.046643
-20	0.7	0.048125
-20	0.8	0.045628
-20	0.9	0.041522
-20	1	0.03647
-20	1.1	0.03376
-20	1.2	0.030958
-20	1.3	0.029868
-20	1.4	0.030002
-20	1.5	0.030373
-20	1.6	0.0301
-20	1.7	0.029255
-20	1.8	0.028287
-20	1.9	0.027256
-20	2	0.026409
-20	2.1	0.025055
-20	2.2	0.023781
-20	2.3	0.021665
-20	2.4	0.018941
-20	2.5	0.015957
-20	2.6	0.013876
-20	2.7	0.011001
-20	2.8	0.00988
-20	2.9	0.0098472
-20	3	0.0092602
-20	3.1	0.0091584
-20	3.2	0.0083942
-20	3.3	0.0076867
-20	3.4	0.0079553
-20	3.5	0.0089442
-20	3.6	0.010047
-20	3.7	0.010333
-20	3.8	0.010095
-20	3.9	0.0097366
-20	4	0.0088424
-10	-4	0.013346
-10	-3.9	0.012887
-10	-3.8	0.011855
-10	-3.7	0.011009
-10	-3.6	0.010154
-10	-3.5	0.010105
-10	-3.4	0.010742
-10	-3.3	0.011002
-10	-3.2	0.0094605
-10	-3.1	0.007508
-10	-3	0.0081063
-10	-2.9	0.012227
-10	-2.8	0.015969
-10	-2.7	0.020801
-10	-2.6	0.02341
-10	-2.5	0.024927
-10	-2.4	0.027481
-10	-2.3	0.029931
-10	-2.2	0.033745
-10	-2.1	0.037379
-10	-2	0.040225
-10	-1.9	0.04057
-10	-1.8	0.038581
-10	-1.7	0.03283
-10	-1.6	0.028193
-10	-1.5	0.024147
-10	-1.4	0.024254
-10	-1.3	0.030846
-10	-1.2	0.039026
-10	-1.1	0.049149
-10	-1	0.0553
-10	-0.9	0.056603
-10	-0.8	0.05262
-10	-0.7	0.047359
-10	-0.6	0.037937
-10	-0.5	0.026677
-10	-0.4	0.021849
-10	-0.3	0.017263
-10	-0.2	0.01705
-10	-0.1	0.016425
-10	0	0.016391
-10	0.1	0.018162
-10	0.2	0.023615
-10	0.3	0.029446
-10	0.4	0.036134
-10	0.5	0.042262
-10	0.6	0.045823
-10	0.7	0.046256
-10	0.8	0.044773
-10	0.9	0.040642
-10	1	0.035778
-10	1.1	0.033436
-10	1.2	0.031
-10	1.3	0.030234
-10	1.4	0.029945
-10	1.5	0.029319
-10	1.6	0.028411
-10	1.7	0.027774
-10	1.8	0.027414
-10	1.9	0.026305
-10	2	0.025485
-10	2.1	0.024288
-10	2.2	0.022376
-10	2.3	0.020558
-10	2.4	0.01819
-10	2.5	0.015816
-10	2.6	0.0134
-10	2.7	0.011506
-10	2.8	0.010172
-10	2.9	0.0097962
-10	3	0.008373
-10	3.1	0.0076085
-10	3.2	0.0074453
-10	3.3	0.007787
-10	3.4	0.0080703
-10	3.5	0.0086577
-10	3.6	0.0092532
-10	3.7	0.0086109
-10	3.8	0.0080723
-10	3.9	0.0084842
-10	4	0.0086875
0	-4	0.012016
0	-3.9	0.011315
0	-3.8	0.010426
0	-3.7	0.010423
0	-3.6	0.010943
0	-3.5	0.011571
0	-3.4	0.010691
0	-3.3	0.010347
0	-3.2	0.0080241
0	-3.1	0.0072048
0	-3	0.0079166
0	-2.9	0.011607
0	-2.8	0.015756
0	-2.7	0.019437
0	-2.6	0.022901
0	-2.5	0.025604
0	-2.4	0.028279
0	-2.3	0.031372
0	-2.2	0.034017
0	-2.1	0.036552
0	-2	0.03881
0	-1.9	0.038751
0	-1.8	0.036408
0	-1.7	0.030927
0	-1.6	0.023738
0	-1.5	0.020186
0	-1.4	0.020979
0	-1.3	0.02757
0	-1.2	0.034402
0	-1.1	0.044375
0	-1	0.048824
0	-0.9	0.050378
0	-0.8	0.048682
0	-0.7	0.043823
0	-0.6	0.0381
0	-0.5	0.030805
0	-0.4	0.024751
0	-0.3	0.019477
0	-0.2	0.017797
0	-0.1	0.016794
0	0	0.016936
0	0.1	0.019505
0	0.2	0.021824
0	0.3	0.026387
0	0.4	0.032514
0	0.5	0.038111
0	0.6	0.041706
0	0.7	0.042852
0	0.8	0.042626
0	0.9	0.041575
0	1	0.038691
0	1.1	0.035641
0	1.2	0.03371
0	1.3	0.031408
0	1.4	0.029579
0	1.5	0.028514
0	1.6	0.027777
0	1.7	0.027874
0	1.8	0.028018
0	1.9	0.027588
0	2	0.02692
0	2.1	0.025529
0	2.2	0.023795
0	2.3	0.021888
0	2.4	0.019596
0	2.5	0.017427
0	2.6	0.014619
0	2.7	0.012953
0	2.8	0.010062
0	2.9	0.0087579
0	3	0.0076635
0	3.1	0.0075059
0	3.2	0.0080322
0	3.3	0.0086053
0	3.4	0.0087172
0	3.5	0.009213
0	3.6	0.0080201
0	3.7	0.008014
0	3.8	0.0076234
0	3.9	0.0077662
0	4	0.0083188
10	-4	0.01218
10	-3.9	0.010989
10	-3.8	0.0090358
10	-3.7	0.0081896
10	-3.6	0.0087505
10	-3.5	0.010199
10	-3.4	0.010342
10	-3.3	0.0097929
10	-3.2	0.0079248
10	-3.1	0.0072272
10	-3	0.0090269
10	-2.9	0.012828
10	-2.8	0.016366
10	-2.7	0.019841
10	-2.6	0.022867
10	-2.5	0.026417
10	-2.4	0.029033
10	-2.3	0.030893
10	-2.2	0.03368
10	-2.1	0.035485
10	-2	0.037354
10	-1.9	0.038481
10	-1.8	0.036456
10	-1.7	0.03191
10	-1.6	0.025182
10	-1.5	0.020109
10	-1.4	0.019036
10	-1.3	0.024623
10	-1.2	0.036974
10	-1.1	0.043211
10	-1	0.050333
10	-0.9	0.051941
10	-0.8	0.050396
10	-0.7	0.045291
10	-0.6	0.038268
10	-0.5	0.032186
10	-0.4	0.02449
10	-0.3	0.019784
10	-0.2	0.017875
10	-0.1	0.016711
10	0	0.01687
10	0.1	0.018245
10	0.2	0.02079
10	0.3	0.025163
10	0.4	0.030882
10	0.5	0.037572
10	0.6	0.041609
10	0.7	0.043458
10	0.8	0.043805
10	0.9	0.041723
10	1	0.039349
10	1.1	0.03638
10	1.2	0.03317
10	1.3	0.030621
10	1.4	0.029909
10	1.5	0.029113
10	1.6	0.029078
10	1.7	0.02895
10	1.8	0.028234
10	1.9	0.02737
10	2	0.025966
10	2.1	0.024936
10	2.2	0.023469
10	2.3	0.022004
10	2.4	0.020214
10	2.5	0.018116
10	2.6	0.015215
10	2.7	0.013069
10	2.8	0.010659
10	2.9	0.0091637
10	3	0.0091053
10	3.1	0.0095235
10	3.2	0.0090018
10	3.3	0.008446
10	3.4	0.0077807
10	3.5	0.0079064
10	3.6	0.0076191
10	3.7	0.0075467
10	3.8	0.0078077
10	3.9	0.0087302
10	4	0.0080422
20	-4	0.012215
20	-3.9	0.010802
20	-3.8	0.0093678
20	-3.7	0.0086708
20	-3.6	0.0079044
20	-3.5	0.0081282
20	-3.4	0.008964
20	-3.3	0.0080221
20	-3.2	0.0066252
20	-3.1	0.0070621
20	-3	0.0099354
20	-2.9	0.014648
20	-2.8	0.017795
20	-2.7	0.02035
20	-2.6	0.022491
20	-2.5	0.02442
20	-2.4	0.027465
20	-2.3	0.030108
20	-2.2	0.03375
20	-2.1	0.03591
20	-2	0.03751
20	-1.9	0.037155
20	-1.8	0.035188
20	-1.7	0.031305
20	-1.6	0.026347
20	-1.5	0.019374
20	-1.4	0.016955
20	-1.3	0.020759
20	-1.2	0.030743
20	-1.1	0.03933
20	-1	0.046258
20	-0.9	0.050709
20	-0.8	0.05056
20	-0.7	0.046547
20	-0.6	0.041441
20	-0.5	0.035197
20	-0.4	0.028414
20	-0.3	0.022987
20	-0.2	0.020065
20	-0.1	0.017904
20	0	0.017868
20	0.1	0.018165
20	0.2	0.020397
20	0.3	0.024228
20	0.4	0.028551
20	0.5	0.035359
20	0.6	0.038356
20	0.7	0.041833
20	0.8	0.042939
20	0.9	0.042443
20	1	0.040525
20	1.1	0.037676
20	1.2	0.035378
20	1.3	0.033256
20	1.4	0.031207
20	1.5	0.029822
20	1.6	0.029062
20	1.7	0.029142
20	1.8	0.029071
20	1.9	0.028773
20	2	0.028046
20	2.1	0.027328
20	2.2	0.026168
20	2.3	0.023774
20	2.4	0.021237
20	2.5	0.018044
20	2.6	0.01657
20	2.7	0.01542
20	2.8	0.01403
20	2.9	0.012736
20	3	0.011603
20	3.1	0.010415
20	3.2	0.0095438
20	3.3	0.0086838
20	3.4	0.0083537
20	3.5	0.0088934
20	3.6	0.009715
20	3.7	0.010172
20	3.8	0.010124
20	3.9	0.0093367
20	4	0.0088862
30	-4	0.011992
30	-3.9	0.010946
30	-3.8	0.0092252
30	-3.7	0.0079736
30	-3.6	0.0082623
30	-3.5	0.0095438
30	-3.4	0.010568
30	-3.3	0.010503
30	-3.2	0.0085902
30	-3.1	0.0069653
30	-3	0.0088825
30	-2.9	0.013144
30	-2.8	0.019383
30	-2.7	0.023744
30	-2.6	0.026454
30	-2.5	0.027938
30	-2.4	0.029423
30	-2.3	0.031262
30	-2.2	0.033674
30	-2.1	0.036868
30	-2	0.038065
30	-1.9	0.038255
30	-1.8	0.035285
30	-1.7	0.031813
30	-1.6	0.025277
30	-1.5	0.018405
30	-1.4	0.016673
30	-1.3	0.020924
30	-1.2	0.029014
30	-1.1	0.036636
30	-1	0.044142
30	-0.9	0.048707
30	-0.8	0.05013
30	-0.7	0.047593
30	-0.6	0.043926
30	-0.5	0.038015
30	-0.4	0.031256
30	-0.3	0.027343
30	-0.2	0.022244
30	-0.1	0.019534
30	0	0.018869
30	0.1	0.018653
30	0.2	0.019414
30	0.3	0.022001
30	0.4	0.025702
30	0.5	0.030914
30	0.6	0.034011
30	0.7	0.037426
30	0.8	0.040957
30	0.9	0.042528
30	1	0.042293
30	1.1	0.041109
30	1.2	0.038723
30	1.3	0.035271
30	1.4	0.032664
30	1.5	0.029476
30	1.6	0.028532
30	1.7	0.028698
30	1.8	0.029783
30	1.9	0.030109
30	2	0.02965
30	2.1	0.027686
30	2.2	0.025903
30	2.3	0.023653
30	2.4	0.020004
30	2.5	0.018207
30	2.6	0.017097
30	2.7	0.016305
30	2.8	0.015494
30	2.9	0.013889
30	3	0.011873
30	3.1	0.0098488
30	3.2	0.0087413
30	3.3	0.0085563
30	3.4	0.008982
30	3.5	0.0099987
30	3.6	0.010121
30	3.7	0.0099159
30	3.8	0.009084
30	3.9	0.0080763
30	4	0.0079268
40	-4	0.012455
40	-3.9	0.011295
40	-3.8	0.0091989
40	-3.7	0.0084785
40	-3.6	0.0091936
40	-3.5	0.0092724
40	-3.4	0.0098652
40	-3.3	0.0098291
40	-3.2	0.0088424
40	-3.1	0.0083013
40	-3	0.0088607
40	-2.9	0.012549
40	-2.8	0.016936
40	-2.7	0.021793
40	-2.6	0.025514
40	-2.5	0.027686
40	-2.4	0.029628
40	-2.3	0.03139
40	-2.2	0.033977
40	-2.1	0.036381
40	-2	0.037786
40	-1.9	0.037947
40	-1.8	0.03623
40	-1.7	0.032251
40	-1.6	0.026482
40	-1.5	0.020551
40	-1.4	0.016781
40	-1.3	0.020276
40	-1.2	0.028183
40	-1.1	0.035014
40	-1	0.044795
40	-0.9	0.051421
40	-0.8	0.053826
40	-0.7	0.05391
40	-0.6	0.050504
40	-0.5	0.043635
40	-0.4	0.037165
40	-0.3	0.028706
40	-0.2	0.023988
40	-0.1	0.02086
40	0	0.01858
40	0.1	0.018112
40	0.2	0.0183
40	0.3	0.019475
40	0.4	0.022166
40	0.5	0.027004
40	0.6	0.032859
40	0.7	0.038258
40	0.8	0.042211
40	0.9	0.044217
40	1	0.04534
40	1.1	0.043636
40	1.2	0.041196
40	1.3	0.037361
40	1.4	0.034563
40	1.5	0.031176
40	1.6	0.028651
40	1.7	0.02818
40	1.8	0.028759
40	1.9	0.029748
40	2	0.02951
40	2.1	0.028512
40	2.2	0.026801
40	2.3	0.02453
40	2.4	0.021424
40	2.5	0.019409
40	2.6	0.017947
40	2.7	0.017619
40	2.8	0.017009
40	2.9	0.015484
40	3	0.013293
40	3.1	0.010515
40	3.2	0.0086968
40	3.3	0.0076825
40	3.4	0.0085431
40	3.5	0.0095641
40	3.6	0.010793
40	3.7	0.010303
40	3.8	0.010741
40	3.9	0.0087635
40	4	0.0078839
50	-4	0.011436
50	-3.9	0.011908
50	-3.8	0.010739
50	-3.7	0.0097582
50	-3.6	0.0090412
50	-3.5	0.008272
50	-3.4	0.0091936
50	-3.3	0.0095776
50	-3.2	0.0094793
50	-3.1	0.0090466
50	-3	0.0082974
50	-2.9	0.010098
50	-2.8	0.014808
50	-2.7	0.019175
50	-2.6	0.023521
50	-2.5	0.027268
50	-2.4	0.029848
50	-2.3	0.031301
50	-2.2	0.032958
50	-2.1	0.035173
50	-2	0.036836
50	-1.9	0.038508
50	-1.8	0.038445
50	-1.7	0.03663
50	-1.6	0.031418
50	-1.5	0.026228
50	-1.4	0.019536
50	-1.3	0.019116
50	-1.2	0.025332
50	-1.1	0.034571
50	-1	0.041544
50	-0.9	0.049321
50	-0.8	0.0545
50	-0.7	0.05513
50	-0.6	0.052848
50	-0.5	0.047272
50	-0.4	0.040478
50	-0.3	0.033349
50	-0.2	0.027377
50	-0.1	0.022606
50	0	0.019177
50	0.1	0.018234
50	0.2	0.018001
50	0.3	0.019471
50	0.4	0.022015
50	0.5	0.025197
50	0.6	0.030078
50	0.7	0.034945
50	0.8	0.038256
50	0.9	0.04198
50	1	0.043098
50	1.1	0.042969
50	1.2	0.041989
50	1.3	0.039359
50	1.4	0.037213
50	1.5	0.03452
50	1.6	0.031677
50	1.7	0.02922
50	1.8	0.028333
50	1.9	0.028264
50	2	0.028264
50	2.1	0.027858
50	2.2	0.026775
50	2.3	0.025774
50	2.4	0.023602
50	2.5	0.020749
50	2.6	0.019064
50	2.7	0.01731
50	2.8	0.016235
50	2.9	0.014899
50	3	0.013733
50	3.1	0.012106
50	3.2	0.010192
50	3.3	0.0090036
50	3.4	0.0084556
50	3.5	0.0092916
50	3.6	0.0094844
50	3.7	0.0099289
50	3.8	0.010015
50	3.9	0.009725
50	4	0.0089766
60	-4	0.012001
60	-3.9	0.012162
60	-3.8	0.010386
60	-3.7	0.0082837
60	-3.6	0.0065886
60	-3.5	0.0078613
60	-3.4	0.0090573
60	-3.3	0.010148
60	-3.2	0.010379
60	-3.1	0.0093781
60	-3	0.0070895
60	-2.9	0.0075915
60	-2.8	0.011614
60	-2.7	0.017039
60	-2.6	0.023402
60	-2.5	0.026324
60	-2.4	0.029152
60	-2.3	0.029776
60	-2.2	0.030598
60	-2.1	0.031947
60	-2	0.033892
60	-1.9	0.036517
60	-1.8	0.03768
60	-1.7	0.037651
60	-1.6	0.035381
60	-1.5	0.030659
60	-1.4	0.024171
60	-1.3	0.020206
60	-1.2	0.021804
60	-1.1	0.030475
60	-1	0.040169
60	-0.9	0.0507
60	-0.8	0.057318
60	-0.7	0.059702
60	-0.6	0.056848
60	-0.5	0.052753
60	-0.4	0.045163
60	-0.3	0.036827
60	-0.2	0.02841
60	-0.1	0.021905
60	0	0.018682
60	0.1	0.017577
60	0.2	0.017375
60	0.3	0.017665
60	0.4	0.019689
60	0.5	0.022666
60	0.6	0.027586
60	0.7	0.033165
60	0.8	0.03781
60	0.9	0.041404
60	1	0.043196
60	1.1	0.04283
60	1.2	0.041317
60	1.3	0.039373
60	1.4	0.036719
60	1.5	0.035411
60	1.6	0.033415
60	1.7	0.031655
60	1.8	0.030001
60	1.9	0.028873
60	2	0.027673
60	2.1	0.026897
60	2.2	0.026103
60	2.3	0.025546
60	2.4	0.025076
60	2.5	0.024236
60	2.6	0.021581
60	2.7	0.01991
60	2.8	0.018327
60	2.9	0.016176
60	3	0.015298
60	3.1	0.013998
60	3.2	0.013331
60	3.3	0.012818
60	3.4	0.011383
60	3.5	0.010786
60	3.6	0.009385
60	3.7	0.0096415
60	3.8	0.0094912
60	3.9	0.009618
60	4	0.0094365
70	-4	0.0080523
70	-3.9	0.0088333
70	-3.8	0.0091089
70	-3.7	0.0095404
70	-3.6	0.0086278
70	-3.5	0.0078654
70	-3.4	0.0083749
70	-3.3	0.0073382
70	-3.2	0.0083576
70	-3.1	0.0074908
70	-3	0.0072918
70	-2.9	0.0073602
70	-2.8	0.0095286
70	-2.7	0.012443
70	-2.6	0.016012
70	-2.5	0.020128
70	-2.4	0.02345
70	-2.3	0.026602
70	-2.2	0.028821
70	-2.1	0.031824
70	-2	0.034361
70	-1.9	0.036312
70	-1.8	0.037294
70	-1.7	0.037081
70	-1.6	0.035311
70	-1.5	0.032482
70	-1.4	0.026721
70	-1.3	0.024077
70	-1.2	0.023721
70	-1.1	0.030142
70	-1	0.037531
70	-0.9	0.050476
70	-0.8	0.05719
70	-0.7	0.062921
70	-0.6	0.063203
70	-0.5	0.059774
70	-0.4	0.052612
70	-0.3	0.044853
70	-0.2	0.033195
70	-0.1	0.025145
70	0	0.019568
70	0.1	0.017492
70	0.2	0.017083
70	0.3	0.01709
70	0.4	0.018006
70	0.5	0.020304
70	0.6	0.025678
70	0.7	0.033532
70	0.8	0.03827
70	0.9	0.044076
70	1	0.046857
70	1.1	0.047634
70	1.2	0.046289
70	1.3	0.043805
70	1.4	0.040606
70	1.5	0.037453
70	1.6	0.035504
70	1.7	0.033341
70	1.8	0.031871
70	1.9	0.030464
70	2	0.029598
70	2.1	0.028395
70	2.2	0.027374
70	2.3	0.026357
70	2.4	0.025761
70	2.5	0.024167
70	2.6	0.022332
70	2.7	0.019507
70	2.8	0.018076
70	2.9	0.015734
70	3	0.01431
70	3.1	0.012838
70	3.2	0.01176
70	3.3	0.011352
70	3.4	0.010575
70	3.5	0.0099387
70	3.6	0.0095692
70	3.7	0.0094673
70	3.8	0.0098423
70	3.9	0.0089946
70	4	0.0088223
80	-4	0.0077973
80	-3.9	0.0095692
80	-3.8	0.0098751
80	-3.7	0.010379
80	-3.6	0.010311
80	-3.5	0.0092567
80	-3.4	0.0079857
80	-3.3	0.0079268
80	-3.2	0.00815
80	-3.1	0.0094468
80	-3	0.0097664
80	-2.9	0.0082368
80	-2.8	0.0070918
80	-2.7	0.0083382
80	-2.6	0.013897
80	-2.5	0.019796
80	-2.4	0.024086
80	-2.3	0.027074
80	-2.2	0.030536
80	-2.1	0.032139
80	-2	0.033559
80	-1.9	0.034411
80	-1.8	0.035586
80	-1.7	0.037319
80	-1.6	0.037836
80	-1.5	0.037159
80	-1.4	0.032148
80	-1.3	0.02724
80	-1.2	0.02481
80	-1.1	0.026924
80	-1	0.0345
80	-0.9	0.044254
80	-0.8	0.053055
80	-0.7	0.060568
80	-0.6	0.063454
80	-0.5	0.06202
80	-0.4	0.056223
80	-0.3	0.048477
80	-0.2	0.037851
80	-0.1	0.028978
80	0	0.023642
80	0.1	0.019107
80	0.2	0.017145
80	0.3	0.017367
80	0.4	0.017865
80	0.5	0.019874
80	0.6	0.024106
80	0.7	0.028743
80	0.8	0.033676
80	0.9	0.038856
80	1	0.042553
80	1.1	0.044382
80	1.2	0.045377
80	1.3	0.044919
80	1.4	0.04334
80	1.5	0.041531
80	1.6	0.038754
80	1.7	0.03431
80	1.8	0.031886
80	1.9	0.029336
80	2	0.028741
80	2.1	0.028233
80	2.2	0.027916
80	2.3	0.027496
80	2.4	0.026337
80	2.5	0.024155
80	2.6	0.021221
80	2.7	0.019021
80	2.8	0.017826
80	2.9	0.017196
80	3	0.017294
80	3.1	0.01569
80	3.2	0.014637
80	3.3	0.012287
80	3.4	0.010181
80	3.5	0.0089116
80	3.6	0.0084842
80	3.7	0.0092515
80	3.8	0.0095962
80	3.9	0.009976
80	4	0.008624
90	-4	0.0069584
90	-3.9	0.0081182
90	-3.8	0.0091584
90	-3.7	0.0097084
90	-3.6	0.009618
90	-3.5	0.0083382
90	-3.4	0.0071869
90	-3.3	0.0060941
90	-3.2	0.007737
90	-3.1	0.0084403
90	-3	0.0090484
90	-2.9	0.0082779
90	-2.8	0.0074388
90	-2.7	0.0080482
90	-2.6	0.010973
90	-2.5	0.015885
90	-2.4	0.020198
90	-2.3	0.023528
90	-2.2	0.026343
90	-2.1	0.028841
90	-2	0.030226
90	-1.9	0.031691
90	-1.8	0.033422
90	-1.7	0.035343
90	-1.6	0.037359
90	-1.5	0.036929
90	-1.4	0.034923
90	-1.3	0.030912
90	-1.2	0.027163
90	-1.1	0.025906
90	-1	0.0335
90	-0.9	0.042453
90	-0.8	0.052988
90	-0.7	0.061647
90	-0.6	0.068353
90	-0.5	0.068678
90	-0.4	0.064431
90	-0.3	0.054581
90	-0.2	0.044693
90	-0.1	0.033584
90	0	0.024343
90	0.1	0.017519
90	0.2	0.017104
90	0.3	0.017182
90	0.4	0.01685
90	0.5	0.017607
90	0.6	0.02106
90	0.7	0.028197
90	0.8	0.033224
90	0.9	0.039707
90	1	0.044363
90	1.1	0.047262
90	1.2	0.046793
90	1.3	0.044257
90	1.4	0.042412
90	1.5	0.039767
90	1.6	0.037505
90	1.7	0.036083
90	1.8	0.034457
90	1.9	0.032723
90	2	0.030906
90	2.1	0.028394
90	2.2	0.026165
90	2.3	0.024796
90	2.4	0.024638
90	2.5	0.024292
90	2.6	0.022885
90	2.7	0.021212
90	2.8	0.019487
90	2.9	0.017444
90	3	0.016157
90	3.1	0.014577
90	3.2	0.013411
90	3.3	0.012654
90	3.4	0.012132
90	3.5	0.010367
90	3.6	0.0097747
90	3.7	0.0082779
90	3.8	0.0082701
90	3.9	0.0089079
90	4	0.0089946
100	-4	0.0089892
100	-3.9	0.0095286
100	-3.8	0.009608
100	-3.7	0.0092042
100	-3.6	0.0091849
100	-3.5	0.008156
100	-3.4	0.0080923
100	-3.3	0.0076191
100	-3.2	0.0081043
100	-3.1	0.0081142
100	-3	0.0076762
100	-2.9	0.0073668
100	-2.8	0.0083013
100	-2.7	0.010114
100	-2.6	0.012775
100	-2.5	0.016443
100	-2.4	0.019179
100	-2.3	0.022426
100	-2.2	0.023305
100	-2.1	0.025187
100	-2	0.028129
100	-1.9	0.029831
100	-1.8	0.032369
100	-1.7	0.034616
100	-1.6	0.035533
100	-1.5	0.035164
100	-1.4	0.032741
100	-1.3	0.029153
100	-1.2	0.025778
100	-1.1	0.025727
100	-1	0.030786
100	-0.9	0.038913
100	-0.8	0.0493
100	-0.7	0.057614
100	-0.6	0.064786
100	-0.5	0.067298
100	-0.4	0.063487
100	-0.3	0.056945
100	-0.2	0.049479
100	-0.1	0.039042
100	0	0.028926
100	0.1	0.020867
100	0.2	0.017794
100	0.3	0.017397
100	0.4	0.016791
100	0.5	0.01651
100	0.6	0.018592
100	0.7	0.022278
100	0.8	0.028987
100	0.9	0.035787
100	1	0.041642
100	1.1	0.047364
100	1.2	0.048085
100	1.3	0.047202
100	1.4	0.044887
100	1.5	0.041427
100	1.6	0.038927
100	1.7	0.036327
100	1.8	0.035303
100	1.9	0.034686
100	2	0.033701
100	2.1	0.031675
100	2.2	0.029207
100	2.3	0.026799
100	2.4	0.025602
100	2.5	0.024508
100	2.6	0.023599
100	2.7	0.02276
100	2.8	0.021368
100	2.9	0.019766
100	3	0.017656
100	3.1	0.015006
100	3.2	0.013903
100	3.3	0.013229
100	3.4	0.012627
100	3.5	0.011721
100	3.6	0.01042
100	3.7	0.0097117
100	3.8	0.0084
100	3.9	0.0084766
100	4	0.0085563
110	-4	0.0058478
110	-3.9	0.0064647
110	-3.8	0.0072339
110	-3.7	0.0081063
110	-3.6	0.0083653
110	-3.5	0.0083304
110	-3.4	0.0070941
110	-3.3	0.00697
110	-3.2	0.0063842
110	-3.1	0.0081678
110	-3	0.0093419
110	-2.9	0.0093419
110	-2.8	0.0088625
110	-2.7	0.0082896
110	-2.6	0.0092881
110	-2.5	0.012027
110	-2.4	0.017427
110	-2.3	0.021494
110	-2.2	0.024649
110	-2.1	0.027554
110	-2	0.029468
110	-1.9	0.031761
110	-1.8	0.033499
110	-1.7	0.035391
110	-1.6	0.036859
110	-1.5	0.037398
110	-1.4	0.036007
110	-1.3	0.034639
110	-1.2	0.032207
110	-1.1	0.03133
110	-1	0.033787
110	-0.9	0.04031
110	-0.8	0.04794
110	-0.7	0.057867
110	-0.6	0.063253
110	-0.5	0.06675
110	-0.4	0.063069
110	-0.3	0.057128
110	-0.2	0.048425
110	-0.1	0.039384
110	0	0.029521
110	0.1	0.021437
110	0.2	0.018516
110	0.3	0.017235
110	0.4	0.016887
110	0.5	0.017787
110	0.6	0.019595
110	0.7	0.023656
110	0.8	0.029271
110	0.9	0.035809
110	1	0.041116
110	1.1	0.043786
110	1.2	0.045175
110	1.3	0.0454
110	1.4	0.044769
110	1.5	0.043727
110	1.6	0.042248
110	1.7	0.040486
110	1.8	0.038731
110	1.9	0.03683
110	2	0.033678
110	2.1	0.030301
110	2.2	0.027847
110	2.3	0.02721
110	2.4	0.02722
110	2.5	0.026677
110	2.6	0.025844
110	2.7	0.024227
110	2.8	0.022081
110	2.9	0.019141
110	3	0.016347
110	3.1	0.015384
110	3.2	0.014582
110	3.3	0.014521
110	3.4	0.013659
110	3.5	0.012314
110	3.6	0.010572
110	3.7	0.0092985
110	3.8	0.008624
110	3.9	0.0088643
110	4	0.0090733
120	-4	0.0073272
120	-3.9	0.0058864
120	-3.8	0.0061548
120	-3.7	0.0069931
120	-3.6	0.0083479
120	-3.5	0.0092252
120	-3.4	0.0086015
120	-3.3	0.0081302
120	-3.2	0.0069024
120	-3.1	0.0065984
120	-3	0.0077516
120	-2.9	0.0089856
120	-2.8	0.0092112
120	-2.7	0.0085089
120	-2.6	0.0093037
120	-2.5	0.013072
120	-2.4	0.016569
120	-2.3	0.02136
120	-2.2	0.025604
120	-2.1	0.028016
120	-2	0.029613
120	-1.9	0.030784
120	-1.8	0.032002
120	-1.7	0.033464
120	-1.6	0.036155
120	-1.5	0.037615
120	-1.4	0.038351
120	-1.3	0.037279
120	-1.2	0.034387
120	-1.1	0.03121
120	-1	0.03174
120	-0.9	0.039029
120	-0.8	0.045947
120	-0.7	0.055241
120	-0.6	0.063594
120	-0.5	0.068852
120	-0.4	0.067908
120	-0.3	0.06203
120	-0.2	0.053493
120	-0.1	0.042289
120	0	0.032348
120	0.1	0.023059
120	0.2	0.018418
120	0.3	0.017818
120	0.4	0.018161
120	0.5	0.018973
120	0.6	0.021044
120	0.7	0.025124
120	0.8	0.030372
120	0.9	0.036552
120	1	0.043585
120	1.1	0.048019
120	1.2	0.050955
120	1.3	0.052025
120	1.4	0.051272
120	1.5	0.048906
120	1.6	0.045865
120	1.7	0.04157
120	1.8	0.038096
120	1.9	0.035485
120	2	0.032511
120	2.1	0.030635
120	2.2	0.02878
120	2.3	0.028259
120	2.4	0.026811
120	2.5	0.024875
120	2.6	0.022426
120	2.7	0.020424
120	2.8	0.0189
120	2.9	0.017731
120	3	0.016794
120	3.1	0.016241
120	3.2	0.015391
120	3.3	0.014042
120	3.4	0.012359
120	3.5	0.0095709
120	3.6	0.0086015
120	3.7	0.0086819
120	3.8	0.009537
120	3.9	0.010409
120	4	0.010159
130	-4	0.0058062
130	-3.9	0.0063994
130	-3.8	0.0072362
130	-3.7	0.0069977
130	-3.6	0.006669
130	-3.5	0.0062201
130	-3.4	0.0064572
130	-3.3	0.0063766
130	-3.2	0.0067437
130	-3.1	0.0084956
130	-3	0.0091567
130	-2.9	0.010076
130	-2.8	0.0085771
130	-2.7	0.0079411
130	-2.6	0.011027
130	-2.5	0.013828
130	-2.4	0.017733
130	-2.3	0.021281
130	-2.2	0.024442
130	-2.1	0.026051
130	-2	0.027087
130	-1.9	0.028055
130	-1.8	0.029345
130	-1.7	0.030832
130	-1.6	0.032709
130	-1.5	0.034995
130	-1.4	0.036095
130	-1.3	0.035104
130	-1.2	0.032649
130	-1.1	0.030035
130	-1	0.031602
130	-0.9	0.036196
130	-0.8	0.044731
130	-0.7	0.053623
130	-0.6	0.062232
130	-0.5	0.066512
130	-0.4	0.067035
130	-0.3	0.062558
130	-0.2	0.055265
130	-0.1	0.044245
130	0	0.03486
130	0.1	0.026562
130	0.2	0.021086
130	0.3	0.018919
130	0.4	0.019013
130	0.5	0.019333
130	0.6	0.02221
130	0.7	0.02502
130	0.8	0.030574
130	0.9	0.037124
130	1	0.044174
130	1.1	0.047524
130	1.2	0.050252
130	1.3	0.050361
130	1.4	0.049506
130	1.5	0.047895
130	1.6	0.045615
130	1.7	0.043246
130	1.8	0.040689
130	1.9	0.038834
130	2	0.035542
130	2.1	0.031922
130	2.2	0.029996
130	2.3	0.02793
130	2.4	0.027054
130	2.5	0.026234
130	2.6	0.02541
130	2.7	0.02461
130	2.8	0.023172
130	2.9	0.020342
130	3	0.01694
130	3.1	0.014682
130	3.2	0.01372
130	3.3	0.013279
130	3.4	0.013463
130	3.5	0.013208
130	3.6	0.012514
130	3.7	0.011339
130	3.8	0.009613
130	3.9	0.0081122
130	4	0.0067004
140	-4	0.0055675
140	-3.9	0.0071824
140	-3.8	0.010082
140	-3.7	0.012056
140	-3.6	0.011538
140	-3.5	0.0099419
140	-3.4	0.0084077
140	-3.3	0.0064797
140	-3.2	0.0070964
140	-3.1	0.0111
140	-3	0.013456
140	-2.9	0.014339
140	-2.8	0.014245
140	-2.7	0.012987
140	-2.6	0.012504
140	-2.5	0.014746
140	-2.4	0.019078
140	-2.3	0.024787
140	-2.2	0.028332
140	-2.1	0.031342
140	-2	0.032653
140	-1.9	0.032772
140	-1.8	0.032054
140	-1.7	0.031336
140	-1.6	0.032202
140	-1.5	0.034043
140	-1.4	0.035267
140	-1.3	0.036072
140	-1.2	0.034612
140	-1.1	0.032224
140	-1	0.032379
140	-0.9	0.038418
140	-0.8	0.044175
140	-0.7	0.051342
140	-0.6	0.059311
140	-0.5	0.063977
140	-0.4	0.065871
140	-0.3	0.06258
140	-0.2	0.057297
140	-0.1	0.049319
140	0	0.039959
140	0.1	0.028991
140	0.2	0.024389
140	0.3	0.02058
140	0.4	0.020292
140	0.5	0.021773
140	0.6	0.023939
140	0.7	0.026356
140	0.8	0.031383
140	0.9	0.036293
140	1	0.04451
140	1.1	0.04922
140	1.2	0.051921
140	1.3	0.053791
140	1.4	0.054373
140	1.5	0.053249
140	1.6	0.049988
140	1.7	0.046029
140	1.8	0.042037
140	1.9	0.038835
140	2	0.035726
140	2.1	0.033382
140	2.2	0.032047
140	2.3	0.031343
140	2.4	0.03
140	2.5	0.027562
140	2.6	0.026273
140	2.7	0.024079
140	2.8	0.022062
140	2.9	0.019213
140	3	0.017716
140	3.1	0.017241
140	3.2	0.016971
140	3.3	0.016519
140	3.4	0.015001
140	3.5	0.0136
140	3.6	0.012168
140	3.7	0.011165
140	3.8	0.010086
140	3.9	0.0090448
140	4	0.0085601
150	-4	0.0080019
150	-3.9	0.010386
150	-3.8	0.011395
150	-3.7	0.011155
150	-3.6	0.010379
150	-3.5	0.0081935
150	-3.4	0.0070804
150	-3.3	0.0081102
150	-3.2	0.010587
150	-3.1	0.012966
150	-3	0.014187
150	-2.9	0.014243
150	-2.8	0.014039
150	-2.7	0.013254
150	-2.6	0.015121
150	-2.5	0.018317
150	-2.4	0.022951
150	-2.3	0.026316
150	-2.2	0.02869
150	-2.1	0.029328
150	-2	0.028927
150	-1.9	0.029465
150	-1.8	0.031518
150	-1.7	0.033674
150	-1.6	0.037133
150	-1.5	0.03899
150	-1.4	0.039157
150	-1.3	0.036452
150	-1.2	0.032524
150	-1.1	0.030213
150	-1	0.031514
150	-0.9	0.037744
150	-0.8	0.045732
150	-0.7	0.057324
150	-0.6	0.063907
150	-0.5	0.068721
150	-0.4	0.068279
150	-0.3	0.062281
150	-0.2	0.056383
150	-0.1	0.046696
150	0	0.034368
150	0.1	0.02789
150	0.2	0.023485
150	0.3	0.02207
150	0.4	0.022752
150	0.5	0.023945
150	0.6	0.025926
150	0.7	0.029368
150	0.8	0.03478
150	0.9	0.039565
150	1	0.047042
150	1.1	0.051051
150	1.2	0.053265
150	1.3	0.055041
150	1.4	0.055204
150	1.5	0.053324
150	1.6	0.049716
150	1.7	0.04645
150	1.8	0.042536
150	1.9	0.038857
150	2	0.03712
150	2.1	0.034585
150	2.2	0.032933
150	2.3	0.032526
150	2.4	0.030829
150	2.5	0.029271
150	2.6	0.026886
150	2.7	0.025816
150	2.8	0.024178
150	2.9	0.021935
150	3	0.020935
150	3.1	0.020812
150	3.2	0.019888
150	3.3	0.018689
150	3.4	0.016238
150	3.5	0.013969
150	3.6	0.01249
150	3.7	0.011121
150	3.8	0.010506
150	3.9	0.010483
150	4	0.01032
160	-4	0.011402
160	-3.9	0.012009
160	-3.8	0.012207
160	-3.7	0.011646
160	-3.6	0.01089
160	-3.5	0.0098554
160	-3.4	0.010802
160	-3.3	0.012163
160	-3.2	0.01398
160	-3.1	0.015393
160	-3	0.015639
160	-2.9	0.01553
160	-2.8	0.015204
160	-2.7	0.01608
160	-2.6	0.018499
160	-2.5	0.022008
160	-2.4	0.026156
160	-2.3	0.029311
160	-2.2	0.030719
160	-2.1	0.031074
160	-2	0.030475
160	-1.9	0.031249
160	-1.8	0.031902
160	-1.7	0.033571
160	-1.6	0.036103
160	-1.5	0.036893
160	-1.4	0.036233
160	-1.3	0.034711
160	-1.2	0.032901
160	-1.1	0.031795
160	-1	0.034558
160	-0.9	0.039783
160	-0.8	0.046198
160	-0.7	0.055197
160	-0.6	0.061369
160	-0.5	0.065438
160	-0.4	0.065607
160	-0.3	0.061293
160	-0.2	0.05487
160	-0.1	0.046057
160	0	0.036271
160	0.1	0.030893
160	0.2	0.02572
160	0.3	0.024294
160	0.4	0.024071
160	0.5	0.025431
160	0.6	0.027243
160	0.7	0.030092
160	0.8	0.034168
160	0.9	0.041112
160	1	0.048052
160	1.1	0.053106
160	1.2	0.056591
160	1.3	0.058665
160	1.4	0.059015
160	1.5	0.057166
160	1.6	0.053641
160	1.7	0.049204
160	1.8	0.045537
160	1.9	0.042086
160	2	0.037952
160	2.1	0.035831
160	2.2	0.035213
160	2.3	0.034647
160	2.4	0.032907
160	2.5	0.030589
160	2.6	0.028311
160	2.7	0.025709
160	2.8	0.023731
160	2.9	0.022099
160	3	0.02133
160	3.1	0.021315
160	3.2	0.02048
160	3.3	0.01924
160	3.4	0.016176
160	3.5	0.013777
160	3.6	0.011826
160	3.7	0.01143
160	3.8	0.011107
160	3.9	0.011369
160	4	0.011813
170	-4	0.0088168
170	-3.9	0.0095607
170	-3.8	0.0094245
170	-3.7	0.0096063
170	-3.6	0.0092287
170	-3.5	0.0093971
170	-3.4	0.0098193
170	-3.3	0.010679
170	-3.2	0.011572
170	-3.1	0.012636
170	-3	0.013643
170	-2.9	0.01433
170	-2.8	0.015763
170	-2.7	0.01779
170	-2.6	0.020421
170	-2.5	0.023216
170	-2.4	0.025801
170	-2.3	0.029074
170	-2.2	0.031542
170	-2.1	0.032895
170	-2	0.034084
170	-1.9	0.036035
170	-1.8	0.037273
170	-1.7	0.038318
170	-1.6	0.039406
170	-1.5	0.039323
170	-1.4	0.038968
170	-1.3	0.038078
170	-1.2	0.037351
170	-1.1	0.037777
170	-1	0.041027
170	-0.9	0.045322
170	-0.8	0.052274
170	-0.7	0.057362
170	-0.6	0.06223
170	-0.5	0.065025
170	-0.4	0.063948
170	-0.3	0.059422
170	-0.2	0.052966
170	-0.1	0.045159
170	0	0.035893
170	0.1	0.030124
170	0.2	0.026903
170	0.3	0.024741
170	0.4	0.025038
170	0.5	0.027341
170	0.6	0.029795
170	0.7	0.034229
170	0.8	0.040345
170	0.9	0.046268
170	1	0.052026
170	1.1	0.055366
170	1.2	0.059108
170	1.3	0.060439
170	1.4	0.060477
170	1.5	0.058588
170	1.6	0.055022
170	1.7	0.051496
170	1.8	0.047936
170	1.9	0.043712
170	2	0.039351
170	2.1	0.0359
170	2.2	0.034997
170	2.3	0.034247
170	2.4	0.033082
170	2.5	0.03165
170	2.6	0.03
170	2.7	0.026227
170	2.8	0.024345
170	2.9	0.021096
170	3	0.01977
170	3.1	0.018987
170	3.2	0.0184
170	3.3	0.017285
170	3.4	0.014822
170	3.5	0.013046
170	3.6	0.012278
170	3.7	0.010041
170	3.8	0.0097532
170	3.9	0.010024
170	4	0.010575
180	-4	0.0073404
180	-3.9	0.0085639
180	-3.8	0.010701
180	-3.7	0.011282
180	-3.6	0.010989
180	-3.5	0.0094758
180	-3.4	0.0093072
180	-3.3	0.0099484
180	-3.2	0.012134
180	-3.1	0.013945
180	-3	0.014344
180	-2.9	0.014228
180	-2.8	0.013639
180	-2.7	0.014424
180	-2.6	0.017087
180	-2.5	0.021419
180	-2.4	0.026165
180	-2.3	0.030365
180	-2.2	0.032275
180	-2.1	0.03265
180	-2	0.032889
180	-1.9	0.032927
180	-1.8	0.033889
180	-1.7	0.036158
180	-1.6	0.038158
180	-1.5	0.040291
180	-1.4	0.039762
180	-1.3	0.038086
180	-1.2	0.035495
180	-1.1	0.035404
180	-1	0.040741
180	-0.9	0.045787
180	-0.8	0.053431
180	-0.7	0.062868
180	-0.6	0.067284
180	-0.5	0.069217
180	-0.4	0.065515
180	-0.3	0.060663
180	-0.2	0.051371
180	-0.1	0.041609
180	0	0.03203
180	0.1	0.027325
180	0.2	0.023944
180	0.3	0.024309
180	0.4	0.025855
180	0.5	0.028296
180	0.6	0.031465
180	0.7	0.035457
180	0.8	0.041971
180	0.9	0.048605
180	1	0.05442
180	1.1	0.058971
180	1.2	0.060989
180	1.3	0.062067
180	1.4	0.060536
180	1.5	0.057337
180	1.6	0.052522
180	1.7	0.049436
180	1.8	0.045735
180	1.9	0.040995
180	2	0.038342
180	2.1	0.036792
180	2.2	0.036114
180	2.3	0.034656
180	2.4	0.032986
180	2.5	0.031618
180	2.6	0.029667
180	2.7	0.02695
180	2.8	0.025067
180	2.9	0.022993
180	3	0.022283
180	3.1	0.021354
180	3.2	0.019834
180	3.3	0.018201
180	3.4	0.015819
180	3.5	0.014442
180	3.6	0.013424
180	3.7	0.012128
180	3.8	0.011074
180	3.9	0.010474
180	4	0.011096
 
Uniformity time =66.05 sec
 
Uniformity Ratio =0.5439
