05-Oct-2018
11:8
TXR  009259 RM495 R24
33511B Function Generator
SN =Agilent Technologies,33511B,MY52301476,3.05-1.19-2.00-52-00
freq =+9.030000000000000E+06
burstmode =TRIG
burstN =+6.000000000000000E+01
voltage =+1.5000000000000E-01
 
DSO-X 2022A Oscilloscope
SN =AGILENT TECHNOLOGIES,DSO-X 2022A,MY54310921,02.41.2015102200
probe =+1.0000000E+00
scale =+500.0E-09
position =+19.900000E-06
range =+1.60E+00
units =VOLT
points =+2000
pointmode =NORM
format =BYTE
acqtype =NORM
trigsource =EXT
coupling =AC
 
-180	-4	0.0073294
-180	-3.9	0.0081441
-180	-3.8	0.0087505
-180	-3.7	0.0091936
-180	-3.6	0.0091142
-180	-3.5	0.0088807
-180	-3.4	0.0092287
-180	-3.3	0.010697
-180	-3.2	0.012474
-180	-3.1	0.013558
-180	-3	0.014117
-180	-2.9	0.013962
-180	-2.8	0.01483
-180	-2.7	0.015789
-180	-2.6	0.019166
-180	-2.5	0.021357
-180	-2.4	0.025062
-180	-2.3	0.026902
-180	-2.2	0.027212
-180	-2.1	0.026348
-180	-2	0.026241
-180	-1.9	0.025856
-180	-1.8	0.026459
-180	-1.7	0.028276
-180	-1.6	0.02961
-180	-1.5	0.030446
-180	-1.4	0.030869
-180	-1.3	0.031401
-180	-1.2	0.031943
-180	-1.1	0.036104
-180	-1	0.039693
-180	-0.9	0.045229
-180	-0.8	0.050123
-180	-0.7	0.054301
-180	-0.6	0.054586
-180	-0.5	0.052606
-180	-0.4	0.046963
-180	-0.3	0.03789
-180	-0.2	0.031596
-180	-0.1	0.023482
-180	0	0.018693
-180	0.1	0.016964
-180	0.2	0.017248
-180	0.3	0.017904
-180	0.4	0.019788
-180	0.5	0.023317
-180	0.6	0.03028
-180	0.7	0.037296
-180	0.8	0.043735
-180	0.9	0.050989
-180	1	0.053975
-180	1.1	0.055825
-180	1.2	0.055845
-180	1.3	0.053492
-180	1.4	0.04871
-180	1.5	0.0451
-180	1.6	0.041408
-180	1.7	0.038575
-180	1.8	0.036504
-180	1.9	0.034913
-180	2	0.034128
-180	2.1	0.033883
-180	2.2	0.03339
-180	2.3	0.03213
-180	2.4	0.030964
-180	2.5	0.029653
-180	2.6	0.028814
-180	2.7	0.027614
-180	2.8	0.025683
-180	2.9	0.023609
-180	3	0.022153
-180	3.1	0.020469
-180	3.2	0.018114
-180	3.3	0.016769
-180	3.4	0.014382
-180	3.5	0.013967
-180	3.6	0.012852
-180	3.7	0.011621
-180	3.8	0.010455
-180	3.9	0.010462
-180	4	0.0098308
-170	-4	0.0086278
-170	-3.9	0.010301
-170	-3.8	0.011468
-170	-3.7	0.011018
-170	-3.6	0.0095624
-170	-3.5	0.0075274
-170	-3.4	0.0075252
-170	-3.3	0.010071
-170	-3.2	0.01349
-170	-3.1	0.016404
-170	-3	0.017248
-170	-2.9	0.016392
-170	-2.8	0.014355
-170	-2.7	0.014013
-170	-2.6	0.016858
-170	-2.5	0.022261
-170	-2.4	0.026635
-170	-2.3	0.030181
-170	-2.2	0.031276
-170	-2.1	0.030065
-170	-2	0.027276
-170	-1.9	0.024537
-170	-1.8	0.024634
-170	-1.7	0.0275
-170	-1.6	0.03018
-170	-1.5	0.033709
-170	-1.4	0.035026
-170	-1.3	0.03411
-170	-1.2	0.034122
-170	-1.1	0.036175
-170	-1	0.040695
-170	-0.9	0.047573
-170	-0.8	0.053273
-170	-0.7	0.057913
-170	-0.6	0.058463
-170	-0.5	0.055538
-170	-0.4	0.04925
-170	-0.3	0.041255
-170	-0.2	0.031069
-170	-0.1	0.023827
-170	0	0.01867
-170	0.1	0.017896
-170	0.2	0.018958
-170	0.3	0.021075
-170	0.4	0.024674
-170	0.5	0.031717
-170	0.6	0.0375
-170	0.7	0.045788
-170	0.8	0.053243
-170	0.9	0.058894
-170	1	0.061766
-170	1.1	0.061321
-170	1.2	0.059406
-170	1.3	0.056068
-170	1.4	0.051245
-170	1.5	0.045349
-170	1.6	0.041814
-170	1.7	0.039263
-170	1.8	0.035678
-170	1.9	0.033946
-170	2	0.032769
-170	2.1	0.032735
-170	2.2	0.032722
-170	2.3	0.031477
-170	2.4	0.029586
-170	2.5	0.027839
-170	2.6	0.027004
-170	2.7	0.024459
-170	2.8	0.023253
-170	2.9	0.02098
-170	3	0.020009
-170	3.1	0.018364
-170	3.2	0.016222
-170	3.3	0.01417
-170	3.4	0.013279
-170	3.5	0.013116
-170	3.6	0.012997
-170	3.7	0.012261
-170	3.8	0.011781
-170	3.9	0.010432
-170	4	0.0092532
-160	-4	0.0053484
-160	-3.9	0.0064697
-160	-3.8	0.0079207
-160	-3.7	0.0080643
-160	-3.6	0.0069164
-160	-3.5	0.0065738
-160	-3.4	0.0071395
-160	-3.3	0.0092881
-160	-3.2	0.011828
-160	-3.1	0.013209
-160	-3	0.014389
-160	-2.9	0.014074
-160	-2.8	0.013625
-160	-2.7	0.01475
-160	-2.6	0.016629
-160	-2.5	0.02006
-160	-2.4	0.023236
-160	-2.3	0.02515
-160	-2.2	0.026275
-160	-2.1	0.026325
-160	-2	0.025542
-160	-1.9	0.024349
-160	-1.8	0.024583
-160	-1.7	0.02667
-160	-1.6	0.028526
-160	-1.5	0.031152
-160	-1.4	0.033125
-160	-1.3	0.034402
-160	-1.2	0.037046
-160	-1.1	0.040497
-160	-1	0.044247
-160	-0.9	0.049402
-160	-0.8	0.053682
-160	-0.7	0.055318
-160	-0.6	0.053641
-160	-0.5	0.050007
-160	-0.4	0.043628
-160	-0.3	0.036412
-160	-0.2	0.027322
-160	-0.1	0.022842
-160	0	0.019322
-160	0.1	0.018859
-160	0.2	0.019242
-160	0.3	0.021562
-160	0.4	0.026222
-160	0.5	0.033168
-160	0.6	0.040743
-160	0.7	0.049643
-160	0.8	0.056438
-160	0.9	0.061729
-160	1	0.062728
-160	1.1	0.061907
-160	1.2	0.059059
-160	1.3	0.056126
-160	1.4	0.051328
-160	1.5	0.046689
-160	1.6	0.043546
-160	1.7	0.041034
-160	1.8	0.038746
-160	1.9	0.036819
-160	2	0.035619
-160	2.1	0.035082
-160	2.2	0.034054
-160	2.3	0.032462
-160	2.4	0.029905
-160	2.5	0.026948
-160	2.6	0.025139
-160	2.7	0.022759
-160	2.8	0.019694
-160	2.9	0.018366
-160	3	0.017019
-160	3.1	0.015691
-160	3.2	0.014315
-160	3.3	0.013077
-160	3.4	0.012143
-160	3.5	0.011672
-160	3.6	0.010257
-160	3.7	0.010248
-160	3.8	0.0084288
-160	3.9	0.0075188
-160	4	0.0074627
-150	-4	0.0068247
-150	-3.9	0.0075979
-150	-3.8	0.0079857
-150	-3.7	0.0084994
-150	-3.6	0.0083614
-150	-3.5	0.0085203
-150	-3.4	0.0089224
-150	-3.3	0.0104
-150	-3.2	0.0118
-150	-3.1	0.012713
-150	-3	0.013369
-150	-2.9	0.014186
-150	-2.8	0.01588
-150	-2.7	0.017996
-150	-2.6	0.020355
-150	-2.5	0.021838
-150	-2.4	0.023085
-150	-2.3	0.02374
-150	-2.2	0.02435
-150	-2.1	0.025714
-150	-2	0.026058
-150	-1.9	0.026822
-150	-1.8	0.028037
-150	-1.7	0.029278
-150	-1.6	0.030345
-150	-1.5	0.031485
-150	-1.4	0.032618
-150	-1.3	0.035087
-150	-1.2	0.038063
-150	-1.1	0.044685
-150	-1	0.050644
-150	-0.9	0.05435
-150	-0.8	0.05641
-150	-0.7	0.054848
-150	-0.6	0.050352
-150	-0.5	0.044069
-150	-0.4	0.035255
-150	-0.3	0.029547
-150	-0.2	0.023921
-150	-0.1	0.021088
-150	0	0.020735
-150	0.1	0.020598
-150	0.2	0.022037
-150	0.3	0.026317
-150	0.4	0.033604
-150	0.5	0.03963
-150	0.6	0.046281
-150	0.7	0.053264
-150	0.8	0.057307
-150	0.9	0.060174
-150	1	0.059858
-150	1.1	0.057756
-150	1.2	0.05519
-150	1.3	0.050612
-150	1.4	0.048361
-150	1.5	0.044749
-150	1.6	0.042418
-150	1.7	0.040638
-150	1.8	0.038858
-150	1.9	0.037732
-150	2	0.036755
-150	2.1	0.03652
-150	2.2	0.035369
-150	2.3	0.032992
-150	2.4	0.031124
-150	2.5	0.028484
-150	2.6	0.026512
-150	2.7	0.02449
-150	2.8	0.022418
-150	2.9	0.020549
-150	3	0.018583
-150	3.1	0.016957
-150	3.2	0.014702
-150	3.3	0.012674
-150	3.4	0.011586
-150	3.5	0.011312
-150	3.6	0.011711
-150	3.7	0.011643
-150	3.8	0.011255
-150	3.9	0.010126
-150	4	0.0091213
-140	-4	0.008008
-140	-3.9	0.0081421
-140	-3.8	0.0077453
-140	-3.7	0.0081242
-140	-3.6	0.0062925
-140	-3.5	0.0068554
-140	-3.4	0.008423
-140	-3.3	0.011033
-140	-3.2	0.013261
-140	-3.1	0.013232
-140	-3	0.013499
-140	-2.9	0.015079
-140	-2.8	0.016467
-140	-2.7	0.019164
-140	-2.6	0.021222
-140	-2.5	0.022111
-140	-2.4	0.022744
-140	-2.3	0.023131
-140	-2.2	0.023375
-140	-2.1	0.024482
-140	-2	0.025673
-140	-1.9	0.027141
-140	-1.8	0.028598
-140	-1.7	0.030125
-140	-1.6	0.031415
-140	-1.5	0.0321
-140	-1.4	0.033344
-140	-1.3	0.036455
-140	-1.2	0.041256
-140	-1.1	0.050363
-140	-1	0.055657
-140	-0.9	0.058714
-140	-0.8	0.058874
-140	-0.7	0.055303
-140	-0.6	0.047844
-140	-0.5	0.041302
-140	-0.4	0.034142
-140	-0.3	0.026647
-140	-0.2	0.021682
-140	-0.1	0.020289
-140	0	0.020787
-140	0.1	0.022024
-140	0.2	0.024284
-140	0.3	0.030175
-140	0.4	0.037405
-140	0.5	0.046264
-140	0.6	0.052157
-140	0.7	0.058007
-140	0.8	0.061649
-140	0.9	0.062431
-140	1	0.060973
-140	1.1	0.056883
-140	1.2	0.053222
-140	1.3	0.049454
-140	1.4	0.045502
-140	1.5	0.042692
-140	1.6	0.04158
-140	1.7	0.039375
-140	1.8	0.038087
-140	1.9	0.036017
-140	2	0.034654
-140	2.1	0.033647
-140	2.2	0.032005
-140	2.3	0.031074
-140	2.4	0.029545
-140	2.5	0.02786
-140	2.6	0.026491
-140	2.7	0.024475
-140	2.8	0.022157
-140	2.9	0.020266
-140	3	0.01845
-140	3.1	0.016309
-140	3.2	0.014229
-140	3.3	0.012697
-140	3.4	0.011619
-140	3.5	0.011071
-140	3.6	0.010971
-140	3.7	0.010572
-140	3.8	0.0099533
-140	3.9	0.010015
-140	4	0.0091849
-130	-4	0.0083459
-130	-3.9	0.0080723
-130	-3.8	0.0073272
-130	-3.7	0.0075445
-130	-3.6	0.0068342
-130	-3.5	0.0082954
-130	-3.4	0.010404
-130	-3.3	0.012047
-130	-3.2	0.012803
-130	-3.1	0.012523
-130	-3	0.012258
-130	-2.9	0.01376
-130	-2.8	0.017366
-130	-2.7	0.019362
-130	-2.6	0.021543
-130	-2.5	0.022163
-130	-2.4	0.02192
-130	-2.3	0.020663
-130	-2.2	0.020724
-130	-2.1	0.021338
-130	-2	0.023576
-130	-1.9	0.025781
-130	-1.8	0.028559
-130	-1.7	0.029756
-130	-1.6	0.030034
-130	-1.5	0.030977
-130	-1.4	0.032245
-130	-1.3	0.035548
-130	-1.2	0.042598
-130	-1.1	0.049291
-130	-1	0.055505
-130	-0.9	0.059492
-130	-0.8	0.060245
-130	-0.7	0.054642
-130	-0.6	0.046879
-130	-0.5	0.04057
-130	-0.4	0.030268
-130	-0.3	0.022578
-130	-0.2	0.020173
-130	-0.1	0.020746
-130	0	0.021157
-130	0.1	0.022163
-130	0.2	0.025123
-130	0.3	0.032283
-130	0.4	0.039503
-130	0.5	0.048854
-130	0.6	0.056918
-130	0.7	0.062126
-130	0.8	0.065215
-130	0.9	0.064332
-130	1	0.060274
-130	1.1	0.056227
-130	1.2	0.051221
-130	1.3	0.046195
-130	1.4	0.044049
-130	1.5	0.04261
-130	1.6	0.041741
-130	1.7	0.041049
-130	1.8	0.039281
-130	1.9	0.037259
-130	2	0.035053
-130	2.1	0.03412
-130	2.2	0.032932
-130	2.3	0.031466
-130	2.4	0.030137
-130	2.5	0.027966
-130	2.6	0.02568
-130	2.7	0.022895
-130	2.8	0.019561
-130	2.9	0.018377
-130	3	0.01732
-130	3.1	0.016749
-130	3.2	0.015706
-130	3.3	0.013913
-130	3.4	0.012315
-130	3.5	0.010482
-130	3.6	0.0095421
-130	3.7	0.0098898
-130	3.8	0.011559
-130	3.9	0.011122
-130	4	0.010662
-120	-4	0.008946
-120	-3.9	0.0081639
-120	-3.8	0.0068365
-120	-3.7	0.0066617
-120	-3.6	0.0075894
-120	-3.5	0.0096867
-120	-3.4	0.011555
-120	-3.3	0.013169
-120	-3.2	0.013526
-120	-3.1	0.01339
-120	-3	0.01285
-120	-2.9	0.014878
-120	-2.8	0.017713
-120	-2.7	0.021444
-120	-2.6	0.024969
-120	-2.5	0.026519
-120	-2.4	0.026137
-120	-2.3	0.025103
-120	-2.2	0.024562
-120	-2.1	0.024186
-120	-2	0.025559
-120	-1.9	0.02936
-120	-1.8	0.031895
-120	-1.7	0.034316
-120	-1.6	0.035325
-120	-1.5	0.036157
-120	-1.4	0.038473
-120	-1.3	0.043006
-120	-1.2	0.049779
-120	-1.1	0.054538
-120	-1	0.059826
-120	-0.9	0.060725
-120	-0.8	0.058523
-120	-0.7	0.051492
-120	-0.6	0.044394
-120	-0.5	0.035215
-120	-0.4	0.028219
-120	-0.3	0.021805
-120	-0.2	0.019603
-120	-0.1	0.020249
-120	0	0.021293
-120	0.1	0.023352
-120	0.2	0.029236
-120	0.3	0.03672
-120	0.4	0.044862
-120	0.5	0.053643
-120	0.6	0.060377
-120	0.7	0.064478
-120	0.8	0.065373
-120	0.9	0.063038
-120	1	0.059518
-120	1.1	0.055915
-120	1.2	0.052573
-120	1.3	0.049137
-120	1.4	0.047686
-120	1.5	0.045081
-120	1.6	0.043769
-120	1.7	0.041853
-120	1.8	0.039589
-120	1.9	0.037704
-120	2	0.036567
-120	2.1	0.036255
-120	2.2	0.035275
-120	2.3	0.032764
-120	2.4	0.030634
-120	2.5	0.027743
-120	2.6	0.02426
-120	2.7	0.021412
-120	2.8	0.019094
-120	2.9	0.018569
-120	3	0.017132
-120	3.1	0.016656
-120	3.2	0.015144
-120	3.3	0.013542
-120	3.4	0.012217
-120	3.5	0.011888
-120	3.6	0.011328
-120	3.7	0.011522
-120	3.8	0.011369
-120	3.9	0.011304
-120	4	0.010102
-110	-4	0.0076064
-110	-3.9	0.0071959
-110	-3.8	0.0083071
-110	-3.7	0.0092095
-110	-3.6	0.011075
-110	-3.5	0.012159
-110	-3.4	0.012863
-110	-3.3	0.013091
-110	-3.2	0.012847
-110	-3.1	0.013447
-110	-3	0.015077
-110	-2.9	0.018674
-110	-2.8	0.021583
-110	-2.7	0.023973
-110	-2.6	0.025388
-110	-2.5	0.025981
-110	-2.4	0.025632
-110	-2.3	0.025375
-110	-2.2	0.02566
-110	-2.1	0.026316
-110	-2	0.028127
-110	-1.9	0.029799
-110	-1.8	0.030853
-110	-1.7	0.032176
-110	-1.6	0.033502
-110	-1.5	0.035908
-110	-1.4	0.039824
-110	-1.3	0.045232
-110	-1.2	0.05035
-110	-1.1	0.05556
-110	-1	0.058692
-110	-0.9	0.058307
-110	-0.8	0.053941
-110	-0.7	0.049456
-110	-0.6	0.041599
-110	-0.5	0.033737
-110	-0.4	0.027503
-110	-0.3	0.02251
-110	-0.2	0.021075
-110	-0.1	0.021479
-110	0	0.022062
-110	0.1	0.025272
-110	0.2	0.029437
-110	0.3	0.037759
-110	0.4	0.04562
-110	0.5	0.052123
-110	0.6	0.05856
-110	0.7	0.063546
-110	0.8	0.065348
-110	0.9	0.063924
-110	1	0.061391
-110	1.1	0.057433
-110	1.2	0.053157
-110	1.3	0.04996
-110	1.4	0.046967
-110	1.5	0.045654
-110	1.6	0.044847
-110	1.7	0.044236
-110	1.8	0.042822
-110	1.9	0.040438
-110	2	0.037761
-110	2.1	0.035638
-110	2.2	0.032887
-110	2.3	0.03057
-110	2.4	0.028621
-110	2.5	0.027739
-110	2.6	0.026417
-110	2.7	0.024133
-110	2.8	0.020168
-110	2.9	0.017299
-110	3	0.014536
-110	3.1	0.012345
-110	3.2	0.011833
-110	3.3	0.012318
-110	3.4	0.012988
-110	3.5	0.012535
-110	3.6	0.011531
-110	3.7	0.01001
-110	3.8	0.0078201
-110	3.9	0.0076888
-110	4	0.0075958
-100	-4	0.0068813
-100	-3.9	0.0068365
-100	-3.8	0.0067053
-100	-3.7	0.00677
-100	-3.6	0.0079553
-100	-3.5	0.010347
-100	-3.4	0.011781
-100	-3.3	0.013129
-100	-3.2	0.013114
-100	-3.1	0.013087
-100	-3	0.013989
-100	-2.9	0.015251
-100	-2.8	0.019015
-100	-2.7	0.022103
-100	-2.6	0.02483
-100	-2.5	0.026328
-100	-2.4	0.02675
-100	-2.3	0.025712
-100	-2.2	0.025284
-100	-2.1	0.024888
-100	-2	0.02605
-100	-1.9	0.029812
-100	-1.8	0.032294
-100	-1.7	0.035863
-100	-1.6	0.037311
-100	-1.5	0.039272
-100	-1.4	0.042462
-100	-1.3	0.049276
-100	-1.2	0.053147
-100	-1.1	0.057896
-100	-1	0.060547
-100	-0.9	0.059988
-100	-0.8	0.056193
-100	-0.7	0.048359
-100	-0.6	0.038656
-100	-0.5	0.032479
-100	-0.4	0.024571
-100	-0.3	0.01961
-100	-0.2	0.018646
-100	-0.1	0.019095
-100	0	0.020038
-100	0.1	0.02394
-100	0.2	0.030579
-100	0.3	0.041749
-100	0.4	0.04975
-100	0.5	0.056995
-100	0.6	0.064237
-100	0.7	0.067236
-100	0.8	0.066771
-100	0.9	0.064519
-100	1	0.059976
-100	1.1	0.0574
-100	1.2	0.053289
-100	1.3	0.049735
-100	1.4	0.047325
-100	1.5	0.044686
-100	1.6	0.041826
-100	1.7	0.040191
-100	1.8	0.037358
-100	1.9	0.035683
-100	2	0.034001
-100	2.1	0.032624
-100	2.2	0.030039
-100	2.3	0.027849
-100	2.4	0.025142
-100	2.5	0.020883
-100	2.6	0.018628
-100	2.7	0.015919
-100	2.8	0.014589
-100	2.9	0.014256
-100	3	0.013658
-100	3.1	0.012849
-100	3.2	0.011758
-100	3.3	0.010721
-100	3.4	0.0092357
-100	3.5	0.0080723
-100	3.6	0.0070781
-100	3.7	0.0073095
-100	3.8	0.0082993
-100	3.9	0.007714
-100	4	0.0076909
-90	-4	0.008272
-90	-3.9	0.0070827
-90	-3.8	0.007617
-90	-3.7	0.00944
-90	-3.6	0.010862
-90	-3.5	0.012685
-90	-3.4	0.01353
-90	-3.3	0.01433
-90	-3.2	0.014568
-90	-3.1	0.016156
-90	-3	0.017667
-90	-2.9	0.019752
-90	-2.8	0.021925
-90	-2.7	0.023362
-90	-2.6	0.024755
-90	-2.5	0.025736
-90	-2.4	0.026702
-90	-2.3	0.027435
-90	-2.2	0.027503
-90	-2.1	0.027594
-90	-2	0.028935
-90	-1.9	0.030778
-90	-1.8	0.032263
-90	-1.7	0.033905
-90	-1.6	0.035934
-90	-1.5	0.040065
-90	-1.4	0.045247
-90	-1.3	0.051904
-90	-1.2	0.059065
-90	-1.1	0.062056
-90	-1	0.062199
-90	-0.9	0.059638
-90	-0.8	0.05346
-90	-0.7	0.043571
-90	-0.6	0.036653
-90	-0.5	0.028958
-90	-0.4	0.022654
-90	-0.3	0.020014
-90	-0.2	0.019623
-90	-0.1	0.019997
-90	0	0.021957
-90	0.1	0.024949
-90	0.2	0.033459
-90	0.3	0.039995
-90	0.4	0.050773
-90	0.5	0.056693
-90	0.6	0.062342
-90	0.7	0.064993
-90	0.8	0.064138
-90	0.9	0.061856
-90	1	0.058493
-90	1.1	0.053684
-90	1.2	0.050748
-90	1.3	0.047936
-90	1.4	0.045538
-90	1.5	0.043791
-90	1.6	0.04212
-90	1.7	0.039691
-90	1.8	0.037313
-90	1.9	0.035562
-90	2	0.034679
-90	2.1	0.034055
-90	2.2	0.033043
-90	2.3	0.030394
-90	2.4	0.028224
-90	2.5	0.025001
-90	2.6	0.022294
-90	2.7	0.01933
-90	2.8	0.017305
-90	2.9	0.016728
-90	3	0.01685
-90	3.1	0.016068
-90	3.2	0.014957
-90	3.3	0.013162
-90	3.4	0.011383
-90	3.5	0.010062
-90	3.6	0.0096867
-90	3.7	0.01042
-90	3.8	0.011029
-90	3.9	0.011009
-90	4	0.011142
-80	-4	0.0077265
-80	-3.9	0.0083382
-80	-3.8	0.0094622
-80	-3.7	0.011113
-80	-3.6	0.011977
-80	-3.5	0.012949
-80	-3.4	0.013275
-80	-3.3	0.013705
-80	-3.2	0.014867
-80	-3.1	0.017144
-80	-3	0.019962
-80	-2.9	0.022751
-80	-2.8	0.024138
-80	-2.7	0.025066
-80	-2.6	0.024601
-80	-2.5	0.024422
-80	-2.4	0.025388
-80	-2.3	0.026671
-80	-2.2	0.028362
-80	-2.1	0.029873
-80	-2	0.032059
-80	-1.9	0.032615
-80	-1.8	0.032085
-80	-1.7	0.032313
-80	-1.6	0.034927
-80	-1.5	0.03951
-80	-1.4	0.044913
-80	-1.3	0.051204
-80	-1.2	0.057366
-80	-1.1	0.06067
-80	-1	0.060308
-80	-0.9	0.056101
-80	-0.8	0.050081
-80	-0.7	0.04043
-80	-0.6	0.033214
-80	-0.5	0.024374
-80	-0.4	0.019756
-80	-0.3	0.018521
-80	-0.2	0.019016
-80	-0.1	0.019602
-80	0	0.02115
-80	0.1	0.024785
-80	0.2	0.03155
-80	0.3	0.041596
-80	0.4	0.048022
-80	0.5	0.055111
-80	0.6	0.061234
-80	0.7	0.063965
-80	0.8	0.063849
-80	0.9	0.059942
-80	1	0.055817
-80	1.1	0.051395
-80	1.2	0.048001
-80	1.3	0.045084
-80	1.4	0.042251
-80	1.5	0.041155
-80	1.6	0.040169
-80	1.7	0.038512
-80	1.8	0.036644
-80	1.9	0.034682
-80	2	0.033552
-80	2.1	0.032044
-80	2.2	0.030806
-80	2.3	0.028617
-80	2.4	0.027046
-80	2.5	0.025142
-80	2.6	0.022938
-80	2.7	0.02069
-80	2.8	0.018567
-80	2.9	0.016615
-80	3	0.015214
-80	3.1	0.013362
-80	3.2	0.01219
-80	3.3	0.011448
-80	3.4	0.011268
-80	3.5	0.010983
-80	3.6	0.011136
-80	3.7	0.011662
-80	3.8	0.010888
-80	3.9	0.010489
-80	4	0.009778
-70	-4	0.008545
-70	-3.9	0.0089369
-70	-3.8	0.010183
-70	-3.7	0.01224
-70	-3.6	0.013213
-70	-3.5	0.013681
-70	-3.4	0.01359
-70	-3.3	0.014852
-70	-3.2	0.015406
-70	-3.1	0.018032
-70	-3	0.020967
-70	-2.9	0.023266
-70	-2.8	0.024961
-70	-2.7	0.025489
-70	-2.6	0.025163
-70	-2.5	0.025219
-70	-2.4	0.025923
-70	-2.3	0.02658
-70	-2.2	0.027746
-70	-2.1	0.028863
-70	-2	0.029944
-70	-1.9	0.029415
-70	-1.8	0.028595
-70	-1.7	0.029032
-70	-1.6	0.031271
-70	-1.5	0.03612
-70	-1.4	0.043895
-70	-1.3	0.05044
-70	-1.2	0.056496
-70	-1.1	0.060955
-70	-1	0.061196
-70	-0.9	0.056772
-70	-0.8	0.050553
-70	-0.7	0.039244
-70	-0.6	0.030371
-70	-0.5	0.023325
-70	-0.4	0.0177
-70	-0.3	0.016825
-70	-0.2	0.018684
-70	-0.1	0.019732
-70	0	0.021112
-70	0.1	0.025603
-70	0.2	0.030933
-70	0.3	0.040039
-70	0.4	0.048926
-70	0.5	0.057012
-70	0.6	0.061233
-70	0.7	0.064628
-70	0.8	0.063825
-70	0.9	0.05982
-70	1	0.054323
-70	1.1	0.049669
-70	1.2	0.04593
-70	1.3	0.042702
-70	1.4	0.040166
-70	1.5	0.039547
-70	1.6	0.03884
-70	1.7	0.037769
-70	1.8	0.035585
-70	1.9	0.033328
-70	2	0.030658
-70	2.1	0.028459
-70	2.2	0.026938
-70	2.3	0.026127
-70	2.4	0.025556
-70	2.5	0.024628
-70	2.6	0.02324
-70	2.7	0.020661
-70	2.8	0.017565
-70	2.9	0.014066
-70	3	0.01192
-70	3.1	0.01109
-70	3.2	0.011061
-70	3.3	0.011191
-70	3.4	0.012048
-70	3.5	0.012281
-70	3.6	0.01083
-70	3.7	0.0099906
-70	3.8	0.009
-70	3.9	0.0083711
-70	4	0.0084652
-60	-4	0.0094622
-60	-3.9	0.009862
-60	-3.8	0.010479
-60	-3.7	0.011204
-60	-3.6	0.011915
-60	-3.5	0.012158
-60	-3.4	0.013106
-60	-3.3	0.013918
-60	-3.2	0.015158
-60	-3.1	0.017343
-60	-3	0.019637
-60	-2.9	0.021726
-60	-2.8	0.024131
-60	-2.7	0.026184
-60	-2.6	0.026796
-60	-2.5	0.026963
-60	-2.4	0.02769
-60	-2.3	0.027758
-60	-2.2	0.028377
-60	-2.1	0.02951
-60	-2	0.030278
-60	-1.9	0.030561
-60	-1.8	0.030239
-60	-1.7	0.030912
-60	-1.6	0.033757
-60	-1.5	0.037479
-60	-1.4	0.043374
-60	-1.3	0.0511
-60	-1.2	0.055616
-60	-1.1	0.058792
-60	-1	0.059403
-60	-0.9	0.055765
-60	-0.8	0.048994
-60	-0.7	0.039991
-60	-0.6	0.030216
-60	-0.5	0.021416
-60	-0.4	0.015608
-60	-0.3	0.014985
-60	-0.2	0.016203
-60	-0.1	0.017725
-60	0	0.018574
-60	0.1	0.022135
-60	0.2	0.028548
-60	0.3	0.036397
-60	0.4	0.044997
-60	0.5	0.052157
-60	0.6	0.057916
-60	0.7	0.060554
-60	0.8	0.060694
-60	0.9	0.057305
-60	1	0.05339
-60	1.1	0.049344
-60	1.2	0.044688
-60	1.3	0.041814
-60	1.4	0.038956
-60	1.5	0.037003
-60	1.6	0.03526
-60	1.7	0.033992
-60	1.8	0.032363
-60	1.9	0.030678
-60	2	0.02946
-60	2.1	0.027863
-60	2.2	0.026611
-60	2.3	0.02423
-60	2.4	0.022924
-60	2.5	0.021685
-60	2.6	0.020305
-60	2.7	0.018272
-60	2.8	0.016971
-60	2.9	0.014655
-60	3	0.012848
-60	3.1	0.011704
-60	3.2	0.011209
-60	3.3	0.011163
-60	3.4	0.011266
-60	3.5	0.010955
-60	3.6	0.010509
-60	3.7	0.0093833
-60	3.8	0.0082112
-60	3.9	0.0078428
-60	4	0.0082505
-50	-4	0.0091018
-50	-3.9	0.0089478
-50	-3.8	0.010531
-50	-3.7	0.011599
-50	-3.6	0.012739
-50	-3.5	0.013958
-50	-3.4	0.013092
-50	-3.3	0.012544
-50	-3.2	0.01264
-50	-3.1	0.014917
-50	-3	0.019241
-50	-2.9	0.02428
-50	-2.8	0.028278
-50	-2.7	0.029314
-50	-2.6	0.029725
-50	-2.5	0.0284
-50	-2.4	0.027253
-50	-2.3	0.027821
-50	-2.2	0.028641
-50	-2.1	0.030523
-50	-2	0.032436
-50	-1.9	0.032432
-50	-1.8	0.031188
-50	-1.7	0.030271
-50	-1.6	0.030975
-50	-1.5	0.035061
-50	-1.4	0.041061
-50	-1.3	0.048707
-50	-1.2	0.054797
-50	-1.1	0.05747
-50	-1	0.057359
-50	-0.9	0.052834
-50	-0.8	0.043561
-50	-0.7	0.035571
-50	-0.6	0.026551
-50	-0.5	0.016939
-50	-0.4	0.013606
-50	-0.3	0.013642
-50	-0.2	0.0153
-50	-0.1	0.016083
-50	0	0.017883
-50	0.1	0.022287
-50	0.2	0.028254
-50	0.3	0.034838
-50	0.4	0.042604
-50	0.5	0.049702
-50	0.6	0.054739
-50	0.7	0.05607
-50	0.8	0.056039
-50	0.9	0.053926
-50	1	0.050423
-50	1.1	0.047326
-50	1.2	0.043558
-50	1.3	0.039905
-50	1.4	0.035848
-50	1.5	0.033185
-50	1.6	0.030724
-50	1.7	0.029852
-50	1.8	0.029238
-50	1.9	0.028945
-50	2	0.029191
-50	2.1	0.028337
-50	2.2	0.026671
-50	2.3	0.024086
-50	2.4	0.021437
-50	2.5	0.018956
-50	2.6	0.016352
-50	2.7	0.015028
-50	2.8	0.014054
-50	2.9	0.013881
-50	3	0.012585
-50	3.1	0.011376
-50	3.2	0.010122
-50	3.3	0.0090269
-50	3.4	0.0082701
-50	3.5	0.0072851
-50	3.6	0.0071009
-50	3.7	0.0074192
-50	3.8	0.0079207
-50	3.9	0.0078593
-50	4	0.0084
-40	-4	0.0087117
-40	-3.9	0.0075252
-40	-3.8	0.007225
-40	-3.7	0.0075958
-40	-3.6	0.0093643
-40	-3.5	0.011618
-40	-3.4	0.012016
-40	-3.3	0.011639
-40	-3.2	0.010674
-40	-3.1	0.011496
-40	-3	0.0139
-40	-2.9	0.017164
-40	-2.8	0.021257
-40	-2.7	0.024628
-40	-2.6	0.027366
-40	-2.5	0.028666
-40	-2.4	0.028725
-40	-2.3	0.028705
-40	-2.2	0.028265
-40	-2.1	0.0284
-40	-2	0.029466
-40	-1.9	0.03046
-40	-1.8	0.030398
-40	-1.7	0.029131
-40	-1.6	0.029265
-40	-1.5	0.031919
-40	-1.4	0.03803
-40	-1.3	0.046977
-40	-1.2	0.053532
-40	-1.1	0.058665
-40	-1	0.059923
-40	-0.9	0.05555
-40	-0.8	0.047187
-40	-0.7	0.040728
-40	-0.6	0.026994
-40	-0.5	0.017688
-40	-0.4	0.012315
-40	-0.3	0.012464
-40	-0.2	0.015754
-40	-0.1	0.016108
-40	0	0.016583
-40	0.1	0.019149
-40	0.2	0.024186
-40	0.3	0.032458
-40	0.4	0.0404
-40	0.5	0.048949
-40	0.6	0.052388
-40	0.7	0.055679
-40	0.8	0.0548
-40	0.9	0.051843
-40	1	0.048657
-40	1.1	0.043318
-40	1.2	0.039436
-40	1.3	0.036585
-40	1.4	0.034229
-40	1.5	0.032228
-40	1.6	0.029381
-40	1.7	0.027067
-40	1.8	0.025502
-40	1.9	0.024613
-40	2	0.024527
-40	2.1	0.024524
-40	2.2	0.023874
-40	2.3	0.021502
-40	2.4	0.020473
-40	2.5	0.017637
-40	2.6	0.014734
-40	2.7	0.012777
-40	2.8	0.011889
-40	2.9	0.011355
-40	3	0.011288
-40	3.1	0.010506
-40	3.2	0.0099484
-40	3.3	0.0087246
-40	3.4	0.0077161
-40	3.5	0.0068318
-40	3.6	0.0061469
-40	3.7	0.0067605
-40	3.8	0.0070438
-40	3.9	0.0072071
-40	4	0.0059952
-30	-4	0.010273
-30	-3.9	0.0081757
-30	-3.8	0.0079268
-30	-3.7	0.0083614
-30	-3.6	0.0089496
-30	-3.5	0.0095911
-30	-3.4	0.0094776
-30	-3.3	0.0090804
-30	-3.2	0.0093712
-30	-3.1	0.011924
-30	-3	0.016076
-30	-2.9	0.019909
-30	-2.8	0.022599
-30	-2.7	0.024554
-30	-2.6	0.024971
-30	-2.5	0.02603
-30	-2.4	0.027152
-30	-2.3	0.029066
-30	-2.2	0.030834
-30	-2.1	0.031467
-30	-2	0.032015
-30	-1.9	0.031214
-30	-1.8	0.028573
-30	-1.7	0.02493
-30	-1.6	0.02511
-30	-1.5	0.028037
-30	-1.4	0.034495
-30	-1.3	0.043076
-30	-1.2	0.052885
-30	-1.1	0.056649
-30	-1	0.057546
-30	-0.9	0.05408
-30	-0.8	0.044415
-30	-0.7	0.03614
-30	-0.6	0.025691
-30	-0.5	0.019722
-30	-0.4	0.012387
-30	-0.3	0.011141
-30	-0.2	0.013548
-30	-0.1	0.014631
-30	0	0.015054
-30	0.1	0.016087
-30	0.2	0.019409
-30	0.3	0.026265
-30	0.4	0.033206
-30	0.5	0.040131
-30	0.6	0.044761
-30	0.7	0.047752
-30	0.8	0.048624
-30	0.9	0.047402
-30	1	0.044771
-30	1.1	0.041317
-30	1.2	0.037512
-30	1.3	0.034051
-30	1.4	0.030589
-30	1.5	0.028879
-30	1.6	0.027628
-30	1.7	0.026754
-30	1.8	0.026439
-30	1.9	0.026163
-30	2	0.025517
-30	2.1	0.024559
-30	2.2	0.023287
-30	2.3	0.021371
-30	2.4	0.020319
-30	2.5	0.018573
-30	2.6	0.017347
-30	2.7	0.015787
-30	2.8	0.014841
-30	2.9	0.01442
-30	3	0.012557
-30	3.1	0.0099273
-30	3.2	0.0088916
-30	3.3	0.0081876
-30	3.4	0.0079126
-30	3.5	0.0082505
-30	3.6	0.0084975
-30	3.7	0.0081757
-30	3.8	0.0083865
-30	3.9	0.0077119
-30	4	0.0070162
-20	-4	0.0098816
-20	-3.9	0.0086912
-20	-3.8	0.0070507
-20	-3.7	0.0066932
-20	-3.6	0.0074908
-20	-3.5	0.0082681
-20	-3.4	0.0094673
-20	-3.3	0.0087061
-20	-3.2	0.0082014
-20	-3.1	0.01005
-20	-3	0.012564
-20	-2.9	0.016212
-20	-2.8	0.01925
-20	-2.7	0.022016
-20	-2.6	0.023738
-20	-2.5	0.024927
-20	-2.4	0.025968
-20	-2.3	0.029013
-20	-2.2	0.03115
-20	-2.1	0.03326
-20	-2	0.034336
-20	-1.9	0.03362
-20	-1.8	0.030542
-20	-1.7	0.026777
-20	-1.6	0.023776
-20	-1.5	0.025587
-20	-1.4	0.03196
-20	-1.3	0.041404
-20	-1.2	0.049003
-20	-1.1	0.055332
-20	-1	0.058056
-20	-0.9	0.05676
-20	-0.8	0.051083
-20	-0.7	0.043024
-20	-0.6	0.034333
-20	-0.5	0.023236
-20	-0.4	0.014671
-20	-0.3	0.011053
-20	-0.2	0.012436
-20	-0.1	0.013664
-20	0	0.013955
-20	0.1	0.01479
-20	0.2	0.018954
-20	0.3	0.022905
-20	0.4	0.029763
-20	0.5	0.036777
-20	0.6	0.041851
-20	0.7	0.045039
-20	0.8	0.045917
-20	0.9	0.045357
-20	1	0.043467
-20	1.1	0.041228
-20	1.2	0.038385
-20	1.3	0.035202
-20	1.4	0.032119
-20	1.5	0.028956
-20	1.6	0.0264
-20	1.7	0.024517
-20	1.8	0.02324
-20	1.9	0.023255
-20	2	0.023286
-20	2.1	0.024008
-20	2.2	0.022914
-20	2.3	0.0216
-20	2.4	0.019791
-20	2.5	0.017949
-20	2.6	0.016053
-20	2.7	0.014745
-20	2.8	0.013869
-20	2.9	0.013547
-20	3	0.012213
-20	3.1	0.010256
-20	3.2	0.0084422
-20	3.3	0.0072763
-20	3.4	0.0074865
-20	3.5	0.007085
-20	3.6	0.007325
-20	3.7	0.0075552
-20	3.8	0.0075574
-20	3.9	0.0070484
-20	4	0.0069258
-10	-4	0.010581
-10	-3.9	0.0099061
-10	-3.8	0.0088898
-10	-3.7	0.006893
-10	-3.6	0.0061153
-10	-3.5	0.0068883
-10	-3.4	0.0083788
-10	-3.3	0.0078716
-10	-3.2	0.0075166
-10	-3.1	0.0078139
-10	-3	0.0095726
-10	-2.9	0.014222
-10	-2.8	0.016791
-10	-2.7	0.019662
-10	-2.6	0.021903
-10	-2.5	0.023348
-10	-2.4	0.02459
-10	-2.3	0.026412
-10	-2.2	0.028122
-10	-2.1	0.030232
-10	-2	0.031351
-10	-1.9	0.031082
-10	-1.8	0.029528
-10	-1.7	0.025398
-10	-1.6	0.021601
-10	-1.5	0.020405
-10	-1.4	0.023578
-10	-1.3	0.030802
-10	-1.2	0.040498
-10	-1.1	0.048439
-10	-1	0.056526
-10	-0.9	0.05863
-10	-0.8	0.056579
-10	-0.7	0.050491
-10	-0.6	0.040922
-10	-0.5	0.030437
-10	-0.4	0.02071
-10	-0.3	0.01259
-10	-0.2	0.011155
-10	-0.1	0.013475
-10	0	0.014619
-10	0.1	0.013661
-10	0.2	0.014468
-10	0.3	0.018278
-10	0.4	0.0248
-10	0.5	0.032321
-10	0.6	0.040531
-10	0.7	0.044929
-10	0.8	0.047003
-10	0.9	0.046212
-10	1	0.043276
-10	1.1	0.039152
-10	1.2	0.034924
-10	1.3	0.030764
-10	1.4	0.028044
-10	1.5	0.026866
-10	1.6	0.025922
-10	1.7	0.025186
-10	1.8	0.023552
-10	1.9	0.022237
-10	2	0.021533
-10	2.1	0.020383
-10	2.2	0.020277
-10	2.3	0.020167
-10	2.4	0.019394
-10	2.5	0.018694
-10	2.6	0.016671
-10	2.7	0.015202
-10	2.8	0.013128
-10	2.9	0.012187
-10	3	0.010351
-10	3.1	0.0096917
-10	3.2	0.0090804
-10	3.3	0.008488
-10	3.4	0.006698
-10	3.5	0.0060994
-10	3.6	0.0058699
-10	3.7	0.006369
-10	3.8	0.0075488
-10	3.9	0.0072272
-10	4	0.007454
0	-4	0.011023
0	-3.9	0.0098357
0	-3.8	0.0089333
0	-3.7	0.0065886
0	-3.6	0.0062461
0	-3.5	0.0080703
0	-3.4	0.0085525
0	-3.3	0.0086446
0	-3.2	0.0084154
0	-3.1	0.0065836
0	-3	0.0080763
0	-2.9	0.012687
0	-2.8	0.017623
0	-2.7	0.023803
0	-2.6	0.026363
0	-2.5	0.027412
0	-2.4	0.027882
0	-2.3	0.027923
0	-2.2	0.028793
0	-2.1	0.030156
0	-2	0.03181
0	-1.9	0.032446
0	-1.8	0.032051
0	-1.7	0.029669
0	-1.6	0.025743
0	-1.5	0.0217
0	-1.4	0.020432
0	-1.3	0.024981
0	-1.2	0.034099
0	-1.1	0.046017
0	-1	0.052913
0	-0.9	0.058711
0	-0.8	0.058564
0	-0.7	0.052874
0	-0.6	0.046712
0	-0.5	0.033807
0	-0.4	0.02586
0	-0.3	0.017938
0	-0.2	0.012531
0	-0.1	0.012252
0	0	0.013463
0	0.1	0.013551
0	0.2	0.013733
0	0.3	0.01699
0	0.4	0.022158
0	0.5	0.028072
0	0.6	0.035188
0	0.7	0.039244
0	0.8	0.041778
0	0.9	0.042234
0	1	0.039982
0	1.1	0.037177
0	1.2	0.034139
0	1.3	0.029694
0	1.4	0.026313
0	1.5	0.024378
0	1.6	0.023155
0	1.7	0.022113
0	1.8	0.021405
0	1.9	0.020917
0	2	0.020283
0	2.1	0.020351
0	2.2	0.020243
0	2.3	0.019716
0	2.4	0.018302
0	2.5	0.017337
0	2.6	0.015229
0	2.7	0.013667
0	2.8	0.012198
0	2.9	0.011375
0	3	0.01116
0	3.1	0.010353
0	3.2	0.0090072
0	3.3	0.0086577
0	3.4	0.0070941
0	3.5	0.0063206
0	3.6	0.0063842
0	3.7	0.0071779
0	3.8	0.0071553
0	3.9	0.0072718
0	4	0.0070415
10	-4	0.0077516
10	-3.9	0.0084307
10	-3.8	0.0099126
10	-3.7	0.0097084
10	-3.6	0.0086912
10	-3.5	0.0084403
10	-3.4	0.007789
10	-3.3	0.0071756
10	-3.2	0.0072228
10	-3.1	0.0072473
10	-3	0.008667
10	-2.9	0.011833
10	-2.8	0.015207
10	-2.7	0.019312
10	-2.6	0.023025
10	-2.5	0.025646
10	-2.4	0.028497
10	-2.3	0.030763
10	-2.2	0.033141
10	-2.1	0.035267
10	-2	0.036218
10	-1.9	0.036209
10	-1.8	0.034886
10	-1.7	0.031981
10	-1.6	0.028147
10	-1.5	0.023973
10	-1.4	0.022976
10	-1.3	0.025079
10	-1.2	0.033118
10	-1.1	0.041604
10	-1	0.049466
10	-0.9	0.053747
10	-0.8	0.056362
10	-0.7	0.054329
10	-0.6	0.048114
10	-0.5	0.04039
10	-0.4	0.034902
10	-0.3	0.027387
10	-0.2	0.021681
10	-0.1	0.017221
10	0	0.016169
10	0.1	0.014873
10	0.2	0.014527
10	0.3	0.015833
10	0.4	0.018982
10	0.5	0.023793
10	0.6	0.028703
10	0.7	0.033789
10	0.8	0.03907
10	0.9	0.041034
10	1	0.041802
10	1.1	0.041102
10	1.2	0.038979
10	1.3	0.03565
10	1.4	0.031835
10	1.5	0.028592
10	1.6	0.025381
10	1.7	0.024059
10	1.8	0.02329
10	1.9	0.023575
10	2	0.024387
10	2.1	0.024509
10	2.2	0.023844
10	2.3	0.022431
10	2.4	0.020169
10	2.5	0.018076
10	2.6	0.016948
10	2.7	0.015692
10	2.8	0.014274
10	2.9	0.012827
10	3	0.011121
10	3.1	0.009255
10	3.2	0.0074627
10	3.3	0.0065615
10	3.4	0.0065787
10	3.5	0.0072429
10	3.6	0.0079675
10	3.7	0.0078056
10	3.8	0.0071779
10	3.9	0.0070254
10	4	0.0054886
20	-4	0.0079268
20	-3.9	0.0084307
20	-3.8	0.0094211
20	-3.7	0.00878
20	-3.6	0.0072228
20	-3.5	0.0070621
20	-3.4	0.0069468
20	-3.3	0.0070713
20	-3.2	0.0082623
20	-3.1	0.0069188
20	-3	0.0068837
20	-2.9	0.0092322
20	-2.8	0.01259
20	-2.7	0.017187
20	-2.6	0.022362
20	-2.5	0.025695
20	-2.4	0.027814
20	-2.3	0.029642
20	-2.2	0.030426
20	-2.1	0.031829
20	-2	0.032897
20	-1.9	0.033524
20	-1.8	0.034302
20	-1.7	0.033826
20	-1.6	0.031198
20	-1.5	0.027403
20	-1.4	0.022446
20	-1.3	0.020416
20	-1.2	0.024145
20	-1.1	0.033749
20	-1	0.042739
20	-0.9	0.053672
20	-0.8	0.058965
20	-0.7	0.060288
20	-0.6	0.056172
20	-0.5	0.050299
20	-0.4	0.040595
20	-0.3	0.033369
20	-0.2	0.026348
20	-0.1	0.020683
20	0	0.018273
20	0.1	0.017327
20	0.2	0.016974
20	0.3	0.016748
20	0.4	0.019078
20	0.5	0.022853
20	0.6	0.028806
20	0.7	0.033846
20	0.8	0.039141
20	0.9	0.041603
20	1	0.041723
20	1.1	0.039555
20	1.2	0.03688
20	1.3	0.032698
20	1.4	0.02886
20	1.5	0.026098
20	1.6	0.023502
20	1.7	0.022706
20	1.8	0.022241
20	1.9	0.021945
20	2	0.021622
20	2.1	0.021326
20	2.2	0.021666
20	2.3	0.020805
20	2.4	0.019634
20	2.5	0.018676
20	2.6	0.017562
20	2.7	0.016455
20	2.8	0.015266
20	2.9	0.013581
20	3	0.011314
20	3.1	0.0096046
20	3.2	0.0083711
20	3.3	0.0071508
20	3.4	0.0069211
20	3.5	0.0068648
20	3.6	0.0070415
20	3.7	0.0070254
20	3.8	0.0064422
20	3.9	0.0059601
20	4	0.0054025
30	-4	0.010931
30	-3.9	0.011004
30	-3.8	0.010592
30	-3.7	0.0085393
30	-3.6	0.0070507
30	-3.5	0.0067557
30	-3.4	0.007225
30	-3.3	0.0088387
30	-3.2	0.0086034
30	-3.1	0.0086203
30	-3	0.0084441
30	-2.9	0.01079
30	-2.8	0.016075
30	-2.7	0.020128
30	-2.6	0.025589
30	-2.5	0.028625
30	-2.4	0.030643
30	-2.3	0.031239
30	-2.2	0.032218
30	-2.1	0.033114
30	-2	0.035005
30	-1.9	0.036067
30	-1.8	0.037062
30	-1.7	0.03708
30	-1.6	0.034958
30	-1.5	0.030091
30	-1.4	0.024242
30	-1.3	0.018987
30	-1.2	0.019722
30	-1.1	0.028274
30	-1	0.03649
30	-0.9	0.046337
30	-0.8	0.054615
30	-0.7	0.059166
30	-0.6	0.059256
30	-0.5	0.055275
30	-0.4	0.04809
30	-0.3	0.040092
30	-0.2	0.031857
30	-0.1	0.025536
30	0	0.022654
30	0.1	0.021486
30	0.2	0.021223
30	0.3	0.021108
30	0.4	0.021652
30	0.5	0.023519
30	0.6	0.026213
30	0.7	0.030299
30	0.8	0.034878
30	0.9	0.038197
30	1	0.040472
30	1.1	0.040585
30	1.2	0.039553
30	1.3	0.036696
30	1.4	0.033699
30	1.5	0.02882
30	1.6	0.02561
30	1.7	0.023521
30	1.8	0.02217
30	1.9	0.022062
30	2	0.021739
30	2.1	0.02236
30	2.2	0.023801
30	2.3	0.023576
30	2.4	0.023244
30	2.5	0.0214
30	2.6	0.020045
30	2.7	0.018546
30	2.8	0.015494
30	2.9	0.013993
30	3	0.012376
30	3.1	0.011263
30	3.2	0.010648
30	3.3	0.010138
30	3.4	0.010053
30	3.5	0.0099273
30	3.6	0.0093522
30	3.7	0.0092305
30	3.8	0.0069164
30	3.9	0.0064597
30	4	0.0070139
40	-4	0.0095557
40	-3.9	0.010725
40	-3.8	0.010676
40	-3.7	0.010102
40	-3.6	0.0085808
40	-3.5	0.0081994
40	-3.4	0.0076951
40	-3.3	0.0083769
40	-3.2	0.009554
40	-3.1	0.0095014
40	-3	0.0090626
40	-2.9	0.0090251
40	-2.8	0.011154
40	-2.7	0.01566
40	-2.6	0.021558
40	-2.5	0.025671
40	-2.4	0.030059
40	-2.3	0.032369
40	-2.2	0.034183
40	-2.1	0.035712
40	-2	0.037375
40	-1.9	0.038704
40	-1.8	0.039194
40	-1.7	0.038472
40	-1.6	0.035508
40	-1.5	0.031863
40	-1.4	0.027871
40	-1.3	0.021162
40	-1.2	0.019673
40	-1.1	0.023457
40	-1	0.031739
40	-0.9	0.041468
40	-0.8	0.049037
40	-0.7	0.056375
40	-0.6	0.058321
40	-0.5	0.056804
40	-0.4	0.052579
40	-0.3	0.046559
40	-0.2	0.038887
40	-0.1	0.032894
40	0	0.027142
40	0.1	0.023848
40	0.2	0.021865
40	0.3	0.021111
40	0.4	0.022138
40	0.5	0.023644
40	0.6	0.025638
40	0.7	0.030157
40	0.8	0.033893
40	0.9	0.037133
40	1	0.039339
40	1.1	0.040285
40	1.2	0.039898
40	1.3	0.038933
40	1.4	0.036364
40	1.5	0.032615
40	1.6	0.028961
40	1.7	0.026419
40	1.8	0.025087
40	1.9	0.023973
40	2	0.023771
40	2.1	0.024173
40	2.2	0.02475
40	2.3	0.023633
40	2.4	0.021608
40	2.5	0.019353
40	2.6	0.017436
40	2.7	0.016401
40	2.8	0.014676
40	2.9	0.013913
40	3	0.013746
40	3.1	0.013373
40	3.2	0.012324
40	3.3	0.010245
40	3.4	0.0096096
40	3.5	0.0077828
40	3.6	0.0071485
40	3.7	0.0070208
40	3.8	0.0069281
40	3.9	0.0070804
40	4	0.0075958
50	-4	0.0095354
50	-3.9	0.010548
50	-3.8	0.01023
50	-3.7	0.0096281
50	-3.6	0.0086353
50	-3.5	0.0076
50	-3.4	0.0074192
50	-3.3	0.0080181
50	-3.2	0.0084613
50	-3.1	0.008917
50	-3	0.00878
50	-2.9	0.010674
50	-2.8	0.013195
50	-2.7	0.017587
50	-2.6	0.020847
50	-2.5	0.026029
50	-2.4	0.028748
50	-2.3	0.031557
50	-2.2	0.032909
50	-2.1	0.034317
50	-2	0.035865
50	-1.9	0.038119
50	-1.8	0.039646
50	-1.7	0.040626
50	-1.6	0.039411
50	-1.5	0.035329
50	-1.4	0.028274
50	-1.3	0.021901
50	-1.2	0.017545
50	-1.1	0.019301
50	-1	0.028142
50	-0.9	0.033972
50	-0.8	0.042159
50	-0.7	0.050599
50	-0.6	0.053743
50	-0.5	0.055241
50	-0.4	0.053517
50	-0.3	0.049528
50	-0.2	0.042979
50	-0.1	0.036253
50	0	0.031378
50	0.1	0.02707
50	0.2	0.024325
50	0.3	0.02289
50	0.4	0.022504
50	0.5	0.021947
50	0.6	0.022779
50	0.7	0.024682
50	0.8	0.029491
50	0.9	0.034592
50	1	0.038474
50	1.1	0.040828
50	1.2	0.042043
50	1.3	0.041627
50	1.4	0.038622
50	1.5	0.034043
50	1.6	0.028737
50	1.7	0.025115
50	1.8	0.02374
50	1.9	0.024815
50	2	0.026329
50	2.1	0.027739
50	2.2	0.027986
50	2.3	0.027124
50	2.4	0.023761
50	2.5	0.021261
50	2.6	0.019176
50	2.7	0.018517
50	2.8	0.019247
50	2.9	0.018753
50	3	0.018797
50	3.1	0.016366
50	3.2	0.0138
50	3.3	0.011113
50	3.4	0.0081083
50	3.5	0.0072071
50	3.6	0.0079126
50	3.7	0.0092881
50	3.8	0.011036
50	3.9	0.0099938
50	4	0.0087098
60	-4	0.0078819
60	-3.9	0.010333
60	-3.8	0.010908
60	-3.7	0.010977
60	-3.6	0.0095574
60	-3.5	0.0083227
60	-3.4	0.007007
60	-3.3	0.0079411
60	-3.2	0.0082583
60	-3.1	0.0091372
60	-3	0.0091319
60	-2.9	0.0091036
60	-2.8	0.0089333
60	-2.7	0.013038
60	-2.6	0.017563
60	-2.5	0.024447
60	-2.4	0.028468
60	-2.3	0.032915
60	-2.2	0.034656
60	-2.1	0.035203
60	-2	0.035484
60	-1.9	0.036159
60	-1.8	0.036813
60	-1.7	0.037917
60	-1.6	0.03884
60	-1.5	0.03805
60	-1.4	0.034843
60	-1.3	0.028438
60	-1.2	0.022337
60	-1.1	0.018069
60	-1	0.021132
60	-0.9	0.029356
60	-0.8	0.038724
60	-0.7	0.049406
60	-0.6	0.054874
60	-0.5	0.057647
60	-0.4	0.056846
60	-0.3	0.052843
60	-0.2	0.045017
60	-0.1	0.038248
60	0	0.032478
60	0.1	0.027579
60	0.2	0.024061
60	0.3	0.022158
60	0.4	0.021357
60	0.5	0.022061
60	0.6	0.023511
60	0.7	0.027132
60	0.8	0.030062
60	0.9	0.033923
60	1	0.037811
60	1.1	0.040398
60	1.2	0.040804
60	1.3	0.039703
60	1.4	0.03708
60	1.5	0.034515
60	1.6	0.030422
60	1.7	0.026445
60	1.8	0.024389
60	1.9	0.023956
60	2	0.023798
60	2.1	0.02408
60	2.2	0.02459
60	2.3	0.024196
60	2.4	0.022998
60	2.5	0.021264
60	2.6	0.019597
60	2.7	0.018487
60	2.8	0.018011
60	2.9	0.017688
60	3	0.017038
60	3.1	0.015772
60	3.2	0.013802
60	3.3	0.012643
60	3.4	0.010591
60	3.5	0.0077516
60	3.6	0.007274
60	3.7	0.0077203
60	3.8	0.0086147
60	3.9	0.0089892
60	4	0.0087431
70	-4	0.0069421
70	-3.9	0.0082152
70	-3.8	0.0097698
70	-3.7	0.009515
70	-3.6	0.0087763
70	-3.5	0.0077911
70	-3.4	0.0066859
70	-3.3	0.006846
70	-3.2	0.0074127
70	-3.1	0.0080943
70	-3	0.0082388
70	-2.9	0.0078634
70	-2.8	0.0079166
70	-2.7	0.009116
70	-2.6	0.013369
70	-2.5	0.018548
70	-2.4	0.023373
70	-2.3	0.027122
70	-2.2	0.030148
70	-2.1	0.032023
70	-2	0.033572
70	-1.9	0.035567
70	-1.8	0.037254
70	-1.7	0.038458
70	-1.6	0.0394
70	-1.5	0.039438
70	-1.4	0.036205
70	-1.3	0.03145
70	-1.2	0.026036
70	-1.1	0.020407
70	-1	0.022088
70	-0.9	0.028788
70	-0.8	0.034582
70	-0.7	0.044731
70	-0.6	0.051518
70	-0.5	0.055487
70	-0.4	0.055494
70	-0.3	0.051718
70	-0.2	0.044593
70	-0.1	0.039547
70	0	0.030864
70	0.1	0.026431
70	0.2	0.022835
70	0.3	0.020199
70	0.4	0.019745
70	0.5	0.019585
70	0.6	0.020366
70	0.7	0.022696
70	0.8	0.026565
70	0.9	0.030736
70	1	0.034865
70	1.1	0.038033
70	1.2	0.03994
70	1.3	0.04022
70	1.4	0.039135
70	1.5	0.035926
70	1.6	0.033402
70	1.7	0.030517
70	1.8	0.026426
70	1.9	0.025163
70	2	0.024351
70	2.1	0.024106
70	2.2	0.02478
70	2.3	0.024694
70	2.4	0.02531
70	2.5	0.02427
70	2.6	0.023312
70	2.7	0.021494
70	2.8	0.019627
70	2.9	0.017781
70	3	0.015949
70	3.1	0.013994
70	3.2	0.012582
70	3.3	0.011217
70	3.4	0.010472
70	3.5	0.010721
70	3.6	0.0098603
70	3.7	0.0096783
70	3.8	0.0090376
70	3.9	0.0090929
70	4	0.0081162
80	-4	0.0079207
80	-3.9	0.0073448
80	-3.8	0.007508
80	-3.7	0.0079655
80	-3.6	0.0086577
80	-3.5	0.0087042
80	-3.4	0.0083692
80	-3.3	0.0076572
80	-3.2	0.0067533
80	-3.1	0.0060489
80	-3	0.0067581
80	-2.9	0.0070552
80	-2.8	0.0070369
80	-2.7	0.0074323
80	-2.6	0.0094878
80	-2.5	0.013325
80	-2.4	0.016704
80	-2.3	0.021368
80	-2.2	0.025607
80	-2.1	0.0308
80	-2	0.033702
80	-1.9	0.035041
80	-1.8	0.036384
80	-1.7	0.036881
80	-1.6	0.037712
80	-1.5	0.037855
80	-1.4	0.036988
80	-1.3	0.034692
80	-1.2	0.031164
80	-1.1	0.026779
80	-1	0.023666
80	-0.9	0.025582
80	-0.8	0.032662
80	-0.7	0.041017
80	-0.6	0.049732
80	-0.5	0.05577
80	-0.4	0.057789
80	-0.3	0.056115
80	-0.2	0.050784
80	-0.1	0.043001
80	0	0.034665
80	0.1	0.024761
80	0.2	0.020529
80	0.3	0.017031
80	0.4	0.01568
80	0.5	0.01514
80	0.6	0.015842
80	0.7	0.017534
80	0.8	0.022385
80	0.9	0.027632
80	1	0.032913
80	1.1	0.038769
80	1.2	0.041019
80	1.3	0.042099
80	1.4	0.041559
80	1.5	0.039343
80	1.6	0.037303
80	1.7	0.033706
80	1.8	0.031217
80	1.9	0.02869
80	2	0.026872
80	2.1	0.025612
80	2.2	0.024747
80	2.3	0.024757
80	2.4	0.025177
80	2.5	0.024021
80	2.6	0.022678
80	2.7	0.02096
80	2.8	0.01929
80	2.9	0.017073
80	3	0.014234
80	3.1	0.012008
80	3.2	0.010618
80	3.3	0.010243
80	3.4	0.0085241
80	3.5	0.0077641
80	3.6	0.0075616
80	3.7	0.006591
80	3.8	0.0067028
80	3.9	0.0067533
80	4	0.0058616
90	-4	0.0087837
90	-3.9	0.0080983
90	-3.8	0.0086596
90	-3.7	0.0091514
90	-3.6	0.010716
90	-3.5	0.010885
90	-3.4	0.010535
90	-3.3	0.0090733
90	-3.2	0.0073183
90	-3.1	0.0068766
90	-3	0.0067986
90	-2.9	0.0074583
90	-2.8	0.0073712
90	-2.7	0.0076846
90	-2.6	0.0078962
90	-2.5	0.010328
90	-2.4	0.015744
90	-2.3	0.020876
90	-2.2	0.023721
90	-2.1	0.027718
90	-2	0.031498
90	-1.9	0.033081
90	-1.8	0.035599
90	-1.7	0.037035
90	-1.6	0.038508
90	-1.5	0.039073
90	-1.4	0.038661
90	-1.3	0.035015
90	-1.2	0.032621
90	-1.1	0.026726
90	-1	0.023692
90	-0.9	0.025261
90	-0.8	0.031542
90	-0.7	0.039931
90	-0.6	0.048388
90	-0.5	0.054727
90	-0.4	0.05722
90	-0.3	0.055346
90	-0.2	0.049593
90	-0.1	0.042897
90	0	0.031725
90	0.1	0.023585
90	0.2	0.018744
90	0.3	0.01542
90	0.4	0.014567
90	0.5	0.014459
90	0.6	0.014505
90	0.7	0.017169
90	0.8	0.020839
90	0.9	0.0263
90	1	0.031644
90	1.1	0.036533
90	1.2	0.040311
90	1.3	0.042115
90	1.4	0.042169
90	1.5	0.040884
90	1.6	0.03824
90	1.7	0.0345
90	1.8	0.031698
90	1.9	0.029199
90	2	0.027985
90	2.1	0.026928
90	2.2	0.026752
90	2.3	0.026688
90	2.4	0.026475
90	2.5	0.024975
90	2.6	0.023667
90	2.7	0.0221
90	2.8	0.020551
90	2.9	0.019615
90	3	0.018543
90	3.1	0.016641
90	3.2	0.01463
90	3.3	0.0124
90	3.4	0.010583
90	3.5	0.0078531
90	3.6	0.0071891
90	3.7	0.007294
90	3.8	0.0080261
90	3.9	0.0084766
90	4	0.0079268
100	-4	0.0088771
100	-3.9	0.0093471
100	-3.8	0.0088241
100	-3.7	0.009385
100	-3.6	0.010962
100	-3.5	0.010792
100	-3.4	0.010724
100	-3.3	0.010329
100	-3.2	0.0081935
100	-3.1	0.0075574
100	-3	0.0067915
100	-2.9	0.0066496
100	-2.8	0.0073843
100	-2.7	0.0082191
100	-2.6	0.0092654
100	-2.5	0.010619
100	-2.4	0.013664
100	-2.3	0.018706
100	-2.2	0.022784
100	-2.1	0.026141
100	-2	0.0292
100	-1.9	0.030977
100	-1.8	0.034239
100	-1.7	0.036075
100	-1.6	0.037947
100	-1.5	0.039499
100	-1.4	0.038979
100	-1.3	0.036336
100	-1.2	0.033131
100	-1.1	0.028744
100	-1	0.025421
100	-0.9	0.02679
100	-0.8	0.03452
100	-0.7	0.042969
100	-0.6	0.049076
100	-0.5	0.055646
100	-0.4	0.057901
100	-0.3	0.055505
100	-0.2	0.047214
100	-0.1	0.037795
100	0	0.028668
100	0.1	0.019538
100	0.2	0.014043
100	0.3	0.012303
100	0.4	0.012715
100	0.5	0.012774
100	0.6	0.013105
100	0.7	0.015825
100	0.8	0.020841
100	0.9	0.026287
100	1	0.034156
100	1.1	0.037853
100	1.2	0.041163
100	1.3	0.041729
100	1.4	0.04134
100	1.5	0.039021
100	1.6	0.036304
100	1.7	0.033347
100	1.8	0.030799
100	1.9	0.028496
100	2	0.027134
100	2.1	0.025514
100	2.2	0.024193
100	2.3	0.023825
100	2.4	0.023791
100	2.5	0.023641
100	2.6	0.023037
100	2.7	0.021855
100	2.8	0.021087
100	2.9	0.019244
100	3	0.017618
100	3.1	0.015637
100	3.2	0.014414
100	3.3	0.013424
100	3.4	0.012553
100	3.5	0.010718
100	3.6	0.0090626
100	3.7	0.0077911
100	3.8	0.0067197
100	3.9	0.0066496
100	4	0.0076741
110	-4	0.0080703
110	-3.9	0.0090466
110	-3.8	0.01013
110	-3.7	0.011427
110	-3.6	0.011381
110	-3.5	0.011369
110	-3.4	0.010256
110	-3.3	0.0085771
110	-3.2	0.007693
110	-3.1	0.0080963
110	-3	0.0086128
110	-2.9	0.009084
110	-2.8	0.0080963
110	-2.7	0.0072429
110	-2.6	0.0073316
110	-2.5	0.010489
110	-2.4	0.014257
110	-2.3	0.018616
110	-2.2	0.023172
110	-2.1	0.025355
110	-2	0.026447
110	-1.9	0.028299
110	-1.8	0.031317
110	-1.7	0.034151
110	-1.6	0.037806
110	-1.5	0.039617
110	-1.4	0.039829
110	-1.3	0.037554
110	-1.2	0.033042
110	-1.1	0.028482
110	-1	0.0265
110	-0.9	0.029657
110	-0.8	0.036078
110	-0.7	0.043154
110	-0.6	0.052539
110	-0.5	0.057753
110	-0.4	0.060025
110	-0.3	0.057704
110	-0.2	0.050137
110	-0.1	0.041023
110	0	0.030144
110	0.1	0.021525
110	0.2	0.01349
110	0.3	0.011855
110	0.4	0.013287
110	0.5	0.013363
110	0.6	0.012872
110	0.7	0.015152
110	0.8	0.018981
110	0.9	0.026236
110	1	0.035053
110	1.1	0.040279
110	1.2	0.044585
110	1.3	0.046069
110	1.4	0.044829
110	1.5	0.042421
110	1.6	0.037303
110	1.7	0.03437
110	1.8	0.03243
110	1.9	0.030543
110	2	0.029738
110	2.1	0.029064
110	2.2	0.02771
110	2.3	0.026133
110	2.4	0.025354
110	2.5	0.024832
110	2.6	0.024413
110	2.7	0.024381
110	2.8	0.023939
110	2.9	0.02224
110	3	0.02003
110	3.1	0.01666
110	3.2	0.014161
110	3.3	0.012722
110	3.4	0.011825
110	3.5	0.01174
110	3.6	0.011078
110	3.7	0.010677
110	3.8	0.0085525
110	3.9	0.0073139
110	4	0.0071077
120	-4	0.0087005
120	-3.9	0.007888
120	-3.8	0.0084038
120	-3.7	0.0087929
120	-3.6	0.009811
120	-3.5	0.011467
120	-3.4	0.010731
120	-3.3	0.0096482
120	-3.2	0.0079472
120	-3.1	0.00711
120	-3	0.0077286
120	-2.9	0.0084038
120	-2.8	0.0090947
120	-2.7	0.0086465
120	-2.6	0.008667
120	-2.5	0.010219
120	-2.4	0.013826
120	-2.3	0.018885
120	-2.2	0.024121
120	-2.1	0.027938
120	-2	0.030515
120	-1.9	0.031905
120	-1.8	0.032545
120	-1.7	0.033639
120	-1.6	0.034986
120	-1.5	0.036372
120	-1.4	0.037871
120	-1.3	0.037443
120	-1.2	0.03519
120	-1.1	0.031629
120	-1	0.029263
120	-0.9	0.031694
120	-0.8	0.037409
120	-0.7	0.046292
120	-0.6	0.054291
120	-0.5	0.059604
120	-0.4	0.06042
120	-0.3	0.055048
120	-0.2	0.048465
120	-0.1	0.038941
120	0	0.026807
120	0.1	0.017393
120	0.2	0.011439
120	0.3	0.011694
120	0.4	0.012947
120	0.5	0.013409
120	0.6	0.013424
120	0.7	0.015481
120	0.8	0.020559
120	0.9	0.027112
120	1	0.034419
120	1.1	0.040253
120	1.2	0.044632
120	1.3	0.046174
120	1.4	0.045629
120	1.5	0.044012
120	1.6	0.039959
120	1.7	0.036886
120	1.8	0.034034
120	1.9	0.03126
120	2	0.029158
120	2.1	0.027234
120	2.2	0.026222
120	2.3	0.025947
120	2.4	0.025147
120	2.5	0.024774
120	2.6	0.024866
120	2.7	0.024731
120	2.8	0.024136
120	2.9	0.022955
120	3	0.021443
120	3.1	0.019683
120	3.2	0.017974
120	3.3	0.016606
120	3.4	0.01461
120	3.5	0.012818
120	3.6	0.011529
120	3.7	0.0091831
120	3.8	0.0079553
120	3.9	0.0074518
120	4	0.0076085
130	-4	0.010259
130	-3.9	0.0095574
130	-3.8	0.008609
130	-3.7	0.007294
130	-3.6	0.0075723
130	-3.5	0.0088643
130	-3.4	0.010118
130	-3.3	0.010186
130	-3.2	0.009665
130	-3.1	0.0090018
130	-3	0.0083827
130	-2.9	0.0090822
130	-2.8	0.01009
130	-2.7	0.010781
130	-2.6	0.011285
130	-2.5	0.01225
130	-2.4	0.014674
130	-2.3	0.017914
130	-2.2	0.022968
130	-2.1	0.02815
130	-2	0.031013
130	-1.9	0.033455
130	-1.8	0.034647
130	-1.7	0.03419
130	-1.6	0.033759
130	-1.5	0.034338
130	-1.4	0.035021
130	-1.3	0.035382
130	-1.2	0.035528
130	-1.1	0.033769
130	-1	0.031987
130	-0.9	0.033162
130	-0.8	0.037203
130	-0.7	0.0439
130	-0.6	0.050437
130	-0.5	0.055177
130	-0.4	0.056352
130	-0.3	0.054043
130	-0.2	0.048107
130	-0.1	0.039495
130	0	0.030288
130	0.1	0.019983
130	0.2	0.012306
130	0.3	0.011823
130	0.4	0.013377
130	0.5	0.015612
130	0.6	0.016404
130	0.7	0.019061
130	0.8	0.024313
130	0.9	0.031499
130	1	0.039967
130	1.1	0.045088
130	1.2	0.049943
130	1.3	0.052176
130	1.4	0.053009
130	1.5	0.0515
130	1.6	0.047626
130	1.7	0.043512
130	1.8	0.039138
130	1.9	0.035425
130	2	0.031254
130	2.1	0.029431
130	2.2	0.028704
130	2.3	0.028852
130	2.4	0.02783
130	2.5	0.025939
130	2.6	0.023893
130	2.7	0.022489
130	2.8	0.021163
130	2.9	0.019323
130	3	0.018574
130	3.1	0.017433
130	3.2	0.016077
130	3.3	0.013699
130	3.4	0.011259
130	3.5	0.0083071
130	3.6	0.0068696
130	3.7	0.006364
130	3.8	0.0067605
130	3.9	0.0068389
130	4	0.0072451
140	-4	0.0069839
140	-3.9	0.0052907
140	-3.8	0.006893
140	-3.7	0.0079736
140	-3.6	0.0097995
140	-3.5	0.010525
140	-3.4	0.010215
140	-3.3	0.0081994
140	-3.2	0.0071576
140	-3.1	0.0066277
140	-3	0.0085222
140	-2.9	0.011864
140	-2.8	0.012408
140	-2.7	0.011795
140	-2.6	0.010701
140	-2.5	0.010667
140	-2.4	0.014117
140	-2.3	0.019554
140	-2.2	0.024952
140	-2.1	0.029923
140	-2	0.031763
140	-1.9	0.031886
140	-1.8	0.031966
140	-1.7	0.031975
140	-1.6	0.033028
140	-1.5	0.034476
140	-1.4	0.035321
140	-1.3	0.036109
140	-1.2	0.035423
140	-1.1	0.033945
140	-1	0.033325
140	-0.9	0.036726
140	-0.8	0.044651
140	-0.7	0.052396
140	-0.6	0.059419
140	-0.5	0.062892
140	-0.4	0.061594
140	-0.3	0.0551
140	-0.2	0.048429
140	-0.1	0.03755
140	0	0.026111
140	0.1	0.016365
140	0.2	0.012663
140	0.3	0.013751
140	0.4	0.014952
140	0.5	0.015513
140	0.6	0.016845
140	0.7	0.022556
140	0.8	0.027916
140	0.9	0.03618
140	1	0.044551
140	1.1	0.049919
140	1.2	0.053043
140	1.3	0.053433
140	1.4	0.051978
140	1.5	0.048371
140	1.6	0.044717
140	1.7	0.040862
140	1.8	0.037381
140	1.9	0.034229
140	2	0.031221
140	2.1	0.029108
140	2.2	0.027016
140	2.3	0.026717
140	2.4	0.026124
140	2.5	0.026141
140	2.6	0.026186
140	2.7	0.026392
140	2.8	0.024845
140	2.9	0.022561
140	3	0.020293
140	3.1	0.018284
140	3.2	0.015888
140	3.3	0.014303
140	3.4	0.012706
140	3.5	0.01208
140	3.6	0.011561
140	3.7	0.010276
140	3.8	0.0096214
140	3.9	0.008654
140	4	0.0076804
150	-4	0.0062149
150	-3.9	0.0072362
150	-3.8	0.0098143
150	-3.7	0.010358
150	-3.6	0.011403
150	-3.5	0.0099012
150	-3.4	0.0081836
150	-3.3	0.0064872
150	-3.2	0.0073821
150	-3.1	0.0097631
150	-3	0.011471
150	-2.9	0.013717
150	-2.8	0.013255
150	-2.7	0.012976
150	-2.6	0.012471
150	-2.5	0.014167
150	-2.4	0.018576
150	-2.3	0.022888
150	-2.2	0.02706
150	-2.1	0.028382
150	-2	0.0291
150	-1.9	0.028911
150	-1.8	0.028827
150	-1.7	0.029636
150	-1.6	0.03121
150	-1.5	0.03251
150	-1.4	0.033189
150	-1.3	0.032361
150	-1.2	0.030696
150	-1.1	0.029634
150	-1	0.030771
150	-0.9	0.036576
150	-0.8	0.044314
150	-0.7	0.051851
150	-0.6	0.056035
150	-0.5	0.059175
150	-0.4	0.05742
150	-0.3	0.053197
150	-0.2	0.042778
150	-0.1	0.031422
150	0	0.022248
150	0.1	0.016354
150	0.2	0.013296
150	0.3	0.014425
150	0.4	0.0165
150	0.5	0.016843
150	0.6	0.018266
150	0.7	0.024725
150	0.8	0.029915
150	0.9	0.039723
150	1	0.046481
150	1.1	0.052763
150	1.2	0.055297
150	1.3	0.055573
150	1.4	0.053392
150	1.5	0.049477
150	1.6	0.045825
150	1.7	0.041774
150	1.8	0.038718
150	1.9	0.036612
150	2	0.034074
150	2.1	0.032255
150	2.2	0.031389
150	2.3	0.030911
150	2.4	0.030129
150	2.5	0.029032
150	2.6	0.028773
150	2.7	0.028154
150	2.8	0.026477
150	2.9	0.024346
150	3	0.021588
150	3.1	0.020055
150	3.2	0.018485
150	3.3	0.016593
150	3.4	0.015425
150	3.5	0.014832
150	3.6	0.014579
150	3.7	0.013153
150	3.8	0.010759
150	3.9	0.0091514
150	4	0.0081915
160	-4	0.0082329
160	-3.9	0.008148
160	-3.8	0.008667
160	-3.7	0.0094878
160	-3.6	0.0092252
160	-3.5	0.0088971
160	-3.4	0.0078593
160	-3.3	0.0079309
160	-3.2	0.0086222
160	-3.1	0.01052
160	-3	0.012286
160	-2.9	0.014052
160	-2.8	0.014598
160	-2.7	0.015313
160	-2.6	0.016107
160	-2.5	0.017869
160	-2.4	0.020666
160	-2.3	0.024006
160	-2.2	0.026233
160	-2.1	0.028019
160	-2	0.029429
160	-1.9	0.029828
160	-1.8	0.029623
160	-1.7	0.029994
160	-1.6	0.031226
160	-1.5	0.032407
160	-1.4	0.033295
160	-1.3	0.033632
160	-1.2	0.033175
160	-1.1	0.033212
160	-1	0.036268
160	-0.9	0.042736
160	-0.8	0.047606
160	-0.7	0.054604
160	-0.6	0.058753
160	-0.5	0.05984
160	-0.4	0.05636
160	-0.3	0.050495
160	-0.2	0.04007
160	-0.1	0.031752
160	0	0.020867
160	0.1	0.016913
160	0.2	0.015126
160	0.3	0.015994
160	0.4	0.016307
160	0.5	0.01765
160	0.6	0.021553
160	0.7	0.027027
160	0.8	0.034759
160	0.9	0.043545
160	1	0.050183
160	1.1	0.054638
160	1.2	0.056983
160	1.3	0.056742
160	1.4	0.053631
160	1.5	0.050205
160	1.6	0.046535
160	1.7	0.042467
160	1.8	0.038958
160	1.9	0.035733
160	2	0.032967
160	2.1	0.031879
160	2.2	0.031161
160	2.3	0.030782
160	2.4	0.030098
160	2.5	0.029642
160	2.6	0.028932
160	2.7	0.027492
160	2.8	0.025288
160	2.9	0.022782
160	3	0.021514
160	3.1	0.020269
160	3.2	0.018595
160	3.3	0.016872
160	3.4	0.014875
160	3.5	0.013426
160	3.6	0.012668
160	3.7	0.010595
160	3.8	0.0092707
160	3.9	0.0085752
160	4	0.0088259
170	-4	0.0083382
170	-3.9	0.0096164
170	-3.8	0.011138
170	-3.7	0.011338
170	-3.6	0.011155
170	-3.5	0.010549
170	-3.4	0.010465
170	-3.3	0.0096147
170	-3.2	0.011635
170	-3.1	0.012687
170	-3	0.014377
170	-2.9	0.014897
170	-2.8	0.015548
170	-2.7	0.016678
170	-2.6	0.018837
170	-2.5	0.02058
170	-2.4	0.023421
170	-2.3	0.025914
170	-2.2	0.026664
170	-2.1	0.026977
170	-2	0.027194
170	-1.9	0.02728
170	-1.8	0.027565
170	-1.7	0.028855
170	-1.6	0.030091
170	-1.5	0.030332
170	-1.4	0.030722
170	-1.3	0.030462
170	-1.2	0.030179
170	-1.1	0.031816
170	-1	0.036304
170	-0.9	0.041982
170	-0.8	0.049243
170	-0.7	0.054781
170	-0.6	0.058419
170	-0.5	0.057537
170	-0.4	0.054267
170	-0.3	0.046296
170	-0.2	0.038899
170	-0.1	0.028144
170	0	0.021097
170	0.1	0.017561
170	0.2	0.017011
170	0.3	0.017719
170	0.4	0.018828
170	0.5	0.020462
170	0.6	0.02595
170	0.7	0.033755
170	0.8	0.04127
170	0.9	0.049026
170	1	0.055797
170	1.1	0.059305
170	1.2	0.06049
170	1.3	0.059265
170	1.4	0.053645
170	1.5	0.047968
170	1.6	0.043846
170	1.7	0.039725
170	1.8	0.036956
170	1.9	0.035195
170	2	0.035077
170	2.1	0.034986
170	2.2	0.034513
170	2.3	0.03231
170	2.4	0.029718
170	2.5	0.028033
170	2.6	0.026694
170	2.7	0.025835
170	2.8	0.024978
170	2.9	0.024287
170	3	0.023305
170	3.1	0.022428
170	3.2	0.020053
170	3.3	0.015558
170	3.4	0.01378
170	3.5	0.011324
170	3.6	0.010657
170	3.7	0.010912
170	3.8	0.0099873
170	3.9	0.01005
170	4	0.010821
180	-4	0.0084288
180	-3.9	0.0082171
180	-3.8	0.0086128
180	-3.7	0.0093816
180	-3.6	0.0092287
180	-3.5	0.0088643
180	-3.4	0.0095167
180	-3.3	0.0107
180	-3.2	0.011654
180	-3.1	0.013366
180	-3	0.014092
180	-2.9	0.013629
180	-2.8	0.014208
180	-2.7	0.016316
180	-2.6	0.018826
180	-2.5	0.022274
180	-2.4	0.024918
180	-2.3	0.027078
180	-2.2	0.026872
180	-2.1	0.026433
180	-2	0.026245
180	-1.9	0.026102
180	-1.8	0.027096
180	-1.7	0.028746
180	-1.6	0.029953
180	-1.5	0.030871
180	-1.4	0.031335
180	-1.3	0.031181
180	-1.2	0.032549
180	-1.1	0.035434
180	-1	0.039879
180	-0.9	0.045847
180	-0.8	0.050647
180	-0.7	0.054335
180	-0.6	0.055018
180	-0.5	0.052236
180	-0.4	0.04665
180	-0.3	0.039319
180	-0.2	0.031653
180	-0.1	0.022865
180	0	0.018063
180	0.1	0.016783
180	0.2	0.017298
180	0.3	0.017881
180	0.4	0.019875
180	0.5	0.023416
180	0.6	0.029885
180	0.7	0.035447
180	0.8	0.042926
180	0.9	0.049597
180	1	0.054312
180	1.1	0.05538
180	1.2	0.055555
180	1.3	0.05337
180	1.4	0.049664
180	1.5	0.045158
180	1.6	0.041897
180	1.7	0.038956
180	1.8	0.036482
180	1.9	0.034679
180	2	0.034091
180	2.1	0.034083
180	2.2	0.033911
180	2.3	0.032687
180	2.4	0.031038
180	2.5	0.030243
180	2.6	0.028845
180	2.7	0.027106
180	2.8	0.025436
180	2.9	0.023805
180	3	0.022639
180	3.1	0.020713
180	3.2	0.018865
180	3.3	0.016012
180	3.4	0.014738
180	3.5	0.013815
180	3.6	0.013404
180	3.7	0.011848
180	3.8	0.010725
180	3.9	0.010304
180	4	0.0099582
 
Uniformity time =60.575 sec
 
Uniformity Ratio =0.57705
