08-Jan-2018
11:10
TXR  008029 RM428 R24
33511B Function Generator
SN =Agilent Technologies,33511B,MY52301476,3.05-1.19-2.00-52-00
freq =+9.220000000000000E+06
burstmode =TRIG
burstN =+6.000000000000000E+01
voltage =+1.5000000000000E-01
 
DSO-X 2022A Oscilloscope
SN =AGILENT TECHNOLOGIES,DSO-X 2022A,MY54310921,02.41.2015102200
probe =+1.0000000E+00
scale =+500.0E-09
position =+19.900000E-06
range =+1.60E+00
units =VOLT
points =+2000
pointmode =NORM
format =BYTE
acqtype =NORM
trigsource =EXT
coupling =AC
 
-180	-4	0.0068152
-180	-3.9	0.0074583
-180	-3.8	0.0097067
-180	-3.7	0.011119
-180	-3.6	0.011319
-180	-3.5	0.010844
-180	-3.4	0.0099094
-180	-3.3	0.0087856
-180	-3.2	0.0085203
-180	-3.1	0.0094383
-180	-3	0.010722
-180	-2.9	0.010999
-180	-2.8	0.011972
-180	-2.7	0.013135
-180	-2.6	0.014947
-180	-2.5	0.018959
-180	-2.4	0.022455
-180	-2.3	0.025668
-180	-2.2	0.030216
-180	-2.1	0.033369
-180	-2	0.034823
-180	-1.9	0.03523
-180	-1.8	0.035839
-180	-1.7	0.035832
-180	-1.6	0.035573
-180	-1.5	0.033707
-180	-1.4	0.030655
-180	-1.3	0.027455
-180	-1.2	0.02439
-180	-1.1	0.02478
-180	-1	0.030208
-180	-0.9	0.037295
-180	-0.8	0.045467
-180	-0.7	0.051161
-180	-0.6	0.055209
-180	-0.5	0.055389
-180	-0.4	0.053925
-180	-0.3	0.048107
-180	-0.2	0.043197
-180	-0.1	0.033727
-180	0	0.026572
-180	0.1	0.020364
-180	0.2	0.016439
-180	0.3	0.015911
-180	0.4	0.017387
-180	0.5	0.021394
-180	0.6	0.028191
-180	0.7	0.03405
-180	0.8	0.03745
-180	0.9	0.044236
-180	1	0.048137
-180	1.1	0.051475
-180	1.2	0.052799
-180	1.3	0.051048
-180	1.4	0.048744
-180	1.5	0.042436
-180	1.6	0.037519
-180	1.7	0.033339
-180	1.8	0.031523
-180	1.9	0.031896
-180	2	0.033122
-180	2.1	0.034653
-180	2.2	0.033207
-180	2.3	0.031644
-180	2.4	0.026596
-180	2.5	0.022869
-180	2.6	0.020668
-180	2.7	0.019245
-180	2.8	0.017964
-180	2.9	0.018001
-180	3	0.01683
-180	3.1	0.015409
-180	3.2	0.012403
-180	3.3	0.0096449
-180	3.4	0.0082309
-180	3.5	0.0081698
-180	3.6	0.0080603
-180	3.7	0.0085978
-180	3.8	0.0082544
-180	3.9	0.0074757
-180	4	0.007454
-170	-4	0.010479
-170	-3.9	0.0116
-170	-3.8	0.011212
-170	-3.7	0.010911
-170	-3.6	0.0098456
-170	-3.5	0.0094895
-170	-3.4	0.0098488
-170	-3.3	0.01152
-170	-3.2	0.012127
-170	-3.1	0.011874
-170	-3	0.010318
-170	-2.9	0.0087966
-170	-2.8	0.010254
-170	-2.7	0.014855
-170	-2.6	0.019983
-170	-2.5	0.024489
-170	-2.4	0.027193
-170	-2.3	0.029094
-170	-2.2	0.02999
-170	-2.1	0.029845
-170	-2	0.030757
-170	-1.9	0.033831
-170	-1.8	0.036274
-170	-1.7	0.03885
-170	-1.6	0.038895
-170	-1.5	0.036968
-170	-1.4	0.032865
-170	-1.3	0.028168
-170	-1.2	0.022629
-170	-1.1	0.02292
-170	-1	0.03079
-170	-0.9	0.042932
-170	-0.8	0.047231
-170	-0.7	0.055543
-170	-0.6	0.060674
-170	-0.5	0.059968
-170	-0.4	0.056256
-170	-0.3	0.047834
-170	-0.2	0.039401
-170	-0.1	0.030951
-170	0	0.024292
-170	0.1	0.018716
-170	0.2	0.01697
-170	0.3	0.018527
-170	0.4	0.021958
-170	0.5	0.025107
-170	0.6	0.03047
-170	0.7	0.037248
-170	0.8	0.043535
-170	0.9	0.046661
-170	1	0.049768
-170	1.1	0.051968
-170	1.2	0.051594
-170	1.3	0.047942
-170	1.4	0.044278
-170	1.5	0.039009
-170	1.6	0.035697
-170	1.7	0.033037
-170	1.8	0.032341
-170	1.9	0.032092
-170	2	0.032593
-170	2.1	0.032268
-170	2.2	0.030707
-170	2.3	0.027624
-170	2.4	0.025149
-170	2.5	0.023196
-170	2.6	0.021965
-170	2.7	0.020475
-170	2.8	0.019425
-170	2.9	0.018406
-170	3	0.016424
-170	3.1	0.014569
-170	3.2	0.012315
-170	3.3	0.010172
-170	3.4	0.0093488
-170	3.5	0.0095489
-170	3.6	0.0095048
-170	3.7	0.0091408
-170	3.8	0.0089442
-170	3.9	0.0083498
-170	4	0.0084499
-160	-4	0.011444
-160	-3.9	0.013198
-160	-3.8	0.014135
-160	-3.7	0.013199
-160	-3.6	0.010993
-160	-3.5	0.0087117
-160	-3.4	0.0087745
-160	-3.3	0.0099938
-160	-3.2	0.0127
-160	-3.1	0.012827
-160	-3	0.011845
-160	-2.9	0.010557
-160	-2.8	0.010318
-160	-2.7	0.014078
-160	-2.6	0.018044
-160	-2.5	0.022397
-160	-2.4	0.027641
-160	-2.3	0.029787
-160	-2.2	0.030711
-160	-2.1	0.030885
-160	-2	0.031815
-160	-1.9	0.03386
-160	-1.8	0.035727
-160	-1.7	0.039204
-160	-1.6	0.039252
-160	-1.5	0.037218
-160	-1.4	0.032761
-160	-1.3	0.025853
-160	-1.2	0.023205
-160	-1.1	0.027766
-160	-1	0.035069
-160	-0.9	0.046601
-160	-0.8	0.052562
-160	-0.7	0.056855
-160	-0.6	0.059103
-160	-0.5	0.05773
-160	-0.4	0.050747
-160	-0.3	0.045019
-160	-0.2	0.036989
-160	-0.1	0.029507
-160	0	0.024143
-160	0.1	0.019326
-160	0.2	0.018133
-160	0.3	0.019644
-160	0.4	0.022057
-160	0.5	0.02579
-160	0.6	0.031343
-160	0.7	0.034515
-160	0.8	0.042044
-160	0.9	0.046075
-160	1	0.049036
-160	1.1	0.051315
-160	1.2	0.052525
-160	1.3	0.050653
-160	1.4	0.046761
-160	1.5	0.043091
-160	1.6	0.038646
-160	1.7	0.036332
-160	1.8	0.032873
-160	1.9	0.032993
-160	2	0.034136
-160	2.1	0.034739
-160	2.2	0.034207
-160	2.3	0.031208
-160	2.4	0.028646
-160	2.5	0.027384
-160	2.6	0.024744
-160	2.7	0.022132
-160	2.8	0.020909
-160	2.9	0.019221
-160	3	0.017836
-160	3.1	0.014676
-160	3.2	0.012809
-160	3.3	0.011328
-160	3.4	0.010971
-160	3.5	0.010868
-160	3.6	0.010569
-160	3.7	0.010028
-160	3.8	0.0093055
-160	3.9	0.0085241
-160	4	0.0077433
-150	-4	0.012486
-150	-3.9	0.013683
-150	-3.8	0.013467
-150	-3.7	0.011151
-150	-3.6	0.0087984
-150	-3.5	0.0079695
-150	-3.4	0.0090858
-150	-3.3	0.01086
-150	-3.2	0.012716
-150	-3.1	0.012697
-150	-3	0.011272
-150	-2.9	0.0092252
-150	-2.8	0.0094741
-150	-2.7	0.011927
-150	-2.6	0.018142
-150	-2.5	0.021747
-150	-2.4	0.025747
-150	-2.3	0.028548
-150	-2.2	0.029521
-150	-2.1	0.030585
-150	-2	0.033183
-150	-1.9	0.035269
-150	-1.8	0.038261
-150	-1.7	0.040863
-150	-1.6	0.040464
-150	-1.5	0.037001
-150	-1.4	0.032981
-150	-1.3	0.024883
-150	-1.2	0.024439
-150	-1.1	0.030289
-150	-1	0.040228
-150	-0.9	0.049129
-150	-0.8	0.059042
-150	-0.7	0.061341
-150	-0.6	0.061777
-150	-0.5	0.057728
-150	-0.4	0.051834
-150	-0.3	0.04273
-150	-0.2	0.032109
-150	-0.1	0.024394
-150	0	0.021471
-150	0.1	0.018117
-150	0.2	0.018555
-150	0.3	0.020018
-150	0.4	0.024267
-150	0.5	0.029399
-150	0.6	0.033278
-150	0.7	0.043034
-150	0.8	0.04657
-150	0.9	0.049921
-150	1	0.051099
-150	1.1	0.051116
-150	1.2	0.049302
-150	1.3	0.044776
-150	1.4	0.041733
-150	1.5	0.037008
-150	1.6	0.034191
-150	1.7	0.03058
-150	1.8	0.029951
-150	1.9	0.030056
-150	2	0.030697
-150	2.1	0.03068
-150	2.2	0.029048
-150	2.3	0.027448
-150	2.4	0.025842
-150	2.5	0.024584
-150	2.6	0.02194
-150	2.7	0.02027
-150	2.8	0.019616
-150	2.9	0.01879
-150	3	0.017129
-150	3.1	0.01495
-150	3.2	0.01241
-150	3.3	0.010543
-150	3.4	0.010119
-150	3.5	0.0097383
-150	3.6	0.0097233
-150	3.7	0.0099012
-150	3.8	0.0098077
-150	3.9	0.0092829
-150	4	0.0080943
-140	-4	0.010438
-140	-3.9	0.012183
-140	-3.8	0.012213
-140	-3.7	0.010923
-140	-3.6	0.009255
-140	-3.5	0.0075766
-140	-3.4	0.0072183
-140	-3.3	0.0092024
-140	-3.2	0.011383
-140	-3.1	0.01189
-140	-3	0.011263
-140	-2.9	0.0093246
-140	-2.8	0.008526
-140	-2.7	0.010213
-140	-2.6	0.017484
-140	-2.5	0.020377
-140	-2.4	0.025569
-140	-2.3	0.030745
-140	-2.2	0.032082
-140	-2.1	0.034003
-140	-2	0.035365
-140	-1.9	0.036677
-140	-1.8	0.039466
-140	-1.7	0.040219
-140	-1.6	0.039137
-140	-1.5	0.036748
-140	-1.4	0.032537
-140	-1.3	0.028117
-140	-1.2	0.028187
-140	-1.1	0.034347
-140	-1	0.03964
-140	-0.9	0.05297
-140	-0.8	0.057731
-140	-0.7	0.06078
-140	-0.6	0.061073
-140	-0.5	0.05746
-140	-0.4	0.050587
-140	-0.3	0.042458
-140	-0.2	0.034017
-140	-0.1	0.026612
-140	0	0.021173
-140	0.1	0.017614
-140	0.2	0.016745
-140	0.3	0.017877
-140	0.4	0.022869
-140	0.5	0.027137
-140	0.6	0.035268
-140	0.7	0.041761
-140	0.8	0.046568
-140	0.9	0.049184
-140	1	0.050733
-140	1.1	0.050972
-140	1.2	0.049664
-140	1.3	0.047062
-140	1.4	0.044094
-140	1.5	0.041371
-140	1.6	0.039525
-140	1.7	0.035676
-140	1.8	0.033768
-140	1.9	0.032459
-140	2	0.031716
-140	2.1	0.030745
-140	2.2	0.029418
-140	2.3	0.028772
-140	2.4	0.027463
-140	2.5	0.025287
-140	2.6	0.022012
-140	2.7	0.019535
-140	2.8	0.017539
-140	2.9	0.01491
-140	3	0.012743
-140	3.1	0.010906
-140	3.2	0.0098028
-140	3.3	0.0093315
-140	3.4	0.0092881
-140	3.5	0.0090358
-140	3.6	0.0081361
-140	3.7	0.0078531
-140	3.8	0.0084
-140	3.9	0.0072116
-140	4	0.0058974
-130	-4	0.011212
-130	-3.9	0.011871
-130	-3.8	0.011787
-130	-3.7	0.011315
-130	-3.6	0.010728
-130	-3.5	0.010361
-130	-3.4	0.010523
-130	-3.3	0.010138
-130	-3.2	0.010659
-130	-3.1	0.009715
-130	-3	0.0087579
-130	-2.9	0.0090751
-130	-2.8	0.011203
-130	-2.7	0.015107
-130	-2.6	0.018294
-130	-2.5	0.022218
-130	-2.4	0.023936
-130	-2.3	0.027252
-130	-2.2	0.030419
-130	-2.1	0.032972
-130	-2	0.037062
-130	-1.9	0.041375
-130	-1.8	0.042262
-130	-1.7	0.041466
-130	-1.6	0.038225
-130	-1.5	0.034069
-130	-1.4	0.03019
-130	-1.3	0.027596
-130	-1.2	0.029514
-130	-1.1	0.037121
-130	-1	0.045405
-130	-0.9	0.053596
-130	-0.8	0.05753
-130	-0.7	0.058546
-130	-0.6	0.055508
-130	-0.5	0.05001
-130	-0.4	0.04661
-130	-0.3	0.03449
-130	-0.2	0.030315
-130	-0.1	0.023039
-130	0	0.019554
-130	0.1	0.017883
-130	0.2	0.018102
-130	0.3	0.019753
-130	0.4	0.02373
-130	0.5	0.027015
-130	0.6	0.032404
-130	0.7	0.040989
-130	0.8	0.046146
-130	0.9	0.049431
-130	1	0.051049
-130	1.1	0.051057
-130	1.2	0.04916
-130	1.3	0.043955
-130	1.4	0.041952
-130	1.5	0.037795
-130	1.6	0.036504
-130	1.7	0.034136
-130	1.8	0.032956
-130	1.9	0.033238
-130	2	0.033062
-130	2.1	0.032017
-130	2.2	0.031037
-130	2.3	0.029268
-130	2.4	0.027532
-130	2.5	0.025632
-130	2.6	0.021973
-130	2.7	0.020248
-130	2.8	0.018481
-130	2.9	0.016232
-130	3	0.014513
-130	3.1	0.013967
-130	3.2	0.013061
-130	3.3	0.012906
-130	3.4	0.012804
-130	3.5	0.011582
-130	3.6	0.010552
-130	3.7	0.0097714
-130	3.8	0.0091954
-130	3.9	0.0089802
-130	4	0.008507
-120	-4	0.013088
-120	-3.9	0.015045
-120	-3.8	0.015695
-120	-3.7	0.01359
-120	-3.6	0.01178
-120	-3.5	0.0092742
-120	-3.4	0.0090662
-120	-3.3	0.010627
-120	-3.2	0.011814
-120	-3.1	0.011446
-120	-3	0.010105
-120	-2.9	0.0078962
-120	-2.8	0.010869
-120	-2.7	0.015868
-120	-2.6	0.022399
-120	-2.5	0.026718
-120	-2.4	0.029039
-120	-2.3	0.030472
-120	-2.2	0.030625
-120	-2.1	0.031526
-120	-2	0.034248
-120	-1.9	0.038775
-120	-1.8	0.042048
-120	-1.7	0.04206
-120	-1.6	0.039627
-120	-1.5	0.032915
-120	-1.4	0.024836
-120	-1.3	0.023661
-120	-1.2	0.030654
-120	-1.1	0.035467
-120	-1	0.049303
-120	-0.9	0.055838
-120	-0.8	0.060254
-120	-0.7	0.060491
-120	-0.6	0.057846
-120	-0.5	0.047121
-120	-0.4	0.043259
-120	-0.3	0.032818
-120	-0.2	0.02668
-120	-0.1	0.020269
-120	0	0.018033
-120	0.1	0.016873
-120	0.2	0.018187
-120	0.3	0.020092
-120	0.4	0.024168
-120	0.5	0.031194
-120	0.6	0.034997
-120	0.7	0.042763
-120	0.8	0.046154
-120	0.9	0.048027
-120	1	0.04849
-120	1.1	0.047381
-120	1.2	0.04524
-120	1.3	0.039431
-120	1.4	0.036695
-120	1.5	0.034564
-120	1.6	0.031956
-120	1.7	0.031122
-120	1.8	0.030932
-120	1.9	0.032038
-120	2	0.031981
-120	2.1	0.03036
-120	2.2	0.028171
-120	2.3	0.025758
-120	2.4	0.024202
-120	2.5	0.022676
-120	2.6	0.021266
-120	2.7	0.020492
-120	2.8	0.0195
-120	2.9	0.017634
-120	3	0.016772
-120	3.1	0.013285
-120	3.2	0.010626
-120	3.3	0.010172
-120	3.4	0.010683
-120	3.5	0.011362
-120	3.6	0.011186
-120	3.7	0.011373
-120	3.8	0.011309
-120	3.9	0.010762
-120	4	0.0093902
-110	-4	0.012298
-110	-3.9	0.013109
-110	-3.8	0.012936
-110	-3.7	0.012235
-110	-3.6	0.011778
-110	-3.5	0.011361
-110	-3.4	0.011714
-110	-3.3	0.012012
-110	-3.2	0.011051
-110	-3.1	0.009857
-110	-3	0.0090054
-110	-2.9	0.0094057
-110	-2.8	0.013244
-110	-2.7	0.017057
-110	-2.6	0.021795
-110	-2.5	0.025452
-110	-2.4	0.028218
-110	-2.3	0.03022
-110	-2.2	0.032002
-110	-2.1	0.033905
-110	-2	0.036231
-110	-1.9	0.038906
-110	-1.8	0.040024
-110	-1.7	0.039579
-110	-1.6	0.035367
-110	-1.5	0.029871
-110	-1.4	0.025071
-110	-1.3	0.025818
-110	-1.2	0.031453
-110	-1.1	0.039792
-110	-1	0.049396
-110	-0.9	0.055354
-110	-0.8	0.060688
-110	-0.7	0.060478
-110	-0.6	0.056366
-110	-0.5	0.049189
-110	-0.4	0.038354
-110	-0.3	0.030266
-110	-0.2	0.022616
-110	-0.1	0.01642
-110	0	0.01501
-110	0.1	0.01377
-110	0.2	0.014601
-110	0.3	0.01957
-110	0.4	0.023431
-110	0.5	0.03073
-110	0.6	0.038233
-110	0.7	0.043454
-110	0.8	0.04858
-110	0.9	0.050211
-110	1	0.049868
-110	1.1	0.048018
-110	1.2	0.042713
-110	1.3	0.038449
-110	1.4	0.035444
-110	1.5	0.033868
-110	1.6	0.031507
-110	1.7	0.030312
-110	1.8	0.029277
-110	1.9	0.028504
-110	2	0.027388
-110	2.1	0.025937
-110	2.2	0.024856
-110	2.3	0.023906
-110	2.4	0.022655
-110	2.5	0.021179
-110	2.6	0.019153
-110	2.7	0.016972
-110	2.8	0.015384
-110	2.9	0.014063
-110	3	0.012571
-110	3.1	0.010509
-110	3.2	0.0093953
-110	3.3	0.0089152
-110	3.4	0.0067676
-110	3.5	0.0065492
-110	3.6	0.0060676
-110	3.7	0.0067557
-110	3.8	0.0081441
-110	3.9	0.0088625
-110	4	0.0086987
-100	-4	0.011427
-100	-3.9	0.011776
-100	-3.8	0.011766
-100	-3.7	0.011536
-100	-3.6	0.010343
-100	-3.5	0.0099533
-100	-3.4	0.01052
-100	-3.3	0.010902
-100	-3.2	0.0099468
-100	-3.1	0.008311
-100	-3	0.0074345
-100	-2.9	0.0085827
-100	-2.8	0.014569
-100	-2.7	0.021075
-100	-2.6	0.023689
-100	-2.5	0.0267
-100	-2.4	0.027466
-100	-2.3	0.029518
-100	-2.2	0.030696
-100	-2.1	0.033735
-100	-2	0.036555
-100	-1.9	0.038735
-100	-1.8	0.039243
-100	-1.7	0.038294
-100	-1.6	0.033464
-100	-1.5	0.0272
-100	-1.4	0.024311
-100	-1.3	0.025218
-100	-1.2	0.034183
-100	-1.1	0.041344
-100	-1	0.05105
-100	-0.9	0.055773
-100	-0.8	0.05722
-100	-0.7	0.054538
-100	-0.6	0.050625
-100	-0.5	0.042004
-100	-0.4	0.031787
-100	-0.3	0.025488
-100	-0.2	0.021599
-100	-0.1	0.018306
-100	0	0.016154
-100	0.1	0.01493
-100	0.2	0.016552
-100	0.3	0.019754
-100	0.4	0.0246
-100	0.5	0.029811
-100	0.6	0.036041
-100	0.7	0.042826
-100	0.8	0.044714
-100	0.9	0.046266
-100	1	0.046223
-100	1.1	0.04486
-100	1.2	0.040933
-100	1.3	0.038356
-100	1.4	0.034945
-100	1.5	0.031769
-100	1.6	0.02982
-100	1.7	0.0295
-100	1.8	0.029801
-100	1.9	0.030489
-100	2	0.030893
-100	2.1	0.030216
-100	2.2	0.027049
-100	2.3	0.024996
-100	2.4	0.023204
-100	2.5	0.021528
-100	2.6	0.019143
-100	2.7	0.018205
-100	2.8	0.016061
-100	2.9	0.015595
-100	3	0.01366
-100	3.1	0.012262
-100	3.2	0.011594
-100	3.3	0.011145
-100	3.4	0.01094
-100	3.5	0.0099387
-100	3.6	0.0092077
-100	3.7	0.0083266
-100	3.8	0.0087745
-100	3.9	0.0088186
-100	4	0.0087763
-90	-4	0.01366
-90	-3.9	0.013654
-90	-3.8	0.012957
-90	-3.7	0.011902
-90	-3.6	0.010124
-90	-3.5	0.010667
-90	-3.4	0.011309
-90	-3.3	0.011491
-90	-3.2	0.010372
-90	-3.1	0.0089784
-90	-3	0.0076085
-90	-2.9	0.009169
-90	-2.8	0.012404
-90	-2.7	0.01768
-90	-2.6	0.022877
-90	-2.5	0.025399
-90	-2.4	0.027397
-90	-2.3	0.028647
-90	-2.2	0.031127
-90	-2.1	0.033627
-90	-2	0.037408
-90	-1.9	0.038851
-90	-1.8	0.038466
-90	-1.7	0.034975
-90	-1.6	0.029167
-90	-1.5	0.02417
-90	-1.4	0.021591
-90	-1.3	0.026424
-90	-1.2	0.034271
-90	-1.1	0.045348
-90	-1	0.049467
-90	-0.9	0.054505
-90	-0.8	0.054644
-90	-0.7	0.05033
-90	-0.6	0.04675
-90	-0.5	0.04154
-90	-0.4	0.032148
-90	-0.3	0.02592
-90	-0.2	0.021105
-90	-0.1	0.017875
-90	0	0.01583
-90	0.1	0.015667
-90	0.2	0.017429
-90	0.3	0.022586
-90	0.4	0.024209
-90	0.5	0.031876
-90	0.6	0.036676
-90	0.7	0.041459
-90	0.8	0.04377
-90	0.9	0.04486
-90	1	0.043496
-90	1.1	0.041489
-90	1.2	0.038493
-90	1.3	0.034727
-90	1.4	0.030514
-90	1.5	0.029177
-90	1.6	0.029415
-90	1.7	0.029678
-90	1.8	0.030188
-90	1.9	0.03003
-90	2	0.028355
-90	2.1	0.027652
-90	2.2	0.024576
-90	2.3	0.023543
-90	2.4	0.021893
-90	2.5	0.020551
-90	2.6	0.018596
-90	2.7	0.017054
-90	2.8	0.015967
-90	2.9	0.0133
-90	3	0.011992
-90	3.1	0.012083
-90	3.2	0.012025
-90	3.3	0.012328
-90	3.4	0.011756
-90	3.5	0.010629
-90	3.6	0.0092375
-90	3.7	0.0084422
-90	3.8	0.009255
-90	3.9	0.0097978
-90	4	0.009705
-80	-4	0.0098865
-80	-3.9	0.010361
-80	-3.8	0.010028
-80	-3.7	0.0090036
-80	-3.6	0.0076783
-80	-3.5	0.0067724
-80	-3.4	0.0079898
-80	-3.3	0.0086875
-80	-3.2	0.0086596
-80	-3.1	0.0085487
-80	-3	0.0078015
-80	-2.9	0.0088204
-80	-2.8	0.012321
-80	-2.7	0.017439
-80	-2.6	0.02156
-80	-2.5	0.026401
-80	-2.4	0.029868
-80	-2.3	0.03196
-80	-2.2	0.033534
-80	-2.1	0.03496
-80	-2	0.03553
-80	-1.9	0.035664
-80	-1.8	0.034248
-80	-1.7	0.032649
-80	-1.6	0.028668
-80	-1.5	0.025971
-80	-1.4	0.025661
-80	-1.3	0.029255
-80	-1.2	0.034336
-80	-1.1	0.043606
-80	-1	0.050198
-80	-0.9	0.054448
-80	-0.8	0.054293
-80	-0.7	0.050545
-80	-0.6	0.045067
-80	-0.5	0.03696
-80	-0.4	0.027774
-80	-0.3	0.024147
-80	-0.2	0.017734
-80	-0.1	0.015464
-80	0	0.014059
-80	0.1	0.013918
-80	0.2	0.017868
-80	0.3	0.021137
-80	0.4	0.026839
-80	0.5	0.032814
-80	0.6	0.038841
-80	0.7	0.042947
-80	0.8	0.045601
-80	0.9	0.046176
-80	1	0.045649
-80	1.1	0.043083
-80	1.2	0.042053
-80	1.3	0.038976
-80	1.4	0.034846
-80	1.5	0.033101
-80	1.6	0.030491
-80	1.7	0.029501
-80	1.8	0.028584
-80	1.9	0.028682
-80	2	0.028508
-80	2.1	0.027977
-80	2.2	0.026464
-80	2.3	0.024568
-80	2.4	0.022067
-80	2.5	0.018863
-80	2.6	0.015962
-80	2.7	0.01405
-80	2.8	0.012406
-80	2.9	0.011643
-80	3	0.01063
-80	3.1	0.0094211
-80	3.2	0.0087265
-80	3.3	0.0084652
-80	3.4	0.0076951
-80	3.5	0.0076846
-80	3.6	0.006669
-80	3.7	0.0068743
-80	3.8	0.0066301
-80	3.9	0.0065467
-80	4	0.0068318
-70	-4	0.01145
-70	-3.9	0.011128
-70	-3.8	0.0095574
-70	-3.7	0.0078118
-70	-3.6	0.0074236
-70	-3.5	0.0081836
-70	-3.4	0.0096046
-70	-3.3	0.0096063
-70	-3.2	0.0081063
-70	-3.1	0.0072339
-70	-3	0.0083981
-70	-2.9	0.013621
-70	-2.8	0.016445
-70	-2.7	0.021049
-70	-2.6	0.024672
-70	-2.5	0.026278
-70	-2.4	0.027549
-70	-2.3	0.029096
-70	-2.2	0.02963
-70	-2.1	0.03141
-70	-2	0.031963
-70	-1.9	0.032877
-70	-1.8	0.031719
-70	-1.7	0.028445
-70	-1.6	0.02444
-70	-1.5	0.021332
-70	-1.4	0.020533
-70	-1.3	0.027363
-70	-1.2	0.036133
-70	-1.1	0.045918
-70	-1	0.052447
-70	-0.9	0.055902
-70	-0.8	0.056223
-70	-0.7	0.053356
-70	-0.6	0.044799
-70	-0.5	0.035214
-70	-0.4	0.027946
-70	-0.3	0.019291
-70	-0.2	0.015914
-70	-0.1	0.013457
-70	0	0.012506
-70	0.1	0.013186
-70	0.2	0.016612
-70	0.3	0.024315
-70	0.4	0.028731
-70	0.5	0.039376
-70	0.6	0.042677
-70	0.7	0.046568
-70	0.8	0.048097
-70	0.9	0.047398
-70	1	0.043787
-70	1.1	0.04074
-70	1.2	0.037446
-70	1.3	0.034042
-70	1.4	0.03167
-70	1.5	0.030366
-70	1.6	0.030016
-70	1.7	0.028288
-70	1.8	0.027117
-70	1.9	0.026079
-70	2	0.025239
-70	2.1	0.023701
-70	2.2	0.023114
-70	2.3	0.022318
-70	2.4	0.021915
-70	2.5	0.020445
-70	2.6	0.018318
-70	2.7	0.015676
-70	2.8	0.013353
-70	2.9	0.010633
-70	3	0.0092095
-70	3.1	0.0082759
-70	3.2	0.0083807
-70	3.3	0.0081063
-70	3.4	0.0085657
-70	3.5	0.0083071
-70	3.6	0.0076085
-70	3.7	0.0075188
-70	3.8	0.0076614
-70	3.9	0.0075616
-70	4	0.0077328
-60	-4	0.013692
-60	-3.9	0.0127
-60	-3.8	0.011294
-60	-3.7	0.0097133
-60	-3.6	0.0099695
-60	-3.5	0.009515
-60	-3.4	0.0096717
-60	-3.3	0.0095776
-60	-3.2	0.0092968
-60	-3.1	0.009234
-60	-3	0.01117
-60	-2.9	0.014568
-60	-2.8	0.019499
-60	-2.7	0.023772
-60	-2.6	0.028255
-60	-2.5	0.030677
-60	-2.4	0.030916
-60	-2.3	0.031433
-60	-2.2	0.032068
-60	-2.1	0.032665
-60	-2	0.033873
-60	-1.9	0.034215
-60	-1.8	0.032649
-60	-1.7	0.027143
-60	-1.6	0.021206
-60	-1.5	0.019296
-60	-1.4	0.020617
-60	-1.3	0.028931
-60	-1.2	0.040045
-60	-1.1	0.047843
-60	-1	0.051716
-60	-0.9	0.053144
-60	-0.8	0.051887
-60	-0.7	0.045694
-60	-0.6	0.040516
-60	-0.5	0.032855
-60	-0.4	0.029703
-60	-0.3	0.022128
-60	-0.2	0.018276
-60	-0.1	0.015404
-60	0	0.015198
-60	0.1	0.016941
-60	0.2	0.021112
-60	0.3	0.025842
-60	0.4	0.031104
-60	0.5	0.036033
-60	0.6	0.043098
-60	0.7	0.045923
-60	0.8	0.048848
-60	0.9	0.048538
-60	1	0.045986
-60	1.1	0.042625
-60	1.2	0.037519
-60	1.3	0.032543
-60	1.4	0.029826
-60	1.5	0.029408
-60	1.6	0.030951
-60	1.7	0.03207
-60	1.8	0.032508
-60	1.9	0.032401
-60	2	0.030572
-60	2.1	0.02728
-60	2.2	0.024298
-60	2.3	0.021759
-60	2.4	0.021295
-60	2.5	0.020949
-60	2.6	0.019672
-60	2.7	0.018619
-60	2.8	0.016418
-60	2.9	0.014293
-60	3	0.011993
-60	3.1	0.011649
-60	3.2	0.011879
-60	3.3	0.011854
-60	3.4	0.012308
-60	3.5	0.011565
-60	3.6	0.010492
-60	3.7	0.009537
-60	3.8	0.0093764
-60	3.9	0.010172
-60	4	0.010202
-50	-4	0.012596
-50	-3.9	0.010789
-50	-3.8	0.0088058
-50	-3.7	0.0076509
-50	-3.6	0.0085808
-50	-3.5	0.0094929
-50	-3.4	0.010033
-50	-3.3	0.0090822
-50	-3.2	0.0074171
-50	-3.1	0.007888
-50	-3	0.01277
-50	-2.9	0.01672
-50	-2.8	0.022007
-50	-2.7	0.025766
-50	-2.6	0.027147
-50	-2.5	0.026965
-50	-2.4	0.02676
-50	-2.3	0.027836
-50	-2.2	0.030263
-50	-2.1	0.033386
-50	-2	0.035778
-50	-1.9	0.036444
-50	-1.8	0.034199
-50	-1.7	0.028635
-50	-1.6	0.020779
-50	-1.5	0.01917
-50	-1.4	0.023358
-50	-1.3	0.032253
-50	-1.2	0.03952
-50	-1.1	0.050167
-50	-1	0.055581
-50	-0.9	0.057866
-50	-0.8	0.055923
-50	-0.7	0.05284
-50	-0.6	0.040461
-50	-0.5	0.034611
-50	-0.4	0.026301
-50	-0.3	0.019486
-50	-0.2	0.015932
-50	-0.1	0.015042
-50	0	0.01575
-50	0.1	0.018457
-50	0.2	0.02287
-50	0.3	0.029432
-50	0.4	0.034964
-50	0.5	0.040214
-50	0.6	0.045182
-50	0.7	0.048379
-50	0.8	0.04895
-50	0.9	0.047803
-50	1	0.044913
-50	1.1	0.041348
-50	1.2	0.037545
-50	1.3	0.033572
-50	1.4	0.02971
-50	1.5	0.029626
-50	1.6	0.030159
-50	1.7	0.03042
-50	1.8	0.030164
-50	1.9	0.029858
-50	2	0.029244
-50	2.1	0.027721
-50	2.2	0.024676
-50	2.3	0.022501
-50	2.4	0.021075
-50	2.5	0.019388
-50	2.6	0.018164
-50	2.7	0.016673
-50	2.8	0.01465
-50	2.9	0.013291
-50	3	0.012188
-50	3.1	0.010227
-50	3.2	0.010036
-50	3.3	0.010145
-50	3.4	0.010548
-50	3.5	0.010878
-50	3.6	0.010159
-50	3.7	0.00971
-50	3.8	0.00971
-50	3.9	0.0099077
-50	4	0.0099419
-40	-4	0.013899
-40	-3.9	0.012605
-40	-3.8	0.010632
-40	-3.7	0.0083266
-40	-3.6	0.0078284
-40	-3.5	0.010589
-40	-3.4	0.011788
-40	-3.3	0.012223
-40	-3.2	0.010469
-40	-3.1	0.0094536
-40	-3	0.010725
-40	-2.9	0.017314
-40	-2.8	0.02343
-40	-2.7	0.028379
-40	-2.6	0.031737
-40	-2.5	0.03243
-40	-2.4	0.03207
-40	-2.3	0.031653
-40	-2.2	0.0324
-40	-2.1	0.033402
-40	-2	0.035101
-40	-1.9	0.035754
-40	-1.8	0.033378
-40	-1.7	0.028457
-40	-1.6	0.022538
-40	-1.5	0.02039
-40	-1.4	0.023749
-40	-1.3	0.032478
-40	-1.2	0.043457
-40	-1.1	0.051303
-40	-1	0.056543
-40	-0.9	0.057623
-40	-0.8	0.054472
-40	-0.7	0.050208
-40	-0.6	0.042262
-40	-0.5	0.034441
-40	-0.4	0.027452
-40	-0.3	0.020299
-40	-0.2	0.01665
-40	-0.1	0.016623
-40	0	0.017008
-40	0.1	0.021016
-40	0.2	0.025508
-40	0.3	0.032698
-40	0.4	0.037089
-40	0.5	0.042259
-40	0.6	0.046069
-40	0.7	0.050083
-40	0.8	0.051096
-40	0.9	0.049696
-40	1	0.046627
-40	1.1	0.042257
-40	1.2	0.037164
-40	1.3	0.031788
-40	1.4	0.029734
-40	1.5	0.029123
-40	1.6	0.03054
-40	1.7	0.031233
-40	1.8	0.03085
-40	1.9	0.029636
-40	2	0.027427
-40	2.1	0.025294
-40	2.2	0.022298
-40	2.3	0.020806
-40	2.4	0.020221
-40	2.5	0.020545
-40	2.6	0.020461
-40	2.7	0.01863
-40	2.8	0.016777
-40	2.9	0.014136
-40	3	0.011176
-40	3.1	0.009295
-40	3.2	0.0091655
-40	3.3	0.0098242
-40	3.4	0.010367
-40	3.5	0.010445
-40	3.6	0.010454
-40	3.7	0.009498
-40	3.8	0.0090269
-40	3.9	0.010098
-40	4	0.010241
-30	-4	0.011908
-30	-3.9	0.010964
-30	-3.8	0.0088442
-30	-3.7	0.0070461
-30	-3.6	0.0075188
-30	-3.5	0.0086782
-30	-3.4	0.010569
-30	-3.3	0.0098979
-30	-3.2	0.0094519
-30	-3.1	0.0072429
-30	-3	0.0098751
-30	-2.9	0.013588
-30	-2.8	0.018953
-30	-2.7	0.025579
-30	-2.6	0.028063
-30	-2.5	0.030596
-30	-2.4	0.031653
-30	-2.3	0.032086
-30	-2.2	0.032256
-30	-2.1	0.033183
-30	-2	0.033751
-30	-1.9	0.034118
-30	-1.8	0.032203
-30	-1.7	0.028937
-30	-1.6	0.025392
-30	-1.5	0.023084
-30	-1.4	0.025214
-30	-1.3	0.030643
-30	-1.2	0.042411
-30	-1.1	0.049414
-30	-1	0.054203
-30	-0.9	0.057128
-30	-0.8	0.055651
-30	-0.7	0.050623
-30	-0.6	0.044928
-30	-0.5	0.034132
-30	-0.4	0.029867
-30	-0.3	0.020941
-30	-0.2	0.017092
-30	-0.1	0.016042
-30	0	0.01706
-30	0.1	0.020238
-30	0.2	0.026538
-30	0.3	0.031219
-30	0.4	0.037267
-30	0.5	0.045433
-30	0.6	0.049474
-30	0.7	0.052657
-30	0.8	0.052864
-30	0.9	0.051993
-30	1	0.048459
-30	1.1	0.045035
-30	1.2	0.041352
-30	1.3	0.037225
-30	1.4	0.034353
-30	1.5	0.033317
-30	1.6	0.032926
-30	1.7	0.032999
-30	1.8	0.032248
-30	1.9	0.031641
-30	2	0.029832
-30	2.1	0.027847
-30	2.2	0.024623
-30	2.3	0.021103
-30	2.4	0.019033
-30	2.5	0.016987
-30	2.6	0.01521
-30	2.7	0.01362
-30	2.8	0.011802
-30	2.9	0.0109
-30	3	0.0096231
-30	3.1	0.0090287
-30	3.2	0.0081599
-30	3.3	0.008154
-30	3.4	0.0074475
-30	3.5	0.0074345
-30	3.6	0.0070047
-30	3.7	0.0063918
-30	3.8	0.0059628
-30	3.9	0.0064947
-30	4	0.0068507
-20	-4	0.010549
-20	-3.9	0.0096583
-20	-3.8	0.0079817
-20	-3.7	0.0066739
-20	-3.6	0.0076867
-20	-3.5	0.0092095
-20	-3.4	0.009295
-20	-3.3	0.0084211
-20	-3.2	0.0071936
-20	-3.1	0.0069047
-20	-3	0.010052
-20	-2.9	0.014719
-20	-2.8	0.020892
-20	-2.7	0.024899
-20	-2.6	0.027183
-20	-2.5	0.028471
-20	-2.4	0.029152
-20	-2.3	0.030451
-20	-2.2	0.032396
-20	-2.1	0.035673
-20	-2	0.036811
-20	-1.9	0.037446
-20	-1.8	0.034888
-20	-1.7	0.030527
-20	-1.6	0.022904
-20	-1.5	0.022394
-20	-1.4	0.025885
-20	-1.3	0.037956
-20	-1.2	0.044159
-20	-1.1	0.051542
-20	-1	0.056818
-20	-0.9	0.057163
-20	-0.8	0.054356
-20	-0.7	0.048156
-20	-0.6	0.042805
-20	-0.5	0.032285
-20	-0.4	0.026266
-20	-0.3	0.02031
-20	-0.2	0.017404
-20	-0.1	0.016754
-20	0	0.018669
-20	0.1	0.022859
-20	0.2	0.027159
-20	0.3	0.035376
-20	0.4	0.039849
-20	0.5	0.04617
-20	0.6	0.048985
-20	0.7	0.050404
-20	0.8	0.049696
-20	0.9	0.04641
-20	1	0.044373
-20	1.1	0.04119
-20	1.2	0.038651
-20	1.3	0.035915
-20	1.4	0.034003
-20	1.5	0.033258
-20	1.6	0.032844
-20	1.7	0.032114
-20	1.8	0.030656
-20	1.9	0.029133
-20	2	0.027864
-20	2.1	0.027469
-20	2.2	0.02546
-20	2.3	0.024426
-20	2.4	0.022418
-20	2.5	0.021299
-20	2.6	0.018115
-20	2.7	0.014012
-20	2.8	0.012319
-20	2.9	0.011479
-20	3	0.012132
-20	3.1	0.011672
-20	3.2	0.011548
-20	3.3	0.010671
-20	3.4	0.0091549
-20	3.5	0.0081401
-20	3.6	0.0074843
-20	3.7	0.0064747
-20	3.8	0.0070277
-20	3.9	0.0075979
-20	4	0.0084728
-10	-4	0.011704
-10	-3.9	0.010769
-10	-3.8	0.0090947
-10	-3.7	0.0084058
-10	-3.6	0.0088752
-10	-3.5	0.010213
-10	-3.4	0.011262
-10	-3.3	0.010438
-10	-3.2	0.0087653
-10	-3.1	0.008609
-10	-3	0.010574
-10	-2.9	0.015464
-10	-2.8	0.020393
-10	-2.7	0.022917
-10	-2.6	0.025771
-10	-2.5	0.027247
-10	-2.4	0.028745
-10	-2.3	0.03172
-10	-2.2	0.035595
-10	-2.1	0.040225
-10	-2	0.041192
-10	-1.9	0.040675
-10	-1.8	0.036299
-10	-1.7	0.030576
-10	-1.6	0.025048
-10	-1.5	0.02385
-10	-1.4	0.027251
-10	-1.3	0.037586
-10	-1.2	0.047693
-10	-1.1	0.054272
-10	-1	0.058101
-10	-0.9	0.05826
-10	-0.8	0.055544
-10	-0.7	0.047465
-10	-0.6	0.037652
-10	-0.5	0.033897
-10	-0.4	0.024958
-10	-0.3	0.020637
-10	-0.2	0.018309
-10	-0.1	0.018685
-10	0	0.020765
-10	0.1	0.024513
-10	0.2	0.028362
-10	0.3	0.034022
-10	0.4	0.039224
-10	0.5	0.043263
-10	0.6	0.045644
-10	0.7	0.047669
-10	0.8	0.047133
-10	0.9	0.046702
-10	1	0.042876
-10	1.1	0.040435
-10	1.2	0.03739
-10	1.3	0.035941
-10	1.4	0.033794
-10	1.5	0.032246
-10	1.6	0.031756
-10	1.7	0.031646
-10	1.8	0.030839
-10	1.9	0.02971
-10	2	0.028822
-10	2.1	0.028299
-10	2.2	0.027686
-10	2.3	0.025781
-10	2.4	0.02404
-10	2.5	0.021247
-10	2.6	0.020679
-10	2.7	0.017182
-10	2.8	0.014505
-10	2.9	0.013048
-10	3	0.012551
-10	3.1	0.011804
-10	3.2	0.011131
-10	3.3	0.011168
-10	3.4	0.010483
-10	3.5	0.010132
-10	3.6	0.0095303
-10	3.7	0.0090376
-10	3.8	0.0091672
-10	3.9	0.009618
-10	4	0.0090769
0	-4	0.013726
0	-3.9	0.013684
0	-3.8	0.011415
0	-3.7	0.010238
0	-3.6	0.0075467
0	-3.5	0.0081994
0	-3.4	0.010023
0	-3.3	0.011405
0	-3.2	0.010529
0	-3.1	0.0092024
0	-3	0.0094177
0	-2.9	0.011744
0	-2.8	0.019853
0	-2.7	0.022303
0	-2.6	0.028082
0	-2.5	0.028786
0	-2.4	0.03079
0	-2.3	0.031656
0	-2.2	0.032732
0	-2.1	0.034152
0	-2	0.035902
0	-1.9	0.03675
0	-1.8	0.03545
0	-1.7	0.031512
0	-1.6	0.028248
0	-1.5	0.024331
0	-1.4	0.025719
0	-1.3	0.03533
0	-1.2	0.041002
0	-1.1	0.051054
0	-1	0.056277
0	-0.9	0.058277
0	-0.8	0.056385
0	-0.7	0.04901
0	-0.6	0.043295
0	-0.5	0.034628
0	-0.4	0.027428
0	-0.3	0.02179
0	-0.2	0.017942
0	-0.1	0.017196
0	0	0.018745
0	0.1	0.02369
0	0.2	0.028279
0	0.3	0.036452
0	0.4	0.039798
0	0.5	0.043628
0	0.6	0.049224
0	0.7	0.05025
0	0.8	0.050444
0	0.9	0.048692
0	1	0.046355
0	1.1	0.041665
0	1.2	0.037769
0	1.3	0.032569
0	1.4	0.029973
0	1.5	0.029954
0	1.6	0.030351
0	1.7	0.031265
0	1.8	0.031601
0	1.9	0.030927
0	2	0.029007
0	2.1	0.025446
0	2.2	0.02338
0	2.3	0.021288
0	2.4	0.019729
0	2.5	0.018894
0	2.6	0.018567
0	2.7	0.017663
0	2.8	0.015881
0	2.9	0.012909
0	3	0.010528
0	3.1	0.0090108
0	3.2	0.0085431
0	3.3	0.0095387
0	3.4	0.01018
0	3.5	0.010359
0	3.6	0.010073
0	3.7	0.0095759
0	3.8	0.0088369
0	3.9	0.0092968
0	4	0.0098127
10	-4	0.013508
10	-3.9	0.012449
10	-3.8	0.010616
10	-3.7	0.0097084
10	-3.6	0.011318
10	-3.5	0.013282
10	-3.4	0.01399
10	-3.3	0.013522
10	-3.2	0.010869
10	-3.1	0.008423
10	-3	0.010795
10	-2.9	0.017291
10	-2.8	0.022002
10	-2.7	0.026137
10	-2.6	0.02932
10	-2.5	0.030295
10	-2.4	0.029907
10	-2.3	0.029851
10	-2.2	0.031767
10	-2.1	0.034742
10	-2	0.038648
10	-1.9	0.041224
10	-1.8	0.039474
10	-1.7	0.034528
10	-1.6	0.028677
10	-1.5	0.024565
10	-1.4	0.026566
10	-1.3	0.030224
10	-1.2	0.041917
10	-1.1	0.051011
10	-1	0.055897
10	-0.9	0.058007
10	-0.8	0.057117
10	-0.7	0.051823
10	-0.6	0.046545
10	-0.5	0.03542
10	-0.4	0.028026
10	-0.3	0.021348
10	-0.2	0.017902
10	-0.1	0.017242
10	0	0.0186
10	0.1	0.020947
10	0.2	0.027953
10	0.3	0.030873
10	0.4	0.036544
10	0.5	0.042745
10	0.6	0.045229
10	0.7	0.048017
10	0.8	0.047575
10	0.9	0.046363
10	1	0.043359
10	1.1	0.04027
10	1.2	0.037697
10	1.3	0.035607
10	1.4	0.0336
10	1.5	0.032716
10	1.6	0.032041
10	1.7	0.031188
10	1.8	0.030344
10	1.9	0.029673
10	2	0.028741
10	2.1	0.027626
10	2.2	0.026168
10	2.3	0.023561
10	2.4	0.021556
10	2.5	0.018213
10	2.6	0.015593
10	2.7	0.013938
10	2.8	0.01195
10	2.9	0.010311
10	3	0.0095065
10	3.1	0.008469
10	3.2	0.0079999
10	3.3	0.0081083
10	3.4	0.008156
10	3.5	0.0082427
10	3.6	0.0077537
10	3.7	0.0072718
10	3.8	0.0072829
10	3.9	0.0067962
10	4	0.0068531
20	-4	0.014213
20	-3.9	0.013457
20	-3.8	0.010222
20	-3.7	0.0086801
20	-3.6	0.0090287
20	-3.5	0.010829
20	-3.4	0.012163
20	-3.3	0.011883
20	-3.2	0.010926
20	-3.1	0.0097929
20	-3	0.010795
20	-2.9	0.013809
20	-2.8	0.020216
20	-2.7	0.024478
20	-2.6	0.027619
20	-2.5	0.029316
20	-2.4	0.03044
20	-2.3	0.03139
20	-2.2	0.03433
20	-2.1	0.037407
20	-2	0.03951
20	-1.9	0.041582
20	-1.8	0.04057
20	-1.7	0.035739
20	-1.6	0.029986
20	-1.5	0.024112
20	-1.4	0.026103
20	-1.3	0.034017
20	-1.2	0.043074
20	-1.1	0.050579
20	-1	0.055876
20	-0.9	0.057645
20	-0.8	0.055321
20	-0.7	0.048851
20	-0.6	0.044284
20	-0.5	0.038333
20	-0.4	0.029961
20	-0.3	0.02327
20	-0.2	0.019243
20	-0.1	0.01779
20	0	0.018003
20	0.1	0.021297
20	0.2	0.02503
20	0.3	0.030926
20	0.4	0.036984
20	0.5	0.041108
20	0.6	0.044069
20	0.7	0.046617
20	0.8	0.047413
20	0.9	0.046601
20	1	0.044921
20	1.1	0.042572
20	1.2	0.039747
20	1.3	0.035997
20	1.4	0.033562
20	1.5	0.032454
20	1.6	0.031827
20	1.7	0.031471
20	1.8	0.031457
20	1.9	0.030665
20	2	0.029016
20	2.1	0.027353
20	2.2	0.024544
20	2.3	0.021874
20	2.4	0.020844
20	2.5	0.017778
20	2.6	0.017076
20	2.7	0.016367
20	2.8	0.014769
20	2.9	0.012526
20	3	0.011275
20	3.1	0.010034
20	3.2	0.0085013
20	3.3	0.0073095
20	3.4	0.0068883
20	3.5	0.0071959
20	3.6	0.0075359
20	3.7	0.0077745
20	3.8	0.007789
20	3.9	0.0081182
20	4	0.0080583
30	-4	0.01169
30	-3.9	0.011321
30	-3.8	0.01029
30	-3.7	0.0088003
30	-3.6	0.0086053
30	-3.5	0.0097797
30	-3.4	0.011256
30	-3.3	0.011569
30	-3.2	0.010985
30	-3.1	0.0095404
30	-3	0.010656
30	-2.9	0.013386
30	-2.8	0.01779
30	-2.7	0.0225
30	-2.6	0.025417
30	-2.5	0.027438
30	-2.4	0.029545
30	-2.3	0.031335
30	-2.2	0.033458
30	-2.1	0.035595
30	-2	0.037773
30	-1.9	0.038184
30	-1.8	0.036684
30	-1.7	0.034868
30	-1.6	0.02961
30	-1.5	0.024813
30	-1.4	0.025101
30	-1.3	0.029749
30	-1.2	0.037642
30	-1.1	0.044924
30	-1	0.051842
30	-0.9	0.054695
30	-0.8	0.052916
30	-0.7	0.0498
30	-0.6	0.042646
30	-0.5	0.036859
30	-0.4	0.03024
30	-0.3	0.024828
30	-0.2	0.022601
30	-0.1	0.018676
30	0	0.01791
30	0.1	0.018804
30	0.2	0.021052
30	0.3	0.027698
30	0.4	0.034179
30	0.5	0.039555
30	0.6	0.044811
30	0.7	0.047553
30	0.8	0.048581
30	0.9	0.047366
30	1	0.045114
30	1.1	0.042664
30	1.2	0.038564
30	1.3	0.03675
30	1.4	0.035201
30	1.5	0.034093
30	1.6	0.032889
30	1.7	0.032401
30	1.8	0.031995
30	1.9	0.03065
30	2	0.029447
30	2.1	0.027867
30	2.2	0.026541
30	2.3	0.024862
30	2.4	0.021869
30	2.5	0.020689
30	2.6	0.018304
30	2.7	0.016296
30	2.8	0.013734
30	2.9	0.012232
30	3	0.011725
30	3.1	0.010832
30	3.2	0.0097532
30	3.3	0.0087505
30	3.4	0.0079268
30	3.5	0.007935
30	3.6	0.0091071
30	3.7	0.0091989
30	3.8	0.009139
30	3.9	0.0088259
30	4	0.0084077
40	-4	0.010186
40	-3.9	0.010509
40	-3.8	0.0092863
40	-3.7	0.0082368
40	-3.6	0.0075231
40	-3.5	0.0081955
40	-3.4	0.010674
40	-3.3	0.012696
40	-3.2	0.01272
40	-3.1	0.011866
40	-3	0.0098603
40	-2.9	0.010505
40	-2.8	0.016129
40	-2.7	0.022274
40	-2.6	0.026607
40	-2.5	0.029092
40	-2.4	0.031084
40	-2.3	0.033225
40	-2.2	0.034905
40	-2.1	0.036633
40	-2	0.038676
40	-1.9	0.039739
40	-1.8	0.038131
40	-1.7	0.035065
40	-1.6	0.031876
40	-1.5	0.026384
40	-1.4	0.025109
40	-1.3	0.028441
40	-1.2	0.037616
40	-1.1	0.046035
40	-1	0.052919
40	-0.9	0.056338
40	-0.8	0.056795
40	-0.7	0.054708
40	-0.6	0.050008
40	-0.5	0.039284
40	-0.4	0.034469
40	-0.3	0.027538
40	-0.2	0.022958
40	-0.1	0.020011
40	0	0.017034
40	0.1	0.018417
40	0.2	0.023967
40	0.3	0.028687
40	0.4	0.033258
40	0.5	0.039143
40	0.6	0.042842
40	0.7	0.045244
40	0.8	0.046572
40	0.9	0.046382
40	1	0.04596
40	1.1	0.044535
40	1.2	0.04302
40	1.3	0.041394
40	1.4	0.038954
40	1.5	0.03673
40	1.6	0.033656
40	1.7	0.031948
40	1.8	0.030934
40	1.9	0.030018
40	2	0.029349
40	2.1	0.028803
40	2.2	0.028301
40	2.3	0.027746
40	2.4	0.024119
40	2.5	0.021409
40	2.6	0.019612
40	2.7	0.017215
40	2.8	0.013992
40	2.9	0.010921
40	3	0.0096281
40	3.1	0.009498
40	3.2	0.0093072
40	3.3	0.0094536
40	3.4	0.0092985
40	3.5	0.0090733
40	3.6	0.0082935
40	3.7	0.0075445
40	3.8	0.0066179
40	3.9	0.0066763
40	4	0.0070162
50	-4	0.010985
50	-3.9	0.011704
50	-3.8	0.011235
50	-3.7	0.00972
50	-3.6	0.0080342
50	-3.5	0.0065245
50	-3.4	0.0071463
50	-3.3	0.009248
50	-3.2	0.011246
50	-3.1	0.011969
50	-3	0.011273
50	-2.9	0.01108
50	-2.8	0.015761
50	-2.7	0.020686
50	-2.6	0.024622
50	-2.5	0.028138
50	-2.4	0.031817
50	-2.3	0.033126
50	-2.2	0.033804
50	-2.1	0.034277
50	-2	0.035445
50	-1.9	0.036596
50	-1.8	0.037352
50	-1.7	0.036872
50	-1.6	0.034837
50	-1.5	0.031757
50	-1.4	0.02725
50	-1.3	0.02855
50	-1.2	0.034137
50	-1.1	0.040135
50	-1	0.050492
50	-0.9	0.058649
50	-0.8	0.05971
50	-0.7	0.058268
50	-0.6	0.054273
50	-0.5	0.045372
50	-0.4	0.037404
50	-0.3	0.030211
50	-0.2	0.024716
50	-0.1	0.021121
50	0	0.017291
50	0.1	0.017007
50	0.2	0.019144
50	0.3	0.023123
50	0.4	0.029097
50	0.5	0.038748
50	0.6	0.043974
50	0.7	0.047936
50	0.8	0.050063
50	0.9	0.049847
50	1	0.049484
50	1.1	0.047536
50	1.2	0.04428
50	1.3	0.04202
50	1.4	0.039458
50	1.5	0.037069
50	1.6	0.034909
50	1.7	0.034295
50	1.8	0.034049
50	1.9	0.03415
50	2	0.033605
50	2.1	0.031775
50	2.2	0.03003
50	2.3	0.027771
50	2.4	0.024073
50	2.5	0.021468
50	2.6	0.018708
50	2.7	0.016734
50	2.8	0.014297
50	2.9	0.012752
50	3	0.011138
50	3.1	0.0097515
50	3.2	0.009248
50	3.3	0.0099679
50	3.4	0.0092759
50	3.5	0.008964
50	3.6	0.0086801
50	3.7	0.007888
50	3.8	0.0063741
50	3.9	0.0064322
50	4	0.0067867
60	-4	0.012862
60	-3.9	0.011915
60	-3.8	0.010805
60	-3.7	0.0085089
60	-3.6	0.0078634
60	-3.5	0.0087524
60	-3.4	0.010103
60	-3.3	0.010949
60	-3.2	0.010751
60	-3.1	0.009963
60	-3	0.010129
60	-2.9	0.012781
60	-2.8	0.017314
60	-2.7	0.022961
60	-2.6	0.025201
60	-2.5	0.02906
60	-2.4	0.030083
60	-2.3	0.031433
60	-2.2	0.033238
60	-2.1	0.035545
60	-2	0.037785
60	-1.9	0.039208
60	-1.8	0.038513
60	-1.7	0.036254
60	-1.6	0.031962
60	-1.5	0.027016
60	-1.4	0.024183
60	-1.3	0.027105
60	-1.2	0.030901
60	-1.1	0.042364
60	-1	0.047112
60	-0.9	0.054107
60	-0.8	0.056331
60	-0.7	0.055955
60	-0.6	0.051549
60	-0.5	0.047155
60	-0.4	0.038891
60	-0.3	0.034616
60	-0.2	0.026805
60	-0.1	0.023371
60	0	0.019074
60	0.1	0.018498
60	0.2	0.01946
60	0.3	0.023092
60	0.4	0.027191
60	0.5	0.03546
60	0.6	0.039434
60	0.7	0.045651
60	0.8	0.049351
60	0.9	0.050686
60	1	0.051241
60	1.1	0.050146
60	1.2	0.046965
60	1.3	0.043455
60	1.4	0.041604
60	1.5	0.038631
60	1.6	0.037035
60	1.7	0.036739
60	1.8	0.036965
60	1.9	0.036718
60	2	0.035383
60	2.1	0.031468
60	2.2	0.029344
60	2.3	0.025326
60	2.4	0.021998
60	2.5	0.020625
60	2.6	0.019975
60	2.7	0.019953
60	2.8	0.019373
60	2.9	0.017515
60	3	0.015941
60	3.1	0.012039
60	3.2	0.011145
60	3.3	0.0099305
60	3.4	0.0099354
60	3.5	0.010392
60	3.6	0.010525
60	3.7	0.010116
60	3.8	0.0089946
60	3.9	0.0086034
60	4	0.0077203
70	-4	0.0090911
70	-3.9	0.0093505
70	-3.8	0.009416
70	-3.7	0.0092724
70	-3.6	0.008982
70	-3.5	0.009139
70	-3.4	0.010279
70	-3.3	0.011316
70	-3.2	0.011637
70	-3.1	0.011707
70	-3	0.011649
70	-2.9	0.012993
70	-2.8	0.016169
70	-2.7	0.018698
70	-2.6	0.024505
70	-2.5	0.029205
70	-2.4	0.031539
70	-2.3	0.032979
70	-2.2	0.033027
70	-2.1	0.033153
70	-2	0.033626
70	-1.9	0.034776
70	-1.8	0.035546
70	-1.7	0.035871
70	-1.6	0.034249
70	-1.5	0.031293
70	-1.4	0.0266
70	-1.3	0.025334
70	-1.2	0.03046
70	-1.1	0.033601
70	-1	0.046227
70	-0.9	0.053804
70	-0.8	0.059395
70	-0.7	0.061384
70	-0.6	0.060712
70	-0.5	0.054887
70	-0.4	0.046001
70	-0.3	0.038579
70	-0.2	0.029409
70	-0.1	0.024511
70	0	0.017719
70	0.1	0.015516
70	0.2	0.015772
70	0.3	0.019138
70	0.4	0.025497
70	0.5	0.03273
70	0.6	0.039778
70	0.7	0.045177
70	0.8	0.048969
70	0.9	0.05061
70	1	0.05118
70	1.1	0.049932
70	1.2	0.048833
70	1.3	0.046601
70	1.4	0.044956
70	1.5	0.043506
70	1.6	0.040628
70	1.7	0.037065
70	1.8	0.03462
70	1.9	0.032503
70	2	0.030274
70	2.1	0.02925
70	2.2	0.02849
70	2.3	0.028097
70	2.4	0.026584
70	2.5	0.024596
70	2.6	0.022221
70	2.7	0.020885
70	2.8	0.018207
70	2.9	0.015295
70	3	0.014551
70	3.1	0.012207
70	3.2	0.011791
70	3.3	0.010076
70	3.4	0.0096147
70	3.5	0.0088534
70	3.6	0.0096884
70	3.7	0.010165
70	3.8	0.010569
70	3.9	0.010894
70	4	0.010888
80	-4	0.0084115
80	-3.9	0.0095354
80	-3.8	0.0099663
80	-3.7	0.010221
80	-3.6	0.009068
80	-3.5	0.0088113
80	-3.4	0.0092776
80	-3.3	0.010097
80	-3.2	0.010884
80	-3.1	0.01102
80	-3	0.010928
80	-2.9	0.012194
80	-2.8	0.014074
80	-2.7	0.019685
80	-2.6	0.024135
80	-2.5	0.027213
80	-2.4	0.030812
80	-2.3	0.033008
80	-2.2	0.033987
80	-2.1	0.034554
80	-2	0.035481
80	-1.9	0.036552
80	-1.8	0.037631
80	-1.7	0.037785
80	-1.6	0.034874
80	-1.5	0.030365
80	-1.4	0.027761
80	-1.3	0.024274
80	-1.2	0.029947
80	-1.1	0.038843
80	-1	0.047632
80	-0.9	0.054515
80	-0.8	0.058892
80	-0.7	0.060326
80	-0.6	0.059269
80	-0.5	0.051391
80	-0.4	0.046788
80	-0.3	0.037467
80	-0.2	0.032146
80	-0.1	0.025719
80	0	0.019558
80	0.1	0.016671
80	0.2	0.015702
80	0.3	0.018491
80	0.4	0.022822
80	0.5	0.027031
80	0.6	0.035653
80	0.7	0.044236
80	0.8	0.047241
80	0.9	0.050229
80	1	0.051967
80	1.1	0.051773
80	1.2	0.050304
80	1.3	0.047857
80	1.4	0.045511
80	1.5	0.042726
80	1.6	0.038803
80	1.7	0.035659
80	1.8	0.035479
80	1.9	0.036031
80	2	0.036321
80	2.1	0.036328
80	2.2	0.034889
80	2.3	0.033486
80	2.4	0.028629
80	2.5	0.024374
80	2.6	0.021751
80	2.7	0.020063
80	2.8	0.019185
80	2.9	0.018676
80	3	0.018535
80	3.1	0.017178
80	3.2	0.014861
80	3.3	0.013064
80	3.4	0.011709
80	3.5	0.010982
80	3.6	0.01076
80	3.7	0.011183
80	3.8	0.011238
80	3.9	0.010857
80	4	0.010116
90	-4	0.0093211
90	-3.9	0.010127
90	-3.8	0.0097615
90	-3.7	0.0088971
90	-3.6	0.0073712
90	-3.5	0.0068625
90	-3.4	0.0070484
90	-3.3	0.0082935
90	-3.2	0.0097433
90	-3.1	0.010466
90	-3	0.010293
90	-2.9	0.010468
90	-2.8	0.012445
90	-2.7	0.015288
90	-2.6	0.021299
90	-2.5	0.026226
90	-2.4	0.029731
90	-2.3	0.031729
90	-2.2	0.033403
90	-2.1	0.033695
90	-2	0.033853
90	-1.9	0.034284
90	-1.8	0.034811
90	-1.7	0.034643
90	-1.6	0.032909
90	-1.5	0.031542
90	-1.4	0.028354
90	-1.3	0.025692
90	-1.2	0.028882
90	-1.1	0.032997
90	-1	0.041713
90	-0.9	0.051443
90	-0.8	0.05484
90	-0.7	0.05862
90	-0.6	0.058924
90	-0.5	0.054282
90	-0.4	0.051492
90	-0.3	0.03998
90	-0.2	0.034719
90	-0.1	0.026339
90	0	0.022694
90	0.1	0.018508
90	0.2	0.017307
90	0.3	0.017094
90	0.4	0.021111
90	0.5	0.027315
90	0.6	0.035497
90	0.7	0.043196
90	0.8	0.049329
90	0.9	0.052661
90	1	0.054417
90	1.1	0.053525
90	1.2	0.051377
90	1.3	0.048442
90	1.4	0.047047
90	1.5	0.044093
90	1.6	0.042112
90	1.7	0.040601
90	1.8	0.039524
90	1.9	0.038746
90	2	0.038293
90	2.1	0.037133
90	2.2	0.035794
90	2.3	0.034247
90	2.4	0.029278
90	2.5	0.026773
90	2.6	0.023878
90	2.7	0.020959
90	2.8	0.01841
90	2.9	0.017651
90	3	0.015201
90	3.1	0.015306
90	3.2	0.012993
90	3.3	0.011784
90	3.4	0.0098488
90	3.5	0.0098554
90	3.6	0.0098044
90	3.7	0.010119
90	3.8	0.009811
90	3.9	0.0090484
90	4	0.0073821
100	-4	0.0069792
100	-3.9	0.0082623
100	-3.8	0.0087468
100	-3.7	0.0095692
100	-3.6	0.0083749
100	-3.5	0.0074279
100	-3.4	0.0062693
100	-3.3	0.0072874
100	-3.2	0.0091919
100	-3.1	0.010475
100	-3	0.011259
100	-2.9	0.012011
100	-2.8	0.012539
100	-2.7	0.013916
100	-2.6	0.017585
100	-2.5	0.020846
100	-2.4	0.025127
100	-2.3	0.030383
100	-2.2	0.033412
100	-2.1	0.035264
100	-2	0.036247
100	-1.9	0.036778
100	-1.8	0.036469
100	-1.7	0.035877
100	-1.6	0.034769
100	-1.5	0.032773
100	-1.4	0.028874
100	-1.3	0.025293
100	-1.2	0.02709
100	-1.1	0.030038
100	-1	0.040828
100	-0.9	0.049463
100	-0.8	0.055565
100	-0.7	0.059827
100	-0.6	0.059919
100	-0.5	0.058534
100	-0.4	0.049052
100	-0.3	0.046229
100	-0.2	0.037975
100	-0.1	0.029013
100	0	0.020968
100	0.1	0.017385
100	0.2	0.015002
100	0.3	0.013697
100	0.4	0.016414
100	0.5	0.02078
100	0.6	0.027675
100	0.7	0.038079
100	0.8	0.042136
100	0.9	0.048749
100	1	0.05049
100	1.1	0.052059
100	1.2	0.051931
100	1.3	0.050465
100	1.4	0.049344
100	1.5	0.04817
100	1.6	0.045534
100	1.7	0.042761
100	1.8	0.040796
100	1.9	0.038129
100	2	0.035638
100	2.1	0.034373
100	2.2	0.033053
100	2.3	0.031924
100	2.4	0.029759
100	2.5	0.028901
100	2.6	0.026203
100	2.7	0.023802
100	2.8	0.021398
100	2.9	0.019306
100	3	0.015505
100	3.1	0.013305
100	3.2	0.012009
100	3.3	0.011436
100	3.4	0.01103
100	3.5	0.010887
100	3.6	0.010839
100	3.7	0.0099582
100	3.8	0.0094929
100	3.9	0.0085487
100	4	0.0072138
110	-4	0.0073492
110	-3.9	0.0082974
110	-3.8	0.0089658
110	-3.7	0.0093833
110	-3.6	0.0082837
110	-3.5	0.00748
110	-3.4	0.0063538
110	-3.3	0.0077056
110	-3.2	0.008857
110	-3.1	0.010704
110	-3	0.011388
110	-2.9	0.01046
110	-2.8	0.0099792
110	-2.7	0.011711
110	-2.6	0.01636
110	-2.5	0.023164
110	-2.4	0.027795
110	-2.3	0.031526
110	-2.2	0.033291
110	-2.1	0.033711
110	-2	0.033584
110	-1.9	0.033763
110	-1.8	0.034765
110	-1.7	0.03616
110	-1.6	0.035958
110	-1.5	0.034919
110	-1.4	0.029186
110	-1.3	0.025295
110	-1.2	0.02249
110	-1.1	0.026032
110	-1	0.035686
110	-0.9	0.045938
110	-0.8	0.051951
110	-0.7	0.05961
110	-0.6	0.060745
110	-0.5	0.058345
110	-0.4	0.05277
110	-0.3	0.044136
110	-0.2	0.038537
110	-0.1	0.027324
110	0	0.020692
110	0.1	0.015885
110	0.2	0.013474
110	0.3	0.014169
110	0.4	0.016436
110	0.5	0.022262
110	0.6	0.028406
110	0.7	0.034965
110	0.8	0.041943
110	0.9	0.047688
110	1	0.050662
110	1.1	0.052177
110	1.2	0.051376
110	1.3	0.04837
110	1.4	0.046158
110	1.5	0.043343
110	1.6	0.039682
110	1.7	0.037581
110	1.8	0.036854
110	1.9	0.035985
110	2	0.034752
110	2.1	0.033826
110	2.2	0.032749
110	2.3	0.031358
110	2.4	0.029522
110	2.5	0.027893
110	2.6	0.026188
110	2.7	0.024809
110	2.8	0.022625
110	2.9	0.01903
110	3	0.017207
110	3.1	0.014706
110	3.2	0.01306
110	3.3	0.012746
110	3.4	0.012054
110	3.5	0.011934
110	3.6	0.011738
110	3.7	0.011199
110	3.8	0.010581
110	3.9	0.0099305
110	4	0.010137
120	-4	0.0065096
120	-3.9	0.0067101
120	-3.8	0.0066932
120	-3.7	0.0082837
120	-3.6	0.0082583
120	-3.5	0.0081817
120	-3.4	0.0082034
120	-3.3	0.0068271
120	-3.2	0.007225
120	-3.1	0.0064697
120	-3	0.0072138
120	-2.9	0.0076551
120	-2.8	0.0083421
120	-2.7	0.0093592
120	-2.6	0.013072
120	-2.5	0.0177
120	-2.4	0.021131
120	-2.3	0.025883
120	-2.2	0.028723
120	-2.1	0.030796
120	-2	0.031707
120	-1.9	0.032318
120	-1.8	0.033503
120	-1.7	0.034873
120	-1.6	0.035135
120	-1.5	0.034607
120	-1.4	0.030998
120	-1.3	0.02522
120	-1.2	0.023591
120	-1.1	0.025668
120	-1	0.031524
120	-0.9	0.040632
120	-0.8	0.050454
120	-0.7	0.057284
120	-0.6	0.059515
120	-0.5	0.0561
120	-0.4	0.053324
120	-0.3	0.043771
120	-0.2	0.035185
120	-0.1	0.02636
120	0	0.019632
120	0.1	0.015591
120	0.2	0.013395
120	0.3	0.013343
120	0.4	0.016099
120	0.5	0.020761
120	0.6	0.027629
120	0.7	0.035193
120	0.8	0.041046
120	0.9	0.047211
120	1	0.049081
120	1.1	0.05082
120	1.2	0.050539
120	1.3	0.049385
120	1.4	0.046831
120	1.5	0.042671
120	1.6	0.039468
120	1.7	0.035364
120	1.8	0.033967
120	1.9	0.033011
120	2	0.033295
120	2.1	0.033561
120	2.2	0.033807
120	2.3	0.032784
120	2.4	0.030372
120	2.5	0.027526
120	2.6	0.024026
120	2.7	0.022055
120	2.8	0.020559
120	2.9	0.019936
120	3	0.019948
120	3.1	0.019775
120	3.2	0.017998
120	3.3	0.015097
120	3.4	0.013373
120	3.5	0.012175
120	3.6	0.011592
120	3.7	0.011279
120	3.8	0.011358
120	3.9	0.011669
120	4	0.011086
130	-4	0.0064347
130	-3.9	0.0084154
130	-3.8	0.0089892
130	-3.7	0.0097034
130	-3.6	0.0088607
130	-3.5	0.0070667
130	-3.4	0.0063994
130	-3.3	0.0066666
130	-3.2	0.0081142
130	-3.1	0.0099825
130	-3	0.010307
130	-2.9	0.0092724
130	-2.8	0.0086315
130	-2.7	0.011395
130	-2.6	0.017612
130	-2.5	0.02016
130	-2.4	0.025836
130	-2.3	0.029012
130	-2.2	0.030411
130	-2.1	0.029395
130	-2	0.028892
130	-1.9	0.028855
130	-1.8	0.030948
130	-1.7	0.033499
130	-1.6	0.035039
130	-1.5	0.034281
130	-1.4	0.029549
130	-1.3	0.02374
130	-1.2	0.019415
130	-1.1	0.021753
130	-1	0.029598
130	-0.9	0.036768
130	-0.8	0.051185
130	-0.7	0.058726
130	-0.6	0.060796
130	-0.5	0.060062
130	-0.4	0.057195
130	-0.3	0.045421
130	-0.2	0.039181
130	-0.1	0.030904
130	0	0.021775
130	0.1	0.013247
130	0.2	0.012008
130	0.3	0.011545
130	0.4	0.013477
130	0.5	0.018066
130	0.6	0.02591
130	0.7	0.033177
130	0.8	0.038964
130	0.9	0.047191
130	1	0.049133
130	1.1	0.049759
130	1.2	0.048199
130	1.3	0.0468
130	1.4	0.042081
130	1.5	0.039669
130	1.6	0.037865
130	1.7	0.037329
130	1.8	0.035961
130	1.9	0.034798
130	2	0.033157
130	2.1	0.032098
130	2.2	0.030685
130	2.3	0.030078
130	2.4	0.029053
130	2.5	0.028156
130	2.6	0.026497
130	2.7	0.0261
130	2.8	0.022329
130	2.9	0.01999
130	3	0.017804
130	3.1	0.016489
130	3.2	0.015502
130	3.3	0.014151
130	3.4	0.012486
130	3.5	0.010682
130	3.6	0.010317
130	3.7	0.010124
130	3.8	0.010414
130	3.9	0.010695
130	4	0.011235
140	-4	0.0060167
140	-3.9	0.0061127
140	-3.8	0.0083634
140	-3.7	0.0098947
140	-3.6	0.010004
140	-3.5	0.0090501
140	-3.4	0.0074583
140	-3.3	0.0068081
140	-3.2	0.0068837
140	-3.1	0.0096566
140	-3	0.010506
140	-2.9	0.01098
140	-2.8	0.010731
140	-2.7	0.0097266
140	-2.6	0.011662
140	-2.5	0.015083
140	-2.4	0.022276
140	-2.3	0.025218
140	-2.2	0.02965
140	-2.1	0.031402
140	-2	0.033167
140	-1.9	0.033866
140	-1.8	0.033853
140	-1.7	0.034059
140	-1.6	0.034561
140	-1.5	0.034319
140	-1.4	0.031848
140	-1.3	0.027989
140	-1.2	0.021793
140	-1.1	0.021443
140	-1	0.025615
140	-0.9	0.03979
140	-0.8	0.046962
140	-0.7	0.054981
140	-0.6	0.060252
140	-0.5	0.059444
140	-0.4	0.055041
140	-0.3	0.047876
140	-0.2	0.038346
140	-0.1	0.028483
140	0	0.020018
140	0.1	0.014416
140	0.2	0.012304
140	0.3	0.011496
140	0.4	0.013588
140	0.5	0.017109
140	0.6	0.024982
140	0.7	0.032021
140	0.8	0.039416
140	0.9	0.043552
140	1	0.047607
140	1.1	0.049168
140	1.2	0.049212
140	1.3	0.048355
140	1.4	0.045434
140	1.5	0.041255
140	1.6	0.03879
140	1.7	0.034783
140	1.8	0.032407
140	1.9	0.029879
140	2	0.028973
140	2.1	0.029158
140	2.2	0.029921
140	2.3	0.029486
140	2.4	0.026865
140	2.5	0.024886
140	2.6	0.022007
140	2.7	0.021216
140	2.8	0.019055
140	2.9	0.017758
140	3	0.017299
140	3.1	0.016405
140	3.2	0.014443
140	3.3	0.012378
140	3.4	0.010475
140	3.5	0.0082798
140	3.6	0.0090054
140	3.7	0.0091319
140	3.8	0.010074
140	3.9	0.009213
140	4	0.0095506
150	-4	0.0076382
150	-3.9	0.0090715
150	-3.8	0.010827
150	-3.7	0.011052
150	-3.6	0.0096264
150	-3.5	0.0085544
150	-3.4	0.0062538
150	-3.3	0.0060382
150	-3.2	0.0074236
150	-3.1	0.0089224
150	-3	0.0096666
150	-2.9	0.0086222
150	-2.8	0.0070461
150	-2.7	0.0063053
150	-2.6	0.010677
150	-2.5	0.016911
150	-2.4	0.023814
150	-2.3	0.027187
150	-2.2	0.028899
150	-2.1	0.029554
150	-2	0.030229
150	-1.9	0.031924
150	-1.8	0.033205
150	-1.7	0.035372
150	-1.6	0.036361
150	-1.5	0.033811
150	-1.4	0.031359
150	-1.3	0.024723
150	-1.2	0.02183
150	-1.1	0.023418
150	-1	0.031113
150	-0.9	0.040167
150	-0.8	0.048472
150	-0.7	0.055949
150	-0.6	0.05737
150	-0.5	0.054865
150	-0.4	0.050218
150	-0.3	0.043026
150	-0.2	0.035362
150	-0.1	0.025632
150	0	0.01859
150	0.1	0.014949
150	0.2	0.013195
150	0.3	0.012908
150	0.4	0.014519
150	0.5	0.020174
150	0.6	0.023919
150	0.7	0.032704
150	0.8	0.03889
150	0.9	0.0427
150	1	0.046323
150	1.1	0.047836
150	1.2	0.047618
150	1.3	0.046261
150	1.4	0.042112
150	1.5	0.040596
150	1.6	0.036343
150	1.7	0.035055
150	1.8	0.033361
150	1.9	0.03268
150	2	0.032714
150	2.1	0.033073
150	2.2	0.032833
150	2.3	0.0315
150	2.4	0.029778
150	2.5	0.027575
150	2.6	0.024699
150	2.7	0.022572
150	2.8	0.019581
150	2.9	0.017835
150	3	0.016705
150	3.1	0.015427
150	3.2	0.015062
150	3.3	0.014007
150	3.4	0.011893
150	3.5	0.011451
150	3.6	0.010965
150	3.7	0.010114
150	3.8	0.0087856
150	3.9	0.0085601
150	4	0.0086502
160	-4	0.0065294
160	-3.9	0.0062357
160	-3.8	0.0076909
160	-3.7	0.0088934
160	-3.6	0.0090036
160	-3.5	0.0086912
160	-3.4	0.0078593
160	-3.3	0.0068129
160	-3.2	0.0062097
160	-3.1	0.0082446
160	-3	0.0095133
160	-2.9	0.010706
160	-2.8	0.010719
160	-2.7	0.010424
160	-2.6	0.011379
160	-2.5	0.014958
160	-2.4	0.020424
160	-2.3	0.024748
160	-2.2	0.028322
160	-2.1	0.031996
160	-2	0.034079
160	-1.9	0.034587
160	-1.8	0.034813
160	-1.7	0.035578
160	-1.6	0.036211
160	-1.5	0.035655
160	-1.4	0.034324
160	-1.3	0.030635
160	-1.2	0.024594
160	-1.1	0.024937
160	-1	0.028801
160	-0.9	0.03639
160	-0.8	0.046236
160	-0.7	0.05399
160	-0.6	0.058628
160	-0.5	0.058774
160	-0.4	0.055644
160	-0.3	0.05139
160	-0.2	0.039328
160	-0.1	0.02932
160	0	0.022055
160	0.1	0.016486
160	0.2	0.012822
160	0.3	0.013213
160	0.4	0.016122
160	0.5	0.020402
160	0.6	0.026807
160	0.7	0.032959
160	0.8	0.039183
160	0.9	0.045034
160	1	0.047658
160	1.1	0.04878
160	1.2	0.048891
160	1.3	0.047413
160	1.4	0.044988
160	1.5	0.042735
160	1.6	0.038394
160	1.7	0.036004
160	1.8	0.033413
160	1.9	0.030862
160	2	0.029177
160	2.1	0.028719
160	2.2	0.028206
160	2.3	0.027357
160	2.4	0.026486
160	2.5	0.025332
160	2.6	0.023605
160	2.7	0.020371
160	2.8	0.018944
160	2.9	0.016975
160	3	0.013397
160	3.1	0.012182
160	3.2	0.0096096
160	3.3	0.0091195
160	3.4	0.0092147
160	3.5	0.0096934
160	3.6	0.0099711
160	3.7	0.0095995
160	3.8	0.0093471
160	3.9	0.0081142
160	4	0.0080863
170	-4	0.0078613
170	-3.9	0.0093367
170	-3.8	0.0095523
170	-3.7	0.0098193
170	-3.6	0.0083556
170	-3.5	0.0073448
170	-3.4	0.0065368
170	-3.3	0.0076085
170	-3.2	0.0089351
170	-3.1	0.010058
170	-3	0.010326
170	-2.9	0.0095844
170	-2.8	0.0086968
170	-2.7	0.010644
170	-2.6	0.013403
170	-2.5	0.019429
170	-2.4	0.023317
170	-2.3	0.026645
170	-2.2	0.027951
170	-2.1	0.028736
170	-2	0.029538
170	-1.9	0.031321
170	-1.8	0.033477
170	-1.7	0.0375
170	-1.6	0.038256
170	-1.5	0.037516
170	-1.4	0.034157
170	-1.3	0.025704
170	-1.2	0.02123
170	-1.1	0.021128
170	-1	0.026689
170	-0.9	0.035449
170	-0.8	0.047189
170	-0.7	0.055474
170	-0.6	0.058903
170	-0.5	0.058131
170	-0.4	0.053825
170	-0.3	0.04587
170	-0.2	0.038213
170	-0.1	0.028049
170	0	0.021154
170	0.1	0.017325
170	0.2	0.014443
170	0.3	0.016419
170	0.4	0.019457
170	0.5	0.024546
170	0.6	0.026995
170	0.7	0.031602
170	0.8	0.038706
170	0.9	0.044246
170	1	0.046746
170	1.1	0.047658
170	1.2	0.048006
170	1.3	0.045958
170	1.4	0.043443
170	1.5	0.03884
170	1.6	0.035156
170	1.7	0.031173
170	1.8	0.029914
170	1.9	0.028075
170	2	0.028107
170	2.1	0.028482
170	2.2	0.028439
170	2.3	0.026542
170	2.4	0.025432
170	2.5	0.024769
170	2.6	0.022777
170	2.7	0.021164
170	2.8	0.019898
170	2.9	0.01945
170	3	0.017998
170	3.1	0.016026
170	3.2	0.013881
170	3.3	0.011088
170	3.4	0.010328
170	3.5	0.0099126
170	3.6	0.010403
170	3.7	0.011496
170	3.8	0.011183
170	3.9	0.011375
170	4	0.011074
180	-4	0.0076888
180	-3.9	0.0087154
180	-3.8	0.010186
180	-3.7	0.011498
180	-3.6	0.011262
180	-3.5	0.010694
180	-3.4	0.010343
180	-3.3	0.0090751
180	-3.2	0.0095303
180	-3.1	0.0098734
180	-3	0.010471
180	-2.9	0.011365
180	-2.8	0.011441
180	-2.7	0.013041
180	-2.6	0.015224
180	-2.5	0.017402
180	-2.4	0.023524
180	-2.3	0.026283
180	-2.2	0.028665
180	-2.1	0.032405
180	-2	0.033653
180	-1.9	0.034834
180	-1.8	0.035643
180	-1.7	0.035544
180	-1.6	0.034715
180	-1.5	0.032519
180	-1.4	0.029801
180	-1.3	0.02603
180	-1.2	0.024354
180	-1.1	0.025483
180	-1	0.028624
180	-0.9	0.034988
180	-0.8	0.045594
180	-0.7	0.050355
180	-0.6	0.053433
180	-0.5	0.054126
180	-0.4	0.051654
180	-0.3	0.047747
180	-0.2	0.040641
180	-0.1	0.032371
180	0	0.026303
180	0.1	0.022206
180	0.2	0.016513
180	0.3	0.016348
180	0.4	0.017746
180	0.5	0.022132
180	0.6	0.024892
180	0.7	0.033019
180	0.8	0.038133
180	0.9	0.043933
180	1	0.048389
180	1.1	0.051795
180	1.2	0.052959
180	1.3	0.051937
180	1.4	0.047244
180	1.5	0.044026
180	1.6	0.038034
180	1.7	0.03629
180	1.8	0.033609
180	1.9	0.034118
180	2	0.03552
180	2.1	0.036013
180	2.2	0.035621
180	2.3	0.032312
180	2.4	0.027392
180	2.5	0.024377
180	2.6	0.022005
180	2.7	0.019375
180	2.8	0.018577
180	2.9	0.017973
180	3	0.017471
180	3.1	0.015088
180	3.2	0.012545
180	3.3	0.0093971
180	3.4	0.0079533
180	3.5	0.006893
180	3.6	0.0071146
180	3.7	0.0072406
180	3.8	0.0071304
180	3.9	0.0073228
180	4	0.0071711
 
Uniformity Ratio =0.7719
