14-Dec-2017
9:48
TXR  007955 RM428 R24
33511B Function Generator
SN =Agilent Technologies,33511B,MY52301476,3.05-1.19-2.00-52-00
freq =+9.260000000000000E+06
burstmode =TRIG
burstN =+6.000000000000000E+01
voltage =+1.5000000000000E-01
 
DSO-X 2022A Oscilloscope
SN =AGILENT TECHNOLOGIES,DSO-X 2022A,MY54310921,02.41.2015102200
probe =+1.0000000E+00
scale =+500.0E-09
position =+19.900000E-06
range =+1.60E+00
units =VOLT
points =+2000
pointmode =NORM
format =BYTE
acqtype =NORM
trigsource =EXT
coupling =AC
 
-180	-4	0.0089568
-180	-3.9	0.0073865
-180	-3.8	0.0066057
-180	-3.7	0.008223
-180	-3.6	0.010089
-180	-3.5	0.012502
-180	-3.4	0.01283
-180	-3.3	0.012042
-180	-3.2	0.0095201
-180	-3.1	0.0069561
-180	-3	0.006893
-180	-2.9	0.0085393
-180	-2.8	0.01085
-180	-2.7	0.011415
-180	-2.6	0.0099776
-180	-2.5	0.0095438
-180	-2.4	0.011799
-180	-2.3	0.017362
-180	-2.2	0.02134
-180	-2.1	0.026255
-180	-2	0.030491
-180	-1.9	0.031807
-180	-1.8	0.032854
-180	-1.7	0.033458
-180	-1.6	0.034655
-180	-1.5	0.036348
-180	-1.4	0.03787
-180	-1.3	0.036651
-180	-1.2	0.033314
-180	-1.1	0.027696
-180	-1	0.023187
-180	-0.9	0.024703
-180	-0.8	0.033865
-180	-0.7	0.041723
-180	-0.6	0.051303
-180	-0.5	0.055089
-180	-0.4	0.058154
-180	-0.3	0.056357
-180	-0.2	0.049909
-180	-0.1	0.041558
-180	0	0.032839
-180	0.1	0.023595
-180	0.2	0.019388
-180	0.3	0.015856
-180	0.4	0.014012
-180	0.5	0.012432
-180	0.6	0.013633
-180	0.7	0.018999
-180	0.8	0.024873
-180	0.9	0.030119
-180	1	0.036636
-180	1.1	0.041318
-180	1.2	0.044494
-180	1.3	0.044659
-180	1.4	0.044142
-180	1.5	0.041637
-180	1.6	0.038429
-180	1.7	0.033988
-180	1.8	0.030703
-180	1.9	0.029619
-180	2	0.029156
-180	2.1	0.028699
-180	2.2	0.028843
-180	2.3	0.029048
-180	2.4	0.029123
-180	2.5	0.027213
-180	2.6	0.024714
-180	2.7	0.022031
-180	2.8	0.020418
-180	2.9	0.018753
-180	3	0.017489
-180	3.1	0.015757
-180	3.2	0.014059
-180	3.3	0.011883
-180	3.4	0.010045
-180	3.5	0.0086053
-180	3.6	0.0088825
-180	3.7	0.0094314
-180	3.8	0.0098308
-180	3.9	0.0089658
-180	4	0.0079207
-170	-4	0.0076699
-170	-3.9	0.0071801
-170	-3.8	0.008012
-170	-3.7	0.0091531
-170	-3.6	0.010289
-170	-3.5	0.010406
-170	-3.4	0.010164
-170	-3.3	0.0092515
-170	-3.2	0.0088989
-170	-3.1	0.0086708
-170	-3	0.009043
-170	-2.9	0.0092305
-170	-2.8	0.0091177
-170	-2.7	0.0089442
-170	-2.6	0.0095759
-170	-2.5	0.01258
-170	-2.4	0.015224
-170	-2.3	0.020532
-170	-2.2	0.024189
-170	-2.1	0.026716
-170	-2	0.028525
-170	-1.9	0.030593
-170	-1.8	0.032188
-170	-1.7	0.033841
-170	-1.6	0.036227
-170	-1.5	0.03795
-170	-1.4	0.037591
-170	-1.3	0.033734
-170	-1.2	0.029743
-170	-1.1	0.025195
-170	-1	0.02384
-170	-0.9	0.027513
-170	-0.8	0.038465
-170	-0.7	0.046741
-170	-0.6	0.053477
-170	-0.5	0.05851
-170	-0.4	0.060187
-170	-0.3	0.057782
-170	-0.2	0.050731
-170	-0.1	0.04287
-170	0	0.035184
-170	0.1	0.02684
-170	0.2	0.020632
-170	0.3	0.016388
-170	0.4	0.015189
-170	0.5	0.014712
-170	0.6	0.016349
-170	0.7	0.020724
-170	0.8	0.02584
-170	0.9	0.03346
-170	1	0.038705
-170	1.1	0.043816
-170	1.2	0.04629
-170	1.3	0.046394
-170	1.4	0.046254
-170	1.5	0.044116
-170	1.6	0.04054
-170	1.7	0.036232
-170	1.8	0.0345
-170	1.9	0.033494
-170	2	0.032694
-170	2.1	0.031692
-170	2.2	0.0318
-170	2.3	0.032236
-170	2.4	0.032123
-170	2.5	0.029009
-170	2.6	0.026447
-170	2.7	0.024298
-170	2.8	0.022284
-170	2.9	0.020897
-170	3	0.018627
-170	3.1	0.016732
-170	3.2	0.015558
-170	3.3	0.014736
-170	3.4	0.011862
-170	3.5	0.0093124
-170	3.6	0.0085996
-170	3.7	0.0090964
-170	3.8	0.01006
-170	3.9	0.0098324
-170	4	0.0090555
-160	-4	0.0069188
-160	-3.9	0.0071282
-160	-3.8	0.0089442
-160	-3.7	0.010271
-160	-3.6	0.011046
-160	-3.5	0.011232
-160	-3.4	0.010074
-160	-3.3	0.0089532
-160	-3.2	0.0084842
-160	-3.1	0.0082427
-160	-3	0.009428
-160	-2.9	0.009924
-160	-2.8	0.010132
-160	-2.7	0.01007
-160	-2.6	0.01097
-160	-2.5	0.013303
-160	-2.4	0.017507
-160	-2.3	0.020494
-160	-2.2	0.025666
-160	-2.1	0.028019
-160	-2	0.029539
-160	-1.9	0.03052
-160	-1.8	0.031646
-160	-1.7	0.034598
-160	-1.6	0.036462
-160	-1.5	0.037091
-160	-1.4	0.036531
-160	-1.3	0.033381
-160	-1.2	0.028785
-160	-1.1	0.025232
-160	-1	0.025302
-160	-0.9	0.031281
-160	-0.8	0.040533
-160	-0.7	0.05004
-160	-0.6	0.056111
-160	-0.5	0.061281
-160	-0.4	0.061304
-160	-0.3	0.056179
-160	-0.2	0.049436
-160	-0.1	0.039563
-160	0	0.032592
-160	0.1	0.022564
-160	0.2	0.018212
-160	0.3	0.015496
-160	0.4	0.014055
-160	0.5	0.013481
-160	0.6	0.015652
-160	0.7	0.022609
-160	0.8	0.029681
-160	0.9	0.039049
-160	1	0.042657
-160	1.1	0.047056
-160	1.2	0.047821
-160	1.3	0.046737
-160	1.4	0.045137
-160	1.5	0.042223
-160	1.6	0.039165
-160	1.7	0.036456
-160	1.8	0.035599
-160	1.9	0.034875
-160	2	0.03286
-160	2.1	0.031538
-160	2.2	0.030542
-160	2.3	0.030013
-160	2.4	0.028944
-160	2.5	0.027674
-160	2.6	0.025447
-160	2.7	0.02433
-160	2.8	0.022594
-160	2.9	0.02082
-160	3	0.017978
-160	3.1	0.016289
-160	3.2	0.015114
-160	3.3	0.013151
-160	3.4	0.010471
-160	3.5	0.0086315
-160	3.6	0.0079166
-160	3.7	0.0079105
-160	3.8	0.009213
-160	3.9	0.009009
-160	4	0.0091142
-150	-4	0.007467
-150	-3.9	0.0072183
-150	-3.8	0.0073755
-150	-3.7	0.0085544
-150	-3.6	0.0098258
-150	-3.5	0.009613
-150	-3.4	0.0088643
-150	-3.3	0.0077932
-150	-3.2	0.0076085
-150	-3.1	0.0085676
-150	-3	0.010235
-150	-2.9	0.01146
-150	-2.8	0.011004
-150	-2.7	0.010424
-150	-2.6	0.011399
-150	-2.5	0.013991
-150	-2.4	0.019388
-150	-2.3	0.025043
-150	-2.2	0.028883
-150	-2.1	0.029821
-150	-2	0.029985
-150	-1.9	0.029812
-150	-1.8	0.029975
-150	-1.7	0.03177
-150	-1.6	0.035094
-150	-1.5	0.036783
-150	-1.4	0.036491
-150	-1.3	0.033593
-150	-1.2	0.028299
-150	-1.1	0.025265
-150	-1	0.026729
-150	-0.9	0.032614
-150	-0.8	0.042768
-150	-0.7	0.052986
-150	-0.6	0.058333
-150	-0.5	0.062403
-150	-0.4	0.061608
-150	-0.3	0.055
-150	-0.2	0.047082
-150	-0.1	0.037879
-150	0	0.031203
-150	0.1	0.022969
-150	0.2	0.018827
-150	0.3	0.015863
-150	0.4	0.015459
-150	0.5	0.017095
-150	0.6	0.021483
-150	0.7	0.030221
-150	0.8	0.036126
-150	0.9	0.041869
-150	1	0.045808
-150	1.1	0.048297
-150	1.2	0.048809
-150	1.3	0.04828
-150	1.4	0.04594
-150	1.5	0.042662
-150	1.6	0.040325
-150	1.7	0.036236
-150	1.8	0.03432
-150	1.9	0.032737
-150	2	0.031918
-150	2.1	0.031929
-150	2.2	0.032755
-150	2.3	0.032845
-150	2.4	0.031304
-150	2.5	0.029234
-150	2.6	0.025526
-150	2.7	0.023233
-150	2.8	0.021134
-150	2.9	0.018783
-150	3	0.017976
-150	3.1	0.016908
-150	3.2	0.015483
-150	3.3	0.013529
-150	3.4	0.011686
-150	3.5	0.010023
-150	3.6	0.0092182
-150	3.7	0.0096633
-150	3.8	0.0093488
-150	3.9	0.0093263
-150	4	0.009255
-140	-4	0.0064019
-140	-3.9	0.0066884
-140	-3.8	0.0083324
-140	-3.7	0.01
-140	-3.6	0.011072
-140	-3.5	0.01021
-140	-3.4	0.0085317
-140	-3.3	0.0063842
-140	-3.2	0.0071123
-140	-3.1	0.008526
-140	-3	0.011454
-140	-2.9	0.01305
-140	-2.8	0.012968
-140	-2.7	0.011828
-140	-2.6	0.011289
-140	-2.5	0.014024
-140	-2.4	0.019388
-140	-2.3	0.025043
-140	-2.2	0.028519
-140	-2.1	0.032259
-140	-2	0.033069
-140	-1.9	0.032734
-140	-1.8	0.031912
-140	-1.7	0.031687
-140	-1.6	0.032567
-140	-1.5	0.034433
-140	-1.4	0.034414
-140	-1.3	0.032883
-140	-1.2	0.030027
-140	-1.1	0.027712
-140	-1	0.031697
-140	-0.9	0.03662
-140	-0.8	0.046952
-140	-0.7	0.055364
-140	-0.6	0.061089
-140	-0.5	0.062078
-140	-0.4	0.059338
-140	-0.3	0.050467
-140	-0.2	0.045267
-140	-0.1	0.036164
-140	0	0.027946
-140	0.1	0.021984
-140	0.2	0.017858
-140	0.3	0.015213
-140	0.4	0.014646
-140	0.5	0.017045
-140	0.6	0.025124
-140	0.7	0.030314
-140	0.8	0.040083
-140	0.9	0.045446
-140	1	0.050067
-140	1.1	0.051116
-140	1.2	0.050815
-140	1.3	0.049026
-140	1.4	0.046208
-140	1.5	0.042717
-140	1.6	0.040721
-140	1.7	0.038745
-140	1.8	0.038103
-140	1.9	0.036502
-140	2	0.034617
-140	2.1	0.033207
-140	2.2	0.031922
-140	2.3	0.031076
-140	2.4	0.029729
-140	2.5	0.02822
-140	2.6	0.027019
-140	2.7	0.024714
-140	2.8	0.02202
-140	2.9	0.018996
-140	3	0.016278
-140	3.1	0.01398
-140	3.2	0.011322
-140	3.3	0.010326
-140	3.4	0.0094844
-140	3.5	0.0095591
-140	3.6	0.009613
-140	3.7	0.0091461
-140	3.8	0.0078242
-140	3.9	0.0070047
-140	4	0.0069977
-130	-4	0.0074236
-130	-3.9	0.0073029
-130	-3.8	0.0077014
-130	-3.7	0.0085298
-130	-3.6	0.0092235
-130	-3.5	0.0088825
-130	-3.4	0.0082525
-130	-3.3	0.007347
-130	-3.2	0.0083363
-130	-3.1	0.010741
-130	-3	0.012545
-130	-2.9	0.013845
-130	-2.8	0.013431
-130	-2.7	0.012999
-130	-2.6	0.013213
-130	-2.5	0.01685
-130	-2.4	0.020274
-130	-2.3	0.026584
-130	-2.2	0.030405
-130	-2.1	0.031382
-130	-2	0.03184
-130	-1.9	0.03128
-130	-1.8	0.030381
-130	-1.7	0.030569
-130	-1.6	0.031795
-130	-1.5	0.032476
-130	-1.4	0.032161
-130	-1.3	0.030716
-130	-1.2	0.028958
-130	-1.1	0.029557
-130	-1	0.032967
-130	-0.9	0.040921
-130	-0.8	0.048829
-130	-0.7	0.05627
-130	-0.6	0.059733
-130	-0.5	0.060476
-130	-0.4	0.057127
-130	-0.3	0.05228
-130	-0.2	0.044199
-130	-0.1	0.037393
-130	0	0.028626
-130	0.1	0.021509
-130	0.2	0.017781
-130	0.3	0.015214
-130	0.4	0.017678
-130	0.5	0.021968
-130	0.6	0.02831
-130	0.7	0.03548
-130	0.8	0.041134
-130	0.9	0.046977
-130	1	0.050294
-130	1.1	0.050552
-130	1.2	0.049252
-130	1.3	0.048107
-130	1.4	0.04549
-130	1.5	0.043003
-130	1.6	0.040912
-130	1.7	0.03906
-130	1.8	0.036892
-130	1.9	0.035001
-130	2	0.033776
-130	2.1	0.032446
-130	2.2	0.031931
-130	2.3	0.030898
-130	2.4	0.028384
-130	2.5	0.025823
-130	2.6	0.022965
-130	2.7	0.021068
-130	2.8	0.017743
-130	2.9	0.016027
-130	3	0.014662
-130	3.1	0.013004
-130	3.2	0.011515
-130	3.3	0.010005
-130	3.4	0.0090626
-130	3.5	0.0089405
-130	3.6	0.0091796
-130	3.7	0.0088552
-130	3.8	0.0079574
-130	3.9	0.0074583
-130	4	0.0071304
-120	-4	0.007653
-120	-3.9	0.0087172
-120	-3.8	0.0091284
-120	-3.7	0.0090484
-120	-3.6	0.0079105
-120	-3.5	0.0075145
-120	-3.4	0.0068601
-120	-3.3	0.0082112
-120	-3.2	0.010312
-120	-3.1	0.011168
-120	-3	0.011762
-120	-2.9	0.011721
-120	-2.8	0.011752
-120	-2.7	0.013485
-120	-2.6	0.017757
-120	-2.5	0.022234
-120	-2.4	0.025618
-120	-2.3	0.026815
-120	-2.2	0.028133
-120	-2.1	0.028869
-120	-2	0.029716
-120	-1.9	0.030713
-120	-1.8	0.032995
-120	-1.7	0.034583
-120	-1.6	0.034864
-120	-1.5	0.033107
-120	-1.4	0.031329
-120	-1.3	0.028197
-120	-1.2	0.027282
-120	-1.1	0.03034
-120	-1	0.036451
-120	-0.9	0.047034
-120	-0.8	0.056097
-120	-0.7	0.059704
-120	-0.6	0.061344
-120	-0.5	0.059017
-120	-0.4	0.055467
-120	-0.3	0.047903
-120	-0.2	0.040579
-120	-0.1	0.030251
-120	0	0.024075
-120	0.1	0.020431
-120	0.2	0.01834
-120	0.3	0.018227
-120	0.4	0.020387
-120	0.5	0.025035
-120	0.6	0.030186
-120	0.7	0.037466
-120	0.8	0.043765
-120	0.9	0.047891
-120	1	0.050685
-120	1.1	0.051177
-120	1.2	0.050707
-120	1.3	0.049874
-120	1.4	0.047797
-120	1.5	0.044144
-120	1.6	0.040731
-120	1.7	0.039212
-120	1.8	0.037935
-120	1.9	0.036428
-120	2	0.035128
-120	2.1	0.035251
-120	2.2	0.035174
-120	2.3	0.033789
-120	2.4	0.030858
-120	2.5	0.028161
-120	2.6	0.025801
-120	2.7	0.023263
-120	2.8	0.021288
-120	2.9	0.019457
-120	3	0.017808
-120	3.1	0.016854
-120	3.2	0.014235
-120	3.3	0.013015
-120	3.4	0.010561
-120	3.5	0.01001
-120	3.6	0.010287
-120	3.7	0.010432
-120	3.8	0.010151
-120	3.9	0.0091778
-120	4	0.0083304
-110	-4	0.0077599
-110	-3.9	0.0090608
-110	-3.8	0.0098652
-110	-3.7	0.009778
-110	-3.6	0.0089568
-110	-3.5	0.0077328
-110	-3.4	0.0072362
-110	-3.3	0.0090769
-110	-3.2	0.01204
-110	-3.1	0.012914
-110	-3	0.013443
-110	-2.9	0.012804
-110	-2.8	0.012749
-110	-2.7	0.015148
-110	-2.6	0.019327
-110	-2.5	0.025053
-110	-2.4	0.027315
-110	-2.3	0.02926
-110	-2.2	0.029244
-110	-2.1	0.02777
-110	-2	0.027382
-110	-1.9	0.027763
-110	-1.8	0.02947
-110	-1.7	0.032012
-110	-1.6	0.033311
-110	-1.5	0.032396
-110	-1.4	0.028932
-110	-1.3	0.025698
-110	-1.2	0.024667
-110	-1.1	0.031283
-110	-1	0.034952
-110	-0.9	0.048097
-110	-0.8	0.055341
-110	-0.7	0.059108
-110	-0.6	0.06096
-110	-0.5	0.058701
-110	-0.4	0.053749
-110	-0.3	0.046193
-110	-0.2	0.040304
-110	-0.1	0.028532
-110	0	0.022798
-110	0.1	0.018709
-110	0.2	0.017729
-110	0.3	0.019904
-110	0.4	0.023278
-110	0.5	0.029018
-110	0.6	0.037029
-110	0.7	0.040249
-110	0.8	0.045973
-110	0.9	0.049668
-110	1	0.051169
-110	1.1	0.050359
-110	1.2	0.048641
-110	1.3	0.046823
-110	1.4	0.043724
-110	1.5	0.039757
-110	1.6	0.038431
-110	1.7	0.036823
-110	1.8	0.036543
-110	1.9	0.035009
-110	2	0.03423
-110	2.1	0.0332
-110	2.2	0.032217
-110	2.3	0.029482
-110	2.4	0.026817
-110	2.5	0.024323
-110	2.6	0.023078
-110	2.7	0.020939
-110	2.8	0.019038
-110	2.9	0.017717
-110	3	0.016275
-110	3.1	0.014535
-110	3.2	0.013639
-110	3.3	0.012051
-110	3.4	0.010778
-110	3.5	0.011018
-110	3.6	0.011529
-110	3.7	0.011184
-110	3.8	0.010039
-110	3.9	0.0092235
-110	4	0.0088789
-100	-4	0.0086278
-100	-3.9	0.0094451
-100	-3.8	0.009715
-100	-3.7	0.0089261
-100	-3.6	0.0084766
-100	-3.5	0.0074908
-100	-3.4	0.008272
-100	-3.3	0.010314
-100	-3.2	0.011834
-100	-3.1	0.012417
-100	-3	0.012854
-100	-2.9	0.013473
-100	-2.8	0.015601
-100	-2.7	0.017606
-100	-2.6	0.021132
-100	-2.5	0.02447
-100	-2.4	0.02675
-100	-2.3	0.027861
-100	-2.2	0.028514
-100	-2.1	0.0282
-100	-2	0.028684
-100	-1.9	0.029609
-100	-1.8	0.030354
-100	-1.7	0.03169
-100	-1.6	0.031658
-100	-1.5	0.029865
-100	-1.4	0.027536
-100	-1.3	0.026825
-100	-1.2	0.028196
-100	-1.1	0.03501
-100	-1	0.045985
-100	-0.9	0.050348
-100	-0.8	0.057993
-100	-0.7	0.060739
-100	-0.6	0.060623
-100	-0.5	0.057298
-100	-0.4	0.051075
-100	-0.3	0.043698
-100	-0.2	0.035246
-100	-0.1	0.027319
-100	0	0.02294
-100	0.1	0.019066
-100	0.2	0.018347
-100	0.3	0.020583
-100	0.4	0.024886
-100	0.5	0.032589
-100	0.6	0.039879
-100	0.7	0.046842
-100	0.8	0.051749
-100	0.9	0.055604
-100	1	0.055563
-100	1.1	0.053708
-100	1.2	0.050524
-100	1.3	0.047886
-100	1.4	0.04504
-100	1.5	0.042269
-100	1.6	0.041469
-100	1.7	0.040821
-100	1.8	0.039431
-100	1.9	0.036954
-100	2	0.035729
-100	2.1	0.033733
-100	2.2	0.03117
-100	2.3	0.029338
-100	2.4	0.027761
-100	2.5	0.025914
-100	2.6	0.023826
-100	2.7	0.022282
-100	2.8	0.019958
-100	2.9	0.017203
-100	3	0.015361
-100	3.1	0.013685
-100	3.2	0.011871
-100	3.3	0.010874
-100	3.4	0.010057
-100	3.5	0.0094039
-100	3.6	0.009248
-100	3.7	0.0087819
-100	3.8	0.0088843
-100	3.9	0.0087191
-100	4	0.0084728
-90	-4	0.0072851
-90	-3.9	0.0083188
-90	-3.8	0.0086315
-90	-3.7	0.0083807
-90	-3.6	0.0078201
-90	-3.5	0.0076993
-90	-3.4	0.0088661
-90	-3.3	0.010554
-90	-3.2	0.011898
-90	-3.1	0.012641
-90	-3	0.012594
-90	-2.9	0.013361
-90	-2.8	0.015386
-90	-2.7	0.019113
-90	-2.6	0.023525
-90	-2.5	0.027795
-90	-2.4	0.028949
-90	-2.3	0.0301
-90	-2.2	0.02928
-90	-2.1	0.028903
-90	-2	0.029516
-90	-1.9	0.031212
-90	-1.8	0.0342
-90	-1.7	0.034975
-90	-1.6	0.034763
-90	-1.5	0.031592
-90	-1.4	0.028218
-90	-1.3	0.028633
-90	-1.2	0.034033
-90	-1.1	0.041424
-90	-1	0.04819
-90	-0.9	0.054877
-90	-0.8	0.059096
-90	-0.7	0.060307
-90	-0.6	0.056109
-90	-0.5	0.051299
-90	-0.4	0.043175
-90	-0.3	0.035063
-90	-0.2	0.028982
-90	-0.1	0.022419
-90	0	0.020609
-90	0.1	0.02072
-90	0.2	0.022362
-90	0.3	0.027677
-90	0.4	0.034683
-90	0.5	0.040222
-90	0.6	0.044676
-90	0.7	0.048512
-90	0.8	0.052578
-90	0.9	0.053738
-90	1	0.052942
-90	1.1	0.050736
-90	1.2	0.047943
-90	1.3	0.046805
-90	1.4	0.043053
-90	1.5	0.040749
-90	1.6	0.039588
-90	1.7	0.038823
-90	1.8	0.038494
-90	1.9	0.037607
-90	2	0.03669
-90	2.1	0.034812
-90	2.2	0.032234
-90	2.3	0.030313
-90	2.4	0.026876
-90	2.5	0.024934
-90	2.6	0.023064
-90	2.7	0.021138
-90	2.8	0.019625
-90	2.9	0.01821
-90	3	0.016808
-90	3.1	0.014598
-90	3.2	0.012571
-90	3.3	0.011789
-90	3.4	0.011416
-90	3.5	0.011802
-90	3.6	0.011708
-90	3.7	0.011485
-90	3.8	0.011055
-90	3.9	0.010191
-90	4	0.009354
-80	-4	0.008654
-80	-3.9	0.0088351
-80	-3.8	0.0079126
-80	-3.7	0.0065195
-80	-3.6	0.0060355
-80	-3.5	0.0074778
-80	-3.4	0.010219
-80	-3.3	0.013277
-80	-3.2	0.014687
-80	-3.1	0.014446
-80	-3	0.013736
-80	-2.9	0.01323
-80	-2.8	0.014623
-80	-2.7	0.019333
-80	-2.6	0.023422
-80	-2.5	0.027548
-80	-2.4	0.030205
-80	-2.3	0.030249
-80	-2.2	0.029091
-80	-2.1	0.027957
-80	-2	0.027678
-80	-1.9	0.029261
-80	-1.8	0.031745
-80	-1.7	0.03278
-80	-1.6	0.032703
-80	-1.5	0.031096
-80	-1.4	0.030003
-80	-1.3	0.030822
-80	-1.2	0.037409
-80	-1.1	0.043188
-80	-1	0.050012
-80	-0.9	0.057332
-80	-0.8	0.060964
-80	-0.7	0.061981
-80	-0.6	0.058218
-80	-0.5	0.054273
-80	-0.4	0.044186
-80	-0.3	0.037191
-80	-0.2	0.029935
-80	-0.1	0.021993
-80	0	0.019011
-80	0.1	0.019717
-80	0.2	0.023165
-80	0.3	0.02831
-80	0.4	0.034899
-80	0.5	0.042747
-80	0.6	0.049403
-80	0.7	0.054179
-80	0.8	0.057216
-80	0.9	0.057692
-80	1	0.056427
-80	1.1	0.05362
-80	1.2	0.051681
-80	1.3	0.04894
-80	1.4	0.045847
-80	1.5	0.04436
-80	1.6	0.043161
-80	1.7	0.041675
-80	1.8	0.040219
-80	1.9	0.038106
-80	2	0.036316
-80	2.1	0.034226
-80	2.2	0.032951
-80	2.3	0.030641
-80	2.4	0.027994
-80	2.5	0.025863
-80	2.6	0.022034
-80	2.7	0.019877
-80	2.8	0.017561
-80	2.9	0.015932
-80	3	0.014798
-80	3.1	0.014519
-80	3.2	0.013694
-80	3.3	0.012544
-80	3.4	0.011087
-80	3.5	0.010654
-80	3.6	0.0091972
-80	3.7	0.0092392
-80	3.8	0.0090287
-80	3.9	0.0093211
-80	4	0.0092217
-70	-4	0.0073887
-70	-3.9	0.0070162
-70	-3.8	0.0068554
-70	-3.7	0.0065541
-70	-3.6	0.0069792
-70	-3.5	0.0086015
-70	-3.4	0.010037
-70	-3.3	0.011423
-70	-3.2	0.012603
-70	-3.1	0.012799
-70	-3	0.013039
-70	-2.9	0.013698
-70	-2.8	0.017373
-70	-2.7	0.020081
-70	-2.6	0.024937
-70	-2.5	0.028516
-70	-2.4	0.03091
-70	-2.3	0.03112
-70	-2.2	0.03087
-70	-2.1	0.030578
-70	-2	0.030767
-70	-1.9	0.031967
-70	-1.8	0.033736
-70	-1.7	0.034559
-70	-1.6	0.033937
-70	-1.5	0.031932
-70	-1.4	0.031425
-70	-1.3	0.034532
-70	-1.2	0.041774
-70	-1.1	0.047269
-70	-1	0.055022
-70	-0.9	0.060016
-70	-0.8	0.061474
-70	-0.7	0.059073
-70	-0.6	0.053889
-70	-0.5	0.047632
-70	-0.4	0.040898
-70	-0.3	0.029466
-70	-0.2	0.026091
-70	-0.1	0.022645
-70	0	0.021231
-70	0.1	0.023095
-70	0.2	0.02746
-70	0.3	0.03178
-70	0.4	0.040227
-70	0.5	0.045608
-70	0.6	0.049859
-70	0.7	0.05378
-70	0.8	0.056345
-70	0.9	0.055992
-70	1	0.054219
-70	1.1	0.052398
-70	1.2	0.050159
-70	1.3	0.04821
-70	1.4	0.045997
-70	1.5	0.044592
-70	1.6	0.043595
-70	1.7	0.042679
-70	1.8	0.041195
-70	1.9	0.039478
-70	2	0.038077
-70	2.1	0.036794
-70	2.2	0.035407
-70	2.3	0.032337
-70	2.4	0.030462
-70	2.5	0.027356
-70	2.6	0.024706
-70	2.7	0.021718
-70	2.8	0.019013
-70	2.9	0.017393
-70	3	0.016463
-70	3.1	0.015756
-70	3.2	0.014853
-70	3.3	0.013903
-70	3.4	0.012818
-70	3.5	0.012278
-70	3.6	0.011722
-70	3.7	0.011617
-70	3.8	0.010598
-70	3.9	0.010339
-70	4	0.010814
-60	-4	0.0090858
-60	-3.9	0.0084422
-60	-3.8	0.0072161
-60	-3.7	0.0064747
-60	-3.6	0.0067629
-60	-3.5	0.0094228
-60	-3.4	0.011997
-60	-3.3	0.013692
-60	-3.2	0.01411
-60	-3.1	0.013645
-60	-3	0.013572
-60	-2.9	0.015615
-60	-2.8	0.01913
-60	-2.7	0.023723
-60	-2.6	0.028733
-60	-2.5	0.029559
-60	-2.4	0.03026
-60	-2.3	0.030263
-60	-2.2	0.030447
-60	-2.1	0.031492
-60	-2	0.033314
-60	-1.9	0.035643
-60	-1.8	0.036045
-60	-1.7	0.034802
-60	-1.6	0.032538
-60	-1.5	0.031498
-60	-1.4	0.032535
-60	-1.3	0.039041
-60	-1.2	0.043602
-60	-1.1	0.053023
-60	-1	0.058441
-60	-0.9	0.060609
-60	-0.8	0.060753
-60	-0.7	0.058016
-60	-0.6	0.050505
-60	-0.5	0.044441
-60	-0.4	0.036329
-60	-0.3	0.028806
-60	-0.2	0.024015
-60	-0.1	0.021486
-60	0	0.02165
-60	0.1	0.023221
-60	0.2	0.027499
-60	0.3	0.034508
-60	0.4	0.039589
-60	0.5	0.047501
-60	0.6	0.051507
-60	0.7	0.055283
-60	0.8	0.057791
-60	0.9	0.0576
-60	1	0.055951
-60	1.1	0.053149
-60	1.2	0.050423
-60	1.3	0.047709
-60	1.4	0.044451
-60	1.5	0.043351
-60	1.6	0.042532
-60	1.7	0.042435
-60	1.8	0.041847
-60	1.9	0.0399
-60	2	0.03842
-60	2.1	0.035925
-60	2.2	0.032451
-60	2.3	0.029991
-60	2.4	0.027333
-60	2.5	0.02504
-60	2.6	0.02275
-60	2.7	0.021277
-60	2.8	0.018041
-60	2.9	0.015756
-60	3	0.013974
-60	3.1	0.013652
-60	3.2	0.013321
-60	3.3	0.012711
-60	3.4	0.012274
-60	3.5	0.011233
-60	3.6	0.0099565
-60	3.7	0.008469
-60	3.8	0.0086577
-60	3.9	0.0087708
-60	4	0.009532
-50	-4	0.0085051
-50	-3.9	0.0087616
-50	-3.8	0.0080683
-50	-3.7	0.0080462
-50	-3.6	0.0080743
-50	-3.5	0.0092182
-50	-3.4	0.00988
-50	-3.3	0.011551
-50	-3.2	0.012739
-50	-3.1	0.014077
-50	-3	0.016615
-50	-2.9	0.019458
-50	-2.8	0.021498
-50	-2.7	0.024554
-50	-2.6	0.026996
-50	-2.5	0.028482
-50	-2.4	0.03023
-50	-2.3	0.032142
-50	-2.2	0.032591
-50	-2.1	0.033103
-50	-2	0.034029
-50	-1.9	0.034608
-50	-1.8	0.034556
-50	-1.7	0.034099
-50	-1.6	0.032023
-50	-1.5	0.031587
-50	-1.4	0.03311
-50	-1.3	0.039367
-50	-1.2	0.047571
-50	-1.1	0.054016
-50	-1	0.057356
-50	-0.9	0.060161
-50	-0.8	0.059288
-50	-0.7	0.053905
-50	-0.6	0.048539
-50	-0.5	0.041893
-50	-0.4	0.033422
-50	-0.3	0.028352
-50	-0.2	0.02379
-50	-0.1	0.021196
-50	0	0.021679
-50	0.1	0.024474
-50	0.2	0.029667
-50	0.3	0.036907
-50	0.4	0.044433
-50	0.5	0.051234
-50	0.6	0.056586
-50	0.7	0.059086
-50	0.8	0.060611
-50	0.9	0.06015
-50	1	0.058039
-50	1.1	0.054356
-50	1.2	0.052079
-50	1.3	0.04859
-50	1.4	0.046165
-50	1.5	0.043763
-50	1.6	0.042775
-50	1.7	0.042129
-50	1.8	0.04113
-50	1.9	0.03965
-50	2	0.036588
-50	2.1	0.033476
-50	2.2	0.030682
-50	2.3	0.027674
-50	2.4	0.024368
-50	2.5	0.021833
-50	2.6	0.02082
-50	2.7	0.019526
-50	2.8	0.017239
-50	2.9	0.014875
-50	3	0.013135
-50	3.1	0.012135
-50	3.2	0.010943
-50	3.3	0.010676
-50	3.4	0.010127
-50	3.5	0.010502
-50	3.6	0.010331
-50	3.7	0.0095844
-50	3.8	0.0083401
-50	3.9	0.0079126
-50	4	0.0071981
-40	-4	0.0090341
-40	-3.9	0.008311
-40	-3.8	0.0077849
-40	-3.7	0.0085639
-40	-3.6	0.0094673
-40	-3.5	0.010222
-40	-3.4	0.011371
-40	-3.3	0.011734
-40	-3.2	0.012442
-40	-3.1	0.013398
-40	-3	0.014728
-40	-2.9	0.017721
-40	-2.8	0.022934
-40	-2.7	0.025706
-40	-2.6	0.027864
-40	-2.5	0.029253
-40	-2.4	0.028778
-40	-2.3	0.027785
-40	-2.2	0.028989
-40	-2.1	0.030702
-40	-2	0.034598
-40	-1.9	0.035719
-40	-1.8	0.035354
-40	-1.7	0.032683
-40	-1.6	0.030254
-40	-1.5	0.030377
-40	-1.4	0.034941
-40	-1.3	0.040312
-40	-1.2	0.046021
-40	-1.1	0.054039
-40	-1	0.058986
-40	-0.9	0.060508
-40	-0.8	0.058366
-40	-0.7	0.053201
-40	-0.6	0.047438
-40	-0.5	0.038761
-40	-0.4	0.028383
-40	-0.3	0.02347
-40	-0.2	0.019851
-40	-0.1	0.019221
-40	0	0.019886
-40	0.1	0.024343
-40	0.2	0.028771
-40	0.3	0.038163
-40	0.4	0.045319
-40	0.5	0.049836
-40	0.6	0.056477
-40	0.7	0.058531
-40	0.8	0.058908
-40	0.9	0.057556
-40	1	0.053282
-40	1.1	0.050268
-40	1.2	0.046921
-40	1.3	0.04473
-40	1.4	0.043567
-40	1.5	0.043187
-40	1.6	0.043073
-40	1.7	0.042652
-40	1.8	0.041586
-40	1.9	0.039798
-40	2	0.036677
-40	2.1	0.034719
-40	2.2	0.03289
-40	2.3	0.029309
-40	2.4	0.026865
-40	2.5	0.024778
-40	2.6	0.023113
-40	2.7	0.020348
-40	2.8	0.018766
-40	2.9	0.017078
-40	3	0.014215
-40	3.1	0.012739
-40	3.2	0.011168
-40	3.3	0.010695
-40	3.4	0.010252
-40	3.5	0.010557
-40	3.6	0.011495
-40	3.7	0.011545
-40	3.8	0.010492
-40	3.9	0.0099484
-40	4	0.0092165
-30	-4	0.0094022
-30	-3.9	0.0090591
-30	-3.8	0.0083266
-30	-3.7	0.0071259
-30	-3.6	0.0075274
-30	-3.5	0.0099305
-30	-3.4	0.012495
-30	-3.3	0.01301
-30	-3.2	0.012737
-30	-3.1	0.01217
-30	-3	0.013414
-30	-2.9	0.016951
-30	-2.8	0.021802
-30	-2.7	0.026688
-30	-2.6	0.028527
-30	-2.5	0.029147
-30	-2.4	0.028748
-30	-2.3	0.028926
-30	-2.2	0.029905
-30	-2.1	0.033208
-30	-2	0.034859
-30	-1.9	0.035666
-30	-1.8	0.034823
-30	-1.7	0.03205
-30	-1.6	0.030292
-30	-1.5	0.030313
-30	-1.4	0.036066
-30	-1.3	0.043128
-30	-1.2	0.047692
-30	-1.1	0.056909
-30	-1	0.061076
-30	-0.9	0.061296
-30	-0.8	0.056515
-30	-0.7	0.051288
-30	-0.6	0.042651
-30	-0.5	0.034094
-30	-0.4	0.024984
-30	-0.3	0.022466
-30	-0.2	0.019341
-30	-0.1	0.019971
-30	0	0.022508
-30	0.1	0.025507
-30	0.2	0.032103
-30	0.3	0.039093
-30	0.4	0.045648
-30	0.5	0.050772
-30	0.6	0.055005
-30	0.7	0.05713
-30	0.8	0.057007
-30	0.9	0.054557
-30	1	0.052224
-30	1.1	0.047942
-30	1.2	0.045926
-30	1.3	0.042304
-30	1.4	0.040393
-30	1.5	0.039297
-30	1.6	0.039316
-30	1.7	0.039861
-30	1.8	0.040286
-30	1.9	0.038355
-30	2	0.036551
-30	2.1	0.034327
-30	2.2	0.030877
-30	2.3	0.027417
-30	2.4	0.024471
-30	2.5	0.023364
-30	2.6	0.022108
-30	2.7	0.020495
-30	2.8	0.019657
-30	2.9	0.017891
-30	3	0.015554
-30	3.1	0.014055
-30	3.2	0.013516
-30	3.3	0.013527
-30	3.4	0.0143
-30	3.5	0.014442
-30	3.6	0.013891
-30	3.7	0.01227
-30	3.8	0.010574
-30	3.9	0.010137
-30	4	0.0099387
-20	-4	0.0098242
-20	-3.9	0.0083884
-20	-3.8	0.0065294
-20	-3.7	0.0061311
-20	-3.6	0.0077056
-20	-3.5	0.010529
-20	-3.4	0.012551
-20	-3.3	0.013209
-20	-3.2	0.011932
-20	-3.1	0.01108
-20	-3	0.011593
-20	-2.9	0.014467
-20	-2.8	0.019126
-20	-2.7	0.024129
-20	-2.6	0.026867
-20	-2.5	0.028814
-20	-2.4	0.029283
-20	-2.3	0.029439
-20	-2.2	0.029355
-20	-2.1	0.030003
-20	-2	0.030843
-20	-1.9	0.032902
-20	-1.8	0.033304
-20	-1.7	0.032872
-20	-1.6	0.031086
-20	-1.5	0.030406
-20	-1.4	0.032183
-20	-1.3	0.040372
-20	-1.2	0.046171
-20	-1.1	0.054684
-20	-1	0.05872
-20	-0.9	0.059571
-20	-0.8	0.057032
-20	-0.7	0.051013
-20	-0.6	0.039775
-20	-0.5	0.035154
-20	-0.4	0.025425
-20	-0.3	0.019929
-20	-0.2	0.017334
-20	-0.1	0.016197
-20	0	0.016829
-20	0.1	0.020328
-20	0.2	0.027087
-20	0.3	0.03422
-20	0.4	0.041002
-20	0.5	0.048009
-20	0.6	0.053619
-20	0.7	0.056096
-20	0.8	0.056542
-20	0.9	0.054979
-20	1	0.05204
-20	1.1	0.0481
-20	1.2	0.04599
-20	1.3	0.043396
-20	1.4	0.041423
-20	1.5	0.040046
-20	1.6	0.03865
-20	1.7	0.036836
-20	1.8	0.035744
-20	1.9	0.034569
-20	2	0.032662
-20	2.1	0.031483
-20	2.2	0.029752
-20	2.3	0.026848
-20	2.4	0.024441
-20	2.5	0.022562
-20	2.6	0.019612
-20	2.7	0.017
-20	2.8	0.015086
-20	2.9	0.014317
-20	3	0.013087
-20	3.1	0.012716
-20	3.2	0.011522
-20	3.3	0.01076
-20	3.4	0.0097
-20	3.5	0.0087561
-20	3.6	0.0079979
-20	3.7	0.0079146
-20	3.8	0.0078222
-20	3.9	0.0077703
-20	4	0.0083884
-10	-4	0.0069931
-10	-3.9	0.0066617
-10	-3.8	0.006181
-10	-3.7	0.0069281
-10	-3.6	0.0079391
-10	-3.5	0.0093263
-10	-3.4	0.010232
-10	-3.3	0.010401
-10	-3.2	0.010441
-10	-3.1	0.010205
-10	-3	0.011605
-10	-2.9	0.013935
-10	-2.8	0.018053
-10	-2.7	0.02173
-10	-2.6	0.025579
-10	-2.5	0.027801
-10	-2.4	0.028767
-10	-2.3	0.029156
-10	-2.2	0.029247
-10	-2.1	0.029337
-10	-2	0.03102
-10	-1.9	0.032508
-10	-1.8	0.032738
-10	-1.7	0.030454
-10	-1.6	0.027827
-10	-1.5	0.026969
-10	-1.4	0.030832
-10	-1.3	0.037369
-10	-1.2	0.044396
-10	-1.1	0.051748
-10	-1	0.056894
-10	-0.9	0.058015
-10	-0.8	0.054293
-10	-0.7	0.051236
-10	-0.6	0.039038
-10	-0.5	0.033216
-10	-0.4	0.025498
-10	-0.3	0.020655
-10	-0.2	0.017123
-10	-0.1	0.015557
-10	0	0.016361
-10	0.1	0.018952
-10	0.2	0.026076
-10	0.3	0.031044
-10	0.4	0.041683
-10	0.5	0.045754
-10	0.6	0.051248
-10	0.7	0.055198
-10	0.8	0.054909
-10	0.9	0.053164
-10	1	0.050401
-10	1.1	0.045593
-10	1.2	0.041839
-10	1.3	0.038571
-10	1.4	0.036683
-10	1.5	0.035409
-10	1.6	0.034553
-10	1.7	0.033986
-10	1.8	0.033242
-10	1.9	0.032297
-10	2	0.031429
-10	2.1	0.030654
-10	2.2	0.028636
-10	2.3	0.026165
-10	2.4	0.023939
-10	2.5	0.0214
-10	2.6	0.018444
-10	2.7	0.016567
-10	2.8	0.014368
-10	2.9	0.013401
-10	3	0.012832
-10	3.1	0.012545
-10	3.2	0.011263
-10	3.3	0.010664
-10	3.4	0.010191
-10	3.5	0.0098094
-10	3.6	0.0083961
-10	3.7	0.0076656
-10	3.8	0.0077412
-10	3.9	0.0080863
-10	4	0.0088351
0	-4	0.008545
0	-3.9	0.0081162
0	-3.8	0.0067867
0	-3.7	0.0066106
0	-3.6	0.007085
0	-3.5	0.0085013
0	-3.4	0.010151
0	-3.3	0.010862
0	-3.2	0.011177
0	-3.1	0.010557
0	-3	0.010555
0	-2.9	0.01343
0	-2.8	0.01678
0	-2.7	0.020145
0	-2.6	0.025263
0	-2.5	0.026779
0	-2.4	0.027321
0	-2.3	0.026796
0	-2.2	0.026222
0	-2.1	0.026843
0	-2	0.028931
0	-1.9	0.030615
0	-1.8	0.031207
0	-1.7	0.030217
0	-1.6	0.026232
0	-1.5	0.024918
0	-1.4	0.027253
0	-1.3	0.033429
0	-1.2	0.039765
0	-1.1	0.050186
0	-1	0.053978
0	-0.9	0.055231
0	-0.8	0.053987
0	-0.7	0.048675
0	-0.6	0.03933
0	-0.5	0.035982
0	-0.4	0.025334
0	-0.3	0.020063
0	-0.2	0.014161
0	-0.1	0.012668
0	0	0.012662
0	0.1	0.015166
0	0.2	0.020245
0	0.3	0.027418
0	0.4	0.035164
0	0.5	0.040775
0	0.6	0.048498
0	0.7	0.051261
0	0.8	0.05267
0	0.9	0.049998
0	1	0.04769
0	1.1	0.043926
0	1.2	0.039918
0	1.3	0.036194
0	1.4	0.034288
0	1.5	0.032937
0	1.6	0.032578
0	1.7	0.032398
0	1.8	0.032049
0	1.9	0.031235
0	2	0.030051
0	2.1	0.027059
0	2.2	0.025225
0	2.3	0.023233
0	2.4	0.020925
0	2.5	0.019491
0	2.6	0.017491
0	2.7	0.016374
0	2.8	0.015024
0	2.9	0.012907
0	3	0.012187
0	3.1	0.011161
0	3.2	0.010446
0	3.3	0.0097466
0	3.4	0.0085865
0	3.5	0.0086147
0	3.6	0.0079023
0	3.7	0.0075787
0	3.8	0.0079146
0	3.9	0.0080583
0	4	0.008526
10	-4	0.0091177
10	-3.9	0.0082993
10	-3.8	0.0073821
10	-3.7	0.0073624
10	-3.6	0.007937
10	-3.5	0.0092305
10	-3.4	0.0092863
10	-3.3	0.0093124
10	-3.2	0.009139
10	-3.1	0.0098963
10	-3	0.01123
10	-2.9	0.013791
10	-2.8	0.017308
10	-2.7	0.02116
10	-2.6	0.023678
10	-2.5	0.025288
10	-2.4	0.026328
10	-2.3	0.027326
10	-2.2	0.028946
10	-2.1	0.032001
10	-2	0.033679
10	-1.9	0.034758
10	-1.8	0.033776
10	-1.7	0.028314
10	-1.6	0.024311
10	-1.5	0.023265
10	-1.4	0.028558
10	-1.3	0.036348
10	-1.2	0.043375
10	-1.1	0.051762
10	-1	0.05415
10	-0.9	0.055377
10	-0.8	0.051268
10	-0.7	0.048167
10	-0.6	0.039567
10	-0.5	0.029585
10	-0.4	0.022165
10	-0.3	0.017355
10	-0.2	0.015363
10	-0.1	0.013243
10	0	0.013786
10	0.1	0.016548
10	0.2	0.021121
10	0.3	0.025895
10	0.4	0.033506
10	0.5	0.040184
10	0.6	0.04595
10	0.7	0.047492
10	0.8	0.048785
10	0.9	0.048379
10	1	0.045039
10	1.1	0.042176
10	1.2	0.036733
10	1.3	0.033942
10	1.4	0.031273
10	1.5	0.02983
10	1.6	0.029647
10	1.7	0.030194
10	1.8	0.030786
10	1.9	0.030491
10	2	0.029601
10	2.1	0.028531
10	2.2	0.027793
10	2.3	0.026029
10	2.4	0.023808
10	2.5	0.021711
10	2.6	0.020541
10	2.7	0.018616
10	2.8	0.016967
10	2.9	0.014313
10	3	0.012562
10	3.1	0.010153
10	3.2	0.0094074
10	3.3	0.0093436
10	3.4	0.009302
10	3.5	0.0098521
10	3.6	0.010412
10	3.7	0.010685
10	3.8	0.01046
10	3.9	0.010475
10	4	0.010511
20	-4	0.010719
20	-3.9	0.011118
20	-3.8	0.010502
20	-3.7	0.0094005
20	-3.6	0.0077245
20	-3.5	0.007467
20	-3.4	0.0079959
20	-3.3	0.0094861
20	-3.2	0.010503
20	-3.1	0.011125
20	-3	0.011235
20	-2.9	0.011245
20	-2.8	0.01362
20	-2.7	0.015815
20	-2.6	0.020117
20	-2.5	0.024764
20	-2.4	0.027334
20	-2.3	0.028331
20	-2.2	0.028845
20	-2.1	0.028179
20	-2	0.027482
20	-1.9	0.02724
20	-1.8	0.027459
20	-1.7	0.027437
20	-1.6	0.026108
20	-1.5	0.02425
20	-1.4	0.024843
20	-1.3	0.027393
20	-1.2	0.034629
20	-1.1	0.040929
20	-1	0.047238
20	-0.9	0.051905
20	-0.8	0.053078
20	-0.7	0.051568
20	-0.6	0.045678
20	-0.5	0.037287
20	-0.4	0.029421
20	-0.3	0.022485
20	-0.2	0.015124
20	-0.1	0.01272
20	0	0.010878
20	0.1	0.010235
20	0.2	0.011803
20	0.3	0.017839
20	0.4	0.024273
20	0.5	0.036055
20	0.6	0.043526
20	0.7	0.047457
20	0.8	0.051442
20	0.9	0.051251
20	1	0.048534
20	1.1	0.044516
20	1.2	0.038615
20	1.3	0.03399
20	1.4	0.032578
20	1.5	0.032132
20	1.6	0.032639
20	1.7	0.032832
20	1.8	0.03201
20	1.9	0.030116
20	2	0.027482
20	2.1	0.025463
20	2.2	0.023948
20	2.3	0.02283
20	2.4	0.021467
20	2.5	0.019311
20	2.6	0.017445
20	2.7	0.014879
20	2.8	0.012971
20	2.9	0.0098242
20	3	0.0084785
20	3.1	0.008146
20	3.2	0.0082876
20	3.3	0.0082837
20	3.4	0.0079452
20	3.5	0.0075488
20	3.6	0.0074258
20	3.7	0.0070964
20	3.8	0.0065021
20	3.9	0.006364
20	4	0.0070667
30	-4	0.0087394
30	-3.9	0.009
30	-3.8	0.0090305
30	-3.7	0.0087505
30	-3.6	0.0086015
30	-3.5	0.0090376
30	-3.4	0.0098011
30	-3.3	0.0094605
30	-3.2	0.0087616
30	-3.1	0.0074692
30	-3	0.0074627
30	-2.9	0.010688
30	-2.8	0.014376
30	-2.7	0.018296
30	-2.6	0.02082
30	-2.5	0.022589
30	-2.4	0.024298
30	-2.3	0.026989
30	-2.2	0.029845
30	-2.1	0.033779
30	-2	0.035139
30	-1.9	0.036205
30	-1.8	0.034813
30	-1.7	0.033169
30	-1.6	0.027691
30	-1.5	0.023626
30	-1.4	0.022814
30	-1.3	0.025048
30	-1.2	0.037077
30	-1.1	0.041858
30	-1	0.049984
30	-0.9	0.054756
30	-0.8	0.055453
30	-0.7	0.051633
30	-0.6	0.04595
30	-0.5	0.038083
30	-0.4	0.029031
30	-0.3	0.021531
30	-0.2	0.017069
30	-0.1	0.01373
30	0	0.012228
30	0.1	0.011624
30	0.2	0.013121
30	0.3	0.018079
30	0.4	0.024282
30	0.5	0.031962
30	0.6	0.037029
30	0.7	0.04302
30	0.8	0.045829
30	0.9	0.047217
30	1	0.045018
30	1.1	0.042303
30	1.2	0.039031
30	1.3	0.033054
30	1.4	0.030334
30	1.5	0.029346
30	1.6	0.02767
30	1.7	0.028218
30	1.8	0.02954
30	1.9	0.029474
30	2	0.028816
30	2.1	0.026694
30	2.2	0.025009
30	2.3	0.022586
30	2.4	0.020738
30	2.5	0.018937
30	2.6	0.018285
30	2.7	0.017155
30	2.8	0.014948
30	2.9	0.013843
30	3	0.012249
30	3.1	0.010623
30	3.2	0.0094451
30	3.3	0.0089514
30	3.4	0.0091107
30	3.5	0.0090964
30	3.6	0.0097167
30	3.7	0.0094057
30	3.8	0.0090911
30	3.9	0.0086633
30	4	0.0085714
40	-4	0.011437
40	-3.9	0.012008
40	-3.8	0.010376
40	-3.7	0.0082211
40	-3.6	0.0072674
40	-3.5	0.0072674
40	-3.4	0.0090108
40	-3.3	0.011881
40	-3.2	0.012505
40	-3.1	0.011774
40	-3	0.0074972
40	-2.9	0.0063893
40	-2.8	0.0086633
40	-2.7	0.015484
40	-2.6	0.021685
40	-2.5	0.025392
40	-2.4	0.026729
40	-2.3	0.027322
40	-2.2	0.027433
40	-2.1	0.028951
40	-2	0.031379
40	-1.9	0.034636
40	-1.8	0.036616
40	-1.7	0.03612
40	-1.6	0.034281
40	-1.5	0.028278
40	-1.4	0.023806
40	-1.3	0.022769
40	-1.2	0.027978
40	-1.1	0.037093
40	-1	0.047316
40	-0.9	0.056396
40	-0.8	0.058063
40	-0.7	0.056421
40	-0.6	0.052544
40	-0.5	0.043852
40	-0.4	0.032449
40	-0.3	0.024632
40	-0.2	0.017091
40	-0.1	0.014173
40	0	0.012342
40	0.1	0.011477
40	0.2	0.011456
40	0.3	0.014633
40	0.4	0.019036
40	0.5	0.028007
40	0.6	0.034101
40	0.7	0.042896
40	0.8	0.045097
40	0.9	0.046956
40	1	0.046326
40	1.1	0.042539
40	1.2	0.039281
40	1.3	0.035546
40	1.4	0.030455
40	1.5	0.027971
40	1.6	0.026978
40	1.7	0.026494
40	1.8	0.026629
40	1.9	0.026705
40	2	0.026251
40	2.1	0.025571
40	2.2	0.024825
40	2.3	0.023391
40	2.4	0.021298
40	2.5	0.018536
40	2.6	0.016534
40	2.7	0.015766
40	2.8	0.013218
40	2.9	0.011437
40	3	0.010581
40	3.1	0.0099582
40	3.2	0.0091725
40	3.3	0.0083421
40	3.4	0.0084441
40	3.5	0.0079553
40	3.6	0.0077849
40	3.7	0.0078222
40	3.8	0.0075445
40	3.9	0.0068342
40	4	0.0069746
50	-4	0.0099159
50	-3.9	0.010449
50	-3.8	0.011033
50	-3.7	0.010754
50	-3.6	0.0098751
50	-3.5	0.0086633
50	-3.4	0.0084556
50	-3.3	0.010246
50	-3.2	0.011105
50	-3.1	0.011662
50	-3	0.011173
50	-2.9	0.0086577
50	-2.8	0.0081915
50	-2.7	0.012396
50	-2.6	0.017465
50	-2.5	0.022971
50	-2.4	0.025902
50	-2.3	0.029024
50	-2.2	0.031862
50	-2.1	0.035107
50	-2	0.038054
50	-1.9	0.040159
50	-1.8	0.040533
50	-1.7	0.039713
50	-1.6	0.035759
50	-1.5	0.031309
50	-1.4	0.028977
50	-1.3	0.025572
50	-1.2	0.028939
50	-1.1	0.036159
50	-1	0.044648
50	-0.9	0.050417
50	-0.8	0.055566
50	-0.7	0.056194
50	-0.6	0.054124
50	-0.5	0.048323
50	-0.4	0.036028
50	-0.3	0.03
50	-0.2	0.0205
50	-0.1	0.018136
50	0	0.014247
50	0.1	0.012842
50	0.2	0.011686
50	0.3	0.012916
50	0.4	0.017254
50	0.5	0.024628
50	0.6	0.033469
50	0.7	0.038899
50	0.8	0.043467
50	0.9	0.045618
50	1	0.045773
50	1.1	0.043776
50	1.2	0.040269
50	1.3	0.036604
50	1.4	0.03436
50	1.5	0.032087
50	1.6	0.029677
50	1.7	0.028419
50	1.8	0.028125
50	1.9	0.02807
50	2	0.027885
50	2.1	0.027073
50	2.2	0.026683
50	2.3	0.025568
50	2.4	0.023595
50	2.5	0.020964
50	2.6	0.01926
50	2.7	0.016355
50	2.8	0.013603
50	2.9	0.011777
50	3	0.01005
50	3.1	0.0092427
50	3.2	0.0085374
50	3.3	0.0086371
50	3.4	0.0080843
50	3.5	0.0079411
50	3.6	0.0075702
50	3.7	0.0072451
50	3.8	0.0070964
50	3.9	0.0073755
50	4	0.0076783
60	-4	0.01284
60	-3.9	0.013941
60	-3.8	0.014017
60	-3.7	0.013109
60	-3.6	0.011958
60	-3.5	0.010951
60	-3.4	0.010673
60	-3.3	0.010933
60	-3.2	0.011792
60	-3.1	0.012258
60	-3	0.012148
60	-2.9	0.010673
60	-2.8	0.0086465
60	-2.7	0.010999
60	-2.6	0.015447
60	-2.5	0.022725
60	-2.4	0.026523
60	-2.3	0.029621
60	-2.2	0.030983
60	-2.1	0.032345
60	-2	0.036154
60	-1.9	0.039871
60	-1.8	0.043204
60	-1.7	0.044197
60	-1.6	0.042277
60	-1.5	0.035847
60	-1.4	0.029912
60	-1.3	0.025495
60	-1.2	0.025179
60	-1.1	0.03267
60	-1	0.044207
60	-0.9	0.052089
60	-0.8	0.056683
60	-0.7	0.059372
60	-0.6	0.058078
60	-0.5	0.052919
60	-0.4	0.042627
60	-0.3	0.032371
60	-0.2	0.026654
60	-0.1	0.019099
60	0	0.015863
60	0.1	0.013864
60	0.2	0.013121
60	0.3	0.013354
60	0.4	0.017974
60	0.5	0.02217
60	0.6	0.029397
60	0.7	0.037771
60	0.8	0.042654
60	0.9	0.045693
60	1	0.046372
60	1.1	0.043164
60	1.2	0.040473
60	1.3	0.035405
60	1.4	0.03176
60	1.5	0.028762
60	1.6	0.02748
60	1.7	0.027634
60	1.8	0.028466
60	1.9	0.029171
60	2	0.029379
60	2.1	0.028813
60	2.2	0.028128
60	2.3	0.027425
60	2.4	0.026414
60	2.5	0.025127
60	2.6	0.023255
60	2.7	0.020361
60	2.8	0.018084
60	2.9	0.01579
60	3	0.012806
60	3.1	0.011601
60	3.2	0.011284
60	3.3	0.01048
60	3.4	0.010522
60	3.5	0.0098898
60	3.6	0.0094451
60	3.7	0.0092392
60	3.8	0.0091
60	3.9	0.0094485
60	4	0.0093712
70	-4	0.0096248
70	-3.9	0.011419
70	-3.8	0.013409
70	-3.7	0.014352
70	-3.6	0.014289
70	-3.5	0.013598
70	-3.4	0.011855
70	-3.3	0.011594
70	-3.2	0.012074
70	-3.1	0.01264
70	-3	0.011633
70	-2.9	0.010238
70	-2.8	0.0091089
70	-2.7	0.010071
70	-2.6	0.015269
70	-2.5	0.018318
70	-2.4	0.022838
70	-2.3	0.024962
70	-2.2	0.028716
70	-2.1	0.034226
70	-2	0.03813
70	-1.9	0.042413
70	-1.8	0.046093
70	-1.7	0.047283
70	-1.6	0.046153
70	-1.5	0.041743
70	-1.4	0.037706
70	-1.3	0.030519
70	-1.2	0.026956
70	-1.1	0.030495
70	-1	0.03547
70	-0.9	0.047513
70	-0.8	0.055769
70	-0.7	0.058464
70	-0.6	0.059232
70	-0.5	0.053687
70	-0.4	0.050189
70	-0.3	0.038209
70	-0.2	0.028466
70	-0.1	0.022304
70	0	0.017036
70	0.1	0.015292
70	0.2	0.014862
70	0.3	0.015353
70	0.4	0.017385
70	0.5	0.021641
70	0.6	0.027929
70	0.7	0.033124
70	0.8	0.040455
70	0.9	0.043579
70	1	0.045472
70	1.1	0.045728
70	1.2	0.042904
70	1.3	0.039172
70	1.4	0.036405
70	1.5	0.032523
70	1.6	0.030171
70	1.7	0.028692
70	1.8	0.028272
70	1.9	0.028869
70	2	0.029801
70	2.1	0.029683
70	2.2	0.028847
70	2.3	0.027551
70	2.4	0.02585
70	2.5	0.022728
70	2.6	0.020909
70	2.7	0.018485
70	2.8	0.017531
70	2.9	0.016242
70	3	0.014992
70	3.1	0.013022
70	3.2	0.011436
70	3.3	0.010232
70	3.4	0.0096281
70	3.5	0.0094622
70	3.6	0.0098947
70	3.7	0.010657
70	3.8	0.010683
70	3.9	0.010435
70	4	0.0098176
80	-4	0.010284
80	-3.9	0.010638
80	-3.8	0.012823
80	-3.7	0.013997
80	-3.6	0.014931
80	-3.5	0.014509
80	-3.4	0.013999
80	-3.3	0.012682
80	-3.2	0.011852
80	-3.1	0.011432
80	-3	0.011734
80	-2.9	0.011138
80	-2.8	0.0099322
80	-2.7	0.0093488
80	-2.6	0.011787
80	-2.5	0.017082
80	-2.4	0.02112
80	-2.3	0.027075
80	-2.2	0.02981
80	-2.1	0.033836
80	-2	0.036683
80	-1.9	0.039716
80	-1.8	0.042888
80	-1.7	0.045742
80	-1.6	0.047324
80	-1.5	0.046915
80	-1.4	0.041634
80	-1.3	0.036639
80	-1.2	0.027868
80	-1.1	0.026596
80	-1	0.028622
80	-0.9	0.040121
80	-0.8	0.04967
80	-0.7	0.055271
80	-0.6	0.060619
80	-0.5	0.060177
80	-0.4	0.057232
80	-0.3	0.049901
80	-0.2	0.037243
80	-0.1	0.032621
80	0	0.02348
80	0.1	0.017196
80	0.2	0.01538
80	0.3	0.014642
80	0.4	0.014987
80	0.5	0.017529
80	0.6	0.022001
80	0.7	0.031176
80	0.8	0.038301
80	0.9	0.043245
80	1	0.048045
80	1.1	0.048361
80	1.2	0.045864
80	1.3	0.040847
80	1.4	0.037352
80	1.5	0.03401
80	1.6	0.032884
80	1.7	0.032037
80	1.8	0.0323
80	1.9	0.032231
80	2	0.031636
80	2.1	0.030273
80	2.2	0.0288
80	2.3	0.027849
80	2.4	0.027234
80	2.5	0.026571
80	2.6	0.024024
80	2.7	0.021618
80	2.8	0.018482
80	2.9	0.016333
80	3	0.013177
80	3.1	0.011771
80	3.2	0.011067
80	3.3	0.010392
80	3.4	0.0095489
80	3.5	0.0081797
80	3.6	0.0077973
80	3.7	0.0084038
80	3.8	0.0095354
80	3.9	0.010662
80	4	0.010667
90	-4	0.0097797
90	-3.9	0.010246
90	-3.8	0.01109
90	-3.7	0.012609
90	-3.6	0.013467
90	-3.5	0.013933
90	-3.4	0.013157
90	-3.3	0.01277
90	-3.2	0.011593
90	-3.1	0.011193
90	-3	0.011282
90	-2.9	0.011559
90	-2.8	0.010462
90	-2.7	0.0093072
90	-2.6	0.0094074
90	-2.5	0.013635
90	-2.4	0.018699
90	-2.3	0.022017
90	-2.2	0.027295
90	-2.1	0.032834
90	-2	0.036261
90	-1.9	0.040251
90	-1.8	0.043271
90	-1.7	0.046226
90	-1.6	0.047848
90	-1.5	0.047725
90	-1.4	0.045533
90	-1.3	0.039393
90	-1.2	0.03382
90	-1.1	0.026118
90	-1	0.026218
90	-0.9	0.036289
90	-0.8	0.044044
90	-0.7	0.052807
90	-0.6	0.058191
90	-0.5	0.059935
90	-0.4	0.057982
90	-0.3	0.050737
90	-0.2	0.041205
90	-0.1	0.034162
90	0	0.025058
90	0.1	0.019166
90	0.2	0.017251
90	0.3	0.016031
90	0.4	0.015446
90	0.5	0.016354
90	0.6	0.019235
90	0.7	0.027116
90	0.8	0.033648
90	0.9	0.041736
90	1	0.045662
90	1.1	0.047727
90	1.2	0.047262
90	1.3	0.043989
90	1.4	0.040932
90	1.5	0.037393
90	1.6	0.032787
90	1.7	0.030271
90	1.8	0.029254
90	1.9	0.02947
90	2	0.029843
90	2.1	0.030271
90	2.2	0.029207
90	2.3	0.028655
90	2.4	0.027299
90	2.5	0.025229
90	2.6	0.022362
90	2.7	0.02043
90	2.8	0.018853
90	2.9	0.016898
90	3	0.015231
90	3.1	0.013671
90	3.2	0.012203
90	3.3	0.010224
90	3.4	0.0091107
90	3.5	0.0090555
90	3.6	0.0087782
90	3.7	0.009416
90	3.8	0.0097383
90	3.9	0.010141
90	4	0.0097466
100	-4	0.0097283
100	-3.9	0.010836
100	-3.8	0.012949
100	-3.7	0.014777
100	-3.6	0.015541
100	-3.5	0.015584
100	-3.4	0.013896
100	-3.3	0.011791
100	-3.2	0.011552
100	-3.1	0.01254
100	-3	0.014195
100	-2.9	0.014257
100	-2.8	0.01345
100	-2.7	0.0099873
100	-2.6	0.0079635
100	-2.5	0.011034
100	-2.4	0.018235
100	-2.3	0.023682
100	-2.2	0.028609
100	-2.1	0.033028
100	-2	0.034585
100	-1.9	0.040385
100	-1.8	0.043422
100	-1.7	0.045948
100	-1.6	0.049198
100	-1.5	0.049405
100	-1.4	0.047995
100	-1.3	0.041993
100	-1.2	0.034515
100	-1.1	0.029103
100	-1	0.026032
100	-0.9	0.027861
100	-0.8	0.041755
100	-0.7	0.048527
100	-0.6	0.054882
100	-0.5	0.06003
100	-0.4	0.0587
100	-0.3	0.05414
100	-0.2	0.049305
100	-0.1	0.037171
100	0	0.029402
100	0.1	0.02377
100	0.2	0.019926
100	0.3	0.017924
100	0.4	0.017264
100	0.5	0.018467
100	0.6	0.021044
100	0.7	0.028143
100	0.8	0.033393
100	0.9	0.038657
100	1	0.044818
100	1.1	0.046813
100	1.2	0.047067
100	1.3	0.045487
100	1.4	0.042278
100	1.5	0.039284
100	1.6	0.035037
100	1.7	0.032587
100	1.8	0.031724
100	1.9	0.032006
100	2	0.032622
100	2.1	0.032339
100	2.2	0.031903
100	2.3	0.030901
100	2.4	0.03008
100	2.5	0.028464
100	2.6	0.025999
100	2.7	0.024447
100	2.8	0.021539
100	2.9	0.01911
100	3	0.016806
100	3.1	0.013023
100	3.2	0.01081
100	3.3	0.01083
100	3.4	0.010535
100	3.5	0.011119
100	3.6	0.011042
100	3.7	0.010983
100	3.8	0.010492
100	3.9	0.0088588
100	4	0.0082681
110	-4	0.0090287
110	-3.9	0.010202
110	-3.8	0.0125
110	-3.7	0.014412
110	-3.6	0.01569
110	-3.5	0.015535
110	-3.4	0.013772
110	-3.3	0.012286
110	-3.2	0.010996
110	-3.1	0.012095
110	-3	0.013386
110	-2.9	0.013928
110	-2.8	0.013137
110	-2.7	0.011189
110	-2.6	0.008446
110	-2.5	0.0085601
110	-2.4	0.012719
110	-2.3	0.018576
110	-2.2	0.025468
110	-2.1	0.030816
110	-2	0.033884
110	-1.9	0.036863
110	-1.8	0.039784
110	-1.7	0.043853
110	-1.6	0.047404
110	-1.5	0.049398
110	-1.4	0.049729
110	-1.3	0.046066
110	-1.2	0.039158
110	-1.1	0.030733
110	-1	0.025406
110	-0.9	0.027261
110	-0.8	0.036676
110	-0.7	0.044649
110	-0.6	0.053793
110	-0.5	0.05813
110	-0.4	0.057746
110	-0.3	0.053847
110	-0.2	0.048588
110	-0.1	0.038572
110	0	0.029278
110	0.1	0.023435
110	0.2	0.019432
110	0.3	0.018312
110	0.4	0.017714
110	0.5	0.018804
110	0.6	0.022854
110	0.7	0.027756
110	0.8	0.033777
110	0.9	0.038239
110	1	0.04225
110	1.1	0.044249
110	1.2	0.043817
110	1.3	0.041435
110	1.4	0.038962
110	1.5	0.036036
110	1.6	0.033164
110	1.7	0.030731
110	1.8	0.028864
110	1.9	0.028552
110	2	0.028666
110	2.1	0.028349
110	2.2	0.028189
110	2.3	0.028158
110	2.4	0.027914
110	2.5	0.026569
110	2.6	0.025075
110	2.7	0.022958
110	2.8	0.021108
110	2.9	0.018717
110	3	0.016119
110	3.1	0.014114
110	3.2	0.013045
110	3.3	0.012383
110	3.4	0.01184
110	3.5	0.011454
110	3.6	0.010613
110	3.7	0.010443
110	3.8	0.010062
110	3.9	0.0098685
110	4	0.0091972
120	-4	0.010033
120	-3.9	0.0092829
120	-3.8	0.010604
120	-3.7	0.012329
120	-3.6	0.01379
120	-3.5	0.014425
120	-3.4	0.013675
120	-3.3	0.011644
120	-3.2	0.0098832
120	-3.1	0.0091743
120	-3	0.010037
120	-2.9	0.011248
120	-2.8	0.011107
120	-2.7	0.0099679
120	-2.6	0.0069769
120	-2.5	0.007789
120	-2.4	0.013926
120	-2.3	0.018924
120	-2.2	0.024371
120	-2.1	0.028299
120	-2	0.03097
120	-1.9	0.03177
120	-1.8	0.03479
120	-1.7	0.038673
120	-1.6	0.043221
120	-1.5	0.045694
120	-1.4	0.04637
120	-1.3	0.044361
120	-1.2	0.03873
120	-1.1	0.030264
120	-1	0.023774
120	-0.9	0.022748
120	-0.8	0.02862
120	-0.7	0.040514
120	-0.6	0.050646
120	-0.5	0.057359
120	-0.4	0.059207
120	-0.3	0.055598
120	-0.2	0.051043
120	-0.1	0.041531
120	0	0.030169
120	0.1	0.02368
120	0.2	0.018536
120	0.3	0.016126
120	0.4	0.015808
120	0.5	0.016737
120	0.6	0.020473
120	0.7	0.027439
120	0.8	0.032182
120	0.9	0.036969
120	1	0.042036
120	1.1	0.045194
120	1.2	0.044518
120	1.3	0.042409
120	1.4	0.038406
120	1.5	0.035349
120	1.6	0.032205
120	1.7	0.028446
120	1.8	0.027428
120	1.9	0.028205
120	2	0.028491
120	2.1	0.028575
120	2.2	0.027956
120	2.3	0.028004
120	2.4	0.028223
120	2.5	0.027416
120	2.6	0.026264
120	2.7	0.024119
120	2.8	0.022418
120	2.9	0.019578
120	3	0.017493
120	3.1	0.015686
120	3.2	0.014469
120	3.3	0.013456
120	3.4	0.01264
120	3.5	0.012036
120	3.6	0.010996
120	3.7	0.0106
120	3.8	0.01088
120	3.9	0.010989
120	4	0.011087
130	-4	0.0093263
130	-3.9	0.0093419
130	-3.8	0.010055
130	-3.7	0.011552
130	-3.6	0.013178
130	-3.5	0.013611
130	-3.4	0.013862
130	-3.3	0.012873
130	-3.2	0.011457
130	-3.1	0.010508
130	-3	0.01035
130	-2.9	0.010645
130	-2.8	0.010191
130	-2.7	0.0087283
130	-2.6	0.0079391
130	-2.5	0.0082993
130	-2.4	0.010697
130	-2.3	0.015723
130	-2.2	0.019109
130	-2.1	0.02494
130	-2	0.029639
130	-1.9	0.032539
130	-1.8	0.036184
130	-1.7	0.040145
130	-1.6	0.042764
130	-1.5	0.043786
130	-1.4	0.044014
130	-1.3	0.042938
130	-1.2	0.038296
130	-1.1	0.03202
130	-1	0.02407
130	-0.9	0.022159
130	-0.8	0.027119
130	-0.7	0.036829
130	-0.6	0.045507
130	-0.5	0.051801
130	-0.4	0.056337
130	-0.3	0.054887
130	-0.2	0.049234
130	-0.1	0.042962
130	0	0.036223
130	0.1	0.025501
130	0.2	0.021934
130	0.3	0.018441
130	0.4	0.016541
130	0.5	0.015776
130	0.6	0.017348
130	0.7	0.020129
130	0.8	0.025416
130	0.9	0.032076
130	1	0.03752
130	1.1	0.04259
130	1.2	0.045041
130	1.3	0.044235
130	1.4	0.042583
130	1.5	0.039724
130	1.6	0.036
130	1.7	0.032083
130	1.8	0.029696
130	1.9	0.029218
130	2	0.029023
130	2.1	0.028749
130	2.2	0.02825
130	2.3	0.027722
130	2.4	0.027496
130	2.5	0.026437
130	2.6	0.023364
130	2.7	0.022909
130	2.8	0.020678
130	2.9	0.017912
130	3	0.015606
130	3.1	0.013383
130	3.2	0.012312
130	3.3	0.011363
130	3.4	0.0094554
130	3.5	0.0085431
130	3.6	0.0072984
130	3.7	0.0074236
130	3.8	0.0079085
130	3.9	0.0083382
130	4	0.0085241
140	-4	0.0089025
140	-3.9	0.0074929
140	-3.8	0.0082053
140	-3.7	0.011253
140	-3.6	0.013221
140	-3.5	0.014652
140	-3.4	0.015007
140	-3.3	0.013272
140	-3.2	0.010351
140	-3.1	0.0085846
140	-3	0.007369
140	-2.9	0.0082171
140	-2.8	0.0090626
140	-2.7	0.0088716
140	-2.6	0.0079797
140	-2.5	0.0080723
140	-2.4	0.011288
140	-2.3	0.016403
140	-2.2	0.021505
140	-2.1	0.024505
140	-2	0.028466
140	-1.9	0.030142
140	-1.8	0.030906
140	-1.7	0.03349
140	-1.6	0.035858
140	-1.5	0.040235
140	-1.4	0.042014
140	-1.3	0.041942
140	-1.2	0.036353
140	-1.1	0.033389
140	-1	0.02279
140	-0.9	0.018803
140	-0.8	0.021106
140	-0.7	0.033427
140	-0.6	0.043962
140	-0.5	0.050559
140	-0.4	0.057995
140	-0.3	0.057872
140	-0.2	0.052558
140	-0.1	0.046337
140	0	0.037751
140	0.1	0.028495
140	0.2	0.02099
140	0.3	0.016243
140	0.4	0.014712
140	0.5	0.014043
140	0.6	0.014748
140	0.7	0.017862
140	0.8	0.025353
140	0.9	0.03037
140	1	0.038266
140	1.1	0.042487
140	1.2	0.044809
140	1.3	0.04361
140	1.4	0.040134
140	1.5	0.037855
140	1.6	0.033805
140	1.7	0.030395
140	1.8	0.028518
140	1.9	0.028588
140	2	0.029378
140	2.1	0.028689
140	2.2	0.027949
140	2.3	0.027557
140	2.4	0.027224
140	2.5	0.026282
140	2.6	0.024864
140	2.7	0.022923
140	2.8	0.021637
140	2.9	0.020551
140	3	0.01844
140	3.1	0.015448
140	3.2	0.014198
140	3.3	0.01206
140	3.4	0.010704
140	3.5	0.0089892
140	3.6	0.0079533
140	3.7	0.0080803
140	3.8	0.0094022
140	3.9	0.010589
140	4	0.0094588
150	-4	0.0091177
150	-3.9	0.0089802
150	-3.8	0.009234
150	-3.7	0.0098275
150	-3.6	0.01026
150	-3.5	0.011271
150	-3.4	0.011915
150	-3.3	0.01154
150	-3.2	0.010804
150	-3.1	0.0098554
150	-3	0.0099744
150	-2.9	0.010511
150	-2.8	0.010129
150	-2.7	0.0090466
150	-2.6	0.0069931
150	-2.5	0.0077391
150	-2.4	0.010561
150	-2.3	0.016712
150	-2.2	0.020263
150	-2.1	0.025455
150	-2	0.02842
150	-1.9	0.031328
150	-1.8	0.033909
150	-1.7	0.036311
150	-1.6	0.039341
150	-1.5	0.040887
150	-1.4	0.042484
150	-1.3	0.041007
150	-1.2	0.03596
150	-1.1	0.030004
150	-1	0.021586
150	-0.9	0.01975
150	-0.8	0.026371
150	-0.7	0.03368
150	-0.6	0.043123
150	-0.5	0.05168
150	-0.4	0.055674
150	-0.3	0.054007
150	-0.2	0.05178
150	-0.1	0.046097
150	0	0.037586
150	0.1	0.029447
150	0.2	0.020171
150	0.3	0.016786
150	0.4	0.015983
150	0.5	0.014447
150	0.6	0.014631
150	0.7	0.016787
150	0.8	0.021509
150	0.9	0.028128
150	1	0.032028
150	1.1	0.038538
150	1.2	0.042394
150	1.3	0.042958
150	1.4	0.0424
150	1.5	0.040347
150	1.6	0.03806
150	1.7	0.032535
150	1.8	0.028866
150	1.9	0.027299
150	2	0.027548
150	2.1	0.028206
150	2.2	0.028823
150	2.3	0.029589
150	2.4	0.029205
150	2.5	0.027777
150	2.6	0.024029
150	2.7	0.022008
150	2.8	0.021456
150	2.9	0.020214
150	3	0.018513
150	3.1	0.017462
150	3.2	0.014882
150	3.3	0.012686
150	3.4	0.0094314
150	3.5	0.0080322
150	3.6	0.0077849
150	3.7	0.0084038
150	3.8	0.0095979
150	3.9	0.0095387
150	4	0.008469
160	-4	0.0098028
160	-3.9	0.0088679
160	-3.8	0.0084842
160	-3.7	0.0088771
160	-3.6	0.0099809
160	-3.5	0.01054
160	-3.4	0.010885
160	-3.3	0.0093609
160	-3.2	0.0083537
160	-3.1	0.0066252
160	-3	0.0068105
160	-2.9	0.00748
160	-2.8	0.0088862
160	-2.7	0.0086987
160	-2.6	0.0075723
160	-2.5	0.0065812
160	-2.4	0.010082
160	-2.3	0.014549
160	-2.2	0.019345
160	-2.1	0.023861
160	-2	0.027445
160	-1.9	0.02975
160	-1.8	0.031176
160	-1.7	0.033372
160	-1.6	0.035101
160	-1.5	0.036329
160	-1.4	0.037192
160	-1.3	0.036997
160	-1.2	0.034464
160	-1.1	0.029553
160	-1	0.024561
160	-0.9	0.02052
160	-0.8	0.024892
160	-0.7	0.034531
160	-0.6	0.044202
160	-0.5	0.054678
160	-0.4	0.057651
160	-0.3	0.057888
160	-0.2	0.052961
160	-0.1	0.045942
160	0	0.036654
160	0.1	0.026474
160	0.2	0.017672
160	0.3	0.015559
160	0.4	0.01435
160	0.5	0.013385
160	0.6	0.013754
160	0.7	0.016371
160	0.8	0.02499
160	0.9	0.029417
160	1	0.037181
160	1.1	0.040598
160	1.2	0.043449
160	1.3	0.042472
160	1.4	0.039542
160	1.5	0.037611
160	1.6	0.0349
160	1.7	0.032251
160	1.8	0.030725
160	1.9	0.030091
160	2	0.029306
160	2.1	0.02689
160	2.2	0.026594
160	2.3	0.026621
160	2.4	0.027113
160	2.5	0.02693
160	2.6	0.025303
160	2.7	0.023744
160	2.8	0.022165
160	2.9	0.018971
160	3	0.014654
160	3.1	0.013319
160	3.2	0.011815
160	3.3	0.011582
160	3.4	0.010092
160	3.5	0.0091372
160	3.6	0.0080241
160	3.7	0.0078695
160	3.8	0.0074627
160	3.9	0.0079655
160	4	0.0078695
170	-4	0.0086184
170	-3.9	0.0088003
170	-3.8	0.0092445
170	-3.7	0.0098308
170	-3.6	0.010739
170	-3.5	0.011575
170	-3.4	0.011665
170	-3.3	0.01052
170	-3.2	0.0091284
170	-3.1	0.0080322
170	-3	0.0083807
170	-2.9	0.0096783
170	-2.8	0.010742
170	-2.7	0.010243
170	-2.6	0.0091619
170	-2.5	0.0071959
170	-2.4	0.0088916
170	-2.3	0.014477
170	-2.2	0.021551
170	-2.1	0.025481
170	-2	0.030112
170	-1.9	0.032041
170	-1.8	0.033227
170	-1.7	0.035152
170	-1.6	0.036895
170	-1.5	0.038113
170	-1.4	0.039047
170	-1.3	0.038199
170	-1.2	0.034052
170	-1.1	0.02774
170	-1	0.024328
170	-0.9	0.023502
170	-0.8	0.028027
170	-0.7	0.037738
170	-0.6	0.046255
170	-0.5	0.056071
170	-0.4	0.057899
170	-0.3	0.055227
170	-0.2	0.048886
170	-0.1	0.045551
170	0	0.033792
170	0.1	0.026884
170	0.2	0.019802
170	0.3	0.017558
170	0.4	0.015289
170	0.5	0.014546
170	0.6	0.015113
170	0.7	0.020089
170	0.8	0.025328
170	0.9	0.032466
170	1	0.036772
170	1.1	0.042742
170	1.2	0.044575
170	1.3	0.044598
170	1.4	0.042674
170	1.5	0.041464
170	1.6	0.037764
170	1.7	0.034233
170	1.8	0.032719
170	1.9	0.031093
170	2	0.030049
170	2.1	0.028789
170	2.2	0.028479
170	2.3	0.028793
170	2.4	0.028819
170	2.5	0.028012
170	2.6	0.02579
170	2.7	0.024312
170	2.8	0.021525
170	2.9	0.018773
170	3	0.017552
170	3.1	0.014468
170	3.2	0.012705
170	3.3	0.010722
170	3.4	0.0096616
170	3.5	0.0088259
170	3.6	0.0086315
170	3.7	0.0089478
170	3.8	0.0086726
170	3.9	0.0076212
170	4	0.0064095
180	-4	0.0098832
180	-3.9	0.008014
180	-3.8	0.0069188
180	-3.7	0.0075381
180	-3.6	0.010827
180	-3.5	0.012536
180	-3.4	0.012939
180	-3.3	0.011837
180	-3.2	0.0095827
180	-3.1	0.0079756
180	-3	0.0068436
180	-2.9	0.0085089
180	-2.8	0.0106
180	-2.7	0.011375
180	-2.6	0.010733
180	-2.5	0.010026
180	-2.4	0.011499
180	-2.3	0.016452
180	-2.2	0.021673
180	-2.1	0.025183
180	-2	0.030163
180	-1.9	0.03179
180	-1.8	0.032871
180	-1.7	0.033887
180	-1.6	0.034981
180	-1.5	0.036628
180	-1.4	0.037593
180	-1.3	0.037104
180	-1.2	0.032249
180	-1.1	0.027085
180	-1	0.022678
180	-0.9	0.025892
180	-0.8	0.031518
180	-0.7	0.0404
180	-0.6	0.049685
180	-0.5	0.056481
180	-0.4	0.058191
180	-0.3	0.055947
180	-0.2	0.050881
180	-0.1	0.044811
180	0	0.036636
180	0.1	0.023801
180	0.2	0.020888
180	0.3	0.016335
180	0.4	0.01435
180	0.5	0.012928
180	0.6	0.013646
180	0.7	0.018156
180	0.8	0.024847
180	0.9	0.032207
180	1	0.037927
180	1.1	0.043088
180	1.2	0.045079
180	1.3	0.044917
180	1.4	0.043727
180	1.5	0.041886
180	1.6	0.037791
180	1.7	0.033934
180	1.8	0.031821
180	1.9	0.030253
180	2	0.029604
180	2.1	0.029458
180	2.2	0.029325
180	2.3	0.029892
180	2.4	0.029472
180	2.5	0.026216
180	2.6	0.023795
180	2.7	0.022538
180	2.8	0.020916
180	2.9	0.019831
180	3	0.018073
180	3.1	0.01598
180	3.2	0.014397
180	3.3	0.012131
180	3.4	0.0098603
180	3.5	0.008917
180	3.6	0.0088952
180	3.7	0.0092357
180	3.8	0.0098061
180	3.9	0.0088168
180	4	0.0076085
 
Uniformity Ratio =0.65173
