05-Jan-2018
8:3
TXR  008002 RM428 R24
33511B Function Generator
SN =Agilent Technologies,33511B,MY52301476,3.05-1.19-2.00-52-00
freq =+9.290000000000000E+06
burstmode =TRIG
burstN =+6.000000000000000E+01
voltage =+1.5000000000000E-01
 
DSO-X 2022A Oscilloscope
SN =AGILENT TECHNOLOGIES,DSO-X 2022A,MY54310921,02.41.2015102200
probe =+1.0000000E+00
scale =+500.0E-09
position =+19.900000E-06
range =+1.60E+00
units =VOLT
points =+2000
pointmode =NORM
format =BYTE
acqtype =NORM
trigsource =EXT
coupling =AC
 
-180	-4	0.0092322
-180	-3.9	0.0091619
-180	-3.8	0.009618
-180	-3.7	0.0092654
-180	-3.6	0.010149
-180	-3.5	0.011537
-180	-3.4	0.01205
-180	-3.3	0.013779
-180	-3.2	0.014281
-180	-3.1	0.014388
-180	-3	0.015197
-180	-2.9	0.016622
-180	-2.8	0.020141
-180	-2.7	0.024749
-180	-2.6	0.027426
-180	-2.5	0.029456
-180	-2.4	0.031393
-180	-2.3	0.031516
-180	-2.2	0.033737
-180	-2.1	0.035433
-180	-2	0.039897
-180	-1.9	0.041828
-180	-1.8	0.043061
-180	-1.7	0.042037
-180	-1.6	0.040184
-180	-1.5	0.036787
-180	-1.4	0.03336
-180	-1.3	0.035431
-180	-1.2	0.041259
-180	-1.1	0.048718
-180	-1	0.053943
-180	-0.9	0.061769
-180	-0.8	0.065096
-180	-0.7	0.064211
-180	-0.6	0.061677
-180	-0.5	0.053745
-180	-0.4	0.044061
-180	-0.3	0.039244
-180	-0.2	0.031687
-180	-0.1	0.027735
-180	0	0.025479
-180	0.1	0.02602
-180	0.2	0.028852
-180	0.3	0.034445
-180	0.4	0.037114
-180	0.5	0.043432
-180	0.6	0.050224
-180	0.7	0.055052
-180	0.8	0.055996
-180	0.9	0.055992
-180	1	0.055078
-180	1.1	0.053247
-180	1.2	0.05107
-180	1.3	0.047085
-180	1.4	0.045243
-180	1.5	0.043704
-180	1.6	0.040762
-180	1.7	0.039692
-180	1.8	0.03823
-180	1.9	0.037462
-180	2	0.036013
-180	2.1	0.03348
-180	2.2	0.03106
-180	2.3	0.028325
-180	2.4	0.025637
-180	2.5	0.023639
-180	2.6	0.021623
-180	2.7	0.020319
-180	2.8	0.019013
-180	2.9	0.017278
-180	3	0.015288
-180	3.1	0.012266
-180	3.2	0.011017
-180	3.3	0.010438
-180	3.4	0.010587
-180	3.5	0.010458
-180	3.6	0.01085
-180	3.7	0.011083
-180	3.8	0.010396
-180	3.9	0.0086912
-180	4	0.0077328
-170	-4	0.010154
-170	-3.9	0.0097945
-170	-3.8	0.0097515
-170	-3.7	0.0093574
-170	-3.6	0.01046
-170	-3.5	0.012782
-170	-3.4	0.013897
-170	-3.3	0.014523
-170	-3.2	0.014344
-170	-3.1	0.013932
-170	-3	0.014708
-170	-2.9	0.018476
-170	-2.8	0.022215
-170	-2.7	0.026175
-170	-2.6	0.030635
-170	-2.5	0.031496
-170	-2.4	0.031857
-170	-2.3	0.032171
-170	-2.2	0.033091
-170	-2.1	0.034965
-170	-2	0.038794
-170	-1.9	0.040913
-170	-1.8	0.043029
-170	-1.7	0.042425
-170	-1.6	0.039399
-170	-1.5	0.034639
-170	-1.4	0.031885
-170	-1.3	0.034787
-170	-1.2	0.041025
-170	-1.1	0.047256
-170	-1	0.057078
-170	-0.9	0.063436
-170	-0.8	0.066002
-170	-0.7	0.063724
-170	-0.6	0.06008
-170	-0.5	0.052639
-170	-0.4	0.044694
-170	-0.3	0.037239
-170	-0.2	0.032026
-170	-0.1	0.028024
-170	0	0.025199
-170	0.1	0.026525
-170	0.2	0.030416
-170	0.3	0.03638
-170	0.4	0.042292
-170	0.5	0.045393
-170	0.6	0.052036
-170	0.7	0.055254
-170	0.8	0.055987
-170	0.9	0.055574
-170	1	0.054251
-170	1.1	0.052282
-170	1.2	0.047508
-170	1.3	0.045639
-170	1.4	0.043931
-170	1.5	0.042236
-170	1.6	0.041435
-170	1.7	0.039276
-170	1.8	0.038021
-170	1.9	0.036111
-170	2	0.034596
-170	2.1	0.030489
-170	2.2	0.029042
-170	2.3	0.02768
-170	2.4	0.026422
-170	2.5	0.023882
-170	2.6	0.021933
-170	2.7	0.021107
-170	2.8	0.018211
-170	2.9	0.015758
-170	3	0.014369
-170	3.1	0.012039
-170	3.2	0.012761
-170	3.3	0.012307
-170	3.4	0.012261
-170	3.5	0.011366
-170	3.6	0.011429
-170	3.7	0.010221
-170	3.8	0.0095099
-170	3.9	0.008639
-170	4	0.009608
-160	-4	0.010826
-160	-3.9	0.010389
-160	-3.8	0.0091761
-160	-3.7	0.0082564
-160	-3.6	0.0097017
-160	-3.5	0.010194
-160	-3.4	0.013397
-160	-3.3	0.015723
-160	-3.2	0.015581
-160	-3.1	0.014752
-160	-3	0.01475
-160	-2.9	0.016358
-160	-2.8	0.020383
-160	-2.7	0.026909
-160	-2.6	0.031182
-160	-2.5	0.034833
-160	-2.4	0.035496
-160	-2.3	0.034637
-160	-2.2	0.034155
-160	-2.1	0.03542
-160	-2	0.039028
-160	-1.9	0.040602
-160	-1.8	0.043298
-160	-1.7	0.043499
-160	-1.6	0.039765
-160	-1.5	0.035635
-160	-1.4	0.032599
-160	-1.3	0.034868
-160	-1.2	0.040661
-160	-1.1	0.052414
-160	-1	0.057082
-160	-0.9	0.063547
-160	-0.8	0.065612
-160	-0.7	0.064495
-160	-0.6	0.059033
-160	-0.5	0.050703
-160	-0.4	0.041982
-160	-0.3	0.033932
-160	-0.2	0.027576
-160	-0.1	0.024538
-160	0	0.023094
-160	0.1	0.025116
-160	0.2	0.027905
-160	0.3	0.034184
-160	0.4	0.042326
-160	0.5	0.045843
-160	0.6	0.050741
-160	0.7	0.053917
-160	0.8	0.054503
-160	0.9	0.054156
-160	1	0.052599
-160	1.1	0.049109
-160	1.2	0.045911
-160	1.3	0.044246
-160	1.4	0.042242
-160	1.5	0.039323
-160	1.6	0.036816
-160	1.7	0.035536
-160	1.8	0.034762
-160	1.9	0.032966
-160	2	0.031186
-160	2.1	0.028324
-160	2.2	0.027507
-160	2.3	0.025686
-160	2.4	0.023981
-160	2.5	0.02122
-160	2.6	0.019759
-160	2.7	0.018763
-160	2.8	0.017813
-160	2.9	0.016091
-160	3	0.014254
-160	3.1	0.012341
-160	3.2	0.010968
-160	3.3	0.009976
-160	3.4	0.0091301
-160	3.5	0.0088479
-160	3.6	0.010372
-160	3.7	0.010538
-160	3.8	0.010194
-160	3.9	0.0092585
-160	4	0.0093712
-150	-4	0.010778
-150	-3.9	0.01093
-150	-3.8	0.0090893
-150	-3.7	0.0077245
-150	-3.6	0.0078387
-150	-3.5	0.011217
-150	-3.4	0.012814
-150	-3.3	0.014958
-150	-3.2	0.016054
-150	-3.1	0.015257
-150	-3	0.014032
-150	-2.9	0.014761
-150	-2.8	0.019736
-150	-2.7	0.024416
-150	-2.6	0.029973
-150	-2.5	0.033833
-150	-2.4	0.035028
-150	-2.3	0.034942
-150	-2.2	0.034603
-150	-2.1	0.035178
-150	-2	0.037329
-150	-1.9	0.040185
-150	-1.8	0.042176
-150	-1.7	0.041547
-150	-1.6	0.039367
-150	-1.5	0.033685
-150	-1.4	0.031753
-150	-1.3	0.035385
-150	-1.2	0.042641
-150	-1.1	0.054221
-150	-1	0.056973
-150	-0.9	0.064513
-150	-0.8	0.066098
-150	-0.7	0.063954
-150	-0.6	0.056427
-150	-0.5	0.050678
-150	-0.4	0.039411
-150	-0.3	0.029223
-150	-0.2	0.02688
-150	-0.1	0.021676
-150	0	0.022178
-150	0.1	0.024362
-150	0.2	0.026983
-150	0.3	0.033459
-150	0.4	0.038811
-150	0.5	0.046526
-150	0.6	0.05195
-150	0.7	0.053734
-150	0.8	0.053816
-150	0.9	0.053251
-150	1	0.051186
-150	1.1	0.047218
-150	1.2	0.043935
-150	1.3	0.042486
-150	1.4	0.041326
-150	1.5	0.038981
-150	1.6	0.035532
-150	1.7	0.033954
-150	1.8	0.033404
-150	1.9	0.032276
-150	2	0.029503
-150	2.1	0.028441
-150	2.2	0.027411
-150	2.3	0.025692
-150	2.4	0.021134
-150	2.5	0.018717
-150	2.6	0.016583
-150	2.7	0.015313
-150	2.8	0.01455
-150	2.9	0.013193
-150	3	0.011881
-150	3.1	0.011683
-150	3.2	0.010489
-150	3.3	0.0084899
-150	3.4	0.0083614
-150	3.5	0.008012
-150	3.6	0.0080723
-150	3.7	0.0082564
-150	3.8	0.0076888
-150	3.9	0.0069001
-150	4	0.0072451
-140	-4	0.01075
-140	-3.9	0.010754
-140	-3.8	0.010045
-140	-3.7	0.0094057
-140	-3.6	0.0087172
-140	-3.5	0.0091936
-140	-3.4	0.010862
-140	-3.3	0.013871
-140	-3.2	0.015456
-140	-3.1	0.015598
-140	-3	0.015678
-140	-2.9	0.016661
-140	-2.8	0.018444
-140	-2.7	0.024866
-140	-2.6	0.02953
-140	-2.5	0.032517
-140	-2.4	0.034332
-140	-2.3	0.035446
-140	-2.2	0.036559
-140	-2.1	0.038826
-140	-2	0.040949
-140	-1.9	0.041679
-140	-1.8	0.041459
-140	-1.7	0.039096
-140	-1.6	0.034709
-140	-1.5	0.030886
-140	-1.4	0.031249
-140	-1.3	0.038461
-140	-1.2	0.041254
-140	-1.1	0.054287
-140	-1	0.061999
-140	-0.9	0.064218
-140	-0.8	0.063966
-140	-0.7	0.059712
-140	-0.6	0.052205
-140	-0.5	0.044872
-140	-0.4	0.037605
-140	-0.3	0.028526
-140	-0.2	0.022868
-140	-0.1	0.020473
-140	0	0.019837
-140	0.1	0.021185
-140	0.2	0.024736
-140	0.3	0.031035
-140	0.4	0.037
-140	0.5	0.045452
-140	0.6	0.049953
-140	0.7	0.050901
-140	0.8	0.051933
-140	0.9	0.050821
-140	1	0.049741
-140	1.1	0.046006
-140	1.2	0.042823
-140	1.3	0.039324
-140	1.4	0.037354
-140	1.5	0.035892
-140	1.6	0.034351
-140	1.7	0.033813
-140	1.8	0.033023
-140	1.9	0.032119
-140	2	0.029573
-140	2.1	0.027483
-140	2.2	0.02621
-140	2.3	0.024941
-140	2.4	0.023473
-140	2.5	0.021488
-140	2.6	0.019363
-140	2.7	0.017708
-140	2.8	0.01485
-140	2.9	0.012917
-140	3	0.011522
-140	3.1	0.011315
-140	3.2	0.012035
-140	3.3	0.011976
-140	3.4	0.011107
-140	3.5	0.010015
-140	3.6	0.0089007
-140	3.7	0.0082837
-140	3.8	0.0078387
-140	3.9	0.0085959
-140	4	0.0098767
-130	-4	0.011454
-130	-3.9	0.011324
-130	-3.8	0.010281
-130	-3.7	0.0088369
-130	-3.6	0.008991
-130	-3.5	0.011416
-130	-3.4	0.013906
-130	-3.3	0.014983
-130	-3.2	0.015282
-130	-3.1	0.015171
-130	-3	0.015323
-130	-2.9	0.016199
-130	-2.8	0.021256
-130	-2.7	0.026313
-130	-2.6	0.028797
-130	-2.5	0.031282
-130	-2.4	0.032897
-130	-2.3	0.033629
-130	-2.2	0.03618
-130	-2.1	0.038463
-130	-2	0.040516
-130	-1.9	0.041392
-130	-1.8	0.039213
-130	-1.7	0.03762
-130	-1.6	0.030702
-130	-1.5	0.027724
-130	-1.4	0.02794
-130	-1.3	0.034001
-130	-1.2	0.044511
-130	-1.1	0.054452
-130	-1	0.062279
-130	-0.9	0.065025
-130	-0.8	0.063653
-130	-0.7	0.0581
-130	-0.6	0.048859
-130	-0.5	0.039408
-130	-0.4	0.029518
-130	-0.3	0.023977
-130	-0.2	0.018544
-130	-0.1	0.017239
-130	0	0.017451
-130	0.1	0.019969
-130	0.2	0.02434
-130	0.3	0.032939
-130	0.4	0.037789
-130	0.5	0.044844
-130	0.6	0.048199
-130	0.7	0.050047
-130	0.8	0.05053
-130	0.9	0.048638
-130	1	0.044586
-130	1.1	0.041206
-130	1.2	0.039099
-130	1.3	0.035746
-130	1.4	0.03481
-130	1.5	0.033323
-130	1.6	0.032701
-130	1.7	0.032007
-130	1.8	0.031051
-130	1.9	0.029698
-130	2	0.028731
-130	2.1	0.02694
-130	2.2	0.025793
-130	2.3	0.023184
-130	2.4	0.020686
-130	2.5	0.019176
-130	2.6	0.017557
-130	2.7	0.01631
-130	2.8	0.015134
-130	2.9	0.013571
-130	3	0.012265
-130	3.1	0.0114
-130	3.2	0.010145
-130	3.3	0.0096365
-130	3.4	0.009685
-130	3.5	0.0092811
-130	3.6	0.010192
-130	3.7	0.010173
-130	3.8	0.0096096
-130	3.9	0.0083846
-130	4	0.0084899
-120	-4	0.010172
-120	-3.9	0.010503
-120	-3.8	0.010512
-120	-3.7	0.010537
-120	-3.6	0.010965
-120	-3.5	0.011109
-120	-3.4	0.011472
-120	-3.3	0.011456
-120	-3.2	0.011271
-120	-3.1	0.013559
-120	-3	0.0162
-120	-2.9	0.018439
-120	-2.8	0.023043
-120	-2.7	0.025834
-120	-2.6	0.028087
-120	-2.5	0.029441
-120	-2.4	0.031094
-120	-2.3	0.03359
-120	-2.2	0.037132
-120	-2.1	0.038674
-120	-2	0.041527
-120	-1.9	0.041151
-120	-1.8	0.038207
-120	-1.7	0.031866
-120	-1.6	0.030085
-120	-1.5	0.026349
-120	-1.4	0.031123
-120	-1.3	0.037006
-120	-1.2	0.046743
-120	-1.1	0.055138
-120	-1	0.060059
-120	-0.9	0.06225
-120	-0.8	0.060455
-120	-0.7	0.052974
-120	-0.6	0.047479
-120	-0.5	0.036341
-120	-0.4	0.026879
-120	-0.3	0.021761
-120	-0.2	0.017101
-120	-0.1	0.015221
-120	0	0.016014
-120	0.1	0.018537
-120	0.2	0.022347
-120	0.3	0.029209
-120	0.4	0.03359
-120	0.5	0.039006
-120	0.6	0.044238
-120	0.7	0.045843
-120	0.8	0.045937
-120	0.9	0.044865
-120	1	0.041948
-120	1.1	0.040439
-120	1.2	0.038645
-120	1.3	0.036574
-120	1.4	0.035044
-120	1.5	0.033574
-120	1.6	0.031328
-120	1.7	0.030304
-120	1.8	0.029033
-120	1.9	0.027173
-120	2	0.025805
-120	2.1	0.024628
-120	2.2	0.022809
-120	2.3	0.021131
-120	2.4	0.01889
-120	2.5	0.018392
-120	2.6	0.016027
-120	2.7	0.015207
-120	2.8	0.012237
-120	2.9	0.010962
-120	3	0.0096683
-120	3.1	0.0083498
-120	3.2	0.0072851
-120	3.3	0.0074018
-120	3.4	0.0079675
-120	3.5	0.0082837
-120	3.6	0.008223
-120	3.7	0.0071032
-120	3.8	0.0073404
-120	3.9	0.0065319
-120	4	0.0065541
-110	-4	0.0088333
-110	-3.9	0.008225
-110	-3.8	0.0092846
-110	-3.7	0.010909
-110	-3.6	0.012151
-110	-3.5	0.013696
-110	-3.4	0.013311
-110	-3.3	0.012239
-110	-3.2	0.010928
-110	-3.1	0.011571
-110	-3	0.014153
-110	-2.9	0.01787
-110	-2.8	0.023132
-110	-2.7	0.026301
-110	-2.6	0.027029
-110	-2.5	0.027904
-110	-2.4	0.029228
-110	-2.3	0.032057
-110	-2.2	0.035857
-110	-2.1	0.038831
-110	-2	0.04061
-110	-1.9	0.040337
-110	-1.8	0.033706
-110	-1.7	0.02823
-110	-1.6	0.023045
-110	-1.5	0.022253
-110	-1.4	0.028446
-110	-1.3	0.037418
-110	-1.2	0.046802
-110	-1.1	0.056632
-110	-1	0.060732
-110	-0.9	0.060015
-110	-0.8	0.054495
-110	-0.7	0.049183
-110	-0.6	0.036754
-110	-0.5	0.028245
-110	-0.4	0.021344
-110	-0.3	0.016597
-110	-0.2	0.013977
-110	-0.1	0.013725
-110	0	0.01573
-110	0.1	0.018474
-110	0.2	0.021711
-110	0.3	0.029903
-110	0.4	0.035897
-110	0.5	0.039664
-110	0.6	0.044104
-110	0.7	0.044933
-110	0.8	0.04413
-110	0.9	0.042955
-110	1	0.038678
-110	1.1	0.035386
-110	1.2	0.032991
-110	1.3	0.030906
-110	1.4	0.030201
-110	1.5	0.029678
-110	1.6	0.02949
-110	1.7	0.029534
-110	1.8	0.029169
-110	1.9	0.02794
-110	2	0.026414
-110	2.1	0.025171
-110	2.2	0.022969
-110	2.3	0.021573
-110	2.4	0.01853
-110	2.5	0.017549
-110	2.6	0.016333
-110	2.7	0.014933
-110	2.8	0.012752
-110	2.9	0.011894
-110	3	0.01023
-110	3.1	0.0096264
-110	3.2	0.0099159
-110	3.3	0.0092881
-110	3.4	0.010127
-110	3.5	0.010229
-110	3.6	0.0098488
-110	3.7	0.0088076
-110	3.8	0.0074994
-110	3.9	0.0078242
-110	4	0.0077807
-100	-4	0.010298
-100	-3.9	0.010811
-100	-3.8	0.011729
-100	-3.7	0.011852
-100	-3.6	0.012713
-100	-3.5	0.012685
-100	-3.4	0.012286
-100	-3.3	0.010977
-100	-3.2	0.011091
-100	-3.1	0.011697
-100	-3	0.014639
-100	-2.9	0.017009
-100	-2.8	0.021682
-100	-2.7	0.024562
-100	-2.6	0.026569
-100	-2.5	0.028984
-100	-2.4	0.032852
-100	-2.3	0.03566
-100	-2.2	0.038853
-100	-2.1	0.040232
-100	-2	0.039506
-100	-1.9	0.037174
-100	-1.8	0.031407
-100	-1.7	0.025512
-100	-1.6	0.021468
-100	-1.5	0.023684
-100	-1.4	0.030223
-100	-1.3	0.043372
-100	-1.2	0.049371
-100	-1.1	0.054304
-100	-1	0.058039
-100	-0.9	0.056423
-100	-0.8	0.052478
-100	-0.7	0.042638
-100	-0.6	0.037481
-100	-0.5	0.027082
-100	-0.4	0.021013
-100	-0.3	0.016362
-100	-0.2	0.0132
-100	-0.1	0.012392
-100	0	0.013675
-100	0.1	0.016165
-100	0.2	0.021399
-100	0.3	0.027291
-100	0.4	0.031291
-100	0.5	0.03679
-100	0.6	0.040615
-100	0.7	0.042541
-100	0.8	0.042779
-100	0.9	0.040925
-100	1	0.040275
-100	1.1	0.035961
-100	1.2	0.033724
-100	1.3	0.03237
-100	1.4	0.031104
-100	1.5	0.030548
-100	1.6	0.030769
-100	1.7	0.031075
-100	1.8	0.030437
-100	1.9	0.028466
-100	2	0.025976
-100	2.1	0.024029
-100	2.2	0.020257
-100	2.3	0.0188
-100	2.4	0.016142
-100	2.5	0.014962
-100	2.6	0.013253
-100	2.7	0.011217
-100	2.8	0.0096683
-100	2.9	0.0088807
-100	3	0.0083188
-100	3.1	0.0088515
-100	3.2	0.0089766
-100	3.3	0.0091831
-100	3.4	0.007849
-100	3.5	0.0075102
-100	3.6	0.0073799
-100	3.7	0.0061127
-100	3.8	0.0067317
-100	3.9	0.0062435
-100	4	0.0068625
-90	-4	0.010148
-90	-3.9	0.010184
-90	-3.8	0.010857
-90	-3.7	0.012554
-90	-3.6	0.013056
-90	-3.5	0.013572
-90	-3.4	0.012838
-90	-3.3	0.01139
-90	-3.2	0.0097183
-90	-3.1	0.011074
-90	-3	0.013485
-90	-2.9	0.018469
-90	-2.8	0.022504
-90	-2.7	0.025391
-90	-2.6	0.028239
-90	-2.5	0.029991
-90	-2.4	0.031491
-90	-2.3	0.035777
-90	-2.2	0.038897
-90	-2.1	0.040382
-90	-2	0.040955
-90	-1.9	0.037552
-90	-1.8	0.030262
-90	-1.7	0.024532
-90	-1.6	0.019349
-90	-1.5	0.021324
-90	-1.4	0.03123
-90	-1.3	0.043871
-90	-1.2	0.052703
-90	-1.1	0.055208
-90	-1	0.056825
-90	-0.9	0.054028
-90	-0.8	0.048493
-90	-0.7	0.041223
-90	-0.6	0.03141
-90	-0.5	0.021485
-90	-0.4	0.015582
-90	-0.3	0.013155
-90	-0.2	0.010827
-90	-0.1	0.010654
-90	0	0.013982
-90	0.1	0.015393
-90	0.2	0.021798
-90	0.3	0.028199
-90	0.4	0.032724
-90	0.5	0.037828
-90	0.6	0.040686
-90	0.7	0.041497
-90	0.8	0.041008
-90	0.9	0.038517
-90	1	0.037447
-90	1.1	0.0338
-90	1.2	0.032812
-90	1.3	0.031746
-90	1.4	0.030067
-90	1.5	0.029286
-90	1.6	0.029015
-90	1.7	0.028485
-90	1.8	0.028699
-90	1.9	0.027825
-90	2	0.026338
-90	2.1	0.024757
-90	2.2	0.022508
-90	2.3	0.019708
-90	2.4	0.016145
-90	2.5	0.012677
-90	2.6	0.011615
-90	2.7	0.010443
-90	2.8	0.01002
-90	2.9	0.0096466
-90	3	0.0091567
-90	3.1	0.0084632
-90	3.2	0.0078366
-90	3.3	0.0069746
-90	3.4	0.0069211
-90	3.5	0.0073952
-90	3.6	0.0083827
-90	3.7	0.008769
-90	3.8	0.0081401
-90	3.9	0.0074366
-90	4	0.0072384
-80	-4	0.012673
-80	-3.9	0.011329
-80	-3.8	0.0096733
-80	-3.7	0.00966
-80	-3.6	0.010621
-80	-3.5	0.012799
-80	-3.4	0.01285
-80	-3.3	0.011736
-80	-3.2	0.0093661
-80	-3.1	0.008846
-80	-3	0.010535
-80	-2.9	0.015011
-80	-2.8	0.020136
-80	-2.7	0.024008
-80	-2.6	0.027193
-80	-2.5	0.029513
-80	-2.4	0.032342
-80	-2.3	0.034478
-80	-2.2	0.03608
-80	-2.1	0.036847
-80	-2	0.036413
-80	-1.9	0.033209
-80	-1.8	0.028068
-80	-1.7	0.022068
-80	-1.6	0.019559
-80	-1.5	0.020805
-80	-1.4	0.029433
-80	-1.3	0.039997
-80	-1.2	0.047102
-80	-1.1	0.053463
-80	-1	0.056256
-80	-0.9	0.0536
-80	-0.8	0.048149
-80	-0.7	0.041331
-80	-0.6	0.034556
-80	-0.5	0.022365
-80	-0.4	0.016432
-80	-0.3	0.011866
-80	-0.2	0.010122
-80	-0.1	0.010149
-80	0	0.011631
-80	0.1	0.015601
-80	0.2	0.022598
-80	0.3	0.027567
-80	0.4	0.033545
-80	0.5	0.038272
-80	0.6	0.040717
-80	0.7	0.041706
-80	0.8	0.041563
-80	0.9	0.039007
-80	1	0.035858
-80	1.1	0.032182
-80	1.2	0.030478
-80	1.3	0.029081
-80	1.4	0.028193
-80	1.5	0.027883
-80	1.6	0.026944
-80	1.7	0.026567
-80	1.8	0.025822
-80	1.9	0.024676
-80	2	0.022738
-80	2.1	0.020005
-80	2.2	0.016895
-80	2.3	0.015227
-80	2.4	0.013175
-80	2.5	0.011499
-80	2.6	0.0098865
-80	2.7	0.0093661
-80	2.8	0.0080482
-80	2.9	0.0072384
-80	3	0.0076149
-80	3.1	0.0068176
-80	3.2	0.0064322
-80	3.3	0.0067365
-80	3.4	0.0064947
-80	3.5	0.0070415
-80	3.6	0.007069
-80	3.7	0.0071327
-80	3.8	0.0063969
-80	3.9	0.0070781
-80	4	0.006564
-70	-4	0.012462
-70	-3.9	0.013161
-70	-3.8	0.013436
-70	-3.7	0.014137
-70	-3.6	0.014201
-70	-3.5	0.013529
-70	-3.4	0.012562
-70	-3.3	0.011228
-70	-3.2	0.010106
-70	-3.1	0.010154
-70	-3	0.013528
-70	-2.9	0.016035
-70	-2.8	0.020177
-70	-2.7	0.023613
-70	-2.6	0.025851
-70	-2.5	0.030113
-70	-2.4	0.035173
-70	-2.3	0.037979
-70	-2.2	0.041264
-70	-2.1	0.04063
-70	-2	0.037618
-70	-1.9	0.03274
-70	-1.8	0.02395
-70	-1.7	0.017574
-70	-1.6	0.017918
-70	-1.5	0.024343
-70	-1.4	0.030877
-70	-1.3	0.040508
-70	-1.2	0.045209
-70	-1.1	0.049387
-70	-1	0.048874
-70	-0.9	0.047438
-70	-0.8	0.039357
-70	-0.7	0.031511
-70	-0.6	0.02541
-70	-0.5	0.020699
-70	-0.4	0.014385
-70	-0.3	0.012245
-70	-0.2	0.011107
-70	-0.1	0.012268
-70	0	0.013243
-70	0.1	0.016561
-70	0.2	0.023665
-70	0.3	0.027283
-70	0.4	0.032927
-70	0.5	0.036642
-70	0.6	0.039566
-70	0.7	0.040186
-70	0.8	0.039399
-70	0.9	0.03618
-70	1	0.033545
-70	1.1	0.030076
-70	1.2	0.027455
-70	1.3	0.027285
-70	1.4	0.029181
-70	1.5	0.030444
-70	1.6	0.031459
-70	1.7	0.031161
-70	1.8	0.030162
-70	1.9	0.027112
-70	2	0.023671
-70	2.1	0.021361
-70	2.2	0.019511
-70	2.3	0.018004
-70	2.4	0.016811
-70	2.5	0.015078
-70	2.6	0.013268
-70	2.7	0.012031
-70	2.8	0.012115
-70	2.9	0.011893
-70	3	0.012388
-70	3.1	0.012657
-70	3.2	0.013279
-70	3.3	0.012542
-70	3.4	0.011067
-70	3.5	0.010429
-70	3.6	0.0097896
-70	3.7	0.009857
-70	3.8	0.0098275
-70	3.9	0.0097233
-70	4	0.0091831
-60	-4	0.014766
-60	-3.9	0.015529
-60	-3.8	0.016168
-60	-3.7	0.016011
-60	-3.6	0.014964
-60	-3.5	0.013904
-60	-3.4	0.011122
-60	-3.3	0.0091901
-60	-3.2	0.0090929
-60	-3.1	0.011787
-60	-3	0.014498
-60	-2.9	0.016224
-60	-2.8	0.019657
-60	-2.7	0.021808
-60	-2.6	0.02598
-60	-2.5	0.033559
-60	-2.4	0.036605
-60	-2.3	0.041691
-60	-2.2	0.042872
-60	-2.1	0.041744
-60	-2	0.036971
-60	-1.9	0.033458
-60	-1.8	0.024286
-60	-1.7	0.019771
-60	-1.6	0.019569
-60	-1.5	0.023318
-60	-1.4	0.036346
-60	-1.3	0.04148
-60	-1.2	0.046613
-60	-1.1	0.049177
-60	-1	0.047699
-60	-0.9	0.04262
-60	-0.8	0.038019
-60	-0.7	0.033723
-60	-0.6	0.026903
-60	-0.5	0.020717
-60	-0.4	0.016438
-60	-0.3	0.014689
-60	-0.2	0.01308
-60	-0.1	0.012867
-60	0	0.015671
-60	0.1	0.019641
-60	0.2	0.022992
-60	0.3	0.028772
-60	0.4	0.032633
-60	0.5	0.036223
-60	0.6	0.038785
-60	0.7	0.038224
-60	0.8	0.03733
-60	0.9	0.035295
-60	1	0.032097
-60	1.1	0.029665
-60	1.2	0.027867
-60	1.3	0.027233
-60	1.4	0.027231
-60	1.5	0.027646
-60	1.6	0.027743
-60	1.7	0.026905
-60	1.8	0.026661
-60	1.9	0.024602
-60	2	0.022873
-60	2.1	0.020772
-60	2.2	0.019748
-60	2.3	0.01745
-60	2.4	0.015718
-60	2.5	0.013532
-60	2.6	0.011289
-60	2.7	0.0098341
-60	2.8	0.0095116
-60	2.9	0.0098341
-60	3	0.010472
-60	3.1	0.01107
-60	3.2	0.010703
-60	3.3	0.01071
-60	3.4	0.0098127
-60	3.5	0.0094211
-60	3.6	0.0093176
-60	3.7	0.0094571
-60	3.8	0.0092846
-60	3.9	0.0092147
-60	4	0.0086949
-50	-4	0.014905
-50	-3.9	0.015008
-50	-3.8	0.015133
-50	-3.7	0.016575
-50	-3.6	0.017094
-50	-3.5	0.016174
-50	-3.4	0.013736
-50	-3.3	0.010382
-50	-3.2	0.0082388
-50	-3.1	0.010364
-50	-3	0.013892
-50	-2.9	0.017453
-50	-2.8	0.022205
-50	-2.7	0.024371
-50	-2.6	0.026448
-50	-2.5	0.029044
-50	-2.4	0.03561
-50	-2.3	0.038229
-50	-2.2	0.041811
-50	-2.1	0.043192
-50	-2	0.041025
-50	-1.9	0.034929
-50	-1.8	0.026048
-50	-1.7	0.017523
-50	-1.6	0.016883
-50	-1.5	0.025138
-50	-1.4	0.032685
-50	-1.3	0.040954
-50	-1.2	0.046684
-50	-1.1	0.049808
-50	-1	0.048723
-50	-0.9	0.045755
-50	-0.8	0.039475
-50	-0.7	0.032045
-50	-0.6	0.027937
-50	-0.5	0.018396
-50	-0.4	0.014982
-50	-0.3	0.012848
-50	-0.2	0.013392
-50	-0.1	0.014655
-50	0	0.01939
-50	0.1	0.024359
-50	0.2	0.028733
-50	0.3	0.034842
-50	0.4	0.037345
-50	0.5	0.039558
-50	0.6	0.039691
-50	0.7	0.038
-50	0.8	0.036491
-50	0.9	0.032226
-50	1	0.031061
-50	1.1	0.028631
-50	1.2	0.028034
-50	1.3	0.0287
-50	1.4	0.029067
-50	1.5	0.02924
-50	1.6	0.028226
-50	1.7	0.026265
-50	1.8	0.024539
-50	1.9	0.023018
-50	2	0.020741
-50	2.1	0.018987
-50	2.2	0.017548
-50	2.3	0.016192
-50	2.4	0.014049
-50	2.5	0.01268
-50	2.6	0.011048
-50	2.7	0.010068
-50	2.8	0.010557
-50	2.9	0.010688
-50	3	0.010854
-50	3.1	0.010716
-50	3.2	0.010949
-50	3.3	0.010404
-50	3.4	0.010434
-50	3.5	0.010472
-50	3.6	0.01024
-50	3.7	0.010492
-50	3.8	0.010008
-50	3.9	0.0093712
-50	4	0.008609
-40	-4	0.014066
-40	-3.9	0.014418
-40	-3.8	0.016982
-40	-3.7	0.018378
-40	-3.6	0.018348
-40	-3.5	0.01764
-40	-3.4	0.013666
-40	-3.3	0.010878
-40	-3.2	0.0084326
-40	-3.1	0.0094005
-40	-3	0.012852
-40	-2.9	0.017306
-40	-2.8	0.02294
-40	-2.7	0.025095
-40	-2.6	0.028011
-40	-2.5	0.032942
-40	-2.4	0.036717
-40	-2.3	0.041732
-40	-2.2	0.046385
-40	-2.1	0.047462
-40	-2	0.04401
-40	-1.9	0.038446
-40	-1.8	0.031148
-40	-1.7	0.021784
-40	-1.6	0.019582
-40	-1.5	0.025432
-40	-1.4	0.032907
-40	-1.3	0.04516
-40	-1.2	0.048803
-40	-1.1	0.051193
-40	-1	0.049892
-40	-0.9	0.046166
-40	-0.8	0.040769
-40	-0.7	0.032342
-40	-0.6	0.026959
-40	-0.5	0.021293
-40	-0.4	0.017605
-40	-0.3	0.015986
-40	-0.2	0.016333
-40	-0.1	0.018487
-40	0	0.020488
-40	0.1	0.025758
-40	0.2	0.030585
-40	0.3	0.034668
-40	0.4	0.038482
-40	0.5	0.041015
-40	0.6	0.041568
-40	0.7	0.041142
-40	0.8	0.039084
-40	0.9	0.03581
-40	1	0.032671
-40	1.1	0.027712
-40	1.2	0.02653
-40	1.3	0.025845
-40	1.4	0.026628
-40	1.5	0.028672
-40	1.6	0.029727
-40	1.7	0.029265
-40	1.8	0.027223
-40	1.9	0.024543
-40	2	0.020157
-40	2.1	0.016854
-40	2.2	0.014735
-40	2.3	0.01399
-40	2.4	0.01276
-40	2.5	0.012056
-40	2.6	0.011145
-40	2.7	0.0099452
-40	2.8	0.0089405
-40	2.9	0.0089568
-40	3	0.00968
-40	3.1	0.010381
-40	3.2	0.010884
-40	3.3	0.011294
-40	3.4	0.011475
-40	3.5	0.010421
-40	3.6	0.0093141
-40	3.7	0.0099501
-40	3.8	0.010058
-40	3.9	0.0096817
-40	4	0.009715
-30	-4	0.012912
-30	-3.9	0.014396
-30	-3.8	0.015842
-30	-3.7	0.017831
-30	-3.6	0.017967
-30	-3.5	0.017349
-30	-3.4	0.014812
-30	-3.3	0.011131
-30	-3.2	0.007583
-30	-3.1	0.0076234
-30	-3	0.011131
-30	-2.9	0.016953
-30	-2.8	0.019893
-30	-2.7	0.023257
-30	-2.6	0.029063
-30	-2.5	0.03206
-30	-2.4	0.036023
-30	-2.3	0.042125
-30	-2.2	0.046875
-30	-2.1	0.047198
-30	-2	0.044591
-30	-1.9	0.039054
-30	-1.8	0.028862
-30	-1.7	0.026322
-30	-1.6	0.022827
-30	-1.5	0.027353
-30	-1.4	0.03493
-30	-1.3	0.04352
-30	-1.2	0.048314
-30	-1.1	0.050793
-30	-1	0.049801
-30	-0.9	0.046671
-30	-0.8	0.040668
-30	-0.7	0.030239
-30	-0.6	0.024711
-30	-0.5	0.020993
-30	-0.4	0.017938
-30	-0.3	0.015409
-30	-0.2	0.015427
-30	-0.1	0.017461
-30	0	0.020235
-30	0.1	0.026437
-30	0.2	0.032536
-30	0.3	0.036984
-30	0.4	0.040874
-30	0.5	0.041862
-30	0.6	0.042271
-30	0.7	0.040721
-30	0.8	0.038495
-30	0.9	0.034795
-30	1	0.03323
-30	1.1	0.032045
-30	1.2	0.030421
-30	1.3	0.029331
-30	1.4	0.029463
-30	1.5	0.030469
-30	1.6	0.030539
-30	1.7	0.02964
-30	1.8	0.027882
-30	1.9	0.025505
-30	2	0.022376
-30	2.1	0.019087
-30	2.2	0.015455
-30	2.3	0.014077
-30	2.4	0.013183
-30	2.5	0.012611
-30	2.6	0.012505
-30	2.7	0.011398
-30	2.8	0.010961
-30	2.9	0.011321
-30	3	0.011651
-30	3.1	0.011437
-30	3.2	0.011808
-30	3.3	0.012039
-30	3.4	0.011782
-30	3.5	0.010945
-30	3.6	0.0098028
-30	3.7	0.0095116
-30	3.8	0.00967
-30	3.9	0.0093315
-30	4	0.0089079
-20	-4	0.015324
-20	-3.9	0.015999
-20	-3.8	0.017052
-20	-3.7	0.018449
-20	-3.6	0.019295
-20	-3.5	0.018204
-20	-3.4	0.017032
-20	-3.3	0.012298
-20	-3.2	0.0095641
-20	-3.1	0.0091301
-20	-3	0.012803
-20	-2.9	0.016967
-20	-2.8	0.021318
-20	-2.7	0.024083
-20	-2.6	0.027576
-20	-2.5	0.032744
-20	-2.4	0.040679
-20	-2.3	0.046508
-20	-2.2	0.050575
-20	-2.1	0.052499
-20	-2	0.048885
-20	-1.9	0.044806
-20	-1.8	0.032313
-20	-1.7	0.024618
-20	-1.6	0.025391
-20	-1.5	0.028734
-20	-1.4	0.038703
-20	-1.3	0.045333
-20	-1.2	0.049212
-20	-1.1	0.051151
-20	-1	0.047802
-20	-0.9	0.046254
-20	-0.8	0.038079
-20	-0.7	0.029922
-20	-0.6	0.024488
-20	-0.5	0.02047
-20	-0.4	0.018115
-20	-0.3	0.016653
-20	-0.2	0.017734
-20	-0.1	0.02045
-20	0	0.024364
-20	0.1	0.029342
-20	0.2	0.033877
-20	0.3	0.037937
-20	0.4	0.040663
-20	0.5	0.041338
-20	0.6	0.040167
-20	0.7	0.038303
-20	0.8	0.035357
-20	0.9	0.032405
-20	1	0.030163
-20	1.1	0.029724
-20	1.2	0.028978
-20	1.3	0.028933
-20	1.4	0.028604
-20	1.5	0.028738
-20	1.6	0.028083
-20	1.7	0.027147
-20	1.8	0.025091
-20	1.9	0.024269
-20	2	0.023373
-20	2.1	0.021309
-20	2.2	0.01771
-20	2.3	0.015458
-20	2.4	0.013836
-20	2.5	0.011813
-20	2.6	0.010872
-20	2.7	0.010486
-20	2.8	0.011745
-20	2.9	0.012341
-20	3	0.012723
-20	3.1	0.012164
-20	3.2	0.011129
-20	3.3	0.010871
-20	3.4	0.011276
-20	3.5	0.010569
-20	3.6	0.010973
-20	3.7	0.011945
-20	3.8	0.012685
-20	3.9	0.012686
-20	4	0.010728
-10	-4	0.014557
-10	-3.9	0.014171
-10	-3.8	0.015282
-10	-3.7	0.018228
-10	-3.6	0.018795
-10	-3.5	0.019261
-10	-3.4	0.017853
-10	-3.3	0.012702
-10	-3.2	0.0080502
-10	-3.1	0.0078839
-10	-3	0.011174
-10	-2.9	0.017352
-10	-2.8	0.01973
-10	-2.7	0.021651
-10	-2.6	0.025324
-10	-2.5	0.029516
-10	-2.4	0.037162
-10	-2.3	0.042634
-10	-2.2	0.049418
-10	-2.1	0.051778
-10	-2	0.049009
-10	-1.9	0.044912
-10	-1.8	0.035127
-10	-1.7	0.027915
-10	-1.6	0.023497
-10	-1.5	0.025781
-10	-1.4	0.034887
-10	-1.3	0.04035
-10	-1.2	0.048505
-10	-1.1	0.050228
-10	-1	0.049968
-10	-0.9	0.045629
-10	-0.8	0.04059
-10	-0.7	0.031672
-10	-0.6	0.024385
-10	-0.5	0.020412
-10	-0.4	0.017499
-10	-0.3	0.01639
-10	-0.2	0.016937
-10	-0.1	0.019623
-10	0	0.024642
-10	0.1	0.028758
-10	0.2	0.033369
-10	0.3	0.038419
-10	0.4	0.042004
-10	0.5	0.043253
-10	0.6	0.043225
-10	0.7	0.041894
-10	0.8	0.039079
-10	0.9	0.037188
-10	1	0.033361
-10	1.1	0.031752
-10	1.2	0.03079
-10	1.3	0.030223
-10	1.4	0.031036
-10	1.5	0.031811
-10	1.6	0.031848
-10	1.7	0.030978
-10	1.8	0.028272
-10	1.9	0.025343
-10	2	0.021334
-10	2.1	0.019685
-10	2.2	0.016333
-10	2.3	0.015136
-10	2.4	0.013522
-10	2.5	0.012229
-10	2.6	0.011612
-10	2.7	0.010587
-10	2.8	0.010719
-10	2.9	0.010624
-10	3	0.011392
-10	3.1	0.011795
-10	3.2	0.012356
-10	3.3	0.012535
-10	3.4	0.01204
-10	3.5	0.011631
-10	3.6	0.010958
-10	3.7	0.010446
-10	3.8	0.010659
-10	3.9	0.010309
-10	4	0.0096466
0	-4	0.013613
0	-3.9	0.014168
0	-3.8	0.015687
0	-3.7	0.017187
0	-3.6	0.018784
0	-3.5	0.018717
0	-3.4	0.015626
0	-3.3	0.013511
0	-3.2	0.0092217
0	-3.1	0.0084365
0	-3	0.01176
0	-2.9	0.015058
0	-2.8	0.018116
0	-2.7	0.021741
0	-2.6	0.028361
0	-2.5	0.033333
0	-2.4	0.040411
0	-2.3	0.044826
0	-2.2	0.04883
0	-2.1	0.050289
0	-2	0.047521
0	-1.9	0.04348
0	-1.8	0.034909
0	-1.7	0.028663
0	-1.6	0.02409
0	-1.5	0.029443
0	-1.4	0.037389
0	-1.3	0.043354
0	-1.2	0.047581
0	-1.1	0.050139
0	-1	0.047855
0	-0.9	0.044293
0	-0.8	0.037365
0	-0.7	0.030463
0	-0.6	0.024771
0	-0.5	0.019161
0	-0.4	0.017655
0	-0.3	0.01672
0	-0.2	0.01656
0	-0.1	0.019155
0	0	0.023363
0	0.1	0.026772
0	0.2	0.034142
0	0.3	0.037121
0	0.4	0.040268
0	0.5	0.042015
0	0.6	0.041403
0	0.7	0.039135
0	0.8	0.035724
0	0.9	0.03415
0	1	0.031123
0	1.1	0.030607
0	1.2	0.030195
0	1.3	0.030832
0	1.4	0.031211
0	1.5	0.031584
0	1.6	0.031558
0	1.7	0.030582
0	1.8	0.028847
0	1.9	0.027074
0	2	0.023592
0	2.1	0.020629
0	2.2	0.018263
0	2.3	0.016042
0	2.4	0.015511
0	2.5	0.014202
0	2.6	0.013697
0	2.7	0.012809
0	2.8	0.012051
0	2.9	0.012155
0	3	0.012591
0	3.1	0.013526
0	3.2	0.014506
0	3.3	0.014989
0	3.4	0.014941
0	3.5	0.013845
0	3.6	0.012017
0	3.7	0.010937
0	3.8	0.010303
0	3.9	0.0094263
0	4	0.0097366
10	-4	0.015658
10	-3.9	0.015147
10	-3.8	0.015842
10	-3.7	0.017515
10	-3.6	0.018638
10	-3.5	0.018592
10	-3.4	0.016341
10	-3.3	0.014226
10	-3.2	0.0091884
10	-3.1	0.0082132
10	-3	0.011829
10	-2.9	0.015448
10	-2.8	0.02051
10	-2.7	0.022815
10	-2.6	0.025216
10	-2.5	0.030103
10	-2.4	0.037389
10	-2.3	0.043353
10	-2.2	0.047336
10	-2.1	0.049978
10	-2	0.049156
10	-1.9	0.044003
10	-1.8	0.037241
10	-1.7	0.024225
10	-1.6	0.021028
10	-1.5	0.023579
10	-1.4	0.033602
10	-1.3	0.04555
10	-1.2	0.049792
10	-1.1	0.052355
10	-1	0.051228
10	-0.9	0.04713
10	-0.8	0.040853
10	-0.7	0.028408
10	-0.6	0.022609
10	-0.5	0.018305
10	-0.4	0.014496
10	-0.3	0.013227
10	-0.2	0.013467
10	-0.1	0.015685
10	0	0.02023
10	0.1	0.026163
10	0.2	0.032615
10	0.3	0.037378
10	0.4	0.040863
10	0.5	0.041875
10	0.6	0.041634
10	0.7	0.039914
10	0.8	0.03618
10	0.9	0.033154
10	1	0.030856
10	1.1	0.028908
10	1.2	0.028816
10	1.3	0.029519
10	1.4	0.030281
10	1.5	0.030697
10	1.6	0.030064
10	1.7	0.028405
10	1.8	0.026143
10	1.9	0.024217
10	2	0.021344
10	2.1	0.020216
10	2.2	0.019281
10	2.3	0.017196
10	2.4	0.015862
10	2.5	0.013804
10	2.6	0.012098
10	2.7	0.010982
10	2.8	0.011994
10	2.9	0.013241
10	3	0.014597
10	3.1	0.015017
10	3.2	0.014571
10	3.3	0.013617
10	3.4	0.012497
10	3.5	0.01147
10	3.6	0.010786
10	3.7	0.010328
10	3.8	0.010734
10	3.9	0.010534
10	4	0.0096164
20	-4	0.012648
20	-3.9	0.012636
20	-3.8	0.01443
20	-3.7	0.016307
20	-3.6	0.017532
20	-3.5	0.017905
20	-3.4	0.016113
20	-3.3	0.011678
20	-3.2	0.0068578
20	-3.1	0.0082993
20	-3	0.012115
20	-2.9	0.015977
20	-2.8	0.018533
20	-2.7	0.021079
20	-2.6	0.023678
20	-2.5	0.029302
20	-2.4	0.033439
20	-2.3	0.040656
20	-2.2	0.046693
20	-2.1	0.048225
20	-2	0.045703
20	-1.9	0.0438
20	-1.8	0.034
20	-1.7	0.024168
20	-1.6	0.02087
20	-1.5	0.023936
20	-1.4	0.030963
20	-1.3	0.039343
20	-1.2	0.047156
20	-1.1	0.049851
20	-1	0.048701
20	-0.9	0.044731
20	-0.8	0.036897
20	-0.7	0.029122
20	-0.6	0.022434
20	-0.5	0.017211
20	-0.4	0.015035
20	-0.3	0.013653
20	-0.2	0.013705
20	-0.1	0.015125
20	0	0.019636
20	0.1	0.025739
20	0.2	0.028466
20	0.3	0.033456
20	0.4	0.037322
20	0.5	0.038874
20	0.6	0.038968
20	0.7	0.037145
20	0.8	0.036025
20	0.9	0.033411
20	1	0.031685
20	1.1	0.030399
20	1.2	0.030481
20	1.3	0.031116
20	1.4	0.032072
20	1.5	0.032195
20	1.6	0.031847
20	1.7	0.031306
20	1.8	0.029809
20	1.9	0.026868
20	2	0.025156
20	2.1	0.022202
20	2.2	0.020217
20	2.3	0.016978
20	2.4	0.0155
20	2.5	0.014732
20	2.6	0.013106
20	2.7	0.012804
20	2.8	0.013172
20	2.9	0.01418
20	3	0.014568
20	3.1	0.015092
20	3.2	0.014491
20	3.3	0.014361
20	3.4	0.013928
20	3.5	0.013734
20	3.6	0.012816
20	3.7	0.012944
20	3.8	0.012227
20	3.9	0.011355
20	4	0.010379
30	-4	0.0132
30	-3.9	0.011557
30	-3.8	0.010424
30	-3.7	0.011495
30	-3.6	0.01332
30	-3.5	0.015195
30	-3.4	0.015367
30	-3.3	0.013411
30	-3.2	0.010282
30	-3.1	0.0070918
30	-3	0.0076106
30	-2.9	0.011488
30	-2.8	0.017772
30	-2.7	0.022743
30	-2.6	0.025378
30	-2.5	0.028173
30	-2.4	0.030398
30	-2.3	0.035032
30	-2.2	0.038075
30	-2.1	0.043216
30	-2	0.043506
30	-1.9	0.042031
30	-1.8	0.035305
30	-1.7	0.028262
30	-1.6	0.021068
30	-1.5	0.022363
30	-1.4	0.030759
30	-1.3	0.038129
30	-1.2	0.047766
30	-1.1	0.050174
30	-1	0.050702
30	-0.9	0.047925
30	-0.8	0.040936
30	-0.7	0.034796
30	-0.6	0.023545
30	-0.5	0.018687
30	-0.4	0.015378
30	-0.3	0.012756
30	-0.2	0.01071
30	-0.1	0.0097664
30	0	0.013668
30	0.1	0.018229
30	0.2	0.02496
30	0.3	0.03582
30	0.4	0.040161
30	0.5	0.042991
30	0.6	0.043232
30	0.7	0.041037
30	0.8	0.038698
30	0.9	0.034942
30	1	0.031676
30	1.1	0.029938
30	1.2	0.028658
30	1.3	0.029163
30	1.4	0.029443
30	1.5	0.030315
30	1.6	0.030232
30	1.7	0.02995
30	1.8	0.028648
30	1.9	0.026442
30	2	0.024713
30	2.1	0.019924
30	2.2	0.017301
30	2.3	0.014922
30	2.4	0.012793
30	2.5	0.011043
30	2.6	0.01097
30	2.7	0.011118
30	2.8	0.010725
30	2.9	0.01058
30	3	0.010162
30	3.1	0.010087
30	3.2	0.0093678
30	3.3	0.009715
30	3.4	0.010565
30	3.5	0.010973
30	3.6	0.01145
30	3.7	0.012083
30	3.8	0.011686
30	3.9	0.011644
30	4	0.010151
40	-4	0.011785
40	-3.9	0.011021
40	-3.8	0.010965
40	-3.7	0.011926
40	-3.6	0.013578
40	-3.5	0.014205
40	-3.4	0.013395
40	-3.3	0.012084
40	-3.2	0.0089874
40	-3.1	0.0077537
40	-3	0.00801
40	-2.9	0.014471
40	-2.8	0.018165
40	-2.7	0.021964
40	-2.6	0.024694
40	-2.5	0.028207
40	-2.4	0.031202
40	-2.3	0.034416
40	-2.2	0.037091
40	-2.1	0.03811
40	-2	0.037468
40	-1.9	0.034369
40	-1.8	0.02774
40	-1.7	0.022337
40	-1.6	0.017645
40	-1.5	0.017786
40	-1.4	0.027992
40	-1.3	0.033034
40	-1.2	0.045195
40	-1.1	0.048776
40	-1	0.049216
40	-0.9	0.046916
40	-0.8	0.038784
40	-0.7	0.031798
40	-0.6	0.022571
40	-0.5	0.019312
40	-0.4	0.013054
40	-0.3	0.011191
40	-0.2	0.010303
40	-0.1	0.010851
40	0	0.015426
40	0.1	0.01795
40	0.2	0.02447
40	0.3	0.032343
40	0.4	0.038051
40	0.5	0.040441
40	0.6	0.040992
40	0.7	0.039588
40	0.8	0.037509
40	0.9	0.032031
40	1	0.030019
40	1.1	0.027666
40	1.2	0.026939
40	1.3	0.027408
40	1.4	0.028661
40	1.5	0.029871
40	1.6	0.03009
40	1.7	0.029976
40	1.8	0.029189
40	1.9	0.027371
40	2	0.025705
40	2.1	0.023087
40	2.2	0.020525
40	2.3	0.018327
40	2.4	0.017131
40	2.5	0.015613
40	2.6	0.014836
40	2.7	0.014882
40	2.8	0.014443
40	2.9	0.01435
40	3	0.013628
40	3.1	0.01356
40	3.2	0.013698
40	3.3	0.013705
40	3.4	0.014155
40	3.5	0.013859
40	3.6	0.01332
40	3.7	0.012595
40	3.8	0.011773
40	3.9	0.011338
40	4	0.010748
50	-4	0.012796
50	-3.9	0.0094895
50	-3.8	0.0078469
50	-3.7	0.0086109
50	-3.6	0.0118
50	-3.5	0.01398
50	-3.4	0.014117
50	-3.3	0.011806
50	-3.2	0.007818
50	-3.1	0.0064196
50	-3	0.0089243
50	-2.9	0.014487
50	-2.8	0.018994
50	-2.7	0.023256
50	-2.6	0.024837
50	-2.5	0.025272
50	-2.4	0.026676
50	-2.3	0.028638
50	-2.2	0.03265
50	-2.1	0.036839
50	-2	0.039233
50	-1.9	0.036953
50	-1.8	0.031573
50	-1.7	0.025249
50	-1.6	0.014994
50	-1.5	0.015658
50	-1.4	0.027173
50	-1.3	0.035929
50	-1.2	0.045403
50	-1.1	0.051608
50	-1	0.052179
50	-0.9	0.048854
50	-0.8	0.043246
50	-0.7	0.037627
50	-0.6	0.027879
50	-0.5	0.018844
50	-0.4	0.015313
50	-0.3	0.010775
50	-0.2	0.01001
50	-0.1	0.010632
50	0	0.013704
50	0.1	0.019645
50	0.2	0.023863
50	0.3	0.031029
50	0.4	0.035027
50	0.5	0.038619
50	0.6	0.039753
50	0.7	0.039311
50	0.8	0.038378
50	0.9	0.034317
50	1	0.031779
50	1.1	0.028674
50	1.2	0.027717
50	1.3	0.02822
50	1.4	0.028737
50	1.5	0.030471
50	1.6	0.03122
50	1.7	0.031863
50	1.8	0.031256
50	1.9	0.029113
50	2	0.027102
50	2.1	0.02546
50	2.2	0.024011
50	2.3	0.020979
50	2.4	0.018976
50	2.5	0.017788
50	2.6	0.016792
50	2.7	0.013725
50	2.8	0.012075
50	2.9	0.01237
50	3	0.01316
50	3.1	0.013571
50	3.2	0.014291
50	3.3	0.015016
50	3.4	0.014537
50	3.5	0.013956
50	3.6	0.013074
50	3.7	0.012308
50	3.8	0.01142
50	3.9	0.010872
50	4	0.010475
60	-4	0.011123
60	-3.9	0.010509
60	-3.8	0.009839
60	-3.7	0.0090715
60	-3.6	0.0089424
60	-3.5	0.009043
60	-3.4	0.0089442
60	-3.3	0.0087874
60	-3.2	0.0076191
60	-3.1	0.0078387
60	-3	0.012312
60	-2.9	0.015669
60	-2.8	0.020214
60	-2.7	0.022578
60	-2.6	0.023871
60	-2.5	0.024335
60	-2.4	0.025661
60	-2.3	0.027865
60	-2.2	0.031149
60	-2.1	0.0333
60	-2	0.034469
60	-1.9	0.033595
60	-1.8	0.027463
60	-1.7	0.02014
60	-1.6	0.016469
60	-1.5	0.016064
60	-1.4	0.023349
60	-1.3	0.036072
60	-1.2	0.043357
60	-1.1	0.047529
60	-1	0.052887
60	-0.9	0.052671
60	-0.8	0.048423
60	-0.7	0.040955
60	-0.6	0.03205
60	-0.5	0.023039
60	-0.4	0.016366
60	-0.3	0.013969
60	-0.2	0.012108
60	-0.1	0.011207
60	0	0.012527
60	0.1	0.017009
60	0.2	0.022467
60	0.3	0.028058
60	0.4	0.036627
60	0.5	0.040925
60	0.6	0.044193
60	0.7	0.043947
60	0.8	0.041476
60	0.9	0.036429
60	1	0.032691
60	1.1	0.029837
60	1.2	0.029303
60	1.3	0.030561
60	1.4	0.032854
60	1.5	0.033748
60	1.6	0.033696
60	1.7	0.032892
60	1.8	0.030616
60	1.9	0.02828
60	2	0.026781
60	2.1	0.024979
60	2.2	0.024208
60	2.3	0.02307
60	2.4	0.020351
60	2.5	0.017571
60	2.6	0.016609
60	2.7	0.0127
60	2.8	0.011864
60	2.9	0.012528
60	3	0.014272
60	3.1	0.015344
60	3.2	0.015685
60	3.3	0.015238
60	3.4	0.013912
60	3.5	0.013194
60	3.6	0.012374
60	3.7	0.012333
60	3.8	0.012598
60	3.9	0.013028
60	4	0.012924
70	-4	0.010784
70	-3.9	0.009
70	-3.8	0.0073228
70	-3.7	0.0063842
70	-3.6	0.0090412
70	-3.5	0.011762
70	-3.4	0.012285
70	-3.3	0.011243
70	-3.2	0.0095269
70	-3.1	0.0070804
70	-3	0.0073843
70	-2.9	0.011325
70	-2.8	0.018735
70	-2.7	0.023969
70	-2.6	0.02652
70	-2.5	0.026976
70	-2.4	0.026763
70	-2.3	0.027254
70	-2.2	0.028044
70	-2.1	0.032278
70	-2	0.035003
70	-1.9	0.035954
70	-1.8	0.033689
70	-1.7	0.025981
70	-1.6	0.021089
70	-1.5	0.015881
70	-1.4	0.02341
70	-1.3	0.032554
70	-1.2	0.043856
70	-1.1	0.048576
70	-1	0.054711
70	-0.9	0.054899
70	-0.8	0.051753
70	-0.7	0.044279
70	-0.6	0.036695
70	-0.5	0.027573
70	-0.4	0.021975
70	-0.3	0.01503
70	-0.2	0.01241
70	-0.1	0.012283
70	0	0.01371
70	0.1	0.016844
70	0.2	0.021092
70	0.3	0.02905
70	0.4	0.033132
70	0.5	0.038104
70	0.6	0.042246
70	0.7	0.043698
70	0.8	0.043285
70	0.9	0.041127
70	1	0.038289
70	1.1	0.034689
70	1.2	0.030313
70	1.3	0.02828
70	1.4	0.028346
70	1.5	0.029778
70	1.6	0.030899
70	1.7	0.032276
70	1.8	0.032329
70	1.9	0.031175
70	2	0.028829
70	2.1	0.025664
70	2.2	0.02378
70	2.3	0.022016
70	2.4	0.019891
70	2.5	0.018813
70	2.6	0.017078
70	2.7	0.014975
70	2.8	0.013687
70	2.9	0.012844
70	3	0.01262
70	3.1	0.012395
70	3.2	0.013145
70	3.3	0.013008
70	3.4	0.012518
70	3.5	0.012405
70	3.6	0.011924
70	3.7	0.012198
70	3.8	0.01255
70	3.9	0.012171
70	4	0.011864
80	-4	0.009705
80	-3.9	0.0081401
80	-3.8	0.0062201
80	-3.7	0.0065344
80	-3.6	0.0093072
80	-3.5	0.011612
80	-3.4	0.012467
80	-3.3	0.011797
80	-3.2	0.007851
80	-3.1	0.006517
80	-3	0.010578
80	-2.9	0.013671
80	-2.8	0.020097
80	-2.7	0.024
80	-2.6	0.025423
80	-2.5	0.025503
80	-2.4	0.025215
80	-2.3	0.025928
80	-2.2	0.028722
80	-2.1	0.03209
80	-2	0.034364
80	-1.9	0.034404
80	-1.8	0.033136
80	-1.7	0.023963
80	-1.6	0.020143
80	-1.5	0.016369
80	-1.4	0.024033
80	-1.3	0.033231
80	-1.2	0.04237
80	-1.1	0.050177
80	-1	0.054894
80	-0.9	0.055391
80	-0.8	0.050532
80	-0.7	0.047693
80	-0.6	0.038618
80	-0.5	0.032842
80	-0.4	0.026484
80	-0.3	0.01885
80	-0.2	0.015389
80	-0.1	0.013356
80	0	0.014581
80	0.1	0.017942
80	0.2	0.023299
80	0.3	0.028029
80	0.4	0.035824
80	0.5	0.039797
80	0.6	0.042806
80	0.7	0.044855
80	0.8	0.045003
80	0.9	0.042234
80	1	0.039747
80	1.1	0.035745
80	1.2	0.033584
80	1.3	0.03223
80	1.4	0.032609
80	1.5	0.033691
80	1.6	0.034524
80	1.7	0.035521
80	1.8	0.035288
80	1.9	0.034506
80	2	0.032909
80	2.1	0.029749
80	2.2	0.02822
80	2.3	0.02504
80	2.4	0.022277
80	2.5	0.020253
80	2.6	0.01862
80	2.7	0.016955
80	2.8	0.015836
80	2.9	0.015385
80	3	0.014959
80	3.1	0.014942
80	3.2	0.014776
80	3.3	0.014752
80	3.4	0.014179
80	3.5	0.013885
80	3.6	0.014192
80	3.7	0.014537
80	3.8	0.014534
80	3.9	0.013436
80	4	0.012824
90	-4	0.0083071
90	-3.9	0.0081659
90	-3.8	0.0065269
90	-3.7	0.0056995
90	-3.6	0.0071891
90	-3.5	0.0083227
90	-3.4	0.0093315
90	-3.3	0.0097896
90	-3.2	0.0099338
90	-3.1	0.0086446
90	-3	0.0082544
90	-2.9	0.012391
90	-2.8	0.01677
90	-2.7	0.020721
90	-2.6	0.023331
90	-2.5	0.027261
90	-2.4	0.027814
90	-2.3	0.028071
90	-2.2	0.028449
90	-2.1	0.029309
90	-2	0.031125
90	-1.9	0.032631
90	-1.8	0.032874
90	-1.7	0.029741
90	-1.6	0.025405
90	-1.5	0.021682
90	-1.4	0.022195
90	-1.3	0.026307
90	-1.2	0.035805
90	-1.1	0.045864
90	-1	0.051819
90	-0.9	0.056377
90	-0.8	0.056687
90	-0.7	0.052595
90	-0.6	0.046263
90	-0.5	0.036659
90	-0.4	0.030847
90	-0.3	0.025955
90	-0.2	0.018479
90	-0.1	0.015835
90	0	0.014763
90	0.1	0.016094
90	0.2	0.02359
90	0.3	0.030322
90	0.4	0.037531
90	0.5	0.043578
90	0.6	0.048008
90	0.7	0.049179
90	0.8	0.048804
90	0.9	0.046449
90	1	0.045337
90	1.1	0.042483
90	1.2	0.040329
90	1.3	0.040306
90	1.4	0.040085
90	1.5	0.04022
90	1.6	0.039474
90	1.7	0.038329
90	1.8	0.037516
90	1.9	0.035256
90	2	0.033468
90	2.1	0.03029
90	2.2	0.028834
90	2.3	0.027428
90	2.4	0.023141
90	2.5	0.020363
90	2.6	0.017927
90	2.7	0.016201
90	2.8	0.013577
90	2.9	0.013116
90	3	0.012474
90	3.1	0.012928
90	3.2	0.013072
90	3.3	0.013105
90	3.4	0.012379
90	3.5	0.011112
90	3.6	0.010962
90	3.7	0.011328
90	3.8	0.010924
90	3.9	0.010189
90	4	0.0096096
100	-4	0.0089315
100	-3.9	0.0088534
100	-3.8	0.0081738
100	-3.7	0.007135
100	-3.6	0.0067629
100	-3.5	0.007693
100	-3.4	0.010215
100	-3.3	0.011564
100	-3.2	0.012444
100	-3.1	0.012518
100	-3	0.012084
100	-2.9	0.012987
100	-2.8	0.01618
100	-2.7	0.019652
100	-2.6	0.022801
100	-2.5	0.027259
100	-2.4	0.028726
100	-2.3	0.030484
100	-2.2	0.030972
100	-2.1	0.031134
100	-2	0.032114
100	-1.9	0.03205
100	-1.8	0.031807
100	-1.7	0.031139
100	-1.6	0.029372
100	-1.5	0.025028
100	-1.4	0.023781
100	-1.3	0.026871
100	-1.2	0.031579
100	-1.1	0.044246
100	-1	0.051858
100	-0.9	0.056205
100	-0.8	0.058172
100	-0.7	0.057046
100	-0.6	0.050493
100	-0.5	0.046611
100	-0.4	0.037218
100	-0.3	0.027689
100	-0.2	0.021409
100	-0.1	0.017921
100	0	0.016082
100	0.1	0.016905
100	0.2	0.020172
100	0.3	0.027838
100	0.4	0.036622
100	0.5	0.041799
100	0.6	0.048329
100	0.7	0.051798
100	0.8	0.052816
100	0.9	0.052221
100	1	0.049648
100	1.1	0.046388
100	1.2	0.043711
100	1.3	0.042091
100	1.4	0.041443
100	1.5	0.040098
100	1.6	0.039753
100	1.7	0.03866
100	1.8	0.036818
100	1.9	0.03603
100	2	0.033223
100	2.1	0.031173
100	2.2	0.029026
100	2.3	0.025533
100	2.4	0.021754
100	2.5	0.019668
100	2.6	0.01697
100	2.7	0.015497
100	2.8	0.013772
100	2.9	0.012645
100	3	0.011905
100	3.1	0.011263
100	3.2	0.01068
100	3.3	0.010306
100	3.4	0.0099012
100	3.5	0.0096012
100	3.6	0.0093089
100	3.7	0.0093384
100	3.8	0.0086165
100	3.9	0.008373
100	4	0.0084842
110	-4	0.0085846
110	-3.9	0.0088825
110	-3.8	0.0077973
110	-3.7	0.0073799
110	-3.6	0.0071055
110	-3.5	0.0085469
110	-3.4	0.0096113
110	-3.3	0.01202
110	-3.2	0.012458
110	-3.1	0.012492
110	-3	0.012496
110	-2.9	0.01397
110	-2.8	0.016327
110	-2.7	0.021869
110	-2.6	0.024605
110	-2.5	0.026939
110	-2.4	0.028716
110	-2.3	0.029967
110	-2.2	0.030907
110	-2.1	0.032593
110	-2	0.034687
110	-1.9	0.037029
110	-1.8	0.036631
110	-1.7	0.033948
110	-1.6	0.02851
110	-1.5	0.023926
110	-1.4	0.023178
110	-1.3	0.028516
110	-1.2	0.03311
110	-1.1	0.043231
110	-1	0.052622
110	-0.9	0.056027
110	-0.8	0.058182
110	-0.7	0.057101
110	-0.6	0.052294
110	-0.5	0.044362
110	-0.4	0.040078
110	-0.3	0.031743
110	-0.2	0.028146
110	-0.1	0.021054
110	0	0.019305
110	0.1	0.019583
110	0.2	0.023303
110	0.3	0.025812
110	0.4	0.032936
110	0.5	0.040625
110	0.6	0.046032
110	0.7	0.049311
110	0.8	0.050557
110	0.9	0.050362
110	1	0.04827
110	1.1	0.045452
110	1.2	0.042881
110	1.3	0.042012
110	1.4	0.040656
110	1.5	0.040501
110	1.6	0.040391
110	1.7	0.040593
110	1.8	0.04087
110	1.9	0.039386
110	2	0.037405
110	2.1	0.035717
110	2.2	0.032412
110	2.3	0.029143
110	2.4	0.025947
110	2.5	0.023425
110	2.6	0.02114
110	2.7	0.019815
110	2.8	0.016803
110	2.9	0.014859
110	3	0.013622
110	3.1	0.012854
110	3.2	0.012302
110	3.3	0.012078
110	3.4	0.011992
110	3.5	0.012458
110	3.6	0.012509
110	3.7	0.011908
110	3.8	0.010736
110	3.9	0.0098685
110	4	0.010203
120	-4	0.0079126
120	-3.9	0.0080462
120	-3.8	0.0068294
120	-3.7	0.0067197
120	-3.6	0.0069792
120	-3.5	0.0068223
120	-3.4	0.0096984
120	-3.3	0.011002
120	-3.2	0.01099
120	-3.1	0.010318
120	-3	0.0097316
120	-2.9	0.011246
120	-2.8	0.016192
120	-2.7	0.021261
120	-2.6	0.023718
120	-2.5	0.027281
120	-2.4	0.028756
120	-2.3	0.029487
120	-2.2	0.030292
120	-2.1	0.031695
120	-2	0.034404
120	-1.9	0.037983
120	-1.8	0.038831
120	-1.7	0.038733
120	-1.6	0.034208
120	-1.5	0.029938
120	-1.4	0.027002
120	-1.3	0.028428
120	-1.2	0.037327
120	-1.1	0.046033
120	-1	0.053978
120	-0.9	0.06071
120	-0.8	0.061257
120	-0.7	0.060252
120	-0.6	0.055388
120	-0.5	0.047673
120	-0.4	0.043316
120	-0.3	0.030788
120	-0.2	0.024929
120	-0.1	0.02297
120	0	0.020663
120	0.1	0.021272
120	0.2	0.025481
120	0.3	0.032232
120	0.4	0.040184
120	0.5	0.043185
120	0.6	0.048939
120	0.7	0.050247
120	0.8	0.051565
120	0.9	0.05044
120	1	0.048709
120	1.1	0.046575
120	1.2	0.045443
120	1.3	0.045018
120	1.4	0.044807
120	1.5	0.043432
120	1.6	0.042936
120	1.7	0.041726
120	1.8	0.040364
120	1.9	0.038478
120	2	0.036368
120	2.1	0.034287
120	2.2	0.032683
120	2.3	0.029694
120	2.4	0.026365
120	2.5	0.025621
120	2.6	0.023772
120	2.7	0.022345
120	2.8	0.018806
120	2.9	0.01746
120	3	0.01658
120	3.1	0.014365
120	3.2	0.01316
120	3.3	0.012732
120	3.4	0.013137
120	3.5	0.013721
120	3.6	0.014389
120	3.7	0.01371
120	3.8	0.011902
120	3.9	0.010664
120	4	0.010073
130	-4	0.0090555
130	-3.9	0.008991
130	-3.8	0.00801
130	-3.7	0.0073558
130	-3.6	0.00697
130	-3.5	0.0093436
130	-3.4	0.012277
130	-3.3	0.013766
130	-3.2	0.013392
130	-3.1	0.012142
130	-3	0.010841
130	-2.9	0.013268
130	-2.8	0.018301
130	-2.7	0.023216
130	-2.6	0.029762
130	-2.5	0.033189
130	-2.4	0.03327
130	-2.3	0.032176
130	-2.2	0.030135
130	-2.1	0.03046
130	-2	0.031627
130	-1.9	0.036382
130	-1.8	0.039027
130	-1.7	0.040299
130	-1.6	0.037298
130	-1.5	0.031504
130	-1.4	0.028185
130	-1.3	0.029355
130	-1.2	0.036996
130	-1.1	0.044676
130	-1	0.053041
130	-0.9	0.060473
130	-0.8	0.063855
130	-0.7	0.06434
130	-0.6	0.05739
130	-0.5	0.052511
130	-0.4	0.042939
130	-0.3	0.033926
130	-0.2	0.030061
130	-0.1	0.025216
130	0	0.022848
130	0.1	0.022881
130	0.2	0.026244
130	0.3	0.028967
130	0.4	0.037531
130	0.5	0.044144
130	0.6	0.049388
130	0.7	0.052893
130	0.8	0.054125
130	0.9	0.053489
130	1	0.050634
130	1.1	0.048166
130	1.2	0.045824
130	1.3	0.044753
130	1.4	0.043435
130	1.5	0.043477
130	1.6	0.043619
130	1.7	0.042743
130	1.8	0.040931
130	1.9	0.039512
130	2	0.037292
130	2.1	0.035436
130	2.2	0.032881
130	2.3	0.029683
130	2.4	0.028841
130	2.5	0.026556
130	2.6	0.023733
130	2.7	0.022696
130	2.8	0.019271
130	2.9	0.017847
130	3	0.015663
130	3.1	0.013814
130	3.2	0.013306
130	3.3	0.01211
130	3.4	0.011875
130	3.5	0.012637
130	3.6	0.013116
130	3.7	0.01265
130	3.8	0.012327
130	3.9	0.011461
130	4	0.011197
140	-4	0.0078346
140	-3.9	0.0087098
140	-3.8	0.0090036
140	-3.7	0.0089514
140	-3.6	0.0086931
140	-3.5	0.0089025
140	-3.4	0.011399
140	-3.3	0.012447
140	-3.2	0.01366
140	-3.1	0.014591
140	-3	0.015304
140	-2.9	0.016444
140	-2.8	0.018711
140	-2.7	0.020602
140	-2.6	0.02449
140	-2.5	0.027049
140	-2.4	0.029511
140	-2.3	0.030851
140	-2.2	0.032431
140	-2.1	0.033533
140	-2	0.035485
140	-1.9	0.037648
140	-1.8	0.039437
140	-1.7	0.039855
140	-1.6	0.038569
140	-1.5	0.034874
140	-1.4	0.032167
140	-1.3	0.032551
140	-1.2	0.037675
140	-1.1	0.041491
140	-1	0.050299
140	-0.9	0.059573
140	-0.8	0.062493
140	-0.7	0.063131
140	-0.6	0.060411
140	-0.5	0.051855
140	-0.4	0.043052
140	-0.3	0.035878
140	-0.2	0.03125
140	-0.1	0.025692
140	0	0.02319
140	0.1	0.023257
140	0.2	0.026078
140	0.3	0.028762
140	0.4	0.036497
140	0.5	0.042152
140	0.6	0.048858
140	0.7	0.052576
140	0.8	0.054083
140	0.9	0.054516
140	1	0.052997
140	1.1	0.051341
140	1.2	0.048575
140	1.3	0.04665
140	1.4	0.045448
140	1.5	0.043643
140	1.6	0.042598
140	1.7	0.041498
140	1.8	0.040082
140	1.9	0.038391
140	2	0.037101
140	2.1	0.035679
140	2.2	0.033167
140	2.3	0.029308
140	2.4	0.027205
140	2.5	0.024741
140	2.6	0.021541
140	2.7	0.019634
140	2.8	0.018291
140	2.9	0.016837
140	3	0.015916
140	3.1	0.014032
140	3.2	0.012669
140	3.3	0.012055
140	3.4	0.011683
140	3.5	0.011838
140	3.6	0.0107
140	3.7	0.0096399
140	3.8	0.0096867
140	3.9	0.0093799
140	4	0.0091478
150	-4	0.0090911
150	-3.9	0.0090982
150	-3.8	0.008562
150	-3.7	0.008148
150	-3.6	0.0077098
150	-3.5	0.009725
150	-3.4	0.010824
150	-3.3	0.01314
150	-3.2	0.014966
150	-3.1	0.015599
150	-3	0.015481
150	-2.9	0.016179
150	-2.8	0.018701
150	-2.7	0.021871
150	-2.6	0.026845
150	-2.5	0.030494
150	-2.4	0.032344
150	-2.3	0.034371
150	-2.2	0.035238
150	-2.1	0.036508
150	-2	0.03744
150	-1.9	0.038754
150	-1.8	0.039564
150	-1.7	0.039333
150	-1.6	0.037072
150	-1.5	0.035424
150	-1.4	0.033223
150	-1.3	0.034462
150	-1.2	0.037918
150	-1.1	0.04641
150	-1	0.052618
150	-0.9	0.056992
150	-0.8	0.060951
150	-0.7	0.06102
150	-0.6	0.059498
150	-0.5	0.053494
150	-0.4	0.049517
150	-0.3	0.041838
150	-0.2	0.033661
150	-0.1	0.030589
150	0	0.027224
150	0.1	0.026121
150	0.2	0.028846
150	0.3	0.03238
150	0.4	0.035413
150	0.5	0.043289
150	0.6	0.047085
150	0.7	0.052907
150	0.8	0.054148
150	0.9	0.054272
150	1	0.053389
150	1.1	0.05131
150	1.2	0.050073
150	1.3	0.048907
150	1.4	0.047787
150	1.5	0.046839
150	1.6	0.046042
150	1.7	0.04474
150	1.8	0.041739
150	1.9	0.040152
150	2	0.038176
150	2.1	0.035313
150	2.2	0.032727
150	2.3	0.02968
150	2.4	0.028993
150	2.5	0.025702
150	2.6	0.021357
150	2.7	0.019486
150	2.8	0.017157
150	2.9	0.014978
150	3	0.013314
150	3.1	0.013075
150	3.2	0.011433
150	3.3	0.010741
150	3.4	0.00969
150	3.5	0.0088734
150	3.6	0.0077641
150	3.7	0.0073734
150	3.8	0.0079938
150	3.9	0.0084937
150	4	0.0081043
160	-4	0.010923
160	-3.9	0.011708
160	-3.8	0.011368
160	-3.7	0.0093124
160	-3.6	0.0082505
160	-3.5	0.0082407
160	-3.4	0.011631
160	-3.3	0.014683
160	-3.2	0.016251
160	-3.1	0.016914
160	-3	0.016935
160	-2.9	0.016079
160	-2.8	0.016906
160	-2.7	0.020715
160	-2.6	0.026826
160	-2.5	0.030958
160	-2.4	0.033649
160	-2.3	0.034495
160	-2.2	0.034188
160	-2.1	0.033912
160	-2	0.03557
160	-1.9	0.03705
160	-1.8	0.039903
160	-1.7	0.041864
160	-1.6	0.040322
160	-1.5	0.03722
160	-1.4	0.034987
160	-1.3	0.032618
160	-1.2	0.036474
160	-1.1	0.042757
160	-1	0.050335
160	-0.9	0.056326
160	-0.8	0.06213
160	-0.7	0.063934
160	-0.6	0.061197
160	-0.5	0.05818
160	-0.4	0.049632
160	-0.3	0.043728
160	-0.2	0.032924
160	-0.1	0.028426
160	0	0.025395
160	0.1	0.024246
160	0.2	0.025669
160	0.3	0.032749
160	0.4	0.036109
160	0.5	0.044573
160	0.6	0.050914
160	0.7	0.052835
160	0.8	0.056297
160	0.9	0.056348
160	1	0.054765
160	1.1	0.05278
160	1.2	0.05028
160	1.3	0.047346
160	1.4	0.046248
160	1.5	0.045939
160	1.6	0.045271
160	1.7	0.042775
160	1.8	0.041168
160	1.9	0.038949
160	2	0.036247
160	2.1	0.033631
160	2.2	0.030726
160	2.3	0.028301
160	2.4	0.027494
160	2.5	0.024754
160	2.6	0.021971
160	2.7	0.019207
160	2.8	0.018403
160	2.9	0.01513
160	3	0.013881
160	3.1	0.011849
160	3.2	0.011329
160	3.3	0.011799
160	3.4	0.01099
160	3.5	0.009778
160	3.6	0.0095116
160	3.7	0.0088534
160	3.8	0.0090269
160	3.9	0.0085487
160	4	0.0077014
170	-4	0.010132
170	-3.9	0.010697
170	-3.8	0.010679
170	-3.7	0.0097217
170	-3.6	0.0089496
170	-3.5	0.00988
170	-3.4	0.011788
170	-3.3	0.013037
170	-3.2	0.015477
170	-3.1	0.016223
170	-3	0.016373
170	-2.9	0.016841
170	-2.8	0.018947
170	-2.7	0.023239
170	-2.6	0.027496
170	-2.5	0.031653
170	-2.4	0.033761
170	-2.3	0.035142
170	-2.2	0.035228
170	-2.1	0.035218
170	-2	0.036508
170	-1.9	0.038046
170	-1.8	0.040792
170	-1.7	0.041204
170	-1.6	0.040577
170	-1.5	0.03869
170	-1.4	0.035813
170	-1.3	0.034193
170	-1.2	0.037936
170	-1.1	0.043243
170	-1	0.053292
170	-0.9	0.056948
170	-0.8	0.063101
170	-0.7	0.063026
170	-0.6	0.060203
170	-0.5	0.0558
170	-0.4	0.047464
170	-0.3	0.042151
170	-0.2	0.033481
170	-0.1	0.029947
170	0	0.025848
170	0.1	0.025543
170	0.2	0.027889
170	0.3	0.031503
170	0.4	0.035024
170	0.5	0.043022
170	0.6	0.047717
170	0.7	0.05436
170	0.8	0.055432
170	0.9	0.055938
170	1	0.05548
170	1.1	0.053271
170	1.2	0.050546
170	1.3	0.047947
170	1.4	0.046032
170	1.5	0.044979
170	1.6	0.042922
170	1.7	0.041181
170	1.8	0.038822
170	1.9	0.037869
170	2	0.036138
170	2.1	0.033698
170	2.2	0.030539
170	2.3	0.027304
170	2.4	0.025049
170	2.5	0.021615
170	2.6	0.019353
170	2.7	0.018872
170	2.8	0.017504
170	2.9	0.015528
170	3	0.013852
170	3.1	0.011386
170	3.2	0.010512
170	3.3	0.010267
170	3.4	0.0099126
170	3.5	0.0095489
170	3.6	0.0092112
170	3.7	0.0091425
170	3.8	0.0088862
170	3.9	0.0084956
170	4	0.0076043
180	-4	0.009234
180	-3.9	0.0096231
180	-3.8	0.0086633
180	-3.7	0.0090323
180	-3.6	0.010362
180	-3.5	0.011132
180	-3.4	0.012531
180	-3.3	0.013521
180	-3.2	0.013864
180	-3.1	0.014262
180	-3	0.015119
180	-2.9	0.01718
180	-2.8	0.019879
180	-2.7	0.023726
180	-2.6	0.027407
180	-2.5	0.029218
180	-2.4	0.03079
180	-2.3	0.031271
180	-2.2	0.03288
180	-2.1	0.036223
180	-2	0.038888
180	-1.9	0.042182
180	-1.8	0.042804
180	-1.7	0.042454
180	-1.6	0.040286
180	-1.5	0.035791
180	-1.4	0.033746
180	-1.3	0.035561
180	-1.2	0.040953
180	-1.1	0.047797
180	-1	0.054323
180	-0.9	0.062252
180	-0.8	0.064737
180	-0.7	0.06411
180	-0.6	0.059577
180	-0.5	0.054496
180	-0.4	0.045953
180	-0.3	0.037657
180	-0.2	0.031123
180	-0.1	0.027754
180	0	0.026009
180	0.1	0.025714
180	0.2	0.02956
180	0.3	0.032226
180	0.4	0.03686
180	0.5	0.043001
180	0.6	0.050422
180	0.7	0.054065
180	0.8	0.055469
180	0.9	0.055274
180	1	0.05427
180	1.1	0.052962
180	1.2	0.047479
180	1.3	0.045164
180	1.4	0.044191
180	1.5	0.04279
180	1.6	0.041561
180	1.7	0.039047
180	1.8	0.038476
180	1.9	0.038054
180	2	0.036168
180	2.1	0.033238
180	2.2	0.032074
180	2.3	0.029337
180	2.4	0.026726
180	2.5	0.024379
180	2.6	0.021775
180	2.7	0.020705
180	2.8	0.019467
180	2.9	0.017297
180	3	0.015731
180	3.1	0.012056
180	3.2	0.011576
180	3.3	0.011115
180	3.4	0.0112
180	3.5	0.010701
180	3.6	0.010924
180	3.7	0.011424
180	3.8	0.010047
180	3.9	0.0087763
180	4	0.0076382
 
Uniformity Ratio =0.55117
