10-Jan-2018
6:53
TXR  008061 RM428 R24
33511B Function Generator
SN =Agilent Technologies,33511B,MY52301476,3.05-1.19-2.00-52-00
freq =+9.230000000000000E+06
burstmode =TRIG
burstN =+6.000000000000000E+01
voltage =+1.5000000000000E-01
 
DSO-X 2022A Oscilloscope
SN =AGILENT TECHNOLOGIES,DSO-X 2022A,MY54310921,02.41.2015102200
probe =+1.0000000E+00
scale =+500.0E-09
position =+19.900000E-06
range =+1.60E+00
units =VOLT
points =+2000
pointmode =NORM
format =BYTE
acqtype =NORM
trigsource =EXT
coupling =AC
 
-180	-4	0.0079166
-180	-3.9	0.0081262
-180	-3.8	0.0084134
-180	-3.7	0.0076255
-180	-3.6	0.0069141
-180	-3.5	0.0072048
-180	-3.4	0.0077724
-180	-3.3	0.0087191
-180	-3.2	0.0098127
-180	-3.1	0.010114
-180	-3	0.010921
-180	-2.9	0.012151
-180	-2.8	0.014564
-180	-2.7	0.0168
-180	-2.6	0.020591
-180	-2.5	0.023455
-180	-2.4	0.025671
-180	-2.3	0.026935
-180	-2.2	0.027683
-180	-2.1	0.027759
-180	-2	0.027385
-180	-1.9	0.027881
-180	-1.8	0.027966
-180	-1.7	0.028323
-180	-1.6	0.027878
-180	-1.5	0.027063
-180	-1.4	0.02771
-180	-1.3	0.030617
-180	-1.2	0.03538
-180	-1.1	0.044051
-180	-1	0.050061
-180	-0.9	0.054831
-180	-0.8	0.057161
-180	-0.7	0.05633
-180	-0.6	0.051186
-180	-0.5	0.043847
-180	-0.4	0.036316
-180	-0.3	0.025457
-180	-0.2	0.01822
-180	-0.1	0.013746
-180	0	0.011913
-180	0.1	0.012796
-180	0.2	0.015125
-180	0.3	0.019973
-180	0.4	0.027192
-180	0.5	0.03401
-180	0.6	0.044067
-180	0.7	0.05138
-180	0.8	0.055635
-180	0.9	0.058267
-180	1	0.058821
-180	1.1	0.05747
-180	1.2	0.054287
-180	1.3	0.051298
-180	1.4	0.047822
-180	1.5	0.043356
-180	1.6	0.040923
-180	1.7	0.038977
-180	1.8	0.037919
-180	1.9	0.038186
-180	2	0.03957
-180	2.1	0.039566
-180	2.2	0.038224
-180	2.3	0.035707
-180	2.4	0.032107
-180	2.5	0.02896
-180	2.6	0.026043
-180	2.7	0.024103
-180	2.8	0.022623
-180	2.9	0.021932
-180	3	0.020413
-180	3.1	0.01873
-180	3.2	0.016078
-180	3.3	0.013192
-180	3.4	0.01231
-180	3.5	0.011495
-180	3.6	0.011157
-180	3.7	0.011065
-180	3.8	0.010691
-180	3.9	0.0098127
-180	4	0.0092305
-170	-4	0.010146
-170	-3.9	0.010154
-170	-3.8	0.0098209
-170	-3.7	0.0080823
-170	-3.6	0.0068601
-170	-3.5	0.0069977
-170	-3.4	0.0088021
-170	-3.3	0.010786
-170	-3.2	0.011905
-170	-3.1	0.01186
-170	-3	0.011302
-170	-2.9	0.011093
-170	-2.8	0.013621
-170	-2.7	0.01822
-170	-2.6	0.022669
-170	-2.5	0.026742
-170	-2.4	0.02876
-170	-2.3	0.028936
-170	-2.2	0.027717
-170	-2.1	0.026542
-170	-2	0.025533
-170	-1.9	0.02612
-170	-1.8	0.027573
-170	-1.7	0.028363
-170	-1.6	0.027782
-170	-1.5	0.026002
-170	-1.4	0.025625
-170	-1.3	0.026847
-170	-1.2	0.032207
-170	-1.1	0.037591
-170	-1	0.047397
-170	-0.9	0.054001
-170	-0.8	0.056952
-170	-0.7	0.056162
-170	-0.6	0.050865
-170	-0.5	0.043233
-170	-0.4	0.035123
-170	-0.3	0.02323
-170	-0.2	0.015198
-170	-0.1	0.0096717
-170	0	0.010561
-170	0.1	0.011936
-170	0.2	0.016006
-170	0.3	0.020632
-170	0.4	0.026204
-170	0.5	0.037453
-170	0.6	0.04393
-170	0.7	0.050646
-170	0.8	0.055477
-170	0.9	0.056331
-170	1	0.056098
-170	1.1	0.05394
-170	1.2	0.050021
-170	1.3	0.045602
-170	1.4	0.042004
-170	1.5	0.039139
-170	1.6	0.03671
-170	1.7	0.034599
-170	1.8	0.033501
-170	1.9	0.03291
-170	2	0.032347
-170	2.1	0.032198
-170	2.2	0.031731
-170	2.3	0.030997
-170	2.4	0.028828
-170	2.5	0.027103
-170	2.6	0.02449
-170	2.7	0.021915
-170	2.8	0.01978
-170	2.9	0.016933
-170	3	0.015224
-170	3.1	0.014816
-170	3.2	0.014717
-170	3.3	0.014564
-170	3.4	0.014197
-170	3.5	0.013257
-170	3.6	0.012369
-170	3.7	0.011075
-170	3.8	0.009811
-170	3.9	0.0093557
-170	4	0.0091301
-160	-4	0.010304
-160	-3.9	0.010983
-160	-3.8	0.010905
-160	-3.7	0.0094091
-160	-3.6	0.0071418
-160	-3.5	0.0055559
-160	-3.4	0.0069281
-160	-3.3	0.0089532
-160	-3.2	0.011361
-160	-3.1	0.01176
-160	-3	0.011478
-160	-2.9	0.010769
-160	-2.8	0.011774
-160	-2.7	0.015493
-160	-2.6	0.018533
-160	-2.5	0.024886
-160	-2.4	0.026686
-160	-2.3	0.029479
-160	-2.2	0.030557
-160	-2.1	0.030759
-160	-2	0.030311
-160	-1.9	0.030175
-160	-1.8	0.02971
-160	-1.7	0.028842
-160	-1.6	0.027421
-160	-1.5	0.026744
-160	-1.4	0.026522
-160	-1.3	0.029858
-160	-1.2	0.038451
-160	-1.1	0.044956
-160	-1	0.048386
-160	-0.9	0.052685
-160	-0.8	0.053271
-160	-0.7	0.04962
-160	-0.6	0.046384
-160	-0.5	0.039581
-160	-0.4	0.029218
-160	-0.3	0.022591
-160	-0.2	0.015857
-160	-0.1	0.011477
-160	0	0.0099663
-160	0.1	0.0097813
-160	0.2	0.012068
-160	0.3	0.018325
-160	0.4	0.02524
-160	0.5	0.032867
-160	0.6	0.044053
-160	0.7	0.049294
-160	0.8	0.05246
-160	0.9	0.054188
-160	1	0.054192
-160	1.1	0.052913
-160	1.2	0.049356
-160	1.3	0.045774
-160	1.4	0.043735
-160	1.5	0.041888
-160	1.6	0.039741
-160	1.7	0.037256
-160	1.8	0.036743
-160	1.9	0.036043
-160	2	0.035561
-160	2.1	0.034891
-160	2.2	0.034175
-160	2.3	0.032994
-160	2.4	0.03084
-160	2.5	0.028504
-160	2.6	0.025993
-160	2.7	0.023573
-160	2.8	0.019995
-160	2.9	0.018461
-160	3	0.015704
-160	3.1	0.013799
-160	3.2	0.012914
-160	3.3	0.0127
-160	3.4	0.012487
-160	3.5	0.012465
-160	3.6	0.011412
-160	3.7	0.010367
-160	3.8	0.0084823
-160	3.9	0.0065738
-160	4	0.0064221
-150	-4	0.010798
-150	-3.9	0.011189
-150	-3.8	0.010712
-150	-3.7	0.0087431
-150	-3.6	0.0072473
-150	-3.5	0.0072473
-150	-3.4	0.0085051
-150	-3.3	0.010968
-150	-3.2	0.01111
-150	-3.1	0.010318
-150	-3	0.0096164
-150	-2.9	0.0098423
-150	-2.8	0.014838
-150	-2.7	0.019279
-150	-2.6	0.023849
-150	-2.5	0.026548
-150	-2.4	0.027652
-150	-2.3	0.027192
-150	-2.2	0.02666
-150	-2.1	0.026767
-150	-2	0.027509
-150	-1.9	0.029622
-150	-1.8	0.031365
-150	-1.7	0.030642
-150	-1.6	0.028708
-150	-1.5	0.024589
-150	-1.4	0.023024
-150	-1.3	0.025875
-150	-1.2	0.031918
-150	-1.1	0.041684
-150	-1	0.047569
-150	-0.9	0.054103
-150	-0.8	0.054617
-150	-0.7	0.050384
-150	-0.6	0.044341
-150	-0.5	0.037155
-150	-0.4	0.030073
-150	-0.3	0.017876
-150	-0.2	0.012426
-150	-0.1	0.010081
-150	0	0.009675
-150	0.1	0.01082
-150	0.2	0.014422
-150	0.3	0.019459
-150	0.4	0.02803
-150	0.5	0.033264
-150	0.6	0.038372
-150	0.7	0.045258
-150	0.8	0.04806
-150	0.9	0.048991
-150	1	0.049284
-150	1.1	0.047356
-150	1.2	0.043706
-150	1.3	0.041852
-150	1.4	0.039232
-150	1.5	0.035696
-150	1.6	0.03314
-150	1.7	0.031907
-150	1.8	0.031938
-150	1.9	0.032708
-150	2	0.033743
-150	2.1	0.033672
-150	2.2	0.033001
-150	2.3	0.031372
-150	2.4	0.029507
-150	2.5	0.026959
-150	2.6	0.024417
-150	2.7	0.022299
-150	2.8	0.020921
-150	2.9	0.019798
-150	3	0.017916
-150	3.1	0.01598
-150	3.2	0.014354
-150	3.3	0.013353
-150	3.4	0.012474
-150	3.5	0.012706
-150	3.6	0.012466
-150	3.7	0.01208
-150	3.8	0.010474
-150	3.9	0.0087431
-150	4	0.0083324
-140	-4	0.0079268
-140	-3.9	0.0091743
-140	-3.8	0.0097813
-140	-3.7	0.0099776
-140	-3.6	0.0088076
-140	-3.5	0.0081381
-140	-3.4	0.0079105
-140	-3.3	0.0088223
-140	-3.2	0.0097714
-140	-3.1	0.010356
-140	-3	0.010281
-140	-2.9	0.011011
-140	-2.8	0.012896
-140	-2.7	0.016405
-140	-2.6	0.021267
-140	-2.5	0.02538
-140	-2.4	0.027952
-140	-2.3	0.029196
-140	-2.2	0.028991
-140	-2.1	0.027698
-140	-2	0.027109
-140	-1.9	0.027691
-140	-1.8	0.028882
-140	-1.7	0.03036
-140	-1.6	0.030039
-140	-1.5	0.028449
-140	-1.4	0.024626
-140	-1.3	0.025215
-140	-1.2	0.029413
-140	-1.1	0.039769
-140	-1	0.047967
-140	-0.9	0.050634
-140	-0.8	0.055238
-140	-0.7	0.054491
-140	-0.6	0.048636
-140	-0.5	0.041003
-140	-0.4	0.033899
-140	-0.3	0.022245
-140	-0.2	0.015675
-140	-0.1	0.010446
-140	0	0.0095116
-140	0.1	0.0098751
-140	0.2	0.012008
-140	0.3	0.016158
-140	0.4	0.027455
-140	0.5	0.033625
-140	0.6	0.040807
-140	0.7	0.047361
-140	0.8	0.051195
-140	0.9	0.052165
-140	1	0.051676
-140	1.1	0.049323
-140	1.2	0.044538
-140	1.3	0.041932
-140	1.4	0.037252
-140	1.5	0.03549
-140	1.6	0.033337
-140	1.7	0.0325
-140	1.8	0.032425
-140	1.9	0.032628
-140	2	0.032553
-140	2.1	0.031476
-140	2.2	0.030329
-140	2.3	0.029021
-140	2.4	0.026567
-140	2.5	0.023753
-140	2.6	0.021513
-140	2.7	0.019875
-140	2.8	0.018331
-140	2.9	0.017139
-140	3	0.016378
-140	3.1	0.014829
-140	3.2	0.012571
-140	3.3	0.010309
-140	3.4	0.009811
-140	3.5	0.0092619
-140	3.6	0.0094588
-140	3.7	0.009893
-140	3.8	0.009248
-140	3.9	0.0086875
-140	4	0.0077807
-130	-4	0.0094758
-130	-3.9	0.0098603
-130	-3.8	0.0099289
-130	-3.7	0.0089424
-130	-3.6	0.0078098
-130	-3.5	0.0082368
-130	-3.4	0.0085374
-130	-3.3	0.0094554
-130	-3.2	0.0092724
-130	-3.1	0.0085978
-130	-3	0.0088971
-130	-2.9	0.011177
-130	-2.8	0.015091
-130	-2.7	0.019657
-130	-2.6	0.022927
-130	-2.5	0.024949
-130	-2.4	0.026816
-130	-2.3	0.028214
-130	-2.2	0.028514
-130	-2.1	0.02889
-130	-2	0.030157
-130	-1.9	0.031803
-130	-1.8	0.032406
-130	-1.7	0.031819
-130	-1.6	0.028654
-130	-1.5	0.025868
-130	-1.4	0.023596
-130	-1.3	0.025133
-130	-1.2	0.033457
-130	-1.1	0.039788
-130	-1	0.049701
-130	-0.9	0.054751
-130	-0.8	0.056509
-130	-0.7	0.054565
-130	-0.6	0.050498
-130	-0.5	0.043818
-130	-0.4	0.032125
-130	-0.3	0.023759
-130	-0.2	0.014968
-130	-0.1	0.011406
-130	0	0.01013
-130	0.1	0.0097582
-130	0.2	0.011125
-130	0.3	0.016215
-130	0.4	0.022966
-130	0.5	0.031094
-130	0.6	0.039122
-130	0.7	0.045707
-130	0.8	0.049053
-130	0.9	0.050982
-130	1	0.049764
-130	1.1	0.047234
-130	1.2	0.043956
-130	1.3	0.041043
-130	1.4	0.038378
-130	1.5	0.036724
-130	1.6	0.035071
-130	1.7	0.0337
-130	1.8	0.033552
-130	1.9	0.032926
-130	2	0.032569
-130	2.1	0.032155
-130	2.2	0.032142
-130	2.3	0.030643
-130	2.4	0.028511
-130	2.5	0.026074
-130	2.6	0.022619
-130	2.7	0.020691
-130	2.8	0.019506
-130	2.9	0.018288
-130	3	0.018253
-130	3.1	0.017257
-130	3.2	0.014361
-130	3.3	0.012425
-130	3.4	0.0098357
-130	3.5	0.0094536
-130	3.6	0.010356
-130	3.7	0.012257
-130	3.8	0.013105
-130	3.9	0.012879
-130	4	0.012003
-120	-4	0.0095184
-120	-3.9	0.0099354
-120	-3.8	0.011167
-120	-3.7	0.010931
-120	-3.6	0.0093816
-120	-3.5	0.0081122
-120	-3.4	0.0075359
-120	-3.3	0.0084632
-120	-3.2	0.0094502
-120	-3.1	0.0099776
-120	-3	0.010008
-120	-2.9	0.011215
-120	-2.8	0.013611
-120	-2.7	0.017096
-120	-2.6	0.022363
-120	-2.5	0.02661
-120	-2.4	0.029668
-120	-2.3	0.031375
-120	-2.2	0.03254
-120	-2.1	0.032994
-120	-2	0.034124
-120	-1.9	0.035316
-120	-1.8	0.036584
-120	-1.7	0.036583
-120	-1.6	0.034365
-120	-1.5	0.031333
-120	-1.4	0.026956
-120	-1.3	0.028979
-120	-1.2	0.033175
-120	-1.1	0.042149
-120	-1	0.049616
-120	-0.9	0.056517
-120	-0.8	0.057878
-120	-0.7	0.055033
-120	-0.6	0.051652
-120	-0.5	0.039619
-120	-0.4	0.032949
-120	-0.3	0.024084
-120	-0.2	0.018347
-120	-0.1	0.015627
-120	0	0.013178
-120	0.1	0.011292
-120	0.2	0.012709
-120	0.3	0.017964
-120	0.4	0.025022
-120	0.5	0.035828
-120	0.6	0.042207
-120	0.7	0.045443
-120	0.8	0.048998
-120	0.9	0.050247
-120	1	0.049364
-120	1.1	0.047346
-120	1.2	0.045863
-120	1.3	0.043519
-120	1.4	0.041302
-120	1.5	0.039086
-120	1.6	0.035621
-120	1.7	0.033553
-120	1.8	0.032437
-120	1.9	0.032562
-120	2	0.03354
-120	2.1	0.034474
-120	2.2	0.034033
-120	2.3	0.032062
-120	2.4	0.028146
-120	2.5	0.024516
-120	2.6	0.020257
-120	2.7	0.019197
-120	2.8	0.018727
-120	2.9	0.018077
-120	3	0.017265
-120	3.1	0.01514
-120	3.2	0.013827
-120	3.3	0.010839
-120	3.4	0.0096298
-120	3.5	0.0098011
-120	3.6	0.01075
-120	3.7	0.011132
-120	3.8	0.010376
-120	3.9	0.009241
-120	4	0.0083942
-110	-4	0.010081
-110	-3.9	0.01111
-110	-3.8	0.011291
-110	-3.7	0.010906
-110	-3.6	0.0097764
-110	-3.5	0.0089946
-110	-3.4	0.008639
-110	-3.3	0.0098587
-110	-3.2	0.011522
-110	-3.1	0.011859
-110	-3	0.01206
-110	-2.9	0.01265
-110	-2.8	0.015677
-110	-2.7	0.020462
-110	-2.6	0.023644
-110	-2.5	0.028562
-110	-2.4	0.031722
-110	-2.3	0.033221
-110	-2.2	0.033941
-110	-2.1	0.034063
-110	-2	0.033958
-110	-1.9	0.034239
-110	-1.8	0.034129
-110	-1.7	0.03332
-110	-1.6	0.031661
-110	-1.5	0.029494
-110	-1.4	0.026573
-110	-1.3	0.027873
-110	-1.2	0.033184
-110	-1.1	0.042872
-110	-1	0.048786
-110	-0.9	0.054224
-110	-0.8	0.056633
-110	-0.7	0.056122
-110	-0.6	0.051451
-110	-0.5	0.046019
-110	-0.4	0.035307
-110	-0.3	0.029545
-110	-0.2	0.02282
-110	-0.1	0.016156
-110	0	0.013567
-110	0.1	0.011611
-110	0.2	0.012152
-110	0.3	0.016187
-110	0.4	0.025286
-110	0.5	0.032246
-110	0.6	0.041985
-110	0.7	0.046033
-110	0.8	0.051693
-110	0.9	0.053475
-110	1	0.052414
-110	1.1	0.049627
-110	1.2	0.045516
-110	1.3	0.042332
-110	1.4	0.040578
-110	1.5	0.038818
-110	1.6	0.037568
-110	1.7	0.037031
-110	1.8	0.036948
-110	1.9	0.036517
-110	2	0.035411
-110	2.1	0.033713
-110	2.2	0.032459
-110	2.3	0.030563
-110	2.4	0.027786
-110	2.5	0.025661
-110	2.6	0.023376
-110	2.7	0.021613
-110	2.8	0.01973
-110	2.9	0.016958
-110	3	0.015049
-110	3.1	0.013186
-110	3.2	0.012031
-110	3.3	0.011818
-110	3.4	0.011676
-110	3.5	0.011804
-110	3.6	0.012167
-110	3.7	0.011334
-110	3.8	0.0093436
-110	3.9	0.0086371
-110	4	0.0085298
-100	-4	0.0091549
-100	-3.9	0.010279
-100	-3.8	0.011386
-100	-3.7	0.010728
-100	-3.6	0.0092689
-100	-3.5	0.0076972
-100	-3.4	0.0072962
-100	-3.3	0.0086521
-100	-3.2	0.011058
-100	-3.1	0.012384
-100	-3	0.012916
-100	-2.9	0.012219
-100	-2.8	0.012425
-100	-2.7	0.016403
-100	-2.6	0.021942
-100	-2.5	0.027097
-100	-2.4	0.034208
-100	-2.3	0.036889
-100	-2.2	0.038148
-100	-2.1	0.037913
-100	-2	0.035362
-100	-1.9	0.033612
-100	-1.8	0.03331
-100	-1.7	0.033742
-100	-1.6	0.034437
-100	-1.5	0.033565
-100	-1.4	0.032245
-100	-1.3	0.03021
-100	-1.2	0.034006
-100	-1.1	0.038744
-100	-1	0.047987
-100	-0.9	0.052833
-100	-0.8	0.057154
-100	-0.7	0.056552
-100	-0.6	0.054469
-100	-0.5	0.046924
-100	-0.4	0.040218
-100	-0.3	0.035605
-100	-0.2	0.026501
-100	-0.1	0.021555
-100	0	0.017782
-100	0.1	0.013724
-100	0.2	0.012465
-100	0.3	0.016968
-100	0.4	0.025322
-100	0.5	0.034549
-100	0.6	0.043053
-100	0.7	0.049987
-100	0.8	0.053366
-100	0.9	0.054819
-100	1	0.05303
-100	1.1	0.051199
-100	1.2	0.047494
-100	1.3	0.045939
-100	1.4	0.043211
-100	1.5	0.042364
-100	1.6	0.040292
-100	1.7	0.037881
-100	1.8	0.035951
-100	1.9	0.033628
-100	2	0.032303
-100	2.1	0.031627
-100	2.2	0.03108
-100	2.3	0.030074
-100	2.4	0.027296
-100	2.5	0.025388
-100	2.6	0.021534
-100	2.7	0.016939
-100	2.8	0.014673
-100	2.9	0.012004
-100	3	0.010955
-100	3.1	0.010586
-100	3.2	0.01083
-100	3.3	0.010462
-100	3.4	0.010227
-100	3.5	0.0089928
-100	3.6	0.0079959
-100	3.7	0.00748
-100	3.8	0.0063309
-100	3.9	0.0064597
-100	4	0.0070001
-90	-4	0.0098258
-90	-3.9	0.0087966
-90	-3.8	0.0083556
-90	-3.7	0.0080422
-90	-3.6	0.0083865
-90	-3.5	0.0089333
-90	-3.4	0.0095218
-90	-3.3	0.009811
-90	-3.2	0.010183
-90	-3.1	0.009911
-90	-3	0.010486
-90	-2.9	0.012183
-90	-2.8	0.015152
-90	-2.7	0.019069
-90	-2.6	0.024494
-90	-2.5	0.02662
-90	-2.4	0.030515
-90	-2.3	0.0326
-90	-2.2	0.03371
-90	-2.1	0.034916
-90	-2	0.035657
-90	-1.9	0.03719
-90	-1.8	0.037006
-90	-1.7	0.035115
-90	-1.6	0.03271
-90	-1.5	0.027981
-90	-1.4	0.02554
-90	-1.3	0.028094
-90	-1.2	0.032823
-90	-1.1	0.039395
-90	-1	0.05113
-90	-0.9	0.055683
-90	-0.8	0.058989
-90	-0.7	0.05869
-90	-0.6	0.054804
-90	-0.5	0.048514
-90	-0.4	0.042515
-90	-0.3	0.031404
-90	-0.2	0.026397
-90	-0.1	0.020122
-90	0	0.017591
-90	0.1	0.014559
-90	0.2	0.01491
-90	0.3	0.020019
-90	0.4	0.026749
-90	0.5	0.034784
-90	0.6	0.042241
-90	0.7	0.047131
-90	0.8	0.049323
-90	0.9	0.05107
-90	1	0.050109
-90	1.1	0.048092
-90	1.2	0.046306
-90	1.3	0.044157
-90	1.4	0.042273
-90	1.5	0.039586
-90	1.6	0.037777
-90	1.7	0.036305
-90	1.8	0.035473
-90	1.9	0.035047
-90	2	0.034571
-90	2.1	0.034359
-90	2.2	0.034026
-90	2.3	0.032168
-90	2.4	0.029703
-90	2.5	0.025413
-90	2.6	0.023096
-90	2.7	0.020194
-90	2.8	0.017768
-90	2.9	0.015816
-90	3	0.014415
-90	3.1	0.013559
-90	3.2	0.012233
-90	3.3	0.011191
-90	3.4	0.010844
-90	3.5	0.010784
-90	3.6	0.010469
-90	3.7	0.010029
-90	3.8	0.0097764
-90	3.9	0.0094177
-90	4	0.0096499
-80	-4	0.011788
-80	-3.9	0.012257
-80	-3.8	0.011769
-80	-3.7	0.0098143
-80	-3.6	0.0081142
-80	-3.5	0.0077014
-80	-3.4	0.0085108
-80	-3.3	0.010595
-80	-3.2	0.01056
-80	-3.1	0.010362
-80	-3	0.010044
-80	-2.9	0.011608
-80	-2.8	0.015275
-80	-2.7	0.020681
-80	-2.6	0.027198
-80	-2.5	0.030258
-80	-2.4	0.032746
-80	-2.3	0.033792
-80	-2.2	0.034486
-80	-2.1	0.036001
-80	-2	0.037881
-80	-1.9	0.039404
-80	-1.8	0.039658
-80	-1.7	0.037602
-80	-1.6	0.034387
-80	-1.5	0.028804
-80	-1.4	0.02442
-80	-1.3	0.024872
-80	-1.2	0.030448
-80	-1.1	0.041109
-80	-1	0.048522
-80	-0.9	0.055893
-80	-0.8	0.05882
-80	-0.7	0.05881
-80	-0.6	0.054146
-80	-0.5	0.049003
-80	-0.4	0.039775
-80	-0.3	0.033609
-80	-0.2	0.027441
-80	-0.1	0.022259
-80	0	0.018965
-80	0.1	0.018117
-80	0.2	0.019656
-80	0.3	0.022679
-80	0.4	0.027772
-80	0.5	0.033754
-80	0.6	0.038973
-80	0.7	0.044448
-80	0.8	0.04846
-80	0.9	0.049083
-80	1	0.049158
-80	1.1	0.048329
-80	1.2	0.046232
-80	1.3	0.043148
-80	1.4	0.040114
-80	1.5	0.037267
-80	1.6	0.036334
-80	1.7	0.036424
-80	1.8	0.037135
-80	1.9	0.038098
-80	2	0.037603
-80	2.1	0.036577
-80	2.2	0.033922
-80	2.3	0.030583
-80	2.4	0.02718
-80	2.5	0.024447
-80	2.6	0.023209
-80	2.7	0.022128
-80	2.8	0.021198
-80	2.9	0.020211
-80	3	0.016994
-80	3.1	0.014579
-80	3.2	0.012348
-80	3.3	0.011061
-80	3.4	0.011808
-80	3.5	0.012513
-80	3.6	0.012877
-80	3.7	0.012371
-80	3.8	0.011123
-80	3.9	0.01023
-80	4	0.0098751
-70	-4	0.0088406
-70	-3.9	0.010983
-70	-3.8	0.01111
-70	-3.7	0.010569
-70	-3.6	0.0086894
-70	-3.5	0.0067843
-70	-3.4	0.0070735
-70	-3.3	0.0083711
-70	-3.2	0.0095235
-70	-3.1	0.010509
-70	-3	0.010587
-70	-2.9	0.011722
-70	-2.8	0.014246
-70	-2.7	0.020206
-70	-2.6	0.02329
-70	-2.5	0.028543
-70	-2.4	0.032036
-70	-2.3	0.033248
-70	-2.2	0.033549
-70	-2.1	0.03333
-70	-2	0.033647
-70	-1.9	0.035163
-70	-1.8	0.035899
-70	-1.7	0.036819
-70	-1.6	0.034755
-70	-1.5	0.030507
-70	-1.4	0.024504
-70	-1.3	0.02285
-70	-1.2	0.030355
-70	-1.1	0.041336
-70	-1	0.047202
-70	-0.9	0.056172
-70	-0.8	0.05984
-70	-0.7	0.061038
-70	-0.6	0.057617
-70	-0.5	0.052056
-70	-0.4	0.043379
-70	-0.3	0.032512
-70	-0.2	0.027208
-70	-0.1	0.021394
-70	0	0.016563
-70	0.1	0.015758
-70	0.2	0.016752
-70	0.3	0.019561
-70	0.4	0.0274
-70	0.5	0.033886
-70	0.6	0.041624
-70	0.7	0.047336
-70	0.8	0.050602
-70	0.9	0.05098
-70	1	0.048412
-70	1.1	0.044857
-70	1.2	0.041605
-70	1.3	0.03865
-70	1.4	0.035467
-70	1.5	0.034255
-70	1.6	0.034204
-70	1.7	0.034943
-70	1.8	0.035318
-70	1.9	0.035454
-70	2	0.03477
-70	2.1	0.033119
-70	2.2	0.031497
-70	2.3	0.028578
-70	2.4	0.025881
-70	2.5	0.024059
-70	2.6	0.022816
-70	2.7	0.020833
-70	2.8	0.019963
-70	2.9	0.018104
-70	3	0.015537
-70	3.1	0.013475
-70	3.2	0.011005
-70	3.3	0.0099094
-70	3.4	0.010348
-70	3.5	0.011163
-70	3.6	0.012452
-70	3.7	0.012793
-70	3.8	0.012383
-70	3.9	0.012158
-70	4	0.011074
-60	-4	0.011506
-60	-3.9	0.01216
-60	-3.8	0.010982
-60	-3.7	0.0093764
-60	-3.6	0.0083246
-60	-3.5	0.0085582
-60	-3.4	0.0092357
-60	-3.3	0.010024
-60	-3.2	0.01001
-60	-3.1	0.0086745
-60	-3	0.0091089
-60	-2.9	0.012122
-60	-2.8	0.016727
-60	-2.7	0.021543
-60	-2.6	0.027366
-60	-2.5	0.030822
-60	-2.4	0.033475
-60	-2.3	0.033615
-60	-2.2	0.032632
-60	-2.1	0.032701
-60	-2	0.03525
-60	-1.9	0.038804
-60	-1.8	0.041347
-60	-1.7	0.040872
-60	-1.6	0.036986
-60	-1.5	0.02854
-60	-1.4	0.022862
-60	-1.3	0.024407
-60	-1.2	0.029435
-60	-1.1	0.037392
-60	-1	0.048028
-60	-0.9	0.053524
-60	-0.8	0.057784
-60	-0.7	0.05766
-60	-0.6	0.054621
-60	-0.5	0.047738
-60	-0.4	0.042619
-60	-0.3	0.034587
-60	-0.2	0.027929
-60	-0.1	0.021552
-60	0	0.019588
-60	0.1	0.018927
-60	0.2	0.019802
-60	0.3	0.022243
-60	0.4	0.027695
-60	0.5	0.034073
-60	0.6	0.039357
-60	0.7	0.043882
-60	0.8	0.045309
-60	0.9	0.046735
-60	1	0.045889
-60	1.1	0.044049
-60	1.2	0.04145
-60	1.3	0.038786
-60	1.4	0.036223
-60	1.5	0.034615
-60	1.6	0.032746
-60	1.7	0.032932
-60	1.8	0.03354
-60	1.9	0.034124
-60	2	0.033988
-60	2.1	0.0335
-60	2.2	0.031691
-60	2.3	0.02808
-60	2.4	0.024159
-60	2.5	0.021144
-60	2.6	0.019198
-60	2.7	0.01706
-60	2.8	0.015531
-60	2.9	0.014204
-60	3	0.013419
-60	3.1	0.011611
-60	3.2	0.010457
-60	3.3	0.0093799
-60	3.4	0.0092305
-60	3.5	0.0093661
-60	3.6	0.0094177
-60	3.7	0.0095421
-60	3.8	0.0096096
-60	3.9	0.0091213
-60	4	0.0094297
-50	-4	0.0087947
-50	-3.9	0.0093384
-50	-3.8	0.0088771
-50	-3.7	0.0081421
-50	-3.6	0.0068176
-50	-3.5	0.0062976
-50	-3.4	0.007369
-50	-3.3	0.0092077
-50	-3.2	0.010314
-50	-3.1	0.010113
-50	-3	0.0089874
-50	-2.9	0.0090893
-50	-2.8	0.0116
-50	-2.7	0.017616
-50	-2.6	0.023802
-50	-2.5	0.027898
-50	-2.4	0.030896
-50	-2.3	0.032922
-50	-2.2	0.033993
-50	-2.1	0.034937
-50	-2	0.036567
-50	-1.9	0.037586
-50	-1.8	0.037202
-50	-1.7	0.034787
-50	-1.6	0.03105
-50	-1.5	0.02693
-50	-1.4	0.023782
-50	-1.3	0.023028
-50	-1.2	0.028063
-50	-1.1	0.036144
-50	-1	0.047237
-50	-0.9	0.052491
-50	-0.8	0.057172
-50	-0.7	0.057146
-50	-0.6	0.054063
-50	-0.5	0.04656
-50	-0.4	0.038373
-50	-0.3	0.032994
-50	-0.2	0.028062
-50	-0.1	0.022088
-50	0	0.020245
-50	0.1	0.019202
-50	0.2	0.019398
-50	0.3	0.021703
-50	0.4	0.027093
-50	0.5	0.034628
-50	0.6	0.03849
-50	0.7	0.042086
-50	0.8	0.043739
-50	0.9	0.044057
-50	1	0.042978
-50	1.1	0.0411
-50	1.2	0.039319
-50	1.3	0.03778
-50	1.4	0.037054
-50	1.5	0.035882
-50	1.6	0.034893
-50	1.7	0.034103
-50	1.8	0.033712
-50	1.9	0.033233
-50	2	0.032517
-50	2.1	0.03128
-50	2.2	0.029914
-50	2.3	0.027245
-50	2.4	0.024934
-50	2.5	0.021057
-50	2.6	0.019306
-50	2.7	0.017294
-50	2.8	0.014284
-50	2.9	0.013227
-50	3	0.011885
-50	3.1	0.011021
-50	3.2	0.010519
-50	3.3	0.01023
-50	3.4	0.010401
-50	3.5	0.0098505
-50	3.6	0.0095286
-50	3.7	0.0098209
-50	3.8	0.0090144
-50	3.9	0.0087616
-50	4	0.0082191
-40	-4	0.0089243
-40	-3.9	0.0095894
-40	-3.8	0.009811
-40	-3.7	0.0088131
-40	-3.6	0.0070758
-40	-3.5	0.0063462
-40	-3.4	0.006522
-40	-3.3	0.00748
-40	-3.2	0.0074843
-40	-3.1	0.0071418
-40	-3	0.0075915
-40	-2.9	0.009554
-40	-2.8	0.012191
-40	-2.7	0.015242
-40	-2.6	0.019937
-40	-2.5	0.022687
-40	-2.4	0.025644
-40	-2.3	0.028384
-40	-2.2	0.030593
-40	-2.1	0.033421
-40	-2	0.034878
-40	-1.9	0.035721
-40	-1.8	0.035338
-40	-1.7	0.034784
-40	-1.6	0.031151
-40	-1.5	0.028514
-40	-1.4	0.023422
-40	-1.3	0.021559
-40	-1.2	0.02599
-40	-1.1	0.03331
-40	-1	0.043363
-40	-0.9	0.051322
-40	-0.8	0.055416
-40	-0.7	0.055841
-40	-0.6	0.053264
-40	-0.5	0.046049
-40	-0.4	0.038847
-40	-0.3	0.031928
-40	-0.2	0.025372
-40	-0.1	0.020867
-40	0	0.018604
-40	0.1	0.017677
-40	0.2	0.018003
-40	0.3	0.019812
-40	0.4	0.024138
-40	0.5	0.031208
-40	0.6	0.037861
-40	0.7	0.042673
-40	0.8	0.043954
-40	0.9	0.043268
-40	1	0.041751
-40	1.1	0.03904
-40	1.2	0.035856
-40	1.3	0.03506
-40	1.4	0.035161
-40	1.5	0.035283
-40	1.6	0.034626
-40	1.7	0.033388
-40	1.8	0.03225
-40	1.9	0.031383
-40	2	0.028979
-40	2.1	0.026761
-40	2.2	0.026318
-40	2.3	0.025225
-40	2.4	0.022949
-40	2.5	0.020217
-40	2.6	0.017465
-40	2.7	0.015104
-40	2.8	0.012012
-40	2.9	0.010654
-40	3	0.0097747
-40	3.1	0.0091443
-40	3.2	0.0098587
-40	3.3	0.0097034
-40	3.4	0.008594
-40	3.5	0.0076
-40	3.6	0.0066399
-40	3.7	0.0060809
-40	3.8	0.0064597
-40	3.9	0.0062357
-40	4	0.0061496
-30	-4	0.010474
-30	-3.9	0.011682
-30	-3.8	0.011318
-30	-3.7	0.010278
-30	-3.6	0.0084499
-30	-3.5	0.006886
-30	-3.4	0.0065195
-30	-3.3	0.007568
-30	-3.2	0.0083518
-30	-3.1	0.0092794
-30	-3	0.0092182
-30	-2.9	0.00922
-30	-2.8	0.011554
-30	-2.7	0.015307
-30	-2.6	0.020545
-30	-2.5	0.026699
-30	-2.4	0.03161
-30	-2.3	0.032901
-30	-2.2	0.033761
-30	-2.1	0.033424
-30	-2	0.033437
-30	-1.9	0.034404
-30	-1.8	0.035632
-30	-1.7	0.03544
-30	-1.6	0.032911
-30	-1.5	0.029163
-30	-1.4	0.021755
-30	-1.3	0.019371
-30	-1.2	0.023585
-30	-1.1	0.030496
-30	-1	0.040316
-30	-0.9	0.051341
-30	-0.8	0.055617
-30	-0.7	0.056466
-30	-0.6	0.052892
-30	-0.5	0.048129
-30	-0.4	0.040717
-30	-0.3	0.034241
-30	-0.2	0.028094
-30	-0.1	0.024315
-30	0	0.020001
-30	0.1	0.0175
-30	0.2	0.017379
-30	0.3	0.019493
-30	0.4	0.022493
-30	0.5	0.028882
-30	0.6	0.034475
-30	0.7	0.038019
-30	0.8	0.041092
-30	0.9	0.041866
-30	1	0.040133
-30	1.1	0.037474
-30	1.2	0.034848
-30	1.3	0.032458
-30	1.4	0.031178
-30	1.5	0.030558
-30	1.6	0.029884
-30	1.7	0.030263
-30	1.8	0.031036
-30	1.9	0.031662
-30	2	0.03118
-30	2.1	0.03047
-30	2.2	0.029111
-30	2.3	0.026521
-30	2.4	0.023994
-30	2.5	0.020601
-30	2.6	0.018544
-30	2.7	0.016941
-30	2.8	0.014913
-30	2.9	0.013409
-30	3	0.012227
-30	3.1	0.0099744
-30	3.2	0.0092024
-30	3.3	0.0090161
-30	3.4	0.0085639
-30	3.5	0.0094485
-30	3.6	0.0098061
-30	3.7	0.0094417
-30	3.8	0.0082623
-30	3.9	0.0071508
-30	4	0.0069421
-20	-4	0.010246
-20	-3.9	0.010799
-20	-3.8	0.0097034
-20	-3.7	0.0081975
-20	-3.6	0.0073029
-20	-3.5	0.0070872
-20	-3.4	0.0076635
-20	-3.3	0.0080301
-20	-3.2	0.0078263
-20	-3.1	0.0073887
-20	-3	0.0066859
-20	-2.9	0.008448
-20	-2.8	0.011412
-20	-2.7	0.016733
-20	-2.6	0.021325
-20	-2.5	0.025994
-20	-2.4	0.027781
-20	-2.3	0.029111
-20	-2.2	0.029968
-20	-2.1	0.031538
-20	-2	0.033857
-20	-1.9	0.037181
-20	-1.8	0.039151
-20	-1.7	0.038703
-20	-1.6	0.034887
-20	-1.5	0.026493
-20	-1.4	0.021129
-20	-1.3	0.018741
-20	-1.2	0.024021
-20	-1.1	0.033048
-20	-1	0.043714
-20	-0.9	0.050837
-20	-0.8	0.054832
-20	-0.7	0.055139
-20	-0.6	0.051973
-20	-0.5	0.046102
-20	-0.4	0.038428
-20	-0.3	0.031948
-20	-0.2	0.024559
-20	-0.1	0.020667
-20	0	0.01788
-20	0.1	0.016878
-20	0.2	0.017763
-20	0.3	0.0198
-20	0.4	0.023655
-20	0.5	0.029186
-20	0.6	0.034635
-20	0.7	0.037177
-20	0.8	0.039055
-20	0.9	0.039016
-20	1	0.037717
-20	1.1	0.036143
-20	1.2	0.034481
-20	1.3	0.032596
-20	1.4	0.031986
-20	1.5	0.03084
-20	1.6	0.028857
-20	1.7	0.028146
-20	1.8	0.027967
-20	1.9	0.028364
-20	2	0.028712
-20	2.1	0.028272
-20	2.2	0.027576
-20	2.3	0.026062
-20	2.4	0.021835
-20	2.5	0.018506
-20	2.6	0.015345
-20	2.7	0.014226
-20	2.8	0.013113
-20	2.9	0.011928
-20	3	0.010584
-20	3.1	0.010118
-20	3.2	0.008225
-20	3.3	0.0071801
-20	3.4	0.0067461
-20	3.5	0.0072496
-20	3.6	0.0084096
-20	3.7	0.0093816
-20	3.8	0.0093471
-20	3.9	0.0088698
-20	4	0.0087763
-10	-4	0.0099582
-10	-3.9	0.0091248
-10	-3.8	0.0083711
-10	-3.7	0.0082974
-10	-3.6	0.0074518
-10	-3.5	0.0076021
-10	-3.4	0.0072674
-10	-3.3	0.0072362
-10	-3.2	0.0069491
-10	-3.1	0.0073865
-10	-3	0.0087561
-10	-2.9	0.010309
-10	-2.8	0.013257
-10	-2.7	0.017404
-10	-2.6	0.01998
-10	-2.5	0.023374
-10	-2.4	0.02635
-10	-2.3	0.028847
-10	-2.2	0.030874
-10	-2.1	0.032658
-10	-2	0.033979
-10	-1.9	0.03623
-10	-1.8	0.036954
-10	-1.7	0.035761
-10	-1.6	0.031977
-10	-1.5	0.028509
-10	-1.4	0.019881
-10	-1.3	0.018262
-10	-1.2	0.02106
-10	-1.1	0.031245
-10	-1	0.040467
-10	-0.9	0.047476
-10	-0.8	0.052713
-10	-0.7	0.05542
-10	-0.6	0.053654
-10	-0.5	0.049807
-10	-0.4	0.044706
-10	-0.3	0.036893
-10	-0.2	0.027977
-10	-0.1	0.022422
-10	0	0.017955
-10	0.1	0.016551
-10	0.2	0.015445
-10	0.3	0.01689
-10	0.4	0.022334
-10	0.5	0.025053
-10	0.6	0.032871
-10	0.7	0.036283
-10	0.8	0.04078
-10	0.9	0.040898
-10	1	0.040115
-10	1.1	0.037309
-10	1.2	0.034883
-10	1.3	0.031645
-10	1.4	0.029798
-10	1.5	0.029673
-10	1.6	0.030007
-10	1.7	0.03039
-10	1.8	0.030638
-10	1.9	0.030649
-10	2	0.029695
-10	2.1	0.028475
-10	2.2	0.026081
-10	2.3	0.024006
-10	2.4	0.022072
-10	2.5	0.019467
-10	2.6	0.017344
-10	2.7	0.015715
-10	2.8	0.014941
-10	2.9	0.013632
-10	3	0.012645
-10	3.1	0.010154
-10	3.2	0.0086819
-10	3.3	0.007568
-10	3.4	0.0076909
-10	3.5	0.0084652
-10	3.6	0.0095692
-10	3.7	0.0099857
-10	3.8	0.0097499
-10	3.9	0.0094383
-10	4	0.0078593
0	-4	0.010252
0	-3.9	0.011136
0	-3.8	0.011043
0	-3.7	0.010033
0	-3.6	0.0082309
0	-3.5	0.0068837
0	-3.4	0.0070804
0	-3.3	0.0077014
0	-3.2	0.0088094
0	-3.1	0.0090484
0	-3	0.0082974
0	-2.9	0.0081401
0	-2.8	0.011049
0	-2.7	0.015558
0	-2.6	0.021307
0	-2.5	0.026878
0	-2.4	0.029029
0	-2.3	0.03085
0	-2.2	0.031218
0	-2.1	0.032586
0	-2	0.033454
0	-1.9	0.036066
0	-1.8	0.037632
0	-1.7	0.037645
0	-1.6	0.033878
0	-1.5	0.029154
0	-1.4	0.025186
0	-1.3	0.019045
0	-1.2	0.023535
0	-1.1	0.028985
0	-1	0.039585
0	-0.9	0.050562
0	-0.8	0.054442
0	-0.7	0.056733
0	-0.6	0.053209
0	-0.5	0.048842
0	-0.4	0.043583
0	-0.3	0.033665
0	-0.2	0.027157
0	-0.1	0.021473
0	0	0.018799
0	0.1	0.017128
0	0.2	0.017191
0	0.3	0.019443
0	0.4	0.023312
0	0.5	0.027714
0	0.6	0.032565
0	0.7	0.03638
0	0.8	0.038453
0	0.9	0.039474
0	1	0.038798
0	1.1	0.037658
0	1.2	0.035918
0	1.3	0.032981
0	1.4	0.031132
0	1.5	0.029742
0	1.6	0.028533
0	1.7	0.028316
0	1.8	0.028582
0	1.9	0.029351
0	2	0.029996
0	2.1	0.030259
0	2.2	0.028889
0	2.3	0.026822
0	2.4	0.023757
0	2.5	0.020681
0	2.6	0.017055
0	2.7	0.014962
0	2.8	0.013999
0	2.9	0.013997
0	3	0.012576
0	3.1	0.010891
0	3.2	0.0089964
0	3.3	0.0075037
0	3.4	0.0072807
0	3.5	0.0077495
0	3.6	0.0088771
0	3.7	0.0089025
0	3.8	0.0088752
0	3.9	0.0077766
0	4	0.0074583
10	-4	0.0077286
10	-3.9	0.0099565
10	-3.8	0.011245
10	-3.7	0.010626
10	-3.6	0.007935
10	-3.5	0.0060221
10	-3.4	0.0058616
10	-3.3	0.0081262
10	-3.2	0.009295
10	-3.1	0.010178
10	-3	0.0097532
10	-2.9	0.0090804
10	-2.8	0.0095743
10	-2.7	0.014387
10	-2.6	0.022143
10	-2.5	0.027051
10	-2.4	0.029971
10	-2.3	0.033243
10	-2.2	0.033936
10	-2.1	0.034144
10	-2	0.035095
10	-1.9	0.035828
10	-1.8	0.037664
10	-1.7	0.038941
10	-1.6	0.037537
10	-1.5	0.034615
10	-1.4	0.027329
10	-1.3	0.021558
10	-1.2	0.021461
10	-1.1	0.028764
10	-1	0.037306
10	-0.9	0.049976
10	-0.8	0.056637
10	-0.7	0.05962
10	-0.6	0.057402
10	-0.5	0.051972
10	-0.4	0.04297
10	-0.3	0.03695
10	-0.2	0.030171
10	-0.1	0.022944
10	0	0.019062
10	0.1	0.017829
10	0.2	0.017973
10	0.3	0.019431
10	0.4	0.023827
10	0.5	0.028619
10	0.6	0.032432
10	0.7	0.037135
10	0.8	0.039018
10	0.9	0.040186
10	1	0.039848
10	1.1	0.03909
10	1.2	0.036965
10	1.3	0.034535
10	1.4	0.033515
10	1.5	0.031547
10	1.6	0.030831
10	1.7	0.029982
10	1.8	0.029569
10	1.9	0.029905
10	2	0.03036
10	2.1	0.029982
10	2.2	0.028856
10	2.3	0.027638
10	2.4	0.025451
10	2.5	0.0234
10	2.6	0.020428
10	2.7	0.019053
10	2.8	0.017208
10	2.9	0.015198
10	3	0.011896
10	3.1	0.010535
10	3.2	0.010012
10	3.3	0.010292
10	3.4	0.011128
10	3.5	0.011004
10	3.6	0.010451
10	3.7	0.0097631
10	3.8	0.0080803
10	3.9	0.0069816
10	4	0.0067509
20	-4	0.0074083
20	-3.9	0.0090893
20	-3.8	0.009715
20	-3.7	0.00969
20	-3.6	0.0081421
20	-3.5	0.0062719
20	-3.4	0.0061679
20	-3.3	0.0072807
20	-3.2	0.0095658
20	-3.1	0.0098258
20	-3	0.0092585
20	-2.9	0.0089261
20	-2.8	0.010004
20	-2.7	0.014034
20	-2.6	0.020133
20	-2.5	0.025918
20	-2.4	0.029585
20	-2.3	0.032049
20	-2.2	0.032723
20	-2.1	0.034495
20	-2	0.035604
20	-1.9	0.037631
20	-1.8	0.039486
20	-1.7	0.039976
20	-1.6	0.038299
20	-1.5	0.033838
20	-1.4	0.029148
20	-1.3	0.024094
20	-1.2	0.023713
20	-1.1	0.030988
20	-1	0.040289
20	-0.9	0.051137
20	-0.8	0.058427
20	-0.7	0.060876
20	-0.6	0.060439
20	-0.5	0.056003
20	-0.4	0.048909
20	-0.3	0.041913
20	-0.2	0.03028
20	-0.1	0.024581
20	0	0.019793
20	0.1	0.01704
20	0.2	0.017144
20	0.3	0.019398
20	0.4	0.025101
20	0.5	0.029434
20	0.6	0.035027
20	0.7	0.037929
20	0.8	0.041479
20	0.9	0.042224
20	1	0.042245
20	1.1	0.041561
20	1.2	0.039141
20	1.3	0.038121
20	1.4	0.036622
20	1.5	0.035422
20	1.6	0.034195
20	1.7	0.031732
20	1.8	0.02921
20	1.9	0.028014
20	2	0.027158
20	2.1	0.026141
20	2.2	0.025333
20	2.3	0.024943
20	2.4	0.024141
20	2.5	0.022536
20	2.6	0.020164
20	2.7	0.017839
20	2.8	0.016149
20	2.9	0.013118
20	3	0.010594
20	3.1	0.010023
20	3.2	0.0098373
20	3.3	0.0094554
20	3.4	0.0093557
20	3.5	0.008008
20	3.6	0.0067939
20	3.7	0.006522
20	3.8	0.0061653
20	3.9	0.0063817
20	4	0.0062201
30	-4	0.0088021
30	-3.9	0.010097
30	-3.8	0.010389
30	-3.7	0.0097
30	-3.6	0.0080241
30	-3.5	0.0068648
30	-3.4	0.0065517
30	-3.3	0.008594
30	-3.2	0.010962
30	-3.1	0.011611
30	-3	0.011858
30	-2.9	0.011796
30	-2.8	0.012039
30	-2.7	0.014617
30	-2.6	0.019636
30	-2.5	0.025147
30	-2.4	0.031034
30	-2.3	0.035218
30	-2.2	0.036348
30	-2.1	0.036477
30	-2	0.036588
30	-1.9	0.036844
30	-1.8	0.03804
30	-1.7	0.038508
30	-1.6	0.037689
30	-1.5	0.033613
30	-1.4	0.031266
30	-1.3	0.02657
30	-1.2	0.025262
30	-1.1	0.029527
30	-1	0.04018
30	-0.9	0.045564
30	-0.8	0.054594
30	-0.7	0.059751
30	-0.6	0.060238
30	-0.5	0.058683
30	-0.4	0.052755
30	-0.3	0.04451
30	-0.2	0.036779
30	-0.1	0.02592
30	0	0.022077
30	0.1	0.016778
30	0.2	0.015308
30	0.3	0.016478
30	0.4	0.020137
30	0.5	0.02556
30	0.6	0.031025
30	0.7	0.038316
30	0.8	0.041409
30	0.9	0.045496
30	1	0.046821
30	1.1	0.046222
30	1.2	0.04383
30	1.3	0.041524
30	1.4	0.038843
30	1.5	0.036
30	1.6	0.035124
30	1.7	0.033659
30	1.8	0.032891
30	1.9	0.032632
30	2	0.032764
30	2.1	0.032193
30	2.2	0.030438
30	2.3	0.028275
30	2.4	0.025727
30	2.5	0.023087
30	2.6	0.020846
30	2.7	0.017759
30	2.8	0.015481
30	2.9	0.015034
30	3	0.013432
30	3.1	0.012379
30	3.2	0.012147
30	3.3	0.011499
30	3.4	0.010007
30	3.5	0.009328
30	3.6	0.0084365
30	3.7	0.0088204
30	3.8	0.0087892
30	3.9	0.0089532
30	4	0.0090466
40	-4	0.009989
40	-3.9	0.011856
40	-3.8	0.012107
40	-3.7	0.011365
40	-3.6	0.0093141
40	-3.5	0.0076593
40	-3.4	0.0078469
40	-3.3	0.0095911
40	-3.2	0.011375
40	-3.1	0.011624
40	-3	0.011288
40	-2.9	0.01174
40	-2.8	0.014044
40	-2.7	0.018755
40	-2.6	0.02317
40	-2.5	0.0273
40	-2.4	0.030883
40	-2.3	0.033663
40	-2.2	0.034591
40	-2.1	0.03548
40	-2	0.036435
40	-1.9	0.037542
40	-1.8	0.039419
40	-1.7	0.040636
40	-1.6	0.039908
40	-1.5	0.036966
40	-1.4	0.02978
40	-1.3	0.025791
40	-1.2	0.026662
40	-1.1	0.032032
40	-1	0.041026
40	-0.9	0.04981
40	-0.8	0.05689
40	-0.7	0.060115
40	-0.6	0.059652
40	-0.5	0.054916
40	-0.4	0.049817
40	-0.3	0.041866
40	-0.2	0.035481
40	-0.1	0.026368
40	0	0.021567
40	0.1	0.017451
40	0.2	0.016632
40	0.3	0.018107
40	0.4	0.021946
40	0.5	0.02689
40	0.6	0.03153
40	0.7	0.038628
40	0.8	0.044217
40	0.9	0.04599
40	1	0.047022
40	1.1	0.046983
40	1.2	0.045923
40	1.3	0.042352
40	1.4	0.039226
40	1.5	0.036579
40	1.6	0.034603
40	1.7	0.033529
40	1.8	0.033048
40	1.9	0.032845
40	2	0.032944
40	2.1	0.031851
40	2.2	0.029936
40	2.3	0.028948
40	2.4	0.026142
40	2.5	0.024949
40	2.6	0.022506
40	2.7	0.021253
40	2.8	0.019716
40	2.9	0.017832
40	3	0.015007
40	3.1	0.013298
40	3.2	0.011813
40	3.3	0.010252
40	3.4	0.0098865
40	3.5	0.0094929
40	3.6	0.0093401
40	3.7	0.009248
40	3.8	0.0089098
40	3.9	0.0088515
40	4	0.0089152
50	-4	0.0079817
50	-3.9	0.010044
50	-3.8	0.011282
50	-3.7	0.01169
50	-3.6	0.01098
50	-3.5	0.0090269
50	-3.4	0.0081262
50	-3.3	0.0081162
50	-3.2	0.0098193
50	-3.1	0.011847
50	-3	0.013087
50	-2.9	0.014299
50	-2.8	0.014659
50	-2.7	0.017529
50	-2.6	0.021523
50	-2.5	0.025493
50	-2.4	0.029656
50	-2.3	0.032044
50	-2.2	0.033843
50	-2.1	0.033603
50	-2	0.033693
50	-1.9	0.034906
50	-1.8	0.036974
50	-1.7	0.038612
50	-1.6	0.03858
50	-1.5	0.036684
50	-1.4	0.033339
50	-1.3	0.027687
50	-1.2	0.025841
50	-1.1	0.027889
50	-1	0.037668
50	-0.9	0.048248
50	-0.8	0.056274
50	-0.7	0.061681
50	-0.6	0.062185
50	-0.5	0.059842
50	-0.4	0.050552
50	-0.3	0.041238
50	-0.2	0.033614
50	-0.1	0.026133
50	0	0.020609
50	0.1	0.01636
50	0.2	0.015494
50	0.3	0.016825
50	0.4	0.020932
50	0.5	0.027305
50	0.6	0.036337
50	0.7	0.041722
50	0.8	0.046443
50	0.9	0.048643
50	1	0.049875
50	1.1	0.048199
50	1.2	0.046474
50	1.3	0.042369
50	1.4	0.038134
50	1.5	0.036348
50	1.6	0.034484
50	1.7	0.034118
50	1.8	0.033847
50	1.9	0.033427
50	2	0.032643
50	2.1	0.031692
50	2.2	0.029436
50	2.3	0.0264
50	2.4	0.023765
50	2.5	0.022399
50	2.6	0.021518
50	2.7	0.020609
50	2.8	0.02015
50	2.9	0.020002
50	3	0.018536
50	3.1	0.015893
50	3.2	0.011541
50	3.3	0.009783
50	3.4	0.0090626
50	3.5	0.0099663
50	3.6	0.011248
50	3.7	0.010911
50	3.8	0.01076
50	3.9	0.0091284
50	4	0.0078737
60	-4	0.0096449
60	-3.9	0.010434
60	-3.8	0.010063
60	-3.7	0.0091813
60	-3.6	0.0080502
60	-3.5	0.0077014
60	-3.4	0.0097631
60	-3.3	0.010968
60	-3.2	0.012772
60	-3.1	0.012734
60	-3	0.012098
60	-2.9	0.011864
60	-2.8	0.013578
60	-2.7	0.017316
60	-2.6	0.022579
60	-2.5	0.026511
60	-2.4	0.02972
60	-2.3	0.032586
60	-2.2	0.033523
60	-2.1	0.034381
60	-2	0.035339
60	-1.9	0.036823
60	-1.8	0.038628
60	-1.7	0.03984
60	-1.6	0.039514
60	-1.5	0.036457
60	-1.4	0.030719
60	-1.3	0.028316
60	-1.2	0.028538
60	-1.1	0.031866
60	-1	0.040928
60	-0.9	0.04775
60	-0.8	0.055863
60	-0.7	0.058863
60	-0.6	0.058805
60	-0.5	0.055163
60	-0.4	0.048322
60	-0.3	0.042778
60	-0.2	0.033714
60	-0.1	0.025965
60	0	0.022268
60	0.1	0.018251
60	0.2	0.016723
60	0.3	0.01779
60	0.4	0.022737
60	0.5	0.026802
60	0.6	0.032331
60	0.7	0.037199
60	0.8	0.042988
60	0.9	0.045923
60	1	0.048098
60	1.1	0.048296
60	1.2	0.047439
60	1.3	0.046215
60	1.4	0.04328
60	1.5	0.040194
60	1.6	0.03735
60	1.7	0.035138
60	1.8	0.034473
60	1.9	0.033834
60	2	0.033644
60	2.1	0.033798
60	2.2	0.033519
60	2.3	0.03091
60	2.4	0.027696
60	2.5	0.02492
60	2.6	0.023233
60	2.7	0.020947
60	2.8	0.019451
60	2.9	0.018244
60	3	0.016592
60	3.1	0.014786
60	3.2	0.012776
60	3.3	0.010285
60	3.4	0.0097366
60	3.5	0.0095574
60	3.6	0.0099598
60	3.7	0.0089856
60	3.8	0.0084709
60	3.9	0.0080603
60	4	0.0085789
70	-4	0.0084
70	-3.9	0.0097515
70	-3.8	0.010894
70	-3.7	0.0109
70	-3.6	0.0098423
70	-3.5	0.008313
70	-3.4	0.0078634
70	-3.3	0.0095962
70	-3.2	0.012639
70	-3.1	0.015116
70	-3	0.015388
70	-2.9	0.014499
70	-2.8	0.013291
70	-2.7	0.014877
70	-2.6	0.02
70	-2.5	0.02418
70	-2.4	0.031077
70	-2.3	0.035053
70	-2.2	0.036302
70	-2.1	0.037005
70	-2	0.03617
70	-1.9	0.035847
70	-1.8	0.036083
70	-1.7	0.036794
70	-1.6	0.038845
70	-1.5	0.038509
70	-1.4	0.036162
70	-1.3	0.033872
70	-1.2	0.032251
70	-1.1	0.033866
70	-1	0.0382
70	-0.9	0.047636
70	-0.8	0.054313
70	-0.7	0.057765
70	-0.6	0.05886
70	-0.5	0.056843
70	-0.4	0.050682
70	-0.3	0.042396
70	-0.2	0.0367
70	-0.1	0.027405
70	0	0.020692
70	0.1	0.015971
70	0.2	0.014381
70	0.3	0.015848
70	0.4	0.019973
70	0.5	0.026143
70	0.6	0.030853
70	0.7	0.038006
70	0.8	0.043465
70	0.9	0.047938
70	1	0.050581
70	1.1	0.050748
70	1.2	0.049906
70	1.3	0.047478
70	1.4	0.044948
70	1.5	0.041099
70	1.6	0.037914
70	1.7	0.036328
70	1.8	0.035407
70	1.9	0.034186
70	2	0.032504
70	2.1	0.031851
70	2.2	0.030633
70	2.3	0.029111
70	2.4	0.025679
70	2.5	0.024352
70	2.6	0.022888
70	2.7	0.020749
70	2.8	0.019066
70	2.9	0.017128
70	3	0.015642
70	3.1	0.013186
70	3.2	0.011319
70	3.3	0.010534
70	3.4	0.0099419
70	3.5	0.0097681
70	3.6	0.0091266
70	3.7	0.0086128
70	3.8	0.0076678
70	3.9	0.0071959
70	4	0.0069164
80	-4	0.0068152
80	-3.9	0.0080763
80	-3.8	0.0098357
80	-3.7	0.010992
80	-3.6	0.010515
80	-3.5	0.0088916
80	-3.4	0.0073139
80	-3.3	0.0077035
80	-3.2	0.0098751
80	-3.1	0.012532
80	-3	0.014819
80	-2.9	0.015445
80	-2.8	0.014788
80	-2.7	0.014679
80	-2.6	0.018014
80	-2.5	0.022544
80	-2.4	0.027296
80	-2.3	0.033032
80	-2.2	0.035876
80	-2.1	0.037749
80	-2	0.036817
80	-1.9	0.03621
80	-1.8	0.036028
80	-1.7	0.036786
80	-1.6	0.037472
80	-1.5	0.037926
80	-1.4	0.036768
80	-1.3	0.035112
80	-1.2	0.034903
80	-1.1	0.036877
80	-1	0.041281
80	-0.9	0.048339
80	-0.8	0.055317
80	-0.7	0.058322
80	-0.6	0.05842
80	-0.5	0.055558
80	-0.4	0.050722
80	-0.3	0.042531
80	-0.2	0.032795
80	-0.1	0.02536
80	0	0.019277
80	0.1	0.016091
80	0.2	0.014151
80	0.3	0.014703
80	0.4	0.018841
80	0.5	0.026959
80	0.6	0.034609
80	0.7	0.040242
80	0.8	0.045909
80	0.9	0.050304
80	1	0.051096
80	1.1	0.049999
80	1.2	0.04844
80	1.3	0.046425
80	1.4	0.044527
80	1.5	0.043591
80	1.6	0.041335
80	1.7	0.038914
80	1.8	0.037291
80	1.9	0.034487
80	2	0.031956
80	2.1	0.031581
80	2.2	0.031274
80	2.3	0.030359
80	2.4	0.029056
80	2.5	0.027028
80	2.6	0.0244
80	2.7	0.021157
80	2.8	0.016986
80	2.9	0.015312
80	3	0.013861
80	3.1	0.012871
80	3.2	0.01212
80	3.3	0.011362
80	3.4	0.010653
80	3.5	0.0099614
80	3.6	0.0091461
80	3.7	0.0087061
80	3.8	0.0065245
80	3.9	0.0068578
80	4	0.0059763
90	-4	0.0080221
90	-3.9	0.0089928
90	-3.8	0.010454
90	-3.7	0.011864
90	-3.6	0.011585
90	-3.5	0.009778
90	-3.4	0.0091142
90	-3.3	0.0093315
90	-3.2	0.011053
90	-3.1	0.013087
90	-3	0.014689
90	-2.9	0.0152
90	-2.8	0.016024
90	-2.7	0.01686
90	-2.6	0.020347
90	-2.5	0.024529
90	-2.4	0.02861
90	-2.3	0.03303
90	-2.2	0.034637
90	-2.1	0.034866
90	-2	0.034971
90	-1.9	0.03516
90	-1.8	0.037491
90	-1.7	0.038616
90	-1.6	0.039812
90	-1.5	0.038084
90	-1.4	0.035661
90	-1.3	0.033094
90	-1.2	0.032924
90	-1.1	0.037622
90	-1	0.043315
90	-0.9	0.049538
90	-0.8	0.054303
90	-0.7	0.057698
90	-0.6	0.056754
90	-0.5	0.053421
90	-0.4	0.044678
90	-0.3	0.039002
90	-0.2	0.031037
90	-0.1	0.022508
90	0	0.018035
90	0.1	0.014799
90	0.2	0.014363
90	0.3	0.015772
90	0.4	0.022053
90	0.5	0.025776
90	0.6	0.032872
90	0.7	0.038627
90	0.8	0.044644
90	0.9	0.04885
90	1	0.051159
90	1.1	0.051638
90	1.2	0.050797
90	1.3	0.048722
90	1.4	0.045871
90	1.5	0.042364
90	1.6	0.040322
90	1.7	0.037265
90	1.8	0.036757
90	1.9	0.035712
90	2	0.035149
90	2.1	0.035062
90	2.2	0.035019
90	2.3	0.033215
90	2.4	0.030417
90	2.5	0.028445
90	2.6	0.0274
90	2.7	0.024565
90	2.8	0.021767
90	2.9	0.020351
90	3	0.019165
90	3.1	0.016504
90	3.2	0.014975
90	3.3	0.012849
90	3.4	0.012654
90	3.5	0.012443
90	3.6	0.012146
90	3.7	0.011346
90	3.8	0.010023
90	3.9	0.009255
90	4	0.0086857
100	-4	0.0083711
100	-3.9	0.0093505
100	-3.8	0.0098209
100	-3.7	0.0099533
100	-3.6	0.0091849
100	-3.5	0.0087874
100	-3.4	0.0091989
100	-3.3	0.0098881
100	-3.2	0.010827
100	-3.1	0.011559
100	-3	0.0117
100	-2.9	0.012235
100	-2.8	0.014088
100	-2.7	0.015898
100	-2.6	0.0207
100	-2.5	0.024113
100	-2.4	0.027832
100	-2.3	0.030649
100	-2.2	0.031652
100	-2.1	0.03228
100	-2	0.032773
100	-1.9	0.03397
100	-1.8	0.036376
100	-1.7	0.038421
100	-1.6	0.038418
100	-1.5	0.036567
100	-1.4	0.033411
100	-1.3	0.031392
100	-1.2	0.033497
100	-1.1	0.03752
100	-1	0.046557
100	-0.9	0.05254
100	-0.8	0.056927
100	-0.7	0.057607
100	-0.6	0.055318
100	-0.5	0.050005
100	-0.4	0.042622
100	-0.3	0.033835
100	-0.2	0.027644
100	-0.1	0.020372
100	0	0.016021
100	0.1	0.014378
100	0.2	0.015277
100	0.3	0.017859
100	0.4	0.024933
100	0.5	0.029673
100	0.6	0.035186
100	0.7	0.042373
100	0.8	0.044582
100	0.9	0.0486
100	1	0.049211
100	1.1	0.049048
100	1.2	0.048033
100	1.3	0.045976
100	1.4	0.04428
100	1.5	0.041524
100	1.6	0.039067
100	1.7	0.036746
100	1.8	0.03589
100	1.9	0.034696
100	2	0.034385
100	2.1	0.035023
100	2.2	0.034835
100	2.3	0.032897
100	2.4	0.029404
100	2.5	0.027941
100	2.6	0.024651
100	2.7	0.022505
100	2.8	0.021466
100	2.9	0.021156
100	3	0.020849
100	3.1	0.019073
100	3.2	0.015471
100	3.3	0.013627
100	3.4	0.011134
100	3.5	0.010543
100	3.6	0.010706
100	3.7	0.011001
100	3.8	0.010311
100	3.9	0.0095979
100	4	0.0089892
110	-4	0.0076191
110	-3.9	0.0092968
110	-3.8	0.010695
110	-3.7	0.010618
110	-3.6	0.0093089
110	-3.5	0.0082348
110	-3.4	0.0081282
110	-3.3	0.0096415
110	-3.2	0.011246
110	-3.1	0.012051
110	-3	0.011797
110	-2.9	0.011478
110	-2.8	0.012393
110	-2.7	0.01507
110	-2.6	0.019079
110	-2.5	0.024349
110	-2.4	0.028327
110	-2.3	0.029259
110	-2.2	0.029619
110	-2.1	0.028781
110	-2	0.028073
110	-1.9	0.029408
110	-1.8	0.033363
110	-1.7	0.035671
110	-1.6	0.037415
110	-1.5	0.036586
110	-1.4	0.034575
110	-1.3	0.03141
110	-1.2	0.032106
110	-1.1	0.035797
110	-1	0.045653
110	-0.9	0.05234
110	-0.8	0.05827
110	-0.7	0.060562
110	-0.6	0.057362
110	-0.5	0.052155
110	-0.4	0.043751
110	-0.3	0.036039
110	-0.2	0.026148
110	-0.1	0.017868
110	0	0.014419
110	0.1	0.012551
110	0.2	0.01366
110	0.3	0.017422
110	0.4	0.022521
110	0.5	0.030435
110	0.6	0.037188
110	0.7	0.044287
110	0.8	0.050474
110	0.9	0.053896
110	1	0.053756
110	1.1	0.051713
110	1.2	0.048831
110	1.3	0.046363
110	1.4	0.043591
110	1.5	0.041357
110	1.6	0.04084
110	1.7	0.040315
110	1.8	0.039631
110	1.9	0.037641
110	2	0.035822
110	2.1	0.034697
110	2.2	0.033727
110	2.3	0.031767
110	2.4	0.030603
110	2.5	0.029372
110	2.6	0.026298
110	2.7	0.023942
110	2.8	0.022067
110	2.9	0.019982
110	3	0.019224
110	3.1	0.018293
110	3.2	0.016823
110	3.3	0.014081
110	3.4	0.012645
110	3.5	0.010574
110	3.6	0.0093072
110	3.7	0.0095099
110	3.8	0.009893
110	3.9	0.011196
110	4	0.01121
120	-4	0.0065738
120	-3.9	0.0094348
120	-3.8	0.011148
120	-3.7	0.01198
120	-3.6	0.010865
120	-3.5	0.0095472
120	-3.4	0.0079756
120	-3.3	0.0080362
120	-3.2	0.010967
120	-3.1	0.012879
120	-3	0.014187
120	-2.9	0.014281
120	-2.8	0.013883
120	-2.7	0.014081
120	-2.6	0.018898
120	-2.5	0.024384
120	-2.4	0.027097
120	-2.3	0.031901
120	-2.2	0.032717
120	-2.1	0.031482
120	-2	0.029437
120	-1.9	0.02897
120	-1.8	0.030396
120	-1.7	0.033485
120	-1.6	0.035938
120	-1.5	0.035482
120	-1.4	0.034565
120	-1.3	0.032236
120	-1.2	0.032916
120	-1.1	0.037908
120	-1	0.04373
120	-0.9	0.050772
120	-0.8	0.055432
120	-0.7	0.057842
120	-0.6	0.056231
120	-0.5	0.049625
120	-0.4	0.043992
120	-0.3	0.034782
120	-0.2	0.027729
120	-0.1	0.017525
120	0	0.014781
120	0.1	0.013925
120	0.2	0.016123
120	0.3	0.019328
120	0.4	0.023785
120	0.5	0.031786
120	0.6	0.038442
120	0.7	0.045284
120	0.8	0.050153
120	0.9	0.052338
120	1	0.053878
120	1.1	0.053142
120	1.2	0.05173
120	1.3	0.04814
120	1.4	0.045595
120	1.5	0.041098
120	1.6	0.038879
120	1.7	0.037257
120	1.8	0.035668
120	1.9	0.03529
120	2	0.035395
120	2.1	0.035584
120	2.2	0.0347
120	2.3	0.032442
120	2.4	0.030082
120	2.5	0.027544
120	2.6	0.024677
120	2.7	0.023402
120	2.8	0.02233
120	2.9	0.021807
120	3	0.021188
120	3.1	0.018661
120	3.2	0.017011
120	3.3	0.014993
120	3.4	0.012297
120	3.5	0.011515
120	3.6	0.011672
120	3.7	0.012324
120	3.8	0.011967
120	3.9	0.011371
120	4	0.01006
130	-4	0.0090161
130	-3.9	0.010497
130	-3.8	0.010475
130	-3.7	0.010282
130	-3.6	0.0086427
130	-3.5	0.0079594
130	-3.4	0.0088333
130	-3.3	0.01002
130	-3.2	0.011754
130	-3.1	0.012779
130	-3	0.01327
130	-2.9	0.013401
130	-2.8	0.014675
130	-2.7	0.016422
130	-2.6	0.020981
130	-2.5	0.023094
130	-2.4	0.026838
130	-2.3	0.029525
130	-2.2	0.030616
130	-2.1	0.031224
130	-2	0.032344
130	-1.9	0.033984
130	-1.8	0.035083
130	-1.7	0.037135
130	-1.6	0.035951
130	-1.5	0.033966
130	-1.4	0.032409
130	-1.3	0.032065
130	-1.2	0.036023
130	-1.1	0.0428
130	-1	0.050026
130	-0.9	0.054714
130	-0.8	0.058643
130	-0.7	0.058075
130	-0.6	0.054501
130	-0.5	0.047721
130	-0.4	0.041804
130	-0.3	0.030615
130	-0.2	0.022845
130	-0.1	0.017631
130	0	0.01473
130	0.1	0.01481
130	0.2	0.015665
130	0.3	0.020892
130	0.4	0.023962
130	0.5	0.031185
130	0.6	0.037565
130	0.7	0.044954
130	0.8	0.052184
130	0.9	0.055369
130	1	0.056983
130	1.1	0.056887
130	1.2	0.055291
130	1.3	0.052668
130	1.4	0.048511
130	1.5	0.045034
130	1.6	0.040392
130	1.7	0.038767
130	1.8	0.037251
130	1.9	0.036632
130	2	0.037244
130	2.1	0.037684
130	2.2	0.036304
130	2.3	0.033226
130	2.4	0.031225
130	2.5	0.028574
130	2.6	0.026535
130	2.7	0.024785
130	2.8	0.022804
130	2.9	0.021069
130	3	0.019444
130	3.1	0.017058
130	3.2	0.014638
130	3.3	0.013254
130	3.4	0.012688
130	3.5	0.012676
130	3.6	0.012438
130	3.7	0.011815
130	3.8	0.010379
130	3.9	0.008955
130	4	0.007404
140	-4	0.0070323
140	-3.9	0.0080241
140	-3.8	0.009043
140	-3.7	0.0084211
140	-3.6	0.0065861
140	-3.5	0.0050243
140	-3.4	0.0054679
140	-3.3	0.0090501
140	-3.2	0.011213
140	-3.1	0.013151
140	-3	0.013024
140	-2.9	0.0112
140	-2.8	0.0098783
140	-2.7	0.011656
140	-2.6	0.017015
140	-2.5	0.023439
140	-2.4	0.029525
140	-2.3	0.030805
140	-2.2	0.031659
140	-2.1	0.030388
140	-2	0.028464
140	-1.9	0.028387
140	-1.8	0.031115
140	-1.7	0.034238
140	-1.6	0.035465
140	-1.5	0.034982
140	-1.4	0.033646
140	-1.3	0.033279
140	-1.2	0.036803
140	-1.1	0.043397
140	-1	0.051222
140	-0.9	0.056897
140	-0.8	0.060855
140	-0.7	0.060314
140	-0.6	0.054477
140	-0.5	0.047924
140	-0.4	0.04052
140	-0.3	0.028092
140	-0.2	0.017575
140	-0.1	0.013461
140	0	0.012544
140	0.1	0.012952
140	0.2	0.015006
140	0.3	0.020979
140	0.4	0.030405
140	0.5	0.036097
140	0.6	0.045121
140	0.7	0.05287
140	0.8	0.057454
140	0.9	0.059155
140	1	0.058642
140	1.1	0.057143
140	1.2	0.053936
140	1.3	0.051039
140	1.4	0.047157
140	1.5	0.044879
140	1.6	0.043197
140	1.7	0.041564
140	1.8	0.03997
140	1.9	0.038136
140	2	0.037036
140	2.1	0.036886
140	2.2	0.035624
140	2.3	0.034905
140	2.4	0.032877
140	2.5	0.030973
140	2.6	0.028042
140	2.7	0.026553
140	2.8	0.022788
140	2.9	0.019771
140	3	0.017955
140	3.1	0.016705
140	3.2	0.015165
140	3.3	0.014641
140	3.4	0.014534
140	3.5	0.014195
140	3.6	0.013157
140	3.7	0.011276
140	3.8	0.0095945
140	3.9	0.0079289
140	4	0.0070139
150	-4	0.0093298
150	-3.9	0.010116
150	-3.8	0.0095574
150	-3.7	0.0083556
150	-3.6	0.007085
150	-3.5	0.0072473
150	-3.4	0.0090126
150	-3.3	0.010479
150	-3.2	0.011372
150	-3.1	0.011778
150	-3	0.011633
150	-2.9	0.011531
150	-2.8	0.012391
150	-2.7	0.015852
150	-2.6	0.020385
150	-2.5	0.024701
150	-2.4	0.028191
150	-2.3	0.029354
150	-2.2	0.028876
150	-2.1	0.027633
150	-2	0.026981
150	-1.9	0.02781
150	-1.8	0.030388
150	-1.7	0.032194
150	-1.6	0.031975
150	-1.5	0.031354
150	-1.4	0.029488
150	-1.3	0.030605
150	-1.2	0.034757
150	-1.1	0.042735
150	-1	0.050349
150	-0.9	0.056096
150	-0.8	0.059423
150	-0.7	0.059614
150	-0.6	0.055153
150	-0.5	0.047617
150	-0.4	0.039101
150	-0.3	0.026553
150	-0.2	0.019739
150	-0.1	0.015367
150	0	0.013718
150	0.1	0.014782
150	0.2	0.016967
150	0.3	0.022534
150	0.4	0.03026
150	0.5	0.036998
150	0.6	0.046801
150	0.7	0.052212
150	0.8	0.05593
150	0.9	0.059994
150	1	0.060391
150	1.1	0.058998
150	1.2	0.055998
150	1.3	0.053076
150	1.4	0.047593
150	1.5	0.044705
150	1.6	0.040646
150	1.7	0.038717
150	1.8	0.037447
150	1.9	0.037536
150	2	0.038103
150	2.1	0.038418
150	2.2	0.037541
150	2.3	0.035516
150	2.4	0.033029
150	2.5	0.030346
150	2.6	0.0274
150	2.7	0.0257
150	2.8	0.023294
150	2.9	0.022032
150	3	0.021036
150	3.1	0.020076
150	3.2	0.018014
150	3.3	0.016397
150	3.4	0.015189
150	3.5	0.014589
150	3.6	0.014274
150	3.7	0.013441
150	3.8	0.012455
150	3.9	0.011489
150	4	0.010354
160	-4	0.007085
160	-3.9	0.00748
160	-3.8	0.0081401
160	-3.7	0.0081718
160	-3.6	0.0082309
160	-3.5	0.007672
160	-3.4	0.0069514
160	-3.3	0.00711
160	-3.2	0.00801
160	-3.1	0.0090358
160	-3	0.011997
160	-2.9	0.013043
160	-2.8	0.014938
160	-2.7	0.016535
160	-2.6	0.018684
160	-2.5	0.022059
160	-2.4	0.023951
160	-2.3	0.02603
160	-2.2	0.02698
160	-2.1	0.027181
160	-2	0.027738
160	-1.9	0.028206
160	-1.8	0.029358
160	-1.7	0.029884
160	-1.6	0.029426
160	-1.5	0.028808
160	-1.4	0.028731
160	-1.3	0.031958
160	-1.2	0.037475
160	-1.1	0.045773
160	-1	0.052029
160	-0.9	0.056404
160	-0.8	0.057735
160	-0.7	0.05686
160	-0.6	0.051903
160	-0.5	0.046649
160	-0.4	0.037257
160	-0.3	0.025724
160	-0.2	0.018407
160	-0.1	0.01503
160	0	0.013552
160	0.1	0.013978
160	0.2	0.01681
160	0.3	0.024179
160	0.4	0.030716
160	0.5	0.035633
160	0.6	0.045747
160	0.7	0.050904
160	0.8	0.055433
160	0.9	0.058494
160	1	0.058532
160	1.1	0.058179
160	1.2	0.056149
160	1.3	0.054626
160	1.4	0.049341
160	1.5	0.046318
160	1.6	0.043403
160	1.7	0.039964
160	1.8	0.03778
160	1.9	0.037666
160	2	0.039126
160	2.1	0.039696
160	2.2	0.038158
160	2.3	0.035704
160	2.4	0.032581
160	2.5	0.029606
160	2.6	0.025659
160	2.7	0.02355
160	2.8	0.022653
160	2.9	0.022138
160	3	0.020808
160	3.1	0.018959
160	3.2	0.014587
160	3.3	0.012685
160	3.4	0.01192
160	3.5	0.011889
160	3.6	0.012208
160	3.7	0.012256
160	3.8	0.011888
160	3.9	0.010329
160	4	0.0090911
170	-4	0.010243
170	-3.9	0.011088
170	-3.8	0.010821
170	-3.7	0.0096029
170	-3.6	0.0086987
170	-3.5	0.0085506
170	-3.4	0.009354
170	-3.3	0.010278
170	-3.2	0.010762
170	-3.1	0.010877
170	-3	0.0111
170	-2.9	0.012088
170	-2.8	0.01495
170	-2.7	0.018638
170	-2.6	0.022247
170	-2.5	0.024001
170	-2.4	0.025589
170	-2.3	0.025329
170	-2.2	0.024068
170	-2.1	0.023294
170	-2	0.023927
170	-1.9	0.026376
170	-1.8	0.027956
170	-1.7	0.028999
170	-1.6	0.027823
170	-1.5	0.026677
170	-1.4	0.024897
170	-1.3	0.025451
170	-1.2	0.031986
170	-1.1	0.039467
170	-1	0.048414
170	-0.9	0.056715
170	-0.8	0.059672
170	-0.7	0.059232
170	-0.6	0.05493
170	-0.5	0.045788
170	-0.4	0.037933
170	-0.3	0.028088
170	-0.2	0.017716
170	-0.1	0.013738
170	0	0.013309
170	0.1	0.015206
170	0.2	0.017601
170	0.3	0.022508
170	0.4	0.027672
170	0.5	0.038107
170	0.6	0.043811
170	0.7	0.052104
170	0.8	0.058149
170	0.9	0.059524
170	1	0.059289
170	1.1	0.056498
170	1.2	0.053219
170	1.3	0.046559
170	1.4	0.042935
170	1.5	0.040056
170	1.6	0.039119
170	1.7	0.03724
170	1.8	0.036703
170	1.9	0.036759
170	2	0.036724
170	2.1	0.03583
170	2.2	0.034363
170	2.3	0.031812
170	2.4	0.029469
170	2.5	0.028229
170	2.6	0.026626
170	2.7	0.025115
170	2.8	0.02441
170	2.9	0.023624
170	3	0.021943
170	3.1	0.018471
170	3.2	0.016744
170	3.3	0.014279
170	3.4	0.013241
170	3.5	0.013333
170	3.6	0.013665
170	3.7	0.013957
170	3.8	0.013751
170	3.9	0.01266
170	4	0.011176
180	-4	0.0075894
180	-3.9	0.0078387
180	-3.8	0.0073404
180	-3.7	0.007274
180	-3.6	0.0076656
180	-3.5	0.0075872
180	-3.4	0.0081122
180	-3.3	0.0086353
180	-3.2	0.0091461
180	-3.1	0.01006
180	-3	0.011071
180	-2.9	0.012188
180	-2.8	0.013871
180	-2.7	0.017081
180	-2.6	0.019773
180	-2.5	0.02306
180	-2.4	0.025454
180	-2.3	0.026481
180	-2.2	0.027343
180	-2.1	0.027183
180	-2	0.027241
180	-1.9	0.027687
180	-1.8	0.028053
180	-1.7	0.027605
180	-1.6	0.026834
180	-1.5	0.026123
180	-1.4	0.02645
180	-1.3	0.030255
180	-1.2	0.038444
180	-1.1	0.042161
180	-1	0.049772
180	-0.9	0.053397
180	-0.8	0.055944
180	-0.7	0.053627
180	-0.6	0.048976
180	-0.5	0.04234
180	-0.4	0.033374
180	-0.3	0.024087
180	-0.2	0.017563
180	-0.1	0.013248
180	0	0.011973
180	0.1	0.012837
180	0.2	0.014538
180	0.3	0.02072
180	0.4	0.026516
180	0.5	0.035005
180	0.6	0.041805
180	0.7	0.049769
180	0.8	0.054698
180	0.9	0.057673
180	1	0.058164
180	1.1	0.056024
180	1.2	0.053442
180	1.3	0.049647
180	1.4	0.046157
180	1.5	0.042914
180	1.6	0.041217
180	1.7	0.038136
180	1.8	0.037669
180	1.9	0.038603
180	2	0.039259
180	2.1	0.038695
180	2.2	0.037429
180	2.3	0.034332
180	2.4	0.032758
180	2.5	0.027457
180	2.6	0.025303
180	2.7	0.023282
180	2.8	0.022013
180	2.9	0.021353
180	3	0.019671
180	3.1	0.018242
180	3.2	0.01536
180	3.3	0.013471
180	3.4	0.011707
180	3.5	0.011278
180	3.6	0.011078
180	3.7	0.011131
180	3.8	0.01063
180	3.9	0.0095099
180	4	0.0091372
 
Uniformity Ratio =0.69321
