13-Dec-2017
12:55
TXR  007952 RM428 R24
33511B Function Generator
SN =Agilent Technologies,33511B,MY52301476,3.05-1.19-2.00-52-00
freq =+9.240000000000000E+06
burstmode =TRIG
burstN =+6.000000000000000E+01
voltage =+1.5000000000000E-01
 
DSO-X 2022A Oscilloscope
SN =AGILENT TECHNOLOGIES,DSO-X 2022A,MY54310921,02.41.2015102200
probe =+1.0000000E+00
scale =+500.0E-09
position =+19.900000E-06
range =+1.60E+00
units =VOLT
points =+2000
pointmode =NORM
format =BYTE
acqtype =NORM
trigsource =EXT
coupling =AC
 
-180	-4	0.015132
-180	-3.9	0.017315
-180	-3.8	0.018085
-180	-3.7	0.01726
-180	-3.6	0.013751
-180	-3.5	0.01216
-180	-3.4	0.011031
-180	-3.3	0.011359
-180	-3.2	0.012371
-180	-3.1	0.011719
-180	-3	0.0097449
-180	-2.9	0.0078304
-180	-2.8	0.0070346
-180	-2.7	0.010336
-180	-2.6	0.015319
-180	-2.5	0.020581
-180	-2.4	0.025109
-180	-2.3	0.027439
-180	-2.2	0.029428
-180	-2.1	0.031569
-180	-2	0.035884
-180	-1.9	0.038776
-180	-1.8	0.043062
-180	-1.7	0.042198
-180	-1.6	0.038343
-180	-1.5	0.030044
-180	-1.4	0.020846
-180	-1.3	0.017994
-180	-1.2	0.020727
-180	-1.1	0.030611
-180	-1	0.040253
-180	-0.9	0.050407
-180	-0.8	0.055916
-180	-0.7	0.055016
-180	-0.6	0.052011
-180	-0.5	0.045559
-180	-0.4	0.035864
-180	-0.3	0.03303
-180	-0.2	0.025449
-180	-0.1	0.022693
-180	0	0.020642
-180	0.1	0.020017
-180	0.2	0.020839
-180	0.3	0.023618
-180	0.4	0.028541
-180	0.5	0.033422
-180	0.6	0.037214
-180	0.7	0.041276
-180	0.8	0.042819
-180	0.9	0.041886
-180	1	0.041024
-180	1.1	0.037854
-180	1.2	0.036004
-180	1.3	0.033794
-180	1.4	0.030686
-180	1.5	0.029814
-180	1.6	0.030317
-180	1.7	0.030959
-180	1.8	0.030746
-180	1.9	0.031406
-180	2	0.031831
-180	2.1	0.030654
-180	2.2	0.028043
-180	2.3	0.025027
-180	2.4	0.022614
-180	2.5	0.021723
-180	2.6	0.018729
-180	2.7	0.016307
-180	2.8	0.014888
-180	2.9	0.013575
-180	3	0.012379
-180	3.1	0.010546
-180	3.2	0.0099322
-180	3.3	0.010515
-180	3.4	0.012345
-180	3.5	0.013309
-180	3.6	0.012892
-180	3.7	0.012221
-180	3.8	0.012235
-180	3.9	0.01178
-180	4	0.011056
-170	-4	0.013272
-170	-3.9	0.015266
-170	-3.8	0.016036
-170	-3.7	0.015762
-170	-3.6	0.013963
-170	-3.5	0.012366
-170	-3.4	0.011017
-170	-3.3	0.010173
-170	-3.2	0.010172
-170	-3.1	0.0093678
-170	-3	0.0074236
-170	-2.9	0.0062201
-170	-2.8	0.0075188
-170	-2.7	0.012293
-170	-2.6	0.017201
-170	-2.5	0.020449
-170	-2.4	0.024386
-170	-2.3	0.02653
-170	-2.2	0.027931
-170	-2.1	0.030157
-170	-2	0.033939
-170	-1.9	0.037329
-170	-1.8	0.039388
-170	-1.7	0.038512
-170	-1.6	0.035864
-170	-1.5	0.02629
-170	-1.4	0.018884
-170	-1.3	0.014289
-170	-1.2	0.021392
-170	-1.1	0.029622
-170	-1	0.041404
-170	-0.9	0.051007
-170	-0.8	0.054583
-170	-0.7	0.054578
-170	-0.6	0.051432
-170	-0.5	0.046603
-170	-0.4	0.03914
-170	-0.3	0.028781
-170	-0.2	0.02388
-170	-0.1	0.020877
-170	0	0.016926
-170	0.1	0.015503
-170	0.2	0.015724
-170	0.3	0.018218
-170	0.4	0.023368
-170	0.5	0.029511
-170	0.6	0.036346
-170	0.7	0.040761
-170	0.8	0.042032
-170	0.9	0.041946
-170	1	0.040281
-170	1.1	0.037882
-170	1.2	0.033846
-170	1.3	0.030523
-170	1.4	0.028464
-170	1.5	0.028694
-170	1.6	0.029834
-170	1.7	0.030268
-170	1.8	0.030422
-170	1.9	0.030333
-170	2	0.029677
-170	2.1	0.027289
-170	2.2	0.024781
-170	2.3	0.022119
-170	2.4	0.02111
-170	2.5	0.018986
-170	2.6	0.016774
-170	2.7	0.014551
-170	2.8	0.013752
-170	2.9	0.011477
-170	3	0.010238
-170	3.1	0.0091
-170	3.2	0.0092933
-170	3.3	0.0093712
-170	3.4	0.0099484
-170	3.5	0.010835
-170	3.6	0.010808
-170	3.7	0.011033
-170	3.8	0.01151
-170	3.9	0.011329
-170	4	0.010257
-160	-4	0.013118
-160	-3.9	0.01435
-160	-3.8	0.014657
-160	-3.7	0.014157
-160	-3.6	0.012779
-160	-3.5	0.011664
-160	-3.4	0.011206
-160	-3.3	0.011296
-160	-3.2	0.010667
-160	-3.1	0.0094622
-160	-3	0.0067724
-160	-2.9	0.0059056
-160	-2.8	0.0080402
-160	-2.7	0.012457
-160	-2.6	0.017915
-160	-2.5	0.021038
-160	-2.4	0.023913
-160	-2.3	0.026356
-160	-2.2	0.028117
-160	-2.1	0.030704
-160	-2	0.034984
-160	-1.9	0.036639
-160	-1.8	0.037924
-160	-1.7	0.036463
-160	-1.6	0.030175
-160	-1.5	0.024327
-160	-1.4	0.016154
-160	-1.3	0.015863
-160	-1.2	0.023511
-160	-1.1	0.031429
-160	-1	0.04248
-160	-0.9	0.051115
-160	-0.8	0.053884
-160	-0.7	0.053339
-160	-0.6	0.048274
-160	-0.5	0.044317
-160	-0.4	0.038092
-160	-0.3	0.030038
-160	-0.2	0.022556
-160	-0.1	0.01924
-160	0	0.016466
-160	0.1	0.014713
-160	0.2	0.015083
-160	0.3	0.017288
-160	0.4	0.021881
-160	0.5	0.027222
-160	0.6	0.035631
-160	0.7	0.03867
-160	0.8	0.040786
-160	0.9	0.042118
-160	1	0.041238
-160	1.1	0.038657
-160	1.2	0.035386
-160	1.3	0.031337
-160	1.4	0.028787
-160	1.5	0.027852
-160	1.6	0.028769
-160	1.7	0.029588
-160	1.8	0.03077
-160	1.9	0.031262
-160	2	0.029988
-160	2.1	0.028004
-160	2.2	0.025175
-160	2.3	0.021648
-160	2.4	0.018841
-160	2.5	0.015697
-160	2.6	0.014167
-160	2.7	0.012714
-160	2.8	0.011176
-160	2.9	0.0094605
-160	3	0.007225
-160	3.1	0.0067004
-160	3.2	0.0068271
-160	3.3	0.0078798
-160	3.4	0.0082073
-160	3.5	0.008526
-160	3.6	0.0079898
-160	3.7	0.0073294
-160	3.8	0.0072228
-160	3.9	0.0074432
-160	4	0.0074214
-150	-4	0.013703
-150	-3.9	0.014259
-150	-3.8	0.01303
-150	-3.7	0.011187
-150	-3.6	0.0091567
-150	-3.5	0.0081003
-150	-3.4	0.0087357
-150	-3.3	0.010106
-150	-3.2	0.010199
-150	-3.1	0.0090769
-150	-3	0.0065294
-150	-2.9	0.0071304
-150	-2.8	0.010041
-150	-2.7	0.015251
-150	-2.6	0.020787
-150	-2.5	0.023182
-150	-2.4	0.026206
-150	-2.3	0.026718
-150	-2.2	0.027782
-150	-2.1	0.029794
-150	-2	0.033512
-150	-1.9	0.035681
-150	-1.8	0.036698
-150	-1.7	0.035037
-150	-1.6	0.02706
-150	-1.5	0.022274
-150	-1.4	0.01409
-150	-1.3	0.016535
-150	-1.2	0.024473
-150	-1.1	0.033956
-150	-1	0.041144
-150	-0.9	0.049597
-150	-0.8	0.052806
-150	-0.7	0.051722
-150	-0.6	0.045918
-150	-0.5	0.040628
-150	-0.4	0.032107
-150	-0.3	0.026736
-150	-0.2	0.020212
-150	-0.1	0.01529
-150	0	0.013437
-150	0.1	0.01212
-150	0.2	0.01208
-150	0.3	0.014246
-150	0.4	0.020324
-150	0.5	0.025047
-150	0.6	0.031077
-150	0.7	0.035605
-150	0.8	0.037076
-150	0.9	0.037171
-150	1	0.036478
-150	1.1	0.035027
-150	1.2	0.031784
-150	1.3	0.028815
-150	1.4	0.027705
-150	1.5	0.027009
-150	1.6	0.0271
-150	1.7	0.026844
-150	1.8	0.027446
-150	1.9	0.027278
-150	2	0.026828
-150	2.1	0.026215
-150	2.2	0.024037
-150	2.3	0.022688
-150	2.4	0.020706
-150	2.5	0.017767
-150	2.6	0.01417
-150	2.7	0.012515
-150	2.8	0.010257
-150	2.9	0.0085827
-150	3	0.0083324
-150	3.1	0.0085563
-150	3.2	0.0089315
-150	3.3	0.0084365
-150	3.4	0.0076972
-150	3.5	0.0071846
-150	3.6	0.0073051
-150	3.7	0.008562
-150	3.8	0.0089568
-150	3.9	0.0090197
-150	4	0.008888
-140	-4	0.010488
-140	-3.9	0.010566
-140	-3.8	0.0098701
-140	-3.7	0.0093349
-140	-3.6	0.008448
-140	-3.5	0.0074994
-140	-3.4	0.0079411
-140	-3.3	0.0081003
-140	-3.2	0.0081102
-140	-3.1	0.00711
-140	-3	0.0058919
-140	-2.9	0.0066228
-140	-2.8	0.012112
-140	-2.7	0.01584
-140	-2.6	0.021338
-140	-2.5	0.023774
-140	-2.4	0.027071
-140	-2.3	0.028857
-140	-2.2	0.029947
-140	-2.1	0.032332
-140	-2	0.034528
-140	-1.9	0.035275
-140	-1.8	0.03559
-140	-1.7	0.034016
-140	-1.6	0.028953
-140	-1.5	0.022441
-140	-1.4	0.012887
-140	-1.3	0.013109
-140	-1.2	0.022661
-140	-1.1	0.034199
-140	-1	0.044907
-140	-0.9	0.05186
-140	-0.8	0.054301
-140	-0.7	0.05465
-140	-0.6	0.049932
-140	-0.5	0.041849
-140	-0.4	0.036603
-140	-0.3	0.026552
-140	-0.2	0.018342
-140	-0.1	0.015941
-140	0	0.012723
-140	0.1	0.010584
-140	0.2	0.010633
-140	0.3	0.013218
-140	0.4	0.017914
-140	0.5	0.024586
-140	0.6	0.030942
-140	0.7	0.035219
-140	0.8	0.038351
-140	0.9	0.03909
-140	1	0.037891
-140	1.1	0.035768
-140	1.2	0.032812
-140	1.3	0.029693
-140	1.4	0.02776
-140	1.5	0.026846
-140	1.6	0.025881
-140	1.7	0.025821
-140	1.8	0.026038
-140	1.9	0.026333
-140	2	0.025599
-140	2.1	0.0241
-140	2.2	0.022981
-140	2.3	0.021363
-140	2.4	0.019642
-140	2.5	0.016434
-140	2.6	0.013407
-140	2.7	0.012746
-140	2.8	0.010888
-140	2.9	0.0077558
-140	3	0.007454
-140	3.1	0.0076551
-140	3.2	0.0074908
-140	3.3	0.0079105
-140	3.4	0.0069954
-140	3.5	0.006635
-140	3.6	0.0065096
-140	3.7	0.0071372
-140	3.8	0.0075531
-140	3.9	0.0080603
-140	4	0.0079938
-130	-4	0.010331
-130	-3.9	0.010298
-130	-3.8	0.0095962
-130	-3.7	0.0079756
-130	-3.6	0.0072362
-130	-3.5	0.0077035
-130	-3.4	0.007225
-130	-3.3	0.0068743
-130	-3.2	0.0059763
-130	-3.1	0.0062357
-130	-3	0.0071327
-130	-2.9	0.0101
-130	-2.8	0.014123
-130	-2.7	0.01858
-130	-2.6	0.02297
-130	-2.5	0.025588
-130	-2.4	0.027193
-130	-2.3	0.02989
-130	-2.2	0.031552
-130	-2.1	0.034148
-130	-2	0.037138
-130	-1.9	0.037598
-130	-1.8	0.035838
-130	-1.7	0.03184
-130	-1.6	0.022602
-130	-1.5	0.01768
-130	-1.4	0.012332
-130	-1.3	0.01776
-130	-1.2	0.027
-130	-1.1	0.036798
-130	-1	0.045505
-130	-0.9	0.051164
-130	-0.8	0.053523
-130	-0.7	0.052475
-130	-0.6	0.047601
-130	-0.5	0.039856
-130	-0.4	0.033461
-130	-0.3	0.023303
-130	-0.2	0.017951
-130	-0.1	0.012294
-130	0	0.0099436
-130	0.1	0.0094142
-130	0.2	0.009839
-130	0.3	0.012202
-130	0.4	0.016366
-130	0.5	0.022327
-130	0.6	0.027113
-130	0.7	0.034071
-130	0.8	0.038106
-130	0.9	0.039923
-130	1	0.039867
-130	1.1	0.037586
-130	1.2	0.033842
-130	1.3	0.029568
-130	1.4	0.027448
-130	1.5	0.025312
-130	1.6	0.024791
-130	1.7	0.025792
-130	1.8	0.028012
-130	1.9	0.029137
-130	2	0.027524
-130	2.1	0.026338
-130	2.2	0.023681
-130	2.3	0.020632
-130	2.4	0.018444
-130	2.5	0.016418
-130	2.6	0.014916
-130	2.7	0.014139
-130	2.8	0.012048
-130	2.9	0.010636
-130	3	0.0090323
-130	3.1	0.0070827
-130	3.2	0.0076212
-130	3.3	0.0080783
-130	3.4	0.0087394
-130	3.5	0.0084499
-130	3.6	0.0084077
-130	3.7	0.0086409
-130	3.8	0.0083672
-130	3.9	0.0077495
-130	4	0.008016
-120	-4	0.010314
-120	-3.9	0.010376
-120	-3.8	0.0098898
-120	-3.7	0.0084346
-120	-3.6	0.0072071
-120	-3.5	0.0073338
-120	-3.4	0.0071236
-120	-3.3	0.0072807
-120	-3.2	0.0061127
-120	-3.1	0.0064922
-120	-3	0.0080723
-120	-2.9	0.012757
-120	-2.8	0.016687
-120	-2.7	0.02071
-120	-2.6	0.023751
-120	-2.5	0.025893
-120	-2.4	0.027316
-120	-2.3	0.028195
-120	-2.2	0.031014
-120	-2.1	0.033315
-120	-2	0.036312
-120	-1.9	0.037699
-120	-1.8	0.037073
-120	-1.7	0.031925
-120	-1.6	0.026439
-120	-1.5	0.0209
-120	-1.4	0.014276
-120	-1.3	0.017429
-120	-1.2	0.027235
-120	-1.1	0.040428
-120	-1	0.047463
-120	-0.9	0.054906
-120	-0.8	0.055509
-120	-0.7	0.05237
-120	-0.6	0.047
-120	-0.5	0.039494
-120	-0.4	0.031267
-120	-0.3	0.023573
-120	-0.2	0.015351
-120	-0.1	0.010706
-120	0	0.0098783
-120	0.1	0.0097399
-120	0.2	0.010877
-120	0.3	0.014375
-120	0.4	0.018823
-120	0.5	0.027041
-120	0.6	0.03132
-120	0.7	0.036396
-120	0.8	0.040049
-120	0.9	0.040545
-120	1	0.039779
-120	1.1	0.035671
-120	1.2	0.032029
-120	1.3	0.030114
-120	1.4	0.027965
-120	1.5	0.027206
-120	1.6	0.026771
-120	1.7	0.027326
-120	1.8	0.027661
-120	1.9	0.027244
-120	2	0.026297
-120	2.1	0.024523
-120	2.2	0.023646
-120	2.3	0.022843
-120	2.4	0.021288
-120	2.5	0.01959
-120	2.6	0.018148
-120	2.7	0.015203
-120	2.8	0.013182
-120	2.9	0.010137
-120	3	0.0088588
-120	3.1	0.0072406
-120	3.2	0.0082993
-120	3.3	0.0080643
-120	3.4	0.0083498
-120	3.5	0.0087005
-120	3.6	0.0089405
-120	3.7	0.0086446
-120	3.8	0.0084499
-120	3.9	0.0083537
-120	4	0.0087616
-110	-4	0.010832
-110	-3.9	0.010047
-110	-3.8	0.0086128
-110	-3.7	0.0070254
-110	-3.6	0.0060355
-110	-3.5	0.0068034
-110	-3.4	0.0080723
-110	-3.3	0.0083923
-110	-3.2	0.0076972
-110	-3.1	0.0082073
-110	-3	0.0095574
-110	-2.9	0.014354
-110	-2.8	0.01899
-110	-2.7	0.023062
-110	-2.6	0.025944
-110	-2.5	0.028238
-110	-2.4	0.029704
-110	-2.3	0.030692
-110	-2.2	0.032844
-110	-2.1	0.035543
-110	-2	0.038459
-110	-1.9	0.039148
-110	-1.8	0.037457
-110	-1.7	0.032867
-110	-1.6	0.025424
-110	-1.5	0.018931
-110	-1.4	0.015813
-110	-1.3	0.024272
-110	-1.2	0.030261
-110	-1.1	0.040477
-110	-1	0.048905
-110	-0.9	0.053628
-110	-0.8	0.055989
-110	-0.7	0.054383
-110	-0.6	0.047659
-110	-0.5	0.040715
-110	-0.4	0.029018
-110	-0.3	0.022062
-110	-0.2	0.015389
-110	-0.1	0.010721
-110	0	0.010392
-110	0.1	0.011635
-110	0.2	0.012976
-110	0.3	0.016423
-110	0.4	0.02137
-110	0.5	0.02782
-110	0.6	0.032916
-110	0.7	0.036786
-110	0.8	0.040438
-110	0.9	0.041875
-110	1	0.040829
-110	1.1	0.037417
-110	1.2	0.03294
-110	1.3	0.029452
-110	1.4	0.026753
-110	1.5	0.026345
-110	1.6	0.026054
-110	1.7	0.026491
-110	1.8	0.027177
-110	1.9	0.025902
-110	2	0.025181
-110	2.1	0.023575
-110	2.2	0.022333
-110	2.3	0.020757
-110	2.4	0.020149
-110	2.5	0.019441
-110	2.6	0.018352
-110	2.7	0.017059
-110	2.8	0.014689
-110	2.9	0.011612
-110	3	0.0093211
-110	3.1	0.007672
-110	3.2	0.0073755
-110	3.3	0.0071689
-110	3.4	0.0077579
-110	3.5	0.0079228
-110	3.6	0.0076783
-110	3.7	0.0077911
-110	3.8	0.006963
-110	3.9	0.0066714
-110	4	0.0064372
-100	-4	0.0091089
-100	-3.9	0.007886
-100	-3.8	0.0068105
-100	-3.7	0.0062305
-100	-3.6	0.0076424
-100	-3.5	0.0084785
-100	-3.4	0.0091461
-100	-3.3	0.0085676
-100	-3.2	0.0081441
-100	-3.1	0.0081142
-100	-3	0.011993
-100	-2.9	0.015117
-100	-2.8	0.018344
-100	-2.7	0.023194
-100	-2.6	0.025752
-100	-2.5	0.027788
-100	-2.4	0.030134
-100	-2.3	0.032522
-100	-2.2	0.034953
-100	-2.1	0.038746
-100	-2	0.041881
-100	-1.9	0.043256
-100	-1.8	0.040725
-100	-1.7	0.034777
-100	-1.6	0.030144
-100	-1.5	0.022888
-100	-1.4	0.021398
-100	-1.3	0.029106
-100	-1.2	0.034507
-100	-1.1	0.04609
-100	-1	0.052037
-100	-0.9	0.057304
-100	-0.8	0.057727
-100	-0.7	0.055191
-100	-0.6	0.047315
-100	-0.5	0.039172
-100	-0.4	0.029107
-100	-0.3	0.024397
-100	-0.2	0.016143
-100	-0.1	0.013873
-100	0	0.012681
-100	0.1	0.013444
-100	0.2	0.016194
-100	0.3	0.021385
-100	0.4	0.025353
-100	0.5	0.032737
-100	0.6	0.038626
-100	0.7	0.042977
-100	0.8	0.045718
-100	0.9	0.046811
-100	1	0.044474
-100	1.1	0.040299
-100	1.2	0.03696
-100	1.3	0.034251
-100	1.4	0.031571
-100	1.5	0.030057
-100	1.6	0.030566
-100	1.7	0.031724
-100	1.8	0.032423
-100	1.9	0.03223
-100	2	0.030963
-100	2.1	0.029268
-100	2.2	0.027166
-100	2.3	0.024825
-100	2.4	0.022735
-100	2.5	0.020884
-100	2.6	0.018553
-100	2.7	0.017385
-100	2.8	0.016019
-100	2.9	0.014288
-100	3	0.012897
-100	3.1	0.011651
-100	3.2	0.010563
-100	3.3	0.0098751
-100	3.4	0.0085431
-100	3.5	0.0087984
-100	3.6	0.0084403
-100	3.7	0.0087745
-100	3.8	0.0086857
-100	3.9	0.0084019
-100	4	0.0084728
-90	-4	0.006517
-90	-3.9	0.0072962
-90	-3.8	0.0068294
-90	-3.7	0.0069769
-90	-3.6	0.0072093
-90	-3.5	0.0076993
-90	-3.4	0.0082857
-90	-3.3	0.0090179
-90	-3.2	0.0080442
-90	-3.1	0.0088843
-90	-3	0.011403
-90	-2.9	0.013897
-90	-2.8	0.019155
-90	-2.7	0.022214
-90	-2.6	0.026417
-90	-2.5	0.029813
-90	-2.4	0.033672
-90	-2.3	0.035355
-90	-2.2	0.036929
-90	-2.1	0.038202
-90	-2	0.039768
-90	-1.9	0.04085
-90	-1.8	0.040176
-90	-1.7	0.037143
-90	-1.6	0.033758
-90	-1.5	0.026732
-90	-1.4	0.025394
-90	-1.3	0.027687
-90	-1.2	0.037865
-90	-1.1	0.046982
-90	-1	0.056304
-90	-0.9	0.061167
-90	-0.8	0.062356
-90	-0.7	0.059721
-90	-0.6	0.05031
-90	-0.5	0.042547
-90	-0.4	0.035301
-90	-0.3	0.026455
-90	-0.2	0.017178
-90	-0.1	0.014383
-90	0	0.013166
-90	0.1	0.013936
-90	0.2	0.018376
-90	0.3	0.024247
-90	0.4	0.029332
-90	0.5	0.035521
-90	0.6	0.042366
-90	0.7	0.045154
-90	0.8	0.048321
-90	0.9	0.04885
-90	1	0.048416
-90	1.1	0.045882
-90	1.2	0.043328
-90	1.3	0.040575
-90	1.4	0.036926
-90	1.5	0.033117
-90	1.6	0.031542
-90	1.7	0.031145
-90	1.8	0.031719
-90	1.9	0.031789
-90	2	0.031361
-90	2.1	0.030253
-90	2.2	0.028429
-90	2.3	0.024014
-90	2.4	0.021775
-90	2.5	0.019662
-90	2.6	0.0174
-90	2.7	0.015801
-90	2.8	0.01434
-90	2.9	0.012289
-90	3	0.011495
-90	3.1	0.010081
-90	3.2	0.0095218
-90	3.3	0.00801
-90	3.4	0.0076191
-90	3.5	0.0067724
-90	3.6	0.0066472
-90	3.7	0.0059817
-90	3.8	0.006259
-90	3.9	0.0070208
-90	4	0.0077056
-80	-4	0.0073117
-80	-3.9	0.00703
-80	-3.8	0.0070277
-80	-3.7	0.0067077
-80	-3.6	0.0073294
-80	-3.5	0.0087413
-80	-3.4	0.0095421
-80	-3.3	0.010196
-80	-3.2	0.0099028
-80	-3.1	0.0094946
-80	-3	0.010406
-80	-2.9	0.016197
-80	-2.8	0.020436
-80	-2.7	0.024666
-80	-2.6	0.029882
-80	-2.5	0.033538
-80	-2.4	0.03524
-80	-2.3	0.036644
-80	-2.2	0.038728
-80	-2.1	0.042106
-80	-2	0.0446
-80	-1.9	0.046519
-80	-1.8	0.045983
-80	-1.7	0.043951
-80	-1.6	0.039561
-80	-1.5	0.031853
-80	-1.4	0.030564
-80	-1.3	0.033789
-80	-1.2	0.039834
-80	-1.1	0.051566
-80	-1	0.057108
-80	-0.9	0.062142
-80	-0.8	0.063258
-80	-0.7	0.060861
-80	-0.6	0.053815
-80	-0.5	0.045447
-80	-0.4	0.033152
-80	-0.3	0.024718
-80	-0.2	0.020319
-80	-0.1	0.016666
-80	0	0.015625
-80	0.1	0.017279
-80	0.2	0.021287
-80	0.3	0.026888
-80	0.4	0.031363
-80	0.5	0.038717
-80	0.6	0.044368
-80	0.7	0.04776
-80	0.8	0.050088
-80	0.9	0.050136
-80	1	0.048794
-80	1.1	0.045166
-80	1.2	0.042519
-80	1.3	0.039162
-80	1.4	0.036345
-80	1.5	0.034135
-80	1.6	0.033664
-80	1.7	0.033161
-80	1.8	0.032482
-80	1.9	0.031645
-80	2	0.029666
-80	2.1	0.02827
-80	2.2	0.026671
-80	2.3	0.025169
-80	2.4	0.023921
-80	2.5	0.022834
-80	2.6	0.02145
-80	2.7	0.019868
-80	2.8	0.016428
-80	2.9	0.014838
-80	3	0.012511
-80	3.1	0.011381
-80	3.2	0.010566
-80	3.3	0.01002
-80	3.4	0.0086912
-80	3.5	0.0079126
-80	3.6	0.0063232
-80	3.7	0.0057755
-80	3.8	0.0052539
-80	3.9	0.0066155
-80	4	0.0069885
-70	-4	0.0085431
-70	-3.9	0.0072339
-70	-3.8	0.0069001
-70	-3.7	0.0072874
-70	-3.6	0.0086689
-70	-3.5	0.010097
-70	-3.4	0.010543
-70	-3.3	0.010062
-70	-3.2	0.0097532
-70	-3.1	0.012439
-70	-3	0.015653
-70	-2.9	0.019402
-70	-2.8	0.022663
-70	-2.7	0.027435
-70	-2.6	0.029384
-70	-2.5	0.031829
-70	-2.4	0.03496
-70	-2.3	0.036808
-70	-2.2	0.042195
-70	-2.1	0.044986
-70	-2	0.047281
-70	-1.9	0.047424
-70	-1.8	0.046181
-70	-1.7	0.040679
-70	-1.6	0.034519
-70	-1.5	0.031478
-70	-1.4	0.032833
-70	-1.3	0.037348
-70	-1.2	0.044732
-70	-1.1	0.056917
-70	-1	0.062185
-70	-0.9	0.064335
-70	-0.8	0.063843
-70	-0.7	0.059816
-70	-0.6	0.054287
-70	-0.5	0.043852
-70	-0.4	0.034633
-70	-0.3	0.026288
-70	-0.2	0.021055
-70	-0.1	0.017305
-70	0	0.017684
-70	0.1	0.019805
-70	0.2	0.023307
-70	0.3	0.027055
-70	0.4	0.035044
-70	0.5	0.040955
-70	0.6	0.045187
-70	0.7	0.049773
-70	0.8	0.053774
-70	0.9	0.053844
-70	1	0.05182
-70	1.1	0.04797
-70	1.2	0.042944
-70	1.3	0.039463
-70	1.4	0.035865
-70	1.5	0.034592
-70	1.6	0.03527
-70	1.7	0.035765
-70	1.8	0.03488
-70	1.9	0.033747
-70	2	0.032042
-70	2.1	0.028465
-70	2.2	0.02717
-70	2.3	0.02557
-70	2.4	0.024579
-70	2.5	0.023761
-70	2.6	0.022051
-70	2.7	0.01965
-70	2.8	0.017193
-70	2.9	0.014055
-70	3	0.01282
-70	3.1	0.011371
-70	3.2	0.011392
-70	3.3	0.011163
-70	3.4	0.01151
-70	3.5	0.010535
-70	3.6	0.0093695
-70	3.7	0.0078098
-70	3.8	0.0070575
-70	3.9	0.0077286
-70	4	0.0086409
-60	-4	0.0086894
-60	-3.9	0.0086726
-60	-3.8	0.0075274
-60	-3.7	0.0069977
-60	-3.6	0.0079309
-60	-3.5	0.0097615
-60	-3.4	0.011471
-60	-3.3	0.011672
-60	-3.2	0.01198
-60	-3.1	0.01364
-60	-3	0.01598
-60	-2.9	0.019909
-60	-2.8	0.022719
-60	-2.7	0.026897
-60	-2.6	0.029717
-60	-2.5	0.031781
-60	-2.4	0.03403
-60	-2.3	0.036341
-60	-2.2	0.03854
-60	-2.1	0.041941
-60	-2	0.045294
-60	-1.9	0.047471
-60	-1.8	0.047041
-60	-1.7	0.041987
-60	-1.6	0.037888
-60	-1.5	0.032372
-60	-1.4	0.033698
-60	-1.3	0.041423
-60	-1.2	0.052668
-60	-1.1	0.058805
-60	-1	0.065631
-60	-0.9	0.066874
-60	-0.8	0.065416
-60	-0.7	0.057975
-60	-0.6	0.048723
-60	-0.5	0.037773
-60	-0.4	0.031842
-60	-0.3	0.024696
-60	-0.2	0.019412
-60	-0.1	0.018838
-60	0	0.020421
-60	0.1	0.023085
-60	0.2	0.026244
-60	0.3	0.030503
-60	0.4	0.039838
-60	0.5	0.043513
-60	0.6	0.04824
-60	0.7	0.051907
-60	0.8	0.052724
-60	0.9	0.051678
-60	1	0.048564
-60	1.1	0.04511
-60	1.2	0.041694
-60	1.3	0.037161
-60	1.4	0.034924
-60	1.5	0.032631
-60	1.6	0.03159
-60	1.7	0.031638
-60	1.8	0.031104
-60	1.9	0.030338
-60	2	0.029797
-60	2.1	0.029083
-60	2.2	0.028021
-60	2.3	0.026718
-60	2.4	0.024511
-60	2.5	0.023616
-60	2.6	0.022543
-60	2.7	0.021584
-60	2.8	0.019408
-60	2.9	0.017862
-60	3	0.015962
-60	3.1	0.014685
-60	3.2	0.013243
-60	3.3	0.012209
-60	3.4	0.012025
-60	3.5	0.012358
-60	3.6	0.012008
-60	3.7	0.01186
-60	3.8	0.010392
-60	3.9	0.0097466
-60	4	0.0094519
-50	-4	0.011773
-50	-3.9	0.01002
-50	-3.8	0.0080201
-50	-3.7	0.0078139
-50	-3.6	0.0097797
-50	-3.5	0.012825
-50	-3.4	0.013812
-50	-3.3	0.015114
-50	-3.2	0.014293
-50	-3.1	0.013497
-50	-3	0.015688
-50	-2.9	0.020563
-50	-2.8	0.02655
-50	-2.7	0.031979
-50	-2.6	0.035522
-50	-2.5	0.036898
-50	-2.4	0.036261
-50	-2.3	0.036436
-50	-2.2	0.039492
-50	-2.1	0.043378
-50	-2	0.046154
-50	-1.9	0.048457
-50	-1.8	0.048546
-50	-1.7	0.044535
-50	-1.6	0.037753
-50	-1.5	0.033706
-50	-1.4	0.035402
-50	-1.3	0.040185
-50	-1.2	0.050835
-50	-1.1	0.059921
-50	-1	0.066749
-50	-0.9	0.069011
-50	-0.8	0.065891
-50	-0.7	0.060302
-50	-0.6	0.053485
-50	-0.5	0.043088
-50	-0.4	0.032037
-50	-0.3	0.025533
-50	-0.2	0.019442
-50	-0.1	0.017822
-50	0	0.019293
-50	0.1	0.020986
-50	0.2	0.026314
-50	0.3	0.032619
-50	0.4	0.040153
-50	0.5	0.047723
-50	0.6	0.051069
-50	0.7	0.052706
-50	0.8	0.052819
-50	0.9	0.051478
-50	1	0.04873
-50	1.1	0.046178
-50	1.2	0.044206
-50	1.3	0.041508
-50	1.4	0.039866
-50	1.5	0.038306
-50	1.6	0.037369
-50	1.7	0.035391
-50	1.8	0.034318
-50	1.9	0.0329
-50	2	0.031487
-50	2.1	0.030582
-50	2.2	0.028815
-50	2.3	0.027079
-50	2.4	0.025303
-50	2.5	0.023077
-50	2.6	0.021186
-50	2.7	0.019101
-50	2.8	0.017016
-50	2.9	0.015044
-50	3	0.01386
-50	3.1	0.011365
-50	3.2	0.010126
-50	3.3	0.0087135
-50	3.4	0.008373
-50	3.5	0.0082993
-50	3.6	0.0086427
-50	3.7	0.0083227
-50	3.8	0.0080703
-50	3.9	0.0071959
-50	4	0.0064872
-40	-4	0.010126
-40	-3.9	0.0097714
-40	-3.8	0.008624
-40	-3.7	0.0091901
-40	-3.6	0.011501
-40	-3.5	0.013774
-40	-3.4	0.015258
-40	-3.3	0.015206
-40	-3.2	0.0144
-40	-3.1	0.015011
-40	-3	0.01919
-40	-2.9	0.022934
-40	-2.8	0.028883
-40	-2.7	0.031037
-40	-2.6	0.033451
-40	-2.5	0.03525
-40	-2.4	0.036069
-40	-2.3	0.038396
-40	-2.2	0.041056
-40	-2.1	0.043396
-40	-2	0.046635
-40	-1.9	0.048209
-40	-1.8	0.047488
-40	-1.7	0.044029
-40	-1.6	0.036418
-40	-1.5	0.034256
-40	-1.4	0.035066
-40	-1.3	0.041382
-40	-1.2	0.049476
-40	-1.1	0.058776
-40	-1	0.064849
-40	-0.9	0.066904
-40	-0.8	0.065354
-40	-0.7	0.060172
-40	-0.6	0.050745
-40	-0.5	0.04392
-40	-0.4	0.035373
-40	-0.3	0.025164
-40	-0.2	0.020843
-40	-0.1	0.020478
-40	0	0.021334
-40	0.1	0.025765
-40	0.2	0.030963
-40	0.3	0.034163
-40	0.4	0.03972
-40	0.5	0.042915
-40	0.6	0.047046
-40	0.7	0.049897
-40	0.8	0.052015
-40	0.9	0.051713
-40	1	0.050767
-40	1.1	0.047625
-40	1.2	0.042232
-40	1.3	0.039518
-40	1.4	0.03665
-40	1.5	0.034843
-40	1.6	0.033591
-40	1.7	0.032477
-40	1.8	0.030862
-40	1.9	0.029507
-40	2	0.028099
-40	2.1	0.026628
-40	2.2	0.024798
-40	2.3	0.023589
-40	2.4	0.022535
-40	2.5	0.021704
-40	2.6	0.019571
-40	2.7	0.017719
-40	2.8	0.016856
-40	2.9	0.015515
-40	3	0.014379
-40	3.1	0.013202
-40	3.2	0.01302
-40	3.3	0.012766
-40	3.4	0.012553
-40	3.5	0.011669
-40	3.6	0.010648
-40	3.7	0.0091796
-40	3.8	0.0088406
-40	3.9	0.0084823
-40	4	0.0078284
-30	-4	0.0089946
-30	-3.9	0.0080563
-30	-3.8	0.0085563
-30	-3.7	0.011279
-30	-3.6	0.013354
-30	-3.5	0.014419
-30	-3.4	0.015109
-30	-3.3	0.015555
-30	-3.2	0.016505
-30	-3.1	0.017595
-30	-3	0.021007
-30	-2.9	0.024082
-30	-2.8	0.027328
-30	-2.7	0.030086
-30	-2.6	0.033611
-30	-2.5	0.035684
-30	-2.4	0.037703
-30	-2.3	0.039976
-30	-2.2	0.042003
-30	-2.1	0.04478
-30	-2	0.04726
-30	-1.9	0.047859
-30	-1.8	0.045424
-30	-1.7	0.041035
-30	-1.6	0.035022
-30	-1.5	0.033928
-30	-1.4	0.035709
-30	-1.3	0.043636
-30	-1.2	0.052115
-30	-1.1	0.061324
-30	-1	0.064994
-30	-0.9	0.066493
-30	-0.8	0.065076
-30	-0.7	0.062046
-30	-0.6	0.052917
-30	-0.5	0.044168
-30	-0.4	0.03331
-30	-0.3	0.028266
-30	-0.2	0.023226
-30	-0.1	0.022216
-30	0	0.022201
-30	0.1	0.024096
-30	0.2	0.025574
-30	0.3	0.03037
-30	0.4	0.034771
-30	0.5	0.039932
-30	0.6	0.046612
-30	0.7	0.050352
-30	0.8	0.053801
-30	0.9	0.053585
-30	1	0.051673
-30	1.1	0.048831
-30	1.2	0.045046
-30	1.3	0.040764
-30	1.4	0.038457
-30	1.5	0.036343
-30	1.6	0.034797
-30	1.7	0.033831
-30	1.8	0.033279
-30	1.9	0.032908
-30	2	0.032436
-30	2.1	0.030936
-30	2.2	0.028733
-30	2.3	0.026799
-30	2.4	0.02442
-30	2.5	0.02123
-30	2.6	0.019045
-30	2.7	0.017211
-30	2.8	0.016524
-30	2.9	0.016205
-30	3	0.015379
-30	3.1	0.014515
-30	3.2	0.012527
-30	3.3	0.012139
-30	3.4	0.010566
-30	3.5	0.0090822
-30	3.6	0.0090662
-30	3.7	0.0085883
-30	3.8	0.0081935
-30	3.9	0.0081599
-30	4	0.0077495
-20	-4	0.0080923
-20	-3.9	0.0070575
-20	-3.8	0.0067843
-20	-3.7	0.0088333
-20	-3.6	0.012106
-20	-3.5	0.014892
-20	-3.4	0.016167
-20	-3.3	0.016406
-20	-3.2	0.015983
-20	-3.1	0.015272
-20	-3	0.015779
-20	-2.9	0.020206
-20	-2.8	0.026878
-20	-2.7	0.031191
-20	-2.6	0.036344
-20	-2.5	0.038322
-20	-2.4	0.038218
-20	-2.3	0.037294
-20	-2.2	0.037949
-20	-2.1	0.040292
-20	-2	0.045011
-20	-1.9	0.047317
-20	-1.8	0.04639
-20	-1.7	0.043218
-20	-1.6	0.037575
-20	-1.5	0.034512
-20	-1.4	0.035699
-20	-1.3	0.042021
-20	-1.2	0.053042
-20	-1.1	0.056196
-20	-1	0.066021
-20	-0.9	0.067809
-20	-0.8	0.065579
-20	-0.7	0.056283
-20	-0.6	0.048772
-20	-0.5	0.041658
-20	-0.4	0.032254
-20	-0.3	0.023827
-20	-0.2	0.019919
-20	-0.1	0.01954
-20	0	0.020405
-20	0.1	0.023435
-20	0.2	0.027685
-20	0.3	0.033773
-20	0.4	0.040398
-20	0.5	0.04326
-20	0.6	0.048698
-20	0.7	0.050017
-20	0.8	0.051299
-20	0.9	0.050839
-20	1	0.048363
-20	1.1	0.046488
-20	1.2	0.042056
-20	1.3	0.039861
-20	1.4	0.036169
-20	1.5	0.032784
-20	1.6	0.030413
-20	1.7	0.029384
-20	1.8	0.02921
-20	1.9	0.028969
-20	2	0.028826
-20	2.1	0.027253
-20	2.2	0.024521
-20	2.3	0.022475
-20	2.4	0.019903
-20	2.5	0.017368
-20	2.6	0.016414
-20	2.7	0.015173
-20	2.8	0.014812
-20	2.9	0.014648
-20	3	0.013955
-20	3.1	0.012677
-20	3.2	0.01186
-20	3.3	0.01065
-20	3.4	0.010457
-20	3.5	0.0095269
-20	3.6	0.0086315
-20	3.7	0.007714
-20	3.8	0.0079533
-20	3.9	0.0078942
-20	4	0.0080382
-10	-4	0.010529
-10	-3.9	0.010317
-10	-3.8	0.010161
-10	-3.7	0.010957
-10	-3.6	0.01361
-10	-3.5	0.015275
-10	-3.4	0.016421
-10	-3.3	0.01626
-10	-3.2	0.015867
-10	-3.1	0.016615
-10	-3	0.019257
-10	-2.9	0.022967
-10	-2.8	0.028832
-10	-2.7	0.034315
-10	-2.6	0.036075
-10	-2.5	0.036785
-10	-2.4	0.036213
-10	-2.3	0.035952
-10	-2.2	0.036841
-10	-2.1	0.040109
-10	-2	0.042794
-10	-1.9	0.045459
-10	-1.8	0.045171
-10	-1.7	0.041363
-10	-1.6	0.035124
-10	-1.5	0.032431
-10	-1.4	0.036993
-10	-1.3	0.045957
-10	-1.2	0.052146
-10	-1.1	0.060058
-10	-1	0.0654
-10	-0.9	0.066913
-10	-0.8	0.064735
-10	-0.7	0.056505
-10	-0.6	0.052741
-10	-0.5	0.040049
-10	-0.4	0.034575
-10	-0.3	0.026055
-10	-0.2	0.021332
-10	-0.1	0.01883
-10	0	0.019688
-10	0.1	0.021844
-10	0.2	0.025811
-10	0.3	0.032256
-10	0.4	0.036797
-10	0.5	0.041519
-10	0.6	0.047754
-10	0.7	0.049708
-10	0.8	0.050981
-10	0.9	0.05014
-10	1	0.048008
-10	1.1	0.044269
-10	1.2	0.038887
-10	1.3	0.035985
-10	1.4	0.033395
-10	1.5	0.032395
-10	1.6	0.031973
-10	1.7	0.032216
-10	1.8	0.031464
-10	1.9	0.029987
-10	2	0.028358
-10	2.1	0.02589
-10	2.2	0.023697
-10	2.3	0.021605
-10	2.4	0.02041
-10	2.5	0.01953
-10	2.6	0.018437
-10	2.7	0.016567
-10	2.8	0.014581
-10	2.9	0.012517
-10	3	0.01002
-10	3.1	0.0093124
-10	3.2	0.0088679
-10	3.3	0.0088278
-10	3.4	0.0091231
-10	3.5	0.0085203
-10	3.6	0.0079513
-10	3.7	0.0069304
-10	3.8	0.0069977
-10	3.9	0.0065812
-10	4	0.0069234
0	-4	0.0085184
0	-3.9	0.0090715
0	-3.8	0.010798
0	-3.7	0.011969
0	-3.6	0.013477
0	-3.5	0.014535
0	-3.4	0.01509
0	-3.3	0.015684
0	-3.2	0.016352
0	-3.1	0.018022
0	-3	0.021086
0	-2.9	0.023653
0	-2.8	0.027507
0	-2.7	0.028956
0	-2.6	0.030243
0	-2.5	0.031231
0	-2.4	0.032921
0	-2.3	0.036095
0	-2.2	0.038621
0	-2.1	0.040611
0	-2	0.042023
0	-1.9	0.042188
0	-1.8	0.040448
0	-1.7	0.035108
0	-1.6	0.031006
0	-1.5	0.028829
0	-1.4	0.034425
0	-1.3	0.04053
0	-1.2	0.048474
0	-1.1	0.05662
0	-1	0.061374
0	-0.9	0.06226
0	-0.8	0.059516
0	-0.7	0.055445
0	-0.6	0.051491
0	-0.5	0.041118
0	-0.4	0.034192
0	-0.3	0.026687
0	-0.2	0.023791
0	-0.1	0.020097
0	0	0.019516
0	0.1	0.021339
0	0.2	0.024284
0	0.3	0.030573
0	0.4	0.036579
0	0.5	0.040287
0	0.6	0.044991
0	0.7	0.048087
0	0.8	0.050757
0	0.9	0.050476
0	1	0.048617
0	1.1	0.047653
0	1.2	0.044438
0	1.3	0.041449
0	1.4	0.038526
0	1.5	0.036953
0	1.6	0.036004
0	1.7	0.034302
0	1.8	0.033673
0	1.9	0.031778
0	2	0.028926
0	2.1	0.026848
0	2.2	0.024399
0	2.3	0.023015
0	2.4	0.021674
0	2.5	0.019824
0	2.6	0.018342
0	2.7	0.016318
0	2.8	0.014568
0	2.9	0.011268
0	3	0.0099987
0	3.1	0.0089784
0	3.2	0.0090947
0	3.3	0.0093141
0	3.4	0.00966
0	3.5	0.0098554
0	3.6	0.0090233
0	3.7	0.008507
0	3.8	0.0080402
0	3.9	0.007053
0	4	0.0067413
10	-4	0.011881
10	-3.9	0.010995
10	-3.8	0.010836
10	-3.7	0.011499
10	-3.6	0.011568
10	-3.5	0.013778
10	-3.4	0.015461
10	-3.3	0.017186
10	-3.2	0.018065
10	-3.1	0.018293
10	-3	0.019147
10	-2.9	0.0213
10	-2.8	0.025687
10	-2.7	0.030531
10	-2.6	0.033848
10	-2.5	0.034185
10	-2.4	0.032967
10	-2.3	0.032373
10	-2.2	0.03475
10	-2.1	0.037498
10	-2	0.039924
10	-1.9	0.042274
10	-1.8	0.041139
10	-1.7	0.035615
10	-1.6	0.031428
10	-1.5	0.028503
10	-1.4	0.029008
10	-1.3	0.041021
10	-1.2	0.047652
10	-1.1	0.056006
10	-1	0.066771
10	-0.9	0.068259
10	-0.8	0.066429
10	-0.7	0.059707
10	-0.6	0.05147
10	-0.5	0.043225
10	-0.4	0.033941
10	-0.3	0.025742
10	-0.2	0.020374
10	-0.1	0.017669
10	0	0.017467
10	0.1	0.020153
10	0.2	0.022984
10	0.3	0.031073
10	0.4	0.037872
10	0.5	0.043665
10	0.6	0.048061
10	0.7	0.049922
10	0.8	0.050015
10	0.9	0.047168
10	1	0.045433
10	1.1	0.04078
10	1.2	0.03733
10	1.3	0.035618
10	1.4	0.034637
10	1.5	0.033717
10	1.6	0.032981
10	1.7	0.032302
10	1.8	0.030491
10	1.9	0.028485
10	2	0.026283
10	2.1	0.025618
10	2.2	0.025385
10	2.3	0.024541
10	2.4	0.023157
10	2.5	0.021729
10	2.6	0.019293
10	2.7	0.016816
10	2.8	0.014941
10	2.9	0.012587
10	3	0.011605
10	3.1	0.010881
10	3.2	0.010983
10	3.3	0.0099549
10	3.4	0.0098767
10	3.5	0.0097912
10	3.6	0.0094228
10	3.7	0.0087598
10	3.8	0.0089224
10	3.9	0.0086409
10	4	0.0092829
20	-4	0.011045
20	-3.9	0.0091549
20	-3.8	0.0080623
20	-3.7	0.0090876
20	-3.6	0.011935
20	-3.5	0.013351
20	-3.4	0.015295
20	-3.3	0.015266
20	-3.2	0.015326
20	-3.1	0.014944
20	-3	0.017075
20	-2.9	0.019431
20	-2.8	0.024375
20	-2.7	0.027887
20	-2.6	0.031866
20	-2.5	0.033758
20	-2.4	0.034362
20	-2.3	0.033676
20	-2.2	0.033567
20	-2.1	0.034512
20	-2	0.037314
20	-1.9	0.039416
20	-1.8	0.039602
20	-1.7	0.037198
20	-1.6	0.03277
20	-1.5	0.028607
20	-1.4	0.02963
20	-1.3	0.039048
20	-1.2	0.045044
20	-1.1	0.054452
20	-1	0.062109
20	-0.9	0.064828
20	-0.8	0.064602
20	-0.7	0.060702
20	-0.6	0.054075
20	-0.5	0.045237
20	-0.4	0.033153
20	-0.3	0.027027
20	-0.2	0.022029
20	-0.1	0.018807
20	0	0.018337
20	0.1	0.019743
20	0.2	0.024339
20	0.3	0.028948
20	0.4	0.033506
20	0.5	0.039914
20	0.6	0.044381
20	0.7	0.047322
20	0.8	0.049049
20	0.9	0.049301
20	1	0.047205
20	1.1	0.045567
20	1.2	0.042119
20	1.3	0.038607
20	1.4	0.036116
20	1.5	0.034289
20	1.6	0.033226
20	1.7	0.033076
20	1.8	0.032059
20	1.9	0.03142
20	2	0.028674
20	2.1	0.02714
20	2.2	0.023888
20	2.3	0.02109
20	2.4	0.019286
20	2.5	0.017354
20	2.6	0.016767
20	2.7	0.01535
20	2.8	0.014339
20	2.9	0.012969
20	3	0.011596
20	3.1	0.010207
20	3.2	0.0096113
20	3.3	0.0093626
20	3.4	0.0088989
20	3.5	0.0090626
20	3.6	0.0087487
20	3.7	0.0078531
20	3.8	0.0068554
20	3.9	0.00677
20	4	0.0061967
30	-4	0.011105
30	-3.9	0.0087727
30	-3.8	0.0067629
30	-3.7	0.0077328
30	-3.6	0.012544
30	-3.5	0.015273
30	-3.4	0.017677
30	-3.3	0.017173
30	-3.2	0.013523
30	-3.1	0.01215
30	-3	0.012663
30	-2.9	0.018665
30	-2.8	0.025724
30	-2.7	0.030145
30	-2.6	0.033126
30	-2.5	0.033211
30	-2.4	0.03097
30	-2.3	0.029963
30	-2.2	0.029802
30	-2.1	0.031362
30	-2	0.034288
30	-1.9	0.036454
30	-1.8	0.037801
30	-1.7	0.035754
30	-1.6	0.031557
30	-1.5	0.027007
30	-1.4	0.026687
30	-1.3	0.035169
30	-1.2	0.044603
30	-1.1	0.0571
30	-1	0.061484
30	-0.9	0.06714
30	-0.8	0.067239
30	-0.7	0.062456
30	-0.6	0.053904
30	-0.5	0.042665
30	-0.4	0.036234
30	-0.3	0.02541
30	-0.2	0.018835
30	-0.1	0.015729
30	0	0.016272
30	0.1	0.017702
30	0.2	0.021135
30	0.3	0.027051
30	0.4	0.035985
30	0.5	0.039646
30	0.6	0.044571
30	0.7	0.046498
30	0.8	0.047465
30	0.9	0.046715
30	1	0.044601
30	1.1	0.042901
30	1.2	0.04071
30	1.3	0.039006
30	1.4	0.037419
30	1.5	0.035653
30	1.6	0.034973
30	1.7	0.033072
30	1.8	0.031656
30	1.9	0.030686
30	2	0.029175
30	2.1	0.028719
30	2.2	0.027529
30	2.3	0.025909
30	2.4	0.023866
30	2.5	0.020877
30	2.6	0.017459
30	2.7	0.016024
30	2.8	0.015394
30	2.9	0.015482
30	3	0.015634
30	3.1	0.015399
30	3.2	0.014453
30	3.3	0.012055
30	3.4	0.010871
30	3.5	0.010066
30	3.6	0.010862
30	3.7	0.012017
30	3.8	0.012668
30	3.9	0.012452
30	4	0.012327
40	-4	0.0086259
40	-3.9	0.0073909
40	-3.8	0.0064772
40	-3.7	0.0068057
40	-3.6	0.009911
40	-3.5	0.011945
40	-3.4	0.013904
40	-3.3	0.014489
40	-3.2	0.013767
40	-3.1	0.012078
40	-3	0.012216
40	-2.9	0.013869
40	-2.8	0.01889
40	-2.7	0.025005
40	-2.6	0.027869
40	-2.5	0.029967
40	-2.4	0.030899
40	-2.3	0.030589
40	-2.2	0.030097
40	-2.1	0.030677
40	-2	0.033333
40	-1.9	0.035497
40	-1.8	0.036035
40	-1.7	0.033065
40	-1.6	0.030222
40	-1.5	0.026872
40	-1.4	0.027479
40	-1.3	0.033786
40	-1.2	0.045857
40	-1.1	0.052973
40	-1	0.06058
40	-0.9	0.063869
40	-0.8	0.063445
40	-0.7	0.058423
40	-0.6	0.053887
40	-0.5	0.041539
40	-0.4	0.033901
40	-0.3	0.025608
40	-0.2	0.018501
40	-0.1	0.01582
40	0	0.015278
40	0.1	0.017443
40	0.2	0.021313
40	0.3	0.028692
40	0.4	0.03562
40	0.5	0.040574
40	0.6	0.045833
40	0.7	0.048412
40	0.8	0.049291
40	0.9	0.048574
40	1	0.047221
40	1.1	0.045325
40	1.2	0.042991
40	1.3	0.041966
40	1.4	0.040324
40	1.5	0.037807
40	1.6	0.036205
40	1.7	0.034909
40	1.8	0.032974
40	1.9	0.032165
40	2	0.031395
40	2.1	0.030683
40	2.2	0.029319
40	2.3	0.027869
40	2.4	0.023659
40	2.5	0.019955
40	2.6	0.017105
40	2.7	0.014845
40	2.8	0.014256
40	2.9	0.013457
40	3	0.013508
40	3.1	0.013274
40	3.2	0.012348
40	3.3	0.011823
40	3.4	0.010804
40	3.5	0.010116
40	3.6	0.010026
40	3.7	0.0093971
40	3.8	0.0091901
40	3.9	0.0087874
40	4	0.0094057
50	-4	0.0084288
50	-3.9	0.0077182
50	-3.8	0.0069607
50	-3.7	0.007653
50	-3.6	0.0094005
50	-3.5	0.010337
50	-3.4	0.011913
50	-3.3	0.012515
50	-3.2	0.012748
50	-3.1	0.012716
50	-3	0.014231
50	-2.9	0.017305
50	-2.8	0.02086
50	-2.7	0.025047
50	-2.6	0.027645
50	-2.5	0.028708
50	-2.4	0.029044
50	-2.3	0.029549
50	-2.2	0.031656
50	-2.1	0.033591
50	-2	0.036109
50	-1.9	0.036839
50	-1.8	0.036215
50	-1.7	0.033515
50	-1.6	0.028688
50	-1.5	0.026835
50	-1.4	0.028335
50	-1.3	0.033597
50	-1.2	0.04393
50	-1.1	0.056136
50	-1	0.059918
50	-0.9	0.061984
50	-0.8	0.061155
50	-0.7	0.055628
50	-0.6	0.046283
50	-0.5	0.040804
50	-0.4	0.032628
50	-0.3	0.025972
50	-0.2	0.021766
50	-0.1	0.018931
50	0	0.017945
50	0.1	0.018776
50	0.2	0.021767
50	0.3	0.026105
50	0.4	0.031763
50	0.5	0.038348
50	0.6	0.0424
50	0.7	0.045332
50	0.8	0.047699
50	0.9	0.048407
50	1	0.048447
50	1.1	0.046054
50	1.2	0.044074
50	1.3	0.041756
50	1.4	0.039845
50	1.5	0.038128
50	1.6	0.037118
50	1.7	0.037273
50	1.8	0.037259
50	1.9	0.036953
50	2	0.034599
50	2.1	0.031999
50	2.2	0.030077
50	2.3	0.026954
50	2.4	0.025215
50	2.5	0.02408
50	2.6	0.023267
50	2.7	0.021941
50	2.8	0.019763
50	2.9	0.017542
50	3	0.014551
50	3.1	0.013601
50	3.2	0.013495
50	3.3	0.01366
50	3.4	0.013868
50	3.5	0.013345
50	3.6	0.012432
50	3.7	0.011017
50	3.8	0.010522
50	3.9	0.010196
50	4	0.010909
60	-4	0.0081619
60	-3.9	0.007714
60	-3.8	0.0075166
60	-3.7	0.0072763
60	-3.6	0.0081639
60	-3.5	0.0097283
60	-3.4	0.010694
60	-3.3	0.011326
60	-3.2	0.011225
60	-3.1	0.011116
60	-3	0.012056
60	-2.9	0.014379
60	-2.8	0.018299
60	-2.7	0.022101
60	-2.6	0.025762
60	-2.5	0.02843
60	-2.4	0.029407
60	-2.3	0.029203
60	-2.2	0.029322
60	-2.1	0.029522
60	-2	0.030549
60	-1.9	0.032299
60	-1.8	0.032768
60	-1.7	0.031472
60	-1.6	0.028443
60	-1.5	0.026181
60	-1.4	0.025529
60	-1.3	0.029731
60	-1.2	0.036474
60	-1.1	0.047757
60	-1	0.052308
60	-0.9	0.057614
60	-0.8	0.059016
60	-0.7	0.055904
60	-0.6	0.052135
60	-0.5	0.043145
60	-0.4	0.034199
60	-0.3	0.024718
60	-0.2	0.019666
60	-0.1	0.016359
60	0	0.014739
60	0.1	0.015847
60	0.2	0.019935
60	0.3	0.02555
60	0.4	0.032512
60	0.5	0.039555
60	0.6	0.045534
60	0.7	0.048433
60	0.8	0.050866
60	0.9	0.05084
60	1	0.049578
60	1.1	0.04749
60	1.2	0.04564
60	1.3	0.042325
60	1.4	0.040373
60	1.5	0.039808
60	1.6	0.03873
60	1.7	0.038262
60	1.8	0.038284
60	1.9	0.036266
60	2	0.033928
60	2.1	0.031291
60	2.2	0.028101
60	2.3	0.025285
60	2.4	0.022314
60	2.5	0.019615
60	2.6	0.017919
60	2.7	0.017739
60	2.8	0.016108
60	2.9	0.013878
60	3	0.012528
60	3.1	0.010509
60	3.2	0.010522
60	3.3	0.01039
60	3.4	0.011126
60	3.5	0.011468
60	3.6	0.011349
60	3.7	0.010566
60	3.8	0.0098341
60	3.9	0.0085752
60	4	0.0076993
70	-4	0.0085355
70	-3.9	0.0098423
70	-3.8	0.010494
70	-3.7	0.0087966
70	-3.6	0.0072785
70	-3.5	0.0066301
70	-3.4	0.0075552
70	-3.3	0.0098832
70	-3.2	0.012469
70	-3.1	0.013657
70	-3	0.014502
70	-2.9	0.015277
70	-2.8	0.017243
70	-2.7	0.019362
70	-2.6	0.021826
70	-2.5	0.025912
70	-2.4	0.028818
70	-2.3	0.029472
70	-2.2	0.029815
70	-2.1	0.030016
70	-2	0.03058
70	-1.9	0.030488
70	-1.8	0.03054
70	-1.7	0.029854
70	-1.6	0.027111
70	-1.5	0.025482
70	-1.4	0.024337
70	-1.3	0.027971
70	-1.2	0.035758
70	-1.1	0.042173
70	-1	0.050868
70	-0.9	0.055789
70	-0.8	0.058393
70	-0.7	0.057264
70	-0.6	0.052411
70	-0.5	0.044411
70	-0.4	0.036791
70	-0.3	0.029173
70	-0.2	0.022135
70	-0.1	0.017296
70	0	0.01515
70	0.1	0.01491
70	0.2	0.017196
70	0.3	0.021918
70	0.4	0.027104
70	0.5	0.036504
70	0.6	0.043138
70	0.7	0.047123
70	0.8	0.05014
70	0.9	0.050893
70	1	0.049689
70	1.1	0.047127
70	1.2	0.044535
70	1.3	0.04106
70	1.4	0.039761
70	1.5	0.039958
70	1.6	0.039865
70	1.7	0.039291
70	1.8	0.037902
70	1.9	0.036687
70	2	0.034753
70	2.1	0.030813
70	2.2	0.029122
70	2.3	0.02713
70	2.4	0.02491
70	2.5	0.023802
70	2.6	0.021435
70	2.7	0.020157
70	2.8	0.017785
70	2.9	0.015886
70	3	0.014918
70	3.1	0.013727
70	3.2	0.013144
70	3.3	0.012737
70	3.4	0.013326
70	3.5	0.013313
70	3.6	0.012686
70	3.7	0.012533
70	3.8	0.012008
70	3.9	0.011321
70	4	0.010173
80	-4	0.0081797
80	-3.9	0.0081579
80	-3.8	0.0075936
80	-3.7	0.0067581
80	-3.6	0.0068625
80	-3.5	0.0074627
80	-3.4	0.0088278
80	-3.3	0.0097449
80	-3.2	0.010312
80	-3.1	0.0099792
80	-3	0.010426
80	-2.9	0.012142
80	-2.8	0.014548
80	-2.7	0.016909
80	-2.6	0.022952
80	-2.5	0.025724
80	-2.4	0.026767
80	-2.3	0.028071
80	-2.2	0.028204
80	-2.1	0.029008
80	-2	0.03011
80	-1.9	0.031544
80	-1.8	0.032352
80	-1.7	0.03133
80	-1.6	0.028928
80	-1.5	0.025233
80	-1.4	0.022467
80	-1.3	0.025024
80	-1.2	0.031221
80	-1.1	0.042308
80	-1	0.047489
80	-0.9	0.053383
80	-0.8	0.054212
80	-0.7	0.051601
80	-0.6	0.047824
80	-0.5	0.041772
80	-0.4	0.035579
80	-0.3	0.029445
80	-0.2	0.021926
80	-0.1	0.017099
80	0	0.014848
80	0.1	0.015468
80	0.2	0.019469
80	0.3	0.024982
80	0.4	0.031248
80	0.5	0.037623
80	0.6	0.043973
80	0.7	0.047335
80	0.8	0.049467
80	0.9	0.049527
80	1	0.048405
80	1.1	0.047483
80	1.2	0.044638
80	1.3	0.041909
80	1.4	0.04131
80	1.5	0.039881
80	1.6	0.039152
80	1.7	0.039168
80	1.8	0.039041
80	1.9	0.038786
80	2	0.037573
80	2.1	0.034583
80	2.2	0.029613
80	2.3	0.028625
80	2.4	0.0245
80	2.5	0.021776
80	2.6	0.01906
80	2.7	0.018055
80	2.8	0.017508
80	2.9	0.015857
80	3	0.013957
80	3.1	0.012575
80	3.2	0.012005
80	3.3	0.011792
80	3.4	0.012274
80	3.5	0.012869
80	3.6	0.012346
80	3.7	0.011405
80	3.8	0.010333
80	3.9	0.010034
80	4	0.0090608
90	-4	0.0084
90	-3.9	0.0077307
90	-3.8	0.0075037
90	-3.7	0.0054085
90	-3.6	0.0066008
90	-3.5	0.0077391
90	-3.4	0.010534
90	-3.3	0.011151
90	-3.2	0.010173
90	-3.1	0.008982
90	-3	0.0078982
90	-2.9	0.0095574
90	-2.8	0.013608
90	-2.7	0.01917
90	-2.6	0.021573
90	-2.5	0.025229
90	-2.4	0.026857
90	-2.3	0.026633
90	-2.2	0.026762
90	-2.1	0.027519
90	-2	0.028282
90	-1.9	0.030663
90	-1.8	0.031753
90	-1.7	0.030793
90	-1.6	0.026302
90	-1.5	0.022848
90	-1.4	0.021677
90	-1.3	0.02473
90	-1.2	0.032564
90	-1.1	0.042232
90	-1	0.047606
90	-0.9	0.051156
90	-0.8	0.052191
90	-0.7	0.049979
90	-0.6	0.046135
90	-0.5	0.039738
90	-0.4	0.030558
90	-0.3	0.024744
90	-0.2	0.019943
90	-0.1	0.017148
90	0	0.015877
90	0.1	0.016238
90	0.2	0.018512
90	0.3	0.022337
90	0.4	0.027488
90	0.5	0.03276
90	0.6	0.037441
90	0.7	0.041565
90	0.8	0.04421
90	0.9	0.045721
90	1	0.045552
90	1.1	0.044692
90	1.2	0.043448
90	1.3	0.041652
90	1.4	0.040458
90	1.5	0.03932
90	1.6	0.039156
90	1.7	0.03906
90	1.8	0.039021
90	1.9	0.039092
90	2	0.038513
90	2.1	0.036253
90	2.2	0.033493
90	2.3	0.029575
90	2.4	0.02782
90	2.5	0.02338
90	2.6	0.021307
90	2.7	0.019445
90	2.8	0.017271
90	2.9	0.016713
90	3	0.016009
90	3.1	0.016151
90	3.2	0.01602
90	3.3	0.015461
90	3.4	0.015063
90	3.5	0.013876
90	3.6	0.012307
90	3.7	0.011319
90	3.8	0.011096
90	3.9	0.012019
90	4	0.012859
100	-4	0.0072161
100	-3.9	0.0078572
100	-3.8	0.0078139
100	-3.7	0.0072674
100	-3.6	0.0053211
100	-3.5	0.0054055
100	-3.4	0.0081619
100	-3.3	0.0097117
100	-3.2	0.010514
100	-3.1	0.010257
100	-3	0.0079716
100	-2.9	0.0068531
100	-2.8	0.0090287
100	-2.7	0.013704
100	-2.6	0.020519
100	-2.5	0.025776
100	-2.4	0.027898
100	-2.3	0.028455
100	-2.2	0.027279
100	-2.1	0.026017
100	-2	0.025724
100	-1.9	0.027808
100	-1.8	0.03122
100	-1.7	0.032233
100	-1.6	0.030768
100	-1.5	0.02637
100	-1.4	0.022605
100	-1.3	0.02062
100	-1.2	0.028806
100	-1.1	0.037645
100	-1	0.045764
100	-0.9	0.048852
100	-0.8	0.051891
100	-0.7	0.049841
100	-0.6	0.045334
100	-0.5	0.040466
100	-0.4	0.033964
100	-0.3	0.024746
100	-0.2	0.020586
100	-0.1	0.016638
100	0	0.01356
100	0.1	0.014072
100	0.2	0.020446
100	0.3	0.026144
100	0.4	0.033661
100	0.5	0.03913
100	0.6	0.044259
100	0.7	0.048582
100	0.8	0.049076
100	0.9	0.048371
100	1	0.046419
100	1.1	0.044243
100	1.2	0.041139
100	1.3	0.039452
100	1.4	0.038246
100	1.5	0.037107
100	1.6	0.036729
100	1.7	0.035537
100	1.8	0.035114
100	1.9	0.03469
100	2	0.033615
100	2.1	0.032338
100	2.2	0.030051
100	2.3	0.027926
100	2.4	0.024341
100	2.5	0.022242
100	2.6	0.020009
100	2.7	0.018055
100	2.8	0.016581
100	2.9	0.015321
100	3	0.01476
100	3.1	0.014276
100	3.2	0.013983
100	3.3	0.013947
100	3.4	0.013962
100	3.5	0.012983
100	3.6	0.012138
100	3.7	0.011007
100	3.8	0.010789
100	3.9	0.010616
100	4	0.010802
110	-4	0.008654
110	-3.9	0.0091266
110	-3.8	0.0090161
110	-3.7	0.0077683
110	-3.6	0.0072138
110	-3.5	0.0075252
110	-3.4	0.0089243
110	-3.3	0.0099647
110	-3.2	0.0097995
110	-3.1	0.0095116
110	-3	0.0091514
110	-2.9	0.010026
110	-2.8	0.012104
110	-2.7	0.016085
110	-2.6	0.018987
110	-2.5	0.022708
110	-2.4	0.024258
110	-2.3	0.025
110	-2.2	0.025661
110	-2.1	0.026536
110	-2	0.028233
110	-1.9	0.030342
110	-1.8	0.031965
110	-1.7	0.031898
110	-1.6	0.028164
110	-1.5	0.023134
110	-1.4	0.0198
110	-1.3	0.020313
110	-1.2	0.026508
110	-1.1	0.033088
110	-1	0.041412
110	-0.9	0.048408
110	-0.8	0.050603
110	-0.7	0.05003
110	-0.6	0.045701
110	-0.5	0.040315
110	-0.4	0.035418
110	-0.3	0.02838
110	-0.2	0.021556
110	-0.1	0.019802
110	0	0.017072
110	0.1	0.017139
110	0.2	0.019254
110	0.3	0.025254
110	0.4	0.031159
110	0.5	0.038462
110	0.6	0.043391
110	0.7	0.046739
110	0.8	0.048323
110	0.9	0.047546
110	1	0.043889
110	1.1	0.042168
110	1.2	0.039698
110	1.3	0.03933
110	1.4	0.038733
110	1.5	0.039047
110	1.6	0.039661
110	1.7	0.03946
110	1.8	0.037956
110	1.9	0.03736
110	2	0.036647
110	2.1	0.035017
110	2.2	0.032503
110	2.3	0.029317
110	2.4	0.027839
110	2.5	0.023768
110	2.6	0.019468
110	2.7	0.017838
110	2.8	0.016645
110	2.9	0.016163
110	3	0.015675
110	3.1	0.014674
110	3.2	0.013134
110	3.3	0.01192
110	3.4	0.011789
110	3.5	0.011777
110	3.6	0.011888
110	3.7	0.012319
110	3.8	0.012847
110	3.9	0.012644
110	4	0.011496
120	-4	0.011278
120	-3.9	0.012744
120	-3.8	0.01314
120	-3.7	0.011601
120	-3.6	0.0099744
120	-3.5	0.0084211
120	-3.4	0.0081043
120	-3.3	0.0094005
120	-3.2	0.010827
120	-3.1	0.011026
120	-3	0.0098816
120	-2.9	0.0089478
120	-2.8	0.010506
120	-2.7	0.014596
120	-2.6	0.019679
120	-2.5	0.022119
120	-2.4	0.025649
120	-2.3	0.026551
120	-2.2	0.026597
120	-2.1	0.027403
120	-2	0.029569
120	-1.9	0.030919
120	-1.8	0.033749
120	-1.7	0.034191
120	-1.6	0.032624
120	-1.5	0.02387
120	-1.4	0.020254
120	-1.3	0.017164
120	-1.2	0.021806
120	-1.1	0.029052
120	-1	0.040368
120	-0.9	0.044128
120	-0.8	0.048107
120	-0.7	0.049266
120	-0.6	0.04613
120	-0.5	0.041979
120	-0.4	0.035788
120	-0.3	0.029853
120	-0.2	0.024242
120	-0.1	0.019698
120	0	0.017287
120	0.1	0.01671
120	0.2	0.019209
120	0.3	0.024386
120	0.4	0.030037
120	0.5	0.036609
120	0.6	0.041201
120	0.7	0.045941
120	0.8	0.046778
120	0.9	0.046199
120	1	0.043738
120	1.1	0.041974
120	1.2	0.03955
120	1.3	0.037863
120	1.4	0.036234
120	1.5	0.035854
120	1.6	0.036375
120	1.7	0.036839
120	1.8	0.036406
120	1.9	0.035146
120	2	0.034084
120	2.1	0.032599
120	2.2	0.029752
120	2.3	0.026343
120	2.4	0.02428
120	2.5	0.021563
120	2.6	0.019563
120	2.7	0.016836
120	2.8	0.015711
120	2.9	0.014057
120	3	0.013732
120	3.1	0.012979
120	3.2	0.012048
120	3.3	0.011605
120	3.4	0.011862
120	3.5	0.011889
120	3.6	0.011939
120	3.7	0.01124
120	3.8	0.01071
120	3.9	0.010359
120	4	0.010007
130	-4	0.012118
130	-3.9	0.013657
130	-3.8	0.014019
130	-3.7	0.012445
130	-3.6	0.010213
130	-3.5	0.0072518
130	-3.4	0.0076276
130	-3.3	0.0089964
130	-3.2	0.010848
130	-3.1	0.010811
130	-3	0.0096214
130	-2.9	0.0082974
130	-2.8	0.0091919
130	-2.7	0.015364
130	-2.6	0.01804
130	-2.5	0.023085
130	-2.4	0.025946
130	-2.3	0.027186
130	-2.2	0.027389
130	-2.1	0.02769
130	-2	0.029226
130	-1.9	0.031852
130	-1.8	0.033724
130	-1.7	0.036225
130	-1.6	0.034557
130	-1.5	0.031686
130	-1.4	0.023909
130	-1.3	0.020569
130	-1.2	0.023076
130	-1.1	0.030417
130	-1	0.040219
130	-0.9	0.048465
130	-0.8	0.052319
130	-0.7	0.054399
130	-0.6	0.05117
130	-0.5	0.04689
130	-0.4	0.039888
130	-0.3	0.032692
130	-0.2	0.023537
130	-0.1	0.020581
130	0	0.018422
130	0.1	0.018537
130	0.2	0.021735
130	0.3	0.025218
130	0.4	0.036381
130	0.5	0.041966
130	0.6	0.047458
130	0.7	0.049379
130	0.8	0.051543
130	0.9	0.050066
130	1	0.047594
130	1.1	0.043089
130	1.2	0.041205
130	1.3	0.038671
130	1.4	0.038322
130	1.5	0.038358
130	1.6	0.038686
130	1.7	0.038863
130	1.8	0.037442
130	1.9	0.035578
130	2	0.034716
130	2.1	0.033446
130	2.2	0.031329
130	2.3	0.028443
130	2.4	0.025313
130	2.5	0.024031
130	2.6	0.021464
130	2.7	0.018874
130	2.8	0.017011
130	2.9	0.015124
130	3	0.014188
130	3.1	0.01323
130	3.2	0.012752
130	3.3	0.013157
130	3.4	0.014044
130	3.5	0.014499
130	3.6	0.014898
130	3.7	0.014051
130	3.8	0.012688
130	3.9	0.011939
130	4	0.011278
140	-4	0.013826
140	-3.9	0.014217
140	-3.8	0.013854
140	-3.7	0.012575
140	-3.6	0.010353
140	-3.5	0.0095776
140	-3.4	0.011403
140	-3.3	0.012752
140	-3.2	0.013336
140	-3.1	0.011738
140	-3	0.0087984
140	-2.9	0.0072004
140	-2.8	0.0088789
140	-2.7	0.013029
140	-2.6	0.019006
140	-2.5	0.023345
140	-2.4	0.024896
140	-2.3	0.026393
140	-2.2	0.026801
140	-2.1	0.027249
140	-2	0.030293
140	-1.9	0.034109
140	-1.8	0.036537
140	-1.7	0.037022
140	-1.6	0.035857
140	-1.5	0.030911
140	-1.4	0.024729
140	-1.3	0.019453
140	-1.2	0.019929
140	-1.1	0.028676
140	-1	0.03553
140	-0.9	0.046575
140	-0.8	0.050377
140	-0.7	0.051621
140	-0.6	0.049098
140	-0.5	0.044759
140	-0.4	0.035868
140	-0.3	0.031523
140	-0.2	0.025153
140	-0.1	0.020461
140	0	0.019297
140	0.1	0.019038
140	0.2	0.021055
140	0.3	0.026465
140	0.4	0.031265
140	0.5	0.038191
140	0.6	0.043313
140	0.7	0.046757
140	0.8	0.04828
140	0.9	0.047002
140	1	0.04517
140	1.1	0.041359
140	1.2	0.038367
140	1.3	0.036851
140	1.4	0.03517
140	1.5	0.034876
140	1.6	0.035695
140	1.7	0.036096
140	1.8	0.035987
140	1.9	0.035
140	2	0.033776
140	2.1	0.031409
140	2.2	0.027357
140	2.3	0.02483
140	2.4	0.023033
140	2.5	0.020637
140	2.6	0.018847
140	2.7	0.017347
140	2.8	0.015843
140	2.9	0.014582
140	3	0.013316
140	3.1	0.012158
140	3.2	0.011723
140	3.3	0.01184
140	3.4	0.012412
140	3.5	0.012465
140	3.6	0.012052
140	3.7	0.011271
140	3.8	0.011174
140	3.9	0.011147
140	4	0.011341
150	-4	0.011781
150	-3.9	0.012112
150	-3.8	0.012902
150	-3.7	0.013299
150	-3.6	0.013111
150	-3.5	0.0118
150	-3.4	0.011711
150	-3.3	0.01142
150	-3.2	0.011669
150	-3.1	0.010632
150	-3	0.010134
150	-2.9	0.0095014
150	-2.8	0.010398
150	-2.7	0.013014
150	-2.6	0.016081
150	-2.5	0.020253
150	-2.4	0.024531
150	-2.3	0.027528
150	-2.2	0.029817
150	-2.1	0.032163
150	-2	0.034718
150	-1.9	0.038017
150	-1.8	0.038758
150	-1.7	0.038841
150	-1.6	0.037509
150	-1.5	0.032628
150	-1.4	0.026392
150	-1.3	0.023631
150	-1.2	0.024081
150	-1.1	0.0303
150	-1	0.036577
150	-0.9	0.043416
150	-0.8	0.050118
150	-0.7	0.051492
150	-0.6	0.049711
150	-0.5	0.044573
150	-0.4	0.040579
150	-0.3	0.035958
150	-0.2	0.029031
150	-0.1	0.025676
150	0	0.023168
150	0.1	0.021833
150	0.2	0.022562
150	0.3	0.025731
150	0.4	0.031783
150	0.5	0.038814
150	0.6	0.04439
150	0.7	0.04849
150	0.8	0.049688
150	0.9	0.049028
150	1	0.047052
150	1.1	0.044584
150	1.2	0.041561
150	1.3	0.040522
150	1.4	0.039275
150	1.5	0.038562
150	1.6	0.038
150	1.7	0.037274
150	1.8	0.036648
150	1.9	0.036122
150	2	0.035683
150	2.1	0.03461
150	2.2	0.032221
150	2.3	0.028907
150	2.4	0.025169
150	2.5	0.019612
150	2.6	0.01818
150	2.7	0.014225
150	2.8	0.013208
150	2.9	0.012982
150	3	0.013085
150	3.1	0.012131
150	3.2	0.011141
150	3.3	0.010315
150	3.4	0.0096466
150	3.5	0.0096934
150	3.6	0.0097962
150	3.7	0.0095404
150	3.8	0.0090947
150	3.9	0.0090698
150	4	0.0087376
160	-4	0.012297
160	-3.9	0.013808
160	-3.8	0.014221
160	-3.7	0.013417
160	-3.6	0.012103
160	-3.5	0.011161
160	-3.4	0.011441
160	-3.3	0.013691
160	-3.2	0.015043
160	-3.1	0.014461
160	-3	0.012564
160	-2.9	0.0096298
160	-2.8	0.0074323
160	-2.7	0.011889
160	-2.6	0.016203
160	-2.5	0.021588
160	-2.4	0.027405
160	-2.3	0.029419
160	-2.2	0.030406
160	-2.1	0.031204
160	-2	0.033753
160	-1.9	0.036322
160	-1.8	0.039756
160	-1.7	0.040769
160	-1.6	0.039458
160	-1.5	0.034428
160	-1.4	0.026079
160	-1.3	0.021307
160	-1.2	0.023172
160	-1.1	0.029441
160	-1	0.035546
160	-0.9	0.046831
160	-0.8	0.049763
160	-0.7	0.051292
160	-0.6	0.050707
160	-0.5	0.046049
160	-0.4	0.039038
160	-0.3	0.035043
160	-0.2	0.030435
160	-0.1	0.026349
160	0	0.024325
160	0.1	0.022482
160	0.2	0.022172
160	0.3	0.023839
160	0.4	0.029923
160	0.5	0.035761
160	0.6	0.040071
160	0.7	0.043741
160	0.8	0.045791
160	0.9	0.04632
160	1	0.044987
160	1.1	0.042678
160	1.2	0.041691
160	1.3	0.039349
160	1.4	0.037562
160	1.5	0.035903
160	1.6	0.035561
160	1.7	0.035695
160	1.8	0.035499
160	1.9	0.034883
160	2	0.034312
160	2.1	0.033241
160	2.2	0.029433
160	2.3	0.026308
160	2.4	0.023031
160	2.5	0.020194
160	2.6	0.017495
160	2.7	0.014715
160	2.8	0.01248
160	2.9	0.011392
160	3	0.011189
160	3.1	0.01141
160	3.2	0.011262
160	3.3	0.010853
160	3.4	0.010848
160	3.5	0.0099809
160	3.6	0.0089061
160	3.7	0.0087042
160	3.8	0.0083904
160	3.9	0.0095099
160	4	0.0099289
170	-4	0.013635
170	-3.9	0.015915
170	-3.8	0.016177
170	-3.7	0.014625
170	-3.6	0.012907
170	-3.5	0.010574
170	-3.4	0.010333
170	-3.3	0.01178
170	-3.2	0.013625
170	-3.1	0.013653
170	-3	0.010957
170	-2.9	0.0084134
170	-2.8	0.0066617
170	-2.7	0.0090591
170	-2.6	0.014941
170	-2.5	0.021214
170	-2.4	0.025795
170	-2.3	0.029004
170	-2.2	0.029837
170	-2.1	0.03047
170	-2	0.032815
170	-1.9	0.037105
170	-1.8	0.040904
170	-1.7	0.042912
170	-1.6	0.040683
170	-1.5	0.036518
170	-1.4	0.030226
170	-1.3	0.022177
170	-1.2	0.021609
170	-1.1	0.030327
170	-1	0.036128
170	-0.9	0.046742
170	-0.8	0.051977
170	-0.7	0.055442
170	-0.6	0.052661
170	-0.5	0.048408
170	-0.4	0.041258
170	-0.3	0.036275
170	-0.2	0.028965
170	-0.1	0.026653
170	0	0.02343
170	0.1	0.022432
170	0.2	0.023367
170	0.3	0.025449
170	0.4	0.031165
170	0.5	0.037504
170	0.6	0.04366
170	0.7	0.044818
170	0.8	0.047555
170	0.9	0.046546
170	1	0.043654
170	1.1	0.039604
170	1.2	0.038802
170	1.3	0.036203
170	1.4	0.033833
170	1.5	0.032733
170	1.6	0.033256
170	1.7	0.033955
170	1.8	0.033889
170	1.9	0.033915
170	2	0.033386
170	2.1	0.030729
170	2.2	0.027253
170	2.3	0.024793
170	2.4	0.021178
170	2.5	0.019783
170	2.6	0.01799
170	2.7	0.015928
170	2.8	0.014731
170	2.9	0.013133
170	3	0.012365
170	3.1	0.010246
170	3.2	0.01078
170	3.3	0.011051
170	3.4	0.012074
170	3.5	0.012075
170	3.6	0.011799
170	3.7	0.011058
170	3.8	0.010301
170	3.9	0.010523
170	4	0.01088
180	-4	0.013723
180	-3.9	0.016278
180	-3.8	0.017953
180	-3.7	0.017788
180	-3.6	0.016083
180	-3.5	0.013091
180	-3.4	0.011526
180	-3.3	0.011071
180	-3.2	0.011284
180	-3.1	0.011141
180	-3	0.0096029
180	-2.9	0.0076572
180	-2.8	0.0077973
180	-2.7	0.010872
180	-2.6	0.014102
180	-2.5	0.019776
180	-2.4	0.023982
180	-2.3	0.027258
180	-2.2	0.02933
180	-2.1	0.031589
180	-2	0.035145
180	-1.9	0.037459
180	-1.8	0.040762
180	-1.7	0.042575
180	-1.6	0.040158
180	-1.5	0.032371
180	-1.4	0.023082
180	-1.3	0.017428
180	-1.2	0.020044
180	-1.1	0.027372
180	-1	0.040277
180	-0.9	0.051908
180	-0.8	0.054479
180	-0.7	0.056604
180	-0.6	0.054033
180	-0.5	0.046933
180	-0.4	0.041731
180	-0.3	0.033701
180	-0.2	0.02722
180	-0.1	0.024153
180	0	0.020374
180	0.1	0.019533
180	0.2	0.019754
180	0.3	0.021974
180	0.4	0.029145
180	0.5	0.034323
180	0.6	0.037836
180	0.7	0.042034
180	0.8	0.044297
180	0.9	0.043352
180	1	0.04167
180	1.1	0.038779
180	1.2	0.036642
180	1.3	0.033589
180	1.4	0.031135
180	1.5	0.029681
180	1.6	0.030131
180	1.7	0.030062
180	1.8	0.030473
180	1.9	0.030899
180	2	0.031464
180	2.1	0.029605
180	2.2	0.027697
180	2.3	0.025159
180	2.4	0.022713
180	2.5	0.019448
180	2.6	0.017664
180	2.7	0.016242
180	2.8	0.014842
180	2.9	0.012838
180	3	0.011671
180	3.1	0.0095286
180	3.2	0.009613
180	3.3	0.010205
180	3.4	0.011832
180	3.5	0.012524
180	3.6	0.012768
180	3.7	0.011986
180	3.8	0.011963
180	3.9	0.011207
180	4	0.01085
 
Uniformity Ratio =0.54286
