09-Jan-2018
13:48
TXR  008057 RM428 R24
33511B Function Generator
SN =Agilent Technologies,33511B,MY52301476,3.05-1.19-2.00-52-00
freq =+9.280000000000000E+06
burstmode =TRIG
burstN =+6.000000000000000E+01
voltage =+1.5000000000000E-01
 
DSO-X 2022A Oscilloscope
SN =AGILENT TECHNOLOGIES,DSO-X 2022A,MY54310921,02.41.2015102200
probe =+1.0000000E+00
scale =+500.0E-09
position =+19.900000E-06
range =+1.60E+00
units =VOLT
points =+2000
pointmode =NORM
format =BYTE
acqtype =NORM
trigsource =EXT
coupling =AC
 
-180	-4	0.0073909
-180	-3.9	0.0077412
-180	-3.8	0.0094468
-180	-3.7	0.01165
-180	-3.6	0.011752
-180	-3.5	0.011129
-180	-3.4	0.0085563
-180	-3.3	0.0072918
-180	-3.2	0.0074865
-180	-3.1	0.0082348
-180	-3	0.010263
-180	-2.9	0.010844
-180	-2.8	0.010392
-180	-2.7	0.0081738
-180	-2.6	0.0081935
-180	-2.5	0.011238
-180	-2.4	0.017763
-180	-2.3	0.022772
-180	-2.2	0.025322
-180	-2.1	0.027111
-180	-2	0.027463
-180	-1.9	0.027677
-180	-1.8	0.028662
-180	-1.7	0.031426
-180	-1.6	0.032849
-180	-1.5	0.034197
-180	-1.4	0.033308
-180	-1.3	0.030831
-180	-1.2	0.025434
-180	-1.1	0.023235
-180	-1	0.025359
-180	-0.9	0.030186
-180	-0.8	0.037071
-180	-0.7	0.041861
-180	-0.6	0.044923
-180	-0.5	0.045447
-180	-0.4	0.042367
-180	-0.3	0.037233
-180	-0.2	0.031008
-180	-0.1	0.022966
-180	0	0.018446
-180	0.1	0.013268
-180	0.2	0.01174
-180	0.3	0.012122
-180	0.4	0.014602
-180	0.5	0.018086
-180	0.6	0.024815
-180	0.7	0.030933
-180	0.8	0.033662
-180	0.9	0.041074
-180	1	0.044097
-180	1.1	0.045966
-180	1.2	0.046337
-180	1.3	0.045719
-180	1.4	0.044381
-180	1.5	0.041839
-180	1.6	0.040051
-180	1.7	0.038258
-180	1.8	0.037374
-180	1.9	0.036245
-180	2	0.034981
-180	2.1	0.034252
-180	2.2	0.033672
-180	2.3	0.032765
-180	2.4	0.031183
-180	2.5	0.029392
-180	2.6	0.027278
-180	2.7	0.025815
-180	2.8	0.022864
-180	2.9	0.020724
-180	3	0.018537
-180	3.1	0.017077
-180	3.2	0.01575
-180	3.3	0.014485
-180	3.4	0.013758
-180	3.5	0.013077
-180	3.6	0.013145
-180	3.7	0.013006
-180	3.8	0.012268
-180	3.9	0.011432
-180	4	0.011477
-170	-4	0.0073382
-170	-3.9	0.0062253
-170	-3.8	0.0070185
-170	-3.7	0.0097266
-170	-3.6	0.012039
-170	-3.5	0.012396
-170	-3.4	0.010801
-170	-3.3	0.0094211
-170	-3.2	0.0074323
-170	-3.1	0.0078634
-170	-3	0.011402
-170	-2.9	0.011743
-170	-2.8	0.012609
-170	-2.7	0.010798
-170	-2.6	0.0095421
-170	-2.5	0.011543
-170	-2.4	0.017272
-170	-2.3	0.023228
-170	-2.2	0.026746
-170	-2.1	0.027947
-170	-2	0.027948
-170	-1.9	0.027811
-170	-1.8	0.027748
-170	-1.7	0.029548
-170	-1.6	0.031892
-170	-1.5	0.032299
-170	-1.4	0.032099
-170	-1.3	0.029353
-170	-1.2	0.025598
-170	-1.1	0.023029
-170	-1	0.024903
-170	-0.9	0.029996
-170	-0.8	0.034318
-170	-0.7	0.041816
-170	-0.6	0.044711
-170	-0.5	0.044519
-170	-0.4	0.040741
-170	-0.3	0.036216
-170	-0.2	0.030068
-170	-0.1	0.025851
-170	0	0.020945
-170	0.1	0.015302
-170	0.2	0.013821
-170	0.3	0.014621
-170	0.4	0.016849
-170	0.5	0.023043
-170	0.6	0.030014
-170	0.7	0.03472
-170	0.8	0.039578
-170	0.9	0.044618
-170	1	0.046654
-170	1.1	0.048053
-170	1.2	0.048137
-170	1.3	0.047898
-170	1.4	0.046805
-170	1.5	0.044925
-170	1.6	0.040914
-170	1.7	0.038313
-170	1.8	0.037347
-170	1.9	0.035135
-170	2	0.034657
-170	2.1	0.034375
-170	2.2	0.034492
-170	2.3	0.033295
-170	2.4	0.031328
-170	2.5	0.027655
-170	2.6	0.024765
-170	2.7	0.021504
-170	2.8	0.019228
-170	2.9	0.01692
-170	3	0.014977
-170	3.1	0.01373
-170	3.2	0.011936
-170	3.3	0.011784
-170	3.4	0.010939
-170	3.5	0.010342
-170	3.6	0.01068
-170	3.7	0.010999
-170	3.8	0.010506
-170	3.9	0.010047
-170	4	0.010094
-160	-4	0.0070964
-160	-3.9	0.0091936
-160	-3.8	0.011046
-160	-3.7	0.011819
-160	-3.6	0.011291
-160	-3.5	0.0095624
-160	-3.4	0.0070827
-160	-3.3	0.0084823
-160	-3.2	0.0094963
-160	-3.1	0.011503
-160	-3	0.012425
-160	-2.9	0.011434
-160	-2.8	0.0089279
-160	-2.7	0.0079289
-160	-2.6	0.011821
-160	-2.5	0.017964
-160	-2.4	0.023667
-160	-2.3	0.025967
-160	-2.2	0.026966
-160	-2.1	0.025559
-160	-2	0.023974
-160	-1.9	0.02391
-160	-1.8	0.027029
-160	-1.7	0.0303
-160	-1.6	0.032701
-160	-1.5	0.032313
-160	-1.4	0.027721
-160	-1.3	0.023787
-160	-1.2	0.018708
-160	-1.1	0.018496
-160	-1	0.023998
-160	-0.9	0.03158
-160	-0.8	0.038043
-160	-0.7	0.043238
-160	-0.6	0.044041
-160	-0.5	0.041666
-160	-0.4	0.037352
-160	-0.3	0.031789
-160	-0.2	0.024419
-160	-0.1	0.019596
-160	0	0.015782
-160	0.1	0.014133
-160	0.2	0.014782
-160	0.3	0.018171
-160	0.4	0.021221
-160	0.5	0.027175
-160	0.6	0.032885
-160	0.7	0.037718
-160	0.8	0.041896
-160	0.9	0.046125
-160	1	0.047425
-160	1.1	0.047519
-160	1.2	0.04678
-160	1.3	0.045895
-160	1.4	0.043357
-160	1.5	0.04041
-160	1.6	0.037212
-160	1.7	0.036471
-160	1.8	0.035845
-160	1.9	0.03541
-160	2	0.035435
-160	2.1	0.035722
-160	2.2	0.035369
-160	2.3	0.033418
-160	2.4	0.030339
-160	2.5	0.028375
-160	2.6	0.026031
-160	2.7	0.023525
-160	2.8	0.0216
-160	2.9	0.019271
-160	3	0.017123
-160	3.1	0.015743
-160	3.2	0.013231
-160	3.3	0.012545
-160	3.4	0.012658
-160	3.5	0.014335
-160	3.6	0.014919
-160	3.7	0.014565
-160	3.8	0.013384
-160	3.9	0.013296
-160	4	0.013368
-150	-4	0.0070621
-150	-3.9	0.0087209
-150	-3.8	0.01098
-150	-3.7	0.012008
-150	-3.6	0.011569
-150	-3.5	0.0099143
-150	-3.4	0.0082466
-150	-3.3	0.0076656
-150	-3.2	0.0090501
-150	-3.1	0.010996
-150	-3	0.012598
-150	-2.9	0.01218
-150	-2.8	0.010817
-150	-2.7	0.0098963
-150	-2.6	0.011385
-150	-2.5	0.01556
-150	-2.4	0.021713
-150	-2.3	0.023028
-150	-2.2	0.025941
-150	-2.1	0.026524
-150	-2	0.026175
-150	-1.9	0.026788
-150	-1.8	0.029338
-150	-1.7	0.032054
-150	-1.6	0.032648
-150	-1.5	0.031473
-150	-1.4	0.028705
-150	-1.3	0.023502
-150	-1.2	0.021156
-150	-1.1	0.022027
-150	-1	0.028042
-150	-0.9	0.033784
-150	-0.8	0.038296
-150	-0.7	0.04314
-150	-0.6	0.044266
-150	-0.5	0.041883
-150	-0.4	0.038554
-150	-0.3	0.033687
-150	-0.2	0.025565
-150	-0.1	0.022906
-150	0	0.017778
-150	0.1	0.016759
-150	0.2	0.016535
-150	0.3	0.019664
-150	0.4	0.024474
-150	0.5	0.030544
-150	0.6	0.035883
-150	0.7	0.040026
-150	0.8	0.044681
-150	0.9	0.047083
-150	1	0.049188
-150	1.1	0.049822
-150	1.2	0.050442
-150	1.3	0.049997
-150	1.4	0.046973
-150	1.5	0.045182
-150	1.6	0.041383
-150	1.7	0.039948
-150	1.8	0.03771
-150	1.9	0.037109
-150	2	0.037263
-150	2.1	0.037368
-150	2.2	0.036151
-150	2.3	0.033425
-150	2.4	0.02871
-150	2.5	0.025415
-150	2.6	0.023434
-150	2.7	0.020514
-150	2.8	0.018761
-150	2.9	0.016963
-150	3	0.016238
-150	3.1	0.014291
-150	3.2	0.011342
-150	3.3	0.011091
-150	3.4	0.011199
-150	3.5	0.012682
-150	3.6	0.013326
-150	3.7	0.013173
-150	3.8	0.013231
-150	3.9	0.012545
-150	4	0.011339
-140	-4	0.0075488
-140	-3.9	0.0093194
-140	-3.8	0.011644
-140	-3.7	0.012015
-140	-3.6	0.012332
-140	-3.5	0.010836
-140	-3.4	0.0084937
-140	-3.3	0.007053
-140	-3.2	0.0072429
-140	-3.1	0.0095421
-140	-3	0.012228
-140	-2.9	0.012331
-140	-2.8	0.011988
-140	-2.7	0.010974
-140	-2.6	0.011566
-140	-2.5	0.014609
-140	-2.4	0.021337
-140	-2.3	0.025201
-140	-2.2	0.027818
-140	-2.1	0.02845
-140	-2	0.027756
-140	-1.9	0.025425
-140	-1.8	0.024817
-140	-1.7	0.025107
-140	-1.6	0.026214
-140	-1.5	0.027334
-140	-1.4	0.027383
-140	-1.3	0.025465
-140	-1.2	0.023792
-140	-1.1	0.022946
-140	-1	0.026065
-140	-0.9	0.031022
-140	-0.8	0.036757
-140	-0.7	0.042008
-140	-0.6	0.044422
-140	-0.5	0.044271
-140	-0.4	0.042444
-140	-0.3	0.039424
-140	-0.2	0.0323
-140	-0.1	0.025555
-140	0	0.019291
-140	0.1	0.016859
-140	0.2	0.014982
-140	0.3	0.016897
-140	0.4	0.020928
-140	0.5	0.029646
-140	0.6	0.032566
-140	0.7	0.040233
-140	0.8	0.046337
-140	0.9	0.049919
-140	1	0.052312
-140	1.1	0.053692
-140	1.2	0.052939
-140	1.3	0.051733
-140	1.4	0.049034
-140	1.5	0.04618
-140	1.6	0.043322
-140	1.7	0.040877
-140	1.8	0.039727
-140	1.9	0.039149
-140	2	0.038473
-140	2.1	0.037415
-140	2.2	0.03409
-140	2.3	0.03137
-140	2.4	0.026842
-140	2.5	0.023464
-140	2.6	0.020397
-140	2.7	0.018306
-140	2.8	0.016025
-140	2.9	0.014438
-140	3	0.0136
-140	3.1	0.01056
-140	3.2	0.0086577
-140	3.3	0.0085393
-140	3.4	0.008223
-140	3.5	0.010226
-140	3.6	0.011674
-140	3.7	0.012086
-140	3.8	0.011749
-140	3.9	0.011116
-140	4	0.0099387
-130	-4	0.0077161
-130	-3.9	0.010265
-130	-3.8	0.011541
-130	-3.7	0.01075
-130	-3.6	0.0091266
-130	-3.5	0.0075016
-130	-3.4	0.0084058
-130	-3.3	0.011502
-130	-3.2	0.014668
-130	-3.1	0.015401
-130	-3	0.015075
-130	-2.9	0.012962
-130	-2.8	0.0096449
-130	-2.7	0.0096633
-130	-2.6	0.01495
-130	-2.5	0.022958
-130	-2.4	0.02468
-130	-2.3	0.028111
-130	-2.2	0.027758
-130	-2.1	0.024807
-130	-2	0.023566
-130	-1.9	0.023357
-130	-1.8	0.026312
-130	-1.7	0.030591
-130	-1.6	0.031916
-130	-1.5	0.029739
-130	-1.4	0.026123
-130	-1.3	0.020233
-130	-1.2	0.019066
-130	-1.1	0.023492
-130	-1	0.031495
-130	-0.9	0.037797
-130	-0.8	0.045332
-130	-0.7	0.048295
-130	-0.6	0.047801
-130	-0.5	0.046028
-130	-0.4	0.040419
-130	-0.3	0.034534
-130	-0.2	0.028057
-130	-0.1	0.023543
-130	0	0.018874
-130	0.1	0.017805
-130	0.2	0.020648
-130	0.3	0.022992
-130	0.4	0.029422
-130	0.5	0.03247
-130	0.6	0.037123
-130	0.7	0.041361
-130	0.8	0.043508
-130	0.9	0.045395
-130	1	0.046336
-130	1.1	0.04682
-130	1.2	0.046332
-130	1.3	0.044878
-130	1.4	0.043095
-130	1.5	0.040966
-130	1.6	0.038878
-130	1.7	0.03757
-130	1.8	0.037331
-130	1.9	0.038256
-130	2	0.039074
-130	2.1	0.038522
-130	2.2	0.036872
-130	2.3	0.034231
-130	2.4	0.030331
-130	2.5	0.026387
-130	2.6	0.023433
-130	2.7	0.020782
-130	2.8	0.019108
-130	2.9	0.018847
-130	3	0.017372
-130	3.1	0.015271
-130	3.2	0.013572
-130	3.3	0.013326
-130	3.4	0.013282
-130	3.5	0.014385
-130	3.6	0.014885
-130	3.7	0.015237
-130	3.8	0.01498
-130	3.9	0.014558
-130	4	0.013645
-120	-4	0.0090179
-120	-3.9	0.010722
-120	-3.8	0.012112
-120	-3.7	0.011265
-120	-3.6	0.0095624
-120	-3.5	0.0068081
-120	-3.4	0.0065763
-120	-3.3	0.0087431
-120	-3.2	0.011296
-120	-3.1	0.013885
-120	-3	0.01391
-120	-2.9	0.012622
-120	-2.8	0.010563
-120	-2.7	0.009862
-120	-2.6	0.014293
-120	-2.5	0.021271
-120	-2.4	0.024059
-120	-2.3	0.026881
-120	-2.2	0.027379
-120	-2.1	0.026314
-120	-2	0.024778
-120	-1.9	0.024121
-120	-1.8	0.024615
-120	-1.7	0.025622
-120	-1.6	0.025865
-120	-1.5	0.024893
-120	-1.4	0.02252
-120	-1.3	0.01992
-120	-1.2	0.021474
-120	-1.1	0.02615
-120	-1	0.033073
-120	-0.9	0.03786
-120	-0.8	0.046907
-120	-0.7	0.048788
-120	-0.6	0.04845
-120	-0.5	0.04568
-120	-0.4	0.042763
-120	-0.3	0.035283
-120	-0.2	0.02873
-120	-0.1	0.024538
-120	0	0.019116
-120	0.1	0.01618
-120	0.2	0.016663
-120	0.3	0.018705
-120	0.4	0.024279
-120	0.5	0.029716
-120	0.6	0.034451
-120	0.7	0.041963
-120	0.8	0.045172
-120	0.9	0.047424
-120	1	0.048243
-120	1.1	0.047903
-120	1.2	0.046957
-120	1.3	0.044708
-120	1.4	0.043207
-120	1.5	0.041818
-120	1.6	0.041425
-120	1.7	0.040079
-120	1.8	0.039712
-120	1.9	0.03936
-120	2	0.039254
-120	2.1	0.038527
-120	2.2	0.035232
-120	2.3	0.033034
-120	2.4	0.029853
-120	2.5	0.027187
-120	2.6	0.021659
-120	2.7	0.020273
-120	2.8	0.016222
-120	2.9	0.0152
-120	3	0.012434
-120	3.1	0.011461
-120	3.2	0.01071
-120	3.3	0.0105
-120	3.4	0.011371
-120	3.5	0.012004
-120	3.6	0.012098
-120	3.7	0.012204
-120	3.8	0.01266
-120	3.9	0.013132
-120	4	0.012554
-110	-4	0.0077579
-110	-3.9	0.0099663
-110	-3.8	0.011255
-110	-3.7	0.010896
-110	-3.6	0.0094827
-110	-3.5	0.0080382
-110	-3.4	0.0073646
-110	-3.3	0.00944
-110	-3.2	0.012304
-110	-3.1	0.013657
-110	-3	0.01407
-110	-2.9	0.011999
-110	-2.8	0.0099012
-110	-2.7	0.0099987
-110	-2.6	0.016243
-110	-2.5	0.020622
-110	-2.4	0.025522
-110	-2.3	0.026721
-110	-2.2	0.025792
-110	-2.1	0.024367
-110	-2	0.022993
-110	-1.9	0.024302
-110	-1.8	0.026366
-110	-1.7	0.028283
-110	-1.6	0.02814
-110	-1.5	0.02587
-110	-1.4	0.021469
-110	-1.3	0.017527
-110	-1.2	0.019992
-110	-1.1	0.027067
-110	-1	0.037009
-110	-0.9	0.044734
-110	-0.8	0.050776
-110	-0.7	0.052521
-110	-0.6	0.050271
-110	-0.5	0.046061
-110	-0.4	0.039836
-110	-0.3	0.031546
-110	-0.2	0.024812
-110	-0.1	0.020462
-110	0	0.017174
-110	0.1	0.014834
-110	0.2	0.017
-110	0.3	0.019894
-110	0.4	0.026056
-110	0.5	0.034678
-110	0.6	0.038273
-110	0.7	0.043718
-110	0.8	0.045873
-110	0.9	0.046101
-110	1	0.045501
-110	1.1	0.04483
-110	1.2	0.043214
-110	1.3	0.041728
-110	1.4	0.040678
-110	1.5	0.040455
-110	1.6	0.040147
-110	1.7	0.038506
-110	1.8	0.038147
-110	1.9	0.037358
-110	2	0.036824
-110	2.1	0.036223
-110	2.2	0.033356
-110	2.3	0.030967
-110	2.4	0.028661
-110	2.5	0.025678
-110	2.6	0.021522
-110	2.7	0.018886
-110	2.8	0.01577
-110	2.9	0.014381
-110	3	0.014082
-110	3.1	0.01345
-110	3.2	0.012818
-110	3.3	0.013081
-110	3.4	0.013652
-110	3.5	0.013203
-110	3.6	0.012922
-110	3.7	0.012406
-110	3.8	0.012967
-110	3.9	0.012361
-110	4	0.011955
-100	-4	0.0095574
-100	-3.9	0.011603
-100	-3.8	0.012144
-100	-3.7	0.011782
-100	-3.6	0.0096533
-100	-3.5	0.0065566
-100	-3.4	0.0060435
-100	-3.3	0.0085241
-100	-3.2	0.010847
-100	-3.1	0.012599
-100	-3	0.01222
-100	-2.9	0.011125
-100	-2.8	0.0096717
-100	-2.7	0.012462
-100	-2.6	0.016715
-100	-2.5	0.02362
-100	-2.4	0.025805
-100	-2.3	0.026445
-100	-2.2	0.025645
-100	-2.1	0.02348
-100	-2	0.022557
-100	-1.9	0.021609
-100	-1.8	0.022581
-100	-1.7	0.023214
-100	-1.6	0.022964
-100	-1.5	0.021137
-100	-1.4	0.020085
-100	-1.3	0.018211
-100	-1.2	0.02112
-100	-1.1	0.028052
-100	-1	0.034542
-100	-0.9	0.043788
-100	-0.8	0.048808
-100	-0.7	0.050629
-100	-0.6	0.048796
-100	-0.5	0.04659
-100	-0.4	0.039395
-100	-0.3	0.03429
-100	-0.2	0.024897
-100	-0.1	0.020949
-100	0	0.016359
-100	0.1	0.01393
-100	0.2	0.012976
-100	0.3	0.016568
-100	0.4	0.021895
-100	0.5	0.02873
-100	0.6	0.035884
-100	0.7	0.042343
-100	0.8	0.045683
-100	0.9	0.04731
-100	1	0.046829
-100	1.1	0.045755
-100	1.2	0.043451
-100	1.3	0.040302
-100	1.4	0.036856
-100	1.5	0.036266
-100	1.6	0.036688
-100	1.7	0.036681
-100	1.8	0.036312
-100	1.9	0.036064
-100	2	0.035216
-100	2.1	0.033591
-100	2.2	0.029342
-100	2.3	0.027154
-100	2.4	0.024933
-100	2.5	0.022609
-100	2.6	0.020466
-100	2.7	0.017457
-100	2.8	0.014871
-100	2.9	0.01213
-100	3	0.0097813
-100	3.1	0.0081222
-100	3.2	0.0087061
-100	3.3	0.0094177
-100	3.4	0.010505
-100	3.5	0.011572
-100	3.6	0.011039
-100	3.7	0.010912
-100	3.8	0.010781
-100	3.9	0.010967
-100	4	0.011365
-90	-4	0.0078201
-90	-3.9	0.0080583
-90	-3.8	0.0073404
-90	-3.7	0.0068883
-90	-3.6	0.0069047
-90	-3.5	0.0064797
-90	-3.4	0.0073514
-90	-3.3	0.0084575
-90	-3.2	0.0087468
-90	-3.1	0.0085298
-90	-3	0.0079857
-90	-2.9	0.0085996
-90	-2.8	0.010734
-90	-2.7	0.013268
-90	-2.6	0.017559
-90	-2.5	0.020331
-90	-2.4	0.021109
-90	-2.3	0.021114
-90	-2.2	0.020745
-90	-2.1	0.020458
-90	-2	0.022243
-90	-1.9	0.024037
-90	-1.8	0.02452
-90	-1.7	0.0236
-90	-1.6	0.021176
-90	-1.5	0.017563
-90	-1.4	0.015669
-90	-1.3	0.018456
-90	-1.2	0.026379
-90	-1.1	0.034639
-90	-1	0.040398
-90	-0.9	0.049575
-90	-0.8	0.052449
-90	-0.7	0.051467
-90	-0.6	0.046857
-90	-0.5	0.042432
-90	-0.4	0.035064
-90	-0.3	0.029685
-90	-0.2	0.020182
-90	-0.1	0.01752
-90	0	0.013978
-90	0.1	0.012939
-90	0.2	0.014108
-90	0.3	0.017049
-90	0.4	0.021472
-90	0.5	0.028806
-90	0.6	0.034272
-90	0.7	0.038662
-90	0.8	0.040965
-90	0.9	0.041355
-90	1	0.040861
-90	1.1	0.040296
-90	1.2	0.039831
-90	1.3	0.038418
-90	1.4	0.037714
-90	1.5	0.037452
-90	1.6	0.036805
-90	1.7	0.035948
-90	1.8	0.034845
-90	1.9	0.034399
-90	2	0.034251
-90	2.1	0.033479
-90	2.2	0.031559
-90	2.3	0.029266
-90	2.4	0.026586
-90	2.5	0.022419
-90	2.6	0.018777
-90	2.7	0.014788
-90	2.8	0.013431
-90	2.9	0.012211
-90	3	0.011096
-90	3.1	0.010184
-90	3.2	0.0097631
-90	3.3	0.01013
-90	3.4	0.011029
-90	3.5	0.011912
-90	3.6	0.01269
-90	3.7	0.012741
-90	3.8	0.012325
-90	3.9	0.012051
-90	4	0.010802
-80	-4	0.0077599
-80	-3.9	0.0084575
-80	-3.8	0.007935
-80	-3.7	0.0071666
-80	-3.6	0.0052199
-80	-3.5	0.0052199
-80	-3.4	0.0065442
-80	-3.3	0.0086931
-80	-3.2	0.0096298
-80	-3.1	0.0093626
-80	-3	0.0073272
-80	-2.9	0.0068413
-80	-2.8	0.0075979
-80	-2.7	0.012676
-80	-2.6	0.017693
-80	-2.5	0.02072
-80	-2.4	0.022606
-80	-2.3	0.022592
-80	-2.2	0.021286
-80	-2.1	0.01964
-80	-2	0.019796
-80	-1.9	0.021755
-80	-1.8	0.022943
-80	-1.7	0.023777
-80	-1.6	0.022379
-80	-1.5	0.017977
-80	-1.4	0.014882
-80	-1.3	0.017325
-80	-1.2	0.023894
-80	-1.1	0.033129
-80	-1	0.046394
-80	-0.9	0.049929
-80	-0.8	0.054836
-80	-0.7	0.05388
-80	-0.6	0.048608
-80	-0.5	0.041838
-80	-0.4	0.03469
-80	-0.3	0.025836
-80	-0.2	0.019812
-80	-0.1	0.014461
-80	0	0.011644
-80	0.1	0.011062
-80	0.2	0.012805
-80	0.3	0.016312
-80	0.4	0.02241
-80	0.5	0.028531
-80	0.6	0.034396
-80	0.7	0.038927
-80	0.8	0.041013
-80	0.9	0.041561
-80	1	0.04056
-80	1.1	0.039233
-80	1.2	0.036835
-80	1.3	0.035911
-80	1.4	0.034877
-80	1.5	0.034856
-80	1.6	0.03379
-80	1.7	0.033098
-80	1.8	0.032477
-80	1.9	0.031993
-80	2	0.03124
-80	2.1	0.030459
-80	2.2	0.029418
-80	2.3	0.02763
-80	2.4	0.025923
-80	2.5	0.022743
-80	2.6	0.019605
-80	2.7	0.015736
-80	2.8	0.013756
-80	2.9	0.012461
-80	3	0.011034
-80	3.1	0.010373
-80	3.2	0.0096834
-80	3.3	0.0091089
-80	3.4	0.0094554
-80	3.5	0.010207
-80	3.6	0.011088
-80	3.7	0.011562
-80	3.8	0.012204
-80	3.9	0.011919
-80	4	0.011562
-70	-4	0.0082564
-70	-3.9	0.0087172
-70	-3.8	0.0084307
-70	-3.7	0.0078449
-70	-3.6	0.0059736
-70	-3.5	0.0054856
-70	-3.4	0.0065836
-70	-3.3	0.0083324
-70	-3.2	0.0093919
-70	-3.1	0.0089604
-70	-3	0.0080983
-70	-2.9	0.0096147
-70	-2.8	0.011784
-70	-2.7	0.015674
-70	-2.6	0.019606
-70	-2.5	0.021804
-70	-2.4	0.022472
-70	-2.3	0.022113
-70	-2.2	0.021389
-70	-2.1	0.019895
-70	-2	0.020098
-70	-1.9	0.021221
-70	-1.8	0.021691
-70	-1.7	0.021095
-70	-1.6	0.018628
-70	-1.5	0.015215
-70	-1.4	0.014632
-70	-1.3	0.017835
-70	-1.2	0.02751
-70	-1.1	0.037402
-70	-1	0.045161
-70	-0.9	0.048154
-70	-0.8	0.050375
-70	-0.7	0.050564
-70	-0.6	0.047598
-70	-0.5	0.043294
-70	-0.4	0.037256
-70	-0.3	0.028656
-70	-0.2	0.020862
-70	-0.1	0.017554
-70	0	0.013595
-70	0.1	0.011792
-70	0.2	0.011935
-70	0.3	0.015453
-70	0.4	0.020845
-70	0.5	0.025504
-70	0.6	0.030464
-70	0.7	0.036858
-70	0.8	0.039218
-70	0.9	0.040615
-70	1	0.040246
-70	1.1	0.039553
-70	1.2	0.037121
-70	1.3	0.035393
-70	1.4	0.033737
-70	1.5	0.033588
-70	1.6	0.033699
-70	1.7	0.034491
-70	1.8	0.035277
-70	1.9	0.035459
-70	2	0.033993
-70	2.1	0.032014
-70	2.2	0.029979
-70	2.3	0.025656
-70	2.4	0.023634
-70	2.5	0.020635
-70	2.6	0.017599
-70	2.7	0.015513
-70	2.8	0.014807
-70	2.9	0.013221
-70	3	0.01271
-70	3.1	0.012172
-70	3.2	0.011849
-70	3.3	0.011576
-70	3.4	0.011767
-70	3.5	0.012453
-70	3.6	0.013045
-70	3.7	0.013553
-70	3.8	0.01336
-70	3.9	0.012362
-70	4	0.011226
-60	-4	0.0074127
-60	-3.9	0.0071032
-60	-3.8	0.0067724
-60	-3.7	0.0055965
-60	-3.6	0.0054738
-60	-3.5	0.0057615
-60	-3.4	0.007053
-60	-3.3	0.0082505
-60	-3.2	0.0089007
-60	-3.1	0.0081579
-60	-3	0.0071508
-60	-2.9	0.0085184
-60	-2.8	0.01357
-60	-2.7	0.016425
-60	-2.6	0.019312
-60	-2.5	0.022216
-60	-2.4	0.022514
-60	-2.3	0.022108
-60	-2.2	0.021605
-60	-2.1	0.021282
-60	-2	0.021019
-60	-1.9	0.020505
-60	-1.8	0.020152
-60	-1.7	0.018992
-60	-1.6	0.017699
-60	-1.5	0.016465
-60	-1.4	0.01739
-60	-1.3	0.023432
-60	-1.2	0.026621
-60	-1.1	0.036143
-60	-1	0.041297
-60	-0.9	0.048363
-60	-0.8	0.049533
-60	-0.7	0.048699
-60	-0.6	0.045412
-60	-0.5	0.03869
-60	-0.4	0.031445
-60	-0.3	0.026108
-60	-0.2	0.021746
-60	-0.1	0.017859
-60	0	0.014378
-60	0.1	0.012134
-60	0.2	0.01123
-60	0.3	0.012042
-60	0.4	0.018479
-60	0.5	0.022566
-60	0.6	0.030398
-60	0.7	0.035545
-60	0.8	0.039845
-60	0.9	0.041361
-60	1	0.041628
-60	1.1	0.040616
-60	1.2	0.039131
-60	1.3	0.038403
-60	1.4	0.037083
-60	1.5	0.036673
-60	1.6	0.036441
-60	1.7	0.035573
-60	1.8	0.034671
-60	1.9	0.034222
-60	2	0.03381
-60	2.1	0.032591
-60	2.2	0.030872
-60	2.3	0.029524
-60	2.4	0.02579
-60	2.5	0.023579
-60	2.6	0.018075
-60	2.7	0.01601
-60	2.8	0.01416
-60	2.9	0.011942
-60	3	0.010844
-60	3.1	0.010386
-60	3.2	0.010208
-60	3.3	0.010713
-60	3.4	0.010765
-60	3.5	0.010662
-60	3.6	0.010686
-60	3.7	0.010965
-60	3.8	0.0094997
-60	3.9	0.0092707
-60	4	0.0097962
-50	-4	0.0060596
-50	-3.9	0.0063563
-50	-3.8	0.0065195
-50	-3.7	0.0057699
-50	-3.6	0.0053454
-50	-3.5	0.0048073
-50	-3.4	0.0063817
-50	-3.3	0.0084384
-50	-3.2	0.0092742
-50	-3.1	0.0096197
-50	-3	0.0091531
-50	-2.9	0.0080342
-50	-2.8	0.0099077
-50	-2.7	0.014661
-50	-2.6	0.019439
-50	-2.5	0.022251
-50	-2.4	0.023143
-50	-2.3	0.023619
-50	-2.2	0.023263
-50	-2.1	0.022575
-50	-2	0.022009
-50	-1.9	0.022441
-50	-1.8	0.022165
-50	-1.7	0.02159
-50	-1.6	0.019695
-50	-1.5	0.018604
-50	-1.4	0.018602
-50	-1.3	0.023076
-50	-1.2	0.03142
-50	-1.1	0.037371
-50	-1	0.043542
-50	-0.9	0.047966
-50	-0.8	0.04958
-50	-0.7	0.048784
-50	-0.6	0.045829
-50	-0.5	0.040411
-50	-0.4	0.035778
-50	-0.3	0.028445
-50	-0.2	0.021079
-50	-0.1	0.017896
-50	0	0.01317
-50	0.1	0.011233
-50	0.2	0.012011
-50	0.3	0.01645
-50	0.4	0.020599
-50	0.5	0.027757
-50	0.6	0.032244
-50	0.7	0.038597
-50	0.8	0.041549
-50	0.9	0.042517
-50	1	0.042881
-50	1.1	0.042124
-50	1.2	0.040428
-50	1.3	0.038563
-50	1.4	0.036684
-50	1.5	0.034475
-50	1.6	0.032969
-50	1.7	0.031854
-50	1.8	0.031169
-50	1.9	0.031157
-50	2	0.031215
-50	2.1	0.030306
-50	2.2	0.02816
-50	2.3	0.025024
-50	2.4	0.021243
-50	2.5	0.018052
-50	2.6	0.015779
-50	2.7	0.012685
-50	2.8	0.011037
-50	2.9	0.0098865
-50	3	0.0090466
-50	3.1	0.008507
-50	3.2	0.0075958
-50	3.3	0.0078015
-50	3.4	0.0089658
-50	3.5	0.0082034
-50	3.6	0.0084
-50	3.7	0.0079837
-50	3.8	0.0083382
-50	3.9	0.0083711
-50	4	0.0083071
-40	-4	0.0065368
-40	-3.9	0.0064897
-40	-3.8	0.0056511
-40	-3.7	0.0052013
-40	-3.6	0.0048308
-40	-3.5	0.0054679
-40	-3.4	0.0069954
-40	-3.3	0.007085
-40	-3.2	0.0079817
-40	-3.1	0.0076276
-40	-3	0.0091531
-40	-2.9	0.011744
-40	-2.8	0.014403
-40	-2.7	0.01835
-40	-2.6	0.020958
-40	-2.5	0.021999
-40	-2.4	0.022807
-40	-2.3	0.02238
-40	-2.2	0.022305
-40	-2.1	0.022847
-40	-2	0.023979
-40	-1.9	0.025306
-40	-1.8	0.025876
-40	-1.7	0.025308
-40	-1.6	0.0225
-40	-1.5	0.019845
-40	-1.4	0.017857
-40	-1.3	0.022341
-40	-1.2	0.030907
-40	-1.1	0.038486
-40	-1	0.045482
-40	-0.9	0.050778
-40	-0.8	0.052456
-40	-0.7	0.049653
-40	-0.6	0.046703
-40	-0.5	0.040877
-40	-0.4	0.035121
-40	-0.3	0.02729
-40	-0.2	0.023097
-40	-0.1	0.019644
-40	0	0.015672
-40	0.1	0.01328
-40	0.2	0.014477
-40	0.3	0.018975
-40	0.4	0.023833
-40	0.5	0.029529
-40	0.6	0.036247
-40	0.7	0.038866
-40	0.8	0.042284
-40	0.9	0.043444
-40	1	0.043991
-40	1.1	0.043507
-40	1.2	0.043131
-40	1.3	0.040423
-40	1.4	0.03806
-40	1.5	0.035895
-40	1.6	0.03494
-40	1.7	0.03331
-40	1.8	0.032296
-40	1.9	0.032539
-40	2	0.032294
-40	2.1	0.031294
-40	2.2	0.028322
-40	2.3	0.025355
-40	2.4	0.022882
-40	2.5	0.020857
-40	2.6	0.018091
-40	2.7	0.017326
-40	2.8	0.015915
-40	2.9	0.014511
-40	3	0.012159
-40	3.1	0.010186
-40	3.2	0.0093263
-40	3.3	0.0091954
-40	3.4	0.01071
-40	3.5	0.010908
-40	3.6	0.010673
-40	3.7	0.0094741
-40	3.8	0.0088643
-40	3.9	0.0079716
-40	4	0.0073909
-30	-4	0.0069537
-30	-3.9	0.0073206
-30	-3.8	0.0067053
-30	-3.7	0.0067173
-30	-3.6	0.0065393
-30	-3.5	0.0061836
-30	-3.4	0.0070918
-30	-3.3	0.0080362
-30	-3.2	0.0085431
-30	-3.1	0.0099549
-30	-3	0.010753
-30	-2.9	0.01283
-30	-2.8	0.016251
-30	-2.7	0.019403
-30	-2.6	0.023438
-30	-2.5	0.024329
-30	-2.4	0.02502
-30	-2.3	0.024879
-30	-2.2	0.025283
-30	-2.1	0.025627
-30	-2	0.026632
-30	-1.9	0.027135
-30	-1.8	0.027074
-30	-1.7	0.025593
-30	-1.6	0.023115
-30	-1.5	0.022285
-30	-1.4	0.022407
-30	-1.3	0.025225
-30	-1.2	0.030055
-30	-1.1	0.036987
-30	-1	0.045022
-30	-0.9	0.048108
-30	-0.8	0.051809
-30	-0.7	0.052259
-30	-0.6	0.049677
-30	-0.5	0.045173
-30	-0.4	0.038801
-30	-0.3	0.03205
-30	-0.2	0.025199
-30	-0.1	0.02117
-30	0	0.016717
-30	0.1	0.014879
-30	0.2	0.016409
-30	0.3	0.01962
-30	0.4	0.025278
-30	0.5	0.030525
-30	0.6	0.036577
-30	0.7	0.041938
-30	0.8	0.045938
-30	0.9	0.047025
-30	1	0.047187
-30	1.1	0.045453
-30	1.2	0.043719
-30	1.3	0.039972
-30	1.4	0.037992
-30	1.5	0.037397
-30	1.6	0.035797
-30	1.7	0.034947
-30	1.8	0.034325
-30	1.9	0.033748
-30	2	0.032928
-30	2.1	0.030407
-30	2.2	0.028802
-30	2.3	0.025742
-30	2.4	0.023595
-30	2.5	0.021201
-30	2.6	0.0185
-30	2.7	0.015478
-30	2.8	0.013778
-30	2.9	0.013221
-30	3	0.011755
-30	3.1	0.010842
-30	3.2	0.010545
-30	3.3	0.010577
-30	3.4	0.011379
-30	3.5	0.011426
-30	3.6	0.010683
-30	3.7	0.010157
-30	3.8	0.0094656
-30	3.9	0.0096967
-30	4	0.0094895
-20	-4	0.0075851
-20	-3.9	0.0078118
-20	-3.8	0.0074388
-20	-3.7	0.0061758
-20	-3.6	0.0058229
-20	-3.5	0.0063741
-20	-3.4	0.0085695
-20	-3.3	0.0095776
-20	-3.2	0.011324
-20	-3.1	0.012241
-20	-3	0.012641
-20	-2.9	0.013758
-20	-2.8	0.015406
-20	-2.7	0.020051
-20	-2.6	0.024174
-20	-2.5	0.026135
-20	-2.4	0.027786
-20	-2.3	0.028115
-20	-2.2	0.027549
-20	-2.1	0.027867
-20	-2	0.028583
-20	-1.9	0.029623
-20	-1.8	0.030891
-20	-1.7	0.030721
-20	-1.6	0.028937
-20	-1.5	0.026538
-20	-1.4	0.024523
-20	-1.3	0.02555
-20	-1.2	0.029332
-20	-1.1	0.034866
-20	-1	0.044658
-20	-0.9	0.050953
-20	-0.8	0.05342
-20	-0.7	0.053279
-20	-0.6	0.051406
-20	-0.5	0.048472
-20	-0.4	0.042341
-20	-0.3	0.036245
-20	-0.2	0.030436
-20	-0.1	0.022123
-20	0	0.01993
-20	0.1	0.017689
-20	0.2	0.018832
-20	0.3	0.02331
-20	0.4	0.029156
-20	0.5	0.034385
-20	0.6	0.039498
-20	0.7	0.044987
-20	0.8	0.047659
-20	0.9	0.049702
-20	1	0.050389
-20	1.1	0.050076
-20	1.2	0.048228
-20	1.3	0.045747
-20	1.4	0.04264
-20	1.5	0.03972
-20	1.6	0.037424
-20	1.7	0.035
-20	1.8	0.034033
-20	1.9	0.033455
-20	2	0.032455
-20	2.1	0.030823
-20	2.2	0.027413
-20	2.3	0.025261
-20	2.4	0.023283
-20	2.5	0.02147
-20	2.6	0.020179
-20	2.7	0.018884
-20	2.8	0.018068
-20	2.9	0.01623
-20	3	0.014561
-20	3.1	0.011693
-20	3.2	0.0086912
-20	3.3	0.0077911
-20	3.4	0.0082974
-20	3.5	0.009248
-20	3.6	0.0092235
-20	3.7	0.009255
-20	3.8	0.0093592
-20	3.9	0.0086053
-20	4	0.0080623
-10	-4	0.006006
-10	-3.9	0.0068648
-10	-3.8	0.0074323
-10	-3.7	0.0068483
-10	-3.6	0.0065121
-10	-3.5	0.0069653
-10	-3.4	0.0083981
-10	-3.3	0.010535
-10	-3.2	0.011848
-10	-3.1	0.012367
-10	-3	0.012612
-10	-2.9	0.013485
-10	-2.8	0.014666
-10	-2.7	0.018989
-10	-2.6	0.023568
-10	-2.5	0.027521
-10	-2.4	0.032044
-10	-2.3	0.033482
-10	-2.2	0.033515
-10	-2.1	0.032665
-10	-2	0.032697
-10	-1.9	0.033831
-10	-1.8	0.03651
-10	-1.7	0.037132
-10	-1.6	0.035874
-10	-1.5	0.032402
-10	-1.4	0.028506
-10	-1.3	0.028007
-10	-1.2	0.031133
-10	-1.1	0.04028
-10	-1	0.049488
-10	-0.9	0.05371
-10	-0.8	0.057606
-10	-0.7	0.057654
-10	-0.6	0.056093
-10	-0.5	0.05154
-10	-0.4	0.043799
-10	-0.3	0.03638
-10	-0.2	0.031972
-10	-0.1	0.024442
-10	0	0.020488
-10	0.1	0.020731
-10	0.2	0.023326
-10	0.3	0.029314
-10	0.4	0.033753
-10	0.5	0.041618
-10	0.6	0.047636
-10	0.7	0.04978
-10	0.8	0.053431
-10	0.9	0.054819
-10	1	0.054337
-10	1.1	0.053275
-10	1.2	0.050351
-10	1.3	0.045637
-10	1.4	0.042031
-10	1.5	0.038595
-10	1.6	0.0358
-10	1.7	0.034651
-10	1.8	0.034172
-10	1.9	0.034136
-10	2	0.034515
-10	2.1	0.031814
-10	2.2	0.030518
-10	2.3	0.026228
-10	2.4	0.023349
-10	2.5	0.02157
-10	2.6	0.020376
-10	2.7	0.019354
-10	2.8	0.018589
-10	2.9	0.017708
-10	3	0.015983
-10	3.1	0.014218
-10	3.2	0.011934
-10	3.3	0.011116
-10	3.4	0.011416
-10	3.5	0.012306
-10	3.6	0.011902
-10	3.7	0.011196
-10	3.8	0.010552
-10	3.9	0.010418
-10	4	0.010952
0	-4	0.0081619
0	-3.9	0.0073887
0	-3.8	0.006846
0	-3.7	0.0055849
0	-3.6	0.0063027
0	-3.5	0.0083556
0	-3.4	0.010546
0	-3.3	0.011583
0	-3.2	0.011894
0	-3.1	0.01214
0	-3	0.011263
0	-2.9	0.012128
0	-2.8	0.014627
0	-2.7	0.019256
0	-2.6	0.024056
0	-2.5	0.028772
0	-2.4	0.031002
0	-2.3	0.032233
0	-2.2	0.031552
0	-2.1	0.031888
0	-2	0.032791
0	-1.9	0.035556
0	-1.8	0.037309
0	-1.7	0.038207
0	-1.6	0.037262
0	-1.5	0.034774
0	-1.4	0.03168
0	-1.3	0.030758
0	-1.2	0.032994
0	-1.1	0.039858
0	-1	0.048884
0	-0.9	0.05567
0	-0.8	0.058645
0	-0.7	0.0605
0	-0.6	0.056774
0	-0.5	0.051967
0	-0.4	0.044587
0	-0.3	0.035418
0	-0.2	0.030561
0	-0.1	0.025632
0	0	0.023823
0	0.1	0.02321
0	0.2	0.025134
0	0.3	0.029638
0	0.4	0.033505
0	0.5	0.040468
0	0.6	0.044369
0	0.7	0.049894
0	0.8	0.054021
0	0.9	0.056064
0	1	0.056237
0	1.1	0.055196
0	1.2	0.053191
0	1.3	0.050274
0	1.4	0.04631
0	1.5	0.043631
0	1.6	0.039683
0	1.7	0.038197
0	1.8	0.036253
0	1.9	0.035813
0	2	0.035484
0	2.1	0.035158
0	2.2	0.03255
0	2.3	0.029853
0	2.4	0.027294
0	2.5	0.024146
0	2.6	0.022486
0	2.7	0.020751
0	2.8	0.018848
0	2.9	0.017487
0	3	0.016667
0	3.1	0.014598
0	3.2	0.013357
0	3.3	0.012646
0	3.4	0.012096
0	3.5	0.011729
0	3.6	0.010691
0	3.7	0.009295
0	3.8	0.0087228
0	3.9	0.0082564
0	4	0.009
10	-4	0.0082505
10	-3.9	0.0099028
10	-3.8	0.010431
10	-3.7	0.0098308
10	-3.6	0.0077119
10	-3.5	0.0064697
10	-3.4	0.0067413
10	-3.3	0.0084671
10	-3.2	0.011183
10	-3.1	0.01399
10	-3	0.015086
10	-2.9	0.0144
10	-2.8	0.014322
10	-2.7	0.016595
10	-2.6	0.022172
10	-2.5	0.025967
10	-2.4	0.032134
10	-2.3	0.034883
10	-2.2	0.03613
10	-2.1	0.035505
10	-2	0.035264
10	-1.9	0.036161
10	-1.8	0.037684
10	-1.7	0.039771
10	-1.6	0.04006
10	-1.5	0.039127
10	-1.4	0.036498
10	-1.3	0.03387
10	-1.2	0.034523
10	-1.1	0.040277
10	-1	0.047105
10	-0.9	0.055681
10	-0.8	0.059155
10	-0.7	0.060968
10	-0.6	0.059143
10	-0.5	0.055741
10	-0.4	0.050236
10	-0.3	0.041647
10	-0.2	0.034694
10	-0.1	0.029058
10	0	0.024619
10	0.1	0.023695
10	0.2	0.024237
10	0.3	0.027262
10	0.4	0.034152
10	0.5	0.039724
10	0.6	0.046696
10	0.7	0.05209
10	0.8	0.054997
10	0.9	0.056971
10	1	0.057668
10	1.1	0.056663
10	1.2	0.054376
10	1.3	0.051263
10	1.4	0.048253
10	1.5	0.043705
10	1.6	0.040383
10	1.7	0.036683
10	1.8	0.034836
10	1.9	0.034205
10	2	0.034115
10	2.1	0.033749
10	2.2	0.032747
10	2.3	0.030152
10	2.4	0.027224
10	2.5	0.024231
10	2.6	0.021183
10	2.7	0.019871
10	2.8	0.019022
10	2.9	0.01787
10	3	0.016709
10	3.1	0.014765
10	3.2	0.012536
10	3.3	0.0089856
10	3.4	0.0085013
10	3.5	0.0089514
10	3.6	0.0087856
10	3.7	0.008732
10	3.8	0.0075102
10	3.9	0.0070208
10	4	0.006006
20	-4	0.0082603
20	-3.9	0.0084842
20	-3.8	0.010102
20	-3.7	0.010629
20	-3.6	0.0098947
20	-3.5	0.0089784
20	-3.4	0.0079797
20	-3.3	0.010097
20	-3.2	0.014055
20	-3.1	0.016414
20	-3	0.016877
20	-2.9	0.015739
20	-2.8	0.014844
20	-2.7	0.017395
20	-2.6	0.021693
20	-2.5	0.027624
20	-2.4	0.03371
20	-2.3	0.034976
20	-2.2	0.034589
20	-2.1	0.034916
20	-2	0.036145
20	-1.9	0.03866
20	-1.8	0.03989
20	-1.7	0.042058
20	-1.6	0.041877
20	-1.5	0.040629
20	-1.4	0.039139
20	-1.3	0.036231
20	-1.2	0.035002
20	-1.1	0.037486
20	-1	0.04393
20	-0.9	0.051774
20	-0.8	0.05861
20	-0.7	0.06322
20	-0.6	0.063988
20	-0.5	0.059844
20	-0.4	0.055347
20	-0.3	0.044962
20	-0.2	0.034669
20	-0.1	0.030688
20	0	0.025066
20	0.1	0.02348
20	0.2	0.024907
20	0.3	0.029056
20	0.4	0.032917
20	0.5	0.038735
20	0.6	0.048124
20	0.7	0.053912
20	0.8	0.057746
20	0.9	0.059301
20	1	0.058188
20	1.1	0.05608
20	1.2	0.05348
20	1.3	0.048563
20	1.4	0.046302
20	1.5	0.042033
20	1.6	0.039638
20	1.7	0.037568
20	1.8	0.036251
20	1.9	0.034382
20	2	0.032221
20	2.1	0.030598
20	2.2	0.029494
20	2.3	0.026749
20	2.4	0.025711
20	2.5	0.024358
20	2.6	0.022753
20	2.7	0.021312
20	2.8	0.019537
20	2.9	0.017543
20	3	0.01587
20	3.1	0.014236
20	3.2	0.013441
20	3.3	0.012156
20	3.4	0.012003
20	3.5	0.012019
20	3.6	0.011744
20	3.7	0.010962
20	3.8	0.01037
20	3.9	0.0097945
20	4	0.0081935
30	-4	0.0069931
30	-3.9	0.0090412
30	-3.8	0.011566
30	-3.7	0.013198
30	-3.6	0.012834
30	-3.5	0.011004
30	-3.4	0.0087191
30	-3.3	0.0089838
30	-3.2	0.010694
30	-3.1	0.012887
30	-3	0.014188
30	-2.9	0.014527
30	-2.8	0.01642
30	-2.7	0.019233
30	-2.6	0.025293
30	-2.5	0.028303
30	-2.4	0.03049
30	-2.3	0.031467
30	-2.2	0.032407
30	-2.1	0.035322
30	-2	0.037923
30	-1.9	0.040057
30	-1.8	0.042471
30	-1.7	0.043171
30	-1.6	0.04227
30	-1.5	0.041027
30	-1.4	0.039625
30	-1.3	0.035676
30	-1.2	0.035221
30	-1.1	0.039027
30	-1	0.044096
30	-0.9	0.052316
30	-0.8	0.058836
30	-0.7	0.06342
30	-0.6	0.063438
30	-0.5	0.059929
30	-0.4	0.054949
30	-0.3	0.047705
30	-0.2	0.038691
30	-0.1	0.031237
30	0	0.027306
30	0.1	0.024621
30	0.2	0.024527
30	0.3	0.026581
30	0.4	0.030805
30	0.5	0.039038
30	0.6	0.043752
30	0.7	0.049978
30	0.8	0.053056
30	0.9	0.054996
30	1	0.054733
30	1.1	0.053407
30	1.2	0.049906
30	1.3	0.047725
30	1.4	0.045182
30	1.5	0.042884
30	1.6	0.041999
30	1.7	0.0399
30	1.8	0.038166
30	1.9	0.036237
30	2	0.03403
30	2.1	0.032601
30	2.2	0.031182
30	2.3	0.030365
30	2.4	0.02953
30	2.5	0.026845
30	2.6	0.025082
30	2.7	0.022979
30	2.8	0.020671
30	2.9	0.019105
30	3	0.016828
30	3.1	0.015564
30	3.2	0.014374
30	3.3	0.013346
30	3.4	0.01253
30	3.5	0.010645
30	3.6	0.0090662
30	3.7	0.0091796
30	3.8	0.01001
30	3.9	0.0096834
30	4	0.0091142
40	-4	0.0083634
40	-3.9	0.0091972
40	-3.8	0.009725
40	-3.7	0.0094861
40	-3.6	0.0087653
40	-3.5	0.0092985
40	-3.4	0.010683
40	-3.3	0.013758
40	-3.2	0.014556
40	-3.1	0.013895
40	-3	0.012017
40	-2.9	0.011589
40	-2.8	0.013841
40	-2.7	0.017769
40	-2.6	0.024363
40	-2.5	0.028571
40	-2.4	0.03093
40	-2.3	0.031777
40	-2.2	0.032198
40	-2.1	0.033695
40	-2	0.035888
40	-1.9	0.039818
40	-1.8	0.043903
40	-1.7	0.04579
40	-1.6	0.046273
40	-1.5	0.044272
40	-1.4	0.041608
40	-1.3	0.036296
40	-1.2	0.035453
40	-1.1	0.036925
40	-1	0.041626
40	-0.9	0.050643
40	-0.8	0.056823
40	-0.7	0.060793
40	-0.6	0.061763
40	-0.5	0.058351
40	-0.4	0.055697
40	-0.3	0.048034
40	-0.2	0.040507
40	-0.1	0.033895
40	0	0.027146
40	0.1	0.026079
40	0.2	0.025103
40	0.3	0.025811
40	0.4	0.029451
40	0.5	0.032293
40	0.6	0.038457
40	0.7	0.044785
40	0.8	0.047245
40	0.9	0.050419
40	1	0.052331
40	1.1	0.05162
40	1.2	0.050038
40	1.3	0.046692
40	1.4	0.043813
40	1.5	0.041082
40	1.6	0.038595
40	1.7	0.037258
40	1.8	0.035994
40	1.9	0.033551
40	2	0.032553
40	2.1	0.030289
40	2.2	0.028818
40	2.3	0.027187
40	2.4	0.026304
40	2.5	0.024782
40	2.6	0.023827
40	2.7	0.021154
40	2.8	0.019804
40	2.9	0.018615
40	3	0.01628
40	3.1	0.014634
40	3.2	0.01351
40	3.3	0.012438
40	3.4	0.011362
40	3.5	0.0088789
40	3.6	0.0082642
40	3.7	0.0085013
40	3.8	0.0088716
40	3.9	0.009255
40	4	0.0084671
50	-4	0.0077349
50	-3.9	0.0097945
50	-3.8	0.01207
50	-3.7	0.01254
50	-3.6	0.01161
50	-3.5	0.0093453
50	-3.4	0.0089387
50	-3.3	0.011024
50	-3.2	0.01318
50	-3.1	0.014422
50	-3	0.014895
50	-2.9	0.014546
50	-2.8	0.014837
50	-2.7	0.01678
50	-2.6	0.019782
50	-2.5	0.024235
50	-2.4	0.029437
50	-2.3	0.031885
50	-2.2	0.037122
50	-2.1	0.039388
50	-2	0.041081
50	-1.9	0.042324
50	-1.8	0.043615
50	-1.7	0.045571
50	-1.6	0.045715
50	-1.5	0.044036
50	-1.4	0.0402
50	-1.3	0.036164
50	-1.2	0.035188
50	-1.1	0.036637
50	-1	0.04224
50	-0.9	0.046782
50	-0.8	0.052549
50	-0.7	0.057812
50	-0.6	0.058632
50	-0.5	0.056893
50	-0.4	0.054176
50	-0.3	0.047786
50	-0.2	0.04245
50	-0.1	0.034579
50	0	0.027851
50	0.1	0.024971
50	0.2	0.02323
50	0.3	0.023504
50	0.4	0.025215
50	0.5	0.028577
50	0.6	0.031796
50	0.7	0.034961
50	0.8	0.041057
50	0.9	0.044927
50	1	0.047005
50	1.1	0.049445
50	1.2	0.049468
50	1.3	0.047412
50	1.4	0.043784
50	1.5	0.041276
50	1.6	0.036289
50	1.7	0.035013
50	1.8	0.032806
50	1.9	0.031913
50	2	0.031556
50	2.1	0.030652
50	2.2	0.02994
50	2.3	0.028377
50	2.4	0.02702
50	2.5	0.025
50	2.6	0.023961
50	2.7	0.022656
50	2.8	0.021012
50	2.9	0.019429
50	3	0.017468
50	3.1	0.014907
50	3.2	0.014182
50	3.3	0.011316
50	3.4	0.010317
50	3.5	0.0095709
50	3.6	0.0081579
50	3.7	0.0079248
50	3.8	0.0072984
50	3.9	0.0074692
50	4	0.0074605
60	-4	0.0090305
60	-3.9	0.010778
60	-3.8	0.012004
60	-3.7	0.012474
60	-3.6	0.01006
60	-3.5	0.008946
60	-3.4	0.0084192
60	-3.3	0.010845
60	-3.2	0.013514
60	-3.1	0.015624
60	-3	0.015713
60	-2.9	0.014842
60	-2.8	0.013248
60	-2.7	0.013967
60	-2.6	0.018046
60	-2.5	0.023429
60	-2.4	0.026862
60	-2.3	0.030292
60	-2.2	0.031459
60	-2.1	0.033385
60	-2	0.036878
60	-1.9	0.040171
60	-1.8	0.042877
60	-1.7	0.044508
60	-1.6	0.046489
60	-1.5	0.046103
60	-1.4	0.042825
60	-1.3	0.039767
60	-1.2	0.034975
60	-1.1	0.034777
60	-1	0.040734
60	-0.9	0.048744
60	-0.8	0.054118
60	-0.7	0.057848
60	-0.6	0.061564
60	-0.5	0.059614
60	-0.4	0.054711
60	-0.3	0.050586
60	-0.2	0.04292
60	-0.1	0.032777
60	0	0.02633
60	0.1	0.023875
60	0.2	0.021064
60	0.3	0.021163
60	0.4	0.023004
60	0.5	0.025572
60	0.6	0.031026
60	0.7	0.034604
60	0.8	0.040177
60	0.9	0.043113
60	1	0.044545
60	1.1	0.044929
60	1.2	0.044061
60	1.3	0.042343
60	1.4	0.040045
60	1.5	0.037209
60	1.6	0.035514
60	1.7	0.033514
60	1.8	0.031067
60	1.9	0.029521
60	2	0.027344
60	2.1	0.026155
60	2.2	0.025721
60	2.3	0.025565
60	2.4	0.024832
60	2.5	0.024457
60	2.6	0.023937
60	2.7	0.021771
60	2.8	0.019187
60	2.9	0.018513
60	3	0.017385
60	3.1	0.01631
60	3.2	0.015409
60	3.3	0.014089
60	3.4	0.012934
60	3.5	0.011412
60	3.6	0.0095523
60	3.7	0.0081836
60	3.8	0.0075381
60	3.9	0.0077391
60	4	0.0077495
70	-4	0.0067843
70	-3.9	0.0076614
70	-3.8	0.0089766
70	-3.7	0.0092077
70	-3.6	0.0092287
70	-3.5	0.0090698
70	-3.4	0.0080442
70	-3.3	0.0075016
70	-3.2	0.0088186
70	-3.1	0.010042
70	-3	0.012154
70	-2.9	0.012968
70	-2.8	0.012953
70	-2.7	0.012331
70	-2.6	0.014188
70	-2.5	0.016855
70	-2.4	0.022929
70	-2.3	0.02652
70	-2.2	0.029736
70	-2.1	0.032973
70	-2	0.035636
70	-1.9	0.039282
70	-1.8	0.041788
70	-1.7	0.043485
70	-1.6	0.044799
70	-1.5	0.044389
70	-1.4	0.042462
70	-1.3	0.040766
70	-1.2	0.037523
70	-1.1	0.036277
70	-1	0.037605
70	-0.9	0.042869
70	-0.8	0.04666
70	-0.7	0.054194
70	-0.6	0.059264
70	-0.5	0.060506
70	-0.4	0.057063
70	-0.3	0.051923
70	-0.2	0.043015
70	-0.1	0.03574
70	0	0.029349
70	0.1	0.023226
70	0.2	0.020703
70	0.3	0.019087
70	0.4	0.018987
70	0.5	0.020603
70	0.6	0.02432
70	0.7	0.028489
70	0.8	0.034091
70	0.9	0.037863
70	1	0.040833
70	1.1	0.042365
70	1.2	0.042107
70	1.3	0.041422
70	1.4	0.039555
70	1.5	0.036941
70	1.6	0.034544
70	1.7	0.0316
70	1.8	0.029529
70	1.9	0.025486
70	2	0.02377
70	2.1	0.023517
70	2.2	0.023339
70	2.3	0.023335
70	2.4	0.02274
70	2.5	0.022539
70	2.6	0.021251
70	2.7	0.020032
70	2.8	0.018034
70	2.9	0.016225
70	3	0.015164
70	3.1	0.014045
70	3.2	0.012475
70	3.3	0.01119
70	3.4	0.01067
70	3.5	0.0096666
70	3.6	0.0088113
70	3.7	0.0079716
70	3.8	0.0067004
70	3.9	0.0059274
70	4	0.005515
80	-4	0.0081102
80	-3.9	0.0078222
80	-3.8	0.0085827
80	-3.7	0.01067
80	-3.6	0.011889
80	-3.5	0.012623
80	-3.4	0.01186
80	-3.3	0.01076
80	-3.2	0.010007
80	-3.1	0.011266
80	-3	0.013738
80	-2.9	0.015325
80	-2.8	0.015699
80	-2.7	0.015186
80	-2.6	0.015154
80	-2.5	0.01581
80	-2.4	0.020521
80	-2.3	0.027113
80	-2.2	0.032324
80	-2.1	0.035876
80	-2	0.038476
80	-1.9	0.038926
80	-1.8	0.039578
80	-1.7	0.040769
80	-1.6	0.042008
80	-1.5	0.043614
80	-1.4	0.043759
80	-1.3	0.042201
80	-1.2	0.039038
80	-1.1	0.035413
80	-1	0.033436
80	-0.9	0.037083
80	-0.8	0.044619
80	-0.7	0.051126
80	-0.6	0.056409
80	-0.5	0.060989
80	-0.4	0.060334
80	-0.3	0.055861
80	-0.2	0.047381
80	-0.1	0.038489
80	0	0.028859
80	0.1	0.023102
80	0.2	0.017509
80	0.3	0.014951
80	0.4	0.013827
80	0.5	0.01538
80	0.6	0.017853
80	0.7	0.025725
80	0.8	0.030672
80	0.9	0.038621
80	1	0.041636
80	1.1	0.04341
80	1.2	0.043364
80	1.3	0.042162
80	1.4	0.038982
80	1.5	0.033869
80	1.6	0.032316
80	1.7	0.028976
80	1.8	0.026154
80	1.9	0.024388
80	2	0.023821
80	2.1	0.022689
80	2.2	0.021619
80	2.3	0.020318
80	2.4	0.019078
80	2.5	0.017741
80	2.6	0.017143
80	2.7	0.016675
80	2.8	0.016489
80	2.9	0.015716
80	3	0.01521
80	3.1	0.014551
80	3.2	0.013351
80	3.3	0.011774
80	3.4	0.011363
80	3.5	0.010921
80	3.6	0.011181
80	3.7	0.010869
80	3.8	0.0096449
80	3.9	0.0085544
80	4	0.0082583
90	-4	0.0069421
90	-3.9	0.0070827
90	-3.8	0.0082132
90	-3.7	0.0086652
90	-3.6	0.0096281
90	-3.5	0.010066
90	-3.4	0.011219
90	-3.3	0.011932
90	-3.2	0.012172
90	-3.1	0.011157
90	-3	0.0091954
90	-2.9	0.0087837
90	-2.8	0.010659
90	-2.7	0.015287
90	-2.6	0.017929
90	-2.5	0.020034
90	-2.4	0.02172
90	-2.3	0.023977
90	-2.2	0.02631
90	-2.1	0.03169
90	-2	0.03576
90	-1.9	0.040626
90	-1.8	0.043643
90	-1.7	0.046815
90	-1.6	0.047208
90	-1.5	0.04567
90	-1.4	0.041543
90	-1.3	0.037329
90	-1.2	0.035637
90	-1.1	0.035256
90	-1	0.037768
90	-0.9	0.042143
90	-0.8	0.048603
90	-0.7	0.052692
90	-0.6	0.056524
90	-0.5	0.057776
90	-0.4	0.056774
90	-0.3	0.053918
90	-0.2	0.046504
90	-0.1	0.038308
90	0	0.030735
90	0.1	0.025869
90	0.2	0.022361
90	0.3	0.019161
90	0.4	0.016467
90	0.5	0.015349
90	0.6	0.01597
90	0.7	0.018332
90	0.8	0.024297
90	0.9	0.027298
90	1	0.034229
90	1.1	0.038197
90	1.2	0.041398
90	1.3	0.042336
90	1.4	0.041363
90	1.5	0.040396
90	1.6	0.036572
90	1.7	0.034848
90	1.8	0.031031
90	1.9	0.029133
90	2	0.027328
90	2.1	0.027112
90	2.2	0.026834
90	2.3	0.026953
90	2.4	0.025954
90	2.5	0.025305
90	2.6	0.024202
90	2.7	0.022972
90	2.8	0.021571
90	2.9	0.020395
90	3	0.018684
90	3.1	0.01649
90	3.2	0.015642
90	3.3	0.012741
90	3.4	0.0109
90	3.5	0.0092445
90	3.6	0.008982
90	3.7	0.009675
90	3.8	0.0093833
90	3.9	0.0090626
90	4	0.0080903
100	-4	0.0089116
100	-3.9	0.008006
100	-3.8	0.0089766
100	-3.7	0.0090769
100	-3.6	0.011324
100	-3.5	0.01207
100	-3.4	0.012146
100	-3.3	0.010538
100	-3.2	0.0098373
100	-3.1	0.010178
100	-3	0.011064
100	-2.9	0.012545
100	-2.8	0.013292
100	-2.7	0.01405
100	-2.6	0.015429
100	-2.5	0.017618
100	-2.4	0.020745
100	-2.3	0.024071
100	-2.2	0.028778
100	-2.1	0.031292
100	-2	0.034971
100	-1.9	0.037835
100	-1.8	0.040264
100	-1.7	0.041562
100	-1.6	0.042366
100	-1.5	0.042977
100	-1.4	0.041436
100	-1.3	0.040581
100	-1.2	0.03695
100	-1.1	0.033385
100	-1	0.032326
100	-0.9	0.035732
100	-0.8	0.04294
100	-0.7	0.051497
100	-0.6	0.057775
100	-0.5	0.063444
100	-0.4	0.063252
100	-0.3	0.060053
100	-0.2	0.052362
100	-0.1	0.044781
100	0	0.033477
100	0.1	0.02217
100	0.2	0.01755
100	0.3	0.013325
100	0.4	0.011896
100	0.5	0.01159
100	0.6	0.013351
100	0.7	0.018527
100	0.8	0.026076
100	0.9	0.029756
100	1	0.036876
100	1.1	0.041127
100	1.2	0.043768
100	1.3	0.042948
100	1.4	0.040903
100	1.5	0.037765
100	1.6	0.034084
100	1.7	0.029807
100	1.8	0.028686
100	1.9	0.027222
100	2	0.025916
100	2.1	0.024412
100	2.2	0.022945
100	2.3	0.020855
100	2.4	0.019284
100	2.5	0.019052
100	2.6	0.020075
100	2.7	0.020872
100	2.8	0.020975
100	2.9	0.020174
100	3	0.018397
100	3.1	0.016122
100	3.2	0.014652
100	3.3	0.012094
100	3.4	0.011708
100	3.5	0.01168
100	3.6	0.011868
100	3.7	0.011966
100	3.8	0.011202
100	3.9	0.010787
100	4	0.0090698
110	-4	0.0072896
110	-3.9	0.0070116
110	-3.8	0.0073051
110	-3.7	0.0094074
110	-3.6	0.011168
110	-3.5	0.01222
110	-3.4	0.012135
110	-3.3	0.010775
110	-3.2	0.0096214
110	-3.1	0.0092811
110	-3	0.009695
110	-2.9	0.011894
110	-2.8	0.013277
110	-2.7	0.013924
110	-2.6	0.013447
110	-2.5	0.013514
110	-2.4	0.016864
110	-2.3	0.022635
110	-2.2	0.028447
110	-2.1	0.034504
110	-2	0.037491
110	-1.9	0.039858
110	-1.8	0.04097
110	-1.7	0.042782
110	-1.6	0.044455
110	-1.5	0.04558
110	-1.4	0.045353
110	-1.3	0.042221
110	-1.2	0.038828
110	-1.1	0.034838
110	-1	0.034992
110	-0.9	0.038734
110	-0.8	0.045207
110	-0.7	0.049853
110	-0.6	0.05746
110	-0.5	0.062145
110	-0.4	0.060925
110	-0.3	0.057717
110	-0.2	0.050525
110	-0.1	0.039245
110	0	0.031592
110	0.1	0.023154
110	0.2	0.016004
110	0.3	0.013498
110	0.4	0.012857
110	0.5	0.012696
110	0.6	0.015267
110	0.7	0.017525
110	0.8	0.022467
110	0.9	0.027923
110	1	0.033675
110	1.1	0.038997
110	1.2	0.041234
110	1.3	0.043279
110	1.4	0.043974
110	1.5	0.042092
110	1.6	0.040077
110	1.7	0.036
110	1.8	0.031953
110	1.9	0.029864
110	2	0.027126
110	2.1	0.025795
110	2.2	0.025806
110	2.3	0.02648
110	2.4	0.02632
110	2.5	0.025611
110	2.6	0.024107
110	2.7	0.022616
110	2.8	0.021417
110	2.9	0.020128
110	3	0.019856
110	3.1	0.019928
110	3.2	0.018499
110	3.3	0.016549
110	3.4	0.012957
110	3.5	0.011009
110	3.6	0.0084575
110	3.7	0.0084077
110	3.8	0.0091954
110	3.9	0.0094348
110	4	0.0094228
120	-4	0.0097067
120	-3.9	0.0078098
120	-3.8	0.0080241
120	-3.7	0.010979
120	-3.6	0.012453
120	-3.5	0.012881
120	-3.4	0.012231
120	-3.3	0.010495
120	-3.2	0.0089387
120	-3.1	0.0095624
120	-3	0.011633
120	-2.9	0.01419
120	-2.8	0.014902
120	-2.7	0.013759
120	-2.6	0.012425
120	-2.5	0.013486
120	-2.4	0.018229
120	-2.3	0.025094
120	-2.2	0.030514
120	-2.1	0.035185
120	-2	0.037947
120	-1.9	0.038281
120	-1.8	0.038085
120	-1.7	0.038768
120	-1.6	0.040174
120	-1.5	0.04273
120	-1.4	0.043479
120	-1.3	0.042904
120	-1.2	0.041001
120	-1.1	0.036469
120	-1	0.033781
120	-0.9	0.03599
120	-0.8	0.040384
120	-0.7	0.051708
120	-0.6	0.055787
120	-0.5	0.063322
120	-0.4	0.063845
120	-0.3	0.061453
120	-0.2	0.053597
120	-0.1	0.044791
120	0	0.032497
120	0.1	0.021507
120	0.2	0.015563
120	0.3	0.012199
120	0.4	0.010824
120	0.5	0.011951
120	0.6	0.014036
120	0.7	0.020133
120	0.8	0.024528
120	0.9	0.033675
120	1	0.039814
120	1.1	0.043698
120	1.2	0.044912
120	1.3	0.044722
120	1.4	0.042958
120	1.5	0.04061
120	1.6	0.03654
120	1.7	0.03435
120	1.8	0.03257
120	1.9	0.029627
120	2	0.027016
120	2.1	0.025062
120	2.2	0.023898
120	2.3	0.022812
120	2.4	0.022194
120	2.5	0.021691
120	2.6	0.021305
120	2.7	0.021213
120	2.8	0.019721
120	2.9	0.018362
120	3	0.016685
120	3.1	0.016021
120	3.2	0.015567
120	3.3	0.015229
120	3.4	0.014239
120	3.5	0.014004
120	3.6	0.013202
120	3.7	0.011963
120	3.8	0.0099501
120	3.9	0.0088515
120	4	0.009255
130	-4	0.010211
130	-3.9	0.0097416
130	-3.8	0.010172
130	-3.7	0.010121
130	-3.6	0.010015
130	-3.5	0.010463
130	-3.4	0.010224
130	-3.3	0.0098242
130	-3.2	0.01018
130	-3.1	0.010457
130	-3	0.010514
130	-2.9	0.01165
130	-2.8	0.012154
130	-2.7	0.012595
130	-2.6	0.013183
130	-2.5	0.014155
130	-2.4	0.015752
130	-2.3	0.020047
130	-2.2	0.025277
130	-2.1	0.029651
130	-2	0.035084
130	-1.9	0.038862
130	-1.8	0.042366
130	-1.7	0.04383
130	-1.6	0.044529
130	-1.5	0.04432
130	-1.4	0.042762
130	-1.3	0.041001
130	-1.2	0.039008
130	-1.1	0.036146
130	-1	0.036105
130	-0.9	0.038641
130	-0.8	0.043506
130	-0.7	0.052143
130	-0.6	0.055053
130	-0.5	0.059297
130	-0.4	0.058409
130	-0.3	0.056341
130	-0.2	0.04865
130	-0.1	0.040175
130	0	0.031848
130	0.1	0.023849
130	0.2	0.016985
130	0.3	0.013055
130	0.4	0.012265
130	0.5	0.012245
130	0.6	0.014449
130	0.7	0.020181
130	0.8	0.023652
130	0.9	0.030201
130	1	0.03898
130	1.1	0.041125
130	1.2	0.044836
130	1.3	0.045921
130	1.4	0.046491
130	1.5	0.045139
130	1.6	0.04246
130	1.7	0.040654
130	1.8	0.037486
130	1.9	0.035247
130	2	0.030791
130	2.1	0.028763
130	2.2	0.028118
130	2.3	0.0291
130	2.4	0.029987
130	2.5	0.029717
130	2.6	0.029116
130	2.7	0.027264
130	2.8	0.025323
130	2.9	0.021167
130	3	0.017607
130	3.1	0.016238
130	3.2	0.015933
130	3.3	0.015523
130	3.4	0.013765
130	3.5	0.011864
130	3.6	0.009911
130	3.7	0.0094468
130	3.8	0.0086222
130	3.9	0.0083363
130	4	0.008545
140	-4	0.0097813
140	-3.9	0.0097333
140	-3.8	0.01011
140	-3.7	0.010021
140	-3.6	0.011625
140	-3.5	0.011908
140	-3.4	0.012484
140	-3.3	0.012044
140	-3.2	0.010692
140	-3.1	0.009515
140	-3	0.0096834
140	-2.9	0.011524
140	-2.8	0.012223
140	-2.7	0.013999
140	-2.6	0.014051
140	-2.5	0.014501
140	-2.4	0.016136
140	-2.3	0.021186
140	-2.2	0.025804
140	-2.1	0.030935
140	-2	0.035796
140	-1.9	0.037705
140	-1.8	0.038338
140	-1.7	0.039799
140	-1.6	0.040979
140	-1.5	0.042237
140	-1.4	0.04358
140	-1.3	0.04299
140	-1.2	0.040332
140	-1.1	0.037283
140	-1	0.032697
140	-0.9	0.033499
140	-0.8	0.037566
140	-0.7	0.047945
140	-0.6	0.05455
140	-0.5	0.059612
140	-0.4	0.059209
140	-0.3	0.055025
140	-0.2	0.048098
140	-0.1	0.039071
140	0	0.027796
140	0.1	0.020222
140	0.2	0.012473
140	0.3	0.010701
140	0.4	0.01102
140	0.5	0.012012
140	0.6	0.016813
140	0.7	0.023221
140	0.8	0.028136
140	0.9	0.037815
140	1	0.043743
140	1.1	0.047354
140	1.2	0.048683
140	1.3	0.048436
140	1.4	0.047097
140	1.5	0.043949
140	1.6	0.039973
140	1.7	0.037482
140	1.8	0.034423
140	1.9	0.031734
140	2	0.028908
140	2.1	0.027315
140	2.2	0.025892
140	2.3	0.024623
140	2.4	0.023515
140	2.5	0.023053
140	2.6	0.021538
140	2.7	0.020856
140	2.8	0.020177
140	2.9	0.019362
140	3	0.018119
140	3.1	0.01683
140	3.2	0.014582
140	3.3	0.013004
140	3.4	0.011161
140	3.5	0.010311
140	3.6	0.010469
140	3.7	0.010392
140	3.8	0.011119
140	3.9	0.010311
140	4	0.0093781
150	-4	0.0096917
150	-3.9	0.0081381
150	-3.8	0.0079635
150	-3.7	0.0085752
150	-3.6	0.010395
150	-3.5	0.011529
150	-3.4	0.012604
150	-3.3	0.012636
150	-3.2	0.011554
150	-3.1	0.010537
150	-3	0.0096934
150	-2.9	0.0094519
150	-2.8	0.010345
150	-2.7	0.010528
150	-2.6	0.011707
150	-2.5	0.013625
150	-2.4	0.016978
150	-2.3	0.02174
150	-2.2	0.025315
150	-2.1	0.029107
150	-2	0.032386
150	-1.9	0.035015
150	-1.8	0.03657
150	-1.7	0.039428
150	-1.6	0.042006
150	-1.5	0.042553
150	-1.4	0.042232
150	-1.3	0.038282
150	-1.2	0.035248
150	-1.1	0.031027
150	-1	0.031214
150	-0.9	0.034303
150	-0.8	0.040678
150	-0.7	0.047005
150	-0.6	0.052007
150	-0.5	0.054022
150	-0.4	0.05266
150	-0.3	0.050042
150	-0.2	0.041034
150	-0.1	0.032051
150	0	0.023697
150	0.1	0.017139
150	0.2	0.013102
150	0.3	0.01193
150	0.4	0.012287
150	0.5	0.014628
150	0.6	0.018523
150	0.7	0.024742
150	0.8	0.032873
150	0.9	0.03776
150	1	0.041847
150	1.1	0.046904
150	1.2	0.047805
150	1.3	0.047863
150	1.4	0.045925
150	1.5	0.043756
150	1.6	0.040704
150	1.7	0.037959
150	1.8	0.035813
150	1.9	0.033215
150	2	0.031723
150	2.1	0.030493
150	2.2	0.030091
150	2.3	0.028925
150	2.4	0.028674
150	2.5	0.027468
150	2.6	0.025799
150	2.7	0.02393
150	2.8	0.021652
150	2.9	0.019831
150	3	0.017942
150	3.1	0.015957
150	3.2	0.014035
150	3.3	0.012308
150	3.4	0.011203
150	3.5	0.010384
150	3.6	0.0099126
150	3.7	0.010354
150	3.8	0.0091884
150	3.9	0.0090287
150	4	0.0082211
160	-4	0.0077224
160	-3.9	0.0091531
160	-3.8	0.0099841
160	-3.7	0.010869
160	-3.6	0.010252
160	-3.5	0.0088898
160	-3.4	0.0079918
160	-3.3	0.007254
160	-3.2	0.008152
160	-3.1	0.0092637
160	-3	0.010049
160	-2.9	0.010251
160	-2.8	0.0094211
160	-2.7	0.008225
160	-2.6	0.008917
160	-2.5	0.011107
160	-2.4	0.016695
160	-2.3	0.019876
160	-2.2	0.024143
160	-2.1	0.025775
160	-2	0.027078
160	-1.9	0.0283
160	-1.8	0.031299
160	-1.7	0.034373
160	-1.6	0.036501
160	-1.5	0.038528
160	-1.4	0.038023
160	-1.3	0.036133
160	-1.2	0.032985
160	-1.1	0.029376
160	-1	0.028786
160	-0.9	0.032057
160	-0.8	0.03763
160	-0.7	0.045669
160	-0.6	0.049496
160	-0.5	0.050857
160	-0.4	0.047307
160	-0.3	0.044196
160	-0.2	0.035657
160	-0.1	0.029643
160	0	0.021784
160	0.1	0.014818
160	0.2	0.011499
160	0.3	0.011136
160	0.4	0.012148
160	0.5	0.015249
160	0.6	0.020923
160	0.7	0.027002
160	0.8	0.031056
160	0.9	0.039206
160	1	0.042056
160	1.1	0.044483
160	1.2	0.044982
160	1.3	0.044403
160	1.4	0.043309
160	1.5	0.041255
160	1.6	0.03979
160	1.7	0.037997
160	1.8	0.035438
160	1.9	0.033122
160	2	0.030602
160	2.1	0.029005
160	2.2	0.028975
160	2.3	0.028517
160	2.4	0.028782
160	2.5	0.027834
160	2.6	0.026014
160	2.7	0.023271
160	2.8	0.020297
160	2.9	0.018194
160	3	0.017163
160	3.1	0.016387
160	3.2	0.015353
160	3.3	0.01407
160	3.4	0.011443
160	3.5	0.01075
160	3.6	0.0095048
160	3.7	0.010396
160	3.8	0.011471
160	3.9	0.012076
160	4	0.012122
170	-4	0.0084422
170	-3.9	0.0082896
170	-3.8	0.0083672
170	-3.7	0.0098914
170	-3.6	0.01116
170	-3.5	0.011505
170	-3.4	0.011134
170	-3.3	0.0091195
170	-3.2	0.0084956
170	-3.1	0.0081102
170	-3	0.0093367
170	-2.9	0.011206
170	-2.8	0.011889
170	-2.7	0.011381
170	-2.6	0.010707
170	-2.5	0.011014
170	-2.4	0.015003
170	-2.3	0.020444
170	-2.2	0.025323
170	-2.1	0.027486
170	-2	0.029197
170	-1.9	0.029965
170	-1.8	0.030852
170	-1.7	0.033318
170	-1.6	0.035647
170	-1.5	0.036694
170	-1.4	0.036067
170	-1.3	0.03493
170	-1.2	0.030482
170	-1.1	0.027193
170	-1	0.026926
170	-0.9	0.031396
170	-0.8	0.035585
170	-0.7	0.042789
170	-0.6	0.046
170	-0.5	0.047267
170	-0.4	0.045652
170	-0.3	0.040942
170	-0.2	0.033595
170	-0.1	0.028924
170	0	0.019146
170	0.1	0.014834
170	0.2	0.0126
170	0.3	0.012379
170	0.4	0.01483
170	0.5	0.018669
170	0.6	0.024741
170	0.7	0.028839
170	0.8	0.035996
170	0.9	0.039985
170	1	0.043407
170	1.1	0.046903
170	1.2	0.04754
170	1.3	0.047823
170	1.4	0.045839
170	1.5	0.042495
170	1.6	0.039607
170	1.7	0.036231
170	1.8	0.033446
170	1.9	0.031431
170	2	0.030968
170	2.1	0.030731
170	2.2	0.03072
170	2.3	0.029575
170	2.4	0.028249
170	2.5	0.025793
170	2.6	0.023817
170	2.7	0.022431
170	2.8	0.020085
170	2.9	0.01874
170	3	0.017643
170	3.1	0.016617
170	3.2	0.015178
170	3.3	0.011778
170	3.4	0.010194
170	3.5	0.0096012
170	3.6	0.009811
170	3.7	0.010689
170	3.8	0.0099387
170	3.9	0.010254
170	4	0.010281
180	-4	0.0066472
180	-3.9	0.0079268
180	-3.8	0.010389
180	-3.7	0.012091
180	-3.6	0.012553
180	-3.5	0.011448
180	-3.4	0.0095387
180	-3.3	0.0079716
180	-3.2	0.0075595
180	-3.1	0.008624
180	-3	0.011125
180	-2.9	0.011744
180	-2.8	0.011366
180	-2.7	0.0093833
180	-2.6	0.0087431
180	-2.5	0.01085
180	-2.4	0.015227
180	-2.3	0.020836
180	-2.2	0.025073
180	-2.1	0.027797
180	-2	0.02829
180	-1.9	0.028238
180	-1.8	0.029218
180	-1.7	0.031013
180	-1.6	0.033859
180	-1.5	0.035135
180	-1.4	0.034696
180	-1.3	0.032816
180	-1.2	0.027701
180	-1.1	0.025115
180	-1	0.024925
180	-0.9	0.02885
180	-0.8	0.033936
180	-0.7	0.037521
180	-0.6	0.043104
180	-0.5	0.043167
180	-0.4	0.04134
180	-0.3	0.038214
180	-0.2	0.030896
180	-0.1	0.025057
180	0	0.01897
180	0.1	0.014518
180	0.2	0.014297
180	0.3	0.014084
180	0.4	0.015573
180	0.5	0.01909
180	0.6	0.023306
180	0.7	0.02992
180	0.8	0.034866
180	0.9	0.040771
180	1	0.043149
180	1.1	0.045419
180	1.2	0.045452
180	1.3	0.045042
180	1.4	0.04297
180	1.5	0.040615
180	1.6	0.038592
180	1.7	0.037231
180	1.8	0.036302
180	1.9	0.034843
180	2	0.034051
180	2.1	0.033393
180	2.2	0.032586
180	2.3	0.030527
180	2.4	0.029352
180	2.5	0.027735
180	2.6	0.02585
180	2.7	0.024611
180	2.8	0.021719
180	2.9	0.019391
180	3	0.017917
180	3.1	0.015546
180	3.2	0.014601
180	3.3	0.012966
180	3.4	0.012384
180	3.5	0.012075
180	3.6	0.012068
180	3.7	0.0112
180	3.8	0.011029
180	3.9	0.010475
180	4	0.010569
 
Uniformity Ratio =0.56184
