08-Jan-2018
10:49
TXR  008028 RM428 R24
33511B Function Generator
SN =Agilent Technologies,33511B,MY52301476,3.05-1.19-2.00-52-00
freq =+9.220000000000000E+06
burstmode =TRIG
burstN =+6.000000000000000E+01
voltage =+1.5000000000000E-01
 
DSO-X 2022A Oscilloscope
SN =AGILENT TECHNOLOGIES,DSO-X 2022A,MY54310921,02.41.2015102200
probe =+1.0000000E+00
scale =+500.0E-09
position =+19.900000E-06
range =+1.60E+00
units =VOLT
points =+2000
pointmode =NORM
format =BYTE
acqtype =NORM
trigsource =EXT
coupling =AC
 
-180	-4	0.0090698
-180	-3.9	0.011154
-180	-3.8	0.012055
-180	-3.7	0.011967
-180	-3.6	0.010364
-180	-3.5	0.0081341
-180	-3.4	0.0061575
-180	-3.3	0.0062641
-180	-3.2	0.0076909
-180	-3.1	0.0083595
-180	-3	0.0084956
-180	-2.9	0.0076128
-180	-2.8	0.007653
-180	-2.7	0.009665
-180	-2.6	0.01489
-180	-2.5	0.019455
-180	-2.4	0.021895
-180	-2.3	0.02509
-180	-2.2	0.025876
-180	-2.1	0.026423
-180	-2	0.027653
-180	-1.9	0.028352
-180	-1.8	0.031436
-180	-1.7	0.032661
-180	-1.6	0.03187
-180	-1.5	0.029716
-180	-1.4	0.024527
-180	-1.3	0.017606
-180	-1.2	0.014771
-180	-1.1	0.021787
-180	-1	0.028524
-180	-0.9	0.039461
-180	-0.8	0.044857
-180	-0.7	0.051158
-180	-0.6	0.053046
-180	-0.5	0.051554
-180	-0.4	0.046167
-180	-0.3	0.04153
-180	-0.2	0.036146
-180	-0.1	0.029959
-180	0	0.024491
-180	0.1	0.022834
-180	0.2	0.022979
-180	0.3	0.024819
-180	0.4	0.027719
-180	0.5	0.033021
-180	0.6	0.040023
-180	0.7	0.043935
-180	0.8	0.048329
-180	0.9	0.049873
-180	1	0.049763
-180	1.1	0.048428
-180	1.2	0.04455
-180	1.3	0.039138
-180	1.4	0.037894
-180	1.5	0.036051
-180	1.6	0.034716
-180	1.7	0.034848
-180	1.8	0.036031
-180	1.9	0.03691
-180	2	0.036367
-180	2.1	0.033362
-180	2.2	0.031216
-180	2.3	0.030306
-180	2.4	0.027106
-180	2.5	0.025
-180	2.6	0.021807
-180	2.7	0.019882
-180	2.8	0.016044
-180	2.9	0.012557
-180	3	0.010993
-180	3.1	0.0096164
-180	3.2	0.0093867
-180	3.3	0.010511
-180	3.4	0.010149
-180	3.5	0.0096717
-180	3.6	0.0087413
-180	3.7	0.0087191
-180	3.8	0.0088259
-180	3.9	0.0089748
-180	4	0.0094827
-170	-4	0.01014
-170	-3.9	0.011002
-170	-3.8	0.011382
-170	-3.7	0.011427
-170	-3.6	0.010826
-170	-3.5	0.010229
-170	-3.4	0.009302
-170	-3.3	0.0087874
-170	-3.2	0.008955
-170	-3.1	0.0080241
-170	-3	0.007672
-170	-2.9	0.0065121
-170	-2.8	0.0080019
-170	-2.7	0.011582
-170	-2.6	0.016286
-170	-2.5	0.019513
-170	-2.4	0.022882
-170	-2.3	0.025591
-170	-2.2	0.025754
-170	-2.1	0.027916
-170	-2	0.028606
-170	-1.9	0.032229
-170	-1.8	0.034258
-170	-1.7	0.035592
-170	-1.6	0.033921
-170	-1.5	0.030144
-170	-1.4	0.024356
-170	-1.3	0.016943
-170	-1.2	0.014307
-170	-1.1	0.019701
-170	-1	0.026475
-170	-0.9	0.038249
-170	-0.8	0.045344
-170	-0.7	0.049167
-170	-0.6	0.051204
-170	-0.5	0.048987
-170	-0.4	0.046071
-170	-0.3	0.041627
-170	-0.2	0.036674
-170	-0.1	0.031432
-170	0	0.02768
-170	0.1	0.025349
-170	0.2	0.025311
-170	0.3	0.026335
-170	0.4	0.030728
-170	0.5	0.034108
-170	0.6	0.038479
-170	0.7	0.042883
-170	0.8	0.045486
-170	0.9	0.047266
-170	1	0.048227
-170	1.1	0.045467
-170	1.2	0.042317
-170	1.3	0.038068
-170	1.4	0.034777
-170	1.5	0.033276
-170	1.6	0.032363
-170	1.7	0.033635
-170	1.8	0.036405
-170	1.9	0.038729
-170	2	0.03823
-170	2.1	0.036146
-170	2.2	0.034473
-170	2.3	0.030773
-170	2.4	0.026539
-170	2.5	0.023622
-170	2.6	0.021582
-170	2.7	0.021075
-170	2.8	0.02015
-170	2.9	0.017156
-170	3	0.013615
-170	3.1	0.011229
-170	3.2	0.0099289
-170	3.3	0.010906
-170	3.4	0.011694
-170	3.5	0.011569
-170	3.6	0.012331
-170	3.7	0.012736
-170	3.8	0.012195
-170	3.9	0.0099825
-170	4	0.0095387
-160	-4	0.0094125
-160	-3.9	0.0096683
-160	-3.8	0.009893
-160	-3.7	0.010245
-160	-3.6	0.0093522
-160	-3.5	0.0087635
-160	-3.4	0.0081321
-160	-3.3	0.0078942
-160	-3.2	0.0080563
-160	-3.1	0.0077119
-160	-3	0.0067724
-160	-2.9	0.0057727
-160	-2.8	0.0085431
-160	-2.7	0.012782
-160	-2.6	0.015299
-160	-2.5	0.020013
-160	-2.4	0.02287
-160	-2.3	0.025104
-160	-2.2	0.025706
-160	-2.1	0.027415
-160	-2	0.02865
-160	-1.9	0.030939
-160	-1.8	0.033138
-160	-1.7	0.034314
-160	-1.6	0.033922
-160	-1.5	0.029654
-160	-1.4	0.025101
-160	-1.3	0.015973
-160	-1.2	0.014138
-160	-1.1	0.019793
-160	-1	0.028722
-160	-0.9	0.038758
-160	-0.8	0.045148
-160	-0.7	0.050154
-160	-0.6	0.050764
-160	-0.5	0.048949
-160	-0.4	0.044867
-160	-0.3	0.040424
-160	-0.2	0.033916
-160	-0.1	0.030181
-160	0	0.025512
-160	0.1	0.023879
-160	0.2	0.024534
-160	0.3	0.025773
-160	0.4	0.028262
-160	0.5	0.032896
-160	0.6	0.038409
-160	0.7	0.044137
-160	0.8	0.046213
-160	0.9	0.046765
-160	1	0.046258
-160	1.1	0.042218
-160	1.2	0.037243
-160	1.3	0.033904
-160	1.4	0.031408
-160	1.5	0.030474
-160	1.6	0.030153
-160	1.7	0.032041
-160	1.8	0.033515
-160	1.9	0.03573
-160	2	0.035179
-160	2.1	0.034271
-160	2.2	0.033393
-160	2.3	0.032074
-160	2.4	0.029738
-160	2.5	0.024246
-160	2.6	0.022853
-160	2.7	0.019652
-160	2.8	0.017416
-160	2.9	0.014381
-160	3	0.012003
-160	3.1	0.010937
-160	3.2	0.010685
-160	3.3	0.010137
-160	3.4	0.0095709
-160	3.5	0.010045
-160	3.6	0.011048
-160	3.7	0.011888
-160	3.8	0.012033
-160	3.9	0.010312
-160	4	0.01048
-150	-4	0.011967
-150	-3.9	0.012455
-150	-3.8	0.01264
-150	-3.7	0.01241
-150	-3.6	0.010401
-150	-3.5	0.008991
-150	-3.4	0.0086801
-150	-3.3	0.0083363
-150	-3.2	0.0084288
-150	-3.1	0.0079938
-150	-3	0.0076021
-150	-2.9	0.0065344
-150	-2.8	0.0082818
-150	-2.7	0.011566
-150	-2.6	0.01695
-150	-2.5	0.020133
-150	-2.4	0.024218
-150	-2.3	0.026379
-150	-2.2	0.027693
-150	-2.1	0.02959
-150	-2	0.031892
-150	-1.9	0.033076
-150	-1.8	0.035408
-150	-1.7	0.035235
-150	-1.6	0.033588
-150	-1.5	0.025833
-150	-1.4	0.021206
-150	-1.3	0.01407
-150	-1.2	0.012944
-150	-1.1	0.019986
-150	-1	0.028887
-150	-0.9	0.039575
-150	-0.8	0.044334
-150	-0.7	0.049467
-150	-0.6	0.050282
-150	-0.5	0.048788
-150	-0.4	0.044766
-150	-0.3	0.041722
-150	-0.2	0.034543
-150	-0.1	0.031082
-150	0	0.026706
-150	0.1	0.024814
-150	0.2	0.023818
-150	0.3	0.024651
-150	0.4	0.027524
-150	0.5	0.032397
-150	0.6	0.036703
-150	0.7	0.042059
-150	0.8	0.044658
-150	0.9	0.045378
-150	1	0.044512
-150	1.1	0.040267
-150	1.2	0.036675
-150	1.3	0.033219
-150	1.4	0.031182
-150	1.5	0.030475
-150	1.6	0.031224
-150	1.7	0.033745
-150	1.8	0.036311
-150	1.9	0.037471
-150	2	0.036481
-150	2.1	0.035252
-150	2.2	0.03434
-150	2.3	0.030993
-150	2.4	0.027772
-150	2.5	0.024437
-150	2.6	0.021827
-150	2.7	0.019081
-150	2.8	0.01569
-150	2.9	0.012366
-150	3	0.011289
-150	3.1	0.010208
-150	3.2	0.0098587
-150	3.3	0.0098061
-150	3.4	0.0095082
-150	3.5	0.0095133
-150	3.6	0.010998
-150	3.7	0.011443
-150	3.8	0.01202
-150	3.9	0.011235
-150	4	0.01122
-140	-4	0.014023
-140	-3.9	0.015955
-140	-3.8	0.01658
-140	-3.7	0.015341
-140	-3.6	0.012971
-140	-3.5	0.0095793
-140	-3.4	0.0080863
-140	-3.3	0.009705
-140	-3.2	0.010775
-140	-3.1	0.01181
-140	-3	0.010529
-140	-2.9	0.0069954
-140	-2.8	0.0066932
-140	-2.7	0.011881
-140	-2.6	0.020268
-140	-2.5	0.023615
-140	-2.4	0.027177
-140	-2.3	0.028211
-140	-2.2	0.028026
-140	-2.1	0.028319
-140	-2	0.030775
-140	-1.9	0.034369
-140	-1.8	0.036132
-140	-1.7	0.037505
-140	-1.6	0.035735
-140	-1.5	0.032053
-140	-1.4	0.023251
-140	-1.3	0.012414
-140	-1.2	0.01168
-140	-1.1	0.021798
-140	-1	0.029998
-140	-0.9	0.043029
-140	-0.8	0.047744
-140	-0.7	0.049764
-140	-0.6	0.048119
-140	-0.5	0.045629
-140	-0.4	0.040902
-140	-0.3	0.036936
-140	-0.2	0.030917
-140	-0.1	0.026385
-140	0	0.02318
-140	0.1	0.021297
-140	0.2	0.02177
-140	0.3	0.024571
-140	0.4	0.027589
-140	0.5	0.032767
-140	0.6	0.039523
-140	0.7	0.04187
-140	0.8	0.043787
-140	0.9	0.043724
-140	1	0.04198
-140	1.1	0.037759
-140	1.2	0.034944
-140	1.3	0.031506
-140	1.4	0.028762
-140	1.5	0.026933
-140	1.6	0.027512
-140	1.7	0.029165
-140	1.8	0.031661
-140	1.9	0.032087
-140	2	0.031976
-140	2.1	0.031243
-140	2.2	0.030488
-140	2.3	0.027694
-140	2.4	0.025035
-140	2.5	0.021121
-140	2.6	0.018135
-140	2.7	0.015585
-140	2.8	0.011769
-140	2.9	0.0095793
-140	3	0.008488
-140	3.1	0.0081083
-140	3.2	0.0077119
-140	3.3	0.0082544
-140	3.4	0.0072116
-140	3.5	0.0076846
-140	3.6	0.0075638
-140	3.7	0.0079513
-140	3.8	0.0075509
-140	3.9	0.0074886
-140	4	0.0080603
-130	-4	0.013123
-130	-3.9	0.015815
-130	-3.8	0.017076
-130	-3.7	0.016737
-130	-3.6	0.015372
-130	-3.5	0.012331
-130	-3.4	0.01026
-130	-3.3	0.0097433
-130	-3.2	0.011011
-130	-3.1	0.011727
-130	-3	0.011062
-130	-2.9	0.0087339
-130	-2.8	0.0059192
-130	-2.7	0.0093712
-130	-2.6	0.015948
-130	-2.5	0.020834
-130	-2.4	0.026157
-130	-2.3	0.028979
-130	-2.2	0.030882
-130	-2.1	0.032831
-130	-2	0.034852
-130	-1.9	0.036742
-130	-1.8	0.038415
-130	-1.7	0.038242
-130	-1.6	0.036362
-130	-1.5	0.030976
-130	-1.4	0.021011
-130	-1.3	0.015347
-130	-1.2	0.015647
-130	-1.1	0.028446
-130	-1	0.035354
-130	-0.9	0.04304
-130	-0.8	0.047262
-130	-0.7	0.049345
-130	-0.6	0.047717
-130	-0.5	0.043057
-130	-0.4	0.03984
-130	-0.3	0.034745
-130	-0.2	0.029748
-130	-0.1	0.025028
-130	0	0.023041
-130	0.1	0.02183
-130	0.2	0.020457
-130	0.3	0.021865
-130	0.4	0.026216
-130	0.5	0.030207
-130	0.6	0.036585
-130	0.7	0.040349
-130	0.8	0.041455
-130	0.9	0.042012
-130	1	0.039846
-130	1.1	0.038141
-130	1.2	0.034827
-130	1.3	0.031607
-130	1.4	0.02884
-130	1.5	0.027735
-130	1.6	0.028433
-130	1.7	0.03048
-130	1.8	0.031753
-130	1.9	0.032765
-130	2	0.033152
-130	2.1	0.032975
-130	2.2	0.030859
-130	2.3	0.028941
-130	2.4	0.024311
-130	2.5	0.021882
-130	2.6	0.019718
-130	2.7	0.016117
-130	2.8	0.01382
-130	2.9	0.010936
-130	3	0.0082505
-130	3.1	0.0081421
-130	3.2	0.0083188
-130	3.3	0.0087745
-130	3.4	0.0088952
-130	3.5	0.0083923
-130	3.6	0.0084211
-130	3.7	0.0080181
-130	3.8	0.0088789
-130	3.9	0.0090108
-130	4	0.010023
-120	-4	0.012445
-120	-3.9	0.012867
-120	-3.8	0.012883
-120	-3.7	0.012694
-120	-3.6	0.011911
-120	-3.5	0.010445
-120	-3.4	0.0098996
-120	-3.3	0.010031
-120	-3.2	0.0091849
-120	-3.1	0.0080543
-120	-3	0.0066787
-120	-2.9	0.0067891
-120	-2.8	0.0080923
-120	-2.7	0.012059
-120	-2.6	0.016289
-120	-2.5	0.020857
-120	-2.4	0.024905
-120	-2.3	0.026182
-120	-2.2	0.028368
-120	-2.1	0.030226
-120	-2	0.033444
-120	-1.9	0.034978
-120	-1.8	0.035825
-120	-1.7	0.033937
-120	-1.6	0.027468
-120	-1.5	0.023031
-120	-1.4	0.017794
-120	-1.3	0.013952
-120	-1.2	0.019074
-120	-1.1	0.02535
-120	-1	0.032662
-120	-0.9	0.040364
-120	-0.8	0.046097
-120	-0.7	0.048875
-120	-0.6	0.047501
-120	-0.5	0.043205
-120	-0.4	0.038262
-120	-0.3	0.032759
-120	-0.2	0.026575
-120	-0.1	0.022589
-120	0	0.020272
-120	0.1	0.017476
-120	0.2	0.016564
-120	0.3	0.017064
-120	0.4	0.021285
-120	0.5	0.026024
-120	0.6	0.03162
-120	0.7	0.036148
-120	0.8	0.040202
-120	0.9	0.041366
-120	1	0.040841
-120	1.1	0.038014
-120	1.2	0.033859
-120	1.3	0.028935
-120	1.4	0.026801
-120	1.5	0.025109
-120	1.6	0.02569
-120	1.7	0.029072
-120	1.8	0.031292
-120	1.9	0.031849
-120	2	0.031375
-120	2.1	0.030545
-120	2.2	0.026727
-120	2.3	0.024286
-120	2.4	0.021341
-120	2.5	0.019777
-120	2.6	0.018581
-120	2.7	0.017827
-120	2.8	0.015404
-120	2.9	0.01357
-120	3	0.010508
-120	3.1	0.0086427
-120	3.2	0.0071304
-120	3.3	0.0083788
-120	3.4	0.0097067
-120	3.5	0.011049
-120	3.6	0.011373
-120	3.7	0.010517
-120	3.8	0.0087172
-120	3.9	0.0078346
-120	4	0.0079411
-110	-4	0.014871
-110	-3.9	0.016277
-110	-3.8	0.016194
-110	-3.7	0.014456
-110	-3.6	0.012612
-110	-3.5	0.011457
-110	-3.4	0.010479
-110	-3.3	0.010673
-110	-3.2	0.010818
-110	-3.1	0.0098011
-110	-3	0.0081915
-110	-2.9	0.0062305
-110	-2.8	0.0087191
-110	-2.7	0.011931
-110	-2.6	0.018222
-110	-2.5	0.021097
-110	-2.4	0.024687
-110	-2.3	0.026375
-110	-2.2	0.028688
-110	-2.1	0.031167
-110	-2	0.03582
-110	-1.9	0.03858
-110	-1.8	0.041574
-110	-1.7	0.039977
-110	-1.6	0.035352
-110	-1.5	0.026785
-110	-1.4	0.017817
-110	-1.3	0.016242
-110	-1.2	0.020246
-110	-1.1	0.031998
-110	-1	0.041366
-110	-0.9	0.049882
-110	-0.8	0.052352
-110	-0.7	0.051459
-110	-0.6	0.047539
-110	-0.5	0.042634
-110	-0.4	0.034539
-110	-0.3	0.029598
-110	-0.2	0.024803
-110	-0.1	0.020898
-110	0	0.018253
-110	0.1	0.016458
-110	0.2	0.016451
-110	0.3	0.0182
-110	0.4	0.023884
-110	0.5	0.029559
-110	0.6	0.033813
-110	0.7	0.037997
-110	0.8	0.041041
-110	0.9	0.040927
-110	1	0.039808
-110	1.1	0.037639
-110	1.2	0.03501
-110	1.3	0.031082
-110	1.4	0.02792
-110	1.5	0.026901
-110	1.6	0.026493
-110	1.7	0.026871
-110	1.8	0.028423
-110	1.9	0.028764
-110	2	0.029605
-110	2.1	0.029833
-110	2.2	0.028226
-110	2.3	0.025613
-110	2.4	0.022194
-110	2.5	0.0196
-110	2.6	0.017431
-110	2.7	0.014233
-110	2.8	0.012352
-110	2.9	0.010586
-110	3	0.0099987
-110	3.1	0.0092515
-110	3.2	0.0083884
-110	3.3	0.0075102
-110	3.4	0.0078263
-110	3.5	0.0081083
-110	3.6	0.0094314
-110	3.7	0.0093159
-110	3.8	0.0093902
-110	3.9	0.0096399
-110	4	0.010722
-100	-4	0.013169
-100	-3.9	0.014313
-100	-3.8	0.013652
-100	-3.7	0.011593
-100	-3.6	0.010164
-100	-3.5	0.0088259
-100	-3.4	0.0094485
-100	-3.3	0.0097283
-100	-3.2	0.00944
-100	-3.1	0.0086577
-100	-3	0.006591
-100	-2.9	0.0068672
-100	-2.8	0.0112
-100	-2.7	0.015006
-100	-2.6	0.020223
-100	-2.5	0.022816
-100	-2.4	0.02459
-100	-2.3	0.025516
-100	-2.2	0.027338
-100	-2.1	0.030257
-100	-2	0.033753
-100	-1.9	0.036981
-100	-1.8	0.038373
-100	-1.7	0.036924
-100	-1.6	0.032989
-100	-1.5	0.022863
-100	-1.4	0.016931
-100	-1.3	0.015788
-100	-1.2	0.025455
-100	-1.1	0.036708
-100	-1	0.044106
-100	-0.9	0.05292
-100	-0.8	0.054292
-100	-0.7	0.051375
-100	-0.6	0.04627
-100	-0.5	0.038625
-100	-0.4	0.031843
-100	-0.3	0.024596
-100	-0.2	0.021977
-100	-0.1	0.01949
-100	0	0.018028
-100	0.1	0.016539
-100	0.2	0.016407
-100	0.3	0.019685
-100	0.4	0.025161
-100	0.5	0.030105
-100	0.6	0.036151
-100	0.7	0.039965
-100	0.8	0.041176
-100	0.9	0.040899
-100	1	0.037491
-100	1.1	0.035429
-100	1.2	0.030889
-100	1.3	0.028423
-100	1.4	0.0269
-100	1.5	0.026541
-100	1.6	0.027304
-100	1.7	0.027898
-100	1.8	0.028265
-100	1.9	0.028092
-100	2	0.028145
-100	2.1	0.027727
-100	2.2	0.026884
-100	2.3	0.024184
-100	2.4	0.022567
-100	2.5	0.019739
-100	2.6	0.017176
-100	2.7	0.014373
-100	2.8	0.011495
-100	2.9	0.010668
-100	3	0.0094707
-100	3.1	0.0090751
-100	3.2	0.0080823
-100	3.3	0.0073117
-100	3.4	0.0075552
-100	3.5	0.007849
-100	3.6	0.0085733
-100	3.7	0.0088223
-100	3.8	0.0085355
-100	3.9	0.008857
-100	4	0.009084
-90	-4	0.013218
-90	-3.9	0.014184
-90	-3.8	0.0136
-90	-3.7	0.011301
-90	-3.6	0.010326
-90	-3.5	0.0099468
-90	-3.4	0.010167
-90	-3.3	0.011055
-90	-3.2	0.010309
-90	-3.1	0.0091355
-90	-3	0.0063334
-90	-2.9	0.0087191
-90	-2.8	0.012904
-90	-2.7	0.018748
-90	-2.6	0.02427
-90	-2.5	0.025535
-90	-2.4	0.027519
-90	-2.3	0.028774
-90	-2.2	0.030715
-90	-2.1	0.032155
-90	-2	0.035577
-90	-1.9	0.036988
-90	-1.8	0.036936
-90	-1.7	0.034489
-90	-1.6	0.028331
-90	-1.5	0.02112
-90	-1.4	0.016142
-90	-1.3	0.017482
-90	-1.2	0.027024
-90	-1.1	0.036981
-90	-1	0.045679
-90	-0.9	0.052133
-90	-0.8	0.053429
-90	-0.7	0.052846
-90	-0.6	0.047384
-90	-0.5	0.041525
-90	-0.4	0.03668
-90	-0.3	0.027191
-90	-0.2	0.021526
-90	-0.1	0.018157
-90	0	0.015921
-90	0.1	0.013409
-90	0.2	0.013272
-90	0.3	0.0178
-90	0.4	0.024461
-90	0.5	0.027914
-90	0.6	0.035931
-90	0.7	0.040824
-90	0.8	0.043647
-90	0.9	0.04443
-90	1	0.042401
-90	1.1	0.038272
-90	1.2	0.035087
-90	1.3	0.030514
-90	1.4	0.028446
-90	1.5	0.028607
-90	1.6	0.030663
-90	1.7	0.03239
-90	1.8	0.033157
-90	1.9	0.032418
-90	2	0.030536
-90	2.1	0.028177
-90	2.2	0.026218
-90	2.3	0.023374
-90	2.4	0.022018
-90	2.5	0.021217
-90	2.6	0.020469
-90	2.7	0.017419
-90	2.8	0.016475
-90	2.9	0.011415
-90	3	0.010105
-90	3.1	0.0086912
-90	3.2	0.0088497
-90	3.3	0.0095014
-90	3.4	0.010055
-90	3.5	0.010143
-90	3.6	0.0097681
-90	3.7	0.009213
-90	3.8	0.0091637
-90	3.9	0.0092689
-90	4	0.010057
-80	-4	0.013167
-80	-3.9	0.013193
-80	-3.8	0.012043
-80	-3.7	0.0097747
-80	-3.6	0.008639
-80	-3.5	0.0085165
-80	-3.4	0.0094946
-80	-3.3	0.010094
-80	-3.2	0.0092881
-80	-3.1	0.0073051
-80	-3	0.0056682
-80	-2.9	0.0085865
-80	-2.8	0.012348
-80	-2.7	0.018399
-80	-2.6	0.022568
-80	-2.5	0.025157
-80	-2.4	0.027768
-80	-2.3	0.029657
-80	-2.2	0.032343
-80	-2.1	0.035556
-80	-2	0.037313
-80	-1.9	0.038169
-80	-1.8	0.036964
-80	-1.7	0.032821
-80	-1.6	0.027865
-80	-1.5	0.021072
-80	-1.4	0.01995
-80	-1.3	0.025548
-80	-1.2	0.034786
-80	-1.1	0.040629
-80	-1	0.04968
-80	-0.9	0.053307
-80	-0.8	0.053753
-80	-0.7	0.050182
-80	-0.6	0.044287
-80	-0.5	0.038221
-80	-0.4	0.029534
-80	-0.3	0.026681
-80	-0.2	0.021368
-80	-0.1	0.017814
-80	0	0.014938
-80	0.1	0.013806
-80	0.2	0.014735
-80	0.3	0.020048
-80	0.4	0.024361
-80	0.5	0.032102
-80	0.6	0.036623
-80	0.7	0.042525
-80	0.8	0.045651
-80	0.9	0.046315
-80	1	0.045847
-80	1.1	0.043391
-80	1.2	0.03962
-80	1.3	0.036382
-80	1.4	0.034289
-80	1.5	0.033266
-80	1.6	0.032362
-80	1.7	0.032622
-80	1.8	0.03284
-80	1.9	0.032829
-80	2	0.03194
-80	2.1	0.029982
-80	2.2	0.027719
-80	2.3	0.024781
-80	2.4	0.020562
-80	2.5	0.019034
-80	2.6	0.016194
-80	2.7	0.01371
-80	2.8	0.012076
-80	2.9	0.010479
-80	3	0.0099501
-80	3.1	0.01002
-80	3.2	0.0096096
-80	3.3	0.010015
-80	3.4	0.0090626
-80	3.5	0.0087191
-80	3.6	0.0085883
-80	3.7	0.00922
-80	3.8	0.00969
-80	3.9	0.010314
-80	4	0.0098996
-70	-4	0.00972
-70	-3.9	0.010114
-70	-3.8	0.010234
-70	-3.7	0.0093592
-70	-3.6	0.0077766
-70	-3.5	0.0062719
-70	-3.4	0.0064019
-70	-3.3	0.0070162
-70	-3.2	0.0068578
-70	-3.1	0.0063309
-70	-3	0.0068081
-70	-2.9	0.0095658
-70	-2.8	0.012367
-70	-2.7	0.01658
-70	-2.6	0.020529
-70	-2.5	0.024364
-70	-2.4	0.027604
-70	-2.3	0.030417
-70	-2.2	0.031802
-70	-2.1	0.033765
-70	-2	0.035699
-70	-1.9	0.036422
-70	-1.8	0.035711
-70	-1.7	0.033404
-70	-1.6	0.026255
-70	-1.5	0.023249
-70	-1.4	0.022192
-70	-1.3	0.02824
-70	-1.2	0.039314
-70	-1.1	0.048397
-70	-1	0.05397
-70	-0.9	0.056641
-70	-0.8	0.056338
-70	-0.7	0.051394
-70	-0.6	0.044618
-70	-0.5	0.037491
-70	-0.4	0.029025
-70	-0.3	0.022436
-70	-0.2	0.017477
-70	-0.1	0.013867
-70	0	0.012843
-70	0.1	0.012618
-70	0.2	0.017053
-70	0.3	0.020929
-70	0.4	0.030149
-70	0.5	0.035071
-70	0.6	0.044906
-70	0.7	0.047987
-70	0.8	0.049655
-70	0.9	0.049631
-70	1	0.047415
-70	1.1	0.044553
-70	1.2	0.041215
-70	1.3	0.037234
-70	1.4	0.035262
-70	1.5	0.031903
-70	1.6	0.031663
-70	1.7	0.031621
-70	1.8	0.032022
-70	1.9	0.032478
-70	2	0.031539
-70	2.1	0.029903
-70	2.2	0.026094
-70	2.3	0.023081
-70	2.4	0.01989
-70	2.5	0.018217
-70	2.6	0.015484
-70	2.7	0.013176
-70	2.8	0.01271
-70	2.9	0.011512
-70	3	0.0090537
-70	3.1	0.0083904
-70	3.2	0.0076888
-70	3.3	0.0075166
-70	3.4	0.0072851
-70	3.5	0.0073996
-70	3.6	0.0070598
-70	3.7	0.0071621
-70	3.8	0.0068247
-70	3.9	0.0071372
-70	4	0.0070986
-60	-4	0.010942
-60	-3.9	0.01063
-60	-3.8	0.0094074
-60	-3.7	0.0079126
-60	-3.6	0.0060596
-60	-3.5	0.0062486
-60	-3.4	0.0073382
-60	-3.3	0.0083981
-60	-3.2	0.0083343
-60	-3.1	0.007274
-60	-3	0.0073382
-60	-2.9	0.011154
-60	-2.8	0.015715
-60	-2.7	0.021946
-60	-2.6	0.025526
-60	-2.5	0.028555
-60	-2.4	0.029975
-60	-2.3	0.030604
-60	-2.2	0.031561
-60	-2.1	0.033359
-60	-2	0.034479
-60	-1.9	0.035023
-60	-1.8	0.033771
-60	-1.7	0.030168
-60	-1.6	0.027269
-60	-1.5	0.024241
-60	-1.4	0.024934
-60	-1.3	0.028741
-60	-1.2	0.035327
-60	-1.1	0.049583
-60	-1	0.055149
-60	-0.9	0.058754
-60	-0.8	0.058861
-60	-0.7	0.05617
-60	-0.6	0.049317
-60	-0.5	0.041443
-60	-0.4	0.025795
-60	-0.3	0.020815
-60	-0.2	0.015684
-60	-0.1	0.013304
-60	0	0.013472
-60	0.1	0.014245
-60	0.2	0.020334
-60	0.3	0.023366
-60	0.4	0.035263
-60	0.5	0.041186
-60	0.6	0.048107
-60	0.7	0.053165
-60	0.8	0.054973
-60	0.9	0.053991
-60	1	0.051899
-60	1.1	0.048025
-60	1.2	0.041378
-60	1.3	0.038279
-60	1.4	0.03498
-60	1.5	0.034333
-60	1.6	0.035307
-60	1.7	0.035825
-60	1.8	0.035176
-60	1.9	0.033477
-60	2	0.031633
-60	2.1	0.02733
-60	2.2	0.024898
-60	2.3	0.021765
-60	2.4	0.021042
-60	2.5	0.020332
-60	2.6	0.019755
-60	2.7	0.01697
-60	2.8	0.014409
-60	2.9	0.011986
-60	3	0.010736
-60	3.1	0.010537
-60	3.2	0.011229
-60	3.3	0.0117
-60	3.4	0.011828
-60	3.5	0.011359
-60	3.6	0.0085412
-60	3.7	0.00801
-60	3.8	0.0077265
-60	3.9	0.0084537
-60	4	0.0095065
-50	-4	0.0086203
-50	-3.9	0.0076614
-50	-3.8	0.006879
-50	-3.7	0.0070758
-50	-3.6	0.0081639
-50	-3.5	0.0086633
-50	-3.4	0.0089224
-50	-3.3	0.0081659
-50	-3.2	0.0067197
-50	-3.1	0.0074735
-50	-3	0.010356
-50	-2.9	0.014059
-50	-2.8	0.018091
-50	-2.7	0.022944
-50	-2.6	0.024584
-50	-2.5	0.026459
-50	-2.4	0.028168
-50	-2.3	0.02945
-50	-2.2	0.031273
-50	-2.1	0.033502
-50	-2	0.035496
-50	-1.9	0.036193
-50	-1.8	0.035278
-50	-1.7	0.030467
-50	-1.6	0.023305
-50	-1.5	0.021234
-50	-1.4	0.027432
-50	-1.3	0.030617
-50	-1.2	0.044712
-50	-1.1	0.051629
-50	-1	0.055295
-50	-0.9	0.057031
-50	-0.8	0.054444
-50	-0.7	0.05081
-50	-0.6	0.042623
-50	-0.5	0.032901
-50	-0.4	0.024971
-50	-0.3	0.02092
-50	-0.2	0.016106
-50	-0.1	0.013588
-50	0	0.013784
-50	0.1	0.01553
-50	0.2	0.020158
-50	0.3	0.027414
-50	0.4	0.035315
-50	0.5	0.042525
-50	0.6	0.049215
-50	0.7	0.05332
-50	0.8	0.054431
-50	0.9	0.052448
-50	1	0.049344
-50	1.1	0.045832
-50	1.2	0.042463
-50	1.3	0.038126
-50	1.4	0.036298
-50	1.5	0.035857
-50	1.6	0.036437
-50	1.7	0.036202
-50	1.8	0.035243
-50	1.9	0.03395
-50	2	0.033092
-50	2.1	0.031822
-50	2.2	0.02973
-50	2.3	0.02801
-50	2.4	0.026798
-50	2.5	0.025795
-50	2.6	0.022972
-50	2.7	0.02047
-50	2.8	0.017184
-50	2.9	0.01479
-50	3	0.013198
-50	3.1	0.01279
-50	3.2	0.01174
-50	3.3	0.011216
-50	3.4	0.011239
-50	3.5	0.010872
-50	3.6	0.010042
-50	3.7	0.008991
-50	3.8	0.009385
-50	3.9	0.01039
-50	4	0.01099
-40	-4	0.010894
-40	-3.9	0.0098193
-40	-3.8	0.0089658
-40	-3.7	0.0091372
-40	-3.6	0.010575
-40	-3.5	0.011517
-40	-3.4	0.011372
-40	-3.3	0.010024
-40	-3.2	0.008917
-40	-3.1	0.010098
-40	-3	0.013834
-40	-2.9	0.019122
-40	-2.8	0.024334
-40	-2.7	0.027531
-40	-2.6	0.028456
-40	-2.5	0.027702
-40	-2.4	0.027229
-40	-2.3	0.028555
-40	-2.2	0.032624
-40	-2.1	0.037234
-40	-2	0.03876
-40	-1.9	0.037272
-40	-1.8	0.030787
-40	-1.7	0.027166
-40	-1.6	0.022616
-40	-1.5	0.023188
-40	-1.4	0.028609
-40	-1.3	0.034174
-40	-1.2	0.046577
-40	-1.1	0.051157
-40	-1	0.055634
-40	-0.9	0.057166
-40	-0.8	0.055603
-40	-0.7	0.049082
-40	-0.6	0.04066
-40	-0.5	0.035026
-40	-0.4	0.024602
-40	-0.3	0.017134
-40	-0.2	0.015749
-40	-0.1	0.016663
-40	0	0.018378
-40	0.1	0.021477
-40	0.2	0.025488
-40	0.3	0.029905
-40	0.4	0.039499
-40	0.5	0.0473
-40	0.6	0.050411
-40	0.7	0.0544
-40	0.8	0.0562
-40	0.9	0.055133
-40	1	0.050174
-40	1.1	0.046353
-40	1.2	0.041916
-40	1.3	0.03608
-40	1.4	0.034239
-40	1.5	0.034249
-40	1.6	0.035579
-40	1.7	0.037089
-40	1.8	0.036489
-40	1.9	0.035625
-40	2	0.033691
-40	2.1	0.030923
-40	2.2	0.027947
-40	2.3	0.025679
-40	2.4	0.024975
-40	2.5	0.023548
-40	2.6	0.022474
-40	2.7	0.020028
-40	2.8	0.017353
-40	2.9	0.015032
-40	3	0.014029
-40	3.1	0.01332
-40	3.2	0.013114
-40	3.3	0.013539
-40	3.4	0.014462
-40	3.5	0.014685
-40	3.6	0.012928
-40	3.7	0.011321
-40	3.8	0.010706
-40	3.9	0.010799
-40	4	0.010451
-30	-4	0.011168
-30	-3.9	0.0097565
-30	-3.8	0.0078263
-30	-3.7	0.0068365
-30	-3.6	0.0077703
-30	-3.5	0.01042
-30	-3.4	0.011039
-30	-3.3	0.010961
-30	-3.2	0.0092252
-30	-3.1	0.0092811
-30	-3	0.013939
-30	-2.9	0.017125
-30	-2.8	0.022102
-30	-2.7	0.025496
-30	-2.6	0.027856
-30	-2.5	0.028565
-30	-2.4	0.028923
-30	-2.3	0.029645
-30	-2.2	0.031318
-30	-2.1	0.032363
-30	-2	0.034151
-30	-1.9	0.034811
-30	-1.8	0.033934
-30	-1.7	0.029682
-30	-1.6	0.025125
-30	-1.5	0.024521
-30	-1.4	0.027499
-30	-1.3	0.03551
-30	-1.2	0.045126
-30	-1.1	0.05514
-30	-1	0.058694
-30	-0.9	0.059914
-30	-0.8	0.057245
-30	-0.7	0.05132
-30	-0.6	0.041876
-30	-0.5	0.026803
-30	-0.4	0.022636
-30	-0.3	0.015817
-30	-0.2	0.014156
-30	-0.1	0.016075
-30	0	0.01883
-30	0.1	0.022799
-30	0.2	0.029449
-30	0.3	0.038806
-30	0.4	0.044261
-30	0.5	0.049697
-30	0.6	0.054724
-30	0.7	0.056364
-30	0.8	0.056606
-30	0.9	0.054542
-30	1	0.049002
-30	1.1	0.044884
-30	1.2	0.041383
-30	1.3	0.036618
-30	1.4	0.035129
-30	1.5	0.035037
-30	1.6	0.03599
-30	1.7	0.035966
-30	1.8	0.03495
-30	1.9	0.034199
-30	2	0.032602
-30	2.1	0.030273
-30	2.2	0.027746
-30	2.3	0.026947
-30	2.4	0.024989
-30	2.5	0.023518
-30	2.6	0.021308
-30	2.7	0.019574
-30	2.8	0.017316
-30	2.9	0.016436
-30	3	0.015274
-30	3.1	0.014973
-30	3.2	0.014006
-30	3.3	0.013878
-30	3.4	0.013164
-30	3.5	0.013077
-30	3.6	0.011818
-30	3.7	0.011352
-30	3.8	0.011281
-30	3.9	0.011086
-30	4	0.010817
-20	-4	0.010094
-20	-3.9	0.0085393
-20	-3.8	0.0072116
-20	-3.7	0.0071259
-20	-3.6	0.0084307
-20	-3.5	0.010591
-20	-3.4	0.011512
-20	-3.3	0.011771
-20	-3.2	0.010783
-20	-3.1	0.0098291
-20	-3	0.011312
-20	-2.9	0.01478
-20	-2.8	0.019746
-20	-2.7	0.023829
-20	-2.6	0.028321
-20	-2.5	0.030008
-20	-2.4	0.030697
-20	-2.3	0.030798
-20	-2.2	0.030859
-20	-2.1	0.031272
-20	-2	0.031786
-20	-1.9	0.032664
-20	-1.8	0.032352
-20	-1.7	0.030522
-20	-1.6	0.027887
-20	-1.5	0.027452
-20	-1.4	0.0322
-20	-1.3	0.040028
-20	-1.2	0.051408
-20	-1.1	0.056584
-20	-1	0.060308
-20	-0.9	0.060135
-20	-0.8	0.055378
-20	-0.7	0.049356
-20	-0.6	0.035503
-20	-0.5	0.027871
-20	-0.4	0.02184
-20	-0.3	0.015946
-20	-0.2	0.014461
-20	-0.1	0.015312
-20	0	0.016512
-20	0.1	0.020213
-20	0.2	0.028387
-20	0.3	0.0356
-20	0.4	0.046199
-20	0.5	0.053443
-20	0.6	0.056767
-20	0.7	0.059921
-20	0.8	0.059955
-20	0.9	0.057542
-20	1	0.052787
-20	1.1	0.048857
-20	1.2	0.045644
-20	1.3	0.040191
-20	1.4	0.03794
-20	1.5	0.037034
-20	1.6	0.037033
-20	1.7	0.037032
-20	1.8	0.036418
-20	1.9	0.034563
-20	2	0.032923
-20	2.1	0.030087
-20	2.2	0.028614
-20	2.3	0.026635
-20	2.4	0.024646
-20	2.5	0.023809
-20	2.6	0.022126
-20	2.7	0.020842
-20	2.8	0.01917
-20	2.9	0.017465
-20	3	0.015945
-20	3.1	0.01427
-20	3.2	0.01284
-20	3.3	0.011617
-20	3.4	0.010403
-20	3.5	0.0094929
-20	3.6	0.0096984
-20	3.7	0.0096029
-20	3.8	0.0098456
-20	3.9	0.01027
-20	4	0.0091954
-10	-4	0.0078634
-10	-3.9	0.0069653
-10	-3.8	0.0062383
-10	-3.7	0.0073514
-10	-3.6	0.0090591
-10	-3.5	0.010733
-10	-3.4	0.010682
-10	-3.3	0.0093953
-10	-3.2	0.0083788
-10	-3.1	0.0091901
-10	-3	0.011236
-10	-2.9	0.016323
-10	-2.8	0.020506
-10	-2.7	0.024092
-10	-2.6	0.025822
-10	-2.5	0.027868
-10	-2.4	0.02956
-10	-2.3	0.030683
-10	-2.2	0.031491
-10	-2.1	0.032771
-10	-2	0.034921
-10	-1.9	0.035478
-10	-1.8	0.033696
-10	-1.7	0.03224
-10	-1.6	0.026819
-10	-1.5	0.026628
-10	-1.4	0.03359
-10	-1.3	0.041414
-10	-1.2	0.052069
-10	-1.1	0.058728
-10	-1	0.059908
-10	-0.9	0.05875
-10	-0.8	0.054553
-10	-0.7	0.043783
-10	-0.6	0.037673
-10	-0.5	0.026872
-10	-0.4	0.018906
-10	-0.3	0.013897
-10	-0.2	0.013798
-10	-0.1	0.014883
-10	0	0.017834
-10	0.1	0.021094
-10	0.2	0.027869
-10	0.3	0.035321
-10	0.4	0.04477
-10	0.5	0.050428
-10	0.6	0.054036
-10	0.7	0.058621
-10	0.8	0.058765
-10	0.9	0.056187
-10	1	0.053034
-10	1.1	0.049489
-10	1.2	0.044263
-10	1.3	0.040757
-10	1.4	0.036264
-10	1.5	0.035403
-10	1.6	0.034914
-10	1.7	0.035354
-10	1.8	0.035511
-10	1.9	0.035366
-10	2	0.03466
-10	2.1	0.033218
-10	2.2	0.030592
-10	2.3	0.028165
-10	2.4	0.026556
-10	2.5	0.024939
-10	2.6	0.022828
-10	2.7	0.020192
-10	2.8	0.017877
-10	2.9	0.015678
-10	3	0.013584
-10	3.1	0.011829
-10	3.2	0.011339
-10	3.3	0.011068
-10	3.4	0.011034
-10	3.5	0.010474
-10	3.6	0.0090537
-10	3.7	0.0087653
-10	3.8	0.0090394
-10	3.9	0.0091567
-10	4	0.0094434
0	-4	0.010612
0	-3.9	0.0099061
0	-3.8	0.0090251
0	-3.7	0.0085146
0	-3.6	0.0087819
0	-3.5	0.0092235
0	-3.4	0.010557
0	-3.3	0.012131
0	-3.2	0.013629
0	-3.1	0.014629
0	-3	0.015966
0	-2.9	0.018045
0	-2.8	0.020124
0	-2.7	0.022901
0	-2.6	0.028362
0	-2.5	0.029207
0	-2.4	0.03115
0	-2.3	0.03117
0	-2.2	0.032277
0	-2.1	0.034416
0	-2	0.035782
0	-1.9	0.036039
0	-1.8	0.033614
0	-1.7	0.030149
0	-1.6	0.025401
0	-1.5	0.026155
0	-1.4	0.033008
0	-1.3	0.044996
0	-1.2	0.05036
0	-1.1	0.056753
0	-1	0.058759
0	-0.9	0.057823
0	-0.8	0.054946
0	-0.7	0.045628
0	-0.6	0.037125
0	-0.5	0.028793
0	-0.4	0.020138
0	-0.3	0.016676
0	-0.2	0.015832
0	-0.1	0.017683
0	0	0.019454
0	0.1	0.02377
0	0.2	0.028643
0	0.3	0.036087
0	0.4	0.045831
0	0.5	0.052992
0	0.6	0.056469
0	0.7	0.05854
0	0.8	0.058107
0	0.9	0.055258
0	1	0.050799
0	1.1	0.042794
0	1.2	0.039993
0	1.3	0.036442
0	1.4	0.034329
0	1.5	0.033904
0	1.6	0.034652
0	1.7	0.03512
0	1.8	0.035343
0	1.9	0.034301
0	2	0.03363
0	2.1	0.032039
0	2.2	0.030828
0	2.3	0.028983
0	2.4	0.027148
0	2.5	0.025838
0	2.6	0.023932
0	2.7	0.021237
0	2.8	0.017942
0	2.9	0.016787
0	3	0.016458
0	3.1	0.016482
0	3.2	0.015787
0	3.3	0.014869
0	3.4	0.014439
0	3.5	0.012559
0	3.6	0.011653
0	3.7	0.010424
0	3.8	0.010725
0	3.9	0.011017
0	4	0.010977
10	-4	0.010167
10	-3.9	0.010469
10	-3.8	0.0098423
10	-3.7	0.0082564
10	-3.6	0.0080523
10	-3.5	0.008311
10	-3.4	0.009581
10	-3.3	0.011636
10	-3.2	0.012939
10	-3.1	0.01369
10	-3	0.013371
10	-2.9	0.016247
10	-2.8	0.021748
10	-2.7	0.025509
10	-2.6	0.029346
10	-2.5	0.030965
10	-2.4	0.031361
10	-2.3	0.030791
10	-2.2	0.031067
10	-2.1	0.032846
10	-2	0.033897
10	-1.9	0.0349
10	-1.8	0.033729
10	-1.7	0.03139
10	-1.6	0.028375
10	-1.5	0.028154
10	-1.4	0.032089
10	-1.3	0.039565
10	-1.2	0.048474
10	-1.1	0.057198
10	-1	0.059972
10	-0.9	0.060137
10	-0.8	0.055216
10	-0.7	0.046875
10	-0.6	0.04063
10	-0.5	0.025802
10	-0.4	0.019411
10	-0.3	0.013184
10	-0.2	0.013065
10	-0.1	0.013887
10	0	0.018195
10	0.1	0.02048
10	0.2	0.02962
10	0.3	0.03741
10	0.4	0.046733
10	0.5	0.052791
10	0.6	0.058092
10	0.7	0.059119
10	0.8	0.057191
10	0.9	0.054342
10	1	0.04878
10	1.1	0.043321
10	1.2	0.040174
10	1.3	0.036457
10	1.4	0.035561
10	1.5	0.035037
10	1.6	0.034588
10	1.7	0.03416
10	1.8	0.033266
10	1.9	0.032398
10	2	0.030607
10	2.1	0.029574
10	2.2	0.028062
10	2.3	0.026692
10	2.4	0.024763
10	2.5	0.022421
10	2.6	0.020777
10	2.7	0.01928
10	2.8	0.017221
10	2.9	0.015803
10	3	0.014824
10	3.1	0.014343
10	3.2	0.013226
10	3.3	0.012354
10	3.4	0.012047
10	3.5	0.012037
10	3.6	0.011743
10	3.7	0.011215
10	3.8	0.010986
10	3.9	0.009532
10	4	0.0089315
20	-4	0.0092024
20	-3.9	0.0081401
20	-3.8	0.00815
20	-3.7	0.0079918
20	-3.6	0.0094946
20	-3.5	0.010036
20	-3.4	0.010619
20	-3.3	0.010942
20	-3.2	0.011018
20	-3.1	0.010971
20	-3	0.0125
20	-2.9	0.016543
20	-2.8	0.020345
20	-2.7	0.024815
20	-2.6	0.027394
20	-2.5	0.028183
20	-2.4	0.029093
20	-2.3	0.029594
20	-2.2	0.031043
20	-2.1	0.032956
20	-2	0.034731
20	-1.9	0.034667
20	-1.8	0.033051
20	-1.7	0.029351
20	-1.6	0.026905
20	-1.5	0.027747
20	-1.4	0.031827
20	-1.3	0.043189
20	-1.2	0.049779
20	-1.1	0.054951
20	-1	0.060069
20	-0.9	0.059824
20	-0.8	0.054618
20	-0.7	0.047231
20	-0.6	0.035946
20	-0.5	0.027212
20	-0.4	0.020245
20	-0.3	0.015767
20	-0.2	0.014489
20	-0.1	0.015187
20	0	0.017555
20	0.1	0.021504
20	0.2	0.027472
20	0.3	0.035252
20	0.4	0.04307
20	0.5	0.049892
20	0.6	0.054649
20	0.7	0.056658
20	0.8	0.056412
20	0.9	0.053488
20	1	0.050517
20	1.1	0.047367
20	1.2	0.042576
20	1.3	0.040203
20	1.4	0.038363
20	1.5	0.037102
20	1.6	0.036175
20	1.7	0.035042
20	1.8	0.034466
20	1.9	0.033684
20	2	0.033316
20	2.1	0.031625
20	2.2	0.030139
20	2.3	0.028975
20	2.4	0.027241
20	2.5	0.024653
20	2.6	0.02252
20	2.7	0.021002
20	2.8	0.018163
20	2.9	0.017056
20	3	0.016444
20	3.1	0.014579
20	3.2	0.013603
20	3.3	0.012171
20	3.4	0.011838
20	3.5	0.012075
20	3.6	0.012358
20	3.7	0.012188
20	3.8	0.011378
20	3.9	0.010906
20	4	0.0094468
30	-4	0.0097598
30	-3.9	0.0092287
30	-3.8	0.0087966
30	-3.7	0.0088971
30	-3.6	0.0096733
30	-3.5	0.012483
30	-3.4	0.013847
30	-3.3	0.014256
30	-3.2	0.01354
30	-3.1	0.0138
30	-3	0.015393
30	-2.9	0.019234
30	-2.8	0.022948
30	-2.7	0.028003
30	-2.6	0.031014
30	-2.5	0.032102
30	-2.4	0.032125
30	-2.3	0.031968
30	-2.2	0.033064
30	-2.1	0.033532
30	-2	0.036451
30	-1.9	0.037084
30	-1.8	0.036148
30	-1.7	0.032835
30	-1.6	0.029448
30	-1.5	0.028204
30	-1.4	0.031998
30	-1.3	0.044655
30	-1.2	0.052459
30	-1.1	0.06003
30	-1	0.063337
30	-0.9	0.062281
30	-0.8	0.057125
30	-0.7	0.048637
30	-0.6	0.039362
30	-0.5	0.02787
30	-0.4	0.019331
30	-0.3	0.014364
30	-0.2	0.014495
30	-0.1	0.016254
30	0	0.019916
30	0.1	0.023869
30	0.2	0.029125
30	0.3	0.034295
30	0.4	0.043357
30	0.5	0.048664
30	0.6	0.054209
30	0.7	0.057562
30	0.8	0.057991
30	0.9	0.056765
30	1	0.053822
30	1.1	0.049152
30	1.2	0.043156
30	1.3	0.037868
30	1.4	0.034663
30	1.5	0.032502
30	1.6	0.032567
30	1.7	0.032483
30	1.8	0.031383
30	1.9	0.030843
30	2	0.028529
30	2.1	0.025925
30	2.2	0.024902
30	2.3	0.024638
30	2.4	0.024274
30	2.5	0.023722
30	2.6	0.021375
30	2.7	0.018971
30	2.8	0.01604
30	2.9	0.012796
30	3	0.011335
30	3.1	0.011698
30	3.2	0.012287
30	3.3	0.012603
30	3.4	0.012335
30	3.5	0.010511
30	3.6	0.0094022
30	3.7	0.0084
30	3.8	0.0085355
30	3.9	0.0087524
30	4	0.0093194
40	-4	0.0089694
40	-3.9	0.0086949
40	-3.8	0.0087172
40	-3.7	0.0093107
40	-3.6	0.010322
40	-3.5	0.011314
40	-3.4	0.012813
40	-3.3	0.013339
40	-3.2	0.013413
40	-3.1	0.013177
40	-3	0.013943
40	-2.9	0.017434
40	-2.8	0.021357
40	-2.7	0.024856
40	-2.6	0.027441
40	-2.5	0.028649
40	-2.4	0.029469
40	-2.3	0.030758
40	-2.2	0.031837
40	-2.1	0.032573
40	-2	0.033227
40	-1.9	0.033563
40	-1.8	0.032785
40	-1.7	0.03217
40	-1.6	0.030959
40	-1.5	0.030138
40	-1.4	0.033285
40	-1.3	0.040227
40	-1.2	0.047751
40	-1.1	0.057366
40	-1	0.061578
40	-0.9	0.064096
40	-0.8	0.061049
40	-0.7	0.053984
40	-0.6	0.046125
40	-0.5	0.032113
40	-0.4	0.023729
40	-0.3	0.018813
40	-0.2	0.013085
40	-0.1	0.013039
40	0	0.014516
40	0.1	0.017825
40	0.2	0.023863
40	0.3	0.028986
40	0.4	0.040102
40	0.5	0.046302
40	0.6	0.051212
40	0.7	0.057402
40	0.8	0.05909
40	0.9	0.058699
40	1	0.056951
40	1.1	0.052727
40	1.2	0.046422
40	1.3	0.043399
40	1.4	0.038097
40	1.5	0.034985
40	1.6	0.033029
40	1.7	0.032324
40	1.8	0.032361
40	1.9	0.032024
40	2	0.030974
40	2.1	0.028942
40	2.2	0.027025
40	2.3	0.024735
40	2.4	0.022855
40	2.5	0.020846
40	2.6	0.019937
40	2.7	0.01893
40	2.8	0.01759
40	2.9	0.015094
40	3	0.013241
40	3.1	0.012127
40	3.2	0.010317
40	3.3	0.0097117
40	3.4	0.010197
40	3.5	0.0099159
40	3.6	0.0097067
40	3.7	0.0088076
40	3.8	0.0081994
40	3.9	0.0078572
40	4	0.0071077
50	-4	0.0080623
50	-3.9	0.0079431
50	-3.8	0.0086203
50	-3.7	0.0087984
50	-3.6	0.010771
50	-3.5	0.011625
50	-3.4	0.012739
50	-3.3	0.013505
50	-3.2	0.014314
50	-3.1	0.01448
50	-3	0.015232
50	-2.9	0.018464
50	-2.8	0.021107
50	-2.7	0.024536
50	-2.6	0.02807
50	-2.5	0.029477
50	-2.4	0.031168
50	-2.3	0.032119
50	-2.2	0.03353
50	-2.1	0.034731
50	-2	0.034486
50	-1.9	0.034004
50	-1.8	0.03254
50	-1.7	0.030829
50	-1.6	0.03039
50	-1.5	0.030286
50	-1.4	0.034567
50	-1.3	0.040686
50	-1.2	0.048123
50	-1.1	0.056756
50	-1	0.062403
50	-0.9	0.063131
50	-0.8	0.061678
50	-0.7	0.055408
50	-0.6	0.048084
50	-0.5	0.039738
50	-0.4	0.028219
50	-0.3	0.020619
50	-0.2	0.01469
50	-0.1	0.01307
50	0	0.014192
50	0.1	0.015491
50	0.2	0.021513
50	0.3	0.028529
50	0.4	0.040624
50	0.5	0.047864
50	0.6	0.053691
50	0.7	0.057521
50	0.8	0.059174
50	0.9	0.058735
50	1	0.056752
50	1.1	0.053433
50	1.2	0.047434
50	1.3	0.045487
50	1.4	0.041291
50	1.5	0.039171
50	1.6	0.037182
50	1.7	0.034504
50	1.8	0.033788
50	1.9	0.032692
50	2	0.03048
50	2.1	0.028882
50	2.2	0.027471
50	2.3	0.0248
50	2.4	0.022871
50	2.5	0.019998
50	2.6	0.018312
50	2.7	0.016138
50	2.8	0.014805
50	2.9	0.013911
50	3	0.0137
50	3.1	0.012652
50	3.2	0.01151
50	3.3	0.0099452
50	3.4	0.007714
50	3.5	0.0073183
50	3.6	0.0074127
50	3.7	0.0088807
50	3.8	0.0096113
50	3.9	0.01029
50	4	0.0097183
60	-4	0.012765
60	-3.9	0.012981
60	-3.8	0.012387
60	-3.7	0.010506
60	-3.6	0.010108
60	-3.5	0.011121
60	-3.4	0.013646
60	-3.3	0.017468
60	-3.2	0.018278
60	-3.1	0.01819
60	-3	0.017471
60	-2.9	0.017517
60	-2.8	0.021209
60	-2.7	0.026593
60	-2.6	0.030961
60	-2.5	0.03469
60	-2.4	0.035346
60	-2.3	0.034423
60	-2.2	0.033335
60	-2.1	0.0336
60	-2	0.034771
60	-1.9	0.03657
60	-1.8	0.036443
60	-1.7	0.035265
60	-1.6	0.032181
60	-1.5	0.030312
60	-1.4	0.03054
60	-1.3	0.038165
60	-1.2	0.045099
60	-1.1	0.055892
60	-1	0.062923
60	-0.9	0.064227
60	-0.8	0.063428
60	-0.7	0.059925
60	-0.6	0.051878
60	-0.5	0.03873
60	-0.4	0.027967
60	-0.3	0.021847
60	-0.2	0.016614
60	-0.1	0.014854
60	0	0.016197
60	0.1	0.018801
60	0.2	0.024541
60	0.3	0.029681
60	0.4	0.03723
60	0.5	0.044613
60	0.6	0.048679
60	0.7	0.054945
60	0.8	0.056741
60	0.9	0.056193
60	1	0.053116
60	1.1	0.04811
60	1.2	0.042964
60	1.3	0.040013
60	1.4	0.036045
60	1.5	0.032165
60	1.6	0.031234
60	1.7	0.030458
60	1.8	0.030091
60	1.9	0.029794
60	2	0.028445
60	2.1	0.026613
60	2.2	0.025267
60	2.3	0.023457
60	2.4	0.022839
60	2.5	0.021549
60	2.6	0.020918
60	2.7	0.018896
60	2.8	0.017196
60	2.9	0.014754
60	3	0.01318
60	3.1	0.011639
60	3.2	0.011272
60	3.3	0.010989
60	3.4	0.011002
60	3.5	0.01079
60	3.6	0.0102
60	3.7	0.0096264
60	3.8	0.0088971
60	3.9	0.0093747
60	4	0.0095472
70	-4	0.010382
70	-3.9	0.010811
70	-3.8	0.010928
70	-3.7	0.011705
70	-3.6	0.012628
70	-3.5	0.013431
70	-3.4	0.013414
70	-3.3	0.013435
70	-3.2	0.014113
70	-3.1	0.015803
70	-3	0.018811
70	-2.9	0.020605
70	-2.8	0.024517
70	-2.7	0.025559
70	-2.6	0.027521
70	-2.5	0.029282
70	-2.4	0.03076
70	-2.3	0.031968
70	-2.2	0.033648
70	-2.1	0.034524
70	-2	0.034764
70	-1.9	0.034522
70	-1.8	0.033967
70	-1.7	0.032314
70	-1.6	0.03082
70	-1.5	0.030152
70	-1.4	0.0311
70	-1.3	0.037097
70	-1.2	0.044829
70	-1.1	0.051097
70	-1	0.057831
70	-0.9	0.063588
70	-0.8	0.062713
70	-0.7	0.058319
70	-0.6	0.053249
70	-0.5	0.045019
70	-0.4	0.034328
70	-0.3	0.024776
70	-0.2	0.021059
70	-0.1	0.015201
70	0	0.014513
70	0.1	0.01577
70	0.2	0.019367
70	0.3	0.025663
70	0.4	0.028677
70	0.5	0.041473
70	0.6	0.045089
70	0.7	0.053597
70	0.8	0.056771
70	0.9	0.059438
70	1	0.058816
70	1.1	0.055291
70	1.2	0.049777
70	1.3	0.04578
70	1.4	0.041807
70	1.5	0.038595
70	1.6	0.037051
70	1.7	0.035954
70	1.8	0.03512
70	1.9	0.034114
70	2	0.031305
70	2.1	0.028855
70	2.2	0.026306
70	2.3	0.025488
70	2.4	0.023982
70	2.5	0.023245
70	2.6	0.021101
70	2.7	0.017961
70	2.8	0.016807
70	2.9	0.013253
70	3	0.011059
70	3.1	0.010682
70	3.2	0.010712
70	3.3	0.012035
70	3.4	0.012082
70	3.5	0.011248
70	3.6	0.0094656
70	3.7	0.0086015
70	3.8	0.0079411
70	3.9	0.0073909
70	4	0.0077433
80	-4	0.011275
80	-3.9	0.01147
80	-3.8	0.010468
80	-3.7	0.0092059
80	-3.6	0.0089279
80	-3.5	0.009373
80	-3.4	0.011465
80	-3.3	0.013325
80	-3.2	0.014691
80	-3.1	0.014869
80	-3	0.014006
80	-2.9	0.0143
80	-2.8	0.018257
80	-2.7	0.022482
80	-2.6	0.02838
80	-2.5	0.031209
80	-2.4	0.030581
80	-2.3	0.029658
80	-2.2	0.029058
80	-2.1	0.029992
80	-2	0.034273
80	-1.9	0.036343
80	-1.8	0.036489
80	-1.7	0.03573
80	-1.6	0.031705
80	-1.5	0.029158
80	-1.4	0.030805
80	-1.3	0.034622
80	-1.2	0.043628
80	-1.1	0.05098
80	-1	0.056835
80	-0.9	0.063782
80	-0.8	0.066195
80	-0.7	0.062512
80	-0.6	0.058465
80	-0.5	0.0474
80	-0.4	0.036689
80	-0.3	0.026295
80	-0.2	0.017276
80	-0.1	0.01491
80	0	0.01364
80	0.1	0.01459
80	0.2	0.015607
80	0.3	0.020819
80	0.4	0.027083
80	0.5	0.037377
80	0.6	0.046309
80	0.7	0.052194
80	0.8	0.054639
80	0.9	0.05614
80	1	0.055702
80	1.1	0.053286
80	1.2	0.047825
80	1.3	0.045783
80	1.4	0.042919
80	1.5	0.0399
80	1.6	0.037559
80	1.7	0.035731
80	1.8	0.033541
80	1.9	0.032345
80	2	0.030647
80	2.1	0.029201
80	2.2	0.027257
80	2.3	0.026352
80	2.4	0.024822
80	2.5	0.021751
80	2.6	0.019861
80	2.7	0.018657
80	2.8	0.016762
80	2.9	0.015221
80	3	0.013049
80	3.1	0.012205
80	3.2	0.011527
80	3.3	0.011963
80	3.4	0.010952
80	3.5	0.010638
80	3.6	0.010203
80	3.7	0.010548
80	3.8	0.009976
80	3.9	0.0094878
80	4	0.0094091
90	-4	0.0097698
90	-3.9	0.0094997
90	-3.8	0.008008
90	-3.7	0.0069816
90	-3.6	0.0081102
90	-3.5	0.0088241
90	-3.4	0.012162
90	-3.3	0.013664
90	-3.2	0.013161
90	-3.1	0.012278
90	-3	0.011123
90	-2.9	0.013141
90	-2.8	0.017185
90	-2.7	0.020277
90	-2.6	0.026525
90	-2.5	0.029085
90	-2.4	0.031048
90	-2.3	0.031713
90	-2.2	0.032091
90	-2.1	0.032295
90	-2	0.033445
90	-1.9	0.035074
90	-1.8	0.035877
90	-1.7	0.035795
90	-1.6	0.033859
90	-1.5	0.032135
90	-1.4	0.030492
90	-1.3	0.034044
90	-1.2	0.040765
90	-1.1	0.047898
90	-1	0.057958
90	-0.9	0.06344
90	-0.8	0.064291
90	-0.7	0.060578
90	-0.6	0.054447
90	-0.5	0.047008
90	-0.4	0.039513
90	-0.3	0.028476
90	-0.2	0.021621
90	-0.1	0.016215
90	0	0.014773
90	0.1	0.014189
90	0.2	0.015227
90	0.3	0.019777
90	0.4	0.024591
90	0.5	0.029984
90	0.6	0.040004
90	0.7	0.045971
90	0.8	0.052096
90	0.9	0.054864
90	1	0.056076
90	1.1	0.054679
90	1.2	0.050976
90	1.3	0.046138
90	1.4	0.044116
90	1.5	0.039887
90	1.6	0.037815
90	1.7	0.035172
90	1.8	0.034432
90	1.9	0.033683
90	2	0.032933
90	2.1	0.03074
90	2.2	0.02777
90	2.3	0.025741
90	2.4	0.024568
90	2.5	0.022206
90	2.6	0.021335
90	2.7	0.019779
90	2.8	0.019126
90	2.9	0.016862
90	3	0.013598
90	3.1	0.011252
90	3.2	0.0095574
90	3.3	0.009997
90	3.4	0.0099841
90	3.5	0.010279
90	3.6	0.0099857
90	3.7	0.0099776
90	3.8	0.0093037
90	3.9	0.0083207
90	4	0.0071756
100	-4	0.0070735
100	-3.9	0.0070139
100	-3.8	0.0077453
100	-3.7	0.0079289
100	-3.6	0.0077203
100	-3.5	0.0074301
100	-3.4	0.007467
100	-3.3	0.0089405
100	-3.2	0.010468
100	-3.1	0.011544
100	-3	0.011485
100	-2.9	0.011463
100	-2.8	0.012469
100	-2.7	0.016515
100	-2.6	0.022091
100	-2.5	0.02442
100	-2.4	0.027267
100	-2.3	0.028644
100	-2.2	0.030378
100	-2.1	0.031036
100	-2	0.032982
100	-1.9	0.034786
100	-1.8	0.035793
100	-1.7	0.035016
100	-1.6	0.033086
100	-1.5	0.032255
100	-1.4	0.03007
100	-1.3	0.033333
100	-1.2	0.039972
100	-1.1	0.048919
100	-1	0.054606
100	-0.9	0.060318
100	-0.8	0.062024
100	-0.7	0.060963
100	-0.6	0.057384
100	-0.5	0.0502
100	-0.4	0.042505
100	-0.3	0.03343
100	-0.2	0.026687
100	-0.1	0.022262
100	0	0.01797
100	0.1	0.015507
100	0.2	0.015255
100	0.3	0.016785
100	0.4	0.022784
100	0.5	0.031255
100	0.6	0.037377
100	0.7	0.044013
100	0.8	0.049134
100	0.9	0.052432
100	1	0.052953
100	1.1	0.052405
100	1.2	0.050671
100	1.3	0.049569
100	1.4	0.044676
100	1.5	0.042609
100	1.6	0.039106
100	1.7	0.036551
100	1.8	0.034589
100	1.9	0.034098
100	2	0.034486
100	2.1	0.034294
100	2.2	0.032797
100	2.3	0.031145
100	2.4	0.026564
100	2.5	0.022675
100	2.6	0.018796
100	2.7	0.015433
100	2.8	0.014536
100	2.9	0.013413
100	3	0.012978
100	3.1	0.012088
100	3.2	0.010989
100	3.3	0.0093885
100	3.4	0.0080241
100	3.5	0.0076509
100	3.6	0.0078139
100	3.7	0.0086222
100	3.8	0.0084422
100	3.9	0.0088369
100	4	0.0087616
110	-4	0.0085996
110	-3.9	0.008769
110	-3.8	0.0084613
110	-3.7	0.0084537
110	-3.6	0.0081023
110	-3.5	0.0080643
110	-3.4	0.008148
110	-3.3	0.0092287
110	-3.2	0.010362
110	-3.1	0.010927
110	-3	0.010942
110	-2.9	0.011365
110	-2.8	0.012979
110	-2.7	0.016324
110	-2.6	0.020007
110	-2.5	0.023739
110	-2.4	0.025765
110	-2.3	0.028777
110	-2.2	0.030359
110	-2.1	0.031944
110	-2	0.034244
110	-1.9	0.035457
110	-1.8	0.035731
110	-1.7	0.035264
110	-1.6	0.033668
110	-1.5	0.0314
110	-1.4	0.030041
110	-1.3	0.030617
110	-1.2	0.035535
110	-1.1	0.042483
110	-1	0.049757
110	-0.9	0.05677
110	-0.8	0.059109
110	-0.7	0.058967
110	-0.6	0.056145
110	-0.5	0.048245
110	-0.4	0.041559
110	-0.3	0.035249
110	-0.2	0.027696
110	-0.1	0.023609
110	0	0.020536
110	0.1	0.018025
110	0.2	0.017191
110	0.3	0.017342
110	0.4	0.021833
110	0.5	0.025526
110	0.6	0.033717
110	0.7	0.040003
110	0.8	0.043837
110	0.9	0.048374
110	1	0.050612
110	1.1	0.05117
110	1.2	0.050952
110	1.3	0.049908
110	1.4	0.047566
110	1.5	0.044816
110	1.6	0.040552
110	1.7	0.037741
110	1.8	0.0359
110	1.9	0.034741
110	2	0.035243
110	2.1	0.035389
110	2.2	0.034194
110	2.3	0.032103
110	2.4	0.029352
110	2.5	0.024326
110	2.6	0.021208
110	2.7	0.017527
110	2.8	0.01676
110	2.9	0.016052
110	3	0.01441
110	3.1	0.012589
110	3.2	0.011475
110	3.3	0.009618
110	3.4	0.0090964
110	3.5	0.0093505
110	3.6	0.0092042
110	3.7	0.0090982
110	3.8	0.0080723
110	3.9	0.0072473
110	4	0.0074886
120	-4	0.010268
120	-3.9	0.011852
120	-3.8	0.012404
120	-3.7	0.011877
120	-3.6	0.0098979
120	-3.5	0.0083304
120	-3.4	0.008423
120	-3.3	0.009685
120	-3.2	0.011106
120	-3.1	0.011928
120	-3	0.01192
120	-2.9	0.011269
120	-2.8	0.011575
120	-2.7	0.014681
120	-2.6	0.017943
120	-2.5	0.024281
120	-2.4	0.026519
120	-2.3	0.028442
120	-2.2	0.028665
120	-2.1	0.028899
120	-2	0.029817
120	-1.9	0.031321
120	-1.8	0.033093
120	-1.7	0.034209
120	-1.6	0.032736
120	-1.5	0.030226
120	-1.4	0.026649
120	-1.3	0.025552
120	-1.2	0.030319
120	-1.1	0.033535
120	-1	0.04468
120	-0.9	0.052786
120	-0.8	0.057627
120	-0.7	0.0598
120	-0.6	0.05901
120	-0.5	0.055179
120	-0.4	0.046065
120	-0.3	0.038185
120	-0.2	0.029175
120	-0.1	0.023708
120	0	0.01998
120	0.1	0.016888
120	0.2	0.015431
120	0.3	0.016264
120	0.4	0.022245
120	0.5	0.025937
120	0.6	0.033014
120	0.7	0.041419
120	0.8	0.047517
120	0.9	0.050422
120	1	0.050834
120	1.1	0.049993
120	1.2	0.047484
120	1.3	0.044791
120	1.4	0.041239
120	1.5	0.03951
120	1.6	0.037577
120	1.7	0.036636
120	1.8	0.036349
120	1.9	0.036044
120	2	0.03539
120	2.1	0.034388
120	2.2	0.030973
120	2.3	0.029578
120	2.4	0.026649
120	2.5	0.024288
120	2.6	0.022723
120	2.7	0.02089
120	2.8	0.019721
120	2.9	0.017344
120	3	0.014987
120	3.1	0.01215
120	3.2	0.010307
120	3.3	0.010002
120	3.4	0.010265
120	3.5	0.012236
120	3.6	0.012283
120	3.7	0.011566
120	3.8	0.010159
120	3.9	0.0087653
120	4	0.0085582
130	-4	0.0073646
130	-3.9	0.0093003
130	-3.8	0.011996
130	-3.7	0.01199
130	-3.6	0.011008
130	-3.5	0.0090376
130	-3.4	0.0073117
130	-3.3	0.0081698
130	-3.2	0.0093574
130	-3.1	0.010759
130	-3	0.011342
130	-2.9	0.010635
130	-2.8	0.0095489
130	-2.7	0.011737
130	-2.6	0.016453
130	-2.5	0.020046
130	-2.4	0.024584
130	-2.3	0.026312
130	-2.2	0.02703
130	-2.1	0.027073
130	-2	0.027887
130	-1.9	0.029775
130	-1.8	0.031934
130	-1.7	0.033358
130	-1.6	0.032833
130	-1.5	0.029838
130	-1.4	0.025928
130	-1.3	0.023476
130	-1.2	0.024202
130	-1.1	0.031542
130	-1	0.042598
130	-0.9	0.051582
130	-0.8	0.055811
130	-0.7	0.058575
130	-0.6	0.055974
130	-0.5	0.05192
130	-0.4	0.042468
130	-0.3	0.034833
130	-0.2	0.02815
130	-0.1	0.022064
130	0	0.01934
130	0.1	0.016241
130	0.2	0.015941
130	0.3	0.016979
130	0.4	0.021271
130	0.5	0.02835
130	0.6	0.034608
130	0.7	0.041057
130	0.8	0.045676
130	0.9	0.047845
130	1	0.048305
130	1.1	0.047572
130	1.2	0.044587
130	1.3	0.043082
130	1.4	0.040037
130	1.5	0.037657
130	1.6	0.036181
130	1.7	0.034829
130	1.8	0.033838
130	1.9	0.033329
130	2	0.033095
130	2.1	0.03253
130	2.2	0.031177
130	2.3	0.029699
130	2.4	0.027161
130	2.5	0.025788
130	2.6	0.022974
130	2.7	0.021092
130	2.8	0.019036
130	2.9	0.017808
130	3	0.016499
130	3.1	0.013463
130	3.2	0.012392
130	3.3	0.011487
130	3.4	0.011804
130	3.5	0.012056
130	3.6	0.012344
130	3.7	0.012208
130	3.8	0.011503
130	3.9	0.011453
130	4	0.011272
140	-4	0.0067293
140	-3.9	0.0083052
140	-3.8	0.0088716
140	-3.7	0.0095489
140	-3.6	0.0089766
140	-3.5	0.0080281
140	-3.4	0.0072763
140	-3.3	0.0073931
140	-3.2	0.0080543
140	-3.1	0.0083382
140	-3	0.0085883
140	-2.9	0.007225
140	-2.8	0.0070438
140	-2.7	0.009924
140	-2.6	0.015838
140	-2.5	0.018579
140	-2.4	0.02214
140	-2.3	0.024297
140	-2.2	0.024636
140	-2.1	0.024529
140	-2	0.026141
140	-1.9	0.028958
140	-1.8	0.033472
140	-1.7	0.03478
140	-1.6	0.034318
140	-1.5	0.030549
140	-1.4	0.025451
140	-1.3	0.023894
140	-1.2	0.024673
140	-1.1	0.027792
140	-1	0.039493
140	-0.9	0.046731
140	-0.8	0.056009
140	-0.7	0.059557
140	-0.6	0.058751
140	-0.5	0.054399
140	-0.4	0.046608
140	-0.3	0.041206
140	-0.2	0.029026
140	-0.1	0.023944
140	0	0.020914
140	0.1	0.01767
140	0.2	0.017188
140	0.3	0.018961
140	0.4	0.021659
140	0.5	0.027784
140	0.6	0.033197
140	0.7	0.039565
140	0.8	0.04511
140	0.9	0.046065
140	1	0.047799
140	1.1	0.047624
140	1.2	0.046101
140	1.3	0.044012
140	1.4	0.041515
140	1.5	0.039522
140	1.6	0.037723
140	1.7	0.034866
140	1.8	0.033774
140	1.9	0.033511
140	2	0.034031
140	2.1	0.034466
140	2.2	0.033776
140	2.3	0.032657
140	2.4	0.031207
140	2.5	0.027582
140	2.6	0.025114
140	2.7	0.021837
140	2.8	0.019736
140	2.9	0.01811
140	3	0.017408
140	3.1	0.015346
140	3.2	0.013514
140	3.3	0.012523
140	3.4	0.012275
140	3.5	0.011773
140	3.6	0.011825
140	3.7	0.012346
140	3.8	0.012979
140	3.9	0.012505
140	4	0.011916
150	-4	0.0082427
150	-3.9	0.0093349
150	-3.8	0.010942
150	-3.7	0.010931
150	-3.6	0.010365
150	-3.5	0.0091567
150	-3.4	0.0077662
150	-3.3	0.0078593
150	-3.2	0.0095776
150	-3.1	0.010538
150	-3	0.0098881
150	-2.9	0.0085412
150	-2.8	0.0071598
150	-2.7	0.010813
150	-2.6	0.01322
150	-2.5	0.018689
150	-2.4	0.022595
150	-2.3	0.026074
150	-2.2	0.026328
150	-2.1	0.025327
150	-2	0.025581
150	-1.9	0.027374
150	-1.8	0.029812
150	-1.7	0.033455
150	-1.6	0.033869
150	-1.5	0.031341
150	-1.4	0.025441
150	-1.3	0.019286
150	-1.2	0.01827
150	-1.1	0.02291
150	-1	0.034221
150	-0.9	0.041342
150	-0.8	0.05279
150	-0.7	0.055264
150	-0.6	0.055369
150	-0.5	0.054359
150	-0.4	0.048699
150	-0.3	0.040365
150	-0.2	0.031535
150	-0.1	0.026296
150	0	0.023173
150	0.1	0.019406
150	0.2	0.018483
150	0.3	0.01989
150	0.4	0.022668
150	0.5	0.026518
150	0.6	0.035086
150	0.7	0.040981
150	0.8	0.04396
150	0.9	0.048468
150	1	0.049725
150	1.1	0.049279
150	1.2	0.047692
150	1.3	0.042935
150	1.4	0.039656
150	1.5	0.037091
150	1.6	0.03536
150	1.7	0.034891
150	1.8	0.03575
150	1.9	0.036878
150	2	0.036681
150	2.1	0.034971
150	2.2	0.032187
150	2.3	0.029592
150	2.4	0.026382
150	2.5	0.025241
150	2.6	0.02374
150	2.7	0.022649
150	2.8	0.021311
150	2.9	0.018742
150	3	0.015413
150	3.1	0.011434
150	3.2	0.010337
150	3.3	0.011096
150	3.4	0.013246
150	3.5	0.013675
150	3.6	0.013745
150	3.7	0.012868
150	3.8	0.010569
150	3.9	0.0089387
150	4	0.0086838
160	-4	0.0090466
160	-3.9	0.010707
160	-3.8	0.011017
160	-3.7	0.010414
160	-3.6	0.0089134
160	-3.5	0.0062873
160	-3.4	0.0062201
160	-3.3	0.0070507
160	-3.2	0.0094502
160	-3.1	0.010574
160	-3	0.010143
160	-2.9	0.00815
160	-2.8	0.0058561
160	-2.7	0.009255
160	-2.6	0.01208
160	-2.5	0.019361
160	-2.4	0.023911
160	-2.3	0.025754
160	-2.2	0.026428
160	-2.1	0.026376
160	-2	0.026344
160	-1.9	0.028687
160	-1.8	0.03148
160	-1.7	0.033288
160	-1.6	0.033167
160	-1.5	0.031406
160	-1.4	0.024995
160	-1.3	0.019348
160	-1.2	0.019127
160	-1.1	0.027071
160	-1	0.03591
160	-0.9	0.041479
160	-0.8	0.049197
160	-0.7	0.053456
160	-0.6	0.053731
160	-0.5	0.049683
160	-0.4	0.045112
160	-0.3	0.038484
160	-0.2	0.032056
160	-0.1	0.027641
160	0	0.024776
160	0.1	0.023085
160	0.2	0.022504
160	0.3	0.023798
160	0.4	0.026086
160	0.5	0.031853
160	0.6	0.035868
160	0.7	0.040037
160	0.8	0.043427
160	0.9	0.045561
160	1	0.045914
160	1.1	0.045676
160	1.2	0.042612
160	1.3	0.040079
160	1.4	0.038457
160	1.5	0.036261
160	1.6	0.034663
160	1.7	0.034569
160	1.8	0.035373
160	1.9	0.036908
160	2	0.03767
160	2.1	0.036659
160	2.2	0.035482
160	2.3	0.032564
160	2.4	0.030577
160	2.5	0.027549
160	2.6	0.023364
160	2.7	0.022505
160	2.8	0.020409
160	2.9	0.018378
160	3	0.015804
160	3.1	0.012819
160	3.2	0.011894
160	3.3	0.011288
160	3.4	0.011916
160	3.5	0.012578
160	3.6	0.012319
160	3.7	0.01199
160	3.8	0.010928
160	3.9	0.010466
160	4	0.0098094
170	-4	0.0089784
170	-3.9	0.011547
170	-3.8	0.012816
170	-3.7	0.013075
170	-3.6	0.012262
170	-3.5	0.010047
170	-3.4	0.008008
170	-3.3	0.0069561
170	-3.2	0.0091655
170	-3.1	0.010651
170	-3	0.010952
170	-2.9	0.009532
170	-2.8	0.0074236
170	-2.7	0.006846
170	-2.6	0.012708
170	-2.5	0.016811
170	-2.4	0.021699
170	-2.3	0.026381
170	-2.2	0.027436
170	-2.1	0.027511
170	-2	0.027882
170	-1.9	0.028328
170	-1.8	0.030039
170	-1.7	0.031553
170	-1.6	0.031483
170	-1.5	0.029877
170	-1.4	0.024421
170	-1.3	0.018633
170	-1.2	0.016852
170	-1.1	0.023122
170	-1	0.027792
170	-0.9	0.037923
170	-0.8	0.044156
170	-0.7	0.049461
170	-0.6	0.052361
170	-0.5	0.050636
170	-0.4	0.047177
170	-0.3	0.042437
170	-0.2	0.036296
170	-0.1	0.030689
170	0	0.027534
170	0.1	0.023256
170	0.2	0.022102
170	0.3	0.022906
170	0.4	0.027067
170	0.5	0.031666
170	0.6	0.035896
170	0.7	0.041887
170	0.8	0.045794
170	0.9	0.047301
170	1	0.047766
170	1.1	0.046547
170	1.2	0.0452
170	1.3	0.042018
170	1.4	0.040119
170	1.5	0.038226
170	1.6	0.037237
170	1.7	0.036777
170	1.8	0.036996
170	1.9	0.038154
170	2	0.038914
170	2.1	0.038155
170	2.2	0.036741
170	2.3	0.034307
170	2.4	0.031249
170	2.5	0.027249
170	2.6	0.021914
170	2.7	0.020161
170	2.8	0.018342
170	2.9	0.015998
170	3	0.014575
170	3.1	0.013209
170	3.2	0.012628
170	3.3	0.011924
170	3.4	0.010936
170	3.5	0.0096884
170	3.6	0.0092968
170	3.7	0.0093936
170	3.8	0.0098209
170	3.9	0.010325
170	4	0.010382
180	-4	0.0091989
180	-3.9	0.011135
180	-3.8	0.011932
180	-3.7	0.011608
180	-3.6	0.010129
180	-3.5	0.0084058
180	-3.4	0.0064996
180	-3.3	0.0064045
180	-3.2	0.0074994
180	-3.1	0.0083981
180	-3	0.0082329
180	-2.9	0.007007
180	-2.8	0.0074279
180	-2.7	0.010284
180	-2.6	0.013733
180	-2.5	0.020566
180	-2.4	0.022679
180	-2.3	0.024952
180	-2.2	0.025451
180	-2.1	0.025427
180	-2	0.025952
180	-1.9	0.027934
180	-1.8	0.030303
180	-1.7	0.03249
180	-1.6	0.032906
180	-1.5	0.031331
180	-1.4	0.026373
180	-1.3	0.018227
180	-1.2	0.014078
180	-1.1	0.018368
180	-1	0.024463
180	-0.9	0.04107
180	-0.8	0.04728
180	-0.7	0.053723
180	-0.6	0.054718
180	-0.5	0.054205
180	-0.4	0.050953
180	-0.3	0.042128
180	-0.2	0.036395
180	-0.1	0.02993
180	0	0.025988
180	0.1	0.022011
180	0.2	0.021531
180	0.3	0.022926
180	0.4	0.027854
180	0.5	0.033328
180	0.6	0.039999
180	0.7	0.045114
180	0.8	0.048308
180	0.9	0.050616
180	1	0.051258
180	1.1	0.049446
180	1.2	0.045575
180	1.3	0.041874
180	1.4	0.038483
180	1.5	0.036193
180	1.6	0.034741
180	1.7	0.034375
180	1.8	0.035253
180	1.9	0.036388
180	2	0.036189
180	2.1	0.034399
180	2.2	0.032049
180	2.3	0.029831
180	2.4	0.027968
180	2.5	0.024853
180	2.6	0.022402
180	2.7	0.019271
180	2.8	0.017764
180	2.9	0.014626
180	3	0.011698
180	3.1	0.010216
180	3.2	0.0098308
180	3.3	0.010246
180	3.4	0.0099224
180	3.5	0.0091567
180	3.6	0.0086633
180	3.7	0.0082544
180	3.8	0.0085827
180	3.9	0.0094228
180	4	0.0093384
 
Uniformity Ratio =0.65189
