09-Jan-2018
9:37
TXR  008044 RM428 R24
33511B Function Generator
SN =Agilent Technologies,33511B,MY52301476,3.05-1.19-2.00-52-00
freq =+9.320000000000000E+06
burstmode =TRIG
burstN =+6.000000000000000E+01
voltage =+1.5000000000000E-01
 
DSO-X 2022A Oscilloscope
SN =AGILENT TECHNOLOGIES,DSO-X 2022A,MY54310921,02.41.2015102200
probe =+1.0000000E+00
scale =+500.0E-09
position =+19.900000E-06
range =+1.60E+00
units =VOLT
points =+2000
pointmode =NORM
format =BYTE
acqtype =NORM
trigsource =EXT
coupling =AC
 
-180	-4	0.005631
-180	-3.9	0.0069071
-180	-3.8	0.0081757
-180	-3.7	0.0099436
-180	-3.6	0.010525
-180	-3.5	0.0098061
-180	-3.4	0.0083865
-180	-3.3	0.0059628
-180	-3.2	0.005979
-180	-3.1	0.0061232
-180	-3	0.0080482
-180	-2.9	0.0086819
-180	-2.8	0.0083576
-180	-2.7	0.0077516
-180	-2.6	0.0077662
-180	-2.5	0.010364
-180	-2.4	0.015727
-180	-2.3	0.019877
-180	-2.2	0.022504
-180	-2.1	0.025447
-180	-2	0.026414
-180	-1.9	0.028234
-180	-1.8	0.029424
-180	-1.7	0.030977
-180	-1.6	0.031836
-180	-1.5	0.03171
-180	-1.4	0.029561
-180	-1.3	0.026
-180	-1.2	0.023115
-180	-1.1	0.021288
-180	-1	0.025299
-180	-0.9	0.030732
-180	-0.8	0.038447
-180	-0.7	0.04603
-180	-0.6	0.052144
-180	-0.5	0.0533
-180	-0.4	0.051284
-180	-0.3	0.046465
-180	-0.2	0.038857
-180	-0.1	0.032209
-180	0	0.023968
-180	0.1	0.018325
-180	0.2	0.014526
-180	0.3	0.012084
-180	0.4	0.012011
-180	0.5	0.013831
-180	0.6	0.019234
-180	0.7	0.025369
-180	0.8	0.03311
-180	0.9	0.039195
-180	1	0.043841
-180	1.1	0.046514
-180	1.2	0.047691
-180	1.3	0.046976
-180	1.4	0.045322
-180	1.5	0.042794
-180	1.6	0.040391
-180	1.7	0.035934
-180	1.8	0.033046
-180	1.9	0.032714
-180	2	0.033181
-180	2.1	0.03427
-180	2.2	0.034912
-180	2.3	0.034593
-180	2.4	0.033025
-180	2.5	0.029825
-180	2.6	0.02596
-180	2.7	0.02231
-180	2.8	0.019181
-180	2.9	0.017056
-180	3	0.015087
-180	3.1	0.013691
-180	3.2	0.012765
-180	3.3	0.010833
-180	3.4	0.00973
-180	3.5	0.0088259
-180	3.6	0.0086968
-180	3.7	0.0085714
-180	3.8	0.0078757
-180	3.9	0.0079166
-180	4	0.0077807
-170	-4	0.0071621
-170	-3.9	0.0094108
-170	-3.8	0.011132
-170	-3.7	0.012035
-170	-3.6	0.011155
-170	-3.5	0.0090662
-170	-3.4	0.0070438
-170	-3.3	0.0061941
-170	-3.2	0.0078654
-170	-3.1	0.010268
-170	-3	0.010801
-170	-2.9	0.0093298
-170	-2.8	0.0071891
-170	-2.7	0.0056881
-170	-2.6	0.0087653
-170	-2.5	0.013308
-170	-2.4	0.018176
-170	-2.3	0.021342
-170	-2.2	0.023722
-170	-2.1	0.024173
-170	-2	0.024656
-170	-1.9	0.027023
-170	-1.8	0.030229
-170	-1.7	0.033961
-170	-1.6	0.036035
-170	-1.5	0.035881
-170	-1.4	0.033457
-170	-1.3	0.026656
-170	-1.2	0.021859
-170	-1.1	0.019792
-170	-1	0.026434
-170	-0.9	0.034712
-170	-0.8	0.045745
-170	-0.7	0.052827
-170	-0.6	0.054753
-170	-0.5	0.054012
-170	-0.4	0.049312
-170	-0.3	0.041636
-170	-0.2	0.034909
-170	-0.1	0.025128
-170	0	0.019769
-170	0.1	0.014174
-170	0.2	0.013079
-170	0.3	0.012704
-170	0.4	0.014281
-170	0.5	0.016324
-170	0.6	0.021873
-170	0.7	0.0293
-170	0.8	0.033672
-170	0.9	0.039855
-170	1	0.046017
-170	1.1	0.048033
-170	1.2	0.047799
-170	1.3	0.046336
-170	1.4	0.043181
-170	1.5	0.040683
-170	1.6	0.037145
-170	1.7	0.035319
-170	1.8	0.03388
-170	1.9	0.033862
-170	2	0.034023
-170	2.1	0.03377
-170	2.2	0.033491
-170	2.3	0.032843
-170	2.4	0.031866
-170	2.5	0.030092
-170	2.6	0.027566
-170	2.7	0.025776
-170	2.8	0.021959
-170	2.9	0.018578
-170	3	0.016953
-170	3.1	0.014591
-170	3.2	0.012996
-170	3.3	0.012774
-170	3.4	0.012982
-170	3.5	0.013169
-170	3.6	0.012657
-170	3.7	0.011134
-170	3.8	0.010575
-170	3.9	0.0091672
-170	4	0.0098011
-160	-4	0.0054886
-160	-3.9	0.0075231
-160	-3.8	0.010323
-160	-3.7	0.012438
-160	-3.6	0.013254
-160	-3.5	0.011465
-160	-3.4	0.0087376
-160	-3.3	0.0068436
-160	-3.2	0.0069444
-160	-3.1	0.0087542
-160	-3	0.01146
-160	-2.9	0.011841
-160	-2.8	0.011001
-160	-2.7	0.0069977
-160	-2.6	0.0070895
-160	-2.5	0.011755
-160	-2.4	0.018013
-160	-2.3	0.024221
-160	-2.2	0.028107
-160	-2.1	0.028936
-160	-2	0.028605
-160	-1.9	0.028212
-160	-1.8	0.02991
-160	-1.7	0.032617
-160	-1.6	0.035368
-160	-1.5	0.037956
-160	-1.4	0.035697
-160	-1.3	0.031435
-160	-1.2	0.025281
-160	-1.1	0.021578
-160	-1	0.025091
-160	-0.9	0.03409
-160	-0.8	0.046226
-160	-0.7	0.052807
-160	-0.6	0.057723
-160	-0.5	0.058156
-160	-0.4	0.054127
-160	-0.3	0.04642
-160	-0.2	0.035771
-160	-0.1	0.027794
-160	0	0.020273
-160	0.1	0.01466
-160	0.2	0.012544
-160	0.3	0.013028
-160	0.4	0.014557
-160	0.5	0.018692
-160	0.6	0.026053
-160	0.7	0.034248
-160	0.8	0.040172
-160	0.9	0.04568
-160	1	0.049423
-160	1.1	0.050868
-160	1.2	0.049457
-160	1.3	0.047566
-160	1.4	0.044282
-160	1.5	0.039714
-160	1.6	0.037136
-160	1.7	0.03469
-160	1.8	0.033884
-160	1.9	0.034003
-160	2	0.034094
-160	2.1	0.033942
-160	2.2	0.032914
-160	2.3	0.031603
-160	2.4	0.029744
-160	2.5	0.027658
-160	2.6	0.026066
-160	2.7	0.024092
-160	2.8	0.022531
-160	2.9	0.020401
-160	3	0.018674
-160	3.1	0.016634
-160	3.2	0.014333
-160	3.3	0.012409
-160	3.4	0.010923
-160	3.5	0.01081
-160	3.6	0.011062
-160	3.7	0.011529
-160	3.8	0.01153
-160	3.9	0.010917
-160	4	0.010348
-150	-4	0.0092007
-150	-3.9	0.0092007
-150	-3.8	0.0098176
-150	-3.7	0.010002
-150	-3.6	0.010659
-150	-3.5	0.011379
-150	-3.4	0.011558
-150	-3.3	0.011547
-150	-3.2	0.011378
-150	-3.1	0.010477
-150	-3	0.010058
-150	-2.9	0.0092077
-150	-2.8	0.0082915
-150	-2.7	0.0086071
-150	-2.6	0.011474
-150	-2.5	0.01605
-150	-2.4	0.019582
-150	-2.3	0.023412
-150	-2.2	0.025373
-150	-2.1	0.027634
-150	-2	0.029736
-150	-1.9	0.031854
-150	-1.8	0.034888
-150	-1.7	0.037555
-150	-1.6	0.03911
-150	-1.5	0.038089
-150	-1.4	0.035015
-150	-1.3	0.029468
-150	-1.2	0.026401
-150	-1.1	0.027343
-150	-1	0.031771
-150	-0.9	0.039319
-150	-0.8	0.049464
-150	-0.7	0.05249
-150	-0.6	0.056051
-150	-0.5	0.055697
-150	-0.4	0.051979
-150	-0.3	0.042524
-150	-0.2	0.034475
-150	-0.1	0.027158
-150	0	0.020855
-150	0.1	0.016347
-150	0.2	0.014378
-150	0.3	0.014754
-150	0.4	0.016997
-150	0.5	0.022644
-150	0.6	0.031118
-150	0.7	0.036475
-150	0.8	0.044406
-150	0.9	0.048548
-150	1	0.05177
-150	1.1	0.052029
-150	1.2	0.049965
-150	1.3	0.047786
-150	1.4	0.045565
-150	1.5	0.043594
-150	1.6	0.040463
-150	1.7	0.038171
-150	1.8	0.036384
-150	1.9	0.035598
-150	2	0.034904
-150	2.1	0.034407
-150	2.2	0.034323
-150	2.3	0.033957
-150	2.4	0.032879
-150	2.5	0.028821
-150	2.6	0.026511
-150	2.7	0.022743
-150	2.8	0.021116
-150	2.9	0.017872
-150	3	0.015841
-150	3.1	0.014784
-150	3.2	0.01307
-150	3.3	0.011813
-150	3.4	0.010241
-150	3.5	0.0089297
-150	3.6	0.009705
-150	3.7	0.010912
-150	3.8	0.011821
-150	3.9	0.011778
-150	4	0.011355
-140	-4	0.0095557
-140	-3.9	0.01103
-140	-3.8	0.012425
-140	-3.7	0.012235
-140	-3.6	0.011282
-140	-3.5	0.010098
-140	-3.4	0.0091319
-140	-3.3	0.010268
-140	-3.2	0.011286
-140	-3.1	0.012076
-140	-3	0.011334
-140	-2.9	0.0091514
-140	-2.8	0.0072629
-140	-2.7	0.0098209
-140	-2.6	0.013861
-140	-2.5	0.018263
-140	-2.4	0.023846
-140	-2.3	0.025999
-140	-2.2	0.027549
-140	-2.1	0.028312
-140	-2	0.029526
-140	-1.9	0.031167
-140	-1.8	0.035602
-140	-1.7	0.039123
-140	-1.6	0.041167
-140	-1.5	0.040834
-140	-1.4	0.035365
-140	-1.3	0.027608
-140	-1.2	0.024305
-140	-1.1	0.026141
-140	-1	0.03723
-140	-0.9	0.044324
-140	-0.8	0.053789
-140	-0.7	0.057426
-140	-0.6	0.058369
-140	-0.5	0.055978
-140	-0.4	0.050363
-140	-0.3	0.039915
-140	-0.2	0.032148
-140	-0.1	0.022428
-140	0	0.017557
-140	0.1	0.01483
-140	0.2	0.01458
-140	0.3	0.016408
-140	0.4	0.018601
-140	0.5	0.025562
-140	0.6	0.031862
-140	0.7	0.038626
-140	0.8	0.044
-140	0.9	0.048284
-140	1	0.05132
-140	1.1	0.051184
-140	1.2	0.049929
-140	1.3	0.046205
-140	1.4	0.043037
-140	1.5	0.040337
-140	1.6	0.037364
-140	1.7	0.035894
-140	1.8	0.035521
-140	1.9	0.036
-140	2	0.036478
-140	2.1	0.036328
-140	2.2	0.036315
-140	2.3	0.035705
-140	2.4	0.033058
-140	2.5	0.029577
-140	2.6	0.026692
-140	2.7	0.024266
-140	2.8	0.021644
-140	2.9	0.019852
-140	3	0.017467
-140	3.1	0.016075
-140	3.2	0.01481
-140	3.3	0.013444
-140	3.4	0.012452
-140	3.5	0.011326
-140	3.6	0.012135
-140	3.7	0.012762
-140	3.8	0.013575
-140	3.9	0.012993
-140	4	0.012321
-130	-4	0.0093436
-130	-3.9	0.011751
-130	-3.8	0.013487
-130	-3.7	0.014178
-130	-3.6	0.013202
-130	-3.5	0.010744
-130	-3.4	0.0082446
-130	-3.3	0.0082759
-130	-3.2	0.010016
-130	-3.1	0.012575
-130	-3	0.01308
-130	-2.9	0.011465
-130	-2.8	0.0080442
-130	-2.7	0.0082954
-130	-2.6	0.01372
-130	-2.5	0.019268
-130	-2.4	0.025891
-130	-2.3	0.028667
-130	-2.2	0.03007
-130	-2.1	0.030675
-130	-2	0.031059
-130	-1.9	0.034659
-130	-1.8	0.037929
-130	-1.7	0.04116
-130	-1.6	0.042564
-130	-1.5	0.040351
-130	-1.4	0.036303
-130	-1.3	0.03041
-130	-1.2	0.02652
-130	-1.1	0.029347
-130	-1	0.041001
-130	-0.9	0.04839
-130	-0.8	0.058376
-130	-0.7	0.0614
-130	-0.6	0.060768
-130	-0.5	0.054183
-130	-0.4	0.043785
-130	-0.3	0.035942
-130	-0.2	0.027224
-130	-0.1	0.019143
-130	0	0.015813
-130	0.1	0.015434
-130	0.2	0.016699
-130	0.3	0.019575
-130	0.4	0.023756
-130	0.5	0.031918
-130	0.6	0.037012
-130	0.7	0.044627
-130	0.8	0.049426
-130	0.9	0.052325
-130	1	0.053372
-130	1.1	0.052334
-130	1.2	0.050189
-130	1.3	0.046179
-130	1.4	0.043388
-130	1.5	0.039916
-130	1.6	0.036332
-130	1.7	0.034757
-130	1.8	0.03454
-130	1.9	0.035157
-130	2	0.035585
-130	2.1	0.036108
-130	2.2	0.035626
-130	2.3	0.034979
-130	2.4	0.031955
-130	2.5	0.029039
-130	2.6	0.026567
-130	2.7	0.024602
-130	2.8	0.023272
-130	2.9	0.022192
-130	3	0.019959
-130	3.1	0.017653
-130	3.2	0.015171
-130	3.3	0.012527
-130	3.4	0.012184
-130	3.5	0.013209
-130	3.6	0.015435
-130	3.7	0.015872
-130	3.8	0.015179
-130	3.9	0.014163
-130	4	0.012867
-120	-4	0.01093
-120	-3.9	0.012336
-120	-3.8	0.013495
-120	-3.7	0.013563
-120	-3.6	0.012659
-120	-3.5	0.011715
-120	-3.4	0.010552
-120	-3.3	0.01048
-120	-3.2	0.011072
-120	-3.1	0.011599
-120	-3	0.012308
-120	-2.9	0.011636
-120	-2.8	0.011141
-120	-2.7	0.011508
-120	-2.6	0.014108
-120	-2.5	0.019271
-120	-2.4	0.023392
-120	-2.3	0.028334
-120	-2.2	0.032691
-120	-2.1	0.034583
-120	-2	0.036717
-120	-1.9	0.038471
-120	-1.8	0.039372
-120	-1.7	0.040327
-120	-1.6	0.040129
-120	-1.5	0.037864
-120	-1.4	0.034503
-120	-1.3	0.031429
-120	-1.2	0.031138
-120	-1.1	0.034174
-120	-1	0.040641
-120	-0.9	0.049509
-120	-0.8	0.053495
-120	-0.7	0.056617
-120	-0.6	0.056114
-120	-0.5	0.051605
-120	-0.4	0.042898
-120	-0.3	0.034555
-120	-0.2	0.027611
-120	-0.1	0.022828
-120	0	0.017164
-120	0.1	0.015182
-120	0.2	0.014643
-120	0.3	0.01609
-120	0.4	0.020608
-120	0.5	0.026269
-120	0.6	0.035821
-120	0.7	0.04332
-120	0.8	0.048988
-120	0.9	0.051726
-120	1	0.052352
-120	1.1	0.051206
-120	1.2	0.049298
-120	1.3	0.046962
-120	1.4	0.045014
-120	1.5	0.042819
-120	1.6	0.040867
-120	1.7	0.039141
-120	1.8	0.038262
-120	1.9	0.037463
-120	2	0.036166
-120	2.1	0.035807
-120	2.2	0.035041
-120	2.3	0.032632
-120	2.4	0.030915
-120	2.5	0.028199
-120	2.6	0.02508
-120	2.7	0.020497
-120	2.8	0.017108
-120	2.9	0.014739
-120	3	0.01304
-120	3.1	0.012487
-120	3.2	0.012199
-120	3.3	0.011557
-120	3.4	0.010999
-120	3.5	0.010598
-120	3.6	0.010102
-120	3.7	0.0092252
-120	3.8	0.0089442
-120	3.9	0.0093833
-120	4	0.010323
-110	-4	0.011284
-110	-3.9	0.013066
-110	-3.8	0.013662
-110	-3.7	0.013383
-110	-3.6	0.011597
-110	-3.5	0.0092077
-110	-3.4	0.0084307
-110	-3.3	0.0095337
-110	-3.2	0.011115
-110	-3.1	0.012449
-110	-3	0.012298
-110	-2.9	0.011112
-110	-2.8	0.009009
-110	-2.7	0.010066
-110	-2.6	0.013902
-110	-2.5	0.019824
-110	-2.4	0.026353
-110	-2.3	0.029758
-110	-2.2	0.031955
-110	-2.1	0.032723
-110	-2	0.032903
-110	-1.9	0.033382
-110	-1.8	0.034925
-110	-1.7	0.037065
-110	-1.6	0.038697
-110	-1.5	0.038382
-110	-1.4	0.035101
-110	-1.3	0.031545
-110	-1.2	0.027513
-110	-1.1	0.029013
-110	-1	0.040908
-110	-0.9	0.047957
-110	-0.8	0.053397
-110	-0.7	0.058217
-110	-0.6	0.057178
-110	-0.5	0.050979
-110	-0.4	0.045818
-110	-0.3	0.038703
-110	-0.2	0.026894
-110	-0.1	0.020759
-110	0	0.016203
-110	0.1	0.014725
-110	0.2	0.014666
-110	0.3	0.018187
-110	0.4	0.024673
-110	0.5	0.030726
-110	0.6	0.037251
-110	0.7	0.043013
-110	0.8	0.050742
-110	0.9	0.052556
-110	1	0.053318
-110	1.1	0.051808
-110	1.2	0.050288
-110	1.3	0.04746
-110	1.4	0.044823
-110	1.5	0.041564
-110	1.6	0.038903
-110	1.7	0.037969
-110	1.8	0.036842
-110	1.9	0.035996
-110	2	0.035333
-110	2.1	0.035819
-110	2.2	0.035846
-110	2.3	0.034672
-110	2.4	0.030484
-110	2.5	0.027536
-110	2.6	0.02407
-110	2.7	0.019842
-110	2.8	0.016438
-110	2.9	0.015132
-110	3	0.014589
-110	3.1	0.014644
-110	3.2	0.014252
-110	3.3	0.013023
-110	3.4	0.011506
-110	3.5	0.010604
-110	3.6	0.010786
-110	3.7	0.011392
-110	3.8	0.011126
-110	3.9	0.011148
-110	4	0.011639
-100	-4	0.010323
-100	-3.9	0.011232
-100	-3.8	0.01181
-100	-3.7	0.012349
-100	-3.6	0.012166
-100	-3.5	0.011255
-100	-3.4	0.010393
-100	-3.3	0.010081
-100	-3.2	0.010862
-100	-3.1	0.011235
-100	-3	0.01088
-100	-2.9	0.010153
-100	-2.8	0.0099257
-100	-2.7	0.011678
-100	-2.6	0.017884
-100	-2.5	0.022156
-100	-2.4	0.02579
-100	-2.3	0.028131
-100	-2.2	0.030666
-100	-2.1	0.032278
-100	-2	0.036202
-100	-1.9	0.038346
-100	-1.8	0.040187
-100	-1.7	0.040483
-100	-1.6	0.039474
-100	-1.5	0.034144
-100	-1.4	0.031515
-100	-1.3	0.027747
-100	-1.2	0.028508
-100	-1.1	0.032431
-100	-1	0.039528
-100	-0.9	0.048673
-100	-0.8	0.053058
-100	-0.7	0.055352
-100	-0.6	0.052891
-100	-0.5	0.048209
-100	-0.4	0.039455
-100	-0.3	0.032844
-100	-0.2	0.027254
-100	-0.1	0.020434
-100	0	0.01747
-100	0.1	0.016696
-100	0.2	0.017568
-100	0.3	0.01924
-100	0.4	0.023982
-100	0.5	0.033059
-100	0.6	0.038118
-100	0.7	0.042438
-100	0.8	0.047025
-100	0.9	0.049145
-100	1	0.050135
-100	1.1	0.048208
-100	1.2	0.046977
-100	1.3	0.043894
-100	1.4	0.040624
-100	1.5	0.03712
-100	1.6	0.034784
-100	1.7	0.035127
-100	1.8	0.036088
-100	1.9	0.037534
-100	2	0.037904
-100	2.1	0.037235
-100	2.2	0.035893
-100	2.3	0.031374
-100	2.4	0.029185
-100	2.5	0.024963
-100	2.6	0.022823
-100	2.7	0.021205
-100	2.8	0.020053
-100	2.9	0.018614
-100	3	0.015917
-100	3.1	0.014068
-100	3.2	0.012272
-100	3.3	0.011388
-100	3.4	0.011789
-100	3.5	0.012734
-100	3.6	0.013596
-100	3.7	0.012954
-100	3.8	0.011752
-100	3.9	0.010607
-100	4	0.011155
-90	-4	0.0097499
-90	-3.9	0.010633
-90	-3.8	0.010707
-90	-3.7	0.010323
-90	-3.6	0.009783
-90	-3.5	0.010034
-90	-3.4	0.010141
-90	-3.3	0.010298
-90	-3.2	0.01013
-90	-3.1	0.0093211
-90	-3	0.0088003
-90	-2.9	0.0085279
-90	-2.8	0.011144
-90	-2.7	0.013978
-90	-2.6	0.018112
-90	-2.5	0.022474
-90	-2.4	0.025079
-90	-2.3	0.027872
-90	-2.2	0.030131
-90	-2.1	0.032692
-90	-2	0.034923
-90	-1.9	0.037138
-90	-1.8	0.039253
-90	-1.7	0.039387
-90	-1.6	0.036795
-90	-1.5	0.032663
-90	-1.4	0.029166
-90	-1.3	0.027478
-90	-1.2	0.030823
-90	-1.1	0.036069
-90	-1	0.045933
-90	-0.9	0.051292
-90	-0.8	0.054917
-90	-0.7	0.054805
-90	-0.6	0.05024
-90	-0.5	0.045819
-90	-0.4	0.035328
-90	-0.3	0.029978
-90	-0.2	0.022915
-90	-0.1	0.017131
-90	0	0.015858
-90	0.1	0.014923
-90	0.2	0.016497
-90	0.3	0.019703
-90	0.4	0.02601
-90	0.5	0.033908
-90	0.6	0.040092
-90	0.7	0.045214
-90	0.8	0.047634
-90	0.9	0.048615
-90	1	0.047645
-90	1.1	0.04391
-90	1.2	0.041744
-90	1.3	0.040297
-90	1.4	0.038735
-90	1.5	0.037746
-90	1.6	0.036273
-90	1.7	0.035603
-90	1.8	0.035353
-90	1.9	0.034593
-90	2	0.032815
-90	2.1	0.032134
-90	2.2	0.031149
-90	2.3	0.029681
-90	2.4	0.026998
-90	2.5	0.02395
-90	2.6	0.021924
-90	2.7	0.01938
-90	2.8	0.017884
-90	2.9	0.015413
-90	3	0.01305
-90	3.1	0.011747
-90	3.2	0.011813
-90	3.3	0.011564
-90	3.4	0.010987
-90	3.5	0.011034
-90	3.6	0.010718
-90	3.7	0.010996
-90	3.8	0.010503
-90	3.9	0.009618
-90	4	0.0097863
-80	-4	0.010896
-80	-3.9	0.012482
-80	-3.8	0.01327
-80	-3.7	0.012134
-80	-3.6	0.0096147
-80	-3.5	0.0083846
-80	-3.4	0.0086577
-80	-3.3	0.01063
-80	-3.2	0.012367
-80	-3.1	0.011825
-80	-3	0.0091195
-80	-2.9	0.0076888
-80	-2.8	0.009554
-80	-2.7	0.015166
-80	-2.6	0.02161
-80	-2.5	0.027241
-80	-2.4	0.030143
-80	-2.3	0.031072
-80	-2.2	0.03115
-80	-2.1	0.031606
-80	-2	0.033186
-80	-1.9	0.036342
-80	-1.8	0.038991
-80	-1.7	0.039308
-80	-1.6	0.037783
-80	-1.5	0.030584
-80	-1.4	0.024977
-80	-1.3	0.023785
-80	-1.2	0.028479
-80	-1.1	0.037298
-80	-1	0.046594
-80	-0.9	0.054128
-80	-0.8	0.057333
-80	-0.7	0.056334
-80	-0.6	0.051153
-80	-0.5	0.041416
-80	-0.4	0.033908
-80	-0.3	0.025602
-80	-0.2	0.018729
-80	-0.1	0.016726
-80	0	0.01448
-80	0.1	0.015607
-80	0.2	0.019382
-80	0.3	0.021981
-80	0.4	0.029676
-80	0.5	0.037155
-80	0.6	0.042089
-80	0.7	0.045421
-80	0.8	0.047584
-80	0.9	0.047522
-80	1	0.045622
-80	1.1	0.042439
-80	1.2	0.039503
-80	1.3	0.035298
-80	1.4	0.032946
-80	1.5	0.031068
-80	1.6	0.030308
-80	1.7	0.030874
-80	1.8	0.032169
-80	1.9	0.032607
-80	2	0.031647
-80	2.1	0.03056
-80	2.2	0.027982
-80	2.3	0.026892
-80	2.4	0.023612
-80	2.5	0.022661
-80	2.6	0.02183
-80	2.7	0.020708
-80	2.8	0.01953
-80	2.9	0.016553
-80	3	0.013734
-80	3.1	0.012106
-80	3.2	0.010769
-80	3.3	0.011736
-80	3.4	0.01268
-80	3.5	0.013108
-80	3.6	0.013075
-80	3.7	0.013006
-80	3.8	0.012094
-80	3.9	0.01086
-80	4	0.011275
-70	-4	0.010727
-70	-3.9	0.011758
-70	-3.8	0.01193
-70	-3.7	0.01071
-70	-3.6	0.0099061
-70	-3.5	0.0089369
-70	-3.4	0.0090501
-70	-3.3	0.010119
-70	-3.2	0.011112
-70	-3.1	0.011209
-70	-3	0.010354
-70	-2.9	0.01005
-70	-2.8	0.01194
-70	-2.7	0.016473
-70	-2.6	0.022558
-70	-2.5	0.027525
-70	-2.4	0.029845
-70	-2.3	0.031465
-70	-2.2	0.031769
-70	-2.1	0.032401
-70	-2	0.035142
-70	-1.9	0.037059
-70	-1.8	0.038331
-70	-1.7	0.037604
-70	-1.6	0.033743
-70	-1.5	0.028328
-70	-1.4	0.024633
-70	-1.3	0.025155
-70	-1.2	0.030683
-70	-1.1	0.037534
-70	-1	0.047519
-70	-0.9	0.052103
-70	-0.8	0.054007
-70	-0.7	0.052377
-70	-0.6	0.047674
-70	-0.5	0.043159
-70	-0.4	0.03296
-70	-0.3	0.02395
-70	-0.2	0.019795
-70	-0.1	0.016057
-70	0	0.013945
-70	0.1	0.013975
-70	0.2	0.0164
-70	0.3	0.020802
-70	0.4	0.027675
-70	0.5	0.035407
-70	0.6	0.042925
-70	0.7	0.046506
-70	0.8	0.048042
-70	0.9	0.048707
-70	1	0.04755
-70	1.1	0.044741
-70	1.2	0.038672
-70	1.3	0.033932
-70	1.4	0.032461
-70	1.5	0.029953
-70	1.6	0.029973
-70	1.7	0.030465
-70	1.8	0.031845
-70	1.9	0.03249
-70	2	0.031821
-70	2.1	0.029325
-70	2.2	0.027295
-70	2.3	0.024639
-70	2.4	0.022767
-70	2.5	0.020726
-70	2.6	0.019004
-70	2.7	0.017114
-70	2.8	0.015915
-70	2.9	0.013681
-70	3	0.011989
-70	3.1	0.010192
-70	3.2	0.0096432
-70	3.3	0.010134
-70	3.4	0.011278
-70	3.5	0.011426
-70	3.6	0.011437
-70	3.7	0.011014
-70	3.8	0.010373
-70	3.9	0.010023
-70	4	0.0099191
-60	-4	0.011429
-60	-3.9	0.012187
-60	-3.8	0.01166
-60	-3.7	0.010213
-60	-3.6	0.0080342
-60	-3.5	0.0079898
-60	-3.4	0.010073
-60	-3.3	0.011864
-60	-3.2	0.011769
-60	-3.1	0.010899
-60	-3	0.0089928
-60	-2.9	0.0084211
-60	-2.8	0.011868
-60	-2.7	0.016504
-60	-2.6	0.022113
-60	-2.5	0.026005
-60	-2.4	0.028162
-60	-2.3	0.02979
-60	-2.2	0.031397
-60	-2.1	0.034922
-60	-2	0.037368
-60	-1.9	0.040077
-60	-1.8	0.040501
-60	-1.7	0.037898
-60	-1.6	0.033432
-60	-1.5	0.029101
-60	-1.4	0.024711
-60	-1.3	0.026224
-60	-1.2	0.031944
-60	-1.1	0.042674
-60	-1	0.048948
-60	-0.9	0.055755
-60	-0.8	0.055903
-60	-0.7	0.053389
-60	-0.6	0.046908
-60	-0.5	0.038301
-60	-0.4	0.030016
-60	-0.3	0.023856
-60	-0.2	0.020707
-60	-0.1	0.017569
-60	0	0.016014
-60	0.1	0.015705
-60	0.2	0.018982
-60	0.3	0.020941
-60	0.4	0.02824
-60	0.5	0.034822
-60	0.6	0.040224
-60	0.7	0.04312
-60	0.8	0.044213
-60	0.9	0.043783
-60	1	0.042231
-60	1.1	0.040416
-60	1.2	0.037706
-60	1.3	0.035468
-60	1.4	0.033728
-60	1.5	0.03193
-60	1.6	0.030535
-60	1.7	0.029904
-60	1.8	0.031174
-60	1.9	0.032121
-60	2	0.032326
-60	2.1	0.031581
-60	2.2	0.029981
-60	2.3	0.026941
-60	2.4	0.024212
-60	2.5	0.020651
-60	2.6	0.016807
-60	2.7	0.015546
-60	2.8	0.013933
-60	2.9	0.012477
-60	3	0.011714
-60	3.1	0.010591
-60	3.2	0.010183
-60	3.3	0.0090305
-60	3.4	0.0085771
-60	3.5	0.0086353
-60	3.6	0.008344
-60	3.7	0.0088661
-60	3.8	0.0091142
-60	3.9	0.0089712
-60	4	0.0088076
-50	-4	0.013471
-50	-3.9	0.014025
-50	-3.8	0.012876
-50	-3.7	0.010482
-50	-3.6	0.0085393
-50	-3.5	0.0084671
-50	-3.4	0.010505
-50	-3.3	0.012079
-50	-3.2	0.013178
-50	-3.1	0.012557
-50	-3	0.010552
-50	-2.9	0.0097879
-50	-2.8	0.013892
-50	-2.7	0.017651
-50	-2.6	0.023695
-50	-2.5	0.029254
-50	-2.4	0.03094
-50	-2.3	0.031637
-50	-2.2	0.03269
-50	-2.1	0.034836
-50	-2	0.038104
-50	-1.9	0.039674
-50	-1.8	0.03956
-50	-1.7	0.036847
-50	-1.6	0.032961
-50	-1.5	0.026509
-50	-1.4	0.023697
-50	-1.3	0.028307
-50	-1.2	0.035032
-50	-1.1	0.043211
-50	-1	0.050071
-50	-0.9	0.054048
-50	-0.8	0.054895
-50	-0.7	0.051029
-50	-0.6	0.046554
-50	-0.5	0.036698
-50	-0.4	0.028319
-50	-0.3	0.023865
-50	-0.2	0.01996
-50	-0.1	0.01829
-50	0	0.016498
-50	0.1	0.015862
-50	0.2	0.018514
-50	0.3	0.024524
-50	0.4	0.029546
-50	0.5	0.036236
-50	0.6	0.041001
-50	0.7	0.044588
-50	0.8	0.045918
-50	0.9	0.044365
-50	1	0.043117
-50	1.1	0.039289
-50	1.2	0.035814
-50	1.3	0.03416
-50	1.4	0.032003
-50	1.5	0.031819
-50	1.6	0.031992
-50	1.7	0.032046
-50	1.8	0.032427
-50	1.9	0.032509
-50	2	0.031211
-50	2.1	0.02911
-50	2.2	0.026987
-50	2.3	0.025997
-50	2.4	0.023605
-50	2.5	0.020639
-50	2.6	0.018372
-50	2.7	0.016096
-50	2.8	0.01309
-50	2.9	0.011155
-50	3	0.010307
-50	3.1	0.0103
-50	3.2	0.010452
-50	3.3	0.010835
-50	3.4	0.01005
-50	3.5	0.0093367
-50	3.6	0.0084211
-50	3.7	0.008545
-50	3.8	0.0085808
-50	3.9	0.0089369
-50	4	0.0087837
-40	-4	0.014184
-40	-3.9	0.013919
-40	-3.8	0.01271
-40	-3.7	0.0094929
-40	-3.6	0.0087487
-40	-3.5	0.0094844
-40	-3.4	0.011789
-40	-3.3	0.013382
-40	-3.2	0.012666
-40	-3.1	0.0094142
-40	-3	0.008313
-40	-2.9	0.011356
-40	-2.8	0.017363
-40	-2.7	0.022738
-40	-2.6	0.026755
-40	-2.5	0.029044
-40	-2.4	0.03009
-40	-2.3	0.030881
-40	-2.2	0.033056
-40	-2.1	0.034758
-40	-2	0.037039
-40	-1.9	0.038893
-40	-1.8	0.039092
-40	-1.7	0.036193
-40	-1.6	0.031772
-40	-1.5	0.026331
-40	-1.4	0.023544
-40	-1.3	0.026312
-40	-1.2	0.036242
-40	-1.1	0.045984
-40	-1	0.051964
-40	-0.9	0.056702
-40	-0.8	0.056116
-40	-0.7	0.05238
-40	-0.6	0.043558
-40	-0.5	0.038527
-40	-0.4	0.030029
-40	-0.3	0.024893
-40	-0.2	0.020718
-40	-0.1	0.018251
-40	0	0.016435
-40	0.1	0.016481
-40	0.2	0.019369
-40	0.3	0.024645
-40	0.4	0.031598
-40	0.5	0.035625
-40	0.6	0.043462
-40	0.7	0.044524
-40	0.8	0.045469
-40	0.9	0.044098
-40	1	0.04123
-40	1.1	0.03867
-40	1.2	0.035046
-40	1.3	0.032124
-40	1.4	0.029599
-40	1.5	0.028791
-40	1.6	0.028657
-40	1.7	0.028757
-40	1.8	0.029914
-40	1.9	0.030224
-40	2	0.030218
-40	2.1	0.028455
-40	2.2	0.026349
-40	2.3	0.022957
-40	2.4	0.021128
-40	2.5	0.019544
-40	2.6	0.017718
-40	2.7	0.016522
-40	2.8	0.015593
-40	2.9	0.014282
-40	3	0.011878
-40	3.1	0.010951
-40	3.2	0.011151
-40	3.3	0.011454
-40	3.4	0.010703
-40	3.5	0.010306
-40	3.6	0.0090964
-40	3.7	0.0087598
-40	3.8	0.0088039
-40	3.9	0.0088424
-40	4	0.0090126
-30	-4	0.012196
-30	-3.9	0.011599
-30	-3.8	0.010603
-30	-3.7	0.0085846
-30	-3.6	0.0091831
-30	-3.5	0.010738
-30	-3.4	0.012088
-30	-3.3	0.011396
-30	-3.2	0.0096264
-30	-3.1	0.0078531
-30	-3	0.0099938
-30	-2.9	0.013885
-30	-2.8	0.018647
-30	-2.7	0.02292
-30	-2.6	0.02517
-30	-2.5	0.027522
-30	-2.4	0.029053
-30	-2.3	0.030167
-30	-2.2	0.032481
-30	-2.1	0.035685
-30	-2	0.03929
-30	-1.9	0.041057
-30	-1.8	0.040667
-30	-1.7	0.034107
-30	-1.6	0.029694
-30	-1.5	0.023976
-30	-1.4	0.02381
-30	-1.3	0.030302
-30	-1.2	0.040775
-30	-1.1	0.047708
-30	-1	0.055047
-30	-0.9	0.05784
-30	-0.8	0.056516
-30	-0.7	0.05355
-30	-0.6	0.043312
-30	-0.5	0.037428
-30	-0.4	0.027325
-30	-0.3	0.022519
-30	-0.2	0.018506
-30	-0.1	0.016991
-30	0	0.016736
-30	0.1	0.017295
-30	0.2	0.021025
-30	0.3	0.025963
-30	0.4	0.03242
-30	0.5	0.038179
-30	0.6	0.044029
-30	0.7	0.046285
-30	0.8	0.046712
-30	0.9	0.044204
-30	1	0.042329
-30	1.1	0.038303
-30	1.2	0.035004
-30	1.3	0.031633
-30	1.4	0.029493
-30	1.5	0.028684
-30	1.6	0.028941
-30	1.7	0.029718
-30	1.8	0.030338
-30	1.9	0.031074
-30	2	0.031708
-30	2.1	0.030767
-30	2.2	0.028662
-30	2.3	0.025274
-30	2.4	0.022817
-30	2.5	0.021261
-30	2.6	0.018392
-30	2.7	0.017242
-30	2.8	0.016086
-30	2.9	0.015934
-30	3	0.013848
-30	3.1	0.012219
-30	3.2	0.010795
-30	3.3	0.010632
-30	3.4	0.011318
-30	3.5	0.011275
-30	3.6	0.011381
-30	3.7	0.010683
-30	3.8	0.010303
-30	3.9	0.0098439
-30	4	0.0088039
-20	-4	0.011825
-20	-3.9	0.012352
-20	-3.8	0.010902
-20	-3.7	0.010303
-20	-3.6	0.010213
-20	-3.5	0.010642
-20	-3.4	0.010603
-20	-3.3	0.010418
-20	-3.2	0.0095489
-20	-3.1	0.009084
-20	-3	0.010488
-20	-2.9	0.013877
-20	-2.8	0.0184
-20	-2.7	0.021262
-20	-2.6	0.025365
-20	-2.5	0.028517
-20	-2.4	0.030127
-20	-2.3	0.031681
-20	-2.2	0.033906
-20	-2.1	0.036932
-20	-2	0.041725
-20	-1.9	0.043018
-20	-1.8	0.041557
-20	-1.7	0.035544
-20	-1.6	0.03139
-20	-1.5	0.024978
-20	-1.4	0.024832
-20	-1.3	0.032264
-20	-1.2	0.042633
-20	-1.1	0.051492
-20	-1	0.057248
-20	-0.9	0.058554
-20	-0.8	0.056418
-20	-0.7	0.050866
-20	-0.6	0.046209
-20	-0.5	0.039098
-20	-0.4	0.031107
-20	-0.3	0.025151
-20	-0.2	0.021614
-20	-0.1	0.019358
-20	0	0.018205
-20	0.1	0.018799
-20	0.2	0.023345
-20	0.3	0.0274
-20	0.4	0.033279
-20	0.5	0.038592
-20	0.6	0.045582
-20	0.7	0.047443
-20	0.8	0.047964
-20	0.9	0.045943
-20	1	0.0423
-20	1.1	0.039305
-20	1.2	0.035961
-20	1.3	0.033084
-20	1.4	0.03114
-20	1.5	0.031099
-20	1.6	0.031868
-20	1.7	0.0325
-20	1.8	0.032211
-20	1.9	0.031826
-20	2	0.031219
-20	2.1	0.029521
-20	2.2	0.027461
-20	2.3	0.025574
-20	2.4	0.024512
-20	2.5	0.022399
-20	2.6	0.020703
-20	2.7	0.018503
-20	2.8	0.016423
-20	2.9	0.014571
-20	3	0.011698
-20	3.1	0.010766
-20	3.2	0.010959
-20	3.3	0.012046
-20	3.4	0.012613
-20	3.5	0.012491
-20	3.6	0.011782
-20	3.7	0.010706
-20	3.8	0.0096248
-20	3.9	0.0097449
-20	4	0.01018
-10	-4	0.011558
-10	-3.9	0.011024
-10	-3.8	0.0095793
-10	-3.7	0.0081401
-10	-3.6	0.0078077
-10	-3.5	0.0085752
-10	-3.4	0.0095878
-10	-3.3	0.010497
-10	-3.2	0.010285
-10	-3.1	0.0086801
-10	-3	0.0077828
-10	-2.9	0.010948
-10	-2.8	0.014197
-10	-2.7	0.020475
-10	-2.6	0.026487
-10	-2.5	0.029633
-10	-2.4	0.031632
-10	-2.3	0.031625
-10	-2.2	0.031944
-10	-2.1	0.033083
-10	-2	0.03619
-10	-1.9	0.039983
-10	-1.8	0.04031
-10	-1.7	0.038066
-10	-1.6	0.031614
-10	-1.5	0.02506
-10	-1.4	0.023234
-10	-1.3	0.029481
-10	-1.2	0.039457
-10	-1.1	0.046494
-10	-1	0.055761
-10	-0.9	0.058428
-10	-0.8	0.05797
-10	-0.7	0.053327
-10	-0.6	0.04756
-10	-0.5	0.040999
-10	-0.4	0.030464
-10	-0.3	0.026434
-10	-0.2	0.021414
-10	-0.1	0.018186
-10	0	0.016302
-10	0.1	0.017608
-10	0.2	0.020903
-10	0.3	0.026663
-10	0.4	0.036105
-10	0.5	0.041655
-10	0.6	0.047254
-10	0.7	0.048984
-10	0.8	0.04911
-10	0.9	0.047494
-10	1	0.042839
-10	1.1	0.038418
-10	1.2	0.035595
-10	1.3	0.032502
-10	1.4	0.030065
-10	1.5	0.029817
-10	1.6	0.029728
-10	1.7	0.030411
-10	1.8	0.029601
-10	1.9	0.028854
-10	2	0.027642
-10	2.1	0.026414
-10	2.2	0.024929
-10	2.3	0.023187
-10	2.4	0.022555
-10	2.5	0.022034
-10	2.6	0.020707
-10	2.7	0.018057
-10	2.8	0.015761
-10	2.9	0.01372
-10	3	0.011683
-10	3.1	0.011145
-10	3.2	0.012495
-10	3.3	0.012911
-10	3.4	0.012988
-10	3.5	0.012473
-10	3.6	0.011132
-10	3.7	0.010219
-10	3.8	0.01001
-10	3.9	0.010164
-10	4	0.01103
0	-4	0.012513
0	-3.9	0.011882
0	-3.8	0.010068
0	-3.7	0.0078901
0	-3.6	0.0070346
0	-3.5	0.0082427
0	-3.4	0.0091831
0	-3.3	0.011046
0	-3.2	0.010911
0	-3.1	0.0094194
0	-3	0.0078036
0	-2.9	0.0097681
0	-2.8	0.014821
0	-2.7	0.021889
0	-2.6	0.025801
0	-2.5	0.029542
0	-2.4	0.031438
0	-2.3	0.032474
0	-2.2	0.033882
0	-2.1	0.035444
0	-2	0.037849
0	-1.9	0.04063
0	-1.8	0.041483
0	-1.7	0.038617
0	-1.6	0.03346
0	-1.5	0.028953
0	-1.4	0.025681
0	-1.3	0.031273
0	-1.2	0.034819
0	-1.1	0.046443
0	-1	0.05472
0	-0.9	0.058681
0	-0.8	0.058684
0	-0.7	0.055854
0	-0.6	0.049204
0	-0.5	0.038656
0	-0.4	0.033151
0	-0.3	0.026921
0	-0.2	0.023237
0	-0.1	0.020209
0	0	0.018693
0	0.1	0.018509
0	0.2	0.020333
0	0.3	0.025786
0	0.4	0.032896
0	0.5	0.04048
0	0.6	0.045138
0	0.7	0.048868
0	0.8	0.050386
0	0.9	0.049235
0	1	0.047199
0	1.1	0.04441
0	1.2	0.039621
0	1.3	0.037394
0	1.4	0.034726
0	1.5	0.032488
0	1.6	0.031772
0	1.7	0.03216
0	1.8	0.033127
0	1.9	0.033518
0	2	0.032867
0	2.1	0.031232
0	2.2	0.02875
0	2.3	0.02517
0	2.4	0.021481
0	2.5	0.019344
0	2.6	0.016953
0	2.7	0.016383
0	2.8	0.015162
0	2.9	0.013732
0	3	0.012844
0	3.1	0.012092
0	3.2	0.011186
0	3.3	0.010367
0	3.4	0.0097978
0	3.5	0.00969
0	3.6	0.0093902
0	3.7	0.0088131
0	3.8	0.0086278
0	3.9	0.0081698
0	4	0.0084594
10	-4	0.012432
10	-3.9	0.011909
10	-3.8	0.010105
10	-3.7	0.0078962
10	-3.6	0.0061206
10	-3.5	0.0067053
10	-3.4	0.0098225
10	-3.3	0.010987
10	-3.2	0.011278
10	-3.1	0.0099841
10	-3	0.0081381
10	-2.9	0.0082876
10	-2.8	0.013904
10	-2.7	0.018748
10	-2.6	0.026073
10	-2.5	0.028601
10	-2.4	0.03106
10	-2.3	0.03184
10	-2.2	0.032004
10	-2.1	0.033778
10	-2	0.036152
10	-1.9	0.038518
10	-1.8	0.039236
10	-1.7	0.036897
10	-1.6	0.029924
10	-1.5	0.02746
10	-1.4	0.023014
10	-1.3	0.027749
10	-1.2	0.034443
10	-1.1	0.044371
10	-1	0.052526
10	-0.9	0.057925
10	-0.8	0.058453
10	-0.7	0.054286
10	-0.6	0.047606
10	-0.5	0.039403
10	-0.4	0.031598
10	-0.3	0.024171
10	-0.2	0.020491
10	-0.1	0.018113
10	0	0.017912
10	0.1	0.018174
10	0.2	0.021069
10	0.3	0.025719
10	0.4	0.034708
10	0.5	0.039062
10	0.6	0.045694
10	0.7	0.048056
10	0.8	0.048361
10	0.9	0.046681
10	1	0.042775
10	1.1	0.040688
10	1.2	0.035865
10	1.3	0.033081
10	1.4	0.030635
10	1.5	0.030062
10	1.6	0.029685
10	1.7	0.030511
10	1.8	0.031622
10	1.9	0.031344
10	2	0.030963
10	2.1	0.028875
10	2.2	0.026373
10	2.3	0.024002
10	2.4	0.02165
10	2.5	0.020105
10	2.6	0.018351
10	2.7	0.016654
10	2.8	0.016184
10	2.9	0.014619
10	3	0.013244
10	3.1	0.012527
10	3.2	0.011319
10	3.3	0.0111
10	3.4	0.011131
10	3.5	0.010772
10	3.6	0.010604
10	3.7	0.010668
10	3.8	0.010378
10	3.9	0.010827
10	4	0.01065
20	-4	0.01073
20	-3.9	0.011269
20	-3.8	0.010007
20	-3.7	0.0081817
20	-3.6	0.0072896
20	-3.5	0.0072563
20	-3.4	0.0090929
20	-3.3	0.0096113
20	-3.2	0.0090323
20	-3.1	0.0081202
20	-3	0.0072473
20	-2.9	0.0088989
20	-2.8	0.014365
20	-2.7	0.020443
20	-2.6	0.0242
20	-2.5	0.027853
20	-2.4	0.029536
20	-2.3	0.030102
20	-2.2	0.030878
20	-2.1	0.0339
20	-2	0.036891
20	-1.9	0.040333
20	-1.8	0.04076
20	-1.7	0.039452
20	-1.6	0.034259
20	-1.5	0.027621
20	-1.4	0.023922
20	-1.3	0.02832
20	-1.2	0.034443
20	-1.1	0.042486
20	-1	0.052071
20	-0.9	0.056092
20	-0.8	0.057312
20	-0.7	0.054702
20	-0.6	0.048745
20	-0.5	0.040007
20	-0.4	0.032674
20	-0.3	0.025336
20	-0.2	0.019107
20	-0.1	0.016996
20	0	0.016082
20	0.1	0.016696
20	0.2	0.020107
20	0.3	0.024695
20	0.4	0.031633
20	0.5	0.039528
20	0.6	0.046045
20	0.7	0.049592
20	0.8	0.050486
20	0.9	0.048955
20	1	0.045886
20	1.1	0.040794
20	1.2	0.0369
20	1.3	0.034809
20	1.4	0.03213
20	1.5	0.031687
20	1.6	0.031819
20	1.7	0.032369
20	1.8	0.031994
20	1.9	0.030958
20	2	0.030041
20	2.1	0.028896
20	2.2	0.027315
20	2.3	0.025842
20	2.4	0.023756
20	2.5	0.02172
20	2.6	0.020458
20	2.7	0.017472
20	2.8	0.014958
20	2.9	0.013822
20	3	0.013229
20	3.1	0.011904
20	3.2	0.011136
20	3.3	0.010845
20	3.4	0.01086
20	3.5	0.010747
20	3.6	0.010607
20	3.7	0.01071
20	3.8	0.010793
20	3.9	0.011272
20	4	0.010734
30	-4	0.010525
30	-3.9	0.011626
30	-3.8	0.010835
30	-3.7	0.009862
30	-3.6	0.0084556
30	-3.5	0.0074972
30	-3.4	0.0077014
30	-3.3	0.0093349
30	-3.2	0.0092724
30	-3.1	0.0083692
30	-3	0.0080301
30	-2.9	0.0093037
30	-2.8	0.013159
30	-2.7	0.018584
30	-2.6	0.022931
30	-2.5	0.025621
30	-2.4	0.028063
30	-2.3	0.028804
30	-2.2	0.029234
30	-2.1	0.030071
30	-2	0.031795
30	-1.9	0.0351
30	-1.8	0.036661
30	-1.7	0.035381
30	-1.6	0.03104
30	-1.5	0.024656
30	-1.4	0.021793
30	-1.3	0.023618
30	-1.2	0.032947
30	-1.1	0.03723
30	-1	0.049004
30	-0.9	0.054086
30	-0.8	0.057655
30	-0.7	0.055603
30	-0.6	0.049732
30	-0.5	0.041613
30	-0.4	0.035087
30	-0.3	0.023445
30	-0.2	0.019102
30	-0.1	0.015626
30	0	0.014672
30	0.1	0.014793
30	0.2	0.017979
30	0.3	0.023589
30	0.4	0.031216
30	0.5	0.038212
30	0.6	0.045026
30	0.7	0.05006
30	0.8	0.051156
30	0.9	0.050377
30	1	0.047855
30	1.1	0.043315
30	1.2	0.03922
30	1.3	0.034729
30	1.4	0.032118
30	1.5	0.03132
30	1.6	0.032157
30	1.7	0.032283
30	1.8	0.031753
30	1.9	0.030393
30	2	0.028565
30	2.1	0.027398
30	2.2	0.025524
30	2.3	0.024531
30	2.4	0.023728
30	2.5	0.022468
30	2.6	0.021549
30	2.7	0.0186
30	2.8	0.015621
30	2.9	0.013261
30	3	0.011844
30	3.1	0.012152
30	3.2	0.012019
30	3.3	0.012268
30	3.4	0.012043
30	3.5	0.011326
30	3.6	0.0098143
30	3.7	0.0099663
30	3.8	0.010626
30	3.9	0.011329
30	4	0.012331
40	-4	0.010946
40	-3.9	0.011001
40	-3.8	0.010354
40	-3.7	0.008667
40	-3.6	0.0072696
40	-3.5	0.0074648
40	-3.4	0.008313
40	-3.3	0.0096783
40	-3.2	0.0091901
40	-3.1	0.0073974
40	-3	0.0070507
40	-2.9	0.0084192
40	-2.8	0.012973
40	-2.7	0.017541
40	-2.6	0.020877
40	-2.5	0.024072
40	-2.4	0.026406
40	-2.3	0.028862
40	-2.2	0.029958
40	-2.1	0.032067
40	-2	0.034587
40	-1.9	0.037009
40	-1.8	0.038361
40	-1.7	0.037672
40	-1.6	0.034274
40	-1.5	0.029603
40	-1.4	0.025976
40	-1.3	0.02523
40	-1.2	0.029674
40	-1.1	0.037413
40	-1	0.044823
40	-0.9	0.05252
40	-0.8	0.0554
40	-0.7	0.05404
40	-0.6	0.050091
40	-0.5	0.045197
40	-0.4	0.035008
40	-0.3	0.026871
40	-0.2	0.021661
40	-0.1	0.017357
40	0	0.015657
40	0.1	0.015311
40	0.2	0.01666
40	0.3	0.020336
40	0.4	0.025455
40	0.5	0.03152
40	0.6	0.038573
40	0.7	0.045407
40	0.8	0.048639
40	0.9	0.050333
40	1	0.049169
40	1.1	0.04518
40	1.2	0.041069
40	1.3	0.036334
40	1.4	0.033062
40	1.5	0.03155
40	1.6	0.032084
40	1.7	0.033401
40	1.8	0.034319
40	1.9	0.034207
40	2	0.032584
40	2.1	0.03099
40	2.2	0.027519
40	2.3	0.02509
40	2.4	0.023225
40	2.5	0.021983
40	2.6	0.020887
40	2.7	0.019705
40	2.8	0.017589
40	2.9	0.015362
40	3	0.013374
40	3.1	0.012699
40	3.2	0.013024
40	3.3	0.013127
40	3.4	0.013309
40	3.5	0.012835
40	3.6	0.012264
40	3.7	0.011136
40	3.8	0.011299
40	3.9	0.010741
40	4	0.011282
50	-4	0.0089315
50	-3.9	0.0094895
50	-3.8	0.0095911
50	-3.7	0.0094211
50	-3.6	0.0086034
50	-3.5	0.0077579
50	-3.4	0.0077412
50	-3.3	0.0087228
50	-3.2	0.0095523
50	-3.1	0.0090787
50	-3	0.0075445
50	-2.9	0.0072629
50	-2.8	0.0090448
50	-2.7	0.013331
50	-2.6	0.018281
50	-2.5	0.023486
50	-2.4	0.025404
50	-2.3	0.027992
50	-2.2	0.02929
50	-2.1	0.031199
50	-2	0.034605
50	-1.9	0.03648
50	-1.8	0.038718
50	-1.7	0.038573
50	-1.6	0.036512
50	-1.5	0.031928
50	-1.4	0.02506
50	-1.3	0.023358
50	-1.2	0.026067
50	-1.1	0.034356
50	-1	0.043459
50	-0.9	0.048851
50	-0.8	0.054776
50	-0.7	0.055468
50	-0.6	0.051707
50	-0.5	0.046329
50	-0.4	0.038657
50	-0.3	0.030709
50	-0.2	0.022408
50	-0.1	0.015769
50	0	0.013609
50	0.1	0.013657
50	0.2	0.014582
50	0.3	0.018498
50	0.4	0.022843
50	0.5	0.031717
50	0.6	0.039601
50	0.7	0.044621
50	0.8	0.048011
50	0.9	0.049517
50	1	0.048249
50	1.1	0.045783
50	1.2	0.040432
50	1.3	0.037111
50	1.4	0.033648
50	1.5	0.032909
50	1.6	0.033388
50	1.7	0.034748
50	1.8	0.035106
50	1.9	0.034427
50	2	0.032882
50	2.1	0.030474
50	2.2	0.028857
50	2.3	0.027364
50	2.4	0.026339
50	2.5	0.025633
50	2.6	0.023879
50	2.7	0.021479
50	2.8	0.018938
50	2.9	0.014948
50	3	0.012634
50	3.1	0.012369
50	3.2	0.012513
50	3.3	0.013481
50	3.4	0.013892
50	3.5	0.013743
50	3.6	0.013215
50	3.7	0.012748
50	3.8	0.012787
50	3.9	0.012076
50	4	0.012902
60	-4	0.0085902
60	-3.9	0.010137
60	-3.8	0.010728
60	-3.7	0.010398
60	-3.6	0.0091972
60	-3.5	0.0075552
60	-3.4	0.0073117
60	-3.3	0.0078222
60	-3.2	0.0082993
60	-3.1	0.0088204
60	-3	0.0083692
60	-2.9	0.0077391
60	-2.8	0.0076972
60	-2.7	0.010863
60	-2.6	0.014423
60	-2.5	0.021534
60	-2.4	0.026218
60	-2.3	0.029341
60	-2.2	0.031343
60	-2.1	0.03233
60	-2	0.033576
60	-1.9	0.035115
60	-1.8	0.036234
60	-1.7	0.037614
60	-1.6	0.036646
60	-1.5	0.033559
60	-1.4	0.030533
60	-1.3	0.026652
60	-1.2	0.026419
60	-1.1	0.031417
60	-1	0.038506
60	-0.9	0.047778
60	-0.8	0.053706
60	-0.7	0.055456
60	-0.6	0.053825
60	-0.5	0.048739
60	-0.4	0.038961
60	-0.3	0.032767
60	-0.2	0.023913
60	-0.1	0.019575
60	0	0.01558
60	0.1	0.01399
60	0.2	0.014129
60	0.3	0.016945
60	0.4	0.023574
60	0.5	0.029358
60	0.6	0.037264
60	0.7	0.045742
60	0.8	0.048659
60	0.9	0.049905
60	1	0.048802
60	1.1	0.047121
60	1.2	0.043275
60	1.3	0.040232
60	1.4	0.039102
60	1.5	0.036
60	1.6	0.035338
60	1.7	0.034493
60	1.8	0.033805
60	1.9	0.032783
60	2	0.031991
60	2.1	0.030561
60	2.2	0.030216
60	2.3	0.027424
60	2.4	0.025102
60	2.5	0.021861
60	2.6	0.019197
60	2.7	0.016496
60	2.8	0.014354
60	2.9	0.013317
60	3	0.01177
60	3.1	0.01158
60	3.2	0.011033
60	3.3	0.010529
60	3.4	0.010384
60	3.5	0.010111
60	3.6	0.010307
60	3.7	0.010432
60	3.8	0.010169
60	3.9	0.010192
60	4	0.010293
70	-4	0.0095387
70	-3.9	0.01073
70	-3.8	0.011043
70	-3.7	0.010964
70	-3.6	0.0095979
70	-3.5	0.0092532
70	-3.4	0.0084785
70	-3.3	0.0088534
70	-3.2	0.0093609
70	-3.1	0.00969
70	-3	0.0091884
70	-2.9	0.0080462
70	-2.8	0.0080663
70	-2.7	0.0094039
70	-2.6	0.013552
70	-2.5	0.020408
70	-2.4	0.025444
70	-2.3	0.028368
70	-2.2	0.030802
70	-2.1	0.033398
70	-2	0.034918
70	-1.9	0.037677
70	-1.8	0.039252
70	-1.7	0.040383
70	-1.6	0.039275
70	-1.5	0.036628
70	-1.4	0.031536
70	-1.3	0.027582
70	-1.2	0.02749
70	-1.1	0.033018
70	-1	0.038561
70	-0.9	0.048571
70	-0.8	0.053264
70	-0.7	0.055597
70	-0.6	0.053199
70	-0.5	0.049948
70	-0.4	0.03895
70	-0.3	0.032704
70	-0.2	0.025055
70	-0.1	0.018142
70	0	0.014108
70	0.1	0.012893
70	0.2	0.013111
70	0.3	0.01549
70	0.4	0.019752
70	0.5	0.027067
70	0.6	0.033096
70	0.7	0.041476
70	0.8	0.045725
70	0.9	0.048802
70	1	0.049274
70	1.1	0.047375
70	1.2	0.045262
70	1.3	0.041634
70	1.4	0.038927
70	1.5	0.036224
70	1.6	0.034642
70	1.7	0.033989
70	1.8	0.03413
70	1.9	0.034181
70	2	0.033269
70	2.1	0.032755
70	2.2	0.03243
70	2.3	0.030688
70	2.4	0.027696
70	2.5	0.024854
70	2.6	0.020328
70	2.7	0.018422
70	2.8	0.015924
70	2.9	0.014693
70	3	0.014039
70	3.1	0.013378
70	3.2	0.013119
70	3.3	0.011874
70	3.4	0.011279
70	3.5	0.010514
70	3.6	0.010741
70	3.7	0.010903
70	3.8	0.010167
70	3.9	0.0099906
70	4	0.010092
80	-4	0.0092602
80	-3.9	0.011826
80	-3.8	0.013124
80	-3.7	0.013231
80	-3.6	0.011646
80	-3.5	0.0093885
80	-3.4	0.007886
80	-3.3	0.008425
80	-3.2	0.010153
80	-3.1	0.01165
80	-3	0.011112
80	-2.9	0.0096549
80	-2.8	0.0075424
80	-2.7	0.0094519
80	-2.6	0.014381
80	-2.5	0.01846
80	-2.4	0.023965
80	-2.3	0.027289
80	-2.2	0.029308
80	-2.1	0.031273
80	-2	0.033644
80	-1.9	0.035892
80	-1.8	0.039548
80	-1.7	0.041223
80	-1.6	0.041655
80	-1.5	0.037541
80	-1.4	0.03258
80	-1.3	0.02645
80	-1.2	0.025697
80	-1.1	0.030199
80	-1	0.039662
80	-0.9	0.048482
80	-0.8	0.054955
80	-0.7	0.057969
80	-0.6	0.057533
80	-0.5	0.051629
80	-0.4	0.04502
80	-0.3	0.034914
80	-0.2	0.025457
80	-0.1	0.019239
80	0	0.014809
80	0.1	0.013533
80	0.2	0.014035
80	0.3	0.016152
80	0.4	0.020467
80	0.5	0.027183
80	0.6	0.034112
80	0.7	0.03953
80	0.8	0.044882
80	0.9	0.048414
80	1	0.048768
80	1.1	0.046753
80	1.2	0.045379
80	1.3	0.040542
80	1.4	0.037936
80	1.5	0.034842
80	1.6	0.03245
80	1.7	0.032531
80	1.8	0.033094
80	1.9	0.033297
80	2	0.033203
80	2.1	0.032668
80	2.2	0.03218
80	2.3	0.029554
80	2.4	0.027278
80	2.5	0.025774
80	2.6	0.02361
80	2.7	0.022013
80	2.8	0.020645
80	2.9	0.018801
80	3	0.016909
80	3.1	0.014658
80	3.2	0.013082
80	3.3	0.01237
80	3.4	0.013045
80	3.5	0.014282
80	3.6	0.015053
80	3.7	0.015312
80	3.8	0.014149
80	3.9	0.012455
80	4	0.012514
90	-4	0.0067389
90	-3.9	0.0078798
90	-3.8	0.009084
90	-3.7	0.010914
90	-3.6	0.011436
90	-3.5	0.010903
90	-3.4	0.0094793
90	-3.3	0.00972
90	-3.2	0.010167
90	-3.1	0.010619
90	-3	0.01116
90	-2.9	0.0095235
90	-2.8	0.0075359
90	-2.7	0.0087191
90	-2.6	0.013138
90	-2.5	0.017848
90	-2.4	0.023489
90	-2.3	0.026059
90	-2.2	0.027983
90	-2.1	0.029589
90	-2	0.031247
90	-1.9	0.03552
90	-1.8	0.039707
90	-1.7	0.042973
90	-1.6	0.044946
90	-1.5	0.043143
90	-1.4	0.039712
90	-1.3	0.033728
90	-1.2	0.02806
90	-1.1	0.028923
90	-1	0.03958
90	-0.9	0.04615
90	-0.8	0.055815
90	-0.7	0.060886
90	-0.6	0.060554
90	-0.5	0.055908
90	-0.4	0.050455
90	-0.3	0.040609
90	-0.2	0.029106
90	-0.1	0.02104
90	0	0.014691
90	0.1	0.012528
90	0.2	0.012614
90	0.3	0.015015
90	0.4	0.017494
90	0.5	0.023255
90	0.6	0.030225
90	0.7	0.038865
90	0.8	0.043824
90	0.9	0.04641
90	1	0.047753
90	1.1	0.046983
90	1.2	0.044423
90	1.3	0.042895
90	1.4	0.039456
90	1.5	0.035282
90	1.6	0.033108
90	1.7	0.032023
90	1.8	0.031459
90	1.9	0.030965
90	2	0.03093
90	2.1	0.031357
90	2.2	0.032164
90	2.3	0.030864
90	2.4	0.027967
90	2.5	0.026234
90	2.6	0.023808
90	2.7	0.020642
90	2.8	0.018909
90	2.9	0.017207
90	3	0.016186
90	3.1	0.014123
90	3.2	0.013162
90	3.3	0.01187
90	3.4	0.011096
90	3.5	0.01118
90	3.6	0.011852
90	3.7	0.012382
90	3.8	0.012357
90	3.9	0.01307
90	4	0.013377
100	-4	0.0060382
100	-3.9	0.0070254
100	-3.8	0.0092112
100	-3.7	0.010029
100	-3.6	0.010024
100	-3.5	0.0094211
100	-3.4	0.0086071
100	-3.3	0.008526
100	-3.2	0.0090054
100	-3.1	0.0098832
100	-3	0.010265
100	-2.9	0.0095709
100	-2.8	0.0075659
100	-2.7	0.0068223
100	-2.6	0.0095286
100	-2.5	0.015457
100	-2.4	0.021039
100	-2.3	0.025989
100	-2.2	0.028162
100	-2.1	0.029055
100	-2	0.030108
100	-1.9	0.033137
100	-1.8	0.035373
100	-1.7	0.038914
100	-1.6	0.041958
100	-1.5	0.041364
100	-1.4	0.037673
100	-1.3	0.033009
100	-1.2	0.028264
100	-1.1	0.027761
100	-1	0.03472
100	-0.9	0.04416
100	-0.8	0.050854
100	-0.7	0.056864
100	-0.6	0.060387
100	-0.5	0.058087
100	-0.4	0.051932
100	-0.3	0.043588
100	-0.2	0.033312
100	-0.1	0.024471
100	0	0.019165
100	0.1	0.01547
100	0.2	0.013391
100	0.3	0.014297
100	0.4	0.016658
100	0.5	0.021755
100	0.6	0.02707
100	0.7	0.034774
100	0.8	0.040589
100	0.9	0.044284
100	1	0.046765
100	1.1	0.047703
100	1.2	0.046559
100	1.3	0.044531
100	1.4	0.042289
100	1.5	0.037837
100	1.6	0.035159
100	1.7	0.033235
100	1.8	0.03242
100	1.9	0.031787
100	2	0.032129
100	2.1	0.032636
100	2.2	0.033039
100	2.3	0.030635
100	2.4	0.028745
100	2.5	0.02672
100	2.6	0.024254
100	2.7	0.021793
100	2.8	0.020227
100	2.9	0.019049
100	3	0.017753
100	3.1	0.015705
100	3.2	0.012332
100	3.3	0.010202
100	3.4	0.0099028
100	3.5	0.011105
100	3.6	0.013055
100	3.7	0.0134
100	3.8	0.013493
100	3.9	0.012432
100	4	0.011785
110	-4	0.0072026
110	-3.9	0.0084937
110	-3.8	0.011319
110	-3.7	0.01427
110	-3.6	0.014274
110	-3.5	0.013562
110	-3.4	0.010835
110	-3.3	0.0079268
110	-3.2	0.0081182
110	-3.1	0.0099338
110	-3	0.011771
110	-2.9	0.012327
110	-2.8	0.010295
110	-2.7	0.007762
110	-2.6	0.0096733
110	-2.5	0.013684
110	-2.4	0.020881
110	-2.3	0.025423
110	-2.2	0.029886
110	-2.1	0.031354
110	-2	0.031972
110	-1.9	0.032203
110	-1.8	0.034511
110	-1.7	0.037952
110	-1.6	0.040609
110	-1.5	0.040683
110	-1.4	0.038003
110	-1.3	0.034232
110	-1.2	0.02759
110	-1.1	0.024921
110	-1	0.031303
110	-0.9	0.039207
110	-0.8	0.048003
110	-0.7	0.054588
110	-0.6	0.060123
110	-0.5	0.058696
110	-0.4	0.054994
110	-0.3	0.047861
110	-0.2	0.038862
110	-0.1	0.029877
110	0	0.021825
110	0.1	0.015464
110	0.2	0.012962
110	0.3	0.012909
110	0.4	0.014928
110	0.5	0.018647
110	0.6	0.023058
110	0.7	0.031767
110	0.8	0.039071
110	0.9	0.042991
110	1	0.046308
110	1.1	0.047247
110	1.2	0.047118
110	1.3	0.04605
110	1.4	0.042668
110	1.5	0.038163
110	1.6	0.034576
110	1.7	0.033327
110	1.8	0.032372
110	1.9	0.032303
110	2	0.033199
110	2.1	0.034254
110	2.2	0.034072
110	2.3	0.032637
110	2.4	0.029245
110	2.5	0.02736
110	2.6	0.024598
110	2.7	0.021908
110	2.8	0.020603
110	2.9	0.019317
110	3	0.017419
110	3.1	0.015472
110	3.2	0.012397
110	3.3	0.010653
110	3.4	0.010157
110	3.5	0.010859
110	3.6	0.012001
110	3.7	0.012541
110	3.8	0.011905
110	3.9	0.011578
110	4	0.010106
120	-4	0.0078242
120	-3.9	0.011026
120	-3.8	0.012799
120	-3.7	0.013066
120	-3.6	0.012243
120	-3.5	0.010551
120	-3.4	0.0079817
120	-3.3	0.0067533
120	-3.2	0.0081401
120	-3.1	0.010036
120	-3	0.011075
120	-2.9	0.011037
120	-2.8	0.0093089
120	-2.7	0.0082779
120	-2.6	0.0092933
120	-2.5	0.013907
120	-2.4	0.020255
120	-2.3	0.024381
120	-2.2	0.02746
120	-2.1	0.029188
120	-2	0.030484
120	-1.9	0.031918
120	-1.8	0.034471
120	-1.7	0.036983
120	-1.6	0.038788
120	-1.5	0.03919
120	-1.4	0.035907
120	-1.3	0.031071
120	-1.2	0.025327
120	-1.1	0.023115
120	-1	0.029577
120	-0.9	0.038289
120	-0.8	0.049332
120	-0.7	0.053821
120	-0.6	0.05954
120	-0.5	0.059612
120	-0.4	0.054802
120	-0.3	0.050993
120	-0.2	0.039411
120	-0.1	0.028693
120	0	0.020794
120	0.1	0.017093
120	0.2	0.013877
120	0.3	0.012767
120	0.4	0.014515
120	0.5	0.018371
120	0.6	0.024326
120	0.7	0.031161
120	0.8	0.038206
120	0.9	0.043394
120	1	0.047543
120	1.1	0.049133
120	1.2	0.048485
120	1.3	0.047092
120	1.4	0.043234
120	1.5	0.039404
120	1.6	0.035686
120	1.7	0.034555
120	1.8	0.032778
120	1.9	0.03179
120	2	0.03125
120	2.1	0.031212
120	2.2	0.031462
120	2.3	0.030737
120	2.4	0.0292
120	2.5	0.027641
120	2.6	0.025831
120	2.7	0.024163
120	2.8	0.021138
120	2.9	0.018138
120	3	0.015852
120	3.1	0.013443
120	3.2	0.012589
120	3.3	0.01218
120	3.4	0.012477
120	3.5	0.012423
120	3.6	0.012122
120	3.7	0.010936
120	3.8	0.010333
120	3.9	0.010318
120	4	0.010817
130	-4	0.0069885
130	-3.9	0.0071959
130	-3.8	0.0090358
130	-3.7	0.010138
130	-3.6	0.010656
130	-3.5	0.01027
130	-3.4	0.0085506
130	-3.3	0.0078737
130	-3.2	0.0077245
130	-3.1	0.009084
130	-3	0.0099159
130	-2.9	0.0099077
130	-2.8	0.0093367
130	-2.7	0.0083981
130	-2.6	0.0087005
130	-2.5	0.012989
130	-2.4	0.018087
130	-2.3	0.022799
130	-2.2	0.026657
130	-2.1	0.029541
130	-2	0.030975
130	-1.9	0.032328
130	-1.8	0.033559
130	-1.7	0.035713
130	-1.6	0.037028
130	-1.5	0.037014
130	-1.4	0.035201
130	-1.3	0.029728
130	-1.2	0.025009
130	-1.1	0.023555
130	-1	0.026649
130	-0.9	0.035292
130	-0.8	0.042845
130	-0.7	0.053597
130	-0.6	0.057451
130	-0.5	0.05863
130	-0.4	0.056739
130	-0.3	0.050327
130	-0.2	0.042869
130	-0.1	0.035664
130	0	0.025254
130	0.1	0.018193
130	0.2	0.014161
130	0.3	0.012566
130	0.4	0.014862
130	0.5	0.016468
130	0.6	0.022555
130	0.7	0.026798
130	0.8	0.035232
130	0.9	0.039784
130	1	0.044322
130	1.1	0.047312
130	1.2	0.047695
130	1.3	0.04728
130	1.4	0.045029
130	1.5	0.039244
130	1.6	0.03642
130	1.7	0.032731
130	1.8	0.030734
130	1.9	0.029495
130	2	0.029693
130	2.1	0.031555
130	2.2	0.031615
130	2.3	0.03061
130	2.4	0.029164
130	2.5	0.026566
130	2.6	0.024212
130	2.7	0.022928
130	2.8	0.0201
130	2.9	0.018986
130	3	0.017906
130	3.1	0.016071
130	3.2	0.014214
130	3.3	0.012118
130	3.4	0.011505
130	3.5	0.011444
130	3.6	0.011893
130	3.7	0.011355
130	3.8	0.010384
130	3.9	0.010057
130	4	0.010325
140	-4	0.0077994
140	-3.9	0.0081955
140	-3.8	0.0092689
140	-3.7	0.011248
140	-3.6	0.012159
140	-3.5	0.012151
140	-3.4	0.010435
140	-3.3	0.0088314
140	-3.2	0.0084346
140	-3.1	0.0090982
140	-3	0.010119
140	-2.9	0.010558
140	-2.8	0.0098751
140	-2.7	0.0090964
140	-2.6	0.0097
140	-2.5	0.013749
140	-2.4	0.018683
140	-2.3	0.023559
140	-2.2	0.027765
140	-2.1	0.03005
140	-2	0.03051
140	-1.9	0.030225
140	-1.8	0.030265
140	-1.7	0.031479
140	-1.6	0.03222
140	-1.5	0.032829
140	-1.4	0.031875
140	-1.3	0.029751
140	-1.2	0.02474
140	-1.1	0.021362
140	-1	0.022723
140	-0.9	0.029362
140	-0.8	0.036839
140	-0.7	0.046732
140	-0.6	0.051906
140	-0.5	0.055901
140	-0.4	0.054236
140	-0.3	0.050074
140	-0.2	0.045755
140	-0.1	0.03524
140	0	0.025886
140	0.1	0.021556
140	0.2	0.014626
140	0.3	0.012709
140	0.4	0.013613
140	0.5	0.01498
140	0.6	0.019489
140	0.7	0.025412
140	0.8	0.032814
140	0.9	0.040691
140	1	0.045679
140	1.1	0.047964
140	1.2	0.050103
140	1.3	0.049323
140	1.4	0.046467
140	1.5	0.041242
140	1.6	0.036594
140	1.7	0.034301
140	1.8	0.030294
140	1.9	0.030236
140	2	0.031076
140	2.1	0.033145
140	2.2	0.033769
140	2.3	0.032827
140	2.4	0.03006
140	2.5	0.027525
140	2.6	0.025321
140	2.7	0.023196
140	2.8	0.020234
140	2.9	0.019646
140	3	0.017925
140	3.1	0.016335
140	3.2	0.013066
140	3.3	0.011212
140	3.4	0.010759
140	3.5	0.011704
140	3.6	0.012102
140	3.7	0.012062
140	3.8	0.011165
140	3.9	0.01097
140	4	0.010418
150	-4	0.0070139
150	-3.9	0.0062667
150	-3.8	0.006801
150	-3.7	0.0085996
150	-3.6	0.010741
150	-3.5	0.011186
150	-3.4	0.010751
150	-3.3	0.0097945
150	-3.2	0.0080502
150	-3.1	0.0069746
150	-3	0.0073536
150	-2.9	0.0090715
150	-2.8	0.010021
150	-2.7	0.0099371
150	-2.6	0.0097896
150	-2.5	0.011062
150	-2.4	0.014293
150	-2.3	0.020748
150	-2.2	0.024957
150	-2.1	0.028346
150	-2	0.029911
150	-1.9	0.029883
150	-1.8	0.02966
150	-1.7	0.02997
150	-1.6	0.031014
150	-1.5	0.03284
150	-1.4	0.033087
150	-1.3	0.031699
150	-1.2	0.025986
150	-1.1	0.021998
150	-1	0.020888
150	-0.9	0.025244
150	-0.8	0.035726
150	-0.7	0.046795
150	-0.6	0.052964
150	-0.5	0.057188
150	-0.4	0.057746
150	-0.3	0.055707
150	-0.2	0.04817
150	-0.1	0.038508
150	0	0.031073
150	0.1	0.021718
150	0.2	0.01845
150	0.3	0.012882
150	0.4	0.012362
150	0.5	0.014606
150	0.6	0.017801
150	0.7	0.024381
150	0.8	0.032831
150	0.9	0.039043
150	1	0.044235
150	1.1	0.048499
150	1.2	0.050177
150	1.3	0.050328
150	1.4	0.047401
150	1.5	0.042025
150	1.6	0.037895
150	1.7	0.035227
150	1.8	0.030232
150	1.9	0.028823
150	2	0.029336
150	2.1	0.031445
150	2.2	0.03168
150	2.3	0.030073
150	2.4	0.028745
150	2.5	0.026121
150	2.6	0.02397
150	2.7	0.021156
150	2.8	0.019467
150	2.9	0.019096
150	3	0.01842
150	3.1	0.017073
150	3.2	0.014892
150	3.3	0.012269
150	3.4	0.011042
150	3.5	0.010757
150	3.6	0.011034
150	3.7	0.01142
150	3.8	0.012434
150	3.9	0.013148
150	4	0.012505
160	-4	0.0072763
160	-3.9	0.0098324
160	-3.8	0.011981
160	-3.7	0.012378
160	-3.6	0.011335
160	-3.5	0.008888
160	-3.4	0.0068294
160	-3.3	0.0066763
160	-3.2	0.0078613
160	-3.1	0.0098406
160	-3	0.010548
160	-2.9	0.0097797
160	-2.8	0.0082993
160	-2.7	0.0071734
160	-2.6	0.0085032
160	-2.5	0.012744
160	-2.4	0.018532
160	-2.3	0.022073
160	-2.2	0.024826
160	-2.1	0.025288
160	-2	0.024625
160	-1.9	0.024829
160	-1.8	0.026513
160	-1.7	0.030048
160	-1.6	0.032664
160	-1.5	0.034632
160	-1.4	0.033144
160	-1.3	0.026789
160	-1.2	0.021603
160	-1.1	0.016872
160	-1	0.021361
160	-0.9	0.026686
160	-0.8	0.039778
160	-0.7	0.046412
160	-0.6	0.051951
160	-0.5	0.055891
160	-0.4	0.055138
160	-0.3	0.050083
160	-0.2	0.041037
160	-0.1	0.032081
160	0	0.027465
160	0.1	0.019673
160	0.2	0.015157
160	0.3	0.012099
160	0.4	0.012094
160	0.5	0.014052
160	0.6	0.017125
160	0.7	0.026675
160	0.8	0.032379
160	0.9	0.03769
160	1	0.043635
160	1.1	0.046831
160	1.2	0.048383
160	1.3	0.047191
160	1.4	0.044221
160	1.5	0.041533
160	1.6	0.036435
160	1.7	0.033687
160	1.8	0.031015
160	1.9	0.03104
160	2	0.032443
160	2.1	0.033136
160	2.2	0.032676
160	2.3	0.031368
160	2.4	0.030584
160	2.5	0.028161
160	2.6	0.025898
160	2.7	0.02389
160	2.8	0.022141
160	2.9	0.020819
160	3	0.019164
160	3.1	0.017166
160	3.2	0.01332
160	3.3	0.011799
160	3.4	0.010508
160	3.5	0.010742
160	3.6	0.010703
160	3.7	0.010747
160	3.8	0.011537
160	3.9	0.011315
160	4	0.010415
170	-4	0.0060435
170	-3.9	0.0073051
170	-3.8	0.0088952
170	-3.7	0.009715
170	-3.6	0.0096348
170	-3.5	0.0077474
170	-3.4	0.0069792
170	-3.3	0.0059001
170	-3.2	0.0071666
170	-3.1	0.0082603
170	-3	0.0092095
170	-2.9	0.0086931
170	-2.8	0.007653
170	-2.7	0.0060006
170	-2.6	0.0079817
170	-2.5	0.012829
170	-2.4	0.018333
170	-2.3	0.022034
170	-2.2	0.025664
170	-2.1	0.026189
170	-2	0.026043
170	-1.9	0.025967
170	-1.8	0.027015
170	-1.7	0.02884
170	-1.6	0.03198
170	-1.5	0.033638
170	-1.4	0.031417
170	-1.3	0.02782
170	-1.2	0.02283
170	-1.1	0.019032
170	-1	0.020514
170	-0.9	0.032846
170	-0.8	0.042609
170	-0.7	0.050223
170	-0.6	0.05487
170	-0.5	0.05613
170	-0.4	0.05278
170	-0.3	0.046652
170	-0.2	0.037845
170	-0.1	0.031362
170	0	0.02446
170	0.1	0.01827
170	0.2	0.014376
170	0.3	0.012496
170	0.4	0.013233
170	0.5	0.015687
170	0.6	0.020622
170	0.7	0.02632
170	0.8	0.033528
170	0.9	0.038257
170	1	0.044051
170	1.1	0.046795
170	1.2	0.046298
170	1.3	0.045541
170	1.4	0.042612
170	1.5	0.040251
170	1.6	0.037093
170	1.7	0.033296
170	1.8	0.031554
170	1.9	0.030831
170	2	0.03085
170	2.1	0.030299
170	2.2	0.030196
170	2.3	0.030189
170	2.4	0.029478
170	2.5	0.028347
170	2.6	0.025553
170	2.7	0.023676
170	2.8	0.021144
170	2.9	0.019868
170	3	0.018035
170	3.1	0.016251
170	3.2	0.014875
170	3.3	0.013315
170	3.4	0.011614
170	3.5	0.010116
170	3.6	0.009783
170	3.7	0.010031
170	3.8	0.011441
170	3.9	0.012138
170	4	0.011985
180	-4	0.0064171
180	-3.9	0.0067269
180	-3.8	0.0082152
180	-3.7	0.0091478
180	-3.6	0.0095218
180	-3.5	0.0089279
180	-3.4	0.007886
180	-3.3	0.0062693
180	-3.2	0.0062435
180	-3.1	0.0069047
180	-3	0.0079776
180	-2.9	0.0081836
180	-2.8	0.0081063
180	-2.7	0.0079614
180	-2.6	0.0079878
180	-2.5	0.012382
180	-2.4	0.014973
180	-2.3	0.020054
180	-2.2	0.02273
180	-2.1	0.025371
180	-2	0.026814
180	-1.9	0.028169
180	-1.8	0.029921
180	-1.7	0.031174
180	-1.6	0.031704
180	-1.5	0.030674
180	-1.4	0.029073
180	-1.3	0.024897
180	-1.2	0.022339
180	-1.1	0.02159
180	-1	0.023851
180	-0.9	0.030861
180	-0.8	0.040636
180	-0.7	0.047312
180	-0.6	0.051176
180	-0.5	0.052484
180	-0.4	0.050235
180	-0.3	0.045822
180	-0.2	0.037972
180	-0.1	0.029953
180	0	0.023886
180	0.1	0.018511
180	0.2	0.014748
180	0.3	0.012126
180	0.4	0.011632
180	0.5	0.015265
180	0.6	0.019962
180	0.7	0.024552
180	0.8	0.031537
180	0.9	0.037252
180	1	0.042866
180	1.1	0.046493
180	1.2	0.047069
180	1.3	0.046354
180	1.4	0.044772
180	1.5	0.041597
180	1.6	0.039684
180	1.7	0.035293
180	1.8	0.033056
180	1.9	0.031955
180	2	0.032155
180	2.1	0.032656
180	2.2	0.033885
180	2.3	0.034047
180	2.4	0.031946
180	2.5	0.029303
180	2.6	0.027221
180	2.7	0.02365
180	2.8	0.019397
180	2.9	0.016804
180	3	0.015444
180	3.1	0.013873
180	3.2	0.012997
180	3.3	0.011554
180	3.4	0.010395
180	3.5	0.0095082
180	3.6	0.0088898
180	3.7	0.0090412
180	3.8	0.0090519
180	3.9	0.0082034
180	4	0.0074994
 
Uniformity Ratio =0.75706
