12-Dec-2017
12:33
TXR  007944 RM428 R24
33511B Function Generator
SN =Agilent Technologies,33511B,MY52301476,3.05-1.19-2.00-52-00
freq =+9.260000000000000E+06
burstmode =TRIG
burstN =+6.000000000000000E+01
voltage =+1.5000000000000E-01
 
DSO-X 2022A Oscilloscope
SN =AGILENT TECHNOLOGIES,DSO-X 2022A,MY54310921,02.41.2015102200
probe =+1.0000000E+00
scale =+500.0E-09
position =+19.900000E-06
range =+1.60E+00
units =VOLT
points =+2000
pointmode =NORM
format =BYTE
acqtype =NORM
trigsource =EXT
coupling =AC
 
-180	-4	0.010114
-180	-3.9	0.011386
-180	-3.8	0.012453
-180	-3.7	0.012602
-180	-3.6	0.011855
-180	-3.5	0.011696
-180	-3.4	0.010353
-180	-3.3	0.010648
-180	-3.2	0.012232
-180	-3.1	0.01422
-180	-3	0.015377
-180	-2.9	0.014385
-180	-2.8	0.012722
-180	-2.7	0.0094776
-180	-2.6	0.012475
-180	-2.5	0.017598
-180	-2.4	0.02234
-180	-2.3	0.027613
-180	-2.2	0.032127
-180	-2.1	0.033774
-180	-2	0.035922
-180	-1.9	0.037865
-180	-1.8	0.04093
-180	-1.7	0.04231
-180	-1.6	0.043417
-180	-1.5	0.04155
-180	-1.4	0.037546
-180	-1.3	0.031301
-180	-1.2	0.028401
-180	-1.1	0.030486
-180	-1	0.037149
-180	-0.9	0.049723
-180	-0.8	0.05373
-180	-0.7	0.058609
-180	-0.6	0.058531
-180	-0.5	0.055695
-180	-0.4	0.044977
-180	-0.3	0.036339
-180	-0.2	0.030631
-180	-0.1	0.021959
-180	0	0.018403
-180	0.1	0.015478
-180	0.2	0.015374
-180	0.3	0.017707
-180	0.4	0.026999
-180	0.5	0.032331
-180	0.6	0.040333
-180	0.7	0.046683
-180	0.8	0.050755
-180	0.9	0.053447
-180	1	0.052752
-180	1.1	0.04991
-180	1.2	0.044194
-180	1.3	0.042476
-180	1.4	0.039385
-180	1.5	0.03737
-180	1.6	0.036448
-180	1.7	0.035929
-180	1.8	0.03595
-180	1.9	0.035218
-180	2	0.033929
-180	2.1	0.032682
-180	2.2	0.030674
-180	2.3	0.027868
-180	2.4	0.023804
-180	2.5	0.020871
-180	2.6	0.018294
-180	2.7	0.015308
-180	2.8	0.011621
-180	2.9	0.01052
-180	3	0.010685
-180	3.1	0.010824
-180	3.2	0.011058
-180	3.3	0.010787
-180	3.4	0.010097
-180	3.5	0.0095387
-180	3.6	0.008917
-180	3.7	0.0078778
-180	3.8	0.0079959
-180	3.9	0.0087579
-180	4	0.010164
-170	-4	0.010483
-170	-3.9	0.010999
-170	-3.8	0.011444
-170	-3.7	0.010695
-170	-3.6	0.0094383
-170	-3.5	0.0093574
-170	-3.4	0.010215
-170	-3.3	0.011748
-170	-3.2	0.01313
-170	-3.1	0.01279
-170	-3	0.010267
-170	-2.9	0.0086128
-170	-2.8	0.0079248
-170	-2.7	0.01094
-170	-2.6	0.017742
-170	-2.5	0.02226
-170	-2.4	0.024406
-170	-2.3	0.02562
-170	-2.2	0.02695
-170	-2.1	0.028935
-170	-2	0.032769
-170	-1.9	0.039274
-170	-1.8	0.042137
-170	-1.7	0.044797
-170	-1.6	0.043794
-170	-1.5	0.038749
-170	-1.4	0.032299
-170	-1.3	0.02389
-170	-1.2	0.023316
-170	-1.1	0.029471
-170	-1	0.037001
-170	-0.9	0.048413
-170	-0.8	0.054248
-170	-0.7	0.057306
-170	-0.6	0.05473
-170	-0.5	0.049533
-170	-0.4	0.041684
-170	-0.3	0.030218
-170	-0.2	0.025292
-170	-0.1	0.018732
-170	0	0.016499
-170	0.1	0.016045
-170	0.2	0.017658
-170	0.3	0.01996
-170	0.4	0.026811
-170	0.5	0.03301
-170	0.6	0.037233
-170	0.7	0.041633
-170	0.8	0.044349
-170	0.9	0.044699
-170	1	0.042357
-170	1.1	0.040615
-170	1.2	0.036717
-170	1.3	0.033866
-170	1.4	0.031737
-170	1.5	0.030968
-170	1.6	0.030987
-170	1.7	0.031444
-170	1.8	0.032184
-170	1.9	0.032288
-170	2	0.031468
-170	2.1	0.029944
-170	2.2	0.028518
-170	2.3	0.026953
-170	2.4	0.024714
-170	2.5	0.023738
-170	2.6	0.021875
-170	2.7	0.02051
-170	2.8	0.019099
-170	2.9	0.017362
-170	3	0.015644
-170	3.1	0.013536
-170	3.2	0.012544
-170	3.3	0.012321
-170	3.4	0.012184
-170	3.5	0.012843
-170	3.6	0.012966
-170	3.7	0.012268
-170	3.8	0.011936
-170	3.9	0.011145
-170	4	0.010624
-160	-4	0.011232
-160	-3.9	0.012055
-160	-3.8	0.01154
-160	-3.7	0.010987
-160	-3.6	0.0098044
-160	-3.5	0.01009
-160	-3.4	0.011229
-160	-3.3	0.011755
-160	-3.2	0.011621
-160	-3.1	0.011219
-160	-3	0.0089025
-160	-2.9	0.0077474
-160	-2.8	0.0090751
-160	-2.7	0.011071
-160	-2.6	0.017234
-160	-2.5	0.021038
-160	-2.4	0.023844
-160	-2.3	0.024907
-160	-2.2	0.027067
-160	-2.1	0.028496
-160	-2	0.032141
-160	-1.9	0.036521
-160	-1.8	0.038958
-160	-1.7	0.041174
-160	-1.6	0.040874
-160	-1.5	0.034606
-160	-1.4	0.029048
-160	-1.3	0.022152
-160	-1.2	0.020684
-160	-1.1	0.027692
-160	-1	0.040104
-160	-0.9	0.046703
-160	-0.8	0.053624
-160	-0.7	0.057003
-160	-0.6	0.055751
-160	-0.5	0.050622
-160	-0.4	0.045306
-160	-0.3	0.036131
-160	-0.2	0.02564
-160	-0.1	0.020444
-160	0	0.01735
-160	0.1	0.015492
-160	0.2	0.015254
-160	0.3	0.018537
-160	0.4	0.025407
-160	0.5	0.03106
-160	0.6	0.038727
-160	0.7	0.044555
-160	0.8	0.047985
-160	0.9	0.048506
-160	1	0.047349
-160	1.1	0.042933
-160	1.2	0.039268
-160	1.3	0.035726
-160	1.4	0.032992
-160	1.5	0.030949
-160	1.6	0.031101
-160	1.7	0.032392
-160	1.8	0.033073
-160	1.9	0.032861
-160	2	0.032355
-160	2.1	0.030528
-160	2.2	0.028409
-160	2.3	0.025796
-160	2.4	0.022772
-160	2.5	0.02058
-160	2.6	0.019024
-160	2.7	0.016402
-160	2.8	0.014909
-160	2.9	0.01322
-160	3	0.011545
-160	3.1	0.010928
-160	3.2	0.011405
-160	3.3	0.011417
-160	3.4	0.01123
-160	3.5	0.011737
-160	3.6	0.011437
-160	3.7	0.011375
-160	3.8	0.010762
-160	3.9	0.010954
-160	4	0.010552
-150	-4	0.010052
-150	-3.9	0.010522
-150	-3.8	0.011164
-150	-3.7	0.011217
-150	-3.6	0.010883
-150	-3.5	0.010996
-150	-3.4	0.01048
-150	-3.3	0.010468
-150	-3.2	0.010276
-150	-3.1	0.0095489
-150	-3	0.0086782
-150	-2.9	0.0084556
-150	-2.8	0.010748
-150	-2.7	0.013414
-150	-2.6	0.017738
-150	-2.5	0.021103
-150	-2.4	0.023355
-150	-2.3	0.025531
-150	-2.2	0.028638
-150	-2.1	0.031232
-150	-2	0.034147
-150	-1.9	0.036264
-150	-1.8	0.037335
-150	-1.7	0.037283
-150	-1.6	0.034508
-150	-1.5	0.027747
-150	-1.4	0.022329
-150	-1.3	0.018602
-150	-1.2	0.020478
-150	-1.1	0.028228
-150	-1	0.039343
-150	-0.9	0.046952
-150	-0.8	0.052654
-150	-0.7	0.055884
-150	-0.6	0.054945
-150	-0.5	0.051312
-150	-0.4	0.04409
-150	-0.3	0.035518
-150	-0.2	0.026604
-150	-0.1	0.019753
-150	0	0.017858
-150	0.1	0.014639
-150	0.2	0.014001
-150	0.3	0.016901
-150	0.4	0.022407
-150	0.5	0.027971
-150	0.6	0.0354
-150	0.7	0.041923
-150	0.8	0.045791
-150	0.9	0.047054
-150	1	0.046468
-150	1.1	0.041421
-150	1.2	0.036514
-150	1.3	0.03252
-150	1.4	0.030817
-150	1.5	0.030324
-150	1.6	0.031653
-150	1.7	0.032852
-150	1.8	0.032993
-150	1.9	0.031502
-150	2	0.029035
-150	2.1	0.026023
-150	2.2	0.024834
-150	2.3	0.021887
-150	2.4	0.020396
-150	2.5	0.01893
-150	2.6	0.01723
-150	2.7	0.01609
-150	2.8	0.014025
-150	2.9	0.012389
-150	3	0.010653
-150	3.1	0.010492
-150	3.2	0.010554
-150	3.3	0.010111
-150	3.4	0.010008
-150	3.5	0.0095354
-150	3.6	0.0094571
-150	3.7	0.0089964
-150	3.8	0.0088259
-150	3.9	0.0086334
-150	4	0.0088916
-140	-4	0.011594
-140	-3.9	0.011679
-140	-3.8	0.011148
-140	-3.7	0.0092112
-140	-3.6	0.008469
-140	-3.5	0.008732
-140	-3.4	0.010074
-140	-3.3	0.01094
-140	-3.2	0.011034
-140	-3.1	0.0097615
-140	-3	0.0075915
-140	-2.9	0.0078613
-140	-2.8	0.012286
-140	-2.7	0.016109
-140	-2.6	0.01939
-140	-2.5	0.023545
-140	-2.4	0.025773
-140	-2.3	0.028267
-140	-2.2	0.030127
-140	-2.1	0.032445
-140	-2	0.035906
-140	-1.9	0.038901
-140	-1.8	0.041021
-140	-1.7	0.040252
-140	-1.6	0.035979
-140	-1.5	0.029289
-140	-1.4	0.020884
-140	-1.3	0.018248
-140	-1.2	0.025022
-140	-1.1	0.037159
-140	-1	0.043595
-140	-0.9	0.0511
-140	-0.8	0.055196
-140	-0.7	0.054745
-140	-0.6	0.052313
-140	-0.5	0.046186
-140	-0.4	0.038738
-140	-0.3	0.031607
-140	-0.2	0.025306
-140	-0.1	0.020397
-140	0	0.017829
-140	0.1	0.017062
-140	0.2	0.018364
-140	0.3	0.020863
-140	0.4	0.027631
-140	0.5	0.035027
-140	0.6	0.039163
-140	0.7	0.044518
-140	0.8	0.047828
-140	0.9	0.047704
-140	1	0.044541
-140	1.1	0.039542
-140	1.2	0.035457
-140	1.3	0.031435
-140	1.4	0.028508
-140	1.5	0.027981
-140	1.6	0.029195
-140	1.7	0.031085
-140	1.8	0.03143
-140	1.9	0.03018
-140	2	0.02843
-140	2.1	0.026631
-140	2.2	0.024396
-140	2.3	0.023571
-140	2.4	0.022537
-140	2.5	0.022139
-140	2.6	0.020763
-140	2.7	0.018726
-140	2.8	0.015831
-140	2.9	0.012997
-140	3	0.010909
-140	3.1	0.010612
-140	3.2	0.011305
-140	3.3	0.012168
-140	3.4	0.012493
-140	3.5	0.012116
-140	3.6	0.011538
-140	3.7	0.011062
-140	3.8	0.010455
-140	3.9	0.010968
-140	4	0.011582
-130	-4	0.010928
-130	-3.9	0.010623
-130	-3.8	0.0091195
-130	-3.7	0.0079207
-130	-3.6	0.0086015
-130	-3.5	0.010368
-130	-3.4	0.010808
-130	-3.3	0.011173
-130	-3.2	0.0095167
-130	-3.1	0.0074843
-130	-3	0.0071869
-130	-2.9	0.010933
-130	-2.8	0.013636
-130	-2.7	0.019534
-130	-2.6	0.022346
-130	-2.5	0.024065
-130	-2.4	0.025111
-130	-2.3	0.026503
-130	-2.2	0.029362
-130	-2.1	0.033049
-130	-2	0.03767
-130	-1.9	0.040445
-130	-1.8	0.040992
-130	-1.7	0.039595
-130	-1.6	0.033804
-130	-1.5	0.024178
-130	-1.4	0.019186
-130	-1.3	0.021434
-130	-1.2	0.031724
-130	-1.1	0.041037
-130	-1	0.045501
-130	-0.9	0.054724
-130	-0.8	0.056744
-130	-0.7	0.056292
-130	-0.6	0.050525
-130	-0.5	0.045672
-130	-0.4	0.038344
-130	-0.3	0.030758
-130	-0.2	0.024244
-130	-0.1	0.02077
-130	0	0.018783
-130	0.1	0.017656
-130	0.2	0.018852
-130	0.3	0.023902
-130	0.4	0.028174
-130	0.5	0.035216
-130	0.6	0.041436
-130	0.7	0.046158
-130	0.8	0.047871
-130	0.9	0.046932
-130	1	0.043478
-130	1.1	0.038707
-130	1.2	0.036244
-130	1.3	0.03262
-130	1.4	0.0309
-130	1.5	0.031802
-130	1.6	0.033866
-130	1.7	0.034529
-130	1.8	0.034782
-130	1.9	0.032475
-130	2	0.030494
-130	2.1	0.02864
-130	2.2	0.026685
-130	2.3	0.025003
-130	2.4	0.023458
-130	2.5	0.021026
-130	2.6	0.019703
-130	2.7	0.016992
-130	2.8	0.014606
-130	2.9	0.012755
-130	3	0.011912
-130	3.1	0.012241
-130	3.2	0.01271
-130	3.3	0.013053
-130	3.4	0.012323
-130	3.5	0.011055
-130	3.6	0.010454
-130	3.7	0.010522
-130	3.8	0.0106
-130	3.9	0.011346
-130	4	0.011177
-120	-4	0.0097582
-120	-3.9	0.0089622
-120	-3.8	0.0079756
-120	-3.7	0.0073887
-120	-3.6	0.0074821
-120	-3.5	0.0085808
-120	-3.4	0.0085241
-120	-3.3	0.0098865
-120	-3.2	0.0093367
-120	-3.1	0.0085165
-120	-3	0.0074453
-120	-2.9	0.007467
-120	-2.8	0.01014
-120	-2.7	0.014755
-120	-2.6	0.020509
-120	-2.5	0.024209
-120	-2.4	0.026604
-120	-2.3	0.030003
-120	-2.2	0.032937
-120	-2.1	0.037806
-120	-2	0.040021
-120	-1.9	0.042264
-120	-1.8	0.042763
-120	-1.7	0.039287
-120	-1.6	0.035673
-120	-1.5	0.029439
-120	-1.4	0.024728
-120	-1.3	0.026243
-120	-1.2	0.031099
-120	-1.1	0.042102
-120	-1	0.05159
-120	-0.9	0.05925
-120	-0.8	0.061004
-120	-0.7	0.058487
-120	-0.6	0.052825
-120	-0.5	0.04511
-120	-0.4	0.037261
-120	-0.3	0.031273
-120	-0.2	0.025536
-120	-0.1	0.022059
-120	0	0.02008
-120	0.1	0.018427
-120	0.2	0.019698
-120	0.3	0.026415
-120	0.4	0.031042
-120	0.5	0.038436
-120	0.6	0.045249
-120	0.7	0.049561
-120	0.8	0.051316
-120	0.9	0.05043
-120	1	0.047601
-120	1.1	0.043749
-120	1.2	0.040568
-120	1.3	0.038429
-120	1.4	0.035994
-120	1.5	0.03433
-120	1.6	0.034128
-120	1.7	0.033801
-120	1.8	0.033896
-120	1.9	0.033644
-120	2	0.032294
-120	2.1	0.029438
-120	2.2	0.027015
-120	2.3	0.024214
-120	2.4	0.020495
-120	2.5	0.017956
-120	2.6	0.014547
-120	2.7	0.013342
-120	2.8	0.012688
-120	2.9	0.01229
-120	3	0.011355
-120	3.1	0.010237
-120	3.2	0.0087431
-120	3.3	0.008012
-120	3.4	0.0072205
-120	3.5	0.0069839
-120	3.6	0.0080783
-120	3.7	0.0082662
-120	3.8	0.0090305
-120	3.9	0.0088278
-120	4	0.0082896
-110	-4	0.011984
-110	-3.9	0.011378
-110	-3.8	0.01007
-110	-3.7	0.0094912
-110	-3.6	0.01063
-110	-3.5	0.011741
-110	-3.4	0.012776
-110	-3.3	0.011943
-110	-3.2	0.010237
-110	-3.1	0.008545
-110	-3	0.0086633
-110	-2.9	0.012537
-110	-2.8	0.016734
-110	-2.7	0.020314
-110	-2.6	0.023821
-110	-2.5	0.026152
-110	-2.4	0.029004
-110	-2.3	0.033647
-110	-2.2	0.036885
-110	-2.1	0.040513
-110	-2	0.044739
-110	-1.9	0.046151
-110	-1.8	0.043868
-110	-1.7	0.038311
-110	-1.6	0.03112
-110	-1.5	0.026921
-110	-1.4	0.024761
-110	-1.3	0.029753
-110	-1.2	0.038698
-110	-1.1	0.049075
-110	-1	0.05778
-110	-0.9	0.061292
-110	-0.8	0.061306
-110	-0.7	0.05811
-110	-0.6	0.050512
-110	-0.5	0.044185
-110	-0.4	0.03653
-110	-0.3	0.029928
-110	-0.2	0.023739
-110	-0.1	0.021739
-110	0	0.020335
-110	0.1	0.020736
-110	0.2	0.024564
-110	0.3	0.029032
-110	0.4	0.036369
-110	0.5	0.04468
-110	0.6	0.049499
-110	0.7	0.052399
-110	0.8	0.053008
-110	0.9	0.051088
-110	1	0.046837
-110	1.1	0.040501
-110	1.2	0.037532
-110	1.3	0.035576
-110	1.4	0.035292
-110	1.5	0.036042
-110	1.6	0.036818
-110	1.7	0.036565
-110	1.8	0.035673
-110	1.9	0.03284
-110	2	0.030983
-110	2.1	0.029019
-110	2.2	0.027805
-110	2.3	0.026249
-110	2.4	0.024282
-110	2.5	0.021685
-110	2.6	0.017542
-110	2.7	0.015345
-110	2.8	0.012967
-110	2.9	0.012986
-110	3	0.012798
-110	3.1	0.012432
-110	3.2	0.011917
-110	3.3	0.010744
-110	3.4	0.0091213
-110	3.5	0.0092968
-110	3.6	0.0096046
-110	3.7	0.010173
-110	3.8	0.010065
-110	3.9	0.010389
-110	4	0.009911
-100	-4	0.012318
-100	-3.9	0.012054
-100	-3.8	0.010607
-100	-3.7	0.009976
-100	-3.6	0.011365
-100	-3.5	0.012815
-100	-3.4	0.014021
-100	-3.3	0.013896
-100	-3.2	0.010891
-100	-3.1	0.0086184
-100	-3	0.0097433
-100	-2.9	0.011265
-100	-2.8	0.015882
-100	-2.7	0.022379
-100	-2.6	0.025841
-100	-2.5	0.027898
-100	-2.4	0.030861
-100	-2.3	0.034309
-100	-2.2	0.040217
-100	-2.1	0.044584
-100	-2	0.048059
-100	-1.9	0.049086
-100	-1.8	0.046864
-100	-1.7	0.039202
-100	-1.6	0.031356
-100	-1.5	0.027511
-100	-1.4	0.02842
-100	-1.3	0.035412
-100	-1.2	0.046605
-100	-1.1	0.054753
-100	-1	0.061801
-100	-0.9	0.063692
-100	-0.8	0.061559
-100	-0.7	0.056965
-100	-0.6	0.047737
-100	-0.5	0.041553
-100	-0.4	0.030825
-100	-0.3	0.026094
-100	-0.2	0.022436
-100	-0.1	0.020517
-100	0	0.020296
-100	0.1	0.02262
-100	0.2	0.026589
-100	0.3	0.034296
-100	0.4	0.039666
-100	0.5	0.047144
-100	0.6	0.051804
-100	0.7	0.054447
-100	0.8	0.053975
-100	0.9	0.051726
-100	1	0.046471
-100	1.1	0.040921
-100	1.2	0.037238
-100	1.3	0.035205
-100	1.4	0.034309
-100	1.5	0.034583
-100	1.6	0.035311
-100	1.7	0.034761
-100	1.8	0.032921
-100	1.9	0.030544
-100	2	0.028338
-100	2.1	0.027406
-100	2.2	0.025465
-100	2.3	0.024095
-100	2.4	0.022035
-100	2.5	0.020808
-100	2.6	0.017142
-100	2.7	0.014834
-100	2.8	0.012346
-100	2.9	0.0099663
-100	3	0.0094057
-100	3.1	0.0098783
-100	3.2	0.010073
-100	3.3	0.0097333
-100	3.4	0.0094177
-100	3.5	0.009169
-100	3.6	0.0088989
-100	3.7	0.0082935
-100	3.8	0.0078077
-100	3.9	0.0080342
-100	4	0.0082798
-90	-4	0.012051
-90	-3.9	0.011199
-90	-3.8	0.01046
-90	-3.7	0.010154
-90	-3.6	0.011499
-90	-3.5	0.012075
-90	-3.4	0.01253
-90	-3.3	0.011001
-90	-3.2	0.0096365
-90	-3.1	0.0080543
-90	-3	0.009213
-90	-2.9	0.014937
-90	-2.8	0.018861
-90	-2.7	0.023739
-90	-2.6	0.026028
-90	-2.5	0.027926
-90	-2.4	0.030111
-90	-2.3	0.034443
-90	-2.2	0.040203
-90	-2.1	0.047525
-90	-2	0.051198
-90	-1.9	0.051705
-90	-1.8	0.046793
-90	-1.7	0.040986
-90	-1.6	0.031948
-90	-1.5	0.029122
-90	-1.4	0.032584
-90	-1.3	0.040931
-90	-1.2	0.052149
-90	-1.1	0.061185
-90	-1	0.066971
-90	-0.9	0.065243
-90	-0.8	0.060488
-90	-0.7	0.052363
-90	-0.6	0.04596
-90	-0.5	0.035057
-90	-0.4	0.028043
-90	-0.3	0.024243
-90	-0.2	0.022595
-90	-0.1	0.022192
-90	0	0.023777
-90	0.1	0.026168
-90	0.2	0.030878
-90	0.3	0.039943
-90	0.4	0.046648
-90	0.5	0.050811
-90	0.6	0.053992
-90	0.7	0.053781
-90	0.8	0.051689
-90	0.9	0.045999
-90	1	0.042303
-90	1.1	0.037151
-90	1.2	0.036164
-90	1.3	0.034728
-90	1.4	0.034364
-90	1.5	0.034292
-90	1.6	0.034053
-90	1.7	0.034148
-90	1.8	0.033521
-90	1.9	0.032349
-90	2	0.031645
-90	2.1	0.029522
-90	2.2	0.027842
-90	2.3	0.025246
-90	2.4	0.022407
-90	2.5	0.019921
-90	2.6	0.017144
-90	2.7	0.016091
-90	2.8	0.013941
-90	2.9	0.012412
-90	3	0.011281
-90	3.1	0.010557
-90	3.2	0.010379
-90	3.3	0.010437
-90	3.4	0.01161
-90	3.5	0.012032
-90	3.6	0.011492
-90	3.7	0.01037
-90	3.8	0.0087984
-90	3.9	0.0078737
-90	4	0.0081896
-80	-4	0.014025
-80	-3.9	0.011749
-80	-3.8	0.010256
-80	-3.7	0.01109
-80	-3.6	0.013112
-80	-3.5	0.01537
-80	-3.4	0.01586
-80	-3.3	0.014845
-80	-3.2	0.011311
-80	-3.1	0.0098783
-80	-3	0.012504
-80	-2.9	0.016726
-80	-2.8	0.020169
-80	-2.7	0.024236
-80	-2.6	0.026574
-80	-2.5	0.028476
-80	-2.4	0.032616
-80	-2.3	0.038592
-80	-2.2	0.044097
-80	-2.1	0.049491
-80	-2	0.052788
-80	-1.9	0.052348
-80	-1.8	0.046693
-80	-1.7	0.038261
-80	-1.6	0.032038
-80	-1.5	0.029688
-80	-1.4	0.034168
-80	-1.3	0.043395
-80	-1.2	0.056253
-80	-1.1	0.061517
-80	-1	0.06359
-80	-0.9	0.061093
-80	-0.8	0.054515
-80	-0.7	0.050364
-80	-0.6	0.040328
-80	-0.5	0.033625
-80	-0.4	0.026074
-80	-0.3	0.02232
-80	-0.2	0.02095
-80	-0.1	0.021314
-80	0	0.023059
-80	0.1	0.029726
-80	0.2	0.034557
-80	0.3	0.043186
-80	0.4	0.046912
-80	0.5	0.050838
-80	0.6	0.052197
-80	0.7	0.05142
-80	0.8	0.048832
-80	0.9	0.045456
-80	1	0.040115
-80	1.1	0.034623
-80	1.2	0.032245
-80	1.3	0.031199
-80	1.4	0.031594
-80	1.5	0.031897
-80	1.6	0.032733
-80	1.7	0.032298
-80	1.8	0.030882
-80	1.9	0.028193
-80	2	0.024991
-80	2.1	0.023925
-80	2.2	0.021855
-80	2.3	0.020537
-80	2.4	0.019647
-80	2.5	0.018537
-80	2.6	0.016069
-80	2.7	0.013846
-80	2.8	0.012131
-80	2.9	0.010609
-80	3	0.009715
-80	3.1	0.0095743
-80	3.2	0.00973
-80	3.3	0.009481
-80	3.4	0.009295
-80	3.5	0.0088552
-80	3.6	0.0086726
-80	3.7	0.0088515
-80	3.8	0.0092985
-80	3.9	0.0093332
-80	4	0.009068
-70	-4	0.010874
-70	-3.9	0.010509
-70	-3.8	0.011582
-70	-3.7	0.013409
-70	-3.6	0.014381
-70	-3.5	0.014692
-70	-3.4	0.014019
-70	-3.3	0.012027
-70	-3.2	0.01102
-70	-3.1	0.0098881
-70	-3	0.010989
-70	-2.9	0.016266
-70	-2.8	0.018733
-70	-2.7	0.023465
-70	-2.6	0.026854
-70	-2.5	0.029274
-70	-2.4	0.034381
-70	-2.3	0.039706
-70	-2.2	0.044334
-70	-2.1	0.049043
-70	-2	0.051115
-70	-1.9	0.050559
-70	-1.8	0.044863
-70	-1.7	0.038681
-70	-1.6	0.03117
-70	-1.5	0.030495
-70	-1.4	0.036169
-70	-1.3	0.046206
-70	-1.2	0.055176
-70	-1.1	0.060366
-70	-1	0.062064
-70	-0.9	0.059309
-70	-0.8	0.05532
-70	-0.7	0.047824
-70	-0.6	0.035784
-70	-0.5	0.02909
-70	-0.4	0.024778
-70	-0.3	0.021519
-70	-0.2	0.020749
-70	-0.1	0.021225
-70	0	0.023567
-70	0.1	0.028099
-70	0.2	0.032088
-70	0.3	0.038262
-70	0.4	0.046002
-70	0.5	0.048959
-70	0.6	0.050803
-70	0.7	0.049888
-70	0.8	0.047521
-70	0.9	0.042577
-70	1	0.037306
-70	1.1	0.035361
-70	1.2	0.032462
-70	1.3	0.031771
-70	1.4	0.031835
-70	1.5	0.031784
-70	1.6	0.031306
-70	1.7	0.030506
-70	1.8	0.02812
-70	1.9	0.027373
-70	2	0.026209
-70	2.1	0.024759
-70	2.2	0.022783
-70	2.3	0.020523
-70	2.4	0.017957
-70	2.5	0.016171
-70	2.6	0.013727
-70	2.7	0.0118
-70	2.8	0.010626
-70	2.9	0.009839
-70	3	0.009416
-70	3.1	0.0091655
-70	3.2	0.0086912
-70	3.3	0.007634
-70	3.4	0.0073272
-70	3.5	0.0069398
-70	3.6	0.0070254
-70	3.7	0.0072696
-70	3.8	0.0073448
-70	3.9	0.0076149
-70	4	0.0071327
-60	-4	0.011206
-60	-3.9	0.010306
-60	-3.8	0.010372
-60	-3.7	0.012746
-60	-3.6	0.014784
-60	-3.5	0.015913
-60	-3.4	0.015654
-60	-3.3	0.013551
-60	-3.2	0.010431
-60	-3.1	0.0096616
-60	-3	0.011898
-60	-2.9	0.016352
-60	-2.8	0.019873
-60	-2.7	0.02315
-60	-2.6	0.025658
-60	-2.5	0.027909
-60	-2.4	0.031583
-60	-2.3	0.037449
-60	-2.2	0.044643
-60	-2.1	0.04883
-60	-2	0.051721
-60	-1.9	0.049896
-60	-1.8	0.04424
-60	-1.7	0.034168
-60	-1.6	0.028838
-60	-1.5	0.028368
-60	-1.4	0.033763
-60	-1.3	0.042183
-60	-1.2	0.050531
-60	-1.1	0.057099
-60	-1	0.057957
-60	-0.9	0.056524
-60	-0.8	0.051885
-60	-0.7	0.046623
-60	-0.6	0.034587
-60	-0.5	0.029804
-60	-0.4	0.024545
-60	-0.3	0.021336
-60	-0.2	0.019506
-60	-0.1	0.020112
-60	0	0.022324
-60	0.1	0.026092
-60	0.2	0.032364
-60	0.3	0.03852
-60	0.4	0.043721
-60	0.5	0.045763
-60	0.6	0.047224
-60	0.7	0.046769
-60	0.8	0.043537
-60	0.9	0.040674
-60	1	0.037181
-60	1.1	0.03335
-60	1.2	0.029331
-60	1.3	0.028513
-60	1.4	0.027513
-60	1.5	0.02781
-60	1.6	0.028369
-60	1.7	0.02871
-60	1.8	0.02815
-60	1.9	0.027887
-60	2	0.026249
-60	2.1	0.024468
-60	2.2	0.021073
-60	2.3	0.018309
-60	2.4	0.015434
-60	2.5	0.014279
-60	2.6	0.012813
-60	2.7	0.011537
-60	2.8	0.010719
-60	2.9	0.010227
-60	3	0.0092968
-60	3.1	0.0074018
-60	3.2	0.0067365
-60	3.3	0.0064296
-60	3.4	0.0070047
-60	3.5	0.0079695
-60	3.6	0.0080983
-60	3.7	0.0072984
-60	3.8	0.0071689
-60	3.9	0.0072962
-60	4	0.0058174
-50	-4	0.013069
-50	-3.9	0.01315
-50	-3.8	0.01452
-50	-3.7	0.015255
-50	-3.6	0.016431
-50	-3.5	0.016441
-50	-3.4	0.015519
-50	-3.3	0.012527
-50	-3.2	0.010245
-50	-3.1	0.011365
-50	-3	0.012987
-50	-2.9	0.0176
-50	-2.8	0.020922
-50	-2.7	0.022713
-50	-2.6	0.024503
-50	-2.5	0.028137
-50	-2.4	0.031803
-50	-2.3	0.038801
-50	-2.2	0.045443
-50	-2.1	0.049642
-50	-2	0.05058
-50	-1.9	0.046432
-50	-1.8	0.042976
-50	-1.7	0.034728
-50	-1.6	0.028956
-50	-1.5	0.028512
-50	-1.4	0.031953
-50	-1.3	0.040699
-50	-1.2	0.048627
-50	-1.1	0.053805
-50	-1	0.057206
-50	-0.9	0.056186
-50	-0.8	0.051483
-50	-0.7	0.041399
-50	-0.6	0.0314
-50	-0.5	0.024025
-50	-0.4	0.021109
-50	-0.3	0.018126
-50	-0.2	0.017832
-50	-0.1	0.019359
-50	0	0.022794
-50	0.1	0.026956
-50	0.2	0.03339
-50	0.3	0.038436
-50	0.4	0.043107
-50	0.5	0.046814
-50	0.6	0.047284
-50	0.7	0.045499
-50	0.8	0.039799
-50	0.9	0.035851
-50	1	0.031167
-50	1.1	0.026882
-50	1.2	0.025737
-50	1.3	0.02555
-50	1.4	0.02573
-50	1.5	0.025896
-50	1.6	0.025991
-50	1.7	0.025646
-50	1.8	0.024515
-50	1.9	0.024025
-50	2	0.023148
-50	2.1	0.021954
-50	2.2	0.020441
-50	2.3	0.01776
-50	2.4	0.015969
-50	2.5	0.014609
-50	2.6	0.012627
-50	2.7	0.011386
-50	2.8	0.010431
-50	2.9	0.0096415
-50	3	0.0092846
-50	3.1	0.0095421
-50	3.2	0.0090179
-50	3.3	0.0085165
-50	3.4	0.0083614
-50	3.5	0.0082798
-50	3.6	0.0075958
-50	3.7	0.0079207
-50	3.8	0.0080883
-50	3.9	0.0082388
-50	4	0.0082915
-40	-4	0.013368
-40	-3.9	0.012994
-40	-3.8	0.013199
-40	-3.7	0.013833
-40	-3.6	0.014832
-40	-3.5	0.015512
-40	-3.4	0.014462
-40	-3.3	0.013258
-40	-3.2	0.01017
-40	-3.1	0.009469
-40	-3	0.012148
-40	-2.9	0.015697
-40	-2.8	0.01958
-40	-2.7	0.022606
-40	-2.6	0.02476
-40	-2.5	0.029651
-40	-2.4	0.033882
-40	-2.3	0.038616
-40	-2.2	0.04306
-40	-2.1	0.046983
-40	-2	0.048048
-40	-1.9	0.04638
-40	-1.8	0.040028
-40	-1.7	0.03246
-40	-1.6	0.029244
-40	-1.5	0.027374
-40	-1.4	0.032512
-40	-1.3	0.038824
-40	-1.2	0.050201
-40	-1.1	0.054517
-40	-1	0.055961
-40	-0.9	0.054684
-40	-0.8	0.04793
-40	-0.7	0.039333
-40	-0.6	0.032545
-40	-0.5	0.025068
-40	-0.4	0.021032
-40	-0.3	0.018066
-40	-0.2	0.016981
-40	-0.1	0.017485
-40	0	0.020614
-40	0.1	0.025524
-40	0.2	0.034537
-40	0.3	0.039782
-40	0.4	0.046261
-40	0.5	0.04894
-40	0.6	0.048774
-40	0.7	0.045814
-40	0.8	0.041544
-40	0.9	0.036212
-40	1	0.029657
-40	1.1	0.026847
-40	1.2	0.025781
-40	1.3	0.026832
-40	1.4	0.027336
-40	1.5	0.027894
-40	1.6	0.027467
-40	1.7	0.026329
-40	1.8	0.023407
-40	1.9	0.021529
-40	2	0.019458
-40	2.1	0.018751
-40	2.2	0.018373
-40	2.3	0.017803
-40	2.4	0.01543
-40	2.5	0.013499
-40	2.6	0.011848
-40	2.7	0.0093712
-40	2.8	0.0072048
-40	2.9	0.006295
-40	3	0.0067557
-40	3.1	0.0073206
-40	3.2	0.0080462
-40	3.3	0.0072116
-40	3.4	0.0066569
-40	3.5	0.0058644
-40	3.6	0.0059028
-40	3.7	0.0062253
-40	3.8	0.0072138
-40	3.9	0.0077224
-40	4	0.0078304
-30	-4	0.011892
-30	-3.9	0.01219
-30	-3.8	0.013643
-30	-3.7	0.014686
-30	-3.6	0.015716
-30	-3.5	0.014634
-30	-3.4	0.012889
-30	-3.3	0.011544
-30	-3.2	0.01001
-30	-3.1	0.011186
-30	-3	0.013429
-30	-2.9	0.016384
-30	-2.8	0.017784
-30	-2.7	0.020214
-30	-2.6	0.023634
-30	-2.5	0.027651
-30	-2.4	0.03206
-30	-2.3	0.037873
-30	-2.2	0.044009
-30	-2.1	0.049261
-30	-2	0.050351
-30	-1.9	0.047305
-30	-1.8	0.042328
-30	-1.7	0.032904
-30	-1.6	0.027349
-30	-1.5	0.026698
-30	-1.4	0.033928
-30	-1.3	0.042272
-30	-1.2	0.04983
-30	-1.1	0.054044
-30	-1	0.054525
-30	-0.9	0.052543
-30	-0.8	0.047298
-30	-0.7	0.040167
-30	-0.6	0.030007
-30	-0.5	0.023913
-30	-0.4	0.020872
-30	-0.3	0.018105
-30	-0.2	0.017169
-30	-0.1	0.018939
-30	0	0.022041
-30	0.1	0.027101
-30	0.2	0.031895
-30	0.3	0.037642
-30	0.4	0.043288
-30	0.5	0.044462
-30	0.6	0.044477
-30	0.7	0.041674
-30	0.8	0.03701
-30	0.9	0.032254
-30	1	0.028067
-30	1.1	0.025811
-30	1.2	0.0253
-30	1.3	0.025715
-30	1.4	0.026129
-30	1.5	0.026099
-30	1.6	0.025659
-30	1.7	0.024842
-30	1.8	0.024154
-30	1.9	0.022836
-30	2	0.021961
-30	2.1	0.020865
-30	2.2	0.019444
-30	2.3	0.017995
-30	2.4	0.015645
-30	2.5	0.013559
-30	2.6	0.011752
-30	2.7	0.010243
-30	2.8	0.0094331
-30	2.9	0.0091637
-30	3	0.0087061
-30	3.1	0.0084766
-30	3.2	0.0083961
-30	3.3	0.0077161
-30	3.4	0.006963
-30	3.5	0.0068389
-30	3.6	0.0068907
-30	3.7	0.0077014
-30	3.8	0.0076678
-30	3.9	0.00748
-30	4	0.0071009
-20	-4	0.011981
-20	-3.9	0.011207
-20	-3.8	0.011679
-20	-3.7	0.013439
-20	-3.6	0.015294
-20	-3.5	0.015327
-20	-3.4	0.014524
-20	-3.3	0.011637
-20	-3.2	0.0095793
-20	-3.1	0.0091761
-20	-3	0.012541
-20	-2.9	0.01593
-20	-2.8	0.019257
-20	-2.7	0.020342
-20	-2.6	0.022262
-20	-2.5	0.024292
-20	-2.4	0.031795
-20	-2.3	0.039964
-20	-2.2	0.047116
-20	-2.1	0.051367
-20	-2	0.054451
-20	-1.9	0.0512
-20	-1.8	0.045669
-20	-1.7	0.038992
-20	-1.6	0.029208
-20	-1.5	0.026097
-20	-1.4	0.033601
-20	-1.3	0.039328
-20	-1.2	0.049857
-20	-1.1	0.056317
-20	-1	0.057945
-20	-0.9	0.054699
-20	-0.8	0.05082
-20	-0.7	0.040317
-20	-0.6	0.030537
-20	-0.5	0.024488
-20	-0.4	0.018674
-20	-0.3	0.017594
-20	-0.2	0.017558
-20	-0.1	0.019681
-20	0	0.022222
-20	0.1	0.028382
-20	0.2	0.0349
-20	0.3	0.040141
-20	0.4	0.043523
-20	0.5	0.045905
-20	0.6	0.046299
-20	0.7	0.043675
-20	0.8	0.040119
-20	0.9	0.033719
-20	1	0.030575
-20	1.1	0.026615
-20	1.2	0.024929
-20	1.3	0.025143
-20	1.4	0.025435
-20	1.5	0.025027
-20	1.6	0.024588
-20	1.7	0.024203
-20	1.8	0.023286
-20	1.9	0.022589
-20	2	0.021908
-20	2.1	0.021489
-20	2.2	0.020565
-20	2.3	0.019446
-20	2.4	0.017629
-20	2.5	0.015603
-20	2.6	0.013786
-20	2.7	0.012266
-20	2.8	0.01094
-20	2.9	0.0095404
-20	3	0.0092829
-20	3.1	0.0086371
-20	3.2	0.0084671
-20	3.3	0.0085902
-20	3.4	0.0087468
-20	3.5	0.0089874
-20	3.6	0.0089874
-20	3.7	0.008745
-20	3.8	0.0077599
-20	3.9	0.0073139
-20	4	0.0069723
-10	-4	0.010451
-10	-3.9	0.011508
-10	-3.8	0.013639
-10	-3.7	0.015235
-10	-3.6	0.016192
-10	-3.5	0.017043
-10	-3.4	0.016216
-10	-3.3	0.01404
-10	-3.2	0.010368
-10	-3.1	0.0095438
-10	-3	0.010208
-10	-2.9	0.0145
-10	-2.8	0.017279
-10	-2.7	0.019323
-10	-2.6	0.021326
-10	-2.5	0.024937
-10	-2.4	0.033649
-10	-2.3	0.04011
-10	-2.2	0.04838
-10	-2.1	0.053299
-10	-2	0.055825
-10	-1.9	0.053445
-10	-1.8	0.048725
-10	-1.7	0.037531
-10	-1.6	0.03228
-10	-1.5	0.029223
-10	-1.4	0.034364
-10	-1.3	0.039245
-10	-1.2	0.04841
-10	-1.1	0.052692
-10	-1	0.056498
-10	-0.9	0.055826
-10	-0.8	0.051443
-10	-0.7	0.041928
-10	-0.6	0.034379
-10	-0.5	0.028024
-10	-0.4	0.021212
-10	-0.3	0.018181
-10	-0.2	0.017694
-10	-0.1	0.019447
-10	0	0.021501
-10	0.1	0.026026
-10	0.2	0.033749
-10	0.3	0.036824
-10	0.4	0.041552
-10	0.5	0.043992
-10	0.6	0.044645
-10	0.7	0.043232
-10	0.8	0.040569
-10	0.9	0.036207
-10	1	0.033087
-10	1.1	0.029197
-10	1.2	0.026344
-10	1.3	0.026179
-10	1.4	0.025846
-10	1.5	0.026009
-10	1.6	0.026118
-10	1.7	0.025914
-10	1.8	0.025471
-10	1.9	0.024155
-10	2	0.022747
-10	2.1	0.020857
-10	2.2	0.019695
-10	2.3	0.018195
-10	2.4	0.016938
-10	2.5	0.015537
-10	2.6	0.01406
-10	2.7	0.012533
-10	2.8	0.011331
-10	2.9	0.0095759
-10	3	0.0086053
-10	3.1	0.0079452
-10	3.2	0.0076888
-10	3.3	0.0078056
-10	3.4	0.0084365
-10	3.5	0.0082759
-10	3.6	0.0080963
-10	3.7	0.0078654
-10	3.8	0.0075359
-10	3.9	0.0073777
-10	4	0.007294
0	-4	0.012439
0	-3.9	0.011107
0	-3.8	0.011068
0	-3.7	0.012814
0	-3.6	0.016104
0	-3.5	0.017918
0	-3.4	0.018587
0	-3.3	0.017887
0	-3.2	0.014984
0	-3.1	0.011434
0	-3	0.0099647
0	-2.9	0.012493
0	-2.8	0.018481
0	-2.7	0.021619
0	-2.6	0.02517
0	-2.5	0.029353
0	-2.4	0.031891
0	-2.3	0.040951
0	-2.2	0.047422
0	-2.1	0.054081
0	-2	0.05619
0	-1.9	0.055484
0	-1.8	0.052442
0	-1.7	0.044991
0	-1.6	0.036488
0	-1.5	0.030875
0	-1.4	0.030976
0	-1.3	0.036751
0	-1.2	0.045567
0	-1.1	0.05527
0	-1	0.057026
0	-0.9	0.057631
0	-0.8	0.052934
0	-0.7	0.048394
0	-0.6	0.039677
0	-0.5	0.030342
0	-0.4	0.024868
0	-0.3	0.021481
0	-0.2	0.019194
0	-0.1	0.019258
0	0	0.02074
0	0.1	0.024452
0	0.2	0.02895
0	0.3	0.034961
0	0.4	0.041073
0	0.5	0.044648
0	0.6	0.046487
0	0.7	0.04648
0	0.8	0.044962
0	0.9	0.041766
0	1	0.037195
0	1.1	0.033635
0	1.2	0.030513
0	1.3	0.028367
0	1.4	0.026854
0	1.5	0.026854
0	1.6	0.027119
0	1.7	0.02741
0	1.8	0.027436
0	1.9	0.027049
0	2	0.026325
0	2.1	0.024154
0	2.2	0.02149
0	2.3	0.019789
0	2.4	0.016521
0	2.5	0.014687
0	2.6	0.013756
0	2.7	0.011797
0	2.8	0.010642
0	2.9	0.010134
0	3	0.0090573
0	3.1	0.008006
0	3.2	0.0069211
0	3.3	0.0064672
0	3.4	0.0060649
0	3.5	0.0067173
0	3.6	0.007135
0	3.7	0.0073536
0	3.8	0.0079533
0	3.9	0.007617
0	4	0.0070872
10	-4	0.012336
10	-3.9	0.011332
10	-3.8	0.012584
10	-3.7	0.015518
10	-3.6	0.018941
10	-3.5	0.020234
10	-3.4	0.020147
10	-3.3	0.016695
10	-3.2	0.014559
10	-3.1	0.010757
10	-3	0.011441
10	-2.9	0.014137
10	-2.8	0.018695
10	-2.7	0.020731
10	-2.6	0.02276
10	-2.5	0.025215
10	-2.4	0.029489
10	-2.3	0.041036
10	-2.2	0.049513
10	-2.1	0.055418
10	-2	0.059923
10	-1.9	0.060147
10	-1.8	0.053508
10	-1.7	0.041996
10	-1.6	0.035267
10	-1.5	0.029393
10	-1.4	0.030676
10	-1.3	0.040769
10	-1.2	0.049208
10	-1.1	0.054193
10	-1	0.058503
10	-0.9	0.058855
10	-0.8	0.055307
10	-0.7	0.047973
10	-0.6	0.03806
10	-0.5	0.030218
10	-0.4	0.023591
10	-0.3	0.019255
10	-0.2	0.01805
10	-0.1	0.018242
10	0	0.021018
10	0.1	0.024458
10	0.2	0.029409
10	0.3	0.034886
10	0.4	0.040791
10	0.5	0.043333
10	0.6	0.044787
10	0.7	0.044244
10	0.8	0.041447
10	0.9	0.039474
10	1	0.035431
10	1.1	0.03097
10	1.2	0.028826
10	1.3	0.028336
10	1.4	0.027911
10	1.5	0.027431
10	1.6	0.026858
10	1.7	0.026391
10	1.8	0.025874
10	1.9	0.025687
10	2	0.025737
10	2.1	0.025675
10	2.2	0.024987
10	2.3	0.023256
10	2.4	0.021164
10	2.5	0.017485
10	2.6	0.014992
10	2.7	0.012763
10	2.8	0.01206
10	2.9	0.012182
10	3	0.012431
10	3.1	0.011911
10	3.2	0.011375
10	3.3	0.010181
10	3.4	0.0091549
10	3.5	0.0094639
10	3.6	0.010279
10	3.7	0.011131
10	3.8	0.010952
10	3.9	0.010515
10	4	0.0097879
20	-4	0.013786
20	-3.9	0.013379
20	-3.8	0.014117
20	-3.7	0.016275
20	-3.6	0.018178
20	-3.5	0.019457
20	-3.4	0.019118
20	-3.3	0.016365
20	-3.2	0.014055
20	-3.1	0.011788
20	-3	0.011927
20	-2.9	0.014724
20	-2.8	0.016792
20	-2.7	0.020603
20	-2.6	0.022816
20	-2.5	0.026472
20	-2.4	0.032548
20	-2.3	0.040201
20	-2.2	0.049094
20	-2.1	0.054313
20	-2	0.058712
20	-1.9	0.059503
20	-1.8	0.056674
20	-1.7	0.045335
20	-1.6	0.036071
20	-1.5	0.028915
20	-1.4	0.029279
20	-1.3	0.033984
20	-1.2	0.042725
20	-1.1	0.051529
20	-1	0.058024
20	-0.9	0.058594
20	-0.8	0.054863
20	-0.7	0.051319
20	-0.6	0.043925
20	-0.5	0.035537
20	-0.4	0.027217
20	-0.3	0.022752
20	-0.2	0.020718
20	-0.1	0.019461
20	0	0.019458
20	0.1	0.021649
20	0.2	0.025345
20	0.3	0.03228
20	0.4	0.038886
20	0.5	0.042523
20	0.6	0.045778
20	0.7	0.04702
20	0.8	0.045871
20	0.9	0.043068
20	1	0.038539
20	1.1	0.033633
20	1.2	0.030701
20	1.3	0.028854
20	1.4	0.028536
20	1.5	0.028892
20	1.6	0.029232
20	1.7	0.029453
20	1.8	0.028682
20	1.9	0.0271
20	2	0.025224
20	2.1	0.023502
20	2.2	0.022407
20	2.3	0.021079
20	2.4	0.01908
20	2.5	0.017171
20	2.6	0.015918
20	2.7	0.013639
20	2.8	0.011456
20	2.9	0.0097549
20	3	0.0081639
20	3.1	0.0079797
20	3.2	0.0077932
20	3.3	0.0079146
20	3.4	0.0083692
20	3.5	0.0074951
20	3.6	0.0074843
20	3.7	0.0077412
20	3.8	0.0078839
20	3.9	0.0079023
20	4	0.0076741
30	-4	0.014091
30	-3.9	0.014293
30	-3.8	0.014329
30	-3.7	0.015291
30	-3.6	0.017383
30	-3.5	0.018387
30	-3.4	0.019076
30	-3.3	0.017985
30	-3.2	0.016704
30	-3.1	0.013754
30	-3	0.011701
30	-2.9	0.011295
30	-2.8	0.014211
30	-2.7	0.017422
30	-2.6	0.021163
30	-2.5	0.024578
30	-2.4	0.029188
30	-2.3	0.036055
30	-2.2	0.042757
30	-2.1	0.051294
30	-2	0.057456
30	-1.9	0.058762
30	-1.8	0.055701
30	-1.7	0.049017
30	-1.6	0.040947
30	-1.5	0.03104
30	-1.4	0.027956
30	-1.3	0.030411
30	-1.2	0.040232
30	-1.1	0.049351
30	-1	0.056386
30	-0.9	0.059333
30	-0.8	0.056987
30	-0.7	0.053855
30	-0.6	0.044826
30	-0.5	0.03712
30	-0.4	0.029283
30	-0.3	0.022084
30	-0.2	0.019741
30	-0.1	0.018349
30	0	0.018137
30	0.1	0.019244
30	0.2	0.022857
30	0.3	0.02782
30	0.4	0.034973
30	0.5	0.039472
30	0.6	0.043232
30	0.7	0.044474
30	0.8	0.043366
30	0.9	0.04156
30	1	0.038777
30	1.1	0.034231
30	1.2	0.03027
30	1.3	0.029318
30	1.4	0.028744
30	1.5	0.028652
30	1.6	0.028629
30	1.7	0.028772
30	1.8	0.029138
30	1.9	0.028
30	2	0.026343
30	2.1	0.025119
30	2.2	0.023333
30	2.3	0.020957
30	2.4	0.019224
30	2.5	0.016759
30	2.6	0.015787
30	2.7	0.014682
30	2.8	0.013438
30	2.9	0.011463
30	3	0.010289
30	3.1	0.0095014
30	3.2	0.0097598
30	3.3	0.010694
30	3.4	0.010682
30	3.5	0.010537
30	3.6	0.010358
30	3.7	0.010271
30	3.8	0.0081222
30	3.9	0.0072629
30	4	0.0072896
40	-4	0.017417
40	-3.9	0.017126
40	-3.8	0.015998
40	-3.7	0.01566
40	-3.6	0.016051
40	-3.5	0.017502
40	-3.4	0.018761
40	-3.3	0.018038
40	-3.2	0.016651
40	-3.1	0.014549
40	-3	0.012078
40	-2.9	0.010754
40	-2.8	0.012758
40	-2.7	0.017055
40	-2.6	0.020963
40	-2.5	0.024985
40	-2.4	0.027587
40	-2.3	0.034411
40	-2.2	0.03907
40	-2.1	0.047951
40	-2	0.052925
40	-1.9	0.055273
40	-1.8	0.054613
40	-1.7	0.048301
40	-1.6	0.042643
40	-1.5	0.032123
40	-1.4	0.026343
40	-1.3	0.02561
40	-1.2	0.035918
40	-1.1	0.045576
40	-1	0.053475
40	-0.9	0.057854
40	-0.8	0.058675
40	-0.7	0.055765
40	-0.6	0.050035
40	-0.5	0.040493
40	-0.4	0.033101
40	-0.3	0.025648
40	-0.2	0.02074
40	-0.1	0.017752
40	0	0.016207
40	0.1	0.015867
40	0.2	0.018616
40	0.3	0.023281
40	0.4	0.030571
40	0.5	0.036266
40	0.6	0.040639
40	0.7	0.04418
40	0.8	0.044789
40	0.9	0.043128
40	1	0.038607
40	1.1	0.036396
40	1.2	0.02998
40	1.3	0.027763
40	1.4	0.027237
40	1.5	0.027075
40	1.6	0.027334
40	1.7	0.026921
40	1.8	0.027141
40	1.9	0.026382
40	2	0.024781
40	2.1	0.023669
40	2.2	0.022563
40	2.3	0.021671
40	2.4	0.019752
40	2.5	0.018364
40	2.6	0.015624
40	2.7	0.013842
40	2.8	0.011618
40	2.9	0.009537
40	3	0.0080583
40	3.1	0.0073799
40	3.2	0.0079635
40	3.3	0.0080442
40	3.4	0.0086745
40	3.5	0.0089622
40	3.6	0.0086819
40	3.7	0.0082525
40	3.8	0.0077828
40	3.9	0.0075037
40	4	0.0071463
50	-4	0.013437
50	-3.9	0.013128
50	-3.8	0.013191
50	-3.7	0.0148
50	-3.6	0.01722
50	-3.5	0.018393
50	-3.4	0.019141
50	-3.3	0.018621
50	-3.2	0.01711
50	-3.1	0.013744
50	-3	0.011316
50	-2.9	0.010445
50	-2.8	0.011181
50	-2.7	0.01406
50	-2.6	0.01829
50	-2.5	0.021397
50	-2.4	0.025272
50	-2.3	0.028965
50	-2.2	0.033973
50	-2.1	0.043506
50	-2	0.049617
50	-1.9	0.054419
50	-1.8	0.05406
50	-1.7	0.05126
50	-1.6	0.039619
50	-1.5	0.029857
50	-1.4	0.025238
50	-1.3	0.023791
50	-1.2	0.028792
50	-1.1	0.038186
50	-1	0.047693
50	-0.9	0.053048
50	-0.8	0.054948
50	-0.7	0.052862
50	-0.6	0.045093
50	-0.5	0.041294
50	-0.4	0.031565
50	-0.3	0.026311
50	-0.2	0.020312
50	-0.1	0.018037
50	0	0.015684
50	0.1	0.015251
50	0.2	0.016735
50	0.3	0.019428
50	0.4	0.024486
50	0.5	0.030826
50	0.6	0.035129
50	0.7	0.038182
50	0.8	0.039751
50	0.9	0.03941
50	1	0.037191
50	1.1	0.033275
50	1.2	0.030686
50	1.3	0.028576
50	1.4	0.027512
50	1.5	0.026846
50	1.6	0.026944
50	1.7	0.027181
50	1.8	0.027297
50	1.9	0.027215
50	2	0.026713
50	2.1	0.025709
50	2.2	0.024466
50	2.3	0.022484
50	2.4	0.020703
50	2.5	0.018043
50	2.6	0.016046
50	2.7	0.014639
50	2.8	0.013153
50	2.9	0.011285
50	3	0.010126
50	3.1	0.0095641
50	3.2	0.0099175
50	3.3	0.0098554
50	3.4	0.0094194
50	3.5	0.0095133
50	3.6	0.0089387
50	3.7	0.0089424
50	3.8	0.0086857
50	3.9	0.0088898
50	4	0.0093228
60	-4	0.016437
60	-3.9	0.015944
60	-3.8	0.014384
60	-3.7	0.013389
60	-3.6	0.015005
60	-3.5	0.017536
60	-3.4	0.01977
60	-3.3	0.020807
60	-3.2	0.019346
60	-3.1	0.017447
60	-3	0.012162
60	-2.9	0.010483
60	-2.8	0.010983
60	-2.7	0.015197
60	-2.6	0.01806
60	-2.5	0.020984
60	-2.4	0.0243
60	-2.3	0.028881
60	-2.2	0.03293
60	-2.1	0.039927
60	-2	0.047951
60	-1.9	0.051595
60	-1.8	0.052157
60	-1.7	0.050069
60	-1.6	0.044006
60	-1.5	0.033677
60	-1.4	0.024169
60	-1.3	0.021357
60	-1.2	0.026145
60	-1.1	0.034883
60	-1	0.044787
60	-0.9	0.050782
60	-0.8	0.052204
60	-0.7	0.051041
60	-0.6	0.047268
60	-0.5	0.039067
60	-0.4	0.030634
60	-0.3	0.025197
60	-0.2	0.020524
60	-0.1	0.017558
60	0	0.015903
60	0.1	0.015395
60	0.2	0.015898
60	0.3	0.018374
60	0.4	0.02248
60	0.5	0.027191
60	0.6	0.032168
60	0.7	0.035809
60	0.8	0.037004
60	0.9	0.036441
60	1	0.034829
60	1.1	0.032898
60	1.2	0.029991
60	1.3	0.027294
60	1.4	0.025836
60	1.5	0.024488
60	1.6	0.02389
60	1.7	0.024505
60	1.8	0.025368
60	1.9	0.026028
60	2	0.026281
60	2.1	0.026082
60	2.2	0.024769
60	2.3	0.022256
60	2.4	0.020365
60	2.5	0.018254
60	2.6	0.015186
60	2.7	0.01372
60	2.8	0.012535
60	2.9	0.011867
60	3	0.011612
60	3.1	0.011813
60	3.2	0.011053
60	3.3	0.0091231
60	3.4	0.0082171
60	3.5	0.0077349
60	3.6	0.0085051
60	3.7	0.0093919
60	3.8	0.0098963
60	3.9	0.010415
60	4	0.010345
70	-4	0.014211
70	-3.9	0.014777
70	-3.8	0.01391
70	-3.7	0.013275
70	-3.6	0.013051
70	-3.5	0.014421
70	-3.4	0.016793
70	-3.3	0.018244
70	-3.2	0.017919
70	-3.1	0.016609
70	-3	0.013757
70	-2.9	0.0098505
70	-2.8	0.0080883
70	-2.7	0.0095793
70	-2.6	0.015073
70	-2.5	0.017868
70	-2.4	0.021137
70	-2.3	0.025366
70	-2.2	0.02848
70	-2.1	0.033663
70	-2	0.039727
70	-1.9	0.044459
70	-1.8	0.046697
70	-1.7	0.046199
70	-1.6	0.042428
70	-1.5	0.034664
70	-1.4	0.026754
70	-1.3	0.01986
70	-1.2	0.022422
70	-1.1	0.030358
70	-1	0.039391
70	-0.9	0.047377
70	-0.8	0.050959
70	-0.7	0.050474
70	-0.6	0.047337
70	-0.5	0.038353
70	-0.4	0.033268
70	-0.3	0.025723
70	-0.2	0.019293
70	-0.1	0.01731
70	0	0.01474
70	0.1	0.013527
70	0.2	0.013384
70	0.3	0.01608
70	0.4	0.022343
70	0.5	0.029557
70	0.6	0.033355
70	0.7	0.036913
70	0.8	0.038247
70	0.9	0.037513
70	1	0.035357
70	1.1	0.032037
70	1.2	0.027847
70	1.3	0.026006
70	1.4	0.024123
70	1.5	0.023137
70	1.6	0.022857
70	1.7	0.023467
70	1.8	0.024424
70	1.9	0.024894
70	2	0.024605
70	2.1	0.024008
70	2.2	0.02228
70	2.3	0.020661
70	2.4	0.018204
70	2.5	0.016407
70	2.6	0.014254
70	2.7	0.013229
70	2.8	0.01207
70	2.9	0.011061
70	3	0.010543
70	3.1	0.0092252
70	3.2	0.0088607
70	3.3	0.0091036
70	3.4	0.00878
70	3.5	0.0090215
70	3.6	0.0094142
70	3.7	0.0097846
70	3.8	0.010082
70	3.9	0.0094827
70	4	0.0097333
80	-4	0.015317
80	-3.9	0.015273
80	-3.8	0.014979
80	-3.7	0.014658
80	-3.6	0.015404
80	-3.5	0.017264
80	-3.4	0.018129
80	-3.3	0.019065
80	-3.2	0.019149
80	-3.1	0.017248
80	-3	0.014709
80	-2.9	0.011332
80	-2.8	0.01029
80	-2.7	0.01152
80	-2.6	0.014988
80	-2.5	0.018859
80	-2.4	0.022345
80	-2.3	0.024552
80	-2.2	0.02841
80	-2.1	0.03472
80	-2	0.040122
80	-1.9	0.044969
80	-1.8	0.047415
80	-1.7	0.04643
80	-1.6	0.042264
80	-1.5	0.03551
80	-1.4	0.027405
80	-1.3	0.020297
80	-1.2	0.019661
80	-1.1	0.027502
80	-1	0.036831
80	-0.9	0.043002
80	-0.8	0.048165
80	-0.7	0.048865
80	-0.6	0.046215
80	-0.5	0.043941
80	-0.4	0.037134
80	-0.3	0.02823
80	-0.2	0.023187
80	-0.1	0.01861
80	0	0.015691
80	0.1	0.013721
80	0.2	0.013034
80	0.3	0.013949
80	0.4	0.017776
80	0.5	0.023134
80	0.6	0.028503
80	0.7	0.031811
80	0.8	0.036864
80	0.9	0.038478
80	1	0.037304
80	1.1	0.035622
80	1.2	0.03119
80	1.3	0.025504
80	1.4	0.023848
80	1.5	0.023274
80	1.6	0.023886
80	1.7	0.025603
80	1.8	0.026921
80	1.9	0.027287
80	2	0.026307
80	2.1	0.024596
80	2.2	0.022069
80	2.3	0.021078
80	2.4	0.020047
80	2.5	0.019054
80	2.6	0.017858
80	2.7	0.01643
80	2.8	0.013965
80	2.9	0.011622
80	3	0.0088333
80	3.1	0.0083227
80	3.2	0.0091531
80	3.3	0.0103
80	3.4	0.01085
80	3.5	0.0095506
80	3.6	0.0090233
80	3.7	0.0079268
80	3.8	0.0076699
80	3.9	0.0078962
80	4	0.0079837
90	-4	0.013711
90	-3.9	0.014965
90	-3.8	0.015443
90	-3.7	0.014912
90	-3.6	0.01479
90	-3.5	0.014795
90	-3.4	0.015561
90	-3.3	0.016158
90	-3.2	0.016624
90	-3.1	0.01585
90	-3	0.013014
90	-2.9	0.010894
90	-2.8	0.0086521
90	-2.7	0.0090929
90	-2.6	0.011721
90	-2.5	0.014623
90	-2.4	0.017947
90	-2.3	0.020768
90	-2.2	0.023871
90	-2.1	0.027891
90	-2	0.034705
90	-1.9	0.039847
90	-1.8	0.044418
90	-1.7	0.045137
90	-1.6	0.042657
90	-1.5	0.037511
90	-1.4	0.02997
90	-1.3	0.022343
90	-1.2	0.018784
90	-1.1	0.026515
90	-1	0.034683
90	-0.9	0.04252
90	-0.8	0.049025
90	-0.7	0.051114
90	-0.6	0.048759
90	-0.5	0.043385
90	-0.4	0.035812
90	-0.3	0.029086
90	-0.2	0.022551
90	-0.1	0.017578
90	0	0.014757
90	0.1	0.012991
90	0.2	0.012383
90	0.3	0.015234
90	0.4	0.018499
90	0.5	0.02514
90	0.6	0.03302
90	0.7	0.037721
90	0.8	0.039729
90	0.9	0.039901
90	1	0.038103
90	1.1	0.034962
90	1.2	0.033149
90	1.3	0.030627
90	1.4	0.028722
90	1.5	0.027806
90	1.6	0.027124
90	1.7	0.026615
90	1.8	0.026262
90	1.9	0.026249
90	2	0.025863
90	2.1	0.025302
90	2.2	0.02427
90	2.3	0.023753
90	2.4	0.022106
90	2.5	0.019494
90	2.6	0.015912
90	2.7	0.013986
90	2.8	0.012164
90	2.9	0.010851
90	3	0.010494
90	3.1	0.0098996
90	3.2	0.0099825
90	3.3	0.0090555
90	3.4	0.0094434
90	3.5	0.0094741
90	3.6	0.010134
90	3.7	0.010328
90	3.8	0.0103
90	3.9	0.010086
90	4	0.0088131
100	-4	0.013382
100	-3.9	0.014244
100	-3.8	0.014982
100	-3.7	0.015242
100	-3.6	0.015835
100	-3.5	0.016589
100	-3.4	0.016999
100	-3.3	0.017872
100	-3.2	0.017894
100	-3.1	0.016982
100	-3	0.015098
100	-2.9	0.012016
100	-2.8	0.010747
100	-2.7	0.01086
100	-2.6	0.012952
100	-2.5	0.016903
100	-2.4	0.018622
100	-2.3	0.020392
100	-2.2	0.024988
100	-2.1	0.028526
100	-2	0.031914
100	-1.9	0.039158
100	-1.8	0.042522
100	-1.7	0.043006
100	-1.6	0.040363
100	-1.5	0.036625
100	-1.4	0.029028
100	-1.3	0.022923
100	-1.2	0.019299
100	-1.1	0.023533
100	-1	0.030258
100	-0.9	0.038581
100	-0.8	0.044389
100	-0.7	0.048443
100	-0.6	0.047274
100	-0.5	0.044733
100	-0.4	0.039481
100	-0.3	0.032926
100	-0.2	0.026544
100	-0.1	0.018634
100	0	0.015491
100	0.1	0.012482
100	0.2	0.012281
100	0.3	0.012587
100	0.4	0.017731
100	0.5	0.020239
100	0.6	0.029043
100	0.7	0.034373
100	0.8	0.039058
100	0.9	0.041254
100	1	0.041971
100	1.1	0.039752
100	1.2	0.035939
100	1.3	0.030904
100	1.4	0.027739
100	1.5	0.026859
100	1.6	0.027449
100	1.7	0.029536
100	1.8	0.030808
100	1.9	0.031632
100	2	0.030381
100	2.1	0.02843
100	2.2	0.025941
100	2.3	0.023509
100	2.4	0.022664
100	2.5	0.021726
100	2.6	0.020292
100	2.7	0.018236
100	2.8	0.016958
100	2.9	0.014873
100	3	0.012204
100	3.1	0.010497
100	3.2	0.010153
100	3.3	0.010694
100	3.4	0.010704
100	3.5	0.010537
100	3.6	0.010087
100	3.7	0.010417
100	3.8	0.010939
100	3.9	0.011152
100	4	0.011369
110	-4	0.012993
110	-3.9	0.014804
110	-3.8	0.015612
110	-3.7	0.015101
110	-3.6	0.014308
110	-3.5	0.013685
110	-3.4	0.014555
110	-3.3	0.015326
110	-3.2	0.016659
110	-3.1	0.016872
110	-3	0.015252
110	-2.9	0.013108
110	-2.8	0.0099711
110	-2.7	0.0086259
110	-2.6	0.010153
110	-2.5	0.014848
110	-2.4	0.017927
110	-2.3	0.021594
110	-2.2	0.024032
110	-2.1	0.026648
110	-2	0.030411
110	-1.9	0.03572
110	-1.8	0.039868
110	-1.7	0.042144
110	-1.6	0.042106
110	-1.5	0.038446
110	-1.4	0.033246
110	-1.3	0.02677
110	-1.2	0.022138
110	-1.1	0.025213
110	-1	0.032717
110	-0.9	0.044724
110	-0.8	0.05236
110	-0.7	0.055741
110	-0.6	0.054941
110	-0.5	0.05066
110	-0.4	0.042184
110	-0.3	0.034215
110	-0.2	0.025717
110	-0.1	0.018523
110	0	0.014227
110	0.1	0.01258
110	0.2	0.012635
110	0.3	0.015888
110	0.4	0.020649
110	0.5	0.029294
110	0.6	0.036629
110	0.7	0.041001
110	0.8	0.045682
110	0.9	0.047601
110	1	0.046659
110	1.1	0.043926
110	1.2	0.039833
110	1.3	0.035919
110	1.4	0.033173
110	1.5	0.032279
110	1.6	0.031395
110	1.7	0.031027
110	1.8	0.030895
110	1.9	0.030861
110	2	0.030446
110	2.1	0.028935
110	2.2	0.027559
110	2.3	0.026259
110	2.4	0.024443
110	2.5	0.020912
110	2.6	0.017711
110	2.7	0.015846
110	2.8	0.014193
110	2.9	0.012673
110	3	0.011592
110	3.1	0.011569
110	3.2	0.010639
110	3.3	0.010409
110	3.4	0.0098587
110	3.5	0.010095
110	3.6	0.010474
110	3.7	0.011072
110	3.8	0.011385
110	3.9	0.01098
110	4	0.010259
120	-4	0.012283
120	-3.9	0.014059
120	-3.8	0.015472
120	-3.7	0.01586
120	-3.6	0.015249
120	-3.5	0.014326
120	-3.4	0.014078
120	-3.3	0.014586
120	-3.2	0.016312
120	-3.1	0.017185
120	-3	0.017499
120	-2.9	0.016274
120	-2.8	0.014053
120	-2.7	0.011617
120	-2.6	0.011077
120	-2.5	0.015216
120	-2.4	0.017761
120	-2.3	0.022912
120	-2.2	0.025704
120	-2.1	0.028664
120	-2	0.031451
120	-1.9	0.03755
120	-1.8	0.040427
120	-1.7	0.043308
120	-1.6	0.043831
120	-1.5	0.042029
120	-1.4	0.037188
120	-1.3	0.032509
120	-1.2	0.028087
120	-1.1	0.028801
120	-1	0.033939
120	-0.9	0.042267
120	-0.8	0.050399
120	-0.7	0.053876
120	-0.6	0.054183
120	-0.5	0.049562
120	-0.4	0.043799
120	-0.3	0.03502
120	-0.2	0.026613
120	-0.1	0.018558
120	0	0.015804
120	0.1	0.014573
120	0.2	0.014277
120	0.3	0.016991
120	0.4	0.021041
120	0.5	0.027854
120	0.6	0.035778
120	0.7	0.041978
120	0.8	0.046194
120	0.9	0.048034
120	1	0.047916
120	1.1	0.045005
120	1.2	0.04251
120	1.3	0.040115
120	1.4	0.038947
120	1.5	0.037883
120	1.6	0.035966
120	1.7	0.0346
120	1.8	0.033243
120	1.9	0.032221
120	2	0.031765
120	2.1	0.031475
120	2.2	0.031091
120	2.3	0.030376
120	2.4	0.02763
120	2.5	0.025299
120	2.6	0.02011
120	2.7	0.01645
120	2.8	0.013659
120	2.9	0.012544
120	3	0.011841
120	3.1	0.012419
120	3.2	0.012119
120	3.3	0.011398
120	3.4	0.0097912
120	3.5	0.0084403
120	3.6	0.0085563
120	3.7	0.0088333
120	3.8	0.0095286
120	3.9	0.0094194
120	4	0.0096214
130	-4	0.012087
130	-3.9	0.013681
130	-3.8	0.01478
130	-3.7	0.014527
130	-3.6	0.014344
130	-3.5	0.013882
130	-3.4	0.014934
130	-3.3	0.016107
130	-3.2	0.017496
130	-3.1	0.018312
130	-3	0.01747
130	-2.9	0.016066
130	-2.8	0.013244
130	-2.7	0.011412
130	-2.6	0.013232
130	-2.5	0.017323
130	-2.4	0.021474
130	-2.3	0.024006
130	-2.2	0.025916
130	-2.1	0.028802
130	-2	0.031711
130	-1.9	0.037225
130	-1.8	0.041539
130	-1.7	0.045936
130	-1.6	0.046373
130	-1.5	0.04294
130	-1.4	0.035957
130	-1.3	0.031136
130	-1.2	0.026895
130	-1.1	0.030064
130	-1	0.037961
130	-0.9	0.046388
130	-0.8	0.054025
130	-0.7	0.056538
130	-0.6	0.05584
130	-0.5	0.052382
130	-0.4	0.04311
130	-0.3	0.036274
130	-0.2	0.025926
130	-0.1	0.020595
130	0	0.016822
130	0.1	0.015761
130	0.2	0.016564
130	0.3	0.018146
130	0.4	0.023608
130	0.5	0.030236
130	0.6	0.038683
130	0.7	0.045841
130	0.8	0.047769
130	0.9	0.050554
130	1	0.050381
130	1.1	0.048629
130	1.2	0.043357
130	1.3	0.041535
130	1.4	0.038385
130	1.5	0.036876
130	1.6	0.036273
130	1.7	0.036118
130	1.8	0.037037
130	1.9	0.036909
130	2	0.036061
130	2.1	0.034324
130	2.2	0.031666
130	2.3	0.029643
130	2.4	0.026698
130	2.5	0.025064
130	2.6	0.021955
130	2.7	0.019748
130	2.8	0.017497
130	2.9	0.015857
130	3	0.014039
130	3.1	0.012568
130	3.2	0.012327
130	3.3	0.012458
130	3.4	0.012646
130	3.5	0.01173
130	3.6	0.011594
130	3.7	0.011485
130	3.8	0.010865
130	3.9	0.010365
130	4	0.010203
140	-4	0.011152
140	-3.9	0.013608
140	-3.8	0.015518
140	-3.7	0.015749
140	-3.6	0.015043
140	-3.5	0.013255
140	-3.4	0.013412
140	-3.3	0.015563
140	-3.2	0.017472
140	-3.1	0.019041
140	-3	0.019551
140	-2.9	0.017063
140	-2.8	0.014205
140	-2.7	0.010584
140	-2.6	0.012659
140	-2.5	0.01656
140	-2.4	0.021538
140	-2.3	0.025823
140	-2.2	0.026932
140	-2.1	0.028499
140	-2	0.030484
140	-1.9	0.035269
140	-1.8	0.042397
140	-1.7	0.046197
140	-1.6	0.04816
140	-1.5	0.045628
140	-1.4	0.041271
140	-1.3	0.033955
140	-1.2	0.029063
140	-1.1	0.02985
140	-1	0.03885
140	-0.9	0.046094
140	-0.8	0.052152
140	-0.7	0.058805
140	-0.6	0.058714
140	-0.5	0.053706
140	-0.4	0.04632
140	-0.3	0.036773
140	-0.2	0.026813
140	-0.1	0.021325
140	0	0.016533
140	0.1	0.015929
140	0.2	0.016605
140	0.3	0.019625
140	0.4	0.023698
140	0.5	0.03023
140	0.6	0.037558
140	0.7	0.045917
140	0.8	0.049058
140	0.9	0.051778
140	1	0.051864
140	1.1	0.050405
140	1.2	0.045692
140	1.3	0.041387
140	1.4	0.038988
140	1.5	0.037153
140	1.6	0.036056
140	1.7	0.035009
140	1.8	0.035325
140	1.9	0.036505
140	2	0.036179
140	2.1	0.0348
140	2.2	0.032905
140	2.3	0.029986
140	2.4	0.0274
140	2.5	0.025044
140	2.6	0.021977
140	2.7	0.019793
140	2.8	0.019114
140	2.9	0.017321
140	3	0.015186
140	3.1	0.013772
140	3.2	0.012396
140	3.3	0.012349
140	3.4	0.012568
140	3.5	0.012252
140	3.6	0.01215
140	3.7	0.012254
140	3.8	0.012046
140	3.9	0.011197
140	4	0.010417
150	-4	0.0097133
150	-3.9	0.01215
150	-3.8	0.014553
150	-3.7	0.015207
150	-3.6	0.015198
150	-3.5	0.0143
150	-3.4	0.014519
150	-3.3	0.015216
150	-3.2	0.016348
150	-3.1	0.016747
150	-3	0.016422
150	-2.9	0.01441
150	-2.8	0.013046
150	-2.7	0.012131
150	-2.6	0.01314
150	-2.5	0.016803
150	-2.4	0.021896
150	-2.3	0.025139
150	-2.2	0.027606
150	-2.1	0.029875
150	-2	0.033157
150	-1.9	0.037813
150	-1.8	0.042661
150	-1.7	0.046466
150	-1.6	0.047579
150	-1.5	0.046165
150	-1.4	0.039484
150	-1.3	0.034289
150	-1.2	0.029083
150	-1.1	0.032773
150	-1	0.037709
150	-0.9	0.04873
150	-0.8	0.055522
150	-0.7	0.060289
150	-0.6	0.0605
150	-0.5	0.056638
150	-0.4	0.049129
150	-0.3	0.039758
150	-0.2	0.02722
150	-0.1	0.022485
150	0	0.016938
150	0.1	0.015729
150	0.2	0.015941
150	0.3	0.019552
150	0.4	0.023466
150	0.5	0.029834
150	0.6	0.038299
150	0.7	0.045061
150	0.8	0.049804
150	0.9	0.052311
150	1	0.052367
150	1.1	0.049159
150	1.2	0.047207
150	1.3	0.041651
150	1.4	0.040376
150	1.5	0.038817
150	1.6	0.037724
150	1.7	0.036768
150	1.8	0.03638
150	1.9	0.036101
150	2	0.035318
150	2.1	0.033525
150	2.2	0.031705
150	2.3	0.029847
150	2.4	0.027874
150	2.5	0.025325
150	2.6	0.02302
150	2.7	0.020538
150	2.8	0.019009
150	2.9	0.017109
150	3	0.014442
150	3.1	0.013337
150	3.2	0.011878
150	3.3	0.01165
150	3.4	0.011164
150	3.5	0.011202
150	3.6	0.012084
150	3.7	0.013238
150	3.8	0.013276
150	3.9	0.01207
150	4	0.0103
160	-4	0.010251
160	-3.9	0.013079
160	-3.8	0.015001
160	-3.7	0.015344
160	-3.6	0.014418
160	-3.5	0.013247
160	-3.4	0.012634
160	-3.3	0.013143
160	-3.2	0.014828
160	-3.1	0.016307
160	-3	0.016224
160	-2.9	0.014687
160	-2.8	0.011309
160	-2.7	0.010542
160	-2.6	0.012618
160	-2.5	0.019024
160	-2.4	0.023203
160	-2.3	0.026041
160	-2.2	0.027986
160	-2.1	0.029082
160	-2	0.030989
160	-1.9	0.036364
160	-1.8	0.040441
160	-1.7	0.045459
160	-1.6	0.046959
160	-1.5	0.044407
160	-1.4	0.040152
160	-1.3	0.031854
160	-1.2	0.027489
160	-1.1	0.029293
160	-1	0.038096
160	-0.9	0.046249
160	-0.8	0.057343
160	-0.7	0.059839
160	-0.6	0.060415
160	-0.5	0.056043
160	-0.4	0.047551
160	-0.3	0.038589
160	-0.2	0.030074
160	-0.1	0.021765
160	0	0.017645
160	0.1	0.015959
160	0.2	0.016663
160	0.3	0.020155
160	0.4	0.024651
160	0.5	0.034877
160	0.6	0.039839
160	0.7	0.048169
160	0.8	0.051972
160	0.9	0.053913
160	1	0.053427
160	1.1	0.050482
160	1.2	0.046413
160	1.3	0.041122
160	1.4	0.038835
160	1.5	0.036947
160	1.6	0.036283
160	1.7	0.036323
160	1.8	0.036772
160	1.9	0.036683
160	2	0.035423
160	2.1	0.032915
160	2.2	0.031027
160	2.3	0.028395
160	2.4	0.025058
160	2.5	0.023333
160	2.6	0.020386
160	2.7	0.019041
160	2.8	0.017624
160	2.9	0.015932
160	3	0.013604
160	3.1	0.011932
160	3.2	0.010306
160	3.3	0.010446
160	3.4	0.011021
160	3.5	0.011653
160	3.6	0.012132
160	3.7	0.012048
160	3.8	0.011295
160	3.9	0.0098996
160	4	0.0093626
170	-4	0.011181
170	-3.9	0.012881
170	-3.8	0.013157
170	-3.7	0.012997
170	-3.6	0.011808
170	-3.5	0.011087
170	-3.4	0.011672
170	-3.3	0.013361
170	-3.2	0.014777
170	-3.1	0.015538
170	-3	0.014477
170	-2.9	0.013199
170	-2.8	0.010071
170	-2.7	0.010848
170	-2.6	0.014425
170	-2.5	0.019619
170	-2.4	0.022581
170	-2.3	0.026428
170	-2.2	0.028599
170	-2.1	0.030266
170	-2	0.034451
170	-1.9	0.037575
170	-1.8	0.04225
170	-1.7	0.045584
170	-1.6	0.045402
170	-1.5	0.041077
170	-1.4	0.034684
170	-1.3	0.030281
170	-1.2	0.027534
170	-1.1	0.032133
170	-1	0.039574
170	-0.9	0.050555
170	-0.8	0.057467
170	-0.7	0.059607
170	-0.6	0.05804
170	-0.5	0.052745
170	-0.4	0.043942
170	-0.3	0.035555
170	-0.2	0.02725
170	-0.1	0.019484
170	0	0.016303
170	0.1	0.01597
170	0.2	0.016705
170	0.3	0.018448
170	0.4	0.023267
170	0.5	0.032059
170	0.6	0.039055
170	0.7	0.046062
170	0.8	0.048898
170	0.9	0.050047
170	1	0.048576
170	1.1	0.046813
170	1.2	0.041734
170	1.3	0.03935
170	1.4	0.037627
170	1.5	0.035255
170	1.6	0.034597
170	1.7	0.034585
170	1.8	0.035337
170	1.9	0.035098
170	2	0.03397
170	2.1	0.0324
170	2.2	0.030593
170	2.3	0.029485
170	2.4	0.02604
170	2.5	0.02436
170	2.6	0.021615
170	2.7	0.019509
170	2.8	0.017199
170	2.9	0.015791
170	3	0.014831
170	3.1	0.01459
170	3.2	0.013958
170	3.3	0.01243
170	3.4	0.011912
170	3.5	0.011184
170	3.6	0.010784
170	3.7	0.010375
170	3.8	0.010213
170	3.9	0.010551
170	4	0.011402
180	-4	0.010057
180	-3.9	0.011177
180	-3.8	0.012648
180	-3.7	0.012645
180	-3.6	0.012444
180	-3.5	0.010857
180	-3.4	0.010452
180	-3.3	0.011194
180	-3.2	0.012559
180	-3.1	0.014061
180	-3	0.014401
180	-2.9	0.014159
180	-2.8	0.011715
180	-2.7	0.0096666
180	-2.6	0.011289
180	-2.5	0.015735
180	-2.4	0.02311
180	-2.3	0.028482
180	-2.2	0.031267
180	-2.1	0.033384
180	-2	0.03519
180	-1.9	0.037433
180	-1.8	0.039698
180	-1.7	0.041688
180	-1.6	0.042038
180	-1.5	0.03985
180	-1.4	0.035573
180	-1.3	0.029716
180	-1.2	0.027989
180	-1.1	0.029387
180	-1	0.036142
180	-0.9	0.044907
180	-0.8	0.052472
180	-0.7	0.057353
180	-0.6	0.057566
180	-0.5	0.052728
180	-0.4	0.046125
180	-0.3	0.039096
180	-0.2	0.027304
180	-0.1	0.022903
180	0	0.016215
180	0.1	0.014882
180	0.2	0.014978
180	0.3	0.016269
180	0.4	0.022791
180	0.5	0.030744
180	0.6	0.041449
180	0.7	0.046793
180	0.8	0.049851
180	0.9	0.051879
180	1	0.05056
180	1.1	0.047131
180	1.2	0.043318
180	1.3	0.041712
180	1.4	0.038188
180	1.5	0.036107
180	1.6	0.035289
180	1.7	0.034968
180	1.8	0.034931
180	1.9	0.034446
180	2	0.033165
180	2.1	0.031207
180	2.2	0.029837
180	2.3	0.026782
180	2.4	0.024383
180	2.5	0.020438
180	2.6	0.017786
180	2.7	0.014879
180	2.8	0.011564
180	2.9	0.010612
180	3	0.010403
180	3.1	0.011004
180	3.2	0.010718
180	3.3	0.010522
180	3.4	0.00969
180	3.5	0.0092881
180	3.6	0.0088661
180	3.7	0.0083343
180	3.8	0.0078675
180	3.9	0.0084269
180	4	0.0097896
 
Uniformity Ratio =0.64707
