10-Jan-2018
12:14
TXR  008075 RM428 R24
33511B Function Generator
SN =Agilent Technologies,33511B,MY52301476,3.05-1.19-2.00-52-00
freq =+9.270000000000000E+06
burstmode =TRIG
burstN =+6.000000000000000E+01
voltage =+1.5000000000000E-01
 
DSO-X 2022A Oscilloscope
SN =AGILENT TECHNOLOGIES,DSO-X 2022A,MY54310921,02.41.2015102200
probe =+1.0000000E+00
scale =+500.0E-09
position =+19.900000E-06
range =+1.60E+00
units =VOLT
points =+2000
pointmode =NORM
format =BYTE
acqtype =NORM
trigsource =EXT
coupling =AC
 
-180	-4	0.0081401
-180	-3.9	0.0080883
-180	-3.8	0.0084709
-180	-3.7	0.0085279
-180	-3.6	0.0094656
-180	-3.5	0.0096197
-180	-3.4	0.0096248
-180	-3.3	0.0091053
-180	-3.2	0.0090662
-180	-3.1	0.010406
-180	-3	0.01278
-180	-2.9	0.014375
-180	-2.8	0.015397
-180	-2.7	0.015074
-180	-2.6	0.015155
-180	-2.5	0.016426
-180	-2.4	0.020075
-180	-2.3	0.022799
-180	-2.2	0.029811
-180	-2.1	0.032549
-180	-2	0.034059
-180	-1.9	0.034624
-180	-1.8	0.034079
-180	-1.7	0.034368
-180	-1.6	0.035875
-180	-1.5	0.037757
-180	-1.4	0.040198
-180	-1.3	0.039932
-180	-1.2	0.038072
-180	-1.1	0.033718
-180	-1	0.029802
-180	-0.9	0.031646
-180	-0.8	0.037116
-180	-0.7	0.045187
-180	-0.6	0.053622
-180	-0.5	0.058796
-180	-0.4	0.063432
-180	-0.3	0.062183
-180	-0.2	0.058811
-180	-0.1	0.049709
-180	0	0.042853
-180	0.1	0.029493
-180	0.2	0.023342
-180	0.3	0.018001
-180	0.4	0.016495
-180	0.5	0.017009
-180	0.6	0.019872
-180	0.7	0.025017
-180	0.8	0.030579
-180	0.9	0.035525
-180	1	0.041524
-180	1.1	0.046215
-180	1.2	0.048482
-180	1.3	0.049148
-180	1.4	0.047399
-180	1.5	0.046797
-180	1.6	0.042522
-180	1.7	0.039879
-180	1.8	0.038055
-180	1.9	0.034677
-180	2	0.032824
-180	2.1	0.030197
-180	2.2	0.028755
-180	2.3	0.028553
-180	2.4	0.028303
-180	2.5	0.028098
-180	2.6	0.027617
-180	2.7	0.026648
-180	2.8	0.024886
-180	2.9	0.023764
-180	3	0.020493
-180	3.1	0.019033
-180	3.2	0.017496
-180	3.3	0.016237
-180	3.4	0.01497
-180	3.5	0.014005
-180	3.6	0.013081
-180	3.7	0.012908
-180	3.8	0.012349
-180	3.9	0.011587
-180	4	0.010165
-170	-4	0.0065071
-170	-3.9	0.0066593
-170	-3.8	0.0072785
-170	-3.7	0.0085279
-170	-3.6	0.0095709
-170	-3.5	0.010148
-170	-3.4	0.0097084
-170	-3.3	0.009043
-170	-3.2	0.0085013
-170	-3.1	0.010138
-170	-3	0.012692
-170	-2.9	0.015184
-170	-2.8	0.016035
-170	-2.7	0.015687
-170	-2.6	0.015215
-170	-2.5	0.016516
-170	-2.4	0.019964
-170	-2.3	0.024974
-170	-2.2	0.028888
-170	-2.1	0.032124
-170	-2	0.034346
-170	-1.9	0.036132
-170	-1.8	0.037158
-170	-1.7	0.038112
-170	-1.6	0.039349
-170	-1.5	0.04099
-170	-1.4	0.041695
-170	-1.3	0.041147
-170	-1.2	0.037217
-170	-1.1	0.034751
-170	-1	0.031253
-170	-0.9	0.031798
-170	-0.8	0.040901
-170	-0.7	0.046821
-170	-0.6	0.055124
-170	-0.5	0.061895
-170	-0.4	0.063399
-170	-0.3	0.060516
-170	-0.2	0.056863
-170	-0.1	0.047516
-170	0	0.03891
-170	0.1	0.032565
-170	0.2	0.022334
-170	0.3	0.018739
-170	0.4	0.017082
-170	0.5	0.017109
-170	0.6	0.021874
-170	0.7	0.026665
-170	0.8	0.033
-170	0.9	0.039129
-170	1	0.042331
-170	1.1	0.047865
-170	1.2	0.048991
-170	1.3	0.049585
-170	1.4	0.049099
-170	1.5	0.047068
-170	1.6	0.044532
-170	1.7	0.041695
-170	1.8	0.037387
-170	1.9	0.034681
-170	2	0.03136
-170	2.1	0.029142
-170	2.2	0.028595
-170	2.3	0.028712
-170	2.4	0.028444
-170	2.5	0.026668
-170	2.6	0.024621
-170	2.7	0.022809
-170	2.8	0.021297
-170	2.9	0.01935
-170	3	0.017749
-170	3.1	0.01707
-170	3.2	0.016056
-170	3.3	0.014768
-170	3.4	0.012708
-170	3.5	0.011358
-170	3.6	0.0095928
-170	3.7	0.0087172
-170	3.8	0.0086614
-170	3.9	0.0081994
-170	4	0.0082779
-160	-4	0.0068578
-160	-3.9	0.007369
-160	-3.8	0.0094758
-160	-3.7	0.011475
-160	-3.6	0.01324
-160	-3.5	0.013507
-160	-3.4	0.012618
-160	-3.3	0.0096934
-160	-3.2	0.0087874
-160	-3.1	0.010642
-160	-3	0.013051
-160	-2.9	0.015701
-160	-2.8	0.017092
-160	-2.7	0.016865
-160	-2.6	0.016627
-160	-2.5	0.017447
-160	-2.4	0.020561
-160	-2.3	0.025068
-160	-2.2	0.030254
-160	-2.1	0.032574
-160	-2	0.034056
-160	-1.9	0.035062
-160	-1.8	0.035473
-160	-1.7	0.036451
-160	-1.6	0.037811
-160	-1.5	0.038931
-160	-1.4	0.040034
-160	-1.3	0.039359
-160	-1.2	0.03623
-160	-1.1	0.033528
-160	-1	0.031748
-160	-0.9	0.036456
-160	-0.8	0.039849
-160	-0.7	0.050196
-160	-0.6	0.059857
-160	-0.5	0.063092
-160	-0.4	0.064592
-160	-0.3	0.06074
-160	-0.2	0.052169
-160	-0.1	0.042369
-160	0	0.036975
-160	0.1	0.025089
-160	0.2	0.020215
-160	0.3	0.016034
-160	0.4	0.016097
-160	0.5	0.018342
-160	0.6	0.023579
-160	0.7	0.029528
-160	0.8	0.036263
-160	0.9	0.041586
-160	1	0.048258
-160	1.1	0.050346
-160	1.2	0.051371
-160	1.3	0.051007
-160	1.4	0.04849
-160	1.5	0.046054
-160	1.6	0.040672
-160	1.7	0.037261
-160	1.8	0.033851
-160	1.9	0.031104
-160	2	0.030023
-160	2.1	0.029041
-160	2.2	0.028306
-160	2.3	0.027705
-160	2.4	0.026903
-160	2.5	0.024246
-160	2.6	0.022592
-160	2.7	0.020536
-160	2.8	0.019477
-160	2.9	0.019033
-160	3	0.017704
-160	3.1	0.01719
-160	3.2	0.015967
-160	3.3	0.01402
-160	3.4	0.011748
-160	3.5	0.0090644
-160	3.6	0.0085146
-160	3.7	0.0079472
-160	3.8	0.0081738
-160	3.9	0.0082486
-160	4	0.0082603
-150	-4	0.0073843
-150	-3.9	0.0094091
-150	-3.8	0.011145
-150	-3.7	0.012362
-150	-3.6	0.012954
-150	-3.5	0.011811
-150	-3.4	0.010638
-150	-3.3	0.0098308
-150	-3.2	0.011302
-150	-3.1	0.013265
-150	-3	0.01475
-150	-2.9	0.015348
-150	-2.8	0.015306
-150	-2.7	0.015608
-150	-2.6	0.017443
-150	-2.5	0.020413
-150	-2.4	0.025462
-150	-2.3	0.029091
-150	-2.2	0.032968
-150	-2.1	0.033902
-150	-2	0.034632
-150	-1.9	0.03534
-150	-1.8	0.036241
-150	-1.7	0.039055
-150	-1.6	0.041316
-150	-1.5	0.043716
-150	-1.4	0.043055
-150	-1.3	0.041048
-150	-1.2	0.035758
-150	-1.1	0.031752
-150	-1	0.032479
-150	-0.9	0.039769
-150	-0.8	0.049287
-150	-0.7	0.055805
-150	-0.6	0.062272
-150	-0.5	0.064222
-150	-0.4	0.061733
-150	-0.3	0.058942
-150	-0.2	0.048753
-150	-0.1	0.039448
-150	0	0.029924
-150	0.1	0.023132
-150	0.2	0.017504
-150	0.3	0.016538
-150	0.4	0.017806
-150	0.5	0.02282
-150	0.6	0.02698
-150	0.7	0.032504
-150	0.8	0.03956
-150	0.9	0.044176
-150	1	0.047309
-150	1.1	0.050357
-150	1.2	0.050916
-150	1.3	0.049722
-150	1.4	0.048274
-150	1.5	0.044618
-150	1.6	0.04118
-150	1.7	0.0369
-150	1.8	0.033661
-150	1.9	0.03237
-150	2	0.030092
-150	2.1	0.029106
-150	2.2	0.0287
-150	2.3	0.028253
-150	2.4	0.026633
-150	2.5	0.024808
-150	2.6	0.023092
-150	2.7	0.021016
-150	2.8	0.020434
-150	2.9	0.01975
-150	3	0.01891
-150	3.1	0.017346
-150	3.2	0.016712
-150	3.3	0.014497
-150	3.4	0.011807
-150	3.5	0.010276
-150	3.6	0.0089586
-150	3.7	0.0090858
-150	3.8	0.010029
-150	3.9	0.0095337
-150	4	0.0098373
-140	-4	0.0093867
-140	-3.9	0.0094142
-140	-3.8	0.0096029
-140	-3.7	0.0096164
-140	-3.6	0.00972
-140	-3.5	0.0104
-140	-3.4	0.011538
-140	-3.3	0.012916
-140	-3.2	0.013815
-140	-3.1	0.014402
-140	-3	0.014504
-140	-2.9	0.014012
-140	-2.8	0.013845
-140	-2.7	0.015473
-140	-2.6	0.018215
-140	-2.5	0.02225
-140	-2.4	0.026715
-140	-2.3	0.031145
-140	-2.2	0.032242
-140	-2.1	0.033618
-140	-2	0.03499
-140	-1.9	0.03637
-140	-1.8	0.03982
-140	-1.7	0.041863
-140	-1.6	0.044621
-140	-1.5	0.04397
-140	-1.4	0.040369
-140	-1.3	0.035809
-140	-1.2	0.033387
-140	-1.1	0.033261
-140	-1	0.038305
-140	-0.9	0.047447
-140	-0.8	0.056085
-140	-0.7	0.061039
-140	-0.6	0.064494
-140	-0.5	0.062372
-140	-0.4	0.057596
-140	-0.3	0.048678
-140	-0.2	0.042603
-140	-0.1	0.029255
-140	0	0.024041
-140	0.1	0.018566
-140	0.2	0.016869
-140	0.3	0.01718
-140	0.4	0.018789
-140	0.5	0.023244
-140	0.6	0.030854
-140	0.7	0.036152
-140	0.8	0.040825
-140	0.9	0.046527
-140	1	0.049716
-140	1.1	0.049673
-140	1.2	0.048709
-140	1.3	0.04757
-140	1.4	0.044675
-140	1.5	0.041344
-140	1.6	0.039254
-140	1.7	0.03615
-140	1.8	0.034088
-140	1.9	0.032261
-140	2	0.031075
-140	2.1	0.030279
-140	2.2	0.029374
-140	2.3	0.029071
-140	2.4	0.027825
-140	2.5	0.026478
-140	2.6	0.024843
-140	2.7	0.023663
-140	2.8	0.022018
-140	2.9	0.019031
-140	3	0.017396
-140	3.1	0.015549
-140	3.2	0.014481
-140	3.3	0.012681
-140	3.4	0.011071
-140	3.5	0.010326
-140	3.6	0.010013
-140	3.7	0.0086801
-140	3.8	0.0084594
-140	3.9	0.0082993
-140	4	0.0091443
-130	-4	0.009354
-130	-3.9	0.011007
-130	-3.8	0.011954
-130	-3.7	0.011378
-130	-3.6	0.0090376
-130	-3.5	0.0078654
-130	-3.4	0.0084823
-130	-3.3	0.010205
-130	-3.2	0.014167
-130	-3.1	0.015763
-130	-3	0.015781
-130	-2.9	0.014473
-130	-2.8	0.012953
-130	-2.7	0.013004
-130	-2.6	0.018133
-130	-2.5	0.022819
-130	-2.4	0.029147
-130	-2.3	0.032974
-130	-2.2	0.034687
-130	-2.1	0.035834
-130	-2	0.036891
-130	-1.9	0.039189
-130	-1.8	0.042312
-130	-1.7	0.044903
-130	-1.6	0.046009
-130	-1.5	0.043497
-130	-1.4	0.04115
-130	-1.3	0.035955
-130	-1.2	0.033998
-130	-1.1	0.03525
-130	-1	0.041589
-130	-0.9	0.050613
-130	-0.8	0.056218
-130	-0.7	0.06323
-130	-0.6	0.06495
-130	-0.5	0.063263
-130	-0.4	0.05656
-130	-0.3	0.046987
-130	-0.2	0.032925
-130	-0.1	0.025512
-130	0	0.01903
-130	0.1	0.016316
-130	0.2	0.015894
-130	0.3	0.016873
-130	0.4	0.021057
-130	0.5	0.027423
-130	0.6	0.031819
-130	0.7	0.041157
-130	0.8	0.045799
-130	0.9	0.050079
-130	1	0.051589
-130	1.1	0.050675
-130	1.2	0.048624
-130	1.3	0.046901
-130	1.4	0.044489
-130	1.5	0.040947
-130	1.6	0.038853
-130	1.7	0.035673
-130	1.8	0.034486
-130	1.9	0.031959
-130	2	0.0291
-130	2.1	0.028586
-130	2.2	0.028335
-130	2.3	0.029061
-130	2.4	0.027683
-130	2.5	0.026118
-130	2.6	0.023552
-130	2.7	0.021884
-130	2.8	0.019116
-130	2.9	0.01629
-130	3	0.014254
-130	3.1	0.013082
-130	3.2	0.012277
-130	3.3	0.011436
-130	3.4	0.01032
-130	3.5	0.010012
-130	3.6	0.0092759
-130	3.7	0.008012
-130	3.8	0.0073316
-130	3.9	0.0062744
-130	4	0.0063792
-120	-4	0.010532
-120	-3.9	0.012617
-120	-3.8	0.013032
-120	-3.7	0.012673
-120	-3.6	0.010995
-120	-3.5	0.0093902
-120	-3.4	0.0099549
-120	-3.3	0.012032
-120	-3.2	0.014031
-120	-3.1	0.015294
-120	-3	0.01449
-120	-2.9	0.013241
-120	-2.8	0.013388
-120	-2.7	0.016188
-120	-2.6	0.02056
-120	-2.5	0.02604
-120	-2.4	0.030435
-120	-2.3	0.033338
-120	-2.2	0.035015
-120	-2.1	0.036389
-120	-2	0.039648
-120	-1.9	0.042436
-120	-1.8	0.045509
-120	-1.7	0.047426
-120	-1.6	0.046785
-120	-1.5	0.042328
-120	-1.4	0.03664
-120	-1.3	0.033963
-120	-1.2	0.033911
-120	-1.1	0.039169
-120	-1	0.046935
-120	-0.9	0.053637
-120	-0.8	0.060546
-120	-0.7	0.062783
-120	-0.6	0.061012
-120	-0.5	0.054594
-120	-0.4	0.046392
-120	-0.3	0.036818
-120	-0.2	0.027566
-120	-0.1	0.023486
-120	0	0.017511
-120	0.1	0.015901
-120	0.2	0.016232
-120	0.3	0.01803
-120	0.4	0.021929
-120	0.5	0.028057
-120	0.6	0.03484
-120	0.7	0.039868
-120	0.8	0.044659
-120	0.9	0.04681
-120	1	0.048038
-120	1.1	0.047432
-120	1.2	0.045795
-120	1.3	0.043481
-120	1.4	0.04177
-120	1.5	0.038855
-120	1.6	0.036207
-120	1.7	0.034177
-120	1.8	0.033463
-120	1.9	0.032424
-120	2	0.03169
-120	2.1	0.030675
-120	2.2	0.03047
-120	2.3	0.029185
-120	2.4	0.026863
-120	2.5	0.025406
-120	2.6	0.023007
-120	2.7	0.021526
-120	2.8	0.019689
-120	2.9	0.017245
-120	3	0.015306
-120	3.1	0.013363
-120	3.2	0.011889
-120	3.3	0.011087
-120	3.4	0.010557
-120	3.5	0.010292
-120	3.6	0.010336
-120	3.7	0.0088716
-120	3.8	0.0079655
-120	3.9	0.0071485
-120	4	0.0070758
-110	-4	0.012492
-110	-3.9	0.014629
-110	-3.8	0.01493
-110	-3.7	0.012939
-110	-3.6	0.011151
-110	-3.5	0.0090269
-110	-3.4	0.0099159
-110	-3.3	0.011795
-110	-3.2	0.0142
-110	-3.1	0.014143
-110	-3	0.012819
-110	-2.9	0.011615
-110	-2.8	0.013143
-110	-2.7	0.017875
-110	-2.6	0.023598
-110	-2.5	0.02846
-110	-2.4	0.031916
-110	-2.3	0.03332
-110	-2.2	0.034285
-110	-2.1	0.036752
-110	-2	0.040303
-110	-1.9	0.044518
-110	-1.8	0.047668
-110	-1.7	0.04831
-110	-1.6	0.046015
-110	-1.5	0.04174
-110	-1.4	0.034316
-110	-1.3	0.03161
-110	-1.2	0.032768
-110	-1.1	0.041151
-110	-1	0.052433
-110	-0.9	0.057546
-110	-0.8	0.063043
-110	-0.7	0.063431
-110	-0.6	0.05833
-110	-0.5	0.049709
-110	-0.4	0.040726
-110	-0.3	0.03327
-110	-0.2	0.023219
-110	-0.1	0.019043
-110	0	0.01585
-110	0.1	0.01605
-110	0.2	0.01778
-110	0.3	0.021224
-110	0.4	0.02583
-110	0.5	0.0334
-110	0.6	0.038378
-110	0.7	0.042947
-110	0.8	0.045612
-110	0.9	0.047393
-110	1	0.047242
-110	1.1	0.045703
-110	1.2	0.043194
-110	1.3	0.040593
-110	1.4	0.037579
-110	1.5	0.034363
-110	1.6	0.031197
-110	1.7	0.030005
-110	1.8	0.029937
-110	1.9	0.03008
-110	2	0.030002
-110	2.1	0.02919
-110	2.2	0.028251
-110	2.3	0.026485
-110	2.4	0.023299
-110	2.5	0.022082
-110	2.6	0.019671
-110	2.7	0.019131
-110	2.8	0.018495
-110	2.9	0.017002
-110	3	0.014859
-110	3.1	0.013249
-110	3.2	0.01067
-110	3.3	0.0094929
-110	3.4	0.0090769
-110	3.5	0.0092497
-110	3.6	0.009116
-110	3.7	0.0090626
-110	3.8	0.0083981
-110	3.9	0.008146
-110	4	0.007935
-100	-4	0.011522
-100	-3.9	0.012103
-100	-3.8	0.011871
-100	-3.7	0.011664
-100	-3.6	0.010817
-100	-3.5	0.01153
-100	-3.4	0.011951
-100	-3.3	0.012079
-100	-3.2	0.012111
-100	-3.1	0.0117
-100	-3	0.010888
-100	-2.9	0.011105
-100	-2.8	0.014145
-100	-2.7	0.018567
-100	-2.6	0.022572
-100	-2.5	0.027474
-100	-2.4	0.030924
-100	-2.3	0.032806
-100	-2.2	0.036194
-100	-2.1	0.038722
-100	-2	0.041869
-100	-1.9	0.044654
-100	-1.8	0.045877
-100	-1.7	0.045068
-100	-1.6	0.039838
-100	-1.5	0.0356
-100	-1.4	0.030439
-100	-1.3	0.031256
-100	-1.2	0.035188
-100	-1.1	0.044392
-100	-1	0.052897
-100	-0.9	0.058168
-100	-0.8	0.059555
-100	-0.7	0.058161
-100	-0.6	0.051618
-100	-0.5	0.045544
-100	-0.4	0.03356
-100	-0.3	0.027803
-100	-0.2	0.020242
-100	-0.1	0.015959
-100	0	0.014319
-100	0.1	0.014489
-100	0.2	0.0163
-100	0.3	0.019035
-100	0.4	0.025668
-100	0.5	0.032784
-100	0.6	0.037984
-100	0.7	0.041592
-100	0.8	0.044265
-100	0.9	0.044938
-100	1	0.044147
-100	1.1	0.041751
-100	1.2	0.039246
-100	1.3	0.036038
-100	1.4	0.034996
-100	1.5	0.032943
-100	1.6	0.031258
-100	1.7	0.030593
-100	1.8	0.030528
-100	1.9	0.030248
-100	2	0.029469
-100	2.1	0.02859
-100	2.2	0.027343
-100	2.3	0.025216
-100	2.4	0.022814
-100	2.5	0.020048
-100	2.6	0.018464
-100	2.7	0.017301
-100	2.8	0.016721
-100	2.9	0.014523
-100	3	0.012611
-100	3.1	0.011366
-100	3.2	0.0085393
-100	3.3	0.0079146
-100	3.4	0.00703
-100	3.5	0.0073272
-100	3.6	0.0086558
-100	3.7	0.0090787
-100	3.8	0.0087376
-100	3.9	0.0085336
-100	4	0.0077035
-90	-4	0.012918
-90	-3.9	0.012148
-90	-3.8	0.010762
-90	-3.7	0.0097615
-90	-3.6	0.0098044
-90	-3.5	0.011075
-90	-3.4	0.012596
-90	-3.3	0.013253
-90	-3.2	0.012223
-90	-3.1	0.010013
-90	-3	0.0084766
-90	-2.9	0.011112
-90	-2.8	0.015512
-90	-2.7	0.020238
-90	-2.6	0.024218
-90	-2.5	0.027916
-90	-2.4	0.029253
-90	-2.3	0.031602
-90	-2.2	0.034935
-90	-2.1	0.040778
-90	-2	0.045517
-90	-1.9	0.046777
-90	-1.8	0.045834
-90	-1.7	0.042676
-90	-1.6	0.036726
-90	-1.5	0.030455
-90	-1.4	0.02718
-90	-1.3	0.031106
-90	-1.2	0.039198
-90	-1.1	0.046851
-90	-1	0.054884
-90	-0.9	0.057965
-90	-0.8	0.057479
-90	-0.7	0.053941
-90	-0.6	0.045162
-90	-0.5	0.035892
-90	-0.4	0.028812
-90	-0.3	0.021673
-90	-0.2	0.016618
-90	-0.1	0.014621
-90	0	0.014509
-90	0.1	0.015998
-90	0.2	0.018707
-90	0.3	0.022925
-90	0.4	0.027316
-90	0.5	0.03325
-90	0.6	0.037659
-90	0.7	0.039942
-90	0.8	0.041037
-90	0.9	0.041665
-90	1	0.04066
-90	1.1	0.038538
-90	1.2	0.035929
-90	1.3	0.032494
-90	1.4	0.030454
-90	1.5	0.028573
-90	1.6	0.027525
-90	1.7	0.027629
-90	1.8	0.028821
-90	1.9	0.030075
-90	2	0.029539
-90	2.1	0.028236
-90	2.2	0.026852
-90	2.3	0.024565
-90	2.4	0.022376
-90	2.5	0.019929
-90	2.6	0.019123
-90	2.7	0.018867
-90	2.8	0.017765
-90	2.9	0.015767
-90	3	0.01397
-90	3.1	0.011296
-90	3.2	0.0094125
-90	3.3	0.0093971
-90	3.4	0.00969
-90	3.5	0.010353
-90	3.6	0.011236
-90	3.7	0.011515
-90	3.8	0.011068
-90	3.9	0.010423
-90	4	0.0096012
-80	-4	0.011769
-80	-3.9	0.011773
-80	-3.8	0.011529
-80	-3.7	0.010903
-80	-3.6	0.010232
-80	-3.5	0.010287
-80	-3.4	0.010393
-80	-3.3	0.010186
-80	-3.2	0.0096449
-80	-3.1	0.0077641
-80	-3	0.0082211
-80	-2.9	0.011708
-80	-2.8	0.017284
-80	-2.7	0.021263
-80	-2.6	0.024702
-80	-2.5	0.027354
-80	-2.4	0.029348
-80	-2.3	0.032827
-80	-2.2	0.0368
-80	-2.1	0.040083
-80	-2	0.044947
-80	-1.9	0.045927
-80	-1.8	0.044469
-80	-1.7	0.040419
-80	-1.6	0.03336
-80	-1.5	0.02612
-80	-1.4	0.025538
-80	-1.3	0.030287
-80	-1.2	0.039369
-80	-1.1	0.047142
-80	-1	0.053222
-80	-0.9	0.055196
-80	-0.8	0.054128
-80	-0.7	0.050062
-80	-0.6	0.041147
-80	-0.5	0.032186
-80	-0.4	0.026612
-80	-0.3	0.019871
-80	-0.2	0.01596
-80	-0.1	0.013828
-80	0	0.013157
-80	0.1	0.014477
-80	0.2	0.017272
-80	0.3	0.022291
-80	0.4	0.027166
-80	0.5	0.031459
-80	0.6	0.036301
-80	0.7	0.038166
-80	0.8	0.039854
-80	0.9	0.040063
-80	1	0.038497
-80	1.1	0.03641
-80	1.2	0.034434
-80	1.3	0.031278
-80	1.4	0.030057
-80	1.5	0.028681
-80	1.6	0.029044
-80	1.7	0.029907
-80	1.8	0.030728
-80	1.9	0.030868
-80	2	0.0287
-80	2.1	0.027129
-80	2.2	0.024455
-80	2.3	0.023181
-80	2.4	0.020853
-80	2.5	0.01901
-80	2.6	0.017876
-80	2.7	0.016327
-80	2.8	0.014821
-80	2.9	0.011481
-80	3	0.0099094
-80	3.1	0.0085978
-80	3.2	0.0090608
-80	3.3	0.010654
-80	3.4	0.010937
-80	3.5	0.010885
-80	3.6	0.010243
-80	3.7	0.0095031
-80	3.8	0.0087005
-80	3.9	0.0085733
-80	4	0.0089297
-70	-4	0.012598
-70	-3.9	0.012209
-70	-3.8	0.010759
-70	-3.7	0.0093089
-70	-3.6	0.0087929
-70	-3.5	0.0098587
-70	-3.4	0.010271
-70	-3.3	0.010226
-70	-3.2	0.0088862
-70	-3.1	0.0073117
-70	-3	0.006846
-70	-2.9	0.011171
-70	-2.8	0.015095
-70	-2.7	0.019324
-70	-2.6	0.024133
-70	-2.5	0.027483
-70	-2.4	0.030943
-70	-2.3	0.034325
-70	-2.2	0.038125
-70	-2.1	0.041618
-70	-2	0.043577
-70	-1.9	0.043258
-70	-1.8	0.040252
-70	-1.7	0.035609
-70	-1.6	0.029817
-70	-1.5	0.023766
-70	-1.4	0.025393
-70	-1.3	0.029064
-70	-1.2	0.037135
-70	-1.1	0.046266
-70	-1	0.051091
-70	-0.9	0.052282
-70	-0.8	0.049956
-70	-0.7	0.044149
-70	-0.6	0.035885
-70	-0.5	0.029415
-70	-0.4	0.02251
-70	-0.3	0.019186
-70	-0.2	0.017136
-70	-0.1	0.015491
-70	0	0.0146
-70	0.1	0.015082
-70	0.2	0.018222
-70	0.3	0.021256
-70	0.4	0.02673
-70	0.5	0.031739
-70	0.6	0.035669
-70	0.7	0.037978
-70	0.8	0.038492
-70	0.9	0.038319
-70	1	0.03651
-70	1.1	0.034755
-70	1.2	0.032535
-70	1.3	0.030781
-70	1.4	0.029424
-70	1.5	0.028267
-70	1.6	0.028091
-70	1.7	0.028245
-70	1.8	0.029033
-70	1.9	0.029384
-70	2	0.028784
-70	2.1	0.026741
-70	2.2	0.024904
-70	2.3	0.022655
-70	2.4	0.019029
-70	2.5	0.016392
-70	2.6	0.013916
-70	2.7	0.011769
-70	2.8	0.010477
-70	2.9	0.01027
-70	3	0.010598
-70	3.1	0.010378
-70	3.2	0.010376
-70	3.3	0.0096264
-70	3.4	0.0089856
-70	3.5	0.0079187
-70	3.6	0.007294
-70	3.7	0.0070093
-70	3.8	0.0074258
-70	3.9	0.0076424
-70	4	0.0073777
-60	-4	0.011319
-60	-3.9	0.011094
-60	-3.8	0.010626
-60	-3.7	0.0097366
-60	-3.6	0.0091319
-60	-3.5	0.0096348
-60	-3.4	0.010016
-60	-3.3	0.0093349
-60	-3.2	0.0079228
-60	-3.1	0.0064397
-60	-3	0.0081421
-60	-2.9	0.012988
-60	-2.8	0.019531
-60	-2.7	0.023348
-60	-2.6	0.026845
-60	-2.5	0.02915
-60	-2.4	0.03077
-60	-2.3	0.033483
-60	-2.2	0.036773
-60	-2.1	0.039985
-60	-2	0.041288
-60	-1.9	0.040015
-60	-1.8	0.037177
-60	-1.7	0.031154
-60	-1.6	0.024802
-60	-1.5	0.019305
-60	-1.4	0.020051
-60	-1.3	0.028372
-60	-1.2	0.038112
-60	-1.1	0.045417
-60	-1	0.050751
-60	-0.9	0.052406
-60	-0.8	0.050216
-60	-0.7	0.04468
-60	-0.6	0.037496
-60	-0.5	0.032717
-60	-0.4	0.0224
-60	-0.3	0.017893
-60	-0.2	0.016007
-60	-0.1	0.014075
-60	0	0.013252
-60	0.1	0.015477
-60	0.2	0.019334
-60	0.3	0.02472
-60	0.4	0.028855
-60	0.5	0.033568
-60	0.6	0.036017
-60	0.7	0.037124
-60	0.8	0.03628
-60	0.9	0.035017
-60	1	0.033024
-60	1.1	0.030673
-60	1.2	0.028822
-60	1.3	0.027663
-60	1.4	0.027433
-60	1.5	0.026915
-60	1.6	0.026285
-60	1.7	0.025866
-60	1.8	0.025237
-60	1.9	0.024723
-60	2	0.02375
-60	2.1	0.022454
-60	2.2	0.020804
-60	2.3	0.019696
-60	2.4	0.016356
-60	2.5	0.014968
-60	2.6	0.011334
-60	2.7	0.0098783
-60	2.8	0.0087172
-60	2.9	0.0079878
-60	3	0.0082152
-60	3.1	0.0082564
-60	3.2	0.0083672
-60	3.3	0.0083032
-60	3.4	0.0074821
-60	3.5	0.0071214
-60	3.6	0.0071621
-60	3.7	0.0079105
-60	3.8	0.0091443
-60	3.9	0.0091107
-60	4	0.0086577
-50	-4	0.010265
-50	-3.9	0.0095201
-50	-3.8	0.01005
-50	-3.7	0.011361
-50	-3.6	0.012095
-50	-3.5	0.011951
-50	-3.4	0.010671
-50	-3.3	0.0086875
-50	-3.2	0.006893
-50	-3.1	0.0070621
-50	-3	0.010554
-50	-2.9	0.014027
-50	-2.8	0.016463
-50	-2.7	0.020863
-50	-2.6	0.023781
-50	-2.5	0.028551
-50	-2.4	0.032411
-50	-2.3	0.036347
-50	-2.2	0.039993
-50	-2.1	0.041682
-50	-2	0.041746
-50	-1.9	0.037185
-50	-1.8	0.032779
-50	-1.7	0.026393
-50	-1.6	0.019173
-50	-1.5	0.016781
-50	-1.4	0.021218
-50	-1.3	0.029205
-50	-1.2	0.037714
-50	-1.1	0.043041
-50	-1	0.046447
-50	-0.9	0.046515
-50	-0.8	0.044061
-50	-0.7	0.040342
-50	-0.6	0.035095
-50	-0.5	0.03033
-50	-0.4	0.025969
-50	-0.3	0.022573
-50	-0.2	0.018881
-50	-0.1	0.016884
-50	0	0.015461
-50	0.1	0.016258
-50	0.2	0.017929
-50	0.3	0.022928
-50	0.4	0.026895
-50	0.5	0.031171
-50	0.6	0.034669
-50	0.7	0.036766
-50	0.8	0.03657
-50	0.9	0.035805
-50	1	0.03384
-50	1.1	0.030465
-50	1.2	0.027693
-50	1.3	0.026258
-50	1.4	0.026463
-50	1.5	0.02734
-50	1.6	0.028237
-50	1.7	0.029195
-50	1.8	0.029435
-50	1.9	0.029152
-50	2	0.027405
-50	2.1	0.024819
-50	2.2	0.022311
-50	2.3	0.019703
-50	2.4	0.016961
-50	2.5	0.014761
-50	2.6	0.012488
-50	2.7	0.011555
-50	2.8	0.010676
-50	2.9	0.010249
-50	3	0.0096633
-50	3.1	0.0088424
-50	3.2	0.0088223
-50	3.3	0.0092445
-50	3.4	0.01006
-50	3.5	0.010418
-50	3.6	0.010542
-50	3.7	0.010545
-50	3.8	0.010644
-50	3.9	0.0099517
-50	4	0.0082132
-40	-4	0.014516
-40	-3.9	0.012964
-40	-3.8	0.011707
-40	-3.7	0.011298
-40	-3.6	0.01098
-40	-3.5	0.010716
-40	-3.4	0.0097912
-40	-3.3	0.0083769
-40	-3.2	0.0076678
-40	-3.1	0.0080983
-40	-3	0.0099792
-40	-2.9	0.014167
-40	-2.8	0.018602
-40	-2.7	0.023349
-40	-2.6	0.026347
-40	-2.5	0.029527
-40	-2.4	0.03346
-40	-2.3	0.037739
-40	-2.2	0.04112
-40	-2.1	0.043233
-40	-2	0.04362
-40	-1.9	0.039303
-40	-1.8	0.034421
-40	-1.7	0.028213
-40	-1.6	0.01902
-40	-1.5	0.015817
-40	-1.4	0.019964
-40	-1.3	0.026408
-40	-1.2	0.034783
-40	-1.1	0.044137
-40	-1	0.047771
-40	-0.9	0.048212
-40	-0.8	0.046647
-40	-0.7	0.042249
-40	-0.6	0.037342
-40	-0.5	0.031003
-40	-0.4	0.028118
-40	-0.3	0.024249
-40	-0.2	0.021297
-40	-0.1	0.019286
-40	0	0.018446
-40	0.1	0.018793
-40	0.2	0.021682
-40	0.3	0.024952
-40	0.4	0.02944
-40	0.5	0.033905
-40	0.6	0.035489
-40	0.7	0.037383
-40	0.8	0.037124
-40	0.9	0.035369
-40	1	0.033154
-40	1.1	0.030931
-40	1.2	0.026874
-40	1.3	0.025347
-40	1.4	0.025163
-40	1.5	0.026081
-40	1.6	0.027443
-40	1.7	0.027912
-40	1.8	0.02774
-40	1.9	0.027209
-40	2	0.02504
-40	2.1	0.022312
-40	2.2	0.02019
-40	2.3	0.01875
-40	2.4	0.018306
-40	2.5	0.016961
-40	2.6	0.015176
-40	2.7	0.01248
-40	2.8	0.010172
-40	2.9	0.0081777
-40	3	0.0085996
-40	3.1	0.0090108
-40	3.2	0.010762
-40	3.3	0.011001
-40	3.4	0.012008
-40	3.5	0.010951
-40	3.6	0.010557
-40	3.7	0.010621
-40	3.8	0.011537
-40	3.9	0.011093
-40	4	0.010728
-30	-4	0.014704
-30	-3.9	0.012658
-30	-3.8	0.01099
-30	-3.7	0.0091
-30	-3.6	0.0096767
-30	-3.5	0.010725
-30	-3.4	0.011693
-30	-3.3	0.01081
-30	-3.2	0.0086763
-30	-3.1	0.0065121
-30	-3	0.0087819
-30	-2.9	0.013175
-30	-2.8	0.018935
-30	-2.7	0.024149
-30	-2.6	0.027221
-30	-2.5	0.029504
-30	-2.4	0.032214
-30	-2.3	0.035272
-30	-2.2	0.038395
-30	-2.1	0.040742
-30	-2	0.042692
-30	-1.9	0.040173
-30	-1.8	0.036937
-30	-1.7	0.028899
-30	-1.6	0.016915
-30	-1.5	0.013001
-30	-1.4	0.018629
-30	-1.3	0.02794
-30	-1.2	0.037777
-30	-1.1	0.044232
-30	-1	0.048403
-30	-0.9	0.049413
-30	-0.8	0.046942
-30	-0.7	0.040942
-30	-0.6	0.037459
-30	-0.5	0.031043
-30	-0.4	0.025818
-30	-0.3	0.021221
-30	-0.2	0.019937
-30	-0.1	0.018719
-30	0	0.01911
-30	0.1	0.022326
-30	0.2	0.024301
-30	0.3	0.030327
-30	0.4	0.033673
-30	0.5	0.037417
-30	0.6	0.039167
-30	0.7	0.039019
-30	0.8	0.037104
-30	0.9	0.034534
-30	1	0.030659
-30	1.1	0.027159
-30	1.2	0.023957
-30	1.3	0.022938
-30	1.4	0.022685
-30	1.5	0.023785
-30	1.6	0.024575
-30	1.7	0.025004
-30	1.8	0.024698
-30	1.9	0.024418
-30	2	0.022838
-30	2.1	0.020503
-30	2.2	0.019088
-30	2.3	0.017899
-30	2.4	0.016591
-30	2.5	0.015013
-30	2.6	0.014073
-30	2.7	0.011744
-30	2.8	0.009234
-30	2.9	0.0078222
-30	3	0.0077495
-30	3.1	0.0074735
-30	3.2	0.0086652
-30	3.3	0.009116
-30	3.4	0.0097017
-30	3.5	0.010248
-30	3.6	0.010186
-30	3.7	0.01054
-30	3.8	0.01079
-30	3.9	0.010883
-30	4	0.010157
-20	-4	0.012714
-20	-3.9	0.012678
-20	-3.8	0.01218
-20	-3.7	0.012566
-20	-3.6	0.013003
-20	-3.5	0.01335
-20	-3.4	0.012396
-20	-3.3	0.011122
-20	-3.2	0.0084899
-20	-3.1	0.0072473
-20	-3	0.0094997
-20	-2.9	0.014897
-20	-2.8	0.019457
-20	-2.7	0.023197
-20	-2.6	0.026621
-20	-2.5	0.029992
-20	-2.4	0.032019
-20	-2.3	0.035937
-20	-2.2	0.041301
-20	-2.1	0.044711
-20	-2	0.045899
-20	-1.9	0.045225
-20	-1.8	0.038873
-20	-1.7	0.028557
-20	-1.6	0.020822
-20	-1.5	0.01585
-20	-1.4	0.020139
-20	-1.3	0.028512
-20	-1.2	0.03689
-20	-1.1	0.044124
-20	-1	0.049497
-20	-0.9	0.0511
-20	-0.8	0.048909
-20	-0.7	0.045064
-20	-0.6	0.039551
-20	-0.5	0.034366
-20	-0.4	0.028977
-20	-0.3	0.026235
-20	-0.2	0.022608
-20	-0.1	0.021892
-20	0	0.021667
-20	0.1	0.023065
-20	0.2	0.025866
-20	0.3	0.029205
-20	0.4	0.033134
-20	0.5	0.035999
-20	0.6	0.039062
-20	0.7	0.039611
-20	0.8	0.039033
-20	0.9	0.036734
-20	1	0.034391
-20	1.1	0.029496
-20	1.2	0.026788
-20	1.3	0.024357
-20	1.4	0.023896
-20	1.5	0.024967
-20	1.6	0.025918
-20	1.7	0.0269
-20	1.8	0.027419
-20	1.9	0.026833
-20	2	0.025199
-20	2.1	0.0227
-20	2.2	0.01901
-20	2.3	0.016987
-20	2.4	0.016062
-20	2.5	0.01431
-20	2.6	0.012244
-20	2.7	0.010463
-20	2.8	0.0094895
-20	2.9	0.0081321
-20	3	0.0078201
-20	3.1	0.0083827
-20	3.2	0.0094844
-20	3.3	0.010119
-20	3.4	0.01024
-20	3.5	0.009911
-20	3.6	0.0097615
-20	3.7	0.0098751
-20	3.8	0.010387
-20	3.9	0.010618
-20	4	0.0099419
-10	-4	0.014886
-10	-3.9	0.013609
-10	-3.8	0.01187
-10	-3.7	0.0095726
-10	-3.6	0.0092112
-10	-3.5	0.010976
-10	-3.4	0.01285
-10	-3.3	0.013013
-10	-3.2	0.010389
-10	-3.1	0.0073777
-10	-3	0.0063969
-10	-2.9	0.012837
-10	-2.8	0.016891
-10	-2.7	0.02279
-10	-2.6	0.026368
-10	-2.5	0.028594
-10	-2.4	0.030492
-10	-2.3	0.03285
-10	-2.2	0.035938
-10	-2.1	0.039438
-10	-2	0.042201
-10	-1.9	0.043782
-10	-1.8	0.042341
-10	-1.7	0.035801
-10	-1.6	0.028342
-10	-1.5	0.017579
-10	-1.4	0.015429
-10	-1.3	0.023069
-10	-1.2	0.034901
-10	-1.1	0.044634
-10	-1	0.051383
-10	-0.9	0.054324
-10	-0.8	0.053434
-10	-0.7	0.049397
-10	-0.6	0.043166
-10	-0.5	0.036717
-10	-0.4	0.031939
-10	-0.3	0.026566
-10	-0.2	0.02284
-10	-0.1	0.021503
-10	0	0.020997
-10	0.1	0.022256
-10	0.2	0.026149
-10	0.3	0.030379
-10	0.4	0.036098
-10	0.5	0.039781
-10	0.6	0.042076
-10	0.7	0.042649
-10	0.8	0.041199
-10	0.9	0.039583
-10	1	0.03612
-10	1.1	0.033722
-10	1.2	0.030047
-10	1.3	0.027774
-10	1.4	0.025791
-10	1.5	0.025414
-10	1.6	0.025236
-10	1.7	0.026116
-10	1.8	0.026255
-10	1.9	0.026164
-10	2	0.025688
-10	2.1	0.022699
-10	2.2	0.020624
-10	2.3	0.01704
-10	2.4	0.014703
-10	2.5	0.01192
-10	2.6	0.0096415
-10	2.7	0.0080442
-10	2.8	0.0069491
-10	2.9	0.0070323
-10	3	0.0071756
-10	3.1	0.0071168
-10	3.2	0.0073843
-10	3.3	0.0073777
-10	3.4	0.0072228
-10	3.5	0.0068152
-10	3.6	0.0067437
-10	3.7	0.00711
-10	3.8	0.0071824
-10	3.9	0.0079959
-10	4	0.0077119
0	-4	0.014864
0	-3.9	0.013776
0	-3.8	0.012092
0	-3.7	0.011559
0	-3.6	0.012609
0	-3.5	0.014335
0	-3.4	0.014691
0	-3.3	0.013143
0	-3.2	0.010784
0	-3.1	0.008917
0	-3	0.0077391
0	-2.9	0.010695
0	-2.8	0.015308
0	-2.7	0.019911
0	-2.6	0.023845
0	-2.5	0.025776
0	-2.4	0.028402
0	-2.3	0.033346
0	-2.2	0.036644
0	-2.1	0.043769
0	-2	0.047969
0	-1.9	0.049293
0	-1.8	0.046084
0	-1.7	0.03856
0	-1.6	0.030269
0	-1.5	0.018987
0	-1.4	0.018757
0	-1.3	0.024635
0	-1.2	0.034824
0	-1.1	0.046483
0	-1	0.050289
0	-0.9	0.05306
0	-0.8	0.051737
0	-0.7	0.046493
0	-0.6	0.041524
0	-0.5	0.035605
0	-0.4	0.030796
0	-0.3	0.027398
0	-0.2	0.024934
0	-0.1	0.02492
0	0	0.024451
0	0.1	0.025367
0	0.2	0.027885
0	0.3	0.031848
0	0.4	0.034432
0	0.5	0.036678
0	0.6	0.038941
0	0.7	0.039383
0	0.8	0.038853
0	0.9	0.036901
0	1	0.034029
0	1.1	0.030975
0	1.2	0.028539
0	1.3	0.02674
0	1.4	0.025407
0	1.5	0.025577
0	1.6	0.026649
0	1.7	0.027396
0	1.8	0.027755
0	1.9	0.02776
0	2	0.027177
0	2.1	0.025774
0	2.2	0.022396
0	2.3	0.019929
0	2.4	0.018499
0	2.5	0.016493
0	2.6	0.013694
0	2.7	0.011468
0	2.8	0.009084
0	2.9	0.0081182
0	3	0.008272
0	3.1	0.009498
0	3.2	0.011765
0	3.3	0.012047
0	3.4	0.011751
0	3.5	0.0098324
0	3.6	0.008507
0	3.7	0.0083749
0	3.8	0.009537
0	3.9	0.0107
0	4	0.011229
10	-4	0.015381
10	-3.9	0.01562
10	-3.8	0.014152
10	-3.7	0.012779
10	-3.6	0.011256
10	-3.5	0.010709
10	-3.4	0.012297
10	-3.3	0.01332
10	-3.2	0.013207
10	-3.1	0.010866
10	-3	0.0085846
10	-2.9	0.0087228
10	-2.8	0.011888
10	-2.7	0.017959
10	-2.6	0.02287
10	-2.5	0.025664
10	-2.4	0.029933
10	-2.3	0.033218
10	-2.2	0.036751
10	-2.1	0.041253
10	-2	0.043977
10	-1.9	0.044711
10	-1.8	0.043364
10	-1.7	0.039239
10	-1.6	0.032318
10	-1.5	0.022154
10	-1.4	0.019084
10	-1.3	0.021661
10	-1.2	0.030421
10	-1.1	0.039885
10	-1	0.048401
10	-0.9	0.052502
10	-0.8	0.052276
10	-0.7	0.050093
10	-0.6	0.044687
10	-0.5	0.039035
10	-0.4	0.031982
10	-0.3	0.028045
10	-0.2	0.024078
10	-0.1	0.022374
10	0	0.021822
10	0.1	0.022569
10	0.2	0.025736
10	0.3	0.029101
10	0.4	0.033013
10	0.5	0.036946
10	0.6	0.041354
10	0.7	0.04239
10	0.8	0.042134
10	0.9	0.041019
10	1	0.037484
10	1.1	0.03494
10	1.2	0.031913
10	1.3	0.028403
10	1.4	0.026363
10	1.5	0.026129
10	1.6	0.02736
10	1.7	0.028168
10	1.8	0.028291
10	1.9	0.027682
10	2	0.026677
10	2.1	0.024109
10	2.2	0.021918
10	2.3	0.01936
10	2.4	0.018388
10	2.5	0.016539
10	2.6	0.014263
10	2.7	0.013059
10	2.8	0.011238
10	2.9	0.010008
10	3	0.0084652
10	3.1	0.0075359
10	3.2	0.0079959
10	3.3	0.0093211
10	3.4	0.009537
10	3.5	0.0097482
10	3.6	0.0094622
10	3.7	0.0095641
10	3.8	0.0098094
10	3.9	0.0090964
10	4	0.0087468
20	-4	0.0116
20	-3.9	0.013443
20	-3.8	0.014526
20	-3.7	0.014585
20	-3.6	0.013374
20	-3.5	0.011755
20	-3.4	0.011372
20	-3.3	0.01231
20	-3.2	0.013398
20	-3.1	0.013067
20	-3	0.011008
20	-2.9	0.0098603
20	-2.8	0.010832
20	-2.7	0.015976
20	-2.6	0.019755
20	-2.5	0.026864
20	-2.4	0.029462
20	-2.3	0.033193
20	-2.2	0.0349
20	-2.1	0.03798
20	-2	0.040955
20	-1.9	0.043496
20	-1.8	0.044382
20	-1.7	0.042347
20	-1.6	0.037123
20	-1.5	0.02885
20	-1.4	0.022277
20	-1.3	0.022243
20	-1.2	0.028823
20	-1.1	0.03857
20	-1	0.044818
20	-0.9	0.052083
20	-0.8	0.054051
20	-0.7	0.053699
20	-0.6	0.048057
20	-0.5	0.044416
20	-0.4	0.035247
20	-0.3	0.031453
20	-0.2	0.025525
20	-0.1	0.020825
20	0	0.018954
20	0.1	0.018953
20	0.2	0.020384
20	0.3	0.025776
20	0.4	0.030769
20	0.5	0.036971
20	0.6	0.040363
20	0.7	0.043745
20	0.8	0.045146
20	0.9	0.04429
20	1	0.040666
20	1.1	0.038779
20	1.2	0.033371
20	1.3	0.029589
20	1.4	0.027127
20	1.5	0.026214
20	1.6	0.025954
20	1.7	0.026272
20	1.8	0.026762
20	1.9	0.026553
20	2	0.025863
20	2.1	0.024954
20	2.2	0.022745
20	2.3	0.020434
20	2.4	0.018664
20	2.5	0.015824
20	2.6	0.014884
20	2.7	0.012466
20	2.8	0.0098751
20	2.9	0.0084038
20	3	0.0072807
20	3.1	0.0071644
20	3.2	0.0065689
20	3.3	0.0068507
20	3.4	0.0073448
20	3.5	0.008373
20	3.6	0.0084728
20	3.7	0.0084671
20	3.8	0.0086782
20	3.9	0.0083032
20	4	0.007568
30	-4	0.013447
30	-3.9	0.014396
30	-3.8	0.013758
30	-3.7	0.012499
30	-3.6	0.0094365
30	-3.5	0.0083788
30	-3.4	0.010412
30	-3.3	0.012958
30	-3.2	0.013804
30	-3.1	0.012362
30	-3	0.010259
30	-2.9	0.0081797
30	-2.8	0.0095082
30	-2.7	0.016409
30	-2.6	0.021124
30	-2.5	0.025916
30	-2.4	0.028199
30	-2.3	0.029596
30	-2.2	0.030415
30	-2.1	0.031792
30	-2	0.036255
30	-1.9	0.041771
30	-1.8	0.045752
30	-1.7	0.045521
30	-1.6	0.042503
30	-1.5	0.033581
30	-1.4	0.026678
30	-1.3	0.022779
30	-1.2	0.028255
30	-1.1	0.036117
30	-1	0.045205
30	-0.9	0.052414
30	-0.8	0.055715
30	-0.7	0.055102
30	-0.6	0.051499
30	-0.5	0.043651
30	-0.4	0.038101
30	-0.3	0.030336
30	-0.2	0.024505
30	-0.1	0.020323
30	0	0.018404
30	0.1	0.018076
30	0.2	0.020261
30	0.3	0.024095
30	0.4	0.028793
30	0.5	0.035796
30	0.6	0.038982
30	0.7	0.042547
30	0.8	0.044319
30	0.9	0.04385
30	1	0.041314
30	1.1	0.039364
30	1.2	0.034496
30	1.3	0.030829
30	1.4	0.027775
30	1.5	0.026321
30	1.6	0.025663
30	1.7	0.026417
30	1.8	0.026951
30	1.9	0.027756
30	2	0.027567
30	2.1	0.026751
30	2.2	0.024252
30	2.3	0.021221
30	2.4	0.018844
30	2.5	0.015795
30	2.6	0.013431
30	2.7	0.012373
30	2.8	0.011129
30	2.9	0.0092759
30	3	0.007441
30	3.1	0.0063487
30	3.2	0.0054886
30	3.3	0.0053514
30	3.4	0.0060248
30	3.5	0.0069234
30	3.6	0.0077161
30	3.7	0.0086446
30	3.8	0.0085108
30	3.9	0.0090072
30	4	0.008272
40	-4	0.010124
40	-3.9	0.01147
40	-3.8	0.011654
40	-3.7	0.01068
40	-3.6	0.0098669
40	-3.5	0.010105
40	-3.4	0.011226
40	-3.3	0.013211
40	-3.2	0.013449
40	-3.1	0.011612
40	-3	0.0098077
40	-2.9	0.0084154
40	-2.8	0.0097945
40	-2.7	0.014567
40	-2.6	0.018536
40	-2.5	0.021969
40	-2.4	0.024999
40	-2.3	0.026975
40	-2.2	0.027911
40	-2.1	0.030536
40	-2	0.034676
40	-1.9	0.039346
40	-1.8	0.043473
40	-1.7	0.044115
40	-1.6	0.042181
40	-1.5	0.034262
40	-1.4	0.026995
40	-1.3	0.02225
40	-1.2	0.02555
40	-1.1	0.035146
40	-1	0.045505
40	-0.9	0.049886
40	-0.8	0.053833
40	-0.7	0.054108
40	-0.6	0.051782
40	-0.5	0.045396
40	-0.4	0.03833
40	-0.3	0.030637
40	-0.2	0.025552
40	-0.1	0.020444
40	0	0.018187
40	0.1	0.01714
40	0.2	0.01822
40	0.3	0.020583
40	0.4	0.024188
40	0.5	0.028476
40	0.6	0.033449
40	0.7	0.03756
40	0.8	0.039638
40	0.9	0.040245
40	1	0.039219
40	1.1	0.037934
40	1.2	0.036062
40	1.3	0.033102
40	1.4	0.029733
40	1.5	0.028474
40	1.6	0.027872
40	1.7	0.027827
40	1.8	0.028779
40	1.9	0.029478
40	2	0.030113
40	2.1	0.029764
40	2.2	0.027614
40	2.3	0.025973
40	2.4	0.024078
40	2.5	0.022105
40	2.6	0.019053
40	2.7	0.017872
40	2.8	0.016152
40	2.9	0.014038
40	3	0.01197
40	3.1	0.0095031
40	3.2	0.0082171
40	3.3	0.0086071
40	3.4	0.0095607
40	3.5	0.010289
40	3.6	0.010202
40	3.7	0.0089748
40	3.8	0.0087246
40	3.9	0.0079959
40	4	0.0087228
50	-4	0.0084975
50	-3.9	0.01121
50	-3.8	0.01247
50	-3.7	0.012611
50	-3.6	0.010621
50	-3.5	0.0089856
50	-3.4	0.0080482
50	-3.3	0.0098865
50	-3.2	0.012123
50	-3.1	0.01436
50	-3	0.014149
50	-2.9	0.012872
50	-2.8	0.010795
50	-2.7	0.01076
50	-2.6	0.014882
50	-2.5	0.018349
50	-2.4	0.024777
50	-2.3	0.029188
50	-2.2	0.031723
50	-2.1	0.032476
50	-2	0.033457
50	-1.9	0.034751
50	-1.8	0.036738
50	-1.7	0.039122
50	-1.6	0.039773
50	-1.5	0.038439
50	-1.4	0.033523
50	-1.3	0.026593
50	-1.2	0.025063
50	-1.1	0.027206
50	-1	0.038121
50	-0.9	0.046316
50	-0.8	0.053243
50	-0.7	0.056612
50	-0.6	0.056013
50	-0.5	0.051232
50	-0.4	0.043726
50	-0.3	0.036978
50	-0.2	0.02913
50	-0.1	0.022772
50	0	0.020224
50	0.1	0.016324
50	0.2	0.015409
50	0.3	0.01615
50	0.4	0.020325
50	0.5	0.025963
50	0.6	0.035128
50	0.7	0.039625
50	0.8	0.043533
50	0.9	0.044737
50	1	0.043731
50	1.1	0.042121
50	1.2	0.03836
50	1.3	0.035249
50	1.4	0.032418
50	1.5	0.030902
50	1.6	0.030695
50	1.7	0.030153
50	1.8	0.029647
50	1.9	0.028857
50	2	0.028315
50	2.1	0.027663
50	2.2	0.026393
50	2.3	0.025899
50	2.4	0.025158
50	2.5	0.023331
50	2.6	0.021555
50	2.7	0.019084
50	2.8	0.016143
50	2.9	0.012922
50	3	0.010458
50	3.1	0.0090537
50	3.2	0.0086015
50	3.3	0.0084652
50	3.4	0.0086912
50	3.5	0.0088149
50	3.6	0.008146
50	3.7	0.0072362
50	3.8	0.0067437
50	3.9	0.0070895
50	4	0.0075166
60	-4	0.0057923
60	-3.9	0.0060462
60	-3.8	0.0075209
60	-3.7	0.0092042
60	-3.6	0.0091849
60	-3.5	0.0086222
60	-3.4	0.0075509
60	-3.3	0.0076297
60	-3.2	0.0091213
60	-3.1	0.010744
60	-3	0.011736
60	-2.9	0.011432
60	-2.8	0.009989
60	-2.7	0.0095793
60	-2.6	0.0118
60	-2.5	0.01923
60	-2.4	0.02341
60	-2.3	0.026448
60	-2.2	0.027714
60	-2.1	0.028671
60	-2	0.029559
60	-1.9	0.030547
60	-1.8	0.033615
60	-1.7	0.037119
60	-1.6	0.038342
60	-1.5	0.038245
60	-1.4	0.035889
60	-1.3	0.032586
60	-1.2	0.026828
60	-1.1	0.026591
60	-1	0.034344
60	-0.9	0.042836
60	-0.8	0.050392
60	-0.7	0.058502
60	-0.6	0.058718
60	-0.5	0.054358
60	-0.4	0.049363
60	-0.3	0.042415
60	-0.2	0.033179
60	-0.1	0.024459
60	0	0.016848
60	0.1	0.015041
60	0.2	0.014008
60	0.3	0.013933
60	0.4	0.017877
60	0.5	0.024058
60	0.6	0.030717
60	0.7	0.035269
60	0.8	0.041288
60	0.9	0.044432
60	1	0.045279
60	1.1	0.043976
60	1.2	0.042369
60	1.3	0.039778
60	1.4	0.037262
60	1.5	0.034416
60	1.6	0.033122
60	1.7	0.030774
60	1.8	0.029625
60	1.9	0.02833
60	2	0.028383
60	2.1	0.029113
60	2.2	0.029347
60	2.3	0.028568
60	2.4	0.027909
60	2.5	0.025922
60	2.6	0.022633
60	2.7	0.019197
60	2.8	0.01586
60	2.9	0.014978
60	3	0.013562
60	3.1	0.012524
60	3.2	0.012012
60	3.3	0.010931
60	3.4	0.0099094
60	3.5	0.0088588
60	3.6	0.0082132
60	3.7	0.0081063
60	3.8	0.008146
60	3.9	0.007935
60	4	0.0079695
70	-4	0.0060328
70	-3.9	0.0070415
70	-3.8	0.0084019
70	-3.7	0.0098357
70	-3.6	0.010196
70	-3.5	0.0095421
70	-3.4	0.0085279
70	-3.3	0.007818
70	-3.2	0.00878
70	-3.1	0.010452
70	-3	0.012245
70	-2.9	0.013465
70	-2.8	0.013404
70	-2.7	0.01338
70	-2.6	0.014862
70	-2.5	0.017519
70	-2.4	0.021743
70	-2.3	0.028227
70	-2.2	0.030652
70	-2.1	0.031137
70	-2	0.031159
70	-1.9	0.031335
70	-1.8	0.033569
70	-1.7	0.036354
70	-1.6	0.038573
70	-1.5	0.038632
70	-1.4	0.036683
70	-1.3	0.033117
70	-1.2	0.029968
70	-1.1	0.02965
70	-1	0.033531
70	-0.9	0.040661
70	-0.8	0.049249
70	-0.7	0.056245
70	-0.6	0.058792
70	-0.5	0.058598
70	-0.4	0.054362
70	-0.3	0.048559
70	-0.2	0.040297
70	-0.1	0.031953
70	0	0.025268
70	0.1	0.019769
70	0.2	0.016938
70	0.3	0.014929
70	0.4	0.01637
70	0.5	0.019102
70	0.6	0.024041
70	0.7	0.033686
70	0.8	0.038744
70	0.9	0.042477
70	1	0.046299
70	1.1	0.048657
70	1.2	0.048417
70	1.3	0.046256
70	1.4	0.042302
70	1.5	0.039968
70	1.6	0.037355
70	1.7	0.035464
70	1.8	0.03471
70	1.9	0.034938
70	2	0.035398
70	2.1	0.035307
70	2.2	0.033835
70	2.3	0.032008
70	2.4	0.029262
70	2.5	0.027516
70	2.6	0.024901
70	2.7	0.022854
70	2.8	0.021342
70	2.9	0.019466
70	3	0.017305
70	3.1	0.014222
70	3.2	0.012465
70	3.3	0.010508
70	3.4	0.0099191
70	3.5	0.0092759
70	3.6	0.0086894
70	3.7	0.0082798
70	3.8	0.0080763
70	3.9	0.0088607
70	4	0.0086465
80	-4	0.0059274
80	-3.9	0.0061364
80	-3.8	0.0079533
80	-3.7	0.0098488
80	-3.6	0.011126
80	-3.5	0.011001
80	-3.4	0.0090893
80	-3.3	0.0071259
80	-3.2	0.0064996
80	-3.1	0.008745
80	-3	0.010815
80	-2.9	0.013116
80	-2.8	0.014448
80	-2.7	0.013799
80	-2.6	0.014369
80	-2.5	0.015874
80	-2.4	0.019172
80	-2.3	0.024295
80	-2.2	0.027346
80	-2.1	0.030228
80	-2	0.032024
80	-1.9	0.032262
80	-1.8	0.032376
80	-1.7	0.033005
80	-1.6	0.034798
80	-1.5	0.036287
80	-1.4	0.036837
80	-1.3	0.034361
80	-1.2	0.031517
80	-1.1	0.028347
80	-1	0.031686
80	-0.9	0.038045
80	-0.8	0.047031
80	-0.7	0.057064
80	-0.6	0.061753
80	-0.5	0.062519
80	-0.4	0.06109
80	-0.3	0.05511
80	-0.2	0.04719
80	-0.1	0.035596
80	0	0.02653
80	0.1	0.018954
80	0.2	0.015648
80	0.3	0.013269
80	0.4	0.013962
80	0.5	0.016112
80	0.6	0.022548
80	0.7	0.033172
80	0.8	0.038848
80	0.9	0.045318
80	1	0.049055
80	1.1	0.051685
80	1.2	0.051369
80	1.3	0.048699
80	1.4	0.044414
80	1.5	0.042149
80	1.6	0.039351
80	1.7	0.037358
80	1.8	0.035532
80	1.9	0.034507
80	2	0.034125
80	2.1	0.033558
80	2.2	0.03231
80	2.3	0.030512
80	2.4	0.029368
80	2.5	0.027839
80	2.6	0.026149
80	2.7	0.024232
80	2.8	0.022103
80	2.9	0.020724
80	3	0.019368
80	3.1	0.017316
80	3.2	0.014161
80	3.3	0.011909
80	3.4	0.010309
80	3.5	0.009675
80	3.6	0.0089586
80	3.7	0.0094895
80	3.8	0.010029
80	3.9	0.010945
80	4	0.010389
90	-4	0.0058726
90	-3.9	0.00476
90	-3.8	0.0051136
90	-3.7	0.0073536
90	-3.6	0.0092968
90	-3.5	0.010248
90	-3.4	0.010164
90	-3.3	0.0088369
90	-3.2	0.0082857
90	-3.1	0.0077599
90	-3	0.0098011
90	-2.9	0.013154
90	-2.8	0.014929
90	-2.7	0.015653
90	-2.6	0.015807
90	-2.5	0.017403
90	-2.4	0.019356
90	-2.3	0.023641
90	-2.2	0.027469
90	-2.1	0.031967
90	-2	0.034295
90	-1.9	0.034895
90	-1.8	0.034499
90	-1.7	0.034469
90	-1.6	0.03587
90	-1.5	0.037107
90	-1.4	0.037759
90	-1.3	0.037026
90	-1.2	0.034616
90	-1.1	0.032436
90	-1	0.032835
90	-0.9	0.037886
90	-0.8	0.044935
90	-0.7	0.052764
90	-0.6	0.059196
90	-0.5	0.063052
90	-0.4	0.061778
90	-0.3	0.056877
90	-0.2	0.047557
90	-0.1	0.042663
90	0	0.034099
90	0.1	0.024331
90	0.2	0.018704
90	0.3	0.016585
90	0.4	0.015642
90	0.5	0.016995
90	0.6	0.019679
90	0.7	0.025426
90	0.8	0.033761
90	0.9	0.040817
90	1	0.046085
90	1.1	0.050595
90	1.2	0.053001
90	1.3	0.052816
90	1.4	0.051124
90	1.5	0.048317
90	1.6	0.045115
90	1.7	0.042274
90	1.8	0.040118
90	1.9	0.038346
90	2	0.038602
90	2.1	0.039043
90	2.2	0.038651
90	2.3	0.037667
90	2.4	0.035875
90	2.5	0.032674
90	2.6	0.029574
90	2.7	0.026911
90	2.8	0.024645
90	2.9	0.023865
90	3	0.023164
90	3.1	0.021314
90	3.2	0.01902
90	3.3	0.01631
90	3.4	0.013877
90	3.5	0.012393
90	3.6	0.010502
90	3.7	0.009675
90	3.8	0.0093833
90	3.9	0.0095726
90	4	0.0099077
100	-4	0.0055675
100	-3.9	0.006613
100	-3.8	0.0073029
100	-3.7	0.0093349
100	-3.6	0.0098898
100	-3.5	0.0091584
100	-3.4	0.0070438
100	-3.3	0.0056995
100	-3.2	0.0075509
100	-3.1	0.010664
100	-3	0.013236
100	-2.9	0.01492
100	-2.8	0.014548
100	-2.7	0.012828
100	-2.6	0.012178
100	-2.5	0.0154
100	-2.4	0.019944
100	-2.3	0.025776
100	-2.2	0.029554
100	-2.1	0.032524
100	-2	0.032576
100	-1.9	0.031286
100	-1.8	0.029701
100	-1.7	0.030604
100	-1.6	0.033032
100	-1.5	0.037617
100	-1.4	0.039805
100	-1.3	0.038874
100	-1.2	0.034327
100	-1.1	0.030109
100	-1	0.028833
100	-0.9	0.034293
100	-0.8	0.042762
100	-0.7	0.053489
100	-0.6	0.060009
100	-0.5	0.06414
100	-0.4	0.064488
100	-0.3	0.060656
100	-0.2	0.053732
100	-0.1	0.044527
100	0	0.033429
100	0.1	0.02625
100	0.2	0.020601
100	0.3	0.016774
100	0.4	0.016054
100	0.5	0.018132
100	0.6	0.020351
100	0.7	0.026606
100	0.8	0.033534
100	0.9	0.039803
100	1	0.046302
100	1.1	0.048223
100	1.2	0.051716
100	1.3	0.051783
100	1.4	0.05054
100	1.5	0.048333
100	1.6	0.046171
100	1.7	0.043124
100	1.8	0.042021
100	1.9	0.040388
100	2	0.038689
100	2.1	0.038331
100	2.2	0.037995
100	2.3	0.037663
100	2.4	0.036928
100	2.5	0.036556
100	2.6	0.035418
100	2.7	0.032781
100	2.8	0.030125
100	2.9	0.027501
100	3	0.025134
100	3.1	0.023077
100	3.2	0.02071
100	3.3	0.018208
100	3.4	0.016659
100	3.5	0.01579
100	3.6	0.015526
100	3.7	0.014267
100	3.8	0.013291
100	3.9	0.012578
100	4	0.012264
110	-4	0.0055355
110	-3.9	0.0059601
110	-3.8	0.0062486
110	-3.7	0.0071779
110	-3.6	0.0079594
110	-3.5	0.0078222
110	-3.4	0.0075702
110	-3.3	0.0066496
110	-3.2	0.0067557
110	-3.1	0.0081738
110	-3	0.010318
110	-2.9	0.012386
110	-2.8	0.013628
110	-2.7	0.014536
110	-2.6	0.014387
110	-2.5	0.014621
110	-2.4	0.017206
110	-2.3	0.020584
110	-2.2	0.025121
110	-2.1	0.029126
110	-2	0.031718
110	-1.9	0.033458
110	-1.8	0.034084
110	-1.7	0.034349
110	-1.6	0.034704
110	-1.5	0.035196
110	-1.4	0.03542
110	-1.3	0.035905
110	-1.2	0.035926
110	-1.1	0.034881
110	-1	0.034058
110	-0.9	0.035824
110	-0.8	0.039259
110	-0.7	0.044561
110	-0.6	0.053396
110	-0.5	0.059484
110	-0.4	0.063126
110	-0.3	0.062806
110	-0.2	0.058753
110	-0.1	0.052462
110	0	0.044269
110	0.1	0.033377
110	0.2	0.025661
110	0.3	0.02022
110	0.4	0.017211
110	0.5	0.01566
110	0.6	0.018151
110	0.7	0.022123
110	0.8	0.030016
110	0.9	0.036506
110	1	0.044931
110	1.1	0.048818
110	1.2	0.053333
110	1.3	0.054148
110	1.4	0.054239
110	1.5	0.053858
110	1.6	0.052536
110	1.7	0.051876
110	1.8	0.049685
110	1.9	0.046684
110	2	0.044033
110	2.1	0.042162
110	2.2	0.040287
110	2.3	0.03871
110	2.4	0.038198
110	2.5	0.037381
110	2.6	0.036081
110	2.7	0.033999
110	2.8	0.031372
110	2.9	0.02786
110	3	0.024768
110	3.1	0.02151
110	3.2	0.01822
110	3.3	0.01651
110	3.4	0.015117
110	3.5	0.013739
110	3.6	0.012701
110	3.7	0.012083
110	3.8	0.010976
110	3.9	0.010594
110	4	0.0098225
120	-4	0.0079756
120	-3.9	0.0076509
120	-3.8	0.0068483
120	-3.7	0.0068436
120	-3.6	0.0064497
120	-3.5	0.0073777
120	-3.4	0.0087984
120	-3.3	0.0096733
120	-3.2	0.0095252
120	-3.1	0.0090733
120	-3	0.0092724
120	-2.9	0.010961
120	-2.8	0.013221
120	-2.7	0.016253
120	-2.6	0.017453
120	-2.5	0.017967
120	-2.4	0.018898
120	-2.3	0.021376
120	-2.2	0.025292
120	-2.1	0.029333
120	-2	0.033681
120	-1.9	0.036016
120	-1.8	0.03763
120	-1.7	0.038673
120	-1.6	0.038405
120	-1.5	0.03804
120	-1.4	0.037642
120	-1.3	0.03758
120	-1.2	0.037237
120	-1.1	0.036535
120	-1	0.035134
120	-0.9	0.03583
120	-0.8	0.040181
120	-0.7	0.045631
120	-0.6	0.056048
120	-0.5	0.060843
120	-0.4	0.064721
120	-0.3	0.063519
120	-0.2	0.059228
120	-0.1	0.052933
120	0	0.043727
120	0.1	0.034969
120	0.2	0.028628
120	0.3	0.022018
120	0.4	0.018517
120	0.5	0.016378
120	0.6	0.017573
120	0.7	0.021259
120	0.8	0.02968
120	0.9	0.036744
120	1	0.045878
120	1.1	0.049992
120	1.2	0.055168
120	1.3	0.056422
120	1.4	0.056668
120	1.5	0.055544
120	1.6	0.053973
120	1.7	0.052116
120	1.8	0.049498
120	1.9	0.046593
120	2	0.044591
120	2.1	0.042412
120	2.2	0.040906
120	2.3	0.039739
120	2.4	0.038796
120	2.5	0.037629
120	2.6	0.035237
120	2.7	0.033361
120	2.8	0.030677
120	2.9	0.027833
120	3	0.026017
120	3.1	0.022896
120	3.2	0.020455
120	3.3	0.017577
120	3.4	0.01605
120	3.5	0.013007
120	3.6	0.012224
120	3.7	0.011943
120	3.8	0.01194
120	3.9	0.011928
120	4	0.011229
130	-4	0.0073404
130	-3.9	0.0072785
130	-3.8	0.0060649
130	-3.7	0.0052815
130	-3.6	0.0064797
130	-3.5	0.0087024
130	-3.4	0.0095387
130	-3.3	0.010322
130	-3.2	0.0095591
130	-3.1	0.0080583
130	-3	0.0080462
130	-2.9	0.0099371
130	-2.8	0.01395
130	-2.7	0.016248
130	-2.6	0.017719
130	-2.5	0.018326
130	-2.4	0.018417
130	-2.3	0.019846
130	-2.2	0.025742
130	-2.1	0.029678
130	-2	0.034461
130	-1.9	0.03702
130	-1.8	0.037608
130	-1.7	0.036803
130	-1.6	0.035977
130	-1.5	0.035322
130	-1.4	0.035857
130	-1.3	0.037544
130	-1.2	0.037918
130	-1.1	0.037378
130	-1	0.035148
130	-0.9	0.033986
130	-0.8	0.036818
130	-0.7	0.043726
130	-0.6	0.050786
130	-0.5	0.056824
130	-0.4	0.063643
130	-0.3	0.065013
130	-0.2	0.062984
130	-0.1	0.056676
130	0	0.047641
130	0.1	0.037738
130	0.2	0.029947
130	0.3	0.022972
130	0.4	0.019318
130	0.5	0.017496
130	0.6	0.018132
130	0.7	0.022403
130	0.8	0.026271
130	0.9	0.035486
130	1	0.043626
130	1.1	0.048533
130	1.2	0.052596
130	1.3	0.055097
130	1.4	0.056722
130	1.5	0.056288
130	1.6	0.054564
130	1.7	0.052118
130	1.8	0.049066
130	1.9	0.04505
130	2	0.042276
130	2.1	0.040093
130	2.2	0.038758
130	2.3	0.038567
130	2.4	0.038838
130	2.5	0.037821
130	2.6	0.035824
130	2.7	0.031916
130	2.8	0.030259
130	2.9	0.026795
130	3	0.024917
130	3.1	0.023177
130	3.2	0.021796
130	3.3	0.020569
130	3.4	0.01783
130	3.5	0.015371
130	3.6	0.012847
130	3.7	0.011311
130	3.8	0.01103
130	3.9	0.011784
130	4	0.011784
140	-4	0.0073755
140	-3.9	0.0072384
140	-3.8	0.0078613
140	-3.7	0.0085902
140	-3.6	0.0092252
140	-3.5	0.0094912
140	-3.4	0.0093902
140	-3.3	0.0089982
140	-3.2	0.0095675
140	-3.1	0.0099403
140	-3	0.011334
140	-2.9	0.012303
140	-2.8	0.013046
140	-2.7	0.014081
140	-2.6	0.015841
140	-2.5	0.017732
140	-2.4	0.02164
140	-2.3	0.024718
140	-2.2	0.027071
140	-2.1	0.030458
140	-2	0.032234
140	-1.9	0.033847
140	-1.8	0.034382
140	-1.7	0.035109
140	-1.6	0.03625
140	-1.5	0.03747
140	-1.4	0.038698
140	-1.3	0.039902
140	-1.2	0.03894
140	-1.1	0.035133
140	-1	0.031508
140	-0.9	0.031063
140	-0.8	0.034534
140	-0.7	0.042965
140	-0.6	0.050967
140	-0.5	0.058025
140	-0.4	0.06385
140	-0.3	0.064325
140	-0.2	0.0621
140	-0.1	0.05574
140	0	0.047667
140	0.1	0.038383
140	0.2	0.030529
140	0.3	0.022067
140	0.4	0.018856
140	0.5	0.017623
140	0.6	0.018247
140	0.7	0.022558
140	0.8	0.02851
140	0.9	0.034692
140	1	0.040944
140	1.1	0.046574
140	1.2	0.051289
140	1.3	0.053378
140	1.4	0.054001
140	1.5	0.053343
140	1.6	0.051681
140	1.7	0.049107
140	1.8	0.046236
140	1.9	0.043752
140	2	0.041918
140	2.1	0.040032
140	2.2	0.038603
140	2.3	0.038282
140	2.4	0.037955
140	2.5	0.037542
140	2.6	0.036307
140	2.7	0.034246
140	2.8	0.03215
140	2.9	0.029644
140	3	0.026961
140	3.1	0.025086
140	3.2	0.023473
140	3.3	0.021667
140	3.4	0.020778
140	3.5	0.01905
140	3.6	0.016807
140	3.7	0.014213
140	3.8	0.013139
140	3.9	0.012517
140	4	0.012456
150	-4	0.0075252
150	-3.9	0.0059736
150	-3.8	0.0067197
150	-3.7	0.0073183
150	-3.6	0.0084823
150	-3.5	0.010328
150	-3.4	0.010731
150	-3.3	0.0095861
150	-3.2	0.0077224
150	-3.1	0.0081599
150	-3	0.0099419
150	-2.9	0.012676
150	-2.8	0.015474
150	-2.7	0.016381
150	-2.6	0.015843
150	-2.5	0.014789
150	-2.4	0.016165
150	-2.3	0.021088
150	-2.2	0.026455
150	-2.1	0.030682
150	-2	0.033899
150	-1.9	0.034642
150	-1.8	0.034613
150	-1.7	0.034398
150	-1.6	0.034336
150	-1.5	0.035032
150	-1.4	0.036153
150	-1.3	0.038294
150	-1.2	0.038413
150	-1.1	0.03676
150	-1	0.032352
150	-0.9	0.029604
150	-0.8	0.030629
150	-0.7	0.037299
150	-0.6	0.050645
150	-0.5	0.055173
150	-0.4	0.063361
150	-0.3	0.063935
150	-0.2	0.061995
150	-0.1	0.056512
150	0	0.046665
150	0.1	0.038737
150	0.2	0.029178
150	0.3	0.022415
150	0.4	0.018107
150	0.5	0.017098
150	0.6	0.019381
150	0.7	0.023308
150	0.8	0.028485
150	0.9	0.03606
150	1	0.03982
150	1.1	0.045906
150	1.2	0.050264
150	1.3	0.051724
150	1.4	0.051899
150	1.5	0.050717
150	1.6	0.049482
150	1.7	0.045651
150	1.8	0.042581
150	1.9	0.039889
150	2	0.037785
150	2.1	0.03458
150	2.2	0.033935
150	2.3	0.033817
150	2.4	0.033748
150	2.5	0.032461
150	2.6	0.031427
150	2.7	0.029436
150	2.8	0.027822
150	2.9	0.025675
150	3	0.023235
150	3.1	0.022118
150	3.2	0.021219
150	3.3	0.020718
150	3.4	0.019973
150	3.5	0.01781
150	3.6	0.015585
150	3.7	0.013359
150	3.8	0.011708
150	3.9	0.011113
150	4	0.011316
160	-4	0.0085978
160	-3.9	0.0074908
160	-3.8	0.0070024
160	-3.7	0.00748
160	-3.6	0.0087561
160	-3.5	0.010279
160	-3.4	0.010638
160	-3.3	0.0099403
160	-3.2	0.0093712
160	-3.1	0.0092637
160	-3	0.011029
160	-2.9	0.013056
160	-2.8	0.014951
160	-2.7	0.016785
160	-2.6	0.01686
160	-2.5	0.017326
160	-2.4	0.018512
160	-2.3	0.022049
160	-2.2	0.024663
160	-2.1	0.029849
160	-2	0.033311
160	-1.9	0.035012
160	-1.8	0.035872
160	-1.7	0.036035
160	-1.6	0.0362
160	-1.5	0.037027
160	-1.4	0.038403
160	-1.3	0.038851
160	-1.2	0.037926
160	-1.1	0.034809
160	-1	0.031863
160	-0.9	0.031166
160	-0.8	0.035251
160	-0.7	0.042513
160	-0.6	0.050878
160	-0.5	0.055385
160	-0.4	0.060862
160	-0.3	0.062636
160	-0.2	0.06077
160	-0.1	0.056091
160	0	0.047484
160	0.1	0.040135
160	0.2	0.029284
160	0.3	0.022461
160	0.4	0.018785
160	0.5	0.017455
160	0.6	0.019025
160	0.7	0.023278
160	0.8	0.02882
160	0.9	0.03333
160	1	0.040507
160	1.1	0.046518
160	1.2	0.048812
160	1.3	0.051257
160	1.4	0.051929
160	1.5	0.051068
160	1.6	0.047921
160	1.7	0.045189
160	1.8	0.042716
160	1.9	0.038801
160	2	0.035534
160	2.1	0.033754
160	2.2	0.032608
160	2.3	0.032585
160	2.4	0.032587
160	2.5	0.032321
160	2.6	0.030383
160	2.7	0.028876
160	2.8	0.027099
160	2.9	0.025773
160	3	0.023399
160	3.1	0.022242
160	3.2	0.021418
160	3.3	0.019681
160	3.4	0.017293
160	3.5	0.015761
160	3.6	0.013661
160	3.7	0.012224
160	3.8	0.012166
160	3.9	0.012083
160	4	0.011523
170	-4	0.0075638
170	-3.9	0.0060676
170	-3.8	0.0048442
170	-3.7	0.0059979
170	-3.6	0.0083653
170	-3.5	0.0099533
170	-3.4	0.010871
170	-3.3	0.0098357
170	-3.2	0.0086446
170	-3.1	0.0075145
170	-3	0.007851
170	-2.9	0.011454
170	-2.8	0.015129
170	-2.7	0.016625
170	-2.6	0.017076
170	-2.5	0.016935
170	-2.4	0.01733
170	-2.3	0.02027
170	-2.2	0.025677
170	-2.1	0.030759
170	-2	0.03483
170	-1.9	0.037403
170	-1.8	0.037559
170	-1.7	0.036316
170	-1.6	0.035405
170	-1.5	0.035602
170	-1.4	0.037871
170	-1.3	0.039713
170	-1.2	0.04008
170	-1.1	0.038098
170	-1	0.034973
170	-0.9	0.032438
170	-0.8	0.033836
170	-0.7	0.038449
170	-0.6	0.048372
170	-0.5	0.054141
170	-0.4	0.060184
170	-0.3	0.061597
170	-0.2	0.059613
170	-0.1	0.052049
170	0	0.045156
170	0.1	0.036332
170	0.2	0.028613
170	0.3	0.022237
170	0.4	0.018042
170	0.5	0.015881
170	0.6	0.016844
170	0.7	0.021855
170	0.8	0.029173
170	0.9	0.037954
170	1	0.043366
170	1.1	0.046705
170	1.2	0.050755
170	1.3	0.051537
170	1.4	0.051352
170	1.5	0.049714
170	1.6	0.047262
170	1.7	0.04458
170	1.8	0.042058
170	1.9	0.038553
170	2	0.036398
170	2.1	0.03302
170	2.2	0.031117
170	2.3	0.029272
170	2.4	0.028794
170	2.5	0.027386
170	2.6	0.026144
170	2.7	0.024875
170	2.8	0.023715
170	2.9	0.022275
170	3	0.020714
170	3.1	0.018497
170	3.2	0.016408
170	3.3	0.015433
170	3.4	0.012956
170	3.5	0.011272
170	3.6	0.010463
170	3.7	0.010102
170	3.8	0.0097995
170	3.9	0.0088843
170	4	0.0085695
180	-4	0.0082837
180	-3.9	0.0086334
180	-3.8	0.0082053
180	-3.7	0.0085846
180	-3.6	0.0096566
180	-3.5	0.0095557
180	-3.4	0.0093453
180	-3.3	0.0091849
180	-3.2	0.0095286
180	-3.1	0.010526
180	-3	0.012151
180	-2.9	0.013956
180	-2.8	0.015244
180	-2.7	0.015253
180	-2.6	0.01508
180	-2.5	0.016307
180	-2.4	0.018924
180	-2.3	0.022355
180	-2.2	0.028224
180	-2.1	0.031441
180	-2	0.034082
180	-1.9	0.034379
180	-1.8	0.034272
180	-1.7	0.034302
180	-1.6	0.035634
180	-1.5	0.03841
180	-1.4	0.03974
180	-1.3	0.04002
180	-1.2	0.03763
180	-1.1	0.034302
180	-1	0.030738
180	-0.9	0.031079
180	-0.8	0.037167
180	-0.7	0.045581
180	-0.6	0.052405
180	-0.5	0.059474
180	-0.4	0.06309
180	-0.3	0.06302
180	-0.2	0.060237
180	-0.1	0.050625
180	0	0.042228
180	0.1	0.033345
180	0.2	0.025156
180	0.3	0.020627
180	0.4	0.016802
180	0.5	0.017013
180	0.6	0.019666
180	0.7	0.023427
180	0.8	0.030846
180	0.9	0.035512
180	1	0.042365
180	1.1	0.046037
180	1.2	0.049419
180	1.3	0.04965
180	1.4	0.048716
180	1.5	0.046986
180	1.6	0.043959
180	1.7	0.040239
180	1.8	0.037966
180	1.9	0.036021
180	2	0.033235
180	2.1	0.030233
180	2.2	0.029246
180	2.3	0.028519
180	2.4	0.028679
180	2.5	0.027997
180	2.6	0.027775
180	2.7	0.026711
180	2.8	0.025482
180	2.9	0.024174
180	3	0.021087
180	3.1	0.019081
180	3.2	0.017709
180	3.3	0.015994
180	3.4	0.01506
180	3.5	0.013667
180	3.6	0.012966
180	3.7	0.012983
180	3.8	0.012367
180	3.9	0.011285
180	4	0.010289
 
Uniformity Ratio =0.56471
