11-Sep-2017
14:7
TXR  007926 RM436 R24
33511B Function Generator
SN =Agilent Technologies,33511B,MY52301476,3.05-1.19-2.00-52-00
freq =+9.150000000000000E+06
burstmode =TRIG
burstN =+6.000000000000000E+01
voltage =+1.5000000000000E-01
 
DSO-X 2022A Oscilloscope
SN =AGILENT TECHNOLOGIES,DSO-X 2022A,MY54310921,02.41.2015102200
probe =+1.0000000E+00
scale =+500.0E-09
position =+19.900000E-06
range =+1.60E+00
units =VOLT
points =+2000
pointmode =NORM
format =BYTE
acqtype =NORM
trigsource =EXT
coupling =AC
 
-180	-4	0.012953
-180	-3.9	0.014121
-180	-3.8	0.01428
-180	-3.7	0.013348
-180	-3.6	0.012148
-180	-3.5	0.012174
-180	-3.4	0.01161
-180	-3.3	0.013247
-180	-3.2	0.014395
-180	-3.1	0.014595
-180	-3	0.014189
-180	-2.9	0.011471
-180	-2.8	0.011579
-180	-2.7	0.012839
-180	-2.6	0.016197
-180	-2.5	0.019446
-180	-2.4	0.021431
-180	-2.3	0.023806
-180	-2.2	0.025276
-180	-2.1	0.026746
-180	-2	0.029413
-180	-1.9	0.034133
-180	-1.8	0.03753
-180	-1.7	0.041382
-180	-1.6	0.041818
-180	-1.5	0.038598
-180	-1.4	0.033917
-180	-1.3	0.028572
-180	-1.2	0.026611
-180	-1.1	0.027954
-180	-1	0.032941
-180	-0.9	0.041458
-180	-0.8	0.049536
-180	-0.7	0.056277
-180	-0.6	0.0565
-180	-0.5	0.052721
-180	-0.4	0.045353
-180	-0.3	0.037403
-180	-0.2	0.027081
-180	-0.1	0.019221
-180	0	0.017105
-180	0.1	0.016212
-180	0.2	0.016716
-180	0.3	0.015953
-180	0.4	0.016216
-180	0.5	0.018852
-180	0.6	0.024296
-180	0.7	0.030612
-180	0.8	0.037178
-180	0.9	0.041411
-180	1	0.043214
-180	1.1	0.043395
-180	1.2	0.041731
-180	1.3	0.038614
-180	1.4	0.034535
-180	1.5	0.031838
-180	1.6	0.030042
-180	1.7	0.029046
-180	1.8	0.028972
-180	1.9	0.028434
-180	2	0.028235
-180	2.1	0.026848
-180	2.2	0.025915
-180	2.3	0.024737
-180	2.4	0.023723
-180	2.5	0.022627
-180	2.6	0.020911
-180	2.7	0.019728
-180	2.8	0.018377
-180	2.9	0.016192
-180	3	0.015251
-180	3.1	0.014439
-180	3.2	0.013008
-180	3.3	0.012639
-180	3.4	0.01187
-180	3.5	0.011001
-180	3.6	0.010623
-180	3.7	0.011129
-180	3.8	0.01089
-180	3.9	0.011635
-180	4	0.011957
-170	-4	0.012733
-170	-3.9	0.013501
-170	-3.8	0.012348
-170	-3.7	0.012531
-170	-3.6	0.012244
-170	-3.5	0.011734
-170	-3.4	0.013418
-170	-3.3	0.013903
-170	-3.2	0.014252
-170	-3.1	0.013008
-170	-3	0.012112
-170	-2.9	0.011213
-170	-2.8	0.011365
-170	-2.7	0.013076
-170	-2.6	0.016526
-170	-2.5	0.01962
-170	-2.4	0.021891
-170	-2.3	0.023814
-170	-2.2	0.025073
-170	-2.1	0.028437
-170	-2	0.030836
-170	-1.9	0.03618
-170	-1.8	0.038895
-170	-1.7	0.040075
-170	-1.6	0.038641
-170	-1.5	0.034567
-170	-1.4	0.029304
-170	-1.3	0.025236
-170	-1.2	0.025039
-170	-1.1	0.029311
-170	-1	0.036064
-170	-0.9	0.044881
-170	-0.8	0.049856
-170	-0.7	0.053257
-170	-0.6	0.052086
-170	-0.5	0.046393
-170	-0.4	0.040724
-170	-0.3	0.033212
-170	-0.2	0.025801
-170	-0.1	0.017889
-170	0	0.016731
-170	0.1	0.016679
-170	0.2	0.016289
-170	0.3	0.016894
-170	0.4	0.016971
-170	0.5	0.020382
-170	0.6	0.025067
-170	0.7	0.02949
-170	0.8	0.036123
-170	0.9	0.039622
-170	1	0.041611
-170	1.1	0.041038
-170	1.2	0.039589
-170	1.3	0.034745
-170	1.4	0.031916
-170	1.5	0.029034
-170	1.6	0.027026
-170	1.7	0.02652
-170	1.8	0.025632
-170	1.9	0.026393
-170	2	0.025822
-170	2.1	0.026178
-170	2.2	0.025227
-170	2.3	0.024451
-170	2.4	0.02376
-170	2.5	0.022246
-170	2.6	0.020191
-170	2.7	0.019079
-170	2.8	0.017936
-170	2.9	0.015865
-170	3	0.01475
-170	3.1	0.013849
-170	3.2	0.012772
-170	3.3	0.012628
-170	3.4	0.011651
-170	3.5	0.011517
-170	3.6	0.011709
-170	3.7	0.012172
-170	3.8	0.011653
-170	3.9	0.011447
-170	4	0.012223
-160	-4	0.012004
-160	-3.9	0.012967
-160	-3.8	0.013156
-160	-3.7	0.012223
-160	-3.6	0.011961
-160	-3.5	0.012066
-160	-3.4	0.012107
-160	-3.3	0.013101
-160	-3.2	0.012888
-160	-3.1	0.012686
-160	-3	0.012017
-160	-2.9	0.010401
-160	-2.8	0.010667
-160	-2.7	0.010996
-160	-2.6	0.014093
-160	-2.5	0.018016
-160	-2.4	0.020074
-160	-2.3	0.022067
-160	-2.2	0.025204
-160	-2.1	0.027985
-160	-2	0.032382
-160	-1.9	0.03621
-160	-1.8	0.038441
-160	-1.7	0.038781
-160	-1.6	0.036933
-160	-1.5	0.03375
-160	-1.4	0.029266
-160	-1.3	0.02566
-160	-1.2	0.025733
-160	-1.1	0.029092
-160	-1	0.035831
-160	-0.9	0.042028
-160	-0.8	0.048129
-160	-0.7	0.052013
-160	-0.6	0.051755
-160	-0.5	0.047791
-160	-0.4	0.04152
-160	-0.3	0.031732
-160	-0.2	0.024511
-160	-0.1	0.01976
-160	0	0.01631
-160	0.1	0.016412
-160	0.2	0.015978
-160	0.3	0.014951
-160	0.4	0.016318
-160	0.5	0.020446
-160	0.6	0.024987
-160	0.7	0.030289
-160	0.8	0.03577
-160	0.9	0.040208
-160	1	0.041206
-160	1.1	0.040092
-160	1.2	0.038491
-160	1.3	0.036175
-160	1.4	0.033842
-160	1.5	0.031605
-160	1.6	0.030313
-160	1.7	0.029653
-160	1.8	0.028998
-160	1.9	0.02823
-160	2	0.027215
-160	2.1	0.026551
-160	2.2	0.02576
-160	2.3	0.024665
-160	2.4	0.024186
-160	2.5	0.02221
-160	2.6	0.019666
-160	2.7	0.017081
-160	2.8	0.015381
-160	2.9	0.014252
-160	3	0.012782
-160	3.1	0.012314
-160	3.2	0.01181
-160	3.3	0.011668
-160	3.4	0.011453
-160	3.5	0.011113
-160	3.6	0.01088
-160	3.7	0.01103
-160	3.8	0.010151
-160	3.9	0.0098881
-160	4	0.0098028
-150	-4	0.012058
-150	-3.9	0.013009
-150	-3.8	0.011797
-150	-3.7	0.011943
-150	-3.6	0.012211
-150	-3.5	0.012104
-150	-3.4	0.013502
-150	-3.3	0.013965
-150	-3.2	0.013845
-150	-3.1	0.013024
-150	-3	0.011679
-150	-2.9	0.010287
-150	-2.8	0.010959
-150	-2.7	0.012709
-150	-2.6	0.015027
-150	-2.5	0.019031
-150	-2.4	0.020924
-150	-2.3	0.023438
-150	-2.2	0.025625
-150	-2.1	0.027784
-150	-2	0.031902
-150	-1.9	0.035177
-150	-1.8	0.038251
-150	-1.7	0.039298
-150	-1.6	0.036595
-150	-1.5	0.033072
-150	-1.4	0.027019
-150	-1.3	0.022629
-150	-1.2	0.023092
-150	-1.1	0.027813
-150	-1	0.034542
-150	-0.9	0.043299
-150	-0.8	0.048143
-150	-0.7	0.05153
-150	-0.6	0.048749
-150	-0.5	0.044915
-150	-0.4	0.035401
-150	-0.3	0.030306
-150	-0.2	0.020913
-150	-0.1	0.018004
-150	0	0.016447
-150	0.1	0.016198
-150	0.2	0.016357
-150	0.3	0.016635
-150	0.4	0.01958
-150	0.5	0.024238
-150	0.6	0.02863
-150	0.7	0.033631
-150	0.8	0.037294
-150	0.9	0.039369
-150	1	0.039153
-150	1.1	0.037141
-150	1.2	0.034378
-150	1.3	0.031333
-150	1.4	0.029493
-150	1.5	0.027639
-150	1.6	0.026058
-150	1.7	0.025915
-150	1.8	0.025364
-150	1.9	0.025745
-150	2	0.025499
-150	2.1	0.025529
-150	2.2	0.025432
-150	2.3	0.024103
-150	2.4	0.022664
-150	2.5	0.020904
-150	2.6	0.019171
-150	2.7	0.017241
-150	2.8	0.015773
-150	2.9	0.015011
-150	3	0.014689
-150	3.1	0.013339
-150	3.2	0.012439
-150	3.3	0.011963
-150	3.4	0.011448
-150	3.5	0.011785
-150	3.6	0.012035
-150	3.7	0.012505
-150	3.8	0.012228
-150	3.9	0.012298
-150	4	0.010656
-140	-4	0.013354
-140	-3.9	0.013293
-140	-3.8	0.012998
-140	-3.7	0.012742
-140	-3.6	0.012357
-140	-3.5	0.012217
-140	-3.4	0.013241
-140	-3.3	0.013711
-140	-3.2	0.01359
-140	-3.1	0.012203
-140	-3	0.011312
-140	-2.9	0.01
-140	-2.8	0.010552
-140	-2.7	0.013388
-140	-2.6	0.017101
-140	-2.5	0.019913
-140	-2.4	0.022809
-140	-2.3	0.024559
-140	-2.2	0.026866
-140	-2.1	0.02933
-140	-2	0.032041
-140	-1.9	0.035903
-140	-1.8	0.037743
-140	-1.7	0.036906
-140	-1.6	0.0346
-140	-1.5	0.028469
-140	-1.4	0.022655
-140	-1.3	0.019447
-140	-1.2	0.020201
-140	-1.1	0.027456
-140	-1	0.033834
-140	-0.9	0.04255
-140	-0.8	0.048704
-140	-0.7	0.050966
-140	-0.6	0.048443
-140	-0.5	0.044081
-140	-0.4	0.035105
-140	-0.3	0.028434
-140	-0.2	0.022668
-140	-0.1	0.018987
-140	0	0.016424
-140	0.1	0.016192
-140	0.2	0.016404
-140	0.3	0.016737
-140	0.4	0.019847
-140	0.5	0.024229
-140	0.6	0.030042
-140	0.7	0.033754
-140	0.8	0.037559
-140	0.9	0.038501
-140	1	0.037448
-140	1.1	0.035476
-140	1.2	0.033236
-140	1.3	0.030396
-140	1.4	0.028707
-140	1.5	0.027244
-140	1.6	0.026316
-140	1.7	0.026439
-140	1.8	0.026323
-140	1.9	0.025903
-140	2	0.02542
-140	2.1	0.024691
-140	2.2	0.024131
-140	2.3	0.023276
-140	2.4	0.022015
-140	2.5	0.021027
-140	2.6	0.018831
-140	2.7	0.016895
-140	2.8	0.015541
-140	2.9	0.014215
-140	3	0.012379
-140	3.1	0.012283
-140	3.2	0.01251
-140	3.3	0.011961
-140	3.4	0.011988
-140	3.5	0.011229
-140	3.6	0.011993
-140	3.7	0.010958
-140	3.8	0.010875
-140	3.9	0.010384
-140	4	0.010429
-130	-4	0.014037
-130	-3.9	0.014044
-130	-3.8	0.01413
-130	-3.7	0.013118
-130	-3.6	0.01325
-130	-3.5	0.013263
-130	-3.4	0.013391
-130	-3.3	0.014254
-130	-3.2	0.013265
-130	-3.1	0.012082
-130	-3	0.011582
-130	-2.9	0.010028
-130	-2.8	0.010679
-130	-2.7	0.014236
-130	-2.6	0.018407
-130	-2.5	0.020682
-130	-2.4	0.023407
-130	-2.3	0.025687
-130	-2.2	0.028586
-130	-2.1	0.031636
-130	-2	0.034628
-130	-1.9	0.036647
-130	-1.8	0.037638
-130	-1.7	0.036652
-130	-1.6	0.031974
-130	-1.5	0.026175
-130	-1.4	0.021465
-130	-1.3	0.018133
-130	-1.2	0.021374
-130	-1.1	0.028284
-130	-1	0.036035
-130	-0.9	0.041348
-130	-0.8	0.047242
-130	-0.7	0.047928
-130	-0.6	0.045743
-130	-0.5	0.040844
-130	-0.4	0.034035
-130	-0.3	0.02872
-130	-0.2	0.023372
-130	-0.1	0.019563
-130	0	0.018302
-130	0.1	0.017508
-130	0.2	0.017246
-130	0.3	0.019399
-130	0.4	0.021238
-130	0.5	0.025465
-130	0.6	0.029643
-130	0.7	0.032604
-130	0.8	0.035788
-130	0.9	0.03745
-130	1	0.03737
-130	1.1	0.03613
-130	1.2	0.034361
-130	1.3	0.031397
-130	1.4	0.029677
-130	1.5	0.027599
-130	1.6	0.026633
-130	1.7	0.026191
-130	1.8	0.026336
-130	1.9	0.027034
-130	2	0.027137
-130	2.1	0.027457
-130	2.2	0.026411
-130	2.3	0.023667
-130	2.4	0.021702
-130	2.5	0.01923
-130	2.6	0.01682
-130	2.7	0.015857
-130	2.8	0.014424
-130	2.9	0.01303
-130	3	0.012403
-130	3.1	0.012367
-130	3.2	0.011484
-130	3.3	0.011046
-130	3.4	0.011492
-130	3.5	0.0124
-130	3.6	0.013133
-130	3.7	0.012256
-130	3.8	0.012095
-130	3.9	0.012155
-130	4	0.011734
-120	-4	0.015483
-120	-3.9	0.01538
-120	-3.8	0.014963
-120	-3.7	0.014082
-120	-3.6	0.012531
-120	-3.5	0.012235
-120	-3.4	0.012202
-120	-3.3	0.012871
-120	-3.2	0.012044
-120	-3.1	0.011873
-120	-3	0.010029
-120	-2.9	0.010045
-120	-2.8	0.012274
-120	-2.7	0.015381
-120	-2.6	0.01871
-120	-2.5	0.021204
-120	-2.4	0.023186
-120	-2.3	0.024754
-120	-2.2	0.027772
-120	-2.1	0.030314
-120	-2	0.032553
-120	-1.9	0.035232
-120	-1.8	0.036006
-120	-1.7	0.034746
-120	-1.6	0.029329
-120	-1.5	0.024381
-120	-1.4	0.018364
-120	-1.3	0.017001
-120	-1.2	0.021335
-120	-1.1	0.028086
-120	-1	0.037898
-120	-0.9	0.043451
-120	-0.8	0.048474
-120	-0.7	0.048841
-120	-0.6	0.046363
-120	-0.5	0.041436
-120	-0.4	0.032768
-120	-0.3	0.027825
-120	-0.2	0.021038
-120	-0.1	0.018312
-120	0	0.016789
-120	0.1	0.016841
-120	0.2	0.016774
-120	0.3	0.01816
-120	0.4	0.021564
-120	0.5	0.025591
-120	0.6	0.031812
-120	0.7	0.035866
-120	0.8	0.038399
-120	0.9	0.038993
-120	1	0.038071
-120	1.1	0.035704
-120	1.2	0.033597
-120	1.3	0.029533
-120	1.4	0.027124
-120	1.5	0.02521
-120	1.6	0.024309
-120	1.7	0.024613
-120	1.8	0.025529
-120	1.9	0.026723
-120	2	0.027264
-120	2.1	0.026376
-120	2.2	0.024503
-120	2.3	0.022536
-120	2.4	0.019718
-120	2.5	0.016192
-120	2.6	0.014215
-120	2.7	0.013309
-120	2.8	0.013125
-120	2.9	0.012474
-120	3	0.012999
-120	3.1	0.012594
-120	3.2	0.010945
-120	3.3	0.010063
-120	3.4	0.01009
-120	3.5	0.011693
-120	3.6	0.011646
-120	3.7	0.012357
-120	3.8	0.012396
-120	3.9	0.011259
-120	4	0.011158
-110	-4	0.014899
-110	-3.9	0.01453
-110	-3.8	0.01419
-110	-3.7	0.013041
-110	-3.6	0.012704
-110	-3.5	0.012622
-110	-3.4	0.01314
-110	-3.3	0.013225
-110	-3.2	0.012208
-110	-3.1	0.011386
-110	-3	0.0094946
-110	-2.9	0.010122
-110	-2.8	0.01158
-110	-2.7	0.014718
-110	-2.6	0.016659
-110	-2.5	0.019666
-110	-2.4	0.022508
-110	-2.3	0.025337
-110	-2.2	0.029783
-110	-2.1	0.032747
-110	-2	0.036735
-110	-1.9	0.038138
-110	-1.8	0.036926
-110	-1.7	0.033321
-110	-1.6	0.029273
-110	-1.5	0.022115
-110	-1.4	0.01777
-110	-1.3	0.018027
-110	-1.2	0.023302
-110	-1.1	0.031704
-110	-1	0.038995
-110	-0.9	0.043574
-110	-0.8	0.046487
-110	-0.7	0.046015
-110	-0.6	0.042263
-110	-0.5	0.0357
-110	-0.4	0.031695
-110	-0.3	0.025876
-110	-0.2	0.02155
-110	-0.1	0.019166
-110	0	0.017503
-110	0.1	0.01733
-110	0.2	0.017502
-110	0.3	0.018879
-110	0.4	0.022436
-110	0.5	0.026269
-110	0.6	0.030691
-110	0.7	0.034454
-110	0.8	0.036464
-110	0.9	0.036415
-110	1	0.035481
-110	1.1	0.033989
-110	1.2	0.031401
-110	1.3	0.028646
-110	1.4	0.026448
-110	1.5	0.025774
-110	1.6	0.025978
-110	1.7	0.026472
-110	1.8	0.026787
-110	1.9	0.0276
-110	2	0.027044
-110	2.1	0.025458
-110	2.2	0.023725
-110	2.3	0.021458
-110	2.4	0.019056
-110	2.5	0.017406
-110	2.6	0.016055
-110	2.7	0.015361
-110	2.8	0.014449
-110	2.9	0.013804
-110	3	0.013198
-110	3.1	0.011854
-110	3.2	0.01083
-110	3.3	0.011803
-110	3.4	0.012462
-110	3.5	0.012667
-110	3.6	0.013368
-110	3.7	0.013615
-110	3.8	0.012899
-110	3.9	0.012683
-110	4	0.011743
-100	-4	0.01339
-100	-3.9	0.012863
-100	-3.8	0.013274
-100	-3.7	0.013359
-100	-3.6	0.013717
-100	-3.5	0.014025
-100	-3.4	0.013459
-100	-3.3	0.012803
-100	-3.2	0.012059
-100	-3.1	0.010881
-100	-3	0.0098176
-100	-2.9	0.0093384
-100	-2.8	0.011074
-100	-2.7	0.013882
-100	-2.6	0.017086
-100	-2.5	0.021009
-100	-2.4	0.022965
-100	-2.3	0.02592
-100	-2.2	0.028536
-100	-2.1	0.031113
-100	-2	0.033173
-100	-1.9	0.034842
-100	-1.8	0.034955
-100	-1.7	0.032812
-100	-1.6	0.027985
-100	-1.5	0.023796
-100	-1.4	0.018822
-100	-1.3	0.018324
-100	-1.2	0.02473
-100	-1.1	0.029931
-100	-1	0.039413
-100	-0.9	0.043769
-100	-0.8	0.047454
-100	-0.7	0.046418
-100	-0.6	0.04345
-100	-0.5	0.037522
-100	-0.4	0.032125
-100	-0.3	0.025203
-100	-0.2	0.021141
-100	-0.1	0.018985
-100	0	0.016931
-100	0.1	0.016366
-100	0.2	0.01601
-100	0.3	0.01785
-100	0.4	0.022243
-100	0.5	0.027697
-100	0.6	0.033126
-100	0.7	0.036976
-100	0.8	0.039587
-100	0.9	0.039196
-100	1	0.0365
-100	1.1	0.03364
-100	1.2	0.030591
-100	1.3	0.02842
-100	1.4	0.027398
-100	1.5	0.027341
-100	1.6	0.028536
-100	1.7	0.029369
-100	1.8	0.029604
-100	1.9	0.029016
-100	2	0.027481
-100	2.1	0.025759
-100	2.2	0.023948
-100	2.3	0.021925
-100	2.4	0.019946
-100	2.5	0.018297
-100	2.6	0.015963
-100	2.7	0.013982
-100	2.8	0.012132
-100	2.9	0.011474
-100	3	0.011245
-100	3.1	0.010745
-100	3.2	0.011312
-100	3.3	0.011806
-100	3.4	0.012318
-100	3.5	0.011967
-100	3.6	0.011817
-100	3.7	0.011506
-100	3.8	0.011318
-100	3.9	0.010519
-100	4	0.011288
-90	-4	0.012723
-90	-3.9	0.011664
-90	-3.8	0.011536
-90	-3.7	0.012681
-90	-3.6	0.013765
-90	-3.5	0.01565
-90	-3.4	0.016052
-90	-3.3	0.015464
-90	-3.2	0.01441
-90	-3.1	0.01178
-90	-3	0.010448
-90	-2.9	0.0092585
-90	-2.8	0.011351
-90	-2.7	0.013703
-90	-2.6	0.016053
-90	-2.5	0.019083
-90	-2.4	0.021147
-90	-2.3	0.025265
-90	-2.2	0.028472
-90	-2.1	0.033641
-90	-2	0.036844
-90	-1.9	0.038347
-90	-1.8	0.037806
-90	-1.7	0.033727
-90	-1.6	0.028061
-90	-1.5	0.023687
-90	-1.4	0.019546
-90	-1.3	0.021492
-90	-1.2	0.026555
-90	-1.1	0.03484
-90	-1	0.043032
-90	-0.9	0.047452
-90	-0.8	0.048226
-90	-0.7	0.045658
-90	-0.6	0.040082
-90	-0.5	0.032854
-90	-0.4	0.02808
-90	-0.3	0.022551
-90	-0.2	0.019324
-90	-0.1	0.018694
-90	0	0.018067
-90	0.1	0.017152
-90	0.2	0.016578
-90	0.3	0.018279
-90	0.4	0.022571
-90	0.5	0.026975
-90	0.6	0.033007
-90	0.7	0.035944
-90	0.8	0.037032
-90	0.9	0.036452
-90	1	0.034715
-90	1.1	0.032065
-90	1.2	0.030687
-90	1.3	0.02985
-90	1.4	0.029234
-90	1.5	0.029008
-90	1.6	0.028742
-90	1.7	0.028594
-90	1.8	0.028847
-90	1.9	0.028501
-90	2	0.028288
-90	2.1	0.027447
-90	2.2	0.025418
-90	2.3	0.023828
-90	2.4	0.020634
-90	2.5	0.01803
-90	2.6	0.015897
-90	2.7	0.01386
-90	2.8	0.01255
-90	2.9	0.01222
-90	3	0.012422
-90	3.1	0.012135
-90	3.2	0.012001
-90	3.3	0.012625
-90	3.4	0.012492
-90	3.5	0.013247
-90	3.6	0.012886
-90	3.7	0.012257
-90	3.8	0.011029
-90	3.9	0.010331
-90	4	0.010309
-80	-4	0.013788
-80	-3.9	0.013942
-80	-3.8	0.013942
-80	-3.7	0.013896
-80	-3.6	0.014811
-80	-3.5	0.01527
-80	-3.4	0.015041
-80	-3.3	0.015109
-80	-3.2	0.013407
-80	-3.1	0.011534
-80	-3	0.010781
-80	-2.9	0.009665
-80	-2.8	0.011396
-80	-2.7	0.013665
-80	-2.6	0.016268
-80	-2.5	0.019772
-80	-2.4	0.022216
-80	-2.3	0.026058
-80	-2.2	0.029584
-80	-2.1	0.033038
-80	-2	0.036924
-80	-1.9	0.038924
-80	-1.8	0.037917
-80	-1.7	0.035171
-80	-1.6	0.029589
-80	-1.5	0.022446
-80	-1.4	0.020232
-80	-1.3	0.02171
-80	-1.2	0.027914
-80	-1.1	0.0366
-80	-1	0.043835
-80	-0.9	0.047688
-80	-0.8	0.048755
-80	-0.7	0.045456
-80	-0.6	0.040682
-80	-0.5	0.033637
-80	-0.4	0.026325
-80	-0.3	0.02217
-80	-0.2	0.019628
-80	-0.1	0.018486
-80	0	0.017549
-80	0.1	0.016278
-80	0.2	0.017186
-80	0.3	0.018777
-80	0.4	0.023875
-80	0.5	0.030197
-80	0.6	0.034468
-80	0.7	0.037887
-80	0.8	0.038314
-80	0.9	0.037418
-80	1	0.034836
-80	1.1	0.031951
-80	1.2	0.029736
-80	1.3	0.027827
-80	1.4	0.027521
-80	1.5	0.028146
-80	1.6	0.028796
-80	1.7	0.029303
-80	1.8	0.0294
-80	1.9	0.029303
-80	2	0.028184
-80	2.1	0.025995
-80	2.2	0.023934
-80	2.3	0.021425
-80	2.4	0.018156
-80	2.5	0.016231
-80	2.6	0.01413
-80	2.7	0.012833
-80	2.8	0.011778
-80	2.9	0.011415
-80	3	0.011302
-80	3.1	0.012387
-80	3.2	0.012704
-80	3.3	0.012621
-80	3.4	0.012856
-80	3.5	0.013665
-80	3.6	0.013079
-80	3.7	0.012893
-80	3.8	0.012948
-80	3.9	0.01241
-80	4	0.011161
-70	-4	0.013899
-70	-3.9	0.014586
-70	-3.8	0.01461
-70	-3.7	0.014444
-70	-3.6	0.014609
-70	-3.5	0.015809
-70	-3.4	0.015284
-70	-3.3	0.014288
-70	-3.2	0.012621
-70	-3.1	0.01158
-70	-3	0.010799
-70	-2.9	0.010706
-70	-2.8	0.011202
-70	-2.7	0.013842
-70	-2.6	0.01694
-70	-2.5	0.018965
-70	-2.4	0.021999
-70	-2.3	0.024897
-70	-2.2	0.030091
-70	-2.1	0.034249
-70	-2	0.037698
-70	-1.9	0.039117
-70	-1.8	0.038755
-70	-1.7	0.034294
-70	-1.6	0.02878
-70	-1.5	0.022755
-70	-1.4	0.02062
-70	-1.3	0.023215
-70	-1.2	0.030198
-70	-1.1	0.036984
-70	-1	0.045056
-70	-0.9	0.048538
-70	-0.8	0.048044
-70	-0.7	0.043851
-70	-0.6	0.037289
-70	-0.5	0.031336
-70	-0.4	0.023926
-70	-0.3	0.018991
-70	-0.2	0.016994
-70	-0.1	0.017562
-70	0	0.015956
-70	0.1	0.015786
-70	0.2	0.016858
-70	0.3	0.019759
-70	0.4	0.024117
-70	0.5	0.029863
-70	0.6	0.034293
-70	0.7	0.038337
-70	0.8	0.039302
-70	0.9	0.038015
-70	1	0.034329
-70	1.1	0.030696
-70	1.2	0.028347
-70	1.3	0.026718
-70	1.4	0.026324
-70	1.5	0.026812
-70	1.6	0.027668
-70	1.7	0.028264
-70	1.8	0.028114
-70	1.9	0.027793
-70	2	0.026392
-70	2.1	0.025451
-70	2.2	0.023108
-70	2.3	0.021583
-70	2.4	0.018835
-70	2.5	0.01688
-70	2.6	0.015416
-70	2.7	0.014535
-70	2.8	0.012767
-70	2.9	0.012135
-70	3	0.011457
-70	3.1	0.011478
-70	3.2	0.011324
-70	3.3	0.012278
-70	3.4	0.01139
-70	3.5	0.012659
-70	3.6	0.012793
-70	3.7	0.012825
-70	3.8	0.013095
-70	3.9	0.013906
-70	4	0.013233
-60	-4	0.015404
-60	-3.9	0.015161
-60	-3.8	0.015095
-60	-3.7	0.014625
-60	-3.6	0.015633
-60	-3.5	0.015263
-60	-3.4	0.015322
-60	-3.3	0.014883
-60	-3.2	0.013801
-60	-3.1	0.012108
-60	-3	0.011296
-60	-2.9	0.010748
-60	-2.8	0.011672
-60	-2.7	0.013738
-60	-2.6	0.017013
-60	-2.5	0.019094
-60	-2.4	0.02138
-60	-2.3	0.024914
-60	-2.2	0.030339
-60	-2.1	0.034896
-60	-2	0.03853
-60	-1.9	0.040675
-60	-1.8	0.039174
-60	-1.7	0.03392
-60	-1.6	0.029153
-60	-1.5	0.022621
-60	-1.4	0.020896
-60	-1.3	0.024984
-60	-1.2	0.032265
-60	-1.1	0.037814
-60	-1	0.044447
-60	-0.9	0.047467
-60	-0.8	0.046303
-60	-0.7	0.042754
-60	-0.6	0.034881
-60	-0.5	0.027745
-60	-0.4	0.023197
-60	-0.3	0.018252
-60	-0.2	0.016786
-60	-0.1	0.016912
-60	0	0.016414
-60	0.1	0.015125
-60	0.2	0.016932
-60	0.3	0.020107
-60	0.4	0.025653
-60	0.5	0.030033
-60	0.6	0.034643
-60	0.7	0.037782
-60	0.8	0.038129
-60	0.9	0.036529
-60	1	0.032515
-60	1.1	0.029824
-60	1.2	0.027721
-60	1.3	0.026194
-60	1.4	0.026069
-60	1.5	0.026774
-60	1.6	0.028143
-60	1.7	0.028481
-60	1.8	0.028825
-60	1.9	0.028324
-60	2	0.02733
-60	2.1	0.026212
-60	2.2	0.0238
-60	2.3	0.02117
-60	2.4	0.018853
-60	2.5	0.016897
-60	2.6	0.01484
-60	2.7	0.012963
-60	2.8	0.012138
-60	2.9	0.012546
-60	3	0.012605
-60	3.1	0.012763
-60	3.2	0.012074
-60	3.3	0.011544
-60	3.4	0.012118
-60	3.5	0.01189
-60	3.6	0.012891
-60	3.7	0.013265
-60	3.8	0.012866
-60	3.9	0.013573
-60	4	0.012894
-50	-4	0.015781
-50	-3.9	0.01594
-50	-3.8	0.015049
-50	-3.7	0.01409
-50	-3.6	0.014358
-50	-3.5	0.014825
-50	-3.4	0.014736
-50	-3.3	0.015304
-50	-3.2	0.014228
-50	-3.1	0.013043
-50	-3	0.011181
-50	-2.9	0.010389
-50	-2.8	0.012555
-50	-2.7	0.015036
-50	-2.6	0.017415
-50	-2.5	0.020436
-50	-2.4	0.022669
-50	-2.3	0.026585
-50	-2.2	0.030267
-50	-2.1	0.034253
-50	-2	0.03643
-50	-1.9	0.037754
-50	-1.8	0.036188
-50	-1.7	0.03256
-50	-1.6	0.028259
-50	-1.5	0.023175
-50	-1.4	0.020912
-50	-1.3	0.023311
-50	-1.2	0.027526
-50	-1.1	0.03632
-50	-1	0.041761
-50	-0.9	0.046264
-50	-0.8	0.045774
-50	-0.7	0.04267
-50	-0.6	0.035909
-50	-0.5	0.029133
-50	-0.4	0.022359
-50	-0.3	0.018204
-50	-0.2	0.016493
-50	-0.1	0.017061
-50	0	0.015943
-50	0.1	0.016031
-50	0.2	0.01635
-50	0.3	0.020203
-50	0.4	0.025451
-50	0.5	0.030118
-50	0.6	0.035065
-50	0.7	0.037927
-50	0.8	0.038793
-50	0.9	0.03805
-50	1	0.034712
-50	1.1	0.031388
-50	1.2	0.028736
-50	1.3	0.027589
-50	1.4	0.027786
-50	1.5	0.028863
-50	1.6	0.029445
-50	1.7	0.030004
-50	1.8	0.030342
-50	1.9	0.029616
-50	2	0.028219
-50	2.1	0.026418
-50	2.2	0.025074
-50	2.3	0.021959
-50	2.4	0.019635
-50	2.5	0.017405
-50	2.6	0.014662
-50	2.7	0.012236
-50	2.8	0.011615
-50	2.9	0.011916
-50	3	0.012204
-50	3.1	0.011813
-50	3.2	0.011796
-50	3.3	0.012092
-50	3.4	0.011967
-50	3.5	0.012912
-50	3.6	0.013505
-50	3.7	0.014053
-50	3.8	0.012992
-50	3.9	0.01234
-50	4	0.011993
-40	-4	0.013569
-40	-3.9	0.012801
-40	-3.8	0.013367
-40	-3.7	0.01407
-40	-3.6	0.014397
-40	-3.5	0.013838
-40	-3.4	0.015235
-40	-3.3	0.014792
-40	-3.2	0.012953
-40	-3.1	0.011747
-40	-3	0.0098505
-40	-2.9	0.0098881
-40	-2.8	0.012432
-40	-2.7	0.014534
-40	-2.6	0.016673
-40	-2.5	0.019428
-40	-2.4	0.022449
-40	-2.3	0.026302
-40	-2.2	0.029748
-40	-2.1	0.033393
-40	-2	0.036443
-40	-1.9	0.037287
-40	-1.8	0.036372
-40	-1.7	0.032172
-40	-1.6	0.027855
-40	-1.5	0.022253
-40	-1.4	0.020256
-40	-1.3	0.022404
-40	-1.2	0.029389
-40	-1.1	0.037525
-40	-1	0.044377
-40	-0.9	0.047206
-40	-0.8	0.045831
-40	-0.7	0.042484
-40	-0.6	0.033728
-40	-0.5	0.028165
-40	-0.4	0.021907
-40	-0.3	0.017355
-40	-0.2	0.016351
-40	-0.1	0.016991
-40	0	0.016719
-40	0.1	0.014948
-40	0.2	0.016377
-40	0.3	0.018307
-40	0.4	0.022854
-40	0.5	0.029619
-40	0.6	0.033801
-40	0.7	0.038262
-40	0.8	0.039539
-40	0.9	0.038163
-40	1	0.035441
-40	1.1	0.03177
-40	1.2	0.028598
-40	1.3	0.026649
-40	1.4	0.027087
-40	1.5	0.027603
-40	1.6	0.0294
-40	1.7	0.030256
-40	1.8	0.030043
-40	1.9	0.029799
-40	2	0.028318
-40	2.1	0.026947
-40	2.2	0.024884
-40	2.3	0.023115
-40	2.4	0.020815
-40	2.5	0.018659
-40	2.6	0.01642
-40	2.7	0.014778
-40	2.8	0.0123
-40	2.9	0.011239
-40	3	0.0117
-40	3.1	0.011871
-40	3.2	0.012523
-40	3.3	0.012722
-40	3.4	0.012976
-40	3.5	0.012598
-40	3.6	0.012699
-40	3.7	0.012408
-40	3.8	0.012506
-40	3.9	0.011519
-40	4	0.011217
-30	-4	0.014841
-30	-3.9	0.01428
-30	-3.8	0.013161
-30	-3.7	0.012837
-30	-3.6	0.01328
-30	-3.5	0.014805
-30	-3.4	0.015348
-30	-3.3	0.015494
-30	-3.2	0.014293
-30	-3.1	0.011939
-30	-3	0.0098225
-30	-2.9	0.010207
-30	-2.8	0.012496
-30	-2.7	0.015501
-30	-2.6	0.018951
-30	-2.5	0.021287
-30	-2.4	0.022638
-30	-2.3	0.025061
-30	-2.2	0.027563
-30	-2.1	0.03067
-30	-2	0.033694
-30	-1.9	0.035948
-30	-1.8	0.036297
-30	-1.7	0.033282
-30	-1.6	0.029329
-30	-1.5	0.023514
-30	-1.4	0.01923
-30	-1.3	0.020054
-30	-1.2	0.026284
-30	-1.1	0.035131
-30	-1	0.041016
-30	-0.9	0.047113
-30	-0.8	0.048058
-30	-0.7	0.045655
-30	-0.6	0.04013
-30	-0.5	0.030283
-30	-0.4	0.024833
-30	-0.3	0.018891
-30	-0.2	0.015459
-30	-0.1	0.016336
-30	0	0.015701
-30	0.1	0.014267
-30	0.2	0.014762
-30	0.3	0.019563
-30	0.4	0.023486
-30	0.5	0.031156
-30	0.6	0.035741
-30	0.7	0.040421
-30	0.8	0.041392
-30	0.9	0.040291
-30	1	0.037002
-30	1.1	0.031971
-30	1.2	0.02879
-30	1.3	0.027229
-30	1.4	0.026891
-30	1.5	0.027727
-30	1.6	0.029113
-30	1.7	0.029673
-30	1.8	0.028968
-30	1.9	0.028088
-30	2	0.026749
-30	2.1	0.024361
-30	2.2	0.022977
-30	2.3	0.021641
-30	2.4	0.020094
-30	2.5	0.018415
-30	2.6	0.016001
-30	2.7	0.014037
-30	2.8	0.011926
-30	2.9	0.011053
-30	3	0.0098865
-30	3.1	0.010713
-30	3.2	0.011961
-30	3.3	0.012237
-30	3.4	0.012664
-30	3.5	0.012766
-30	3.6	0.013038
-30	3.7	0.012575
-30	3.8	0.011495
-30	3.9	0.012056
-30	4	0.011647
-20	-4	0.012199
-20	-3.9	0.012502
-20	-3.8	0.011463
-20	-3.7	0.012337
-20	-3.6	0.012983
-20	-3.5	0.013896
-20	-3.4	0.014732
-20	-3.3	0.014335
-20	-3.2	0.013277
-20	-3.1	0.010747
-20	-3	0.010376
-20	-2.9	0.011324
-20	-2.8	0.013757
-20	-2.7	0.016222
-20	-2.6	0.018491
-20	-2.5	0.019697
-20	-2.4	0.021291
-20	-2.3	0.02422
-20	-2.2	0.026758
-20	-2.1	0.030258
-20	-2	0.033855
-20	-1.9	0.0355
-20	-1.8	0.035049
-20	-1.7	0.031569
-20	-1.6	0.028188
-20	-1.5	0.022297
-20	-1.4	0.02014
-20	-1.3	0.021752
-20	-1.2	0.028365
-20	-1.1	0.03406
-20	-1	0.042074
-20	-0.9	0.044803
-20	-0.8	0.045535
-20	-0.7	0.041833
-20	-0.6	0.035762
-20	-0.5	0.028679
-20	-0.4	0.021944
-20	-0.3	0.018246
-20	-0.2	0.015809
-20	-0.1	0.016279
-20	0	0.015461
-20	0.1	0.015652
-20	0.2	0.016443
-20	0.3	0.018716
-20	0.4	0.023017
-20	0.5	0.030211
-20	0.6	0.034702
-20	0.7	0.038624
-20	0.8	0.040357
-20	0.9	0.039642
-20	1	0.036631
-20	1.1	0.032753
-20	1.2	0.030061
-20	1.3	0.027022
-20	1.4	0.026289
-20	1.5	0.026093
-20	1.6	0.026805
-20	1.7	0.028012
-20	1.8	0.028446
-20	1.9	0.028628
-20	2	0.028351
-20	2.1	0.027219
-20	2.2	0.02535
-20	2.3	0.022651
-20	2.4	0.02074
-20	2.5	0.018573
-20	2.6	0.01635
-20	2.7	0.014682
-20	2.8	0.012737
-20	2.9	0.011917
-20	3	0.011981
-20	3.1	0.011358
-20	3.2	0.011902
-20	3.3	0.011586
-20	3.4	0.011934
-20	3.5	0.012152
-20	3.6	0.012791
-20	3.7	0.012484
-20	3.8	0.012484
-20	3.9	0.011766
-20	4	0.011962
-10	-4	0.012879
-10	-3.9	0.012866
-10	-3.8	0.01159
-10	-3.7	0.011537
-10	-3.6	0.012205
-10	-3.5	0.011305
-10	-3.4	0.012535
-10	-3.3	0.011705
-10	-3.2	0.012786
-10	-3.1	0.011541
-10	-3	0.010089
-10	-2.9	0.010326
-10	-2.8	0.012095
-10	-2.7	0.014497
-10	-2.6	0.017396
-10	-2.5	0.020093
-10	-2.4	0.022664
-10	-2.3	0.025165
-10	-2.2	0.026882
-10	-2.1	0.029497
-10	-2	0.032757
-10	-1.9	0.033691
-10	-1.8	0.033759
-10	-1.7	0.031378
-10	-1.6	0.027939
-10	-1.5	0.024059
-10	-1.4	0.02153
-10	-1.3	0.021356
-10	-1.2	0.025885
-10	-1.1	0.030033
-10	-1	0.038668
-10	-0.9	0.043724
-10	-0.8	0.046335
-10	-0.7	0.045527
-10	-0.6	0.041006
-10	-0.5	0.03439
-10	-0.4	0.029179
-10	-0.3	0.021803
-10	-0.2	0.017519
-10	-0.1	0.016555
-10	0	0.015817
-10	0.1	0.015538
-10	0.2	0.01471
-10	0.3	0.016395
-10	0.4	0.021266
-10	0.5	0.026292
-10	0.6	0.034235
-10	0.7	0.04052
-10	0.8	0.043637
-10	0.9	0.044715
-10	1	0.043086
-10	1.1	0.040202
-10	1.2	0.036556
-10	1.3	0.032743
-10	1.4	0.031253
-10	1.5	0.029798
-10	1.6	0.02986
-10	1.7	0.030125
-10	1.8	0.030741
-10	1.9	0.030066
-10	2	0.028775
-10	2.1	0.027629
-10	2.2	0.025318
-10	2.3	0.022409
-10	2.4	0.019453
-10	2.5	0.016835
-10	2.6	0.013868
-10	2.7	0.012671
-10	2.8	0.011629
-10	2.9	0.011537
-10	3	0.010029
-10	3.1	0.010393
-10	3.2	0.0095709
-10	3.3	0.0086259
-10	3.4	0.0097117
-10	3.5	0.0096783
-10	3.6	0.0099987
-10	3.7	0.010458
-10	3.8	0.010213
-10	3.9	0.0095387
-10	4	0.0098044
0	-4	0.012898
0	-3.9	0.012967
0	-3.8	0.0128
0	-3.7	0.012225
0	-3.6	0.011675
0	-3.5	0.011341
0	-3.4	0.011572
0	-3.3	0.011837
0	-3.2	0.011308
0	-3.1	0.011858
0	-3	0.010656
0	-2.9	0.011522
0	-2.8	0.012374
0	-2.7	0.013968
0	-2.6	0.016323
0	-2.5	0.018621
0	-2.4	0.021319
0	-2.3	0.024039
0	-2.2	0.0262
0	-2.1	0.028266
0	-2	0.030884
0	-1.9	0.032572
0	-1.8	0.033313
0	-1.7	0.032082
0	-1.6	0.029479
0	-1.5	0.025201
0	-1.4	0.021424
0	-1.3	0.02026
0	-1.2	0.023303
0	-1.1	0.029979
0	-1	0.036885
0	-0.9	0.041986
0	-0.8	0.045744
0	-0.7	0.04539
0	-0.6	0.042195
0	-0.5	0.036034
0	-0.4	0.030083
0	-0.3	0.022575
0	-0.2	0.019417
0	-0.1	0.016915
0	0	0.016549
0	0.1	0.016545
0	0.2	0.015764
0	0.3	0.018292
0	0.4	0.021437
0	0.5	0.026851
0	0.6	0.034281
0	0.7	0.038753
0	0.8	0.043663
0	0.9	0.044043
0	1	0.042333
0	1.1	0.038838
0	1.2	0.034771
0	1.3	0.030912
0	1.4	0.028489
0	1.5	0.02746
0	1.6	0.028268
0	1.7	0.02911
0	1.8	0.029782
0	1.9	0.030338
0	2	0.029549
0	2.1	0.027905
0	2.2	0.025819
0	2.3	0.023131
0	2.4	0.020888
0	2.5	0.019258
0	2.6	0.016859
0	2.7	0.01489
0	2.8	0.013388
0	2.9	0.011571
0	3	0.011756
0	3.1	0.01164
0	3.2	0.010121
0	3.3	0.010829
0	3.4	0.010157
0	3.5	0.011144
0	3.6	0.011388
0	3.7	0.011295
0	3.8	0.01158
0	3.9	0.011875
0	4	0.011415
10	-4	0.011378
10	-3.9	0.010951
10	-3.8	0.011321
10	-3.7	0.011426
10	-3.6	0.011355
10	-3.5	0.011832
10	-3.4	0.013087
10	-3.3	0.012256
10	-3.2	0.011324
10	-3.1	0.010502
10	-3	0.010633
10	-2.9	0.010623
10	-2.8	0.012825
10	-2.7	0.015433
10	-2.6	0.017141
10	-2.5	0.019618
10	-2.4	0.021638
10	-2.3	0.022847
10	-2.2	0.026522
10	-2.1	0.028213
10	-2	0.030923
10	-1.9	0.034072
10	-1.8	0.035469
10	-1.7	0.034929
10	-1.6	0.030718
10	-1.5	0.025534
10	-1.4	0.021297
10	-1.3	0.021097
10	-1.2	0.026168
10	-1.1	0.031796
10	-1	0.040327
10	-0.9	0.045839
10	-0.8	0.048364
10	-0.7	0.046568
10	-0.6	0.04219
10	-0.5	0.03762
10	-0.4	0.030592
10	-0.3	0.023765
10	-0.2	0.018848
10	-0.1	0.017733
10	0	0.017489
10	0.1	0.016877
10	0.2	0.017148
10	0.3	0.01825
10	0.4	0.022062
10	0.5	0.027611
10	0.6	0.034575
10	0.7	0.038767
10	0.8	0.042076
10	0.9	0.042485
10	1	0.04044
10	1.1	0.037989
10	1.2	0.034349
10	1.3	0.031421
10	1.4	0.029275
10	1.5	0.028841
10	1.6	0.029056
10	1.7	0.029146
10	1.8	0.029649
10	1.9	0.028816
10	2	0.028659
10	2.1	0.027795
10	2.2	0.027363
10	2.3	0.026095
10	2.4	0.024545
10	2.5	0.022902
10	2.6	0.020215
10	2.7	0.018599
10	2.8	0.015135
10	2.9	0.013712
10	3	0.012856
10	3.1	0.012246
10	3.2	0.012522
10	3.3	0.011328
10	3.4	0.011331
10	3.5	0.011372
10	3.6	0.011573
10	3.7	0.011536
10	3.8	0.011693
10	3.9	0.012295
10	4	0.012007
20	-4	0.012508
20	-3.9	0.012451
20	-3.8	0.012055
20	-3.7	0.0114
20	-3.6	0.0098176
20	-3.5	0.010959
20	-3.4	0.011564
20	-3.3	0.01265
20	-3.2	0.013444
20	-3.1	0.011792
20	-3	0.010827
20	-2.9	0.010184
20	-2.8	0.011385
20	-2.7	0.013896
20	-2.6	0.016604
20	-2.5	0.019535
20	-2.4	0.022379
20	-2.3	0.024117
20	-2.2	0.025392
20	-2.1	0.027492
20	-2	0.029157
20	-1.9	0.030941
20	-1.8	0.031848
20	-1.7	0.03297
20	-1.6	0.031766
20	-1.5	0.029245
20	-1.4	0.024204
20	-1.3	0.020928
20	-1.2	0.02172
20	-1.1	0.027428
20	-1	0.034149
20	-0.9	0.04159
20	-0.8	0.047161
20	-0.7	0.049555
20	-0.6	0.047111
20	-0.5	0.042634
20	-0.4	0.036104
20	-0.3	0.029751
20	-0.2	0.022677
20	-0.1	0.01866
20	0	0.017985
20	0.1	0.017561
20	0.2	0.016822
20	0.3	0.017209
20	0.4	0.019215
20	0.5	0.025188
20	0.6	0.031009
20	0.7	0.038312
20	0.8	0.042471
20	0.9	0.045072
20	1	0.044961
20	1.1	0.042429
20	1.2	0.03882
20	1.3	0.034824
20	1.4	0.03179
20	1.5	0.030249
20	1.6	0.029745
20	1.7	0.030198
20	1.8	0.030513
20	1.9	0.030737
20	2	0.030474
20	2.1	0.029582
20	2.2	0.027878
20	2.3	0.025869
20	2.4	0.024396
20	2.5	0.021771
20	2.6	0.020085
20	2.7	0.016676
20	2.8	0.015454
20	2.9	0.013155
20	3	0.011881
20	3.1	0.011256
20	3.2	0.011344
20	3.3	0.011972
20	3.4	0.0119
20	3.5	0.012318
20	3.6	0.012324
20	3.7	0.01195
20	3.8	0.011326
20	3.9	0.011049
20	4	0.011671
30	-4	0.010627
30	-3.9	0.010697
30	-3.8	0.011163
30	-3.7	0.011074
30	-3.6	0.010415
30	-3.5	0.010572
30	-3.4	0.010105
30	-3.3	0.011191
30	-3.2	0.01251
30	-3.1	0.012154
30	-3	0.011875
30	-2.9	0.010818
30	-2.8	0.010915
30	-2.7	0.012232
30	-2.6	0.01574
30	-2.5	0.01945
30	-2.4	0.021662
30	-2.3	0.022932
30	-2.2	0.024789
30	-2.1	0.026564
30	-2	0.028148
30	-1.9	0.029913
30	-1.8	0.032597
30	-1.7	0.033722
30	-1.6	0.032562
30	-1.5	0.030345
30	-1.4	0.026276
30	-1.3	0.024233
30	-1.2	0.024091
30	-1.1	0.029586
30	-1	0.034151
30	-0.9	0.04266
30	-0.8	0.048095
30	-0.7	0.050975
30	-0.6	0.048894
30	-0.5	0.043915
30	-0.4	0.036956
30	-0.3	0.03043
30	-0.2	0.024136
30	-0.1	0.018299
30	0	0.01726
30	0.1	0.017671
30	0.2	0.017269
30	0.3	0.01748
30	0.4	0.020321
30	0.5	0.023262
30	0.6	0.031191
30	0.7	0.037185
30	0.8	0.042383
30	0.9	0.045342
30	1	0.045712
30	1.1	0.043839
30	1.2	0.038712
30	1.3	0.034754
30	1.4	0.032018
30	1.5	0.03018
30	1.6	0.029774
30	1.7	0.030063
30	1.8	0.030183
30	1.9	0.030023
30	2	0.030368
30	2.1	0.029536
30	2.2	0.02823
30	2.3	0.02695
30	2.4	0.025866
30	2.5	0.023819
30	2.6	0.021276
30	2.7	0.018953
30	2.8	0.016926
30	2.9	0.014972
30	3	0.01353
30	3.1	0.011931
30	3.2	0.011647
30	3.3	0.012257
30	3.4	0.011276
30	3.5	0.011447
30	3.6	0.011265
30	3.7	0.011508
30	3.8	0.011773
30	3.9	0.011881
30	4	0.011938
40	-4	0.010959
40	-3.9	0.011774
40	-3.8	0.011194
40	-3.7	0.010836
40	-3.6	0.010375
40	-3.5	0.010503
40	-3.4	0.010727
40	-3.3	0.011295
40	-3.2	0.011838
40	-3.1	0.012342
40	-3	0.011547
40	-2.9	0.011228
40	-2.8	0.011008
40	-2.7	0.013541
40	-2.6	0.016482
40	-2.5	0.018679
40	-2.4	0.022005
40	-2.3	0.023003
40	-2.2	0.025118
40	-2.1	0.026702
40	-2	0.028881
40	-1.9	0.031294
40	-1.8	0.033581
40	-1.7	0.034451
40	-1.6	0.033939
40	-1.5	0.030524
40	-1.4	0.027833
40	-1.3	0.02406
40	-1.2	0.023611
40	-1.1	0.027848
40	-1	0.034569
40	-0.9	0.043961
40	-0.8	0.048425
40	-0.7	0.051842
40	-0.6	0.050378
40	-0.5	0.045495
40	-0.4	0.039314
40	-0.3	0.030942
40	-0.2	0.02417
40	-0.1	0.0189
40	0	0.017459
40	0.1	0.017766
40	0.2	0.016979
40	0.3	0.017057
40	0.4	0.018364
40	0.5	0.022723
40	0.6	0.030194
40	0.7	0.036052
40	0.8	0.040591
40	0.9	0.0437
40	1	0.044563
40	1.1	0.043517
40	1.2	0.040303
40	1.3	0.036515
40	1.4	0.033218
40	1.5	0.030707
40	1.6	0.030044
40	1.7	0.02978
40	1.8	0.030221
40	1.9	0.030771
40	2	0.030327
40	2.1	0.029499
40	2.2	0.028536
40	2.3	0.027228
40	2.4	0.025624
40	2.5	0.024394
40	2.6	0.022691
40	2.7	0.021534
40	2.8	0.019475
40	2.9	0.017685
40	3	0.016023
40	3.1	0.014842
40	3.2	0.014181
40	3.3	0.013344
40	3.4	0.012585
40	3.5	0.012685
40	3.6	0.012832
40	3.7	0.012843
40	3.8	0.013377
40	3.9	0.013029
40	4	0.012346
50	-4	0.010878
50	-3.9	0.010807
50	-3.8	0.010728
50	-3.7	0.012024
50	-3.6	0.01197
50	-3.5	0.011487
50	-3.4	0.011755
50	-3.3	0.011855
50	-3.2	0.012306
50	-3.1	0.011543
50	-3	0.011565
50	-2.9	0.011499
50	-2.8	0.011938
50	-2.7	0.012739
50	-2.6	0.015043
50	-2.5	0.018658
50	-2.4	0.021241
50	-2.3	0.02318
50	-2.2	0.024351
50	-2.1	0.02648
50	-2	0.028355
50	-1.9	0.03122
50	-1.8	0.032915
50	-1.7	0.034511
50	-1.6	0.034753
50	-1.5	0.03244
50	-1.4	0.029993
50	-1.3	0.026548
50	-1.2	0.025601
50	-1.1	0.028622
50	-1	0.034546
50	-0.9	0.041245
50	-0.8	0.046406
50	-0.7	0.050757
50	-0.6	0.050473
50	-0.5	0.047985
50	-0.4	0.042175
50	-0.3	0.035727
50	-0.2	0.027372
50	-0.1	0.021849
50	0	0.019636
50	0.1	0.018182
50	0.2	0.017793
50	0.3	0.017382
50	0.4	0.017602
50	0.5	0.021595
50	0.6	0.025553
50	0.7	0.033004
50	0.8	0.037892
50	0.9	0.042285
50	1	0.044864
50	1.1	0.044207
50	1.2	0.041995
50	1.3	0.039
50	1.4	0.035322
50	1.5	0.033547
50	1.6	0.032467
50	1.7	0.031909
50	1.8	0.032409
50	1.9	0.032633
50	2	0.032649
50	2.1	0.032636
50	2.2	0.031892
50	2.3	0.030884
50	2.4	0.02918
50	2.5	0.027183
50	2.6	0.025247
50	2.7	0.02229
50	2.8	0.019829
50	2.9	0.017733
50	3	0.016202
50	3.1	0.014473
50	3.2	0.013997
50	3.3	0.014389
50	3.4	0.013685
50	3.5	0.012833
50	3.6	0.012567
50	3.7	0.012824
50	3.8	0.012996
50	3.9	0.013315
50	4	0.013194
60	-4	0.010609
60	-3.9	0.011272
60	-3.8	0.010682
60	-3.7	0.01097
60	-3.6	0.010939
60	-3.5	0.010519
60	-3.4	0.012167
60	-3.3	0.011629
60	-3.2	0.011714
60	-3.1	0.011417
60	-3	0.011545
60	-2.9	0.012007
60	-2.8	0.012716
60	-2.7	0.013231
60	-2.6	0.016409
60	-2.5	0.019327
60	-2.4	0.021481
60	-2.3	0.023423
60	-2.2	0.024355
60	-2.1	0.026089
60	-2	0.027926
60	-1.9	0.029614
60	-1.8	0.032891
60	-1.7	0.034657
60	-1.6	0.034727
60	-1.5	0.033423
60	-1.4	0.030032
60	-1.3	0.02612
60	-1.2	0.024919
60	-1.1	0.026768
60	-1	0.033372
60	-0.9	0.040415
60	-0.8	0.045713
60	-0.7	0.052244
60	-0.6	0.054244
60	-0.5	0.052452
60	-0.4	0.046871
60	-0.3	0.037175
60	-0.2	0.031465
60	-0.1	0.022926
60	0	0.019898
60	0.1	0.017576
60	0.2	0.018022
60	0.3	0.017284
60	0.4	0.016838
60	0.5	0.019334
60	0.6	0.024346
60	0.7	0.031989
60	0.8	0.038049
60	0.9	0.04257
60	1	0.046143
60	1.1	0.047195
60	1.2	0.045138
60	1.3	0.04231
60	1.4	0.037357
60	1.5	0.034209
60	1.6	0.032055
60	1.7	0.030657
60	1.8	0.031063
60	1.9	0.030774
60	2	0.030593
60	2.1	0.030747
60	2.2	0.030077
60	2.3	0.029066
60	2.4	0.027222
60	2.5	0.026348
60	2.6	0.023956
60	2.7	0.022256
60	2.8	0.019377
60	2.9	0.017962
60	3	0.015293
60	3.1	0.01384
60	3.2	0.013432
60	3.3	0.013275
60	3.4	0.013075
60	3.5	0.01283
60	3.6	0.0111
60	3.7	0.010581
60	3.8	0.010127
60	3.9	0.010962
60	4	0.011562
70	-4	0.010718
70	-3.9	0.01215
70	-3.8	0.012096
70	-3.7	0.012705
70	-3.6	0.012741
70	-3.5	0.012281
70	-3.4	0.011102
70	-3.3	0.011603
70	-3.2	0.011756
70	-3.1	0.01209
70	-3	0.013071
70	-2.9	0.012789
70	-2.8	0.01322
70	-2.7	0.01266
70	-2.6	0.01467
70	-2.5	0.018341
70	-2.4	0.020891
70	-2.3	0.023108
70	-2.2	0.02572
70	-2.1	0.028058
70	-2	0.030701
70	-1.9	0.032164
70	-1.8	0.034098
70	-1.7	0.034824
70	-1.6	0.035273
70	-1.5	0.034968
70	-1.4	0.032561
70	-1.3	0.028566
70	-1.2	0.026165
70	-1.1	0.026009
70	-1	0.031629
70	-0.9	0.039065
70	-0.8	0.045197
70	-0.7	0.051605
70	-0.6	0.054501
70	-0.5	0.05259
70	-0.4	0.047117
70	-0.3	0.041495
70	-0.2	0.032869
70	-0.1	0.026497
70	0	0.021004
70	0.1	0.019428
70	0.2	0.01835
70	0.3	0.017224
70	0.4	0.017192
70	0.5	0.019154
70	0.6	0.022089
70	0.7	0.029405
70	0.8	0.034705
70	0.9	0.041706
70	1	0.04474
70	1.1	0.046109
70	1.2	0.045527
70	1.3	0.042618
70	1.4	0.040275
70	1.5	0.036624
70	1.6	0.034992
70	1.7	0.03355
70	1.8	0.033268
70	1.9	0.032684
70	2	0.032408
70	2.1	0.031667
70	2.2	0.03093
70	2.3	0.028998
70	2.4	0.027952
70	2.5	0.025943
70	2.6	0.023524
70	2.7	0.022455
70	2.8	0.019988
70	2.9	0.018698
70	3	0.017093
70	3.1	0.015226
70	3.2	0.013768
70	3.3	0.012971
70	3.4	0.012672
70	3.5	0.012554
70	3.6	0.011527
70	3.7	0.011844
70	3.8	0.011292
70	3.9	0.012111
70	4	0.011656
80	-4	0.010509
80	-3.9	0.010772
80	-3.8	0.010909
80	-3.7	0.011467
80	-3.6	0.010329
80	-3.5	0.011524
80	-3.4	0.010712
80	-3.3	0.012036
80	-3.2	0.012064
80	-3.1	0.012883
80	-3	0.012613
80	-2.9	0.013609
80	-2.8	0.012691
80	-2.7	0.013285
80	-2.6	0.014346
80	-2.5	0.017145
80	-2.4	0.020432
80	-2.3	0.023434
80	-2.2	0.026434
80	-2.1	0.02803
80	-2	0.029324
80	-1.9	0.030975
80	-1.8	0.032865
80	-1.7	0.034
80	-1.6	0.035146
80	-1.5	0.034346
80	-1.4	0.032647
80	-1.3	0.030763
80	-1.2	0.028625
80	-1.1	0.029662
80	-1	0.033693
80	-0.9	0.039516
80	-0.8	0.046115
80	-0.7	0.050749
80	-0.6	0.05332
80	-0.5	0.052774
80	-0.4	0.048186
80	-0.3	0.041556
80	-0.2	0.032783
80	-0.1	0.026976
80	0	0.021561
80	0.1	0.018501
80	0.2	0.017849
80	0.3	0.016923
80	0.4	0.016065
80	0.5	0.016956
80	0.6	0.021913
80	0.7	0.028578
80	0.8	0.033547
80	0.9	0.040376
80	1	0.044926
80	1.1	0.047138
80	1.2	0.045993
80	1.3	0.04383
80	1.4	0.039538
80	1.5	0.037289
80	1.6	0.03551
80	1.7	0.034862
80	1.8	0.034425
80	1.9	0.034621
80	2	0.033691
80	2.1	0.032716
80	2.2	0.031467
80	2.3	0.029853
80	2.4	0.028845
80	2.5	0.027662
80	2.6	0.026606
80	2.7	0.024925
80	2.8	0.022453
80	2.9	0.020024
80	3	0.017587
80	3.1	0.015458
80	3.2	0.014386
80	3.3	0.013407
80	3.4	0.01304
80	3.5	0.012239
80	3.6	0.012112
80	3.7	0.011721
80	3.8	0.012495
80	3.9	0.012213
80	4	0.012637
90	-4	0.010434
90	-3.9	0.010183
90	-3.8	0.011157
90	-3.7	0.011212
90	-3.6	0.010094
90	-3.5	0.0092059
90	-3.4	0.011046
90	-3.3	0.010903
90	-3.2	0.011744
90	-3.1	0.012951
90	-3	0.012979
90	-2.9	0.012245
90	-2.8	0.011468
90	-2.7	0.012114
90	-2.6	0.014799
90	-2.5	0.017773
90	-2.4	0.021894
90	-2.3	0.024348
90	-2.2	0.026258
90	-2.1	0.027939
90	-2	0.029305
90	-1.9	0.030954
90	-1.8	0.033051
90	-1.7	0.034245
90	-1.6	0.035231
90	-1.5	0.035073
90	-1.4	0.033225
90	-1.3	0.030371
90	-1.2	0.027781
90	-1.1	0.028256
90	-1	0.030741
90	-0.9	0.036939
90	-0.8	0.044971
90	-0.7	0.053579
90	-0.6	0.057013
90	-0.5	0.056397
90	-0.4	0.050575
90	-0.3	0.043657
90	-0.2	0.033412
90	-0.1	0.027001
90	0	0.019212
90	0.1	0.017145
90	0.2	0.017155
90	0.3	0.017198
90	0.4	0.016812
90	0.5	0.017435
90	0.6	0.020202
90	0.7	0.025833
90	0.8	0.032848
90	0.9	0.039738
90	1	0.044845
90	1.1	0.046625
90	1.2	0.04634
90	1.3	0.044059
90	1.4	0.0412
90	1.5	0.037511
90	1.6	0.034772
90	1.7	0.032806
90	1.8	0.031646
90	1.9	0.030464
90	2	0.029753
90	2.1	0.0292
90	2.2	0.028764
90	2.3	0.028072
90	2.4	0.028053
90	2.5	0.027455
90	2.6	0.026546
90	2.7	0.025403
90	2.8	0.022615
90	2.9	0.02122
90	3	0.018119
90	3.1	0.017099
90	3.2	0.015197
90	3.3	0.014438
90	3.4	0.014201
90	3.5	0.013666
90	3.6	0.012957
90	3.7	0.012272
90	3.8	0.01144
90	3.9	0.011636
90	4	0.011756
100	-4	0.010538
100	-3.9	0.011253
100	-3.8	0.011791
100	-3.7	0.012261
100	-3.6	0.010826
100	-3.5	0.011021
100	-3.4	0.010552
100	-3.3	0.011787
100	-3.2	0.012914
100	-3.1	0.014059
100	-3	0.013613
100	-2.9	0.013516
100	-2.8	0.011934
100	-2.7	0.012858
100	-2.6	0.015425
100	-2.5	0.019671
100	-2.4	0.021617
100	-2.3	0.02574
100	-2.2	0.02719
100	-2.1	0.027974
100	-2	0.029475
100	-1.9	0.030696
100	-1.8	0.033063
100	-1.7	0.035523
100	-1.6	0.036428
100	-1.5	0.037278
100	-1.4	0.034977
100	-1.3	0.030366
100	-1.2	0.027253
100	-1.1	0.027535
100	-1	0.031977
100	-0.9	0.038636
100	-0.8	0.045946
100	-0.7	0.053247
100	-0.6	0.056191
100	-0.5	0.055274
100	-0.4	0.050638
100	-0.3	0.042657
100	-0.2	0.035731
100	-0.1	0.028375
100	0	0.021929
100	0.1	0.017677
100	0.2	0.017378
100	0.3	0.017563
100	0.4	0.017275
100	0.5	0.018347
100	0.6	0.022253
100	0.7	0.027683
100	0.8	0.033939
100	0.9	0.038785
100	1	0.044274
100	1.1	0.046077
100	1.2	0.046083
100	1.3	0.043701
100	1.4	0.040443
100	1.5	0.037178
100	1.6	0.034525
100	1.7	0.032297
100	1.8	0.031383
100	1.9	0.030781
100	2	0.030422
100	2.1	0.029727
100	2.2	0.029454
100	2.3	0.028719
100	2.4	0.027368
100	2.5	0.026523
100	2.6	0.025292
100	2.7	0.024455
100	2.8	0.022475
100	2.9	0.020651
100	3	0.01835
100	3.1	0.016489
100	3.2	0.014917
100	3.3	0.01478
100	3.4	0.013916
100	3.5	0.01394
100	3.6	0.013615
100	3.7	0.01384
100	3.8	0.012539
100	3.9	0.011878
100	4	0.012119
110	-4	0.011046
110	-3.9	0.011358
110	-3.8	0.012274
110	-3.7	0.012257
110	-3.6	0.011704
110	-3.5	0.01102
110	-3.4	0.011099
110	-3.3	0.012147
110	-3.2	0.013033
110	-3.1	0.013746
110	-3	0.013338
110	-2.9	0.0138
110	-2.8	0.013958
110	-2.7	0.014761
110	-2.6	0.016131
110	-2.5	0.019525
110	-2.4	0.02269
110	-2.3	0.024661
110	-2.2	0.026648
110	-2.1	0.028805
110	-2	0.030491
110	-1.9	0.032257
110	-1.8	0.034129
110	-1.7	0.035817
110	-1.6	0.036653
110	-1.5	0.03637
110	-1.4	0.034147
110	-1.3	0.030983
110	-1.2	0.028515
110	-1.1	0.028495
110	-1	0.031287
110	-0.9	0.039221
110	-0.8	0.045641
110	-0.7	0.05278
110	-0.6	0.05691
110	-0.5	0.056152
110	-0.4	0.051871
110	-0.3	0.0438
110	-0.2	0.036904
110	-0.1	0.027724
110	0	0.02194
110	0.1	0.017956
110	0.2	0.017338
110	0.3	0.017892
110	0.4	0.017272
110	0.5	0.016699
110	0.6	0.020242
110	0.7	0.025798
110	0.8	0.031515
110	0.9	0.038446
110	1	0.044363
110	1.1	0.048264
110	1.2	0.048171
110	1.3	0.046803
110	1.4	0.043102
110	1.5	0.039274
110	1.6	0.035512
110	1.7	0.033473
110	1.8	0.032133
110	1.9	0.031605
110	2	0.030872
110	2.1	0.030548
110	2.2	0.029192
110	2.3	0.028241
110	2.4	0.026336
110	2.5	0.025563
110	2.6	0.024113
110	2.7	0.02224
110	2.8	0.021137
110	2.9	0.01984
110	3	0.017075
110	3.1	0.015708
110	3.2	0.014821
110	3.3	0.013866
110	3.4	0.012697
110	3.5	0.012126
110	3.6	0.01153
110	3.7	0.010331
110	3.8	0.010742
110	3.9	0.010517
110	4	0.010999
120	-4	0.01178
120	-3.9	0.013463
120	-3.8	0.013684
120	-3.7	0.013198
120	-3.6	0.012872
120	-3.5	0.011726
120	-3.4	0.011318
120	-3.3	0.011232
120	-3.2	0.011961
120	-3.1	0.012455
120	-3	0.014246
120	-2.9	0.013108
120	-2.8	0.012859
120	-2.7	0.013687
120	-2.6	0.015699
120	-2.5	0.01948
120	-2.4	0.022588
120	-2.3	0.02636
120	-2.2	0.027784
120	-2.1	0.028504
120	-2	0.029151
120	-1.9	0.031227
120	-1.8	0.033209
120	-1.7	0.035517
120	-1.6	0.037298
120	-1.5	0.036853
120	-1.4	0.034972
120	-1.3	0.029756
120	-1.2	0.026943
120	-1.1	0.026372
120	-1	0.030429
120	-0.9	0.035618
120	-0.8	0.043771
120	-0.7	0.052364
120	-0.6	0.058057
120	-0.5	0.058847
120	-0.4	0.054051
120	-0.3	0.049187
120	-0.2	0.038411
120	-0.1	0.030337
120	0	0.022609
120	0.1	0.017285
120	0.2	0.016905
120	0.3	0.017781
120	0.4	0.017549
120	0.5	0.017416
120	0.6	0.019615
120	0.7	0.025189
120	0.8	0.032096
120	0.9	0.037024
120	1	0.043269
120	1.1	0.046809
120	1.2	0.048365
120	1.3	0.046971
120	1.4	0.043598
120	1.5	0.040125
120	1.6	0.036305
120	1.7	0.033072
120	1.8	0.031453
120	1.9	0.030677
120	2	0.030222
120	2.1	0.030013
120	2.2	0.029284
120	2.3	0.028252
120	2.4	0.026824
120	2.5	0.025104
120	2.6	0.023434
120	2.7	0.021732
120	2.8	0.020459
120	2.9	0.019586
120	3	0.018252
120	3.1	0.01761
120	3.2	0.016034
120	3.3	0.0141
120	3.4	0.012352
120	3.5	0.012208
120	3.6	0.010431
120	3.7	0.010993
120	3.8	0.011675
120	3.9	0.011734
120	4	0.011836
130	-4	0.01048
130	-3.9	0.011826
130	-3.8	0.012478
130	-3.7	0.012919
130	-3.6	0.012555
130	-3.5	0.010985
130	-3.4	0.012074
130	-3.3	0.011635
130	-3.2	0.012829
130	-3.1	0.013786
130	-3	0.013919
130	-2.9	0.01404
130	-2.8	0.013213
130	-2.7	0.013408
130	-2.6	0.015286
130	-2.5	0.019276
130	-2.4	0.021025
130	-2.3	0.024357
130	-2.2	0.027162
130	-2.1	0.02925
130	-2	0.030536
130	-1.9	0.032752
130	-1.8	0.034046
130	-1.7	0.036771
130	-1.6	0.038057
130	-1.5	0.038404
130	-1.4	0.037315
130	-1.3	0.033356
130	-1.2	0.029036
130	-1.1	0.028603
130	-1	0.031619
130	-0.9	0.038217
130	-0.8	0.045041
130	-0.7	0.05285
130	-0.6	0.057666
130	-0.5	0.056747
130	-0.4	0.051553
130	-0.3	0.046641
130	-0.2	0.036684
130	-0.1	0.027193
130	0	0.02114
130	0.1	0.016966
130	0.2	0.016792
130	0.3	0.017473
130	0.4	0.016911
130	0.5	0.017128
130	0.6	0.020788
130	0.7	0.026927
130	0.8	0.034507
130	0.9	0.039629
130	1	0.045227
130	1.1	0.047769
130	1.2	0.047971
130	1.3	0.045485
130	1.4	0.042745
130	1.5	0.038638
130	1.6	0.036029
130	1.7	0.033426
130	1.8	0.031276
130	1.9	0.030189
130	2	0.029275
130	2.1	0.028271
130	2.2	0.027566
130	2.3	0.026719
130	2.4	0.025702
130	2.5	0.024453
130	2.6	0.023022
130	2.7	0.020898
130	2.8	0.019043
130	2.9	0.018053
130	3	0.015742
130	3.1	0.014777
130	3.2	0.013101
130	3.3	0.012744
130	3.4	0.01212
130	3.5	0.010992
130	3.6	0.010769
130	3.7	0.0097333
130	3.8	0.010863
130	3.9	0.010842
130	4	0.01103
140	-4	0.011339
140	-3.9	0.011714
140	-3.8	0.011045
140	-3.7	0.010756
140	-3.6	0.010893
140	-3.5	0.010632
140	-3.4	0.01165
140	-3.3	0.012098
140	-3.2	0.013084
140	-3.1	0.012723
140	-3	0.012911
140	-2.9	0.012209
140	-2.8	0.011913
140	-2.7	0.01247
140	-2.6	0.01573
140	-2.5	0.019134
140	-2.4	0.022591
140	-2.3	0.024769
140	-2.2	0.025886
140	-2.1	0.027765
140	-2	0.029292
140	-1.9	0.031794
140	-1.8	0.034534
140	-1.7	0.036189
140	-1.6	0.037926
140	-1.5	0.037122
140	-1.4	0.035982
140	-1.3	0.032225
140	-1.2	0.028908
140	-1.1	0.028795
140	-1	0.032052
140	-0.9	0.039022
140	-0.8	0.048237
140	-0.7	0.054687
140	-0.6	0.059251
140	-0.5	0.059208
140	-0.4	0.053306
140	-0.3	0.045256
140	-0.2	0.034256
140	-0.1	0.026385
140	0	0.019065
140	0.1	0.015663
140	0.2	0.016373
140	0.3	0.017427
140	0.4	0.016433
140	0.5	0.016802
140	0.6	0.019811
140	0.7	0.026628
140	0.8	0.031939
140	0.9	0.041244
140	1	0.04613
140	1.1	0.04829
140	1.2	0.048654
140	1.3	0.046516
140	1.4	0.04292
140	1.5	0.037624
140	1.6	0.034668
140	1.7	0.03203
140	1.8	0.030813
140	1.9	0.030593
140	2	0.028821
140	2.1	0.027875
140	2.2	0.026388
140	2.3	0.02533
140	2.4	0.024849
140	2.5	0.023991
140	2.6	0.023205
140	2.7	0.022415
140	2.8	0.020509
140	2.9	0.018691
140	3	0.015771
140	3.1	0.014017
140	3.2	0.012475
140	3.3	0.012225
140	3.4	0.011382
140	3.5	0.012084
140	3.6	0.011326
140	3.7	0.010689
140	3.8	0.0094793
140	3.9	0.0085846
140	4	0.010229
150	-4	0.011233
150	-3.9	0.011696
150	-3.8	0.011781
150	-3.7	0.011984
150	-3.6	0.011851
150	-3.5	0.011385
150	-3.4	0.010993
150	-3.3	0.012194
150	-3.2	0.012768
150	-3.1	0.013433
150	-3	0.013253
150	-2.9	0.012413
150	-2.8	0.011834
150	-2.7	0.011186
150	-2.6	0.013818
150	-2.5	0.017095
150	-2.4	0.020461
150	-2.3	0.023492
150	-2.2	0.025249
150	-2.1	0.028246
150	-2	0.031229
150	-1.9	0.033988
150	-1.8	0.035747
150	-1.7	0.03849
150	-1.6	0.039611
150	-1.5	0.039188
150	-1.4	0.036436
150	-1.3	0.032609
150	-1.2	0.030622
150	-1.1	0.030778
150	-1	0.035553
150	-0.9	0.042691
150	-0.8	0.048814
150	-0.7	0.05639
150	-0.6	0.058319
150	-0.5	0.056946
150	-0.4	0.049757
150	-0.3	0.041585
150	-0.2	0.03217
150	-0.1	0.023303
150	0	0.018789
150	0.1	0.016785
150	0.2	0.016835
150	0.3	0.016575
150	0.4	0.01627
150	0.5	0.016943
150	0.6	0.021761
150	0.7	0.028608
150	0.8	0.033264
150	0.9	0.039627
150	1	0.044425
150	1.1	0.045821
150	1.2	0.045643
150	1.3	0.043158
150	1.4	0.040614
150	1.5	0.037094
150	1.6	0.034635
150	1.7	0.032828
150	1.8	0.031826
150	1.9	0.030938
150	2	0.029725
150	2.1	0.028665
150	2.2	0.02713
150	2.3	0.026111
150	2.4	0.025754
150	2.5	0.0251
150	2.6	0.023976
150	2.7	0.022449
150	2.8	0.021045
150	2.9	0.018304
150	3	0.016636
150	3.1	0.014554
150	3.2	0.013946
150	3.3	0.01316
150	3.4	0.012506
150	3.5	0.011854
150	3.6	0.011889
150	3.7	0.011959
150	3.8	0.011886
150	3.9	0.011128
150	4	0.010833
160	-4	0.010928
160	-3.9	0.010881
160	-3.8	0.011766
160	-3.7	0.011597
160	-3.6	0.01164
160	-3.5	0.011295
160	-3.4	0.011867
160	-3.3	0.012032
160	-3.2	0.012349
160	-3.1	0.012587
160	-3	0.012766
160	-2.9	0.012413
160	-2.8	0.012371
160	-2.7	0.012705
160	-2.6	0.015198
160	-2.5	0.018062
160	-2.4	0.021057
160	-2.3	0.023578
160	-2.2	0.025593
160	-2.1	0.028436
160	-2	0.031078
160	-1.9	0.034193
160	-1.8	0.036882
160	-1.7	0.038182
160	-1.6	0.03915
160	-1.5	0.037805
160	-1.4	0.034851
160	-1.3	0.032184
160	-1.2	0.030474
160	-1.1	0.031045
160	-1	0.035344
160	-0.9	0.040613
160	-0.8	0.047373
160	-0.7	0.054038
160	-0.6	0.056767
160	-0.5	0.054627
160	-0.4	0.049345
160	-0.3	0.041561
160	-0.2	0.030652
160	-0.1	0.022589
160	0	0.017694
160	0.1	0.016363
160	0.2	0.017091
160	0.3	0.017095
160	0.4	0.015888
160	0.5	0.01692
160	0.6	0.021725
160	0.7	0.02797
160	0.8	0.032992
160	0.9	0.040361
160	1	0.044178
160	1.1	0.045824
160	1.2	0.045315
160	1.3	0.043395
160	1.4	0.03913
160	1.5	0.035796
160	1.6	0.033936
160	1.7	0.032628
160	1.8	0.031687
160	1.9	0.03101
160	2	0.029553
160	2.1	0.028849
160	2.2	0.027926
160	2.3	0.026784
160	2.4	0.026686
160	2.5	0.02527
160	2.6	0.024311
160	2.7	0.022323
160	2.8	0.020041
160	2.9	0.018246
160	3	0.015123
160	3.1	0.013623
160	3.2	0.013113
160	3.3	0.012549
160	3.4	0.011454
160	3.5	0.01082
160	3.6	0.0112
160	3.7	0.010506
160	3.8	0.010339
160	3.9	0.010638
160	4	0.010836
170	-4	0.012546
170	-3.9	0.013306
170	-3.8	0.013758
170	-3.7	0.013671
170	-3.6	0.012122
170	-3.5	0.012126
170	-3.4	0.012118
170	-3.3	0.01322
170	-3.2	0.013246
170	-3.1	0.013907
170	-3	0.013188
170	-2.9	0.012182
170	-2.8	0.01186
170	-2.7	0.013112
170	-2.6	0.01454
170	-2.5	0.018904
170	-2.4	0.022221
170	-2.3	0.023871
170	-2.2	0.026927
170	-2.1	0.028901
170	-2	0.030806
170	-1.9	0.035593
170	-1.8	0.038209
170	-1.7	0.041082
170	-1.6	0.041689
170	-1.5	0.038388
170	-1.4	0.033993
170	-1.3	0.029381
170	-1.2	0.027269
170	-1.1	0.029647
170	-1	0.035211
170	-0.9	0.042084
170	-0.8	0.050132
170	-0.7	0.055599
170	-0.6	0.056682
170	-0.5	0.053301
170	-0.4	0.045336
170	-0.3	0.040303
170	-0.2	0.030946
170	-0.1	0.022754
170	0	0.017284
170	0.1	0.015978
170	0.2	0.016697
170	0.3	0.016708
170	0.4	0.015534
170	0.5	0.018334
170	0.6	0.021909
170	0.7	0.026842
170	0.8	0.033775
170	0.9	0.03986
170	1	0.043011
170	1.1	0.043962
170	1.2	0.042783
170	1.3	0.039704
170	1.4	0.036498
170	1.5	0.034166
170	1.6	0.030852
170	1.7	0.029743
170	1.8	0.028801
170	1.9	0.028539
170	2	0.027756
170	2.1	0.02749
170	2.2	0.026796
170	2.3	0.025897
170	2.4	0.024808
170	2.5	0.023038
170	2.6	0.022382
170	2.7	0.020899
170	2.8	0.018842
170	2.9	0.017839
170	3	0.016111
170	3.1	0.014584
170	3.2	0.014053
170	3.3	0.013453
170	3.4	0.012803
170	3.5	0.011907
170	3.6	0.011213
170	3.7	0.011046
170	3.8	0.010169
170	3.9	0.01146
170	4	0.011836
180	-4	0.011958
180	-3.9	0.013244
180	-3.8	0.01349
180	-3.7	0.013296
180	-3.6	0.01204
180	-3.5	0.01197
180	-3.4	0.011665
180	-3.3	0.012545
180	-3.2	0.01391
180	-3.1	0.013642
180	-3	0.013098
180	-2.9	0.011543
180	-2.8	0.010998
180	-2.7	0.012058
180	-2.6	0.015526
180	-2.5	0.018912
180	-2.4	0.021246
180	-2.3	0.023435
180	-2.2	0.024521
180	-2.1	0.02706
180	-2	0.029799
180	-1.9	0.033465
180	-1.8	0.03813
180	-1.7	0.040448
180	-1.6	0.041231
180	-1.5	0.037993
180	-1.4	0.0328
180	-1.3	0.028379
180	-1.2	0.025658
180	-1.1	0.028279
180	-1	0.03315
180	-0.9	0.04361
180	-0.8	0.050516
180	-0.7	0.055511
180	-0.6	0.055926
180	-0.5	0.051487
180	-0.4	0.043849
180	-0.3	0.036933
180	-0.2	0.028641
180	-0.1	0.020634
180	0	0.016099
180	0.1	0.015592
180	0.2	0.016562
180	0.3	0.016324
180	0.4	0.016268
180	0.5	0.018743
180	0.6	0.023896
180	0.7	0.029557
180	0.8	0.036772
180	0.9	0.040186
180	1	0.043132
180	1.1	0.043261
180	1.2	0.041042
180	1.3	0.0374
180	1.4	0.034275
180	1.5	0.031537
180	1.6	0.029648
180	1.7	0.029162
180	1.8	0.028758
180	1.9	0.028026
180	2	0.027529
180	2.1	0.026825
180	2.2	0.025351
180	2.3	0.024222
180	2.4	0.023609
180	2.5	0.02232
180	2.6	0.021141
180	2.7	0.019355
180	2.8	0.018429
180	2.9	0.016816
180	3	0.014726
180	3.1	0.013541
180	3.2	0.013037
180	3.3	0.012636
180	3.4	0.011901
180	3.5	0.01123
180	3.6	0.010606
180	3.7	0.010148
180	3.8	0.010731
180	3.9	0.011754
180	4	0.011547
 
Uniformity Ratio =0.73825
