08-Jan-2018
8:4
TXR  008018 RM428 R24
33511B Function Generator
SN =Agilent Technologies,33511B,MY52301476,3.05-1.19-2.00-52-00
freq =+9.180000000000000E+06
burstmode =TRIG
burstN =+6.000000000000000E+01
voltage =+1.5000000000000E-01
 
DSO-X 2022A Oscilloscope
SN =AGILENT TECHNOLOGIES,DSO-X 2022A,MY54310921,02.41.2015102200
probe =+1.0000000E+00
scale =+500.0E-09
position =+19.900000E-06
range =+1.60E+00
units =VOLT
points =+2000
pointmode =NORM
format =BYTE
acqtype =NORM
trigsource =EXT
coupling =AC
 
-180	-4	0.0097912
-180	-3.9	0.011352
-180	-3.8	0.012593
-180	-3.7	0.01237
-180	-3.6	0.011448
-180	-3.5	0.0096984
-180	-3.4	0.0078552
-180	-3.3	0.0073712
-180	-3.2	0.0087061
-180	-3.1	0.0090197
-180	-3	0.0094125
-180	-2.9	0.0091443
-180	-2.8	0.0095472
-180	-2.7	0.012196
-180	-2.6	0.017655
-180	-2.5	0.022777
-180	-2.4	0.027053
-180	-2.3	0.02899
-180	-2.2	0.030152
-180	-2.1	0.030776
-180	-2	0.03152
-180	-1.9	0.03293
-180	-1.8	0.033911
-180	-1.7	0.034917
-180	-1.6	0.03422
-180	-1.5	0.029978
-180	-1.4	0.027705
-180	-1.3	0.021559
-180	-1.2	0.019359
-180	-1.1	0.027426
-180	-1	0.034524
-180	-0.9	0.042612
-180	-0.8	0.052645
-180	-0.7	0.057
-180	-0.6	0.058988
-180	-0.5	0.054956
-180	-0.4	0.049134
-180	-0.3	0.043697
-180	-0.2	0.032976
-180	-0.1	0.025816
-180	0	0.016808
-180	0.1	0.013985
-180	0.2	0.013067
-180	0.3	0.014298
-180	0.4	0.016842
-180	0.5	0.020443
-180	0.6	0.024545
-180	0.7	0.028226
-180	0.8	0.035328
-180	0.9	0.039183
-180	1	0.045169
-180	1.1	0.047239
-180	1.2	0.049639
-180	1.3	0.048924
-180	1.4	0.04541
-180	1.5	0.041796
-180	1.6	0.03881
-180	1.7	0.031448
-180	1.8	0.027743
-180	1.9	0.025118
-180	2	0.02586
-180	2.1	0.027371
-180	2.2	0.027949
-180	2.3	0.027836
-180	2.4	0.026656
-180	2.5	0.024426
-180	2.6	0.02243
-180	2.7	0.020912
-180	2.8	0.020284
-180	2.9	0.019317
-180	3	0.01837
-180	3.1	0.017595
-180	3.2	0.015646
-180	3.3	0.012982
-180	3.4	0.011461
-180	3.5	0.010311
-180	3.6	0.010008
-180	3.7	0.0098652
-180	3.8	0.010365
-180	3.9	0.0096029
-180	4	0.0092427
-170	-4	0.0091761
-170	-3.9	0.0099484
-170	-3.8	0.011118
-170	-3.7	0.011495
-170	-3.6	0.011537
-170	-3.5	0.010392
-170	-3.4	0.0079391
-170	-3.3	0.0070507
-170	-3.2	0.0075145
-170	-3.1	0.0083091
-170	-3	0.0092585
-170	-2.9	0.0099582
-170	-2.8	0.011191
-170	-2.7	0.01231
-170	-2.6	0.016195
-170	-2.5	0.021128
-170	-2.4	0.026128
-170	-2.3	0.028713
-170	-2.2	0.032564
-170	-2.1	0.034397
-170	-2	0.035037
-170	-1.9	0.034647
-170	-1.8	0.033975
-170	-1.7	0.033189
-170	-1.6	0.031647
-170	-1.5	0.029561
-170	-1.4	0.02633
-170	-1.3	0.022042
-170	-1.2	0.021202
-170	-1.1	0.024339
-170	-1	0.032402
-170	-0.9	0.038904
-170	-0.8	0.048883
-170	-0.7	0.054534
-170	-0.6	0.056624
-170	-0.5	0.055148
-170	-0.4	0.050267
-170	-0.3	0.043279
-170	-0.2	0.035174
-170	-0.1	0.028653
-170	0	0.021526
-170	0.1	0.014745
-170	0.2	0.011771
-170	0.3	0.011892
-170	0.4	0.01359
-170	0.5	0.016426
-170	0.6	0.021322
-170	0.7	0.028959
-170	0.8	0.035534
-170	0.9	0.041641
-170	1	0.045259
-170	1.1	0.04973
-170	1.2	0.050919
-170	1.3	0.049852
-170	1.4	0.045421
-170	1.5	0.040073
-170	1.6	0.034602
-170	1.7	0.029804
-170	1.8	0.026423
-170	1.9	0.025234
-170	2	0.025647
-170	2.1	0.026429
-170	2.2	0.025488
-170	2.3	0.023271
-170	2.4	0.021639
-170	2.5	0.020354
-170	2.6	0.019526
-170	2.7	0.01968
-170	2.8	0.01958
-170	2.9	0.018424
-170	3	0.01744
-170	3.1	0.015506
-170	3.2	0.01102
-170	3.3	0.0099728
-170	3.4	0.0077433
-170	3.5	0.0078449
-170	3.6	0.0086165
-170	3.7	0.0091584
-170	3.8	0.0088113
-170	3.9	0.0078572
-170	4	0.0070024
-160	-4	0.009581
-160	-3.9	0.0098865
-160	-3.8	0.010092
-160	-3.7	0.010293
-160	-3.6	0.010013
-160	-3.5	0.0095116
-160	-3.4	0.0087339
-160	-3.3	0.0075979
-160	-3.2	0.0076783
-160	-3.1	0.0079635
-160	-3	0.0088643
-160	-2.9	0.01056
-160	-2.8	0.012889
-160	-2.7	0.01542
-160	-2.6	0.018005
-160	-2.5	0.023031
-160	-2.4	0.025539
-160	-2.3	0.028407
-160	-2.2	0.029847
-160	-2.1	0.03187
-160	-2	0.03285
-160	-1.9	0.033535
-160	-1.8	0.032986
-160	-1.7	0.031605
-160	-1.6	0.028218
-160	-1.5	0.024375
-160	-1.4	0.020095
-160	-1.3	0.017259
-160	-1.2	0.018732
-160	-1.1	0.025461
-160	-1	0.036134
-160	-0.9	0.042836
-160	-0.8	0.050764
-160	-0.7	0.055331
-160	-0.6	0.055375
-160	-0.5	0.052985
-160	-0.4	0.0485
-160	-0.3	0.040062
-160	-0.2	0.033757
-160	-0.1	0.024941
-160	0	0.018483
-160	0.1	0.013559
-160	0.2	0.010946
-160	0.3	0.010707
-160	0.4	0.012741
-160	0.5	0.016143
-160	0.6	0.019415
-160	0.7	0.028565
-160	0.8	0.033756
-160	0.9	0.039275
-160	1	0.04337
-160	1.1	0.048279
-160	1.2	0.049117
-160	1.3	0.047632
-160	1.4	0.044731
-160	1.5	0.03884
-160	1.6	0.033546
-160	1.7	0.029076
-160	1.8	0.026564
-160	1.9	0.025734
-160	2	0.026698
-160	2.1	0.026984
-160	2.2	0.026606
-160	2.3	0.025579
-160	2.4	0.023071
-160	2.5	0.020918
-160	2.6	0.020853
-160	2.7	0.019668
-160	2.8	0.018734
-160	2.9	0.017952
-160	3	0.016384
-160	3.1	0.013811
-160	3.2	0.010016
-160	3.3	0.0083846
-160	3.4	0.0076445
-160	3.5	0.0079085
-160	3.6	0.0089766
-160	3.7	0.0085789
-160	3.8	0.0080883
-160	3.9	0.0072183
-160	4	0.0066496
-150	-4	0.011007
-150	-3.9	0.011814
-150	-3.8	0.011184
-150	-3.7	0.010154
-150	-3.6	0.0094844
-150	-3.5	0.0086801
-150	-3.4	0.0087635
-150	-3.3	0.0095167
-150	-3.2	0.0095048
-150	-3.1	0.0090662
-150	-3	0.0081599
-150	-2.9	0.0079166
-150	-2.8	0.012496
-150	-2.7	0.017323
-150	-2.6	0.022951
-150	-2.5	0.026226
-150	-2.4	0.029367
-150	-2.3	0.031684
-150	-2.2	0.031982
-150	-2.1	0.032351
-150	-2	0.033198
-150	-1.9	0.034118
-150	-1.8	0.035418
-150	-1.7	0.034777
-150	-1.6	0.031163
-150	-1.5	0.025378
-150	-1.4	0.021042
-150	-1.3	0.016952
-150	-1.2	0.01803
-150	-1.1	0.027081
-150	-1	0.037494
-150	-0.9	0.046128
-150	-0.8	0.052833
-150	-0.7	0.055568
-150	-0.6	0.053902
-150	-0.5	0.051331
-150	-0.4	0.044871
-150	-0.3	0.035048
-150	-0.2	0.027905
-150	-0.1	0.022857
-150	0	0.016238
-150	0.1	0.013189
-150	0.2	0.011474
-150	0.3	0.011881
-150	0.4	0.014808
-150	0.5	0.017741
-150	0.6	0.023122
-150	0.7	0.028401
-150	0.8	0.03368
-150	0.9	0.038773
-150	1	0.041311
-150	1.1	0.044753
-150	1.2	0.045507
-150	1.3	0.043915
-150	1.4	0.040988
-150	1.5	0.037036
-150	1.6	0.029398
-150	1.7	0.025845
-150	1.8	0.022647
-150	1.9	0.022914
-150	2	0.023973
-150	2.1	0.025836
-150	2.2	0.026156
-150	2.3	0.024494
-150	2.4	0.023484
-150	2.5	0.02131
-150	2.6	0.019509
-150	2.7	0.018313
-150	2.8	0.017615
-150	2.9	0.01742
-150	3	0.016185
-150	3.1	0.015429
-150	3.2	0.012265
-150	3.3	0.010778
-150	3.4	0.0096733
-150	3.5	0.009234
-150	3.6	0.0089369
-150	3.7	0.0087117
-150	3.8	0.0088314
-150	3.9	0.0080743
-150	4	0.0079533
-140	-4	0.0095574
-140	-3.9	0.010586
-140	-3.8	0.010789
-140	-3.7	0.0091036
-140	-3.6	0.0073887
-140	-3.5	0.0063334
-140	-3.4	0.0069188
-140	-3.3	0.0077286
-140	-3.2	0.0091602
-140	-3.1	0.0092182
-140	-3	0.0072918
-140	-2.9	0.0067053
-140	-2.8	0.0099159
-140	-2.7	0.014763
-140	-2.6	0.021604
-140	-2.5	0.027005
-140	-2.4	0.028836
-140	-2.3	0.029179
-140	-2.2	0.029013
-140	-2.1	0.029036
-140	-2	0.029292
-140	-1.9	0.03025
-140	-1.8	0.032092
-140	-1.7	0.030874
-140	-1.6	0.02973
-140	-1.5	0.024123
-140	-1.4	0.017382
-140	-1.3	0.015357
-140	-1.2	0.021818
-140	-1.1	0.030299
-140	-1	0.043734
-140	-0.9	0.050158
-140	-0.8	0.057994
-140	-0.7	0.059021
-140	-0.6	0.057076
-140	-0.5	0.049546
-140	-0.4	0.042788
-140	-0.3	0.035865
-140	-0.2	0.026379
-140	-0.1	0.015887
-140	0	0.012031
-140	0.1	0.009735
-140	0.2	0.0095337
-140	0.3	0.011296
-140	0.4	0.01619
-140	0.5	0.018087
-140	0.6	0.024382
-140	0.7	0.030702
-140	0.8	0.037967
-140	0.9	0.041219
-140	1	0.043524
-140	1.1	0.043951
-140	1.2	0.042345
-140	1.3	0.038394
-140	1.4	0.035594
-140	1.5	0.033754
-140	1.6	0.028127
-140	1.7	0.025776
-140	1.8	0.024311
-140	1.9	0.02384
-140	2	0.024431
-140	2.1	0.024752
-140	2.2	0.024795
-140	2.3	0.024234
-140	2.4	0.02329
-140	2.5	0.022816
-140	2.6	0.020915
-140	2.7	0.018957
-140	2.8	0.01749
-140	2.9	0.016148
-140	3	0.014541
-140	3.1	0.013525
-140	3.2	0.011077
-140	3.3	0.010522
-140	3.4	0.0092672
-140	3.5	0.0082681
-140	3.6	0.007849
-140	3.7	0.0084918
-140	3.8	0.0084326
-140	3.9	0.0082466
-140	4	0.0088003
-130	-4	0.011285
-130	-3.9	0.01251
-130	-3.8	0.012819
-130	-3.7	0.010727
-130	-3.6	0.0087708
-130	-3.5	0.0072339
-130	-3.4	0.0070552
-130	-3.3	0.0088204
-130	-3.2	0.0092759
-130	-3.1	0.0093332
-130	-3	0.0078634
-130	-2.9	0.0068601
-130	-2.8	0.0098521
-130	-2.7	0.015336
-130	-2.6	0.021337
-130	-2.5	0.0249
-130	-2.4	0.028428
-130	-2.3	0.029504
-130	-2.2	0.030599
-130	-2.1	0.032457
-130	-2	0.034273
-130	-1.9	0.037795
-130	-1.8	0.038635
-130	-1.7	0.037731
-130	-1.6	0.032949
-130	-1.5	0.028369
-130	-1.4	0.019779
-130	-1.3	0.017985
-130	-1.2	0.027587
-130	-1.1	0.037285
-130	-1	0.049731
-130	-0.9	0.055994
-130	-0.8	0.060822
-130	-0.7	0.061313
-130	-0.6	0.056964
-130	-0.5	0.049614
-130	-0.4	0.039894
-130	-0.3	0.031382
-130	-0.2	0.021452
-130	-0.1	0.013969
-130	0	0.011018
-130	0.1	0.010219
-130	0.2	0.010542
-130	0.3	0.013003
-130	0.4	0.016578
-130	0.5	0.023705
-130	0.6	0.031794
-130	0.7	0.036677
-130	0.8	0.040714
-130	0.9	0.044308
-130	1	0.045076
-130	1.1	0.044794
-130	1.2	0.042215
-130	1.3	0.038616
-130	1.4	0.035309
-130	1.5	0.032033
-130	1.6	0.028019
-130	1.7	0.027348
-130	1.8	0.024487
-130	1.9	0.024066
-130	2	0.023487
-130	2.1	0.022907
-130	2.2	0.022383
-130	2.3	0.02228
-130	2.4	0.02201
-130	2.5	0.021806
-130	2.6	0.019721
-130	2.7	0.017679
-130	2.8	0.016022
-130	2.9	0.013838
-130	3	0.012094
-130	3.1	0.0099338
-130	3.2	0.0089297
-130	3.3	0.0084728
-130	3.4	0.0092059
-130	3.5	0.008227
-130	3.6	0.0072785
-130	3.7	0.0071123
-130	3.8	0.0063766
-130	3.9	0.0062409
-130	4	0.0061836
-120	-4	0.0088168
-120	-3.9	0.010718
-120	-3.8	0.011326
-120	-3.7	0.01173
-120	-3.6	0.010747
-120	-3.5	0.0083518
-120	-3.4	0.0078201
-120	-3.3	0.0072205
-120	-3.2	0.0081142
-120	-3.1	0.0088588
-120	-3	0.0084518
-120	-2.9	0.0078654
-120	-2.8	0.010736
-120	-2.7	0.016187
-120	-2.6	0.018785
-120	-2.5	0.025961
-120	-2.4	0.029856
-120	-2.3	0.032008
-120	-2.2	0.034365
-120	-2.1	0.034898
-120	-2	0.036031
-120	-1.9	0.036764
-120	-1.8	0.036324
-120	-1.7	0.034049
-120	-1.6	0.028806
-120	-1.5	0.025055
-120	-1.4	0.019754
-120	-1.3	0.021303
-120	-1.2	0.027468
-120	-1.1	0.037329
-120	-1	0.050916
-120	-0.9	0.059075
-120	-0.8	0.061287
-120	-0.7	0.060811
-120	-0.6	0.055182
-120	-0.5	0.050634
-120	-0.4	0.035439
-120	-0.3	0.031423
-120	-0.2	0.021814
-120	-0.1	0.014918
-120	0	0.012192
-120	0.1	0.0098865
-120	0.2	0.010378
-120	0.3	0.014097
-120	0.4	0.018839
-120	0.5	0.024234
-120	0.6	0.033258
-120	0.7	0.036268
-120	0.8	0.040958
-120	0.9	0.044846
-120	1	0.04611
-120	1.1	0.046243
-120	1.2	0.044333
-120	1.3	0.041464
-120	1.4	0.0372
-120	1.5	0.032888
-120	1.6	0.027911
-120	1.7	0.026658
-120	1.8	0.025537
-120	1.9	0.026436
-120	2	0.027444
-120	2.1	0.028124
-120	2.2	0.027117
-120	2.3	0.024988
-120	2.4	0.023517
-120	2.5	0.022443
-120	2.6	0.019984
-120	2.7	0.017871
-120	2.8	0.01691
-120	2.9	0.015165
-120	3	0.012882
-120	3.1	0.0093141
-120	3.2	0.0084823
-120	3.3	0.0077849
-120	3.4	0.0088406
-120	3.5	0.009778
-120	3.6	0.0098979
-120	3.7	0.0092916
-120	3.8	0.0084115
-120	3.9	0.0076424
-120	4	0.0083807
-110	-4	0.012099
-110	-3.9	0.012496
-110	-3.8	0.011213
-110	-3.7	0.010016
-110	-3.6	0.0081401
-110	-3.5	0.0079594
-110	-3.4	0.0077973
-110	-3.3	0.0077077
-110	-3.2	0.0074692
-110	-3.1	0.0070323
-110	-3	0.0075381
-110	-2.9	0.010777
-110	-2.8	0.014513
-110	-2.7	0.019457
-110	-2.6	0.022387
-110	-2.5	0.025272
-110	-2.4	0.027343
-110	-2.3	0.02816
-110	-2.2	0.029765
-110	-2.1	0.033372
-110	-2	0.036368
-110	-1.9	0.039297
-110	-1.8	0.039257
-110	-1.7	0.035246
-110	-1.6	0.028357
-110	-1.5	0.020399
-110	-1.4	0.019064
-110	-1.3	0.021997
-110	-1.2	0.034159
-110	-1.1	0.04581
-110	-1	0.053195
-110	-0.9	0.060287
-110	-0.8	0.062574
-110	-0.7	0.059082
-110	-0.6	0.052179
-110	-0.5	0.042552
-110	-0.4	0.033286
-110	-0.3	0.024345
-110	-0.2	0.016219
-110	-0.1	0.012212
-110	0	0.011557
-110	0.1	0.010951
-110	0.2	0.012496
-110	0.3	0.015265
-110	0.4	0.022654
-110	0.5	0.029464
-110	0.6	0.036978
-110	0.7	0.041609
-110	0.8	0.044224
-110	0.9	0.045206
-110	1	0.043778
-110	1.1	0.041455
-110	1.2	0.038457
-110	1.3	0.035826
-110	1.4	0.03332
-110	1.5	0.03143
-110	1.6	0.030766
-110	1.7	0.029449
-110	1.8	0.028581
-110	1.9	0.028302
-110	2	0.028542
-110	2.1	0.028059
-110	2.2	0.027796
-110	2.3	0.025564
-110	2.4	0.024256
-110	2.5	0.021719
-110	2.6	0.019643
-110	2.7	0.018254
-110	2.8	0.017319
-110	2.9	0.016469
-110	3	0.015394
-110	3.1	0.014085
-110	3.2	0.011519
-110	3.3	0.0095624
-110	3.4	0.0093246
-110	3.5	0.0097945
-110	3.6	0.010893
-110	3.7	0.011417
-110	3.8	0.011416
-110	3.9	0.010805
-110	4	0.0099159
-100	-4	0.0099094
-100	-3.9	0.010638
-100	-3.8	0.0099387
-100	-3.7	0.0082837
-100	-3.6	0.0075188
-100	-3.5	0.0066787
-100	-3.4	0.0069584
-100	-3.3	0.0077683
-100	-3.2	0.0083382
-100	-3.1	0.0070392
-100	-3	0.0071032
-100	-2.9	0.011236
-100	-2.8	0.014934
-100	-2.7	0.020378
-100	-2.6	0.024787
-100	-2.5	0.028451
-100	-2.4	0.031514
-100	-2.3	0.032225
-100	-2.2	0.033065
-100	-2.1	0.033817
-100	-2	0.035328
-100	-1.9	0.03643
-100	-1.8	0.035885
-100	-1.7	0.033273
-100	-1.6	0.028107
-100	-1.5	0.021676
-100	-1.4	0.021028
-100	-1.3	0.028982
-100	-1.2	0.035162
-100	-1.1	0.048448
-100	-1	0.059181
-100	-0.9	0.064159
-100	-0.8	0.064112
-100	-0.7	0.060244
-100	-0.6	0.052603
-100	-0.5	0.041575
-100	-0.4	0.032536
-100	-0.3	0.020397
-100	-0.2	0.014783
-100	-0.1	0.011301
-100	0	0.011052
-100	0.1	0.01117
-100	0.2	0.013237
-100	0.3	0.020275
-100	0.4	0.026881
-100	0.5	0.031829
-100	0.6	0.041717
-100	0.7	0.045909
-100	0.8	0.047924
-100	0.9	0.047151
-100	1	0.04607
-100	1.1	0.043368
-100	1.2	0.038535
-100	1.3	0.035319
-100	1.4	0.03262
-100	1.5	0.030949
-100	1.6	0.028516
-100	1.7	0.026901
-100	1.8	0.025915
-100	1.9	0.024836
-100	2	0.024961
-100	2.1	0.024528
-100	2.2	0.023364
-100	2.3	0.022713
-100	2.4	0.021464
-100	2.5	0.01902
-100	2.6	0.016166
-100	2.7	0.014821
-100	2.8	0.012786
-100	2.9	0.012067
-100	3	0.01068
-100	3.1	0.0090893
-100	3.2	0.0078015
-100	3.3	0.0077973
-100	3.4	0.0070735
-100	3.5	0.0068365
-100	3.6	0.0067652
-100	3.7	0.0070713
-100	3.8	0.0079105
-100	3.9	0.0079064
-100	4	0.0087708
-90	-4	0.01207
-90	-3.9	0.011496
-90	-3.8	0.0086633
-90	-3.7	0.0076488
-90	-3.6	0.006522
-90	-3.5	0.0082544
-90	-3.4	0.00988
-90	-3.3	0.010122
-90	-3.2	0.009581
-90	-3.1	0.0067915
-90	-3	0.0081003
-90	-2.9	0.012782
-90	-2.8	0.01862
-90	-2.7	0.022787
-90	-2.6	0.028715
-90	-2.5	0.030438
-90	-2.4	0.031292
-90	-2.3	0.033598
-90	-2.2	0.034735
-90	-2.1	0.037947
-90	-2	0.039854
-90	-1.9	0.041489
-90	-1.8	0.039884
-90	-1.7	0.035003
-90	-1.6	0.028461
-90	-1.5	0.021898
-90	-1.4	0.023068
-90	-1.3	0.030491
-90	-1.2	0.043922
-90	-1.1	0.052748
-90	-1	0.058562
-90	-0.9	0.063427
-90	-0.8	0.063252
-90	-0.7	0.056903
-90	-0.6	0.049622
-90	-0.5	0.038067
-90	-0.4	0.032727
-90	-0.3	0.021696
-90	-0.2	0.015917
-90	-0.1	0.014289
-90	0	0.013529
-90	0.1	0.015374
-90	0.2	0.018371
-90	0.3	0.025224
-90	0.4	0.03105
-90	0.5	0.036627
-90	0.6	0.041156
-90	0.7	0.044283
-90	0.8	0.045931
-90	0.9	0.046408
-90	1	0.046273
-90	1.1	0.043545
-90	1.2	0.041517
-90	1.3	0.039449
-90	1.4	0.035444
-90	1.5	0.03335
-90	1.6	0.030151
-90	1.7	0.029028
-90	1.8	0.028922
-90	1.9	0.030256
-90	2	0.030191
-90	2.1	0.029916
-90	2.2	0.027921
-90	2.3	0.026336
-90	2.4	0.022619
-90	2.5	0.021004
-90	2.6	0.019405
-90	2.7	0.017961
-90	2.8	0.016886
-90	2.9	0.015494
-90	3	0.013017
-90	3.1	0.012196
-90	3.2	0.0111
-90	3.3	0.010164
-90	3.4	0.010759
-90	3.5	0.011256
-90	3.6	0.011405
-90	3.7	0.011284
-90	3.8	0.011732
-90	3.9	0.011889
-90	4	0.01143
-80	-4	0.0086409
-80	-3.9	0.0081401
-80	-3.8	0.0072629
-80	-3.7	0.0070231
-80	-3.6	0.0071168
-80	-3.5	0.0075166
-80	-3.4	0.0075338
-80	-3.3	0.0079289
-80	-3.2	0.0072496
-80	-3.1	0.0077286
-80	-3	0.010145
-80	-2.9	0.015611
-80	-2.8	0.020367
-80	-2.7	0.024914
-80	-2.6	0.02859
-80	-2.5	0.031017
-80	-2.4	0.032634
-80	-2.3	0.034537
-80	-2.2	0.03555
-80	-2.1	0.037587
-80	-2	0.038513
-80	-1.9	0.038191
-80	-1.8	0.035883
-80	-1.7	0.031491
-80	-1.6	0.025145
-80	-1.5	0.021641
-80	-1.4	0.025751
-80	-1.3	0.033372
-80	-1.2	0.043197
-80	-1.1	0.055783
-80	-1	0.060813
-80	-0.9	0.062459
-80	-0.8	0.059859
-80	-0.7	0.052228
-80	-0.6	0.046897
-80	-0.5	0.037739
-80	-0.4	0.02684
-80	-0.3	0.020396
-80	-0.2	0.015941
-80	-0.1	0.013965
-80	0	0.012922
-80	0.1	0.014796
-80	0.2	0.019393
-80	0.3	0.026017
-80	0.4	0.034737
-80	0.5	0.040562
-80	0.6	0.045466
-80	0.7	0.048612
-80	0.8	0.049002
-80	0.9	0.048066
-80	1	0.045889
-80	1.1	0.041601
-80	1.2	0.039946
-80	1.3	0.037863
-80	1.4	0.036348
-80	1.5	0.035667
-80	1.6	0.03469
-80	1.7	0.033304
-80	1.8	0.03253
-80	1.9	0.03149
-80	2	0.030105
-80	2.1	0.028557
-80	2.2	0.027493
-80	2.3	0.026645
-80	2.4	0.024145
-80	2.5	0.020932
-80	2.6	0.017975
-80	2.7	0.016404
-80	2.8	0.014727
-80	2.9	0.012542
-80	3	0.010973
-80	3.1	0.010662
-80	3.2	0.010772
-80	3.3	0.011344
-80	3.4	0.011669
-80	3.5	0.011155
-80	3.6	0.010592
-80	3.7	0.01048
-80	3.8	0.010132
-80	3.9	0.01042
-80	4	0.010396
-70	-4	0.0091919
-70	-3.9	0.0093885
-70	-3.8	0.0085487
-70	-3.7	0.0076466
-70	-3.6	0.0063053
-70	-3.5	0.0070461
-70	-3.4	0.0085676
-70	-3.3	0.010194
-70	-3.2	0.010722
-70	-3.1	0.0098701
-70	-3	0.010398
-70	-2.9	0.013294
-70	-2.8	0.020846
-70	-2.7	0.024357
-70	-2.6	0.030049
-70	-2.5	0.034458
-70	-2.4	0.036775
-70	-2.3	0.036433
-70	-2.2	0.034798
-70	-2.1	0.034024
-70	-2	0.033869
-70	-1.9	0.033954
-70	-1.8	0.033404
-70	-1.7	0.031933
-70	-1.6	0.028
-70	-1.5	0.026124
-70	-1.4	0.028111
-70	-1.3	0.03687
-70	-1.2	0.043373
-70	-1.1	0.049596
-70	-1	0.058517
-70	-0.9	0.061864
-70	-0.8	0.060314
-70	-0.7	0.055687
-70	-0.6	0.048143
-70	-0.5	0.036457
-70	-0.4	0.026813
-70	-0.3	0.019823
-70	-0.2	0.016634
-70	-0.1	0.013242
-70	0	0.013578
-70	0.1	0.015232
-70	0.2	0.019962
-70	0.3	0.026881
-70	0.4	0.035036
-70	0.5	0.044625
-70	0.6	0.048575
-70	0.7	0.051775
-70	0.8	0.051589
-70	0.9	0.049304
-70	1	0.046524
-70	1.1	0.043163
-70	1.2	0.039396
-70	1.3	0.037335
-70	1.4	0.035027
-70	1.5	0.034351
-70	1.6	0.03248
-70	1.7	0.030813
-70	1.8	0.02974
-70	1.9	0.028882
-70	2	0.028542
-70	2.1	0.02709
-70	2.2	0.02459
-70	2.3	0.023678
-70	2.4	0.020145
-70	2.5	0.01816
-70	2.6	0.014982
-70	2.7	0.012981
-70	2.8	0.011607
-70	2.9	0.010971
-70	3	0.010384
-70	3.1	0.0090733
-70	3.2	0.0086745
-70	3.3	0.0080221
-70	3.4	0.0078737
-70	3.5	0.0083246
-70	3.6	0.0084173
-70	3.7	0.008012
-70	3.8	0.0081599
-70	3.9	0.0084365
-70	4	0.0080261
-60	-4	0.010086
-60	-3.9	0.0097698
-60	-3.8	0.008274
-60	-3.7	0.0061601
-60	-3.6	0.0067962
-60	-3.5	0.0087947
-60	-3.4	0.010427
-60	-3.3	0.011585
-60	-3.2	0.011973
-60	-3.1	0.012941
-60	-3	0.014291
-60	-2.9	0.019927
-60	-2.8	0.022829
-60	-2.7	0.027072
-60	-2.6	0.030964
-60	-2.5	0.03385
-60	-2.4	0.035425
-60	-2.3	0.036487
-60	-2.2	0.036746
-60	-2.1	0.036962
-60	-2	0.036315
-60	-1.9	0.035027
-60	-1.8	0.031495
-60	-1.7	0.027644
-60	-1.6	0.024467
-60	-1.5	0.023782
-60	-1.4	0.028844
-60	-1.3	0.037787
-60	-1.2	0.047105
-60	-1.1	0.052623
-60	-1	0.057323
-60	-0.9	0.058809
-60	-0.8	0.055665
-60	-0.7	0.051812
-60	-0.6	0.043458
-60	-0.5	0.037431
-60	-0.4	0.031595
-60	-0.3	0.023355
-60	-0.2	0.019105
-60	-0.1	0.016761
-60	0	0.016908
-60	0.1	0.020288
-60	0.2	0.025864
-60	0.3	0.03236
-60	0.4	0.039422
-60	0.5	0.041879
-60	0.6	0.045805
-60	0.7	0.048161
-60	0.8	0.048428
-60	0.9	0.047839
-60	1	0.04689
-60	1.1	0.044476
-60	1.2	0.041737
-60	1.3	0.039982
-60	1.4	0.035997
-60	1.5	0.033929
-60	1.6	0.032774
-60	1.7	0.032461
-60	1.8	0.032825
-60	1.9	0.03327
-60	2	0.032262
-60	2.1	0.0301
-60	2.2	0.026723
-60	2.3	0.022503
-60	2.4	0.020797
-60	2.5	0.017742
-60	2.6	0.015949
-60	2.7	0.014893
-60	2.8	0.013714
-60	2.9	0.01303
-60	3	0.011136
-60	3.1	0.0093211
-60	3.2	0.0088534
-60	3.3	0.0099419
-60	3.4	0.011704
-60	3.5	0.011752
-60	3.6	0.01142
-60	3.7	0.010033
-60	3.8	0.0097863
-60	3.9	0.010189
-60	4	0.01067
-50	-4	0.0089424
-50	-3.9	0.0075851
-50	-3.8	0.0063385
-50	-3.7	0.0060915
-50	-3.6	0.008373
-50	-3.5	0.0096549
-50	-3.4	0.0097366
-50	-3.3	0.010818
-50	-3.2	0.012087
-50	-3.1	0.014253
-50	-3	0.016523
-50	-2.9	0.019724
-50	-2.8	0.023848
-50	-2.7	0.027668
-50	-2.6	0.030874
-50	-2.5	0.032068
-50	-2.4	0.034349
-50	-2.3	0.035849
-50	-2.2	0.037176
-50	-2.1	0.037761
-50	-2	0.036468
-50	-1.9	0.034707
-50	-1.8	0.029244
-50	-1.7	0.026572
-50	-1.6	0.02241
-50	-1.5	0.023518
-50	-1.4	0.032162
-50	-1.3	0.035649
-50	-1.2	0.049662
-50	-1.1	0.053716
-50	-1	0.056605
-50	-0.9	0.056829
-50	-0.8	0.052721
-50	-0.7	0.046996
-50	-0.6	0.038116
-50	-0.5	0.03248
-50	-0.4	0.026879
-50	-0.3	0.023026
-50	-0.2	0.020854
-50	-0.1	0.019687
-50	0	0.02032
-50	0.1	0.022442
-50	0.2	0.027272
-50	0.3	0.032894
-50	0.4	0.038553
-50	0.5	0.04107
-50	0.6	0.045139
-50	0.7	0.047061
-50	0.8	0.046775
-50	0.9	0.044723
-50	1	0.043259
-50	1.1	0.040502
-50	1.2	0.03797
-50	1.3	0.03459
-50	1.4	0.033642
-50	1.5	0.033217
-50	1.6	0.033368
-50	1.7	0.033182
-50	1.8	0.032971
-50	1.9	0.032438
-50	2	0.030463
-50	2.1	0.027666
-50	2.2	0.025451
-50	2.3	0.023993
-50	2.4	0.022276
-50	2.5	0.020844
-50	2.6	0.019547
-50	2.7	0.01717
-50	2.8	0.01466
-50	2.9	0.012431
-50	3	0.010909
-50	3.1	0.010744
-50	3.2	0.011206
-50	3.3	0.012009
-50	3.4	0.012621
-50	3.5	0.012082
-50	3.6	0.011291
-50	3.7	0.010249
-50	3.8	0.010908
-50	3.9	0.011693
-50	4	0.011791
-40	-4	0.0091496
-40	-3.9	0.0075338
-40	-3.8	0.0069769
-40	-3.7	0.007336
-40	-3.6	0.0092619
-40	-3.5	0.011744
-40	-3.4	0.012389
-40	-3.3	0.012244
-40	-3.2	0.012275
-40	-3.1	0.013554
-40	-3	0.016991
-40	-2.9	0.02275
-40	-2.8	0.026025
-40	-2.7	0.031025
-40	-2.6	0.033757
-40	-2.5	0.034255
-40	-2.4	0.033023
-40	-2.3	0.032582
-40	-2.2	0.031589
-40	-2.1	0.032302
-40	-2	0.033554
-40	-1.9	0.033596
-40	-1.8	0.030885
-40	-1.7	0.026114
-40	-1.6	0.02251
-40	-1.5	0.021326
-40	-1.4	0.026785
-40	-1.3	0.039422
-40	-1.2	0.048978
-40	-1.1	0.0535
-40	-1	0.058065
-40	-0.9	0.057766
-40	-0.8	0.054471
-40	-0.7	0.049354
-40	-0.6	0.042046
-40	-0.5	0.033612
-40	-0.4	0.028657
-40	-0.3	0.024072
-40	-0.2	0.020232
-40	-0.1	0.019085
-40	0	0.02165
-40	0.1	0.024446
-40	0.2	0.028821
-40	0.3	0.036419
-40	0.4	0.043431
-40	0.5	0.048262
-40	0.6	0.049632
-40	0.7	0.050153
-40	0.8	0.048034
-40	0.9	0.045792
-40	1	0.04091
-40	1.1	0.038434
-40	1.2	0.034847
-40	1.3	0.031673
-40	1.4	0.030397
-40	1.5	0.030413
-40	1.6	0.030332
-40	1.7	0.029987
-40	1.8	0.029149
-40	1.9	0.029
-40	2	0.028202
-40	2.1	0.025343
-40	2.2	0.023411
-40	2.3	0.021779
-40	2.4	0.020606
-40	2.5	0.01941
-40	2.6	0.017786
-40	2.7	0.015503
-40	2.8	0.014312
-40	2.9	0.011178
-40	3	0.0096365
-40	3.1	0.0089369
-40	3.2	0.0088223
-40	3.3	0.0091461
-40	3.4	0.0098832
-40	3.5	0.009554
-40	3.6	0.0092077
-40	3.7	0.0085827
-40	3.8	0.0086558
-40	3.9	0.0094417
-40	4	0.010318
-30	-4	0.0093885
-30	-3.9	0.0085146
-30	-3.8	0.0062796
-30	-3.7	0.0054679
-30	-3.6	0.0067028
-30	-3.5	0.0097764
-30	-3.4	0.011302
-30	-3.3	0.011475
-30	-3.2	0.011315
-30	-3.1	0.011465
-30	-3	0.016421
-30	-2.9	0.021348
-30	-2.8	0.027683
-30	-2.7	0.031114
-30	-2.6	0.035071
-30	-2.5	0.035062
-30	-2.4	0.033825
-30	-2.3	0.032145
-30	-2.2	0.032588
-30	-2.1	0.0343
-30	-2	0.035598
-30	-1.9	0.035215
-30	-1.8	0.031878
-30	-1.7	0.026573
-30	-1.6	0.024793
-30	-1.5	0.023755
-30	-1.4	0.027486
-30	-1.3	0.038865
-30	-1.2	0.046642
-30	-1.1	0.052763
-30	-1	0.056342
-30	-0.9	0.057452
-30	-0.8	0.055243
-30	-0.7	0.048382
-30	-0.6	0.040092
-30	-0.5	0.036659
-30	-0.4	0.028612
-30	-0.3	0.022128
-30	-0.2	0.018806
-30	-0.1	0.019011
-30	0	0.022127
-30	0.1	0.028715
-30	0.2	0.032445
-30	0.3	0.037406
-30	0.4	0.0428
-30	0.5	0.04479
-30	0.6	0.04712
-30	0.7	0.046975
-30	0.8	0.045314
-30	0.9	0.044546
-30	1	0.042098
-30	1.1	0.039371
-30	1.2	0.034108
-30	1.3	0.03151
-30	1.4	0.028815
-30	1.5	0.027585
-30	1.6	0.027854
-30	1.7	0.02851
-30	1.8	0.028446
-30	1.9	0.02862
-30	2	0.027682
-30	2.1	0.023935
-30	2.2	0.021703
-30	2.3	0.018761
-30	2.4	0.015924
-30	2.5	0.014162
-30	2.6	0.013008
-30	2.7	0.012293
-30	2.8	0.011517
-30	2.9	0.010393
-30	3	0.0087042
-30	3.1	0.0078284
-30	3.2	0.0070185
-30	3.3	0.0071259
-30	3.4	0.0076762
-30	3.5	0.0086296
-30	3.6	0.0085921
-30	3.7	0.0087745
-30	3.8	0.0090018
-30	3.9	0.0093037
-30	4	0.0089351
-20	-4	0.0090305
-20	-3.9	0.007937
-20	-3.8	0.0062305
-20	-3.7	0.0065195
-20	-3.6	0.0084
-20	-3.5	0.010334
-20	-3.4	0.012618
-20	-3.3	0.013014
-20	-3.2	0.013415
-20	-3.1	0.013904
-20	-3	0.015802
-20	-2.9	0.020406
-20	-2.8	0.023111
-20	-2.7	0.028437
-20	-2.6	0.032852
-20	-2.5	0.034133
-20	-2.4	0.034791
-20	-2.3	0.034369
-20	-2.2	0.032759
-20	-2.1	0.031854
-20	-2	0.031462
-20	-1.9	0.031242
-20	-1.8	0.030019
-20	-1.7	0.027663
-20	-1.6	0.024675
-20	-1.5	0.02514
-20	-1.4	0.029418
-20	-1.3	0.037693
-20	-1.2	0.045027
-20	-1.1	0.054208
-20	-1	0.058809
-20	-0.9	0.060467
-20	-0.8	0.058511
-20	-0.7	0.051724
-20	-0.6	0.047119
-20	-0.5	0.0386
-20	-0.4	0.032737
-20	-0.3	0.02471
-20	-0.2	0.020005
-20	-0.1	0.017873
-20	0	0.018706
-20	0.1	0.023493
-20	0.2	0.032448
-20	0.3	0.037126
-20	0.4	0.043089
-20	0.5	0.048229
-20	0.6	0.051716
-20	0.7	0.052878
-20	0.8	0.05135
-20	0.9	0.04944
-20	1	0.046641
-20	1.1	0.042212
-20	1.2	0.039091
-20	1.3	0.037087
-20	1.4	0.035767
-20	1.5	0.034634
-20	1.6	0.034143
-20	1.7	0.032611
-20	1.8	0.029664
-20	1.9	0.028569
-20	2	0.027131
-20	2.1	0.025465
-20	2.2	0.023799
-20	2.3	0.022165
-20	2.4	0.020568
-20	2.5	0.019059
-20	2.6	0.015852
-20	2.7	0.013721
-20	2.8	0.011749
-20	2.9	0.011128
-20	3	0.01023
-20	3.1	0.01021
-20	3.2	0.0097515
-20	3.3	0.0086484
-20	3.4	0.008148
-20	3.5	0.0083846
-20	3.6	0.0082309
-20	3.7	0.0083168
-20	3.8	0.0086838
-20	3.9	0.0090893
-20	4	0.0088916
-10	-4	0.0076297
-10	-3.9	0.0067676
-10	-3.8	0.0054591
-10	-3.7	0.006893
-10	-3.6	0.0087579
-10	-3.5	0.011885
-10	-3.4	0.012408
-10	-3.3	0.01207
-10	-3.2	0.011123
-10	-3.1	0.011014
-10	-3	0.013306
-10	-2.9	0.018158
-10	-2.8	0.023548
-10	-2.7	0.028116
-10	-2.6	0.030657
-10	-2.5	0.032614
-10	-2.4	0.03216
-10	-2.3	0.030965
-10	-2.2	0.030962
-10	-2.1	0.031528
-10	-2	0.033423
-10	-1.9	0.034094
-10	-1.8	0.032594
-10	-1.7	0.029893
-10	-1.6	0.024591
-10	-1.5	0.024478
-10	-1.4	0.030702
-10	-1.3	0.03739
-10	-1.2	0.05246
-10	-1.1	0.057371
-10	-1	0.06088
-10	-0.9	0.060965
-10	-0.8	0.055144
-10	-0.7	0.050373
-10	-0.6	0.041749
-10	-0.5	0.035293
-10	-0.4	0.028719
-10	-0.3	0.023078
-10	-0.2	0.019941
-10	-0.1	0.01863
-10	0	0.019297
-10	0.1	0.025631
-10	0.2	0.030434
-10	0.3	0.038969
-10	0.4	0.043695
-10	0.5	0.04741
-10	0.6	0.050097
-10	0.7	0.049381
-10	0.8	0.046442
-10	0.9	0.044498
-10	1	0.041029
-10	1.1	0.038299
-10	1.2	0.037244
-10	1.3	0.035353
-10	1.4	0.034346
-10	1.5	0.032938
-10	1.6	0.03116
-10	1.7	0.02915
-10	1.8	0.027336
-10	1.9	0.02668
-10	2	0.026423
-10	2.1	0.026281
-10	2.2	0.024947
-10	2.3	0.023224
-10	2.4	0.021869
-10	2.5	0.018841
-10	2.6	0.016317
-10	2.7	0.014263
-10	2.8	0.012666
-10	2.9	0.012138
-10	3	0.010706
-10	3.1	0.0098816
-10	3.2	0.0081915
-10	3.3	0.0079166
-10	3.4	0.0074951
-10	3.5	0.0076021
-10	3.6	0.0073007
-10	3.7	0.0072874
-10	3.8	0.0076085
-10	3.9	0.0068954
-10	4	0.0068271
0	-4	0.0087763
0	-3.9	0.0077828
0	-3.8	0.007007
0	-3.7	0.0070895
0	-3.6	0.0081162
0	-3.5	0.0097714
0	-3.4	0.011722
0	-3.3	0.012492
0	-3.2	0.012732
0	-3.1	0.013882
0	-3	0.017387
0	-2.9	0.020435
0	-2.8	0.025896
0	-2.7	0.030087
0	-2.6	0.03364
0	-2.5	0.034135
0	-2.4	0.033241
0	-2.3	0.03134
0	-2.2	0.031112
0	-2.1	0.032414
0	-2	0.033741
0	-1.9	0.034839
0	-1.8	0.033857
0	-1.7	0.028643
0	-1.6	0.023747
0	-1.5	0.024632
0	-1.4	0.034023
0	-1.3	0.042163
0	-1.2	0.049938
0	-1.1	0.059109
0	-1	0.062989
0	-0.9	0.06218
0	-0.8	0.058753
0	-0.7	0.054839
0	-0.6	0.043649
0	-0.5	0.035531
0	-0.4	0.030635
0	-0.3	0.022327
0	-0.2	0.019736
0	-0.1	0.018682
0	0	0.021901
0	0.1	0.026885
0	0.2	0.033953
0	0.3	0.039124
0	0.4	0.04584
0	0.5	0.0498
0	0.6	0.052486
0	0.7	0.051986
0	0.8	0.050226
0	0.9	0.047519
0	1	0.042583
0	1.1	0.040131
0	1.2	0.035145
0	1.3	0.032862
0	1.4	0.030888
0	1.5	0.030021
0	1.6	0.029437
0	1.7	0.029922
0	1.8	0.029468
0	1.9	0.028868
0	2	0.027889
0	2.1	0.026998
0	2.2	0.025138
0	2.3	0.022915
0	2.4	0.021089
0	2.5	0.019615
0	2.6	0.017105
0	2.7	0.015877
0	2.8	0.014822
0	2.9	0.013563
0	3	0.012403
0	3.1	0.011642
0	3.2	0.011261
0	3.3	0.011086
0	3.4	0.010744
0	3.5	0.010364
0	3.6	0.0095692
0	3.7	0.0082093
0	3.8	0.0086334
0	3.9	0.0088825
0	4	0.009241
10	-4	0.010393
10	-3.9	0.0095387
10	-3.8	0.0077056
10	-3.7	0.0057923
10	-3.6	0.0057136
10	-3.5	0.0087487
10	-3.4	0.011356
10	-3.3	0.0133
10	-3.2	0.014643
10	-3.1	0.014519
10	-3	0.014515
10	-2.9	0.017549
10	-2.8	0.020339
10	-2.7	0.024789
10	-2.6	0.030611
10	-2.5	0.033817
10	-2.4	0.034909
10	-2.3	0.034577
10	-2.2	0.033552
10	-2.1	0.032869
10	-2	0.033026
10	-1.9	0.033313
10	-1.8	0.033077
10	-1.7	0.029923
10	-1.6	0.028753
10	-1.5	0.02859
10	-1.4	0.035349
10	-1.3	0.040846
10	-1.2	0.051366
10	-1.1	0.056226
10	-1	0.060429
10	-0.9	0.061195
10	-0.8	0.059169
10	-0.7	0.054825
10	-0.6	0.048577
10	-0.5	0.040475
10	-0.4	0.033855
10	-0.3	0.027636
10	-0.2	0.021828
10	-0.1	0.018506
10	0	0.018495
10	0.1	0.020946
10	0.2	0.029402
10	0.3	0.032646
10	0.4	0.044946
10	0.5	0.047475
10	0.6	0.051528
10	0.7	0.052723
10	0.8	0.051597
10	0.9	0.049426
10	1	0.045718
10	1.1	0.042963
10	1.2	0.038988
10	1.3	0.037759
10	1.4	0.035254
10	1.5	0.033561
10	1.6	0.032294
10	1.7	0.031628
10	1.8	0.031141
10	1.9	0.03015
10	2	0.02911
10	2.1	0.026403
10	2.2	0.025325
10	2.3	0.022336
10	2.4	0.019121
10	2.5	0.017739
10	2.6	0.016382
10	2.7	0.01501
10	2.8	0.013974
10	2.9	0.011882
10	3	0.010451
10	3.1	0.0087042
10	3.2	0.0076445
10	3.3	0.0074323
10	3.4	0.0074994
10	3.5	0.0077495
10	3.6	0.0071914
10	3.7	0.0066228
10	3.8	0.0063792
10	3.9	0.0065294
10	4	0.0062744
20	-4	0.0076043
20	-3.9	0.0079817
20	-3.8	0.0077119
20	-3.7	0.0078737
20	-3.6	0.0082583
20	-3.5	0.010065
20	-3.4	0.010756
20	-3.3	0.011841
20	-3.2	0.012627
20	-3.1	0.013311
20	-3	0.016109
20	-2.9	0.020388
20	-2.8	0.024286
20	-2.7	0.028437
20	-2.6	0.029331
20	-2.5	0.029734
20	-2.4	0.029249
20	-2.3	0.029563
20	-2.2	0.030843
20	-2.1	0.033548
20	-2	0.035272
20	-1.9	0.035862
20	-1.8	0.033605
20	-1.7	0.02813
20	-1.6	0.026018
20	-1.5	0.026711
20	-1.4	0.0319
20	-1.3	0.040764
20	-1.2	0.048984
20	-1.1	0.058677
20	-1	0.064205
20	-0.9	0.065778
20	-0.8	0.063334
20	-0.7	0.056566
20	-0.6	0.050209
20	-0.5	0.038038
20	-0.4	0.031435
20	-0.3	0.024724
20	-0.2	0.019619
20	-0.1	0.016966
20	0	0.016209
20	0.1	0.019674
20	0.2	0.023418
20	0.3	0.035077
20	0.4	0.042638
20	0.5	0.049677
20	0.6	0.052156
20	0.7	0.054942
20	0.8	0.054268
20	0.9	0.051479
20	1	0.048772
20	1.1	0.044688
20	1.2	0.042279
20	1.3	0.040845
20	1.4	0.040004
20	1.5	0.039055
20	1.6	0.037422
20	1.7	0.034848
20	1.8	0.032577
20	1.9	0.03093
20	2	0.029695
20	2.1	0.029539
20	2.2	0.028723
20	2.3	0.026975
20	2.4	0.024984
20	2.5	0.022985
20	2.6	0.021937
20	2.7	0.020037
20	2.8	0.018167
20	2.9	0.016477
20	3	0.014902
20	3.1	0.013503
20	3.2	0.010546
20	3.3	0.0091602
20	3.4	0.0096063
20	3.5	0.010454
20	3.6	0.010927
20	3.7	0.0107
20	3.8	0.0096012
20	3.9	0.0081421
20	4	0.007508
30	-4	0.0089748
30	-3.9	0.00944
30	-3.8	0.0092252
30	-3.7	0.0080743
30	-3.6	0.0077182
30	-3.5	0.0091567
30	-3.4	0.012152
30	-3.3	0.014597
30	-3.2	0.015162
30	-3.1	0.014887
30	-3	0.014669
30	-2.9	0.015951
30	-2.8	0.021089
30	-2.7	0.028054
30	-2.6	0.033388
30	-2.5	0.036294
30	-2.4	0.036299
30	-2.3	0.035087
30	-2.2	0.033427
30	-2.1	0.033285
30	-2	0.034152
30	-1.9	0.036204
30	-1.8	0.036659
30	-1.7	0.034279
30	-1.6	0.031051
30	-1.5	0.029278
30	-1.4	0.032085
30	-1.3	0.042781
30	-1.2	0.047324
30	-1.1	0.058469
30	-1	0.064576
30	-0.9	0.066997
30	-0.8	0.064908
30	-0.7	0.061862
30	-0.6	0.054339
30	-0.5	0.045967
30	-0.4	0.032544
30	-0.3	0.026152
30	-0.2	0.020812
30	-0.1	0.016251
30	0	0.017264
30	0.1	0.021753
30	0.2	0.027267
30	0.3	0.034327
30	0.4	0.040608
30	0.5	0.046852
30	0.6	0.049804
30	0.7	0.052499
30	0.8	0.053452
30	0.9	0.052998
30	1	0.051007
30	1.1	0.048931
30	1.2	0.045404
30	1.3	0.042696
30	1.4	0.03908
30	1.5	0.035819
30	1.6	0.033921
30	1.7	0.032284
30	1.8	0.031709
30	1.9	0.031392
30	2	0.030408
30	2.1	0.029522
30	2.2	0.027969
30	2.3	0.025823
30	2.4	0.023076
30	2.5	0.02131
30	2.6	0.020419
30	2.7	0.019416
30	2.8	0.018019
30	2.9	0.016469
30	3	0.015138
30	3.1	0.012439
30	3.2	0.010568
30	3.3	0.0095658
30	3.4	0.0092217
30	3.5	0.0090519
30	3.6	0.0090144
30	3.7	0.0085733
30	3.8	0.0079898
30	3.9	0.0073051
30	4	0.0074627
40	-4	0.008507
40	-3.9	0.0095641
40	-3.8	0.0095014
40	-3.7	0.0089134
40	-3.6	0.0084
40	-3.5	0.008373
40	-3.4	0.011969
40	-3.3	0.013107
40	-3.2	0.014745
40	-3.1	0.015205
40	-3	0.015622
40	-2.9	0.016665
40	-2.8	0.022747
40	-2.7	0.026312
40	-2.6	0.032321
40	-2.5	0.035547
40	-2.4	0.036629
40	-2.3	0.036422
40	-2.2	0.035173
40	-2.1	0.034512
40	-2	0.033457
40	-1.9	0.033562
40	-1.8	0.033384
40	-1.7	0.03274
40	-1.6	0.031609
40	-1.5	0.029984
40	-1.4	0.030648
40	-1.3	0.036876
40	-1.2	0.045453
40	-1.1	0.054013
40	-1	0.060636
40	-0.9	0.063999
40	-0.8	0.062349
40	-0.7	0.059636
40	-0.6	0.052434
40	-0.5	0.042929
40	-0.4	0.035354
40	-0.3	0.026691
40	-0.2	0.020878
40	-0.1	0.017578
40	0	0.014842
40	0.1	0.015874
40	0.2	0.02029
40	0.3	0.026193
40	0.4	0.033395
40	0.5	0.042979
40	0.6	0.049937
40	0.7	0.051432
40	0.8	0.054006
40	0.9	0.053631
40	1	0.05124
40	1.1	0.048823
40	1.2	0.045771
40	1.3	0.041755
40	1.4	0.039619
40	1.5	0.036849
40	1.6	0.035605
40	1.7	0.033647
40	1.8	0.031872
40	1.9	0.030574
40	2	0.028577
40	2.1	0.027855
40	2.2	0.026889
40	2.3	0.026424
40	2.4	0.025151
40	2.5	0.023354
40	2.6	0.021954
40	2.7	0.019305
40	2.8	0.017277
40	2.9	0.01499
40	3	0.013906
40	3.1	0.012932
40	3.2	0.011246
40	3.3	0.010076
40	3.4	0.0096666
40	3.5	0.008991
40	3.6	0.0083518
40	3.7	0.0077724
40	3.8	0.0075231
40	3.9	0.0078901
40	4	0.0076424
50	-4	0.0090573
50	-3.9	0.0098472
50	-3.8	0.0084403
50	-3.7	0.0069141
50	-3.6	0.0063436
50	-3.5	0.0079776
50	-3.4	0.010704
50	-3.3	0.013744
50	-3.2	0.015177
50	-3.1	0.015796
50	-3	0.015181
50	-2.9	0.015559
50	-2.8	0.019091
50	-2.7	0.025064
50	-2.6	0.027564
50	-2.5	0.033022
50	-2.4	0.034835
50	-2.3	0.034401
50	-2.2	0.032877
50	-2.1	0.032237
50	-2	0.032735
50	-1.9	0.033729
50	-1.8	0.03396
50	-1.7	0.033364
50	-1.6	0.031906
50	-1.5	0.030244
50	-1.4	0.032386
50	-1.3	0.036289
50	-1.2	0.046978
50	-1.1	0.05074
50	-1	0.063192
50	-0.9	0.065966
50	-0.8	0.066543
50	-0.7	0.063264
50	-0.6	0.054984
50	-0.5	0.045264
50	-0.4	0.037868
50	-0.3	0.026439
50	-0.2	0.020684
50	-0.1	0.01756
50	0	0.014211
50	0.1	0.014456
50	0.2	0.020083
50	0.3	0.025167
50	0.4	0.032501
50	0.5	0.04473
50	0.6	0.04943
50	0.7	0.053613
50	0.8	0.054956
50	0.9	0.053752
50	1	0.051643
50	1.1	0.048393
50	1.2	0.04612
50	1.3	0.043445
50	1.4	0.041425
50	1.5	0.040132
50	1.6	0.037676
50	1.7	0.034127
50	1.8	0.031661
50	1.9	0.02973
50	2	0.027795
50	2.1	0.02716
50	2.2	0.027032
50	2.3	0.026785
50	2.4	0.025676
50	2.5	0.023175
50	2.6	0.020891
50	2.7	0.01814
50	2.8	0.015329
50	2.9	0.014574
50	3	0.013351
50	3.1	0.012816
50	3.2	0.011622
50	3.3	0.010561
50	3.4	0.0097945
50	3.5	0.0078366
50	3.6	0.007672
50	3.7	0.0077537
50	3.8	0.0074735
50	3.9	0.0072829
50	4	0.0072026
60	-4	0.0088021
60	-3.9	0.0088369
60	-3.8	0.0081698
60	-3.7	0.0077119
60	-3.6	0.0083692
60	-3.5	0.0096147
60	-3.4	0.010526
60	-3.3	0.01226
60	-3.2	0.013634
60	-3.1	0.014306
60	-3	0.016088
60	-2.9	0.017539
60	-2.8	0.021409
60	-2.7	0.024223
60	-2.6	0.029028
60	-2.5	0.031455
60	-2.4	0.033104
60	-2.3	0.033473
60	-2.2	0.033362
60	-2.1	0.033896
60	-2	0.035139
60	-1.9	0.036571
60	-1.8	0.035983
60	-1.7	0.035088
60	-1.6	0.031228
60	-1.5	0.028228
60	-1.4	0.028232
60	-1.3	0.031357
60	-1.2	0.041761
60	-1.1	0.052954
60	-1	0.059059
60	-0.9	0.062977
60	-0.8	0.064155
60	-0.7	0.060637
60	-0.6	0.052644
60	-0.5	0.045951
60	-0.4	0.034556
60	-0.3	0.028581
60	-0.2	0.021564
60	-0.1	0.01616
60	0	0.014513
60	0.1	0.014314
60	0.2	0.017037
60	0.3	0.021693
60	0.4	0.028379
60	0.5	0.035257
60	0.6	0.042556
60	0.7	0.046917
60	0.8	0.05015
60	0.9	0.051723
60	1	0.05175
60	1.1	0.050551
60	1.2	0.049026
60	1.3	0.046139
60	1.4	0.043116
60	1.5	0.040826
60	1.6	0.036865
60	1.7	0.034471
60	1.8	0.033091
60	1.9	0.032538
60	2	0.031435
60	2.1	0.030874
60	2.2	0.029959
60	2.3	0.028775
60	2.4	0.02744
60	2.5	0.02615
60	2.6	0.023578
60	2.7	0.022256
60	2.8	0.020839
60	2.9	0.01887
60	3	0.016335
60	3.1	0.015524
60	3.2	0.013455
60	3.3	0.01309
60	3.4	0.011825
60	3.5	0.011186
60	3.6	0.010665
60	3.7	0.010062
60	3.8	0.0097366
60	3.9	0.010047
60	4	0.010004
70	-4	0.0099208
70	-3.9	0.011262
70	-3.8	0.011656
70	-3.7	0.010704
70	-3.6	0.0079857
70	-3.5	0.0064397
70	-3.4	0.0088387
70	-3.3	0.0098028
70	-3.2	0.013443
70	-3.1	0.015827
70	-3	0.016563
70	-2.9	0.016131
70	-2.8	0.017563
70	-2.7	0.020859
70	-2.6	0.028424
70	-2.5	0.030742
70	-2.4	0.036539
70	-2.3	0.037605
70	-2.2	0.036777
70	-2.1	0.035129
70	-2	0.034445
70	-1.9	0.034648
70	-1.8	0.035651
70	-1.7	0.036567
70	-1.6	0.035239
70	-1.5	0.033051
70	-1.4	0.031734
70	-1.3	0.035993
70	-1.2	0.042053
70	-1.1	0.050383
70	-1	0.058514
70	-0.9	0.064718
70	-0.8	0.065705
70	-0.7	0.063326
70	-0.6	0.057686
70	-0.5	0.047605
70	-0.4	0.039376
70	-0.3	0.02741
70	-0.2	0.022405
70	-0.1	0.014992
70	0	0.012341
70	0.1	0.013717
70	0.2	0.018123
70	0.3	0.020464
70	0.4	0.029348
70	0.5	0.037015
70	0.6	0.042751
70	0.7	0.046639
70	0.8	0.048877
70	0.9	0.051769
70	1	0.05189
70	1.1	0.050998
70	1.2	0.04917
70	1.3	0.04618
70	1.4	0.042229
70	1.5	0.037937
70	1.6	0.033359
70	1.7	0.029967
70	1.8	0.028841
70	1.9	0.028918
70	2	0.028879
70	2.1	0.029171
70	2.2	0.027871
70	2.3	0.026888
70	2.4	0.023122
70	2.5	0.020667
70	2.6	0.01957
70	2.7	0.01864
70	2.8	0.018138
70	2.9	0.017508
70	3	0.01623
70	3.1	0.014896
70	3.2	0.013366
70	3.3	0.01145
70	3.4	0.010196
70	3.5	0.010065
70	3.6	0.010276
70	3.7	0.0099744
70	3.8	0.0091461
70	3.9	0.0075424
70	4	0.0072228
80	-4	0.0068719
80	-3.9	0.0080402
80	-3.8	0.0090555
80	-3.7	0.010656
80	-3.6	0.010135
80	-3.5	0.0098061
80	-3.4	0.0089478
80	-3.3	0.0099825
80	-3.2	0.011639
80	-3.1	0.013606
80	-3	0.015336
80	-2.9	0.016713
80	-2.8	0.019228
80	-2.7	0.021826
80	-2.6	0.025134
80	-2.5	0.028648
80	-2.4	0.032072
80	-2.3	0.034687
80	-2.2	0.035663
80	-2.1	0.035359
80	-2	0.034128
80	-1.9	0.032778
80	-1.8	0.032487
80	-1.7	0.032558
80	-1.6	0.033266
80	-1.5	0.033122
80	-1.4	0.031415
80	-1.3	0.032435
80	-1.2	0.035128
80	-1.1	0.043107
80	-1	0.051632
80	-0.9	0.058875
80	-0.8	0.061975
80	-0.7	0.063349
80	-0.6	0.059949
80	-0.5	0.053297
80	-0.4	0.044041
80	-0.3	0.036028
80	-0.2	0.026623
80	-0.1	0.017278
80	0	0.012822
80	0.1	0.011191
80	0.2	0.012379
80	0.3	0.014637
80	0.4	0.021712
80	0.5	0.02962
80	0.6	0.038232
80	0.7	0.047335
80	0.8	0.051928
80	0.9	0.055927
80	1	0.057247
80	1.1	0.056929
80	1.2	0.053426
80	1.3	0.050573
80	1.4	0.045777
80	1.5	0.0406
80	1.6	0.03934
80	1.7	0.03662
80	1.8	0.035144
80	1.9	0.033857
80	2	0.032849
80	2.1	0.030488
80	2.2	0.028532
80	2.3	0.026579
80	2.4	0.025683
80	2.5	0.024266
80	2.6	0.023625
80	2.7	0.023165
80	2.8	0.021903
80	2.9	0.019995
80	3	0.015854
80	3.1	0.014338
80	3.2	0.010845
80	3.3	0.0099322
80	3.4	0.0097912
80	3.5	0.010121
80	3.6	0.01005
80	3.7	0.00969
80	3.8	0.0084518
80	3.9	0.0073183
80	4	0.0074149
90	-4	0.008448
90	-3.9	0.0098044
90	-3.8	0.009554
90	-3.7	0.0092024
90	-3.6	0.0070185
90	-3.5	0.0063309
90	-3.4	0.0076149
90	-3.3	0.010514
90	-3.2	0.012708
90	-3.1	0.013569
90	-3	0.013175
90	-2.9	0.011907
90	-2.8	0.013829
90	-2.7	0.019662
90	-2.6	0.024397
90	-2.5	0.030899
90	-2.4	0.03424
90	-2.3	0.036052
90	-2.2	0.034835
90	-2.1	0.032793
90	-2	0.031972
90	-1.9	0.032133
90	-1.8	0.035841
90	-1.7	0.038687
90	-1.6	0.038681
90	-1.5	0.034438
90	-1.4	0.030475
90	-1.3	0.029605
90	-1.2	0.034093
90	-1.1	0.040563
90	-1	0.050205
90	-0.9	0.060783
90	-0.8	0.064018
90	-0.7	0.065536
90	-0.6	0.060688
90	-0.5	0.049866
90	-0.4	0.042075
90	-0.3	0.031055
90	-0.2	0.023169
90	-0.1	0.014674
90	0	0.011843
90	0.1	0.010887
90	0.2	0.013471
90	0.3	0.017667
90	0.4	0.023054
90	0.5	0.028948
90	0.6	0.036048
90	0.7	0.040126
90	0.8	0.044557
90	0.9	0.047637
90	1	0.049558
90	1.1	0.050046
90	1.2	0.049532
90	1.3	0.048715
90	1.4	0.046748
90	1.5	0.043236
90	1.6	0.038481
90	1.7	0.03527
90	1.8	0.030284
90	1.9	0.029166
90	2	0.030111
90	2.1	0.030926
90	2.2	0.031791
90	2.3	0.031269
90	2.4	0.029876
90	2.5	0.026494
90	2.6	0.023092
90	2.7	0.021752
90	2.8	0.021053
90	2.9	0.021094
90	3	0.020182
90	3.1	0.019279
90	3.2	0.017361
90	3.3	0.014584
90	3.4	0.013007
90	3.5	0.011651
90	3.6	0.012013
90	3.7	0.012344
90	3.8	0.012373
90	3.9	0.011506
90	4	0.010256
100	-4	0.0079837
100	-3.9	0.0084211
100	-3.8	0.0083749
100	-3.7	0.0092147
100	-3.6	0.0097167
100	-3.5	0.0097017
100	-3.4	0.0095438
100	-3.3	0.0090287
100	-3.2	0.0095658
100	-3.1	0.010686
100	-3	0.012376
100	-2.9	0.014882
100	-2.8	0.01691
100	-2.7	0.019159
100	-2.6	0.021154
100	-2.5	0.023789
100	-2.4	0.026631
100	-2.3	0.03077
100	-2.2	0.033555
100	-2.1	0.035274
100	-2	0.036683
100	-1.9	0.036987
100	-1.8	0.035405
100	-1.7	0.034563
100	-1.6	0.032411
100	-1.5	0.03015
100	-1.4	0.029251
100	-1.3	0.031042
100	-1.2	0.0356
100	-1.1	0.040144
100	-1	0.048351
100	-0.9	0.055861
100	-0.8	0.059422
100	-0.7	0.06129
100	-0.6	0.060516
100	-0.5	0.053175
100	-0.4	0.047372
100	-0.3	0.039013
100	-0.2	0.031919
100	-0.1	0.020524
100	0	0.013392
100	0.1	0.011285
100	0.2	0.011027
100	0.3	0.012478
100	0.4	0.017205
100	0.5	0.023955
100	0.6	0.032078
100	0.7	0.037471
100	0.8	0.04471
100	0.9	0.050332
100	1	0.052375
100	1.1	0.05325
100	1.2	0.051528
100	1.3	0.050423
100	1.4	0.047799
100	1.5	0.044782
100	1.6	0.041023
100	1.7	0.037223
100	1.8	0.034551
100	1.9	0.032271
100	2	0.031391
100	2.1	0.030667
100	2.2	0.030451
100	2.3	0.029558
100	2.4	0.028295
100	2.5	0.02549
100	2.6	0.023667
100	2.7	0.022247
100	2.8	0.019911
100	2.9	0.018229
100	3	0.016688
100	3.1	0.014858
100	3.2	0.014137
100	3.3	0.012544
100	3.4	0.010648
100	3.5	0.0092863
100	3.6	0.0087984
100	3.7	0.0086987
100	3.8	0.0090573
100	3.9	0.0086745
100	4	0.0078469
110	-4	0.0098225
110	-3.9	0.0090341
110	-3.8	0.0091901
110	-3.7	0.0091619
110	-3.6	0.0084652
110	-3.5	0.0082466
110	-3.4	0.008006
110	-3.3	0.0079085
110	-3.2	0.0085921
110	-3.1	0.0094005
110	-3	0.011055
110	-2.9	0.012029
110	-2.8	0.013189
110	-2.7	0.014203
110	-2.6	0.016637
110	-2.5	0.019558
110	-2.4	0.027315
110	-2.3	0.030723
110	-2.2	0.03416
110	-2.1	0.035284
110	-2	0.035271
110	-1.9	0.034367
110	-1.8	0.033197
110	-1.7	0.03266
110	-1.6	0.032289
110	-1.5	0.0318
110	-1.4	0.031356
110	-1.3	0.031578
110	-1.2	0.034932
110	-1.1	0.03947
110	-1	0.043379
110	-0.9	0.053361
110	-0.8	0.058683
110	-0.7	0.061643
110	-0.6	0.061497
110	-0.5	0.057378
110	-0.4	0.049836
110	-0.3	0.038652
110	-0.2	0.028057
110	-0.1	0.020922
110	0	0.012401
110	0.1	0.010141
110	0.2	0.010169
110	0.3	0.01142
110	0.4	0.014273
110	0.5	0.022371
110	0.6	0.030027
110	0.7	0.038235
110	0.8	0.046027
110	0.9	0.051129
110	1	0.055742
110	1.1	0.056201
110	1.2	0.054987
110	1.3	0.051819
110	1.4	0.049171
110	1.5	0.04541
110	1.6	0.041319
110	1.7	0.038621
110	1.8	0.036017
110	1.9	0.034131
110	2	0.031702
110	2.1	0.029939
110	2.2	0.028538
110	2.3	0.027873
110	2.4	0.02659
110	2.5	0.025928
110	2.6	0.024121
110	2.7	0.022492
110	2.8	0.020403
110	2.9	0.019389
110	3	0.016531
110	3.1	0.015181
110	3.2	0.013445
110	3.3	0.012138
110	3.4	0.011125
110	3.5	0.010542
110	3.6	0.0094434
110	3.7	0.0085865
110	3.8	0.0077599
110	3.9	0.007144
110	4	0.0063232
120	-4	0.0084403
120	-3.9	0.0083807
120	-3.8	0.0098127
120	-3.7	0.010937
120	-3.6	0.011818
120	-3.5	0.010376
120	-3.4	0.008917
120	-3.3	0.0071914
120	-3.2	0.0080221
120	-3.1	0.0083653
120	-3	0.011046
120	-2.9	0.011946
120	-2.8	0.01209
120	-2.7	0.01338
120	-2.6	0.016376
120	-2.5	0.02248
120	-2.4	0.024941
120	-2.3	0.028837
120	-2.2	0.032954
120	-2.1	0.033636
120	-2	0.033711
120	-1.9	0.033761
120	-1.8	0.035079
120	-1.7	0.035402
120	-1.6	0.035932
120	-1.5	0.035812
120	-1.4	0.03267
120	-1.3	0.030258
120	-1.2	0.030719
120	-1.1	0.034146
120	-1	0.044264
120	-0.9	0.053064
120	-0.8	0.061432
120	-0.7	0.064948
120	-0.6	0.065352
120	-0.5	0.060144
120	-0.4	0.051036
120	-0.3	0.041793
120	-0.2	0.034751
120	-0.1	0.022032
120	0	0.014023
120	0.1	0.010833
120	0.2	0.011482
120	0.3	0.013156
120	0.4	0.018337
120	0.5	0.024151
120	0.6	0.030735
120	0.7	0.037809
120	0.8	0.044718
120	0.9	0.050972
120	1	0.053972
120	1.1	0.055233
120	1.2	0.055053
120	1.3	0.053501
120	1.4	0.050972
120	1.5	0.047947
120	1.6	0.04396
120	1.7	0.039722
120	1.8	0.035966
120	1.9	0.033589
120	2	0.03152
120	2.1	0.031008
120	2.2	0.030791
120	2.3	0.030303
120	2.4	0.029353
120	2.5	0.027118
120	2.6	0.025116
120	2.7	0.02374
120	2.8	0.021633
120	2.9	0.019941
120	3	0.018226
120	3.1	0.016406
120	3.2	0.013854
120	3.3	0.012765
120	3.4	0.011291
120	3.5	0.0104
120	3.6	0.0098258
120	3.7	0.01006
120	3.8	0.008973
120	3.9	0.0086708
120	4	0.0081202
130	-4	0.0075445
130	-3.9	0.0093919
130	-3.8	0.010863
130	-3.7	0.011245
130	-3.6	0.01061
130	-3.5	0.010055
130	-3.4	0.0078325
130	-3.3	0.0067053
130	-3.2	0.0073646
130	-3.1	0.0086502
130	-3	0.0097217
130	-2.9	0.0095218
130	-2.8	0.0091549
130	-2.7	0.010334
130	-2.6	0.015295
130	-2.5	0.019332
130	-2.4	0.024338
130	-2.3	0.026468
130	-2.2	0.027663
130	-2.1	0.028959
130	-2	0.029962
130	-1.9	0.032247
130	-1.8	0.036137
130	-1.7	0.038166
130	-1.6	0.038822
130	-1.5	0.036579
130	-1.4	0.032739
130	-1.3	0.028532
130	-1.2	0.028289
130	-1.1	0.033448
130	-1	0.043469
130	-0.9	0.050102
130	-0.8	0.060852
130	-0.7	0.064606
130	-0.6	0.063678
130	-0.5	0.059529
130	-0.4	0.053606
130	-0.3	0.041731
130	-0.2	0.02987
130	-0.1	0.018994
130	0	0.014137
130	0.1	0.011245
130	0.2	0.011847
130	0.3	0.012942
130	0.4	0.014964
130	0.5	0.021307
130	0.6	0.027711
130	0.7	0.033284
130	0.8	0.040028
130	0.9	0.046208
130	1	0.05019
130	1.1	0.05168
130	1.2	0.051615
130	1.3	0.050516
130	1.4	0.048417
130	1.5	0.046176
130	1.6	0.042735
130	1.7	0.039003
130	1.8	0.035177
130	1.9	0.032972
130	2	0.03018
130	2.1	0.029882
130	2.2	0.030283
130	2.3	0.03057
130	2.4	0.029586
130	2.5	0.028005
130	2.6	0.026142
130	2.7	0.023979
130	2.8	0.021998
130	2.9	0.020949
130	3	0.01952
130	3.1	0.018905
130	3.2	0.016866
130	3.3	0.014467
130	3.4	0.011519
130	3.5	0.0094451
130	3.6	0.0080603
130	3.7	0.0085374
130	3.8	0.0088149
130	3.9	0.0094108
130	4	0.008745
140	-4	0.0075574
140	-3.9	0.0088369
140	-3.8	0.010768
140	-3.7	0.011592
140	-3.6	0.011093
140	-3.5	0.0092742
140	-3.4	0.0085789
140	-3.3	0.0066593
140	-3.2	0.0068696
140	-3.1	0.0083266
140	-3	0.0086912
140	-2.9	0.0085146
140	-2.8	0.0088971
140	-2.7	0.010284
140	-2.6	0.013194
140	-2.5	0.018931
140	-2.4	0.02239
140	-2.3	0.026521
140	-2.2	0.028738
140	-2.1	0.029714
140	-2	0.030843
140	-1.9	0.032423
140	-1.8	0.033825
140	-1.7	0.034436
140	-1.6	0.03504
140	-1.5	0.033413
140	-1.4	0.031914
140	-1.3	0.027764
140	-1.2	0.027296
140	-1.1	0.034021
140	-1	0.039513
140	-0.9	0.052729
140	-0.8	0.058313
140	-0.7	0.064845
140	-0.6	0.067609
140	-0.5	0.064064
140	-0.4	0.058615
140	-0.3	0.045805
140	-0.2	0.033947
140	-0.1	0.025269
140	0	0.015289
140	0.1	0.011381
140	0.2	0.011769
140	0.3	0.012293
140	0.4	0.014441
140	0.5	0.017568
140	0.6	0.026941
140	0.7	0.035938
140	0.8	0.042859
140	0.9	0.050788
140	1	0.054319
140	1.1	0.055194
140	1.2	0.053332
140	1.3	0.052404
140	1.4	0.049027
140	1.5	0.045376
140	1.6	0.04288
140	1.7	0.039676
140	1.8	0.036871
140	1.9	0.034332
140	2	0.031649
140	2.1	0.030121
140	2.2	0.029873
140	2.3	0.030126
140	2.4	0.030077
140	2.5	0.029011
140	2.6	0.028005
140	2.7	0.025943
140	2.8	0.024001
140	2.9	0.021537
140	3	0.020086
140	3.1	0.019375
140	3.2	0.018694
140	3.3	0.016637
140	3.4	0.014212
140	3.5	0.012431
140	3.6	0.010856
140	3.7	0.011429
140	3.8	0.011037
140	3.9	0.011226
140	4	0.011424
150	-4	0.0093419
150	-3.9	0.0095218
150	-3.8	0.010012
150	-3.7	0.0097183
150	-3.6	0.0098209
150	-3.5	0.0088898
150	-3.4	0.0087191
150	-3.3	0.0084154
150	-3.2	0.0090018
150	-3.1	0.0099663
150	-3	0.0096029
150	-2.9	0.0085978
150	-2.8	0.0073404
150	-2.7	0.0092427
150	-2.6	0.011605
150	-2.5	0.019731
150	-2.4	0.025954
150	-2.3	0.027918
150	-2.2	0.029683
150	-2.1	0.030817
150	-2	0.030894
150	-1.9	0.031453
150	-1.8	0.032143
150	-1.7	0.034379
150	-1.6	0.035462
150	-1.5	0.035312
150	-1.4	0.033104
150	-1.3	0.029501
150	-1.2	0.027
150	-1.1	0.029904
150	-1	0.034167
150	-0.9	0.043825
150	-0.8	0.054315
150	-0.7	0.060289
150	-0.6	0.062605
150	-0.5	0.059748
150	-0.4	0.053479
150	-0.3	0.041252
150	-0.2	0.032187
150	-0.1	0.026294
150	0	0.016077
150	0.1	0.011736
150	0.2	0.01189
150	0.3	0.013683
150	0.4	0.016127
150	0.5	0.021594
150	0.6	0.029282
150	0.7	0.033705
150	0.8	0.041208
150	0.9	0.047277
150	1	0.050166
150	1.1	0.052532
150	1.2	0.052843
150	1.3	0.052327
150	1.4	0.049343
150	1.5	0.046654
150	1.6	0.042097
150	1.7	0.035885
150	1.8	0.031277
150	1.9	0.029132
150	2	0.027423
150	2.1	0.028262
150	2.2	0.029012
150	2.3	0.029437
150	2.4	0.027816
150	2.5	0.026114
150	2.6	0.024041
150	2.7	0.022769
150	2.8	0.020779
150	2.9	0.019705
150	3	0.01941
150	3.1	0.019167
150	3.2	0.017941
150	3.3	0.015194
150	3.4	0.012573
150	3.5	0.011268
150	3.6	0.011002
150	3.7	0.010789
150	3.8	0.011223
150	3.9	0.010583
150	4	0.010149
160	-4	0.010774
160	-3.9	0.010491
160	-3.8	0.0099647
160	-3.7	0.0098193
160	-3.6	0.010615
160	-3.5	0.010807
160	-3.4	0.010817
160	-3.3	0.0097912
160	-3.2	0.008964
160	-3.1	0.0082623
160	-3	0.0084403
160	-2.9	0.0085714
160	-2.8	0.0096482
160	-2.7	0.011517
160	-2.6	0.014319
160	-2.5	0.018169
160	-2.4	0.022273
160	-2.3	0.025321
160	-2.2	0.029499
160	-2.1	0.033544
160	-2	0.035583
160	-1.9	0.036948
160	-1.8	0.037204
160	-1.7	0.0356
160	-1.6	0.034132
160	-1.5	0.031192
160	-1.4	0.02874
160	-1.3	0.026538
160	-1.2	0.026548
160	-1.1	0.030875
160	-1	0.036036
160	-0.9	0.046665
160	-0.8	0.053723
160	-0.7	0.058612
160	-0.6	0.060224
160	-0.5	0.058694
160	-0.4	0.052927
160	-0.3	0.047042
160	-0.2	0.033328
160	-0.1	0.029105
160	0	0.019921
160	0.1	0.01402
160	0.2	0.012667
160	0.3	0.012894
160	0.4	0.01512
160	0.5	0.018723
160	0.6	0.024729
160	0.7	0.033276
160	0.8	0.039497
160	0.9	0.045643
160	1	0.048762
160	1.1	0.052976
160	1.2	0.053463
160	1.3	0.052187
160	1.4	0.050127
160	1.5	0.045379
160	1.6	0.040472
160	1.7	0.036031
160	1.8	0.034416
160	1.9	0.031366
160	2	0.029632
160	2.1	0.028989
160	2.2	0.028095
160	2.3	0.027001
160	2.4	0.026474
160	2.5	0.02587
160	2.6	0.025146
160	2.7	0.024613
160	2.8	0.023162
160	2.9	0.021575
160	3	0.020016
160	3.1	0.016125
160	3.2	0.01407
160	3.3	0.012734
160	3.4	0.012585
160	3.5	0.012634
160	3.6	0.012235
160	3.7	0.011118
160	3.8	0.010259
160	3.9	0.0084346
160	4	0.0070667
170	-4	0.0087339
170	-3.9	0.0093902
170	-3.8	0.01048
170	-3.7	0.010406
170	-3.6	0.0096113
170	-3.5	0.0090519
170	-3.4	0.0072563
170	-3.3	0.0066472
170	-3.2	0.0076593
170	-3.1	0.0084518
170	-3	0.0086034
170	-2.9	0.0084594
170	-2.8	0.0080823
170	-2.7	0.0094827
170	-2.6	0.013941
170	-2.5	0.017871
170	-2.4	0.022648
170	-2.3	0.024819
170	-2.2	0.027885
170	-2.1	0.028954
170	-2	0.031411
170	-1.9	0.032866
170	-1.8	0.034035
170	-1.7	0.035365
170	-1.6	0.035248
170	-1.5	0.03313
170	-1.4	0.028015
170	-1.3	0.02532
170	-1.2	0.02286
170	-1.1	0.024921
170	-1	0.031374
170	-0.9	0.041167
170	-0.8	0.05013
170	-0.7	0.05976
170	-0.6	0.060447
170	-0.5	0.05791
170	-0.4	0.052983
170	-0.3	0.043976
170	-0.2	0.03024
170	-0.1	0.023551
170	0	0.013516
170	0.1	0.011276
170	0.2	0.01103
170	0.3	0.012328
170	0.4	0.014731
170	0.5	0.018816
170	0.6	0.025457
170	0.7	0.030212
170	0.8	0.040293
170	0.9	0.046259
170	1	0.050256
170	1.1	0.051378
170	1.2	0.050968
170	1.3	0.049165
170	1.4	0.045839
170	1.5	0.042233
170	1.6	0.036864
170	1.7	0.034321
170	1.8	0.030363
170	1.9	0.027337
170	2	0.025696
170	2.1	0.025256
170	2.2	0.025476
170	2.3	0.0256
170	2.4	0.024754
170	2.5	0.023977
170	2.6	0.02278
170	2.7	0.020693
170	2.8	0.019243
170	2.9	0.017171
170	3	0.016038
170	3.1	0.014671
170	3.2	0.013418
170	3.3	0.012688
170	3.4	0.011197
170	3.5	0.010314
170	3.6	0.0092042
170	3.7	0.0084441
170	3.8	0.0082642
170	3.9	0.0081915
170	4	0.0082112
180	-4	0.010159
180	-3.9	0.011424
180	-3.8	0.012128
180	-3.7	0.012205
180	-3.6	0.010906
180	-3.5	0.0088333
180	-3.4	0.0073338
180	-3.3	0.0076424
180	-3.2	0.008917
180	-3.1	0.0098963
180	-3	0.0098488
180	-2.9	0.0089838
180	-2.8	0.0096231
180	-2.7	0.011696
180	-2.6	0.017596
180	-2.5	0.021926
180	-2.4	0.026368
180	-2.3	0.028839
180	-2.2	0.030041
180	-2.1	0.030249
180	-2	0.031234
180	-1.9	0.031702
180	-1.8	0.03379
180	-1.7	0.034421
180	-1.6	0.033729
180	-1.5	0.030571
180	-1.4	0.026111
180	-1.3	0.0208
180	-1.2	0.019276
180	-1.1	0.024689
180	-1	0.033792
180	-0.9	0.043661
180	-0.8	0.053036
180	-0.7	0.05873
180	-0.6	0.059213
180	-0.5	0.057372
180	-0.4	0.05107
180	-0.3	0.043062
180	-0.2	0.034136
180	-0.1	0.023496
180	0	0.016288
180	0.1	0.012291
180	0.2	0.012252
180	0.3	0.01451
180	0.4	0.016925
180	0.5	0.020332
180	0.6	0.025816
180	0.7	0.030204
180	0.8	0.036224
180	0.9	0.041726
180	1	0.046227
180	1.1	0.049155
180	1.2	0.049876
180	1.3	0.049236
180	1.4	0.046273
180	1.5	0.041818
180	1.6	0.036593
180	1.7	0.032417
180	1.8	0.027807
180	1.9	0.025188
180	2	0.025074
180	2.1	0.026233
180	2.2	0.027595
180	2.3	0.027392
180	2.4	0.026179
180	2.5	0.023953
180	2.6	0.022649
180	2.7	0.021187
180	2.8	0.019774
180	2.9	0.019413
180	3	0.018977
180	3.1	0.017649
180	3.2	0.016518
180	3.3	0.015336
180	3.4	0.01246
180	3.5	0.01104
180	3.6	0.011036
180	3.7	0.011071
180	3.8	0.010918
180	3.9	0.010724
180	4	0.010229
 
Uniformity Ratio =0.69638
