12-Sep-2017
7:11
TXR  007930 RM436 R24
33511B Function Generator
SN =Agilent Technologies,33511B,MY52301476,3.05-1.19-2.00-52-00
freq =+9.040000000000000E+06
burstmode =TRIG
burstN =+6.000000000000000E+01
voltage =+1.5000000000000E-01
 
DSO-X 2022A Oscilloscope
SN =AGILENT TECHNOLOGIES,DSO-X 2022A,MY54310921,02.41.2015102200
probe =+1.0000000E+00
scale =+500.0E-09
position =+19.900000E-06
range =+1.60E+00
units =VOLT
points =+2000
pointmode =NORM
format =BYTE
acqtype =NORM
trigsource =EXT
coupling =AC
 
-180	-4	0.009581
-180	-3.9	0.010514
-180	-3.8	0.0097466
-180	-3.7	0.0085393
-180	-3.6	0.0086315
-180	-3.5	0.0096315
-180	-3.4	0.011363
-180	-3.3	0.010894
-180	-3.2	0.01098
-180	-3.1	0.010031
-180	-3	0.011176
-180	-2.9	0.012042
-180	-2.8	0.015006
-180	-2.7	0.017623
-180	-2.6	0.019407
-180	-2.5	0.021044
-180	-2.4	0.022176
-180	-2.3	0.023427
-180	-2.2	0.025824
-180	-2.1	0.028364
-180	-2	0.031541
-180	-1.9	0.033576
-180	-1.8	0.034864
-180	-1.7	0.033913
-180	-1.6	0.031048
-180	-1.5	0.027999
-180	-1.4	0.026936
-180	-1.3	0.027627
-180	-1.2	0.034362
-180	-1.1	0.040646
-180	-1	0.048189
-180	-0.9	0.052782
-180	-0.8	0.056504
-180	-0.7	0.055533
-180	-0.6	0.051583
-180	-0.5	0.044056
-180	-0.4	0.037273
-180	-0.3	0.03144
-180	-0.2	0.024722
-180	-0.1	0.020716
-180	0	0.019881
-180	0.1	0.020274
-180	0.2	0.019849
-180	0.3	0.020805
-180	0.4	0.023793
-180	0.5	0.029754
-180	0.6	0.036128
-180	0.7	0.041809
-180	0.8	0.045998
-180	0.9	0.04849
-180	1	0.048213
-180	1.1	0.046833
-180	1.2	0.042963
-180	1.3	0.039893
-180	1.4	0.036309
-180	1.5	0.033586
-180	1.6	0.031677
-180	1.7	0.030965
-180	1.8	0.02981
-180	1.9	0.029167
-180	2	0.028658
-180	2.1	0.027526
-180	2.2	0.026543
-180	2.3	0.025262
-180	2.4	0.023586
-180	2.5	0.020967
-180	2.6	0.019246
-180	2.7	0.017813
-180	2.8	0.016016
-180	2.9	0.014379
-180	3	0.013734
-180	3.1	0.013874
-180	3.2	0.012876
-180	3.3	0.012558
-180	3.4	0.011866
-180	3.5	0.010958
-180	3.6	0.011246
-180	3.7	0.010477
-180	3.8	0.010296
-180	3.9	0.010874
-180	4	0.010662
-170	-4	0.010084
-170	-3.9	0.010373
-170	-3.8	0.0093557
-170	-3.7	0.0090964
-170	-3.6	0.0090233
-170	-3.5	0.0095354
-170	-3.4	0.011078
-170	-3.3	0.011608
-170	-3.2	0.012244
-170	-3.1	0.011855
-170	-3	0.011996
-170	-2.9	0.013642
-170	-2.8	0.015399
-170	-2.7	0.017647
-170	-2.6	0.020761
-170	-2.5	0.022665
-170	-2.4	0.024302
-170	-2.3	0.025954
-170	-2.2	0.027165
-170	-2.1	0.029602
-170	-2	0.030906
-170	-1.9	0.033181
-170	-1.8	0.03318
-170	-1.7	0.032428
-170	-1.6	0.030976
-170	-1.5	0.028135
-170	-1.4	0.027054
-170	-1.3	0.028219
-170	-1.2	0.03263
-170	-1.1	0.041163
-170	-1	0.046519
-170	-0.9	0.054025
-170	-0.8	0.056356
-170	-0.7	0.055376
-170	-0.6	0.05035
-170	-0.5	0.045253
-170	-0.4	0.037185
-170	-0.3	0.028144
-170	-0.2	0.024388
-170	-0.1	0.020239
-170	0	0.019457
-170	0.1	0.019859
-170	0.2	0.01914
-170	0.3	0.020319
-170	0.4	0.02416
-170	0.5	0.029838
-170	0.6	0.038703
-170	0.7	0.045551
-170	0.8	0.050161
-170	0.9	0.052293
-170	1	0.051551
-170	1.1	0.049331
-170	1.2	0.044181
-170	1.3	0.039999
-170	1.4	0.0365
-170	1.5	0.033335
-170	1.6	0.032733
-170	1.7	0.031883
-170	1.8	0.030715
-170	1.9	0.030083
-170	2	0.029107
-170	2.1	0.027275
-170	2.2	0.024752
-170	2.3	0.023578
-170	2.4	0.022015
-170	2.5	0.019031
-170	2.6	0.018371
-170	2.7	0.016035
-170	2.8	0.013965
-170	2.9	0.012391
-170	3	0.011771
-170	3.1	0.011235
-170	3.2	0.011426
-170	3.3	0.012158
-170	3.4	0.010768
-170	3.5	0.010674
-170	3.6	0.0090893
-170	3.7	0.009241
-170	3.8	0.0078921
-170	3.9	0.0095607
-170	4	0.0098439
-160	-4	0.0091778
-160	-3.9	0.010742
-160	-3.8	0.0094622
-160	-3.7	0.010004
-160	-3.6	0.0094263
-160	-3.5	0.00967
-160	-3.4	0.0099906
-160	-3.3	0.010845
-160	-3.2	0.011051
-160	-3.1	0.011346
-160	-3	0.011832
-160	-2.9	0.013772
-160	-2.8	0.015065
-160	-2.7	0.017573
-160	-2.6	0.021318
-160	-2.5	0.023467
-160	-2.4	0.025469
-160	-2.3	0.027043
-160	-2.2	0.028589
-160	-2.1	0.031227
-160	-2	0.033379
-160	-1.9	0.034561
-160	-1.8	0.034365
-160	-1.7	0.033576
-160	-1.6	0.030848
-160	-1.5	0.029351
-160	-1.4	0.028952
-160	-1.3	0.031623
-160	-1.2	0.036751
-160	-1.1	0.044859
-160	-1	0.052065
-160	-0.9	0.056909
-160	-0.8	0.057492
-160	-0.7	0.054536
-160	-0.6	0.049101
-160	-0.5	0.041862
-160	-0.4	0.031216
-160	-0.3	0.026174
-160	-0.2	0.022124
-160	-0.1	0.020355
-160	0	0.020431
-160	0.1	0.02023
-160	0.2	0.020805
-160	0.3	0.02259
-160	0.4	0.027818
-160	0.5	0.036607
-160	0.6	0.042351
-160	0.7	0.049235
-160	0.8	0.051883
-160	0.9	0.053112
-160	1	0.051074
-160	1.1	0.048181
-160	1.2	0.043288
-160	1.3	0.040391
-160	1.4	0.03734
-160	1.5	0.034639
-160	1.6	0.033483
-160	1.7	0.03243
-160	1.8	0.032107
-160	1.9	0.030593
-160	2	0.029571
-160	2.1	0.028867
-160	2.2	0.026832
-160	2.3	0.0258
-160	2.4	0.02468
-160	2.5	0.022798
-160	2.6	0.019917
-160	2.7	0.018505
-160	2.8	0.016475
-160	2.9	0.015249
-160	3	0.014227
-160	3.1	0.01406
-160	3.2	0.013018
-160	3.3	0.012686
-160	3.4	0.011541
-160	3.5	0.010928
-160	3.6	0.011362
-160	3.7	0.011217
-160	3.8	0.011916
-160	3.9	0.012487
-160	4	0.010807
-150	-4	0.0087616
-150	-3.9	0.0095235
-150	-3.8	0.009248
-150	-3.7	0.0086987
-150	-3.6	0.010119
-150	-3.5	0.0090876
-150	-3.4	0.010786
-150	-3.3	0.011551
-150	-3.2	0.011432
-150	-3.1	0.012493
-150	-3	0.012971
-150	-2.9	0.013189
-150	-2.8	0.015738
-150	-2.7	0.018474
-150	-2.6	0.021886
-150	-2.5	0.024567
-150	-2.4	0.027849
-150	-2.3	0.029864
-150	-2.2	0.031284
-150	-2.1	0.032099
-150	-2	0.032295
-150	-1.9	0.032012
-150	-1.8	0.031872
-150	-1.7	0.031288
-150	-1.6	0.031095
-150	-1.5	0.03051
-150	-1.4	0.03056
-150	-1.3	0.03229
-150	-1.2	0.036724
-150	-1.1	0.043481
-150	-1	0.050375
-150	-0.9	0.054936
-150	-0.8	0.056486
-150	-0.7	0.053814
-150	-0.6	0.048084
-150	-0.5	0.042328
-150	-0.4	0.034462
-150	-0.3	0.025951
-150	-0.2	0.021677
-150	-0.1	0.020571
-150	0	0.019643
-150	0.1	0.019629
-150	0.2	0.019666
-150	0.3	0.024244
-150	0.4	0.03075
-150	0.5	0.039641
-150	0.6	0.048154
-150	0.7	0.052925
-150	0.8	0.056289
-150	0.9	0.056339
-150	1	0.053411
-150	1.1	0.049806
-150	1.2	0.043988
-150	1.3	0.040881
-150	1.4	0.037946
-150	1.5	0.036211
-150	1.6	0.035011
-150	1.7	0.033366
-150	1.8	0.031853
-150	1.9	0.029802
-150	2	0.02798
-150	2.1	0.025612
-150	2.2	0.02437
-150	2.3	0.022441
-150	2.4	0.021561
-150	2.5	0.019598
-150	2.6	0.017673
-150	2.7	0.016065
-150	2.8	0.013751
-150	2.9	0.012265
-150	3	0.011599
-150	3.1	0.010769
-150	3.2	0.01017
-150	3.3	0.01024
-150	3.4	0.010736
-150	3.5	0.011048
-150	3.6	0.0097565
-150	3.7	0.010202
-150	3.8	0.010396
-150	3.9	0.010265
-150	4	0.01054
-140	-4	0.0098783
-140	-3.9	0.0087561
-140	-3.8	0.0094758
-140	-3.7	0.0092392
-140	-3.6	0.011164
-140	-3.5	0.010757
-140	-3.4	0.011531
-140	-3.3	0.011524
-140	-3.2	0.011102
-140	-3.1	0.011492
-140	-3	0.011477
-140	-2.9	0.014903
-140	-2.8	0.017411
-140	-2.7	0.021853
-140	-2.6	0.023744
-140	-2.5	0.025416
-140	-2.4	0.02523
-140	-2.3	0.026606
-140	-2.2	0.028121
-140	-2.1	0.030247
-140	-2	0.031541
-140	-1.9	0.033005
-140	-1.8	0.031896
-140	-1.7	0.030634
-140	-1.6	0.027413
-140	-1.5	0.026137
-140	-1.4	0.026564
-140	-1.3	0.032348
-140	-1.2	0.037484
-140	-1.1	0.046677
-140	-1	0.053631
-140	-0.9	0.057121
-140	-0.8	0.056496
-140	-0.7	0.053294
-140	-0.6	0.043935
-140	-0.5	0.037111
-140	-0.4	0.028265
-140	-0.3	0.023592
-140	-0.2	0.020805
-140	-0.1	0.020321
-140	0	0.020001
-140	0.1	0.019544
-140	0.2	0.022541
-140	0.3	0.026262
-140	0.4	0.035016
-140	0.5	0.041712
-140	0.6	0.047069
-140	0.7	0.052352
-140	0.8	0.054367
-140	0.9	0.053658
-140	1	0.049861
-140	1.1	0.044533
-140	1.2	0.040343
-140	1.3	0.037174
-140	1.4	0.034425
-140	1.5	0.033479
-140	1.6	0.03399
-140	1.7	0.033305
-140	1.8	0.032488
-140	1.9	0.030855
-140	2	0.029227
-140	2.1	0.026358
-140	2.2	0.025279
-140	2.3	0.023721
-140	2.4	0.023033
-140	2.5	0.021889
-140	2.6	0.020241
-140	2.7	0.017958
-140	2.8	0.015864
-140	2.9	0.014469
-140	3	0.011868
-140	3.1	0.011321
-140	3.2	0.011834
-140	3.3	0.011552
-140	3.4	0.0125
-140	3.5	0.012389
-140	3.6	0.012163
-140	3.7	0.011294
-140	3.8	0.011615
-140	3.9	0.010854
-140	4	0.010055
-130	-4	0.0090323
-130	-3.9	0.010565
-130	-3.8	0.0094827
-130	-3.7	0.0083013
-130	-3.6	0.0088862
-130	-3.5	0.01011
-130	-3.4	0.010475
-130	-3.3	0.010933
-130	-3.2	0.010757
-130	-3.1	0.012266
-130	-3	0.013275
-130	-2.9	0.016104
-130	-2.8	0.019609
-130	-2.7	0.022223
-130	-2.6	0.023558
-130	-2.5	0.025642
-130	-2.4	0.026728
-130	-2.3	0.028132
-130	-2.2	0.029864
-130	-2.1	0.031971
-130	-2	0.032951
-130	-1.9	0.033054
-130	-1.8	0.031863
-130	-1.7	0.028972
-130	-1.6	0.026645
-130	-1.5	0.02526
-130	-1.4	0.02713
-130	-1.3	0.032522
-130	-1.2	0.0396
-130	-1.1	0.049126
-130	-1	0.054861
-130	-0.9	0.05619
-130	-0.8	0.053341
-130	-0.7	0.047686
-130	-0.6	0.039743
-130	-0.5	0.032724
-130	-0.4	0.027532
-130	-0.3	0.022245
-130	-0.2	0.020618
-130	-0.1	0.02057
-130	0	0.020551
-130	0.1	0.021376
-130	0.2	0.023402
-130	0.3	0.031026
-130	0.4	0.036277
-130	0.5	0.044003
-130	0.6	0.0481
-130	0.7	0.05209
-130	0.8	0.052317
-130	0.9	0.049998
-130	1	0.047378
-130	1.1	0.043508
-130	1.2	0.039067
-130	1.3	0.034255
-130	1.4	0.032803
-130	1.5	0.031293
-130	1.6	0.031193
-130	1.7	0.030706
-130	1.8	0.030876
-130	1.9	0.030551
-130	2	0.028937
-130	2.1	0.026899
-130	2.2	0.024822
-130	2.3	0.022382
-130	2.4	0.020674
-130	2.5	0.018935
-130	2.6	0.018408
-130	2.7	0.017521
-130	2.8	0.016263
-130	2.9	0.015746
-130	3	0.014998
-130	3.1	0.013035
-130	3.2	0.012457
-130	3.3	0.012148
-130	3.4	0.012275
-130	3.5	0.012912
-130	3.6	0.011837
-130	3.7	0.013328
-130	3.8	0.012166
-130	3.9	0.011482
-130	4	0.011585
-120	-4	0.0084173
-120	-3.9	0.0081122
-120	-3.8	0.0079228
-120	-3.7	0.009613
-120	-3.6	0.01076
-120	-3.5	0.011102
-120	-3.4	0.011002
-120	-3.3	0.010739
-120	-3.2	0.0112
-120	-3.1	0.011285
-120	-3	0.013841
-120	-2.9	0.017306
-120	-2.8	0.019743
-120	-2.7	0.021387
-120	-2.6	0.022356
-120	-2.5	0.022847
-120	-2.4	0.024669
-120	-2.3	0.026059
-120	-2.2	0.029021
-120	-2.1	0.031054
-120	-2	0.032779
-120	-1.9	0.031544
-120	-1.8	0.029103
-120	-1.7	0.026545
-120	-1.6	0.022879
-120	-1.5	0.023351
-120	-1.4	0.029056
-120	-1.3	0.035997
-120	-1.2	0.04183
-120	-1.1	0.05063
-120	-1	0.054363
-120	-0.9	0.053646
-120	-0.8	0.049884
-120	-0.7	0.044172
-120	-0.6	0.036717
-120	-0.5	0.02955
-120	-0.4	0.024119
-120	-0.3	0.021677
-120	-0.2	0.02082
-120	-0.1	0.020512
-120	0	0.019901
-120	0.1	0.021127
-120	0.2	0.024294
-120	0.3	0.031326
-120	0.4	0.036757
-120	0.5	0.042462
-120	0.6	0.048595
-120	0.7	0.050702
-120	0.8	0.050815
-120	0.9	0.048903
-120	1	0.044986
-120	1.1	0.040604
-120	1.2	0.037211
-120	1.3	0.034351
-120	1.4	0.032629
-120	1.5	0.03194
-120	1.6	0.031808
-120	1.7	0.031708
-120	1.8	0.031678
-120	1.9	0.031427
-120	2	0.030752
-120	2.1	0.029819
-120	2.2	0.028113
-120	2.3	0.025268
-120	2.4	0.021659
-120	2.5	0.020113
-120	2.6	0.017078
-120	2.7	0.015672
-120	2.8	0.015344
-120	2.9	0.014304
-120	3	0.014239
-120	3.1	0.013433
-120	3.2	0.012395
-120	3.3	0.011696
-120	3.4	0.011007
-120	3.5	0.010763
-120	3.6	0.011034
-120	3.7	0.012166
-120	3.8	0.012903
-120	3.9	0.011543
-120	4	0.010526
-110	-4	0.0095675
-110	-3.9	0.0095726
-110	-3.8	0.0081678
-110	-3.7	0.0093574
-110	-3.6	0.010741
-110	-3.5	0.012695
-110	-3.4	0.012562
-110	-3.3	0.01272
-110	-3.2	0.011135
-110	-3.1	0.011405
-110	-3	0.012771
-110	-2.9	0.01631
-110	-2.8	0.019881
-110	-2.7	0.02364
-110	-2.6	0.025021
-110	-2.5	0.025315
-110	-2.4	0.026005
-110	-2.3	0.026902
-110	-2.2	0.028207
-110	-2.1	0.02995
-110	-2	0.030922
-110	-1.9	0.031077
-110	-1.8	0.02893
-110	-1.7	0.026261
-110	-1.6	0.022765
-110	-1.5	0.022023
-110	-1.4	0.026432
-110	-1.3	0.035603
-110	-1.2	0.042935
-110	-1.1	0.049864
-110	-1	0.054627
-110	-0.9	0.054814
-110	-0.8	0.049665
-110	-0.7	0.043282
-110	-0.6	0.03488
-110	-0.5	0.028118
-110	-0.4	0.021311
-110	-0.3	0.020063
-110	-0.2	0.019601
-110	-0.1	0.019546
-110	0	0.02
-110	0.1	0.021903
-110	0.2	0.025448
-110	0.3	0.031159
-110	0.4	0.039322
-110	0.5	0.045286
-110	0.6	0.04931
-110	0.7	0.051018
-110	0.8	0.049972
-110	0.9	0.045189
-110	1	0.040943
-110	1.1	0.035551
-110	1.2	0.032132
-110	1.3	0.029887
-110	1.4	0.02906
-110	1.5	0.028683
-110	1.6	0.029287
-110	1.7	0.030283
-110	1.8	0.030278
-110	1.9	0.0295
-110	2	0.028585
-110	2.1	0.025992
-110	2.2	0.023846
-110	2.3	0.021798
-110	2.4	0.020122
-110	2.5	0.019819
-110	2.6	0.018191
-110	2.7	0.016905
-110	2.8	0.015162
-110	2.9	0.014666
-110	3	0.013538
-110	3.1	0.012951
-110	3.2	0.013261
-110	3.3	0.014089
-110	3.4	0.012966
-110	3.5	0.013438
-110	3.6	0.012625
-110	3.7	0.011845
-110	3.8	0.011843
-110	3.9	0.012635
-110	4	0.012461
-100	-4	0.010528
-100	-3.9	0.009116
-100	-3.8	0.008982
-100	-3.7	0.010373
-100	-3.6	0.010787
-100	-3.5	0.010528
-100	-3.4	0.011596
-100	-3.3	0.01139
-100	-3.2	0.010627
-100	-3.1	0.012168
-100	-3	0.011954
-100	-2.9	0.014433
-100	-2.8	0.017667
-100	-2.7	0.02027
-100	-2.6	0.022981
-100	-2.5	0.024781
-100	-2.4	0.026784
-100	-2.3	0.027443
-100	-2.2	0.028359
-100	-2.1	0.028874
-100	-2	0.02956
-100	-1.9	0.028503
-100	-1.8	0.026342
-100	-1.7	0.023981
-100	-1.6	0.022076
-100	-1.5	0.022608
-100	-1.4	0.027438
-100	-1.3	0.035398
-100	-1.2	0.041938
-100	-1.1	0.048855
-100	-1	0.052028
-100	-0.9	0.051501
-100	-0.8	0.047578
-100	-0.7	0.042006
-100	-0.6	0.035777
-100	-0.5	0.026733
-100	-0.4	0.023182
-100	-0.3	0.020283
-100	-0.2	0.019937
-100	-0.1	0.018892
-100	0	0.017528
-100	0.1	0.019116
-100	0.2	0.023774
-100	0.3	0.029604
-100	0.4	0.03889
-100	0.5	0.044575
-100	0.6	0.050739
-100	0.7	0.051298
-100	0.8	0.049642
-100	0.9	0.045764
-100	1	0.03969
-100	1.1	0.035095
-100	1.2	0.032458
-100	1.3	0.031249
-100	1.4	0.031191
-100	1.5	0.032374
-100	1.6	0.032436
-100	1.7	0.031698
-100	1.8	0.030949
-100	1.9	0.029336
-100	2	0.027087
-100	2.1	0.025925
-100	2.2	0.023967
-100	2.3	0.022018
-100	2.4	0.019396
-100	2.5	0.017823
-100	2.6	0.015247
-100	2.7	0.012475
-100	2.8	0.011604
-100	2.9	0.01098
-100	3	0.010098
-100	3.1	0.010318
-100	3.2	0.010134
-100	3.3	0.011328
-100	3.4	0.010417
-100	3.5	0.011392
-100	3.6	0.010097
-100	3.7	0.010307
-100	3.8	0.010448
-100	3.9	0.009811
-100	4	0.010597
-90	-4	0.0085695
-90	-3.9	0.008609
-90	-3.8	0.0085921
-90	-3.7	0.0098061
-90	-3.6	0.010798
-90	-3.5	0.010222
-90	-3.4	0.010267
-90	-3.3	0.0097482
-90	-3.2	0.0086034
-90	-3.1	0.0092392
-90	-3	0.01219
-90	-2.9	0.015506
-90	-2.8	0.018127
-90	-2.7	0.020265
-90	-2.6	0.021162
-90	-2.5	0.02148
-90	-2.4	0.022638
-90	-2.3	0.024693
-90	-2.2	0.027764
-90	-2.1	0.029471
-90	-2	0.030706
-90	-1.9	0.029545
-90	-1.8	0.027234
-90	-1.7	0.022425
-90	-1.6	0.020349
-90	-1.5	0.022709
-90	-1.4	0.029063
-90	-1.3	0.038308
-90	-1.2	0.046465
-90	-1.1	0.052048
-90	-1	0.054708
-90	-0.9	0.053369
-90	-0.8	0.047123
-90	-0.7	0.040225
-90	-0.6	0.032534
-90	-0.5	0.025793
-90	-0.4	0.020344
-90	-0.3	0.019094
-90	-0.2	0.018764
-90	-0.1	0.017688
-90	0	0.016405
-90	0.1	0.019403
-90	0.2	0.026095
-90	0.3	0.031401
-90	0.4	0.040565
-90	0.5	0.045915
-90	0.6	0.047866
-90	0.7	0.047219
-90	0.8	0.044252
-90	0.9	0.038098
-90	1	0.033534
-90	1.1	0.029955
-90	1.2	0.029169
-90	1.3	0.03015
-90	1.4	0.031567
-90	1.5	0.032199
-90	1.6	0.031803
-90	1.7	0.030513
-90	1.8	0.028751
-90	1.9	0.027526
-90	2	0.026481
-90	2.1	0.025845
-90	2.2	0.025066
-90	2.3	0.022713
-90	2.4	0.020312
-90	2.5	0.017601
-90	2.6	0.016092
-90	2.7	0.013023
-90	2.8	0.012269
-90	2.9	0.012032
-90	3	0.012558
-90	3.1	0.011966
-90	3.2	0.012384
-90	3.3	0.012012
-90	3.4	0.011785
-90	3.5	0.011795
-90	3.6	0.011908
-90	3.7	0.012358
-90	3.8	0.011026
-90	3.9	0.011338
-90	4	0.010164
-80	-4	0.0092672
-80	-3.9	0.0098242
-80	-3.8	0.0092567
-80	-3.7	0.0097217
-80	-3.6	0.010833
-80	-3.5	0.011734
-80	-3.4	0.01174
-80	-3.3	0.011113
-80	-3.2	0.0095861
-80	-3.1	0.0092602
-80	-3	0.011135
-80	-2.9	0.013874
-80	-2.8	0.01727
-80	-2.7	0.019544
-80	-2.6	0.020915
-80	-2.5	0.02276
-80	-2.4	0.024679
-80	-2.3	0.026648
-80	-2.2	0.028607
-80	-2.1	0.030519
-80	-2	0.030653
-80	-1.9	0.028438
-80	-1.8	0.026492
-80	-1.7	0.02198
-80	-1.6	0.020477
-80	-1.5	0.021979
-80	-1.4	0.028521
-80	-1.3	0.0375
-80	-1.2	0.044868
-80	-1.1	0.050632
-80	-1	0.052694
-80	-0.9	0.050447
-80	-0.8	0.045525
-80	-0.7	0.037764
-80	-0.6	0.030174
-80	-0.5	0.024978
-80	-0.4	0.020961
-80	-0.3	0.019896
-80	-0.2	0.019288
-80	-0.1	0.018003
-80	0	0.016589
-80	0.1	0.01953
-80	0.2	0.023812
-80	0.3	0.032965
-80	0.4	0.039683
-80	0.5	0.042774
-80	0.6	0.04618
-80	0.7	0.044905
-80	0.8	0.041843
-80	0.9	0.036001
-80	1	0.031486
-80	1.1	0.027905
-80	1.2	0.02713
-80	1.3	0.027962
-80	1.4	0.029124
-80	1.5	0.030363
-80	1.6	0.030791
-80	1.7	0.030306
-80	1.8	0.029624
-80	1.9	0.028804
-80	2	0.026669
-80	2.1	0.025545
-80	2.2	0.024129
-80	2.3	0.02217
-80	2.4	0.019894
-80	2.5	0.016516
-80	2.6	0.015278
-80	2.7	0.014329
-80	2.8	0.012278
-80	2.9	0.012399
-80	3	0.012062
-80	3.1	0.011667
-80	3.2	0.011286
-80	3.3	0.010903
-80	3.4	0.012227
-80	3.5	0.01283
-80	3.6	0.013734
-80	3.7	0.013186
-80	3.8	0.013584
-80	3.9	0.011834
-80	4	0.011456
-70	-4	0.011457
-70	-3.9	0.011062
-70	-3.8	0.011675
-70	-3.7	0.012209
-70	-3.6	0.011222
-70	-3.5	0.011338
-70	-3.4	0.011671
-70	-3.3	0.0097813
-70	-3.2	0.0099695
-70	-3.1	0.009778
-70	-3	0.013394
-70	-2.9	0.013986
-70	-2.8	0.016242
-70	-2.7	0.017931
-70	-2.6	0.019535
-70	-2.5	0.022226
-70	-2.4	0.025936
-70	-2.3	0.029247
-70	-2.2	0.03187
-70	-2.1	0.034019
-70	-2	0.033794
-70	-1.9	0.030511
-70	-1.8	0.026686
-70	-1.7	0.02086
-70	-1.6	0.019413
-70	-1.5	0.022665
-70	-1.4	0.030552
-70	-1.3	0.037348
-70	-1.2	0.045155
-70	-1.1	0.051194
-70	-1	0.051516
-70	-0.9	0.049388
-70	-0.8	0.043114
-70	-0.7	0.035296
-70	-0.6	0.028997
-70	-0.5	0.023682
-70	-0.4	0.020123
-70	-0.3	0.019383
-70	-0.2	0.019255
-70	-0.1	0.017752
-70	0	0.017531
-70	0.1	0.020289
-70	0.2	0.024184
-70	0.3	0.031566
-70	0.4	0.037925
-70	0.5	0.041602
-70	0.6	0.044114
-70	0.7	0.0429
-70	0.8	0.039474
-70	0.9	0.033666
-70	1	0.030665
-70	1.1	0.02706
-70	1.2	0.026251
-70	1.3	0.027131
-70	1.4	0.029077
-70	1.5	0.029874
-70	1.6	0.030298
-70	1.7	0.029909
-70	1.8	0.029134
-70	1.9	0.027952
-70	2	0.026253
-70	2.1	0.024949
-70	2.2	0.022792
-70	2.3	0.020817
-70	2.4	0.01841
-70	2.5	0.015987
-70	2.6	0.013888
-70	2.7	0.012639
-70	2.8	0.011618
-70	2.9	0.011855
-70	3	0.011828
-70	3.1	0.011279
-70	3.2	0.012111
-70	3.3	0.010503
-70	3.4	0.011263
-70	3.5	0.011286
-70	3.6	0.011492
-70	3.7	0.012095
-70	3.8	0.011454
-70	3.9	0.012095
-70	4	0.010401
-60	-4	0.012099
-60	-3.9	0.01176
-60	-3.8	0.011353
-60	-3.7	0.011272
-60	-3.6	0.011059
-60	-3.5	0.011266
-60	-3.4	0.011709
-60	-3.3	0.011395
-60	-3.2	0.010469
-60	-3.1	0.010926
-60	-3	0.011399
-60	-2.9	0.012816
-60	-2.8	0.016266
-60	-2.7	0.018252
-60	-2.6	0.021008
-60	-2.5	0.024004
-60	-2.4	0.026203
-60	-2.3	0.02913
-60	-2.2	0.032074
-60	-2.1	0.032765
-60	-2	0.031826
-60	-1.9	0.029569
-60	-1.8	0.024732
-60	-1.7	0.021763
-60	-1.6	0.01944
-60	-1.5	0.020475
-60	-1.4	0.025665
-60	-1.3	0.03446
-60	-1.2	0.042391
-60	-1.1	0.048955
-60	-1	0.051166
-60	-0.9	0.049193
-60	-0.8	0.044989
-60	-0.7	0.037427
-60	-0.6	0.030794
-60	-0.5	0.024225
-60	-0.4	0.021767
-60	-0.3	0.019825
-60	-0.2	0.019281
-60	-0.1	0.01737
-60	0	0.015883
-60	0.1	0.01702
-60	0.2	0.022762
-60	0.3	0.029528
-60	0.4	0.03771
-60	0.5	0.041882
-60	0.6	0.044401
-60	0.7	0.042753
-60	0.8	0.040497
-60	0.9	0.035293
-60	1	0.029973
-60	1.1	0.026488
-60	1.2	0.025051
-60	1.3	0.026038
-60	1.4	0.02881
-60	1.5	0.030406
-60	1.6	0.031174
-60	1.7	0.030588
-60	1.8	0.029186
-60	1.9	0.027365
-60	2	0.024692
-60	2.1	0.023342
-60	2.2	0.021394
-60	2.3	0.019898
-60	2.4	0.01718
-60	2.5	0.015193
-60	2.6	0.013336
-60	2.7	0.01139
-60	2.8	0.010857
-60	2.9	0.0097549
-60	3	0.011366
-60	3.1	0.011358
-60	3.2	0.011607
-60	3.3	0.010331
-60	3.4	0.010119
-60	3.5	0.010237
-60	3.6	0.01154
-60	3.7	0.012075
-60	3.8	0.011928
-60	3.9	0.012426
-60	4	0.011309
-50	-4	0.01229
-50	-3.9	0.012043
-50	-3.8	0.011405
-50	-3.7	0.011803
-50	-3.6	0.011604
-50	-3.5	0.012221
-50	-3.4	0.011315
-50	-3.3	0.01035
-50	-3.2	0.010829
-50	-3.1	0.010644
-50	-3	0.011004
-50	-2.9	0.013184
-50	-2.8	0.015275
-50	-2.7	0.018442
-50	-2.6	0.020732
-50	-2.5	0.024361
-50	-2.4	0.02662
-50	-2.3	0.029372
-50	-2.2	0.032606
-50	-2.1	0.033573
-50	-2	0.033701
-50	-1.9	0.029925
-50	-1.8	0.025995
-50	-1.7	0.021348
-50	-1.6	0.018534
-50	-1.5	0.019772
-50	-1.4	0.025574
-50	-1.3	0.034634
-50	-1.2	0.043125
-50	-1.1	0.049047
-50	-1	0.051142
-50	-0.9	0.04878
-50	-0.8	0.044945
-50	-0.7	0.03626
-50	-0.6	0.030936
-50	-0.5	0.025176
-50	-0.4	0.020688
-50	-0.3	0.019689
-50	-0.2	0.019104
-50	-0.1	0.017787
-50	0	0.01622
-50	0.1	0.01715
-50	0.2	0.021807
-50	0.3	0.027127
-50	0.4	0.033202
-50	0.5	0.040087
-50	0.6	0.042622
-50	0.7	0.0422
-50	0.8	0.038191
-50	0.9	0.033986
-50	1	0.029226
-50	1.1	0.025073
-50	1.2	0.023723
-50	1.3	0.024587
-50	1.4	0.026231
-50	1.5	0.02792
-50	1.6	0.02873
-50	1.7	0.02978
-50	1.8	0.028789
-50	1.9	0.027806
-50	2	0.026697
-50	2.1	0.024943
-50	2.2	0.022057
-50	2.3	0.019501
-50	2.4	0.016253
-50	2.5	0.015097
-50	2.6	0.012664
-50	2.7	0.01169
-50	2.8	0.011296
-50	2.9	0.011596
-50	3	0.011578
-50	3.1	0.01119
-50	3.2	0.010673
-50	3.3	0.011282
-50	3.4	0.011359
-50	3.5	0.011373
-50	3.6	0.012124
-50	3.7	0.011864
-50	3.8	0.011395
-50	3.9	0.011419
-50	4	0.01109
-40	-4	0.01155
-40	-3.9	0.011439
-40	-3.8	0.012075
-40	-3.7	0.012832
-40	-3.6	0.013049
-40	-3.5	0.013848
-40	-3.4	0.013213
-40	-3.3	0.012031
-40	-3.2	0.010441
-40	-3.1	0.0094554
-40	-3	0.0098816
-40	-2.9	0.012262
-40	-2.8	0.015908
-40	-2.7	0.017679
-40	-2.6	0.020611
-40	-2.5	0.021711
-40	-2.4	0.025665
-40	-2.3	0.029486
-40	-2.2	0.035151
-40	-2.1	0.037545
-40	-2	0.037862
-40	-1.9	0.035634
-40	-1.8	0.029146
-40	-1.7	0.022742
-40	-1.6	0.019141
-40	-1.5	0.021049
-40	-1.4	0.027096
-40	-1.3	0.035017
-40	-1.2	0.043347
-40	-1.1	0.048435
-40	-1	0.049337
-40	-0.9	0.047557
-40	-0.8	0.041806
-40	-0.7	0.036608
-40	-0.6	0.029336
-40	-0.5	0.025316
-40	-0.4	0.021705
-40	-0.3	0.020814
-40	-0.2	0.019488
-40	-0.1	0.017899
-40	0	0.017251
-40	0.1	0.019465
-40	0.2	0.024687
-40	0.3	0.028023
-40	0.4	0.033875
-40	0.5	0.037627
-40	0.6	0.039234
-40	0.7	0.037689
-40	0.8	0.035044
-40	0.9	0.030381
-40	1	0.02563
-40	1.1	0.023379
-40	1.2	0.022908
-40	1.3	0.023901
-40	1.4	0.025833
-40	1.5	0.027894
-40	1.6	0.029098
-40	1.7	0.029468
-40	1.8	0.02974
-40	1.9	0.028625
-40	2	0.02714
-40	2.1	0.02514
-40	2.2	0.023267
-40	2.3	0.020186
-40	2.4	0.017021
-40	2.5	0.014304
-40	2.6	0.013034
-40	2.7	0.01234
-40	2.8	0.010896
-40	2.9	0.011369
-40	3	0.010673
-40	3.1	0.011434
-40	3.2	0.010552
-40	3.3	0.01145
-40	3.4	0.011813
-40	3.5	0.012987
-40	3.6	0.012932
-40	3.7	0.013556
-40	3.8	0.01229
-40	3.9	0.012297
-40	4	0.012179
-30	-4	0.012166
-30	-3.9	0.011841
-30	-3.8	0.012042
-30	-3.7	0.01265
-30	-3.6	0.012998
-30	-3.5	0.013466
-30	-3.4	0.013243
-30	-3.3	0.011974
-30	-3.2	0.010911
-30	-3.1	0.0096533
-30	-3	0.009911
-30	-2.9	0.012564
-30	-2.8	0.014913
-30	-2.7	0.017724
-30	-2.6	0.019574
-30	-2.5	0.022549
-30	-2.4	0.026782
-30	-2.3	0.03082
-30	-2.2	0.033964
-30	-2.1	0.035549
-30	-2	0.035736
-30	-1.9	0.034498
-30	-1.8	0.029709
-30	-1.7	0.025741
-30	-1.6	0.021085
-30	-1.5	0.018717
-30	-1.4	0.020304
-30	-1.3	0.02746
-30	-1.2	0.036595
-30	-1.1	0.044144
-30	-1	0.049442
-30	-0.9	0.048993
-30	-0.8	0.045386
-30	-0.7	0.039319
-30	-0.6	0.032325
-30	-0.5	0.025215
-30	-0.4	0.022826
-30	-0.3	0.020473
-30	-0.2	0.02046
-30	-0.1	0.018846
-30	0	0.017892
-30	0.1	0.017788
-30	0.2	0.020378
-30	0.3	0.027226
-30	0.4	0.031526
-30	0.5	0.036766
-30	0.6	0.040543
-30	0.7	0.040689
-30	0.8	0.03744
-30	0.9	0.033751
-30	1	0.027243
-30	1.1	0.023789
-30	1.2	0.022688
-30	1.3	0.02441
-30	1.4	0.027052
-30	1.5	0.029132
-30	1.6	0.030377
-30	1.7	0.030278
-30	1.8	0.028812
-30	1.9	0.02572
-30	2	0.024386
-30	2.1	0.022379
-30	2.2	0.020218
-30	2.3	0.018568
-30	2.4	0.016637
-30	2.5	0.014799
-30	2.6	0.012972
-30	2.7	0.011545
-30	2.8	0.0096348
-30	2.9	0.0096666
-30	3	0.011446
-30	3.1	0.011436
-30	3.2	0.011864
-30	3.3	0.011232
-30	3.4	0.011828
-30	3.5	0.012582
-30	3.6	0.011996
-30	3.7	0.012068
-30	3.8	0.011457
-30	3.9	0.011882
-30	4	0.01159
-20	-4	0.012421
-20	-3.9	0.011419
-20	-3.8	0.011132
-20	-3.7	0.011132
-20	-3.6	0.012829
-20	-3.5	0.013309
-20	-3.4	0.013717
-20	-3.3	0.012043
-20	-3.2	0.010577
-20	-3.1	0.009997
-20	-3	0.010205
-20	-2.9	0.013246
-20	-2.8	0.014968
-20	-2.7	0.01745
-20	-2.6	0.020021
-20	-2.5	0.023305
-20	-2.4	0.025121
-20	-2.3	0.029886
-20	-2.2	0.033768
-20	-2.1	0.036941
-20	-2	0.039022
-20	-1.9	0.038305
-20	-1.8	0.034041
-20	-1.7	0.029538
-20	-1.6	0.022081
-20	-1.5	0.017588
-20	-1.4	0.020378
-20	-1.3	0.026534
-20	-1.2	0.035913
-20	-1.1	0.045725
-20	-1	0.048433
-20	-0.9	0.049114
-20	-0.8	0.045871
-20	-0.7	0.040437
-20	-0.6	0.033537
-20	-0.5	0.026258
-20	-0.4	0.02245
-20	-0.3	0.01999
-20	-0.2	0.020008
-20	-0.1	0.019302
-20	0	0.018204
-20	0.1	0.01855
-20	0.2	0.023219
-20	0.3	0.026764
-20	0.4	0.032902
-20	0.5	0.037623
-20	0.6	0.038878
-20	0.7	0.039072
-20	0.8	0.036455
-20	0.9	0.031316
-20	1	0.028104
-20	1.1	0.023282
-20	1.2	0.022316
-20	1.3	0.02291
-20	1.4	0.023657
-20	1.5	0.025249
-20	1.6	0.02648
-20	1.7	0.02637
-20	1.8	0.025788
-20	1.9	0.024764
-20	2	0.023632
-20	2.1	0.021798
-20	2.2	0.020371
-20	2.3	0.018844
-20	2.4	0.016695
-20	2.5	0.01461
-20	2.6	0.013353
-20	2.7	0.011708
-20	2.8	0.0098357
-20	2.9	0.0094434
-20	3	0.0099354
-20	3.1	0.010549
-20	3.2	0.010813
-20	3.3	0.011018
-20	3.4	0.011668
-20	3.5	0.011489
-20	3.6	0.01186
-20	3.7	0.012047
-20	3.8	0.011093
-20	3.9	0.01076
-20	4	0.011453
-10	-4	0.012311
-10	-3.9	0.013462
-10	-3.8	0.013485
-10	-3.7	0.012866
-10	-3.6	0.013756
-10	-3.5	0.013227
-10	-3.4	0.012906
-10	-3.3	0.011871
-10	-3.2	0.010742
-10	-3.1	0.010888
-10	-3	0.0098849
-10	-2.9	0.011763
-10	-2.8	0.014277
-10	-2.7	0.015577
-10	-2.6	0.017614
-10	-2.5	0.021936
-10	-2.4	0.026171
-10	-2.3	0.032298
-10	-2.2	0.037389
-10	-2.1	0.041118
-10	-2	0.042363
-10	-1.9	0.040425
-10	-1.8	0.036468
-10	-1.7	0.028635
-10	-1.6	0.022872
-10	-1.5	0.018671
-10	-1.4	0.019918
-10	-1.3	0.026566
-10	-1.2	0.032762
-10	-1.1	0.040685
-10	-1	0.045368
-10	-0.9	0.045322
-10	-0.8	0.043503
-10	-0.7	0.038433
-10	-0.6	0.032514
-10	-0.5	0.026906
-10	-0.4	0.022416
-10	-0.3	0.021205
-10	-0.2	0.019996
-10	-0.1	0.020338
-10	0	0.019442
-10	0.1	0.019729
-10	0.2	0.021475
-10	0.3	0.02421
-10	0.4	0.02851
-10	0.5	0.033692
-10	0.6	0.035932
-10	0.7	0.037559
-10	0.8	0.035689
-10	0.9	0.031975
-10	1	0.027768
-10	1.1	0.024888
-10	1.2	0.022827
-10	1.3	0.022029
-10	1.4	0.022783
-10	1.5	0.02498
-10	1.6	0.026985
-10	1.7	0.027229
-10	1.8	0.027757
-10	1.9	0.027663
-10	2	0.026248
-10	2.1	0.024225
-10	2.2	0.022541
-10	2.3	0.020047
-10	2.4	0.017876
-10	2.5	0.015078
-10	2.6	0.01355
-10	2.7	0.012144
-10	2.8	0.01097
-10	2.9	0.010683
-10	3	0.010441
-10	3.1	0.010728
-10	3.2	0.012151
-10	3.3	0.01282
-10	3.4	0.013338
-10	3.5	0.013065
-10	3.6	0.012447
-10	3.7	0.011465
-10	3.8	0.011276
-10	3.9	0.012118
-10	4	0.011854
0	-4	0.013806
0	-3.9	0.013712
0	-3.8	0.012387
0	-3.7	0.012873
0	-3.6	0.012311
0	-3.5	0.012256
0	-3.4	0.013403
0	-3.3	0.012829
0	-3.2	0.011434
0	-3.1	0.0098406
0	-3	0.0091496
0	-2.9	0.011331
0	-2.8	0.013372
0	-2.7	0.015993
0	-2.6	0.018364
0	-2.5	0.022408
0	-2.4	0.027753
0	-2.3	0.032977
0	-2.2	0.03713
0	-2.1	0.040208
0	-2	0.041737
0	-1.9	0.040887
0	-1.8	0.037555
0	-1.7	0.031428
0	-1.6	0.025456
0	-1.5	0.018318
0	-1.4	0.017521
0	-1.3	0.021601
0	-1.2	0.028861
0	-1.1	0.037316
0	-1	0.042414
0	-0.9	0.043662
0	-0.8	0.042583
0	-0.7	0.038655
0	-0.6	0.032888
0	-0.5	0.028931
0	-0.4	0.023674
0	-0.3	0.021077
0	-0.2	0.020251
0	-0.1	0.019724
0	0	0.019401
0	0.1	0.018474
0	0.2	0.019579
0	0.3	0.024119
0	0.4	0.028306
0	0.5	0.0321
0	0.6	0.035412
0	0.7	0.036552
0	0.8	0.035688
0	0.9	0.033541
0	1	0.029993
0	1.1	0.025717
0	1.2	0.023451
0	1.3	0.021611
0	1.4	0.021945
0	1.5	0.023443
0	1.6	0.025219
0	1.7	0.026499
0	1.8	0.027919
0	1.9	0.027977
0	2	0.027069
0	2.1	0.024875
0	2.2	0.021564
0	2.3	0.019229
0	2.4	0.016626
0	2.5	0.01282
0	2.6	0.011849
0	2.7	0.011328
0	2.8	0.011196
0	2.9	0.010503
0	3	0.010007
0	3.1	0.0096281
0	3.2	0.0094929
0	3.3	0.010285
0	3.4	0.011206
0	3.5	0.011261
0	3.6	0.011626
0	3.7	0.012001
0	3.8	0.011708
0	3.9	0.011352
0	4	0.01143
10	-4	0.013133
10	-3.9	0.013945
10	-3.8	0.01405
10	-3.7	0.013898
10	-3.6	0.013502
10	-3.5	0.014045
10	-3.4	0.01338
10	-3.3	0.012751
10	-3.2	0.011954
10	-3.1	0.0096365
10	-3	0.0097945
10	-2.9	0.012224
10	-2.8	0.013103
10	-2.7	0.015352
10	-2.6	0.018111
10	-2.5	0.020478
10	-2.4	0.024643
10	-2.3	0.031403
10	-2.2	0.036722
10	-2.1	0.040707
10	-2	0.04319
10	-1.9	0.043448
10	-1.8	0.039192
10	-1.7	0.033181
10	-1.6	0.027928
10	-1.5	0.022802
10	-1.4	0.018733
10	-1.3	0.021091
10	-1.2	0.026309
10	-1.1	0.035427
10	-1	0.040102
10	-0.9	0.044013
10	-0.8	0.04425
10	-0.7	0.041282
10	-0.6	0.035447
10	-0.5	0.030874
10	-0.4	0.024345
10	-0.3	0.020751
10	-0.2	0.018506
10	-0.1	0.018023
10	0	0.018046
10	0.1	0.018347
10	0.2	0.019393
10	0.3	0.023571
10	0.4	0.02684
10	0.5	0.031535
10	0.6	0.03417
10	0.7	0.035519
10	0.8	0.035906
10	0.9	0.033809
10	1	0.031227
10	1.1	0.027548
10	1.2	0.024128
10	1.3	0.022356
10	1.4	0.022274
10	1.5	0.022734
10	1.6	0.023967
10	1.7	0.02532
10	1.8	0.02631
10	1.9	0.02591
10	2	0.024893
10	2.1	0.023732
10	2.2	0.021026
10	2.3	0.01934
10	2.4	0.016988
10	2.5	0.014563
10	2.6	0.012595
10	2.7	0.011259
10	2.8	0.010309
10	2.9	0.010505
10	3	0.010248
10	3.1	0.01041
10	3.2	0.010568
10	3.3	0.011331
10	3.4	0.010853
10	3.5	0.011649
10	3.6	0.011976
10	3.7	0.012499
10	3.8	0.012382
10	3.9	0.012992
10	4	0.012293
20	-4	0.01421
20	-3.9	0.013917
20	-3.8	0.013343
20	-3.7	0.013672
20	-3.6	0.013664
20	-3.5	0.013323
20	-3.4	0.013144
20	-3.3	0.013041
20	-3.2	0.012704
20	-3.1	0.012215
20	-3	0.010529
20	-2.9	0.01032
20	-2.8	0.010719
20	-2.7	0.013717
20	-2.6	0.017744
20	-2.5	0.021286
20	-2.4	0.023721
20	-2.3	0.029458
20	-2.2	0.034172
20	-2.1	0.039267
20	-2	0.042275
20	-1.9	0.043062
20	-1.8	0.04129
20	-1.7	0.036867
20	-1.6	0.031288
20	-1.5	0.02578
20	-1.4	0.020414
20	-1.3	0.020292
20	-1.2	0.024105
20	-1.1	0.030745
20	-1	0.037482
20	-0.9	0.042245
20	-0.8	0.044482
20	-0.7	0.042315
20	-0.6	0.037214
20	-0.5	0.031772
20	-0.4	0.024737
20	-0.3	0.02074
20	-0.2	0.018719
20	-0.1	0.019049
20	0	0.018661
20	0.1	0.01836
20	0.2	0.018922
20	0.3	0.021455
20	0.4	0.025256
20	0.5	0.028542
20	0.6	0.032672
20	0.7	0.036073
20	0.8	0.036678
20	0.9	0.035733
20	1	0.03352
20	1.1	0.029486
20	1.2	0.025727
20	1.3	0.023581
20	1.4	0.02272
20	1.5	0.023704
20	1.6	0.024737
20	1.7	0.025791
20	1.8	0.026525
20	1.9	0.026686
20	2	0.025188
20	2.1	0.023502
20	2.2	0.021528
20	2.3	0.019658
20	2.4	0.017411
20	2.5	0.015158
20	2.6	0.014569
20	2.7	0.012829
20	2.8	0.01206
20	2.9	0.010243
20	3	0.0097283
20	3.1	0.0098488
20	3.2	0.011008
20	3.3	0.011112
20	3.4	0.012126
20	3.5	0.012631
20	3.6	0.012444
20	3.7	0.011845
20	3.8	0.011344
20	3.9	0.010276
20	4	0.010455
30	-4	0.013838
30	-3.9	0.013303
30	-3.8	0.011298
30	-3.7	0.012923
30	-3.6	0.014704
30	-3.5	0.014922
30	-3.4	0.016398
30	-3.3	0.015827
30	-3.2	0.014364
30	-3.1	0.011833
30	-3	0.010888
30	-2.9	0.010798
30	-2.8	0.012029
30	-2.7	0.014629
30	-2.6	0.017438
30	-2.5	0.019851
30	-2.4	0.022219
30	-2.3	0.025574
30	-2.2	0.029692
30	-2.1	0.035829
30	-2	0.040396
30	-1.9	0.04409
30	-1.8	0.044494
30	-1.7	0.041052
30	-1.6	0.035818
30	-1.5	0.026929
30	-1.4	0.021565
30	-1.3	0.01962
30	-1.2	0.023242
30	-1.1	0.029585
30	-1	0.038467
30	-0.9	0.04343
30	-0.8	0.045344
30	-0.7	0.044436
30	-0.6	0.038249
30	-0.5	0.032212
30	-0.4	0.025024
30	-0.3	0.020074
30	-0.2	0.016947
30	-0.1	0.016837
30	0	0.017329
30	0.1	0.016793
30	0.2	0.018638
30	0.3	0.020179
30	0.4	0.025199
30	0.5	0.029954
30	0.6	0.034676
30	0.7	0.037313
30	0.8	0.038603
30	0.9	0.036665
30	1	0.032681
30	1.1	0.029745
30	1.2	0.025124
30	1.3	0.022874
30	1.4	0.022306
30	1.5	0.022654
30	1.6	0.024127
30	1.7	0.024918
30	1.8	0.025023
30	1.9	0.023644
30	2	0.022804
30	2.1	0.020535
30	2.2	0.01864
30	2.3	0.017473
30	2.4	0.015883
30	2.5	0.014675
30	2.6	0.013881
30	2.7	0.012192
30	2.8	0.010818
30	2.9	0.0095235
30	3	0.0092742
30	3.1	0.0097084
30	3.2	0.0097333
30	3.3	0.010814
30	3.4	0.010946
30	3.5	0.011116
30	3.6	0.010636
30	3.7	0.011707
30	3.8	0.011186
30	3.9	0.011152
30	4	0.010759
40	-4	0.013873
40	-3.9	0.014131
40	-3.8	0.013758
40	-3.7	0.012956
40	-3.6	0.013388
40	-3.5	0.014585
40	-3.4	0.016225
40	-3.3	0.016625
40	-3.2	0.016824
40	-3.1	0.014347
40	-3	0.012191
40	-2.9	0.0098423
40	-2.8	0.010815
40	-2.7	0.012848
40	-2.6	0.014527
40	-2.5	0.017857
40	-2.4	0.020411
40	-2.3	0.024329
40	-2.2	0.031178
40	-2.1	0.03607
40	-2	0.042513
40	-1.9	0.044961
40	-1.8	0.045383
40	-1.7	0.041736
40	-1.6	0.036933
40	-1.5	0.029753
40	-1.4	0.023768
40	-1.3	0.021694
40	-1.2	0.023684
40	-1.1	0.028845
40	-1	0.037106
40	-0.9	0.043386
40	-0.8	0.045345
40	-0.7	0.043001
40	-0.6	0.037974
40	-0.5	0.031728
40	-0.4	0.024565
40	-0.3	0.020318
40	-0.2	0.017729
40	-0.1	0.017043
40	0	0.017095
40	0.1	0.017207
40	0.2	0.017624
40	0.3	0.019595
40	0.4	0.023645
40	0.5	0.028875
40	0.6	0.034248
40	0.7	0.03688
40	0.8	0.037955
40	0.9	0.035815
40	1	0.033268
40	1.1	0.027405
40	1.2	0.023301
40	1.3	0.021077
40	1.4	0.020216
40	1.5	0.021272
40	1.6	0.022989
40	1.7	0.02463
40	1.8	0.025298
40	1.9	0.024854
40	2	0.023829
40	2.1	0.022553
40	2.2	0.021082
40	2.3	0.020551
40	2.4	0.018367
40	2.5	0.016687
40	2.6	0.015074
40	2.7	0.01378
40	2.8	0.012564
40	2.9	0.0098275
40	3	0.010122
40	3.1	0.010379
40	3.2	0.010813
40	3.3	0.011158
40	3.4	0.011527
40	3.5	0.012562
40	3.6	0.012274
40	3.7	0.011982
40	3.8	0.012627
40	3.9	0.012447
40	4	0.011738
50	-4	0.01485
50	-3.9	0.01571
50	-3.8	0.01561
50	-3.7	0.014597
50	-3.6	0.015054
50	-3.5	0.014814
50	-3.4	0.014618
50	-3.3	0.014868
50	-3.2	0.015036
50	-3.1	0.013308
50	-3	0.011985
50	-2.9	0.010854
50	-2.8	0.010906
50	-2.7	0.012328
50	-2.6	0.013867
50	-2.5	0.017542
50	-2.4	0.020076
50	-2.3	0.025381
50	-2.2	0.030103
50	-2.1	0.033657
50	-2	0.040214
50	-1.9	0.042394
50	-1.8	0.043448
50	-1.7	0.042039
50	-1.6	0.037022
50	-1.5	0.031402
50	-1.4	0.026364
50	-1.3	0.022887
50	-1.2	0.022808
50	-1.1	0.027656
50	-1	0.033559
50	-0.9	0.04026
50	-0.8	0.044697
50	-0.7	0.045729
50	-0.6	0.042182
50	-0.5	0.03645
50	-0.4	0.030207
50	-0.3	0.024371
50	-0.2	0.017428
50	-0.1	0.01632
50	0	0.016453
50	0.1	0.016505
50	0.2	0.016024
50	0.3	0.017062
50	0.4	0.019416
50	0.5	0.025161
50	0.6	0.030197
50	0.7	0.034266
50	0.8	0.038
50	0.9	0.038927
50	1	0.037371
50	1.1	0.034211
50	1.2	0.029902
50	1.3	0.025769
50	1.4	0.022817
50	1.5	0.022194
50	1.6	0.022856
50	1.7	0.024519
50	1.8	0.025129
50	1.9	0.02506
50	2	0.024682
50	2.1	0.023637
50	2.2	0.022007
50	2.3	0.019939
50	2.4	0.018698
50	2.5	0.016377
50	2.6	0.014214
50	2.7	0.012549
50	2.8	0.010639
50	2.9	0.010336
50	3	0.0095928
50	3.1	0.010578
50	3.2	0.0097515
50	3.3	0.010049
50	3.4	0.010427
50	3.5	0.0088661
50	3.6	0.010358
50	3.7	0.011165
50	3.8	0.010912
50	3.9	0.010595
50	4	0.010601
60	-4	0.014494
60	-3.9	0.015176
60	-3.8	0.015958
60	-3.7	0.01503
60	-3.6	0.014354
60	-3.5	0.014561
60	-3.4	0.0148
60	-3.3	0.014629
60	-3.2	0.014812
60	-3.1	0.014212
60	-3	0.012363
60	-2.9	0.011204
60	-2.8	0.011008
60	-2.7	0.012156
60	-2.6	0.013444
60	-2.5	0.01541
60	-2.4	0.017762
60	-2.3	0.021874
60	-2.2	0.025007
60	-2.1	0.031476
60	-2	0.037114
60	-1.9	0.041823
60	-1.8	0.043368
60	-1.7	0.042444
60	-1.6	0.038098
60	-1.5	0.032464
60	-1.4	0.026326
60	-1.3	0.022785
60	-1.2	0.022964
60	-1.1	0.026405
60	-1	0.033463
60	-0.9	0.042845
60	-0.8	0.046375
60	-0.7	0.046935
60	-0.6	0.044631
60	-0.5	0.037293
60	-0.4	0.030198
60	-0.3	0.0248
60	-0.2	0.01803
60	-0.1	0.016308
60	0	0.016622
60	0.1	0.016177
60	0.2	0.015613
60	0.3	0.01658
60	0.4	0.019207
60	0.5	0.024004
60	0.6	0.029566
60	0.7	0.034704
60	0.8	0.037283
60	0.9	0.038398
60	1	0.03652
60	1.1	0.033638
60	1.2	0.029232
60	1.3	0.02504
60	1.4	0.021725
60	1.5	0.020043
60	1.6	0.020248
60	1.7	0.021929
60	1.8	0.022174
60	1.9	0.023033
60	2	0.022862
60	2.1	0.022115
60	2.2	0.020989
60	2.3	0.020751
60	2.4	0.018634
60	2.5	0.01756
60	2.6	0.016586
60	2.7	0.014836
60	2.8	0.012829
60	2.9	0.01108
60	3	0.010071
60	3.1	0.010772
60	3.2	0.011105
60	3.3	0.0112
60	3.4	0.011898
60	3.5	0.01155
60	3.6	0.010762
60	3.7	0.010618
60	3.8	0.01066
60	3.9	0.01082
60	4	0.011603
70	-4	0.014237
70	-3.9	0.014231
70	-3.8	0.013571
70	-3.7	0.013028
70	-3.6	0.013303
70	-3.5	0.013849
70	-3.4	0.014054
70	-3.3	0.014805
70	-3.2	0.014152
70	-3.1	0.013562
70	-3	0.012443
70	-2.9	0.011726
70	-2.8	0.010756
70	-2.7	0.011721
70	-2.6	0.012813
70	-2.5	0.015654
70	-2.4	0.017328
70	-2.3	0.01979
70	-2.2	0.023442
70	-2.1	0.028232
70	-2	0.033533
70	-1.9	0.038146
70	-1.8	0.04114
70	-1.7	0.040735
70	-1.6	0.037526
70	-1.5	0.031895
70	-1.4	0.026969
70	-1.3	0.023618
70	-1.2	0.023759
70	-1.1	0.027816
70	-1	0.033009
70	-0.9	0.040582
70	-0.8	0.04633
70	-0.7	0.048544
70	-0.6	0.046381
70	-0.5	0.042743
70	-0.4	0.034366
70	-0.3	0.027478
70	-0.2	0.021227
70	-0.1	0.016096
70	0	0.015732
70	0.1	0.015648
70	0.2	0.01514
70	0.3	0.015431
70	0.4	0.017849
70	0.5	0.022626
70	0.6	0.027216
70	0.7	0.032245
70	0.8	0.036637
70	0.9	0.038247
70	1	0.037688
70	1.1	0.035717
70	1.2	0.030877
70	1.3	0.028674
70	1.4	0.02422
70	1.5	0.022654
70	1.6	0.02256
70	1.7	0.023091
70	1.8	0.024098
70	1.9	0.024105
70	2	0.023678
70	2.1	0.02296
70	2.2	0.022382
70	2.3	0.021531
70	2.4	0.020895
70	2.5	0.019387
70	2.6	0.017793
70	2.7	0.015577
70	2.8	0.013653
70	2.9	0.011748
70	3	0.010647
70	3.1	0.010353
70	3.2	0.010728
70	3.3	0.011572
70	3.4	0.010912
70	3.5	0.010529
70	3.6	0.0096834
70	3.7	0.010066
70	3.8	0.0097978
70	3.9	0.010084
70	4	0.011207
80	-4	0.012568
80	-3.9	0.013238
80	-3.8	0.014059
80	-3.7	0.013459
80	-3.6	0.013317
80	-3.5	0.012396
80	-3.4	0.012982
80	-3.3	0.014169
80	-3.2	0.014627
80	-3.1	0.0142
80	-3	0.012937
80	-2.9	0.011419
80	-2.8	0.010007
80	-2.7	0.010903
80	-2.6	0.012627
80	-2.5	0.014795
80	-2.4	0.017806
80	-2.3	0.020912
80	-2.2	0.025098
80	-2.1	0.029284
80	-2	0.033207
80	-1.9	0.035968
80	-1.8	0.038404
80	-1.7	0.038882
80	-1.6	0.037632
80	-1.5	0.034639
80	-1.4	0.02945
80	-1.3	0.025189
80	-1.2	0.024705
80	-1.1	0.028569
80	-1	0.035488
80	-0.9	0.041675
80	-0.8	0.047732
80	-0.7	0.04976
80	-0.6	0.047608
80	-0.5	0.043388
80	-0.4	0.034103
80	-0.3	0.028265
80	-0.2	0.022461
80	-0.1	0.018009
80	0	0.016915
80	0.1	0.016971
80	0.2	0.015994
80	0.3	0.016324
80	0.4	0.017614
80	0.5	0.021038
80	0.6	0.02751
80	0.7	0.032907
80	0.8	0.03669
80	0.9	0.038202
80	1	0.037771
80	1.1	0.036216
80	1.2	0.032818
80	1.3	0.028544
80	1.4	0.026105
80	1.5	0.024035
80	1.6	0.023205
80	1.7	0.023271
80	1.8	0.023434
80	1.9	0.023674
80	2	0.024031
80	2.1	0.023984
80	2.2	0.023367
80	2.3	0.022392
80	2.4	0.021351
80	2.5	0.01982
80	2.6	0.017131
80	2.7	0.015188
80	2.8	0.013679
80	2.9	0.01276
80	3	0.012035
80	3.1	0.010943
80	3.2	0.010683
80	3.3	0.010512
80	3.4	0.0096214
80	3.5	0.0097034
80	3.6	0.0094519
80	3.7	0.010359
80	3.8	0.011538
80	3.9	0.011909
80	4	0.010927
90	-4	0.010927
90	-3.9	0.011696
90	-3.8	0.011139
90	-3.7	0.011255
90	-3.6	0.012249
90	-3.5	0.012012
90	-3.4	0.012749
90	-3.3	0.012678
90	-3.2	0.013311
90	-3.1	0.012028
90	-3	0.012442
90	-2.9	0.011213
90	-2.8	0.010976
90	-2.7	0.011687
90	-2.6	0.013118
90	-2.5	0.014994
90	-2.4	0.017644
90	-2.3	0.020515
90	-2.2	0.022651
90	-2.1	0.02632
90	-2	0.029952
90	-1.9	0.033107
90	-1.8	0.036467
90	-1.7	0.037262
90	-1.6	0.036379
90	-1.5	0.032875
90	-1.4	0.029798
90	-1.3	0.025639
90	-1.2	0.025179
90	-1.1	0.027611
90	-1	0.03452
90	-0.9	0.040093
90	-0.8	0.047005
90	-0.7	0.050652
90	-0.6	0.050824
90	-0.5	0.046737
90	-0.4	0.040929
90	-0.3	0.031348
90	-0.2	0.024967
90	-0.1	0.019214
90	0	0.017306
90	0.1	0.017234
90	0.2	0.016194
90	0.3	0.015719
90	0.4	0.016386
90	0.5	0.020794
90	0.6	0.027023
90	0.7	0.031465
90	0.8	0.036967
90	0.9	0.0401
90	1	0.040614
90	1.1	0.038925
90	1.2	0.035685
90	1.3	0.031564
90	1.4	0.027357
90	1.5	0.025953
90	1.6	0.025302
90	1.7	0.024849
90	1.8	0.024919
90	1.9	0.025044
90	2	0.024748
90	2.1	0.023973
90	2.2	0.02297
90	2.3	0.021984
90	2.4	0.022232
90	2.5	0.020239
90	2.6	0.019869
90	2.7	0.018156
90	2.8	0.016301
90	2.9	0.014099
90	3	0.012511
90	3.1	0.011165
90	3.2	0.010351
90	3.3	0.010677
90	3.4	0.01018
90	3.5	0.0097133
90	3.6	0.010644
90	3.7	0.010875
90	3.8	0.010257
90	3.9	0.010224
90	4	0.01088
100	-4	0.013655
100	-3.9	0.014651
100	-3.8	0.013895
100	-3.7	0.012757
100	-3.6	0.010817
100	-3.5	0.010412
100	-3.4	0.012107
100	-3.3	0.012981
100	-3.2	0.0146
100	-3.1	0.014754
100	-3	0.013382
100	-2.9	0.010774
100	-2.8	0.0099825
100	-2.7	0.01217
100	-2.6	0.014804
100	-2.5	0.017193
100	-2.4	0.020248
100	-2.3	0.021355
100	-2.2	0.023847
100	-2.1	0.025855
100	-2	0.028827
100	-1.9	0.031604
100	-1.8	0.034961
100	-1.7	0.036204
100	-1.6	0.035611
100	-1.5	0.033436
100	-1.4	0.028457
100	-1.3	0.02368
100	-1.2	0.023635
100	-1.1	0.0282
100	-1	0.034613
100	-0.9	0.042585
100	-0.8	0.048147
100	-0.7	0.052385
100	-0.6	0.051565
100	-0.5	0.047667
100	-0.4	0.041595
100	-0.3	0.033193
100	-0.2	0.026704
100	-0.1	0.020288
100	0	0.01714
100	0.1	0.017309
100	0.2	0.017179
100	0.3	0.016613
100	0.4	0.017505
100	0.5	0.020242
100	0.6	0.026525
100	0.7	0.031055
100	0.8	0.036695
100	0.9	0.039545
100	1	0.040721
100	1.1	0.040241
100	1.2	0.036968
100	1.3	0.032523
100	1.4	0.029209
100	1.5	0.025588
100	1.6	0.0237
100	1.7	0.023371
100	1.8	0.023838
100	1.9	0.023995
100	2	0.024113
100	2.1	0.02393
100	2.2	0.023026
100	2.3	0.022127
100	2.4	0.021306
100	2.5	0.019796
100	2.6	0.018984
100	2.7	0.01818
100	2.8	0.016386
100	2.9	0.015173
100	3	0.014308
100	3.1	0.0132
100	3.2	0.011406
100	3.3	0.010421
100	3.4	0.010317
100	3.5	0.010367
100	3.6	0.010415
100	3.7	0.01089
100	3.8	0.012118
100	3.9	0.011754
100	4	0.011002
110	-4	0.011492
110	-3.9	0.012371
110	-3.8	0.010745
110	-3.7	0.010734
110	-3.6	0.011203
110	-3.5	0.011106
110	-3.4	0.012668
110	-3.3	0.012522
110	-3.2	0.011993
110	-3.1	0.011924
110	-3	0.010315
110	-2.9	0.010741
110	-2.8	0.011709
110	-2.7	0.012867
110	-2.6	0.014484
110	-2.5	0.015478
110	-2.4	0.016932
110	-2.3	0.018873
110	-2.2	0.022254
110	-2.1	0.026007
110	-2	0.030722
110	-1.9	0.034225
110	-1.8	0.036294
110	-1.7	0.036632
110	-1.6	0.035459
110	-1.5	0.031864
110	-1.4	0.028714
110	-1.3	0.025078
110	-1.2	0.026143
110	-1.1	0.030684
110	-1	0.037417
110	-0.9	0.044066
110	-0.8	0.049129
110	-0.7	0.052276
110	-0.6	0.051053
110	-0.5	0.047791
110	-0.4	0.042011
110	-0.3	0.032262
110	-0.2	0.026287
110	-0.1	0.021001
110	0	0.019563
110	0.1	0.018357
110	0.2	0.018317
110	0.3	0.018283
110	0.4	0.018271
110	0.5	0.021144
110	0.6	0.025584
110	0.7	0.029997
110	0.8	0.034646
110	0.9	0.037595
110	1	0.039711
110	1.1	0.039659
110	1.2	0.037198
110	1.3	0.034808
110	1.4	0.030866
110	1.5	0.028533
110	1.6	0.026664
110	1.7	0.025535
110	1.8	0.025073
110	1.9	0.025006
110	2	0.02491
110	2.1	0.025165
110	2.2	0.025281
110	2.3	0.02522
110	2.4	0.02453
110	2.5	0.023559
110	2.6	0.021502
110	2.7	0.019847
110	2.8	0.018389
110	2.9	0.016142
110	3	0.015346
110	3.1	0.013424
110	3.2	0.0131
110	3.3	0.012577
110	3.4	0.01237
110	3.5	0.011456
110	3.6	0.010862
110	3.7	0.010948
110	3.8	0.011509
110	3.9	0.011014
110	4	0.010462
120	-4	0.011758
120	-3.9	0.011586
120	-3.8	0.010789
120	-3.7	0.011325
120	-3.6	0.010744
120	-3.5	0.01197
120	-3.4	0.011171
120	-3.3	0.010865
120	-3.2	0.011322
120	-3.1	0.011467
120	-3	0.011138
120	-2.9	0.010734
120	-2.8	0.011888
120	-2.7	0.012246
120	-2.6	0.014
120	-2.5	0.015966
120	-2.4	0.018171
120	-2.3	0.020218
120	-2.2	0.022474
120	-2.1	0.025941
120	-2	0.029003
120	-1.9	0.03182
120	-1.8	0.033286
120	-1.7	0.033615
120	-1.6	0.031905
120	-1.5	0.029946
120	-1.4	0.027222
120	-1.3	0.024631
120	-1.2	0.025343
120	-1.1	0.030164
120	-1	0.034569
120	-0.9	0.042356
120	-0.8	0.048232
120	-0.7	0.052321
120	-0.6	0.052465
120	-0.5	0.048727
120	-0.4	0.042672
120	-0.3	0.035583
120	-0.2	0.028166
120	-0.1	0.02394
120	0	0.019999
120	0.1	0.018698
120	0.2	0.018417
120	0.3	0.017723
120	0.4	0.01763
120	0.5	0.019353
120	0.6	0.02379
120	0.7	0.029312
120	0.8	0.034924
120	0.9	0.040263
120	1	0.041741
120	1.1	0.0418
120	1.2	0.039059
120	1.3	0.036464
120	1.4	0.032954
120	1.5	0.029228
120	1.6	0.026785
120	1.7	0.026168
120	1.8	0.025562
120	1.9	0.024888
120	2	0.024989
120	2.1	0.0245
120	2.2	0.024321
120	2.3	0.024672
120	2.4	0.024261
120	2.5	0.022974
120	2.6	0.021152
120	2.7	0.019872
120	2.8	0.01652
120	2.9	0.014615
120	3	0.013367
120	3.1	0.012758
120	3.2	0.012982
120	3.3	0.012349
120	3.4	0.01218
120	3.5	0.011325
120	3.6	0.010577
120	3.7	0.010013
120	3.8	0.010037
120	3.9	0.0099679
120	4	0.01041
130	-4	0.011376
130	-3.9	0.011529
130	-3.8	0.011147
130	-3.7	0.010042
130	-3.6	0.0097217
130	-3.5	0.010494
130	-3.4	0.01123
130	-3.3	0.011467
130	-3.2	0.011383
130	-3.1	0.01197
130	-3	0.011281
130	-2.9	0.010679
130	-2.8	0.011242
130	-2.7	0.013436
130	-2.6	0.015685
130	-2.5	0.018264
130	-2.4	0.0192
130	-2.3	0.020251
130	-2.2	0.021861
130	-2.1	0.024198
130	-2	0.027318
130	-1.9	0.031982
130	-1.8	0.033778
130	-1.7	0.03446
130	-1.6	0.033112
130	-1.5	0.030016
130	-1.4	0.027098
130	-1.3	0.02395
130	-1.2	0.025167
130	-1.1	0.029259
130	-1	0.036946
130	-0.9	0.044202
130	-0.8	0.051356
130	-0.7	0.054598
130	-0.6	0.053923
130	-0.5	0.050208
130	-0.4	0.043899
130	-0.3	0.034683
130	-0.2	0.027964
130	-0.1	0.023729
130	0	0.01995
130	0.1	0.019053
130	0.2	0.018993
130	0.3	0.018896
130	0.4	0.020012
130	0.5	0.023537
130	0.6	0.026266
130	0.7	0.032066
130	0.8	0.035595
130	0.9	0.039753
130	1	0.041318
130	1.1	0.040869
130	1.2	0.038951
130	1.3	0.036047
130	1.4	0.032002
130	1.5	0.029501
130	1.6	0.026952
130	1.7	0.025665
130	1.8	0.025353
130	1.9	0.024787
130	2	0.024623
130	2.1	0.024495
130	2.2	0.025132
130	2.3	0.02486
130	2.4	0.024537
130	2.5	0.023214
130	2.6	0.021632
130	2.7	0.019945
130	2.8	0.017593
130	2.9	0.015899
130	3	0.015031
130	3.1	0.01444
130	3.2	0.014748
130	3.3	0.013834
130	3.4	0.013334
130	3.5	0.012604
130	3.6	0.01206
130	3.7	0.011475
130	3.8	0.010686
130	3.9	0.011359
130	4	0.011582
140	-4	0.010833
140	-3.9	0.011115
140	-3.8	0.011031
140	-3.7	0.010613
140	-3.6	0.0097034
140	-3.5	0.010007
140	-3.4	0.010739
140	-3.3	0.011989
140	-3.2	0.012465
140	-3.1	0.012188
140	-3	0.012329
140	-2.9	0.010707
140	-2.8	0.01111
140	-2.7	0.013195
140	-2.6	0.016846
140	-2.5	0.020039
140	-2.4	0.022292
140	-2.3	0.023015
140	-2.2	0.024823
140	-2.1	0.025703
140	-2	0.027298
140	-1.9	0.029809
140	-1.8	0.03198
140	-1.7	0.033966
140	-1.6	0.03355
140	-1.5	0.031473
140	-1.4	0.027106
140	-1.3	0.024995
140	-1.2	0.024878
140	-1.1	0.031023
140	-1	0.038404
140	-0.9	0.045405
140	-0.8	0.052779
140	-0.7	0.056455
140	-0.6	0.055994
140	-0.5	0.05055
140	-0.4	0.044515
140	-0.3	0.037329
140	-0.2	0.028379
140	-0.1	0.022728
140	0	0.019389
140	0.1	0.018725
140	0.2	0.018386
140	0.3	0.018425
140	0.4	0.019085
140	0.5	0.024734
140	0.6	0.02863
140	0.7	0.036017
140	0.8	0.040744
140	0.9	0.044702
140	1	0.045145
140	1.1	0.044002
140	1.2	0.040792
140	1.3	0.036779
140	1.4	0.033177
140	1.5	0.02958
140	1.6	0.026993
140	1.7	0.026265
140	1.8	0.025654
140	1.9	0.025526
140	2	0.025329
140	2.1	0.024403
140	2.2	0.023182
140	2.3	0.022681
140	2.4	0.021471
140	2.5	0.020565
140	2.6	0.02037
140	2.7	0.018919
140	2.8	0.017509
140	2.9	0.015928
140	3	0.014176
140	3.1	0.012554
140	3.2	0.012095
140	3.3	0.011568
140	3.4	0.011568
140	3.5	0.011748
140	3.6	0.011607
140	3.7	0.010877
140	3.8	0.010811
140	3.9	0.010931
140	4	0.010575
150	-4	0.010409
150	-3.9	0.011481
150	-3.8	0.0099305
150	-3.7	0.0095878
150	-3.6	0.0096315
150	-3.5	0.009532
150	-3.4	0.010024
150	-3.3	0.011992
150	-3.2	0.013162
150	-3.1	0.013509
150	-3	0.012367
150	-2.9	0.011225
150	-2.8	0.011787
150	-2.7	0.012787
150	-2.6	0.016297
150	-2.5	0.019406
150	-2.4	0.022792
150	-2.3	0.025623
150	-2.2	0.02658
150	-2.1	0.027366
150	-2	0.028463
150	-1.9	0.029648
150	-1.8	0.030343
150	-1.7	0.031333
150	-1.6	0.031332
150	-1.5	0.030369
150	-1.4	0.028192
150	-1.3	0.026473
150	-1.2	0.027544
150	-1.1	0.030761
150	-1	0.039277
150	-0.9	0.046706
150	-0.8	0.053007
150	-0.7	0.056153
150	-0.6	0.055566
150	-0.5	0.051901
150	-0.4	0.044052
150	-0.3	0.035386
150	-0.2	0.029408
150	-0.1	0.022922
150	0	0.019568
150	0.1	0.018988
150	0.2	0.018759
150	0.3	0.017944
150	0.4	0.018783
150	0.5	0.023106
150	0.6	0.028659
150	0.7	0.036529
150	0.8	0.042733
150	0.9	0.045891
150	1	0.048247
150	1.1	0.046649
150	1.2	0.043582
150	1.3	0.039474
150	1.4	0.03458
150	1.5	0.031094
150	1.6	0.028983
150	1.7	0.028171
150	1.8	0.027982
150	1.9	0.02748
150	2	0.026879
150	2.1	0.026048
150	2.2	0.024563
150	2.3	0.022556
150	2.4	0.021464
150	2.5	0.020565
150	2.6	0.019247
150	2.7	0.018711
150	2.8	0.017449
150	2.9	0.015348
150	3	0.013579
150	3.1	0.012682
150	3.2	0.011328
150	3.3	0.010328
150	3.4	0.0098061
150	3.5	0.01061
150	3.6	0.011126
150	3.7	0.011295
150	3.8	0.010421
150	3.9	0.010381
150	4	0.010427
160	-4	0.0098521
160	-3.9	0.010191
160	-3.8	0.0096967
160	-3.7	0.010068
160	-3.6	0.0085032
160	-3.5	0.0087561
160	-3.4	0.0099224
160	-3.3	0.010276
160	-3.2	0.010619
160	-3.1	0.0112
160	-3	0.011465
160	-2.9	0.011113
160	-2.8	0.011564
160	-2.7	0.013783
160	-2.6	0.017183
160	-2.5	0.019423
160	-2.4	0.021564
160	-2.3	0.023814
160	-2.2	0.026039
160	-2.1	0.028355
160	-2	0.031058
160	-1.9	0.032472
160	-1.8	0.032711
160	-1.7	0.032832
160	-1.6	0.031441
160	-1.5	0.029025
160	-1.4	0.027724
160	-1.3	0.027074
160	-1.2	0.02986
160	-1.1	0.035009
160	-1	0.041985
160	-0.9	0.048678
160	-0.8	0.05409
160	-0.7	0.056022
160	-0.6	0.054298
160	-0.5	0.048413
160	-0.4	0.041787
160	-0.3	0.034373
160	-0.2	0.027334
160	-0.1	0.021813
160	0	0.019521
160	0.1	0.019291
160	0.2	0.019195
160	0.3	0.017792
160	0.4	0.019715
160	0.5	0.024534
160	0.6	0.028738
160	0.7	0.037367
160	0.8	0.042576
160	0.9	0.046432
160	1	0.047511
160	1.1	0.04694
160	1.2	0.043703
160	1.3	0.039648
160	1.4	0.036363
160	1.5	0.033064
160	1.6	0.030353
160	1.7	0.029792
160	1.8	0.028812
160	1.9	0.028534
160	2	0.028038
160	2.1	0.027418
160	2.2	0.025545
160	2.3	0.024461
160	2.4	0.022898
160	2.5	0.022017
160	2.6	0.02022
160	2.7	0.018877
160	2.8	0.016977
160	2.9	0.01506
160	3	0.013553
160	3.1	0.012315
160	3.2	0.011844
160	3.3	0.011258
160	3.4	0.011536
160	3.5	0.010154
160	3.6	0.010505
160	3.7	0.010668
160	3.8	0.010606
160	3.9	0.010448
160	4	0.0098636
170	-4	0.0084441
170	-3.9	0.0090608
170	-3.8	0.0096197
170	-3.7	0.0086894
170	-3.6	0.0090018
170	-3.5	0.0091514
170	-3.4	0.0089604
170	-3.3	0.010395
170	-3.2	0.011008
170	-3.1	0.011341
170	-3	0.010795
170	-2.9	0.012067
170	-2.8	0.012558
170	-2.7	0.014523
170	-2.6	0.018182
170	-2.5	0.020025
170	-2.4	0.021497
170	-2.3	0.022961
170	-2.2	0.024885
170	-2.1	0.027387
170	-2	0.029365
170	-1.9	0.031804
170	-1.8	0.033021
170	-1.7	0.033411
170	-1.6	0.03159
170	-1.5	0.029184
170	-1.4	0.026759
170	-1.3	0.026856
170	-1.2	0.031122
170	-1.1	0.036447
170	-1	0.045508
170	-0.9	0.053011
170	-0.8	0.05733
170	-0.7	0.057287
170	-0.6	0.054431
170	-0.5	0.047485
170	-0.4	0.040453
170	-0.3	0.033137
170	-0.2	0.024096
170	-0.1	0.020294
170	0	0.019735
170	0.1	0.01936
170	0.2	0.01925
170	0.3	0.018869
170	0.4	0.022938
170	0.5	0.027793
170	0.6	0.032572
170	0.7	0.038529
170	0.8	0.044775
170	0.9	0.04804
170	1	0.048359
170	1.1	0.046746
170	1.2	0.043111
170	1.3	0.039716
170	1.4	0.035593
170	1.5	0.032645
170	1.6	0.031384
170	1.7	0.030679
170	1.8	0.029888
170	1.9	0.029127
170	2	0.028107
170	2.1	0.027446
170	2.2	0.025374
170	2.3	0.024673
170	2.4	0.022942
170	2.5	0.021473
170	2.6	0.019905
170	2.7	0.017421
170	2.8	0.016019
170	2.9	0.014537
170	3	0.013259
170	3.1	0.012914
170	3.2	0.012025
170	3.3	0.011255
170	3.4	0.010836
170	3.5	0.010375
170	3.6	0.01048
170	3.7	0.010392
170	3.8	0.010329
170	3.9	0.010243
170	4	0.010472
180	-4	0.010382
180	-3.9	0.010621
180	-3.8	0.0094605
180	-3.7	0.008609
180	-3.6	0.0092427
180	-3.5	0.0095031
180	-3.4	0.010257
180	-3.3	0.010124
180	-3.2	0.011369
180	-3.1	0.010262
180	-3	0.011363
180	-2.9	0.012318
180	-2.8	0.013928
180	-2.7	0.017666
180	-2.6	0.019515
180	-2.5	0.021891
180	-2.4	0.022423
180	-2.3	0.023943
180	-2.2	0.025768
180	-2.1	0.027989
180	-2	0.031293
180	-1.9	0.033975
180	-1.8	0.03467
180	-1.7	0.033975
180	-1.6	0.031533
180	-1.5	0.028054
180	-1.4	0.026977
180	-1.3	0.028921
180	-1.2	0.033559
180	-1.1	0.039212
180	-1	0.047872
180	-0.9	0.05388
180	-0.8	0.056701
180	-0.7	0.055992
180	-0.6	0.052313
180	-0.5	0.044019
180	-0.4	0.03849
180	-0.3	0.028789
180	-0.2	0.023619
180	-0.1	0.020545
180	0	0.020289
180	0.1	0.020059
180	0.2	0.020277
180	0.3	0.02063
180	0.4	0.026196
180	0.5	0.031777
180	0.6	0.036523
180	0.7	0.042312
180	0.8	0.047071
180	0.9	0.048639
180	1	0.048278
180	1.1	0.046242
180	1.2	0.042846
180	1.3	0.039536
180	1.4	0.035325
180	1.5	0.03352
180	1.6	0.031622
180	1.7	0.030583
180	1.8	0.030169
180	1.9	0.029223
180	2	0.0287
180	2.1	0.027771
180	2.2	0.026652
180	2.3	0.025066
180	2.4	0.023157
180	2.5	0.021668
180	2.6	0.019629
180	2.7	0.018673
180	2.8	0.015206
180	2.9	0.015273
180	3	0.013317
180	3.1	0.013781
180	3.2	0.013507
180	3.3	0.012666
180	3.4	0.011821
180	3.5	0.011797
180	3.6	0.010604
180	3.7	0.010015
180	3.8	0.010116
180	3.9	0.010103
180	4	0.011686
 
Uniformity Ratio =0.6748
