09-Jan-2018
7:55
TXR  008040 RM428 R24
33511B Function Generator
SN =Agilent Technologies,33511B,MY52301476,3.05-1.19-2.00-52-00
freq =+9.280000000000000E+06
burstmode =TRIG
burstN =+6.000000000000000E+01
voltage =+1.5000000000000E-01
 
DSO-X 2022A Oscilloscope
SN =AGILENT TECHNOLOGIES,DSO-X 2022A,MY54310921,02.41.2015102200
probe =+1.0000000E+00
scale =+500.0E-09
position =+19.900000E-06
range =+1.60E+00
units =VOLT
points =+2000
pointmode =NORM
format =BYTE
acqtype =NORM
trigsource =EXT
coupling =AC
 
-180	-4	0.0099598
-180	-3.9	0.011885
-180	-3.8	0.013082
-180	-3.7	0.013785
-180	-3.6	0.012519
-180	-3.5	0.010775
-180	-3.4	0.0095793
-180	-3.3	0.010709
-180	-3.2	0.012505
-180	-3.1	0.015032
-180	-3	0.015761
-180	-2.9	0.014339
-180	-2.8	0.011049
-180	-2.7	0.0085127
-180	-2.6	0.0062847
-180	-2.5	0.010161
-180	-2.4	0.015527
-180	-2.3	0.019746
-180	-2.2	0.022475
-180	-2.1	0.022832
-180	-2	0.02248
-180	-1.9	0.023716
-180	-1.8	0.025933
-180	-1.7	0.030157
-180	-1.6	0.035641
-180	-1.5	0.036691
-180	-1.4	0.03548
-180	-1.3	0.028227
-180	-1.2	0.019971
-180	-1.1	0.014823
-180	-1	0.017293
-180	-0.9	0.022286
-180	-0.8	0.033669
-180	-0.7	0.042897
-180	-0.6	0.046227
-180	-0.5	0.047494
-180	-0.4	0.044136
-180	-0.3	0.039188
-180	-0.2	0.033446
-180	-0.1	0.028902
-180	0	0.023083
-180	0.1	0.01796
-180	0.2	0.014488
-180	0.3	0.011657
-180	0.4	0.01255
-180	0.5	0.0148
-180	0.6	0.019465
-180	0.7	0.0237
-180	0.8	0.028579
-180	0.9	0.033154
-180	1	0.035973
-180	1.1	0.036445
-180	1.2	0.037227
-180	1.3	0.036288
-180	1.4	0.034144
-180	1.5	0.030795
-180	1.6	0.027663
-180	1.7	0.025231
-180	1.8	0.024084
-180	1.9	0.023742
-180	2	0.024302
-180	2.1	0.026395
-180	2.2	0.028363
-180	2.3	0.028501
-180	2.4	0.026761
-180	2.5	0.025258
-180	2.6	0.022784
-180	2.7	0.019116
-180	2.8	0.017326
-180	2.9	0.01546
-180	3	0.014731
-180	3.1	0.014792
-180	3.2	0.01318
-180	3.3	0.010333
-180	3.4	0.0085108
-180	3.5	0.0075424
-180	3.6	0.0079614
-180	3.7	0.0095082
-180	3.8	0.0098669
-180	3.9	0.0099809
-180	4	0.010103
-170	-4	0.0067341
-170	-3.9	0.0079574
-170	-3.8	0.0090733
-170	-3.7	0.009725
-170	-3.6	0.0096147
-170	-3.5	0.0090144
-170	-3.4	0.0076783
-170	-3.3	0.0079289
-170	-3.2	0.0093453
-170	-3.1	0.010912
-170	-3	0.011828
-170	-2.9	0.011976
-170	-2.8	0.010437
-170	-2.7	0.0070392
-170	-2.6	0.0065935
-170	-2.5	0.0085203
-170	-2.4	0.014616
-170	-2.3	0.018581
-170	-2.2	0.021006
-170	-2.1	0.022718
-170	-2	0.023325
-170	-1.9	0.024032
-170	-1.8	0.02635
-170	-1.7	0.028602
-170	-1.6	0.031037
-170	-1.5	0.031852
-170	-1.4	0.031358
-170	-1.3	0.027731
-170	-1.2	0.021898
-170	-1.1	0.019063
-170	-1	0.022097
-170	-0.9	0.029082
-170	-0.8	0.034504
-170	-0.7	0.043257
-170	-0.6	0.047641
-170	-0.5	0.048321
-170	-0.4	0.045764
-170	-0.3	0.039874
-170	-0.2	0.033943
-170	-0.1	0.026833
-170	0	0.019514
-170	0.1	0.016074
-170	0.2	0.012448
-170	0.3	0.01092
-170	0.4	0.010762
-170	0.5	0.012558
-170	0.6	0.018292
-170	0.7	0.024281
-170	0.8	0.029671
-170	0.9	0.034868
-170	1	0.037223
-170	1.1	0.039079
-170	1.2	0.038823
-170	1.3	0.037874
-170	1.4	0.03362
-170	1.5	0.030716
-170	1.6	0.028598
-170	1.7	0.026719
-170	1.8	0.025851
-170	1.9	0.025049
-170	2	0.02546
-170	2.1	0.025964
-170	2.2	0.026345
-170	2.3	0.02608
-170	2.4	0.025235
-170	2.5	0.024088
-170	2.6	0.022
-170	2.7	0.020578
-170	2.8	0.018236
-170	2.9	0.015599
-170	3	0.013554
-170	3.1	0.012104
-170	3.2	0.0096264
-170	3.3	0.0089676
-170	3.4	0.0086502
-170	3.5	0.0090501
-170	3.6	0.0093332
-170	3.7	0.0094707
-170	3.8	0.0087135
-170	3.9	0.0086745
-170	4	0.0083653
-160	-4	0.008227
-160	-3.9	0.0096683
-160	-3.8	0.01086
-160	-3.7	0.010438
-160	-3.6	0.008609
-160	-3.5	0.0067915
-160	-3.4	0.0071734
-160	-3.3	0.0086015
-160	-3.2	0.012099
-160	-3.1	0.013311
-160	-3	0.013129
-160	-2.9	0.011424
-160	-2.8	0.0082132
-160	-2.7	0.0072161
-160	-2.6	0.0096884
-160	-2.5	0.016525
-160	-2.4	0.019234
-160	-2.3	0.02087
-160	-2.2	0.021847
-160	-2.1	0.021808
-160	-2	0.022406
-160	-1.9	0.024174
-160	-1.8	0.027045
-160	-1.7	0.030222
-160	-1.6	0.030918
-160	-1.5	0.029538
-160	-1.4	0.024302
-160	-1.3	0.020152
-160	-1.2	0.016295
-160	-1.1	0.018711
-160	-1	0.02677
-160	-0.9	0.036467
-160	-0.8	0.044078
-160	-0.7	0.04967
-160	-0.6	0.051314
-160	-0.5	0.049963
-160	-0.4	0.044887
-160	-0.3	0.04051
-160	-0.2	0.032807
-160	-0.1	0.02405
-160	0	0.016128
-160	0.1	0.012464
-160	0.2	0.010434
-160	0.3	0.01071
-160	0.4	0.012488
-160	0.5	0.015943
-160	0.6	0.02321
-160	0.7	0.028714
-160	0.8	0.034484
-160	0.9	0.038899
-160	1	0.040611
-160	1.1	0.042119
-160	1.2	0.041074
-160	1.3	0.039602
-160	1.4	0.036662
-160	1.5	0.032709
-160	1.6	0.031478
-160	1.7	0.029959
-160	1.8	0.029419
-160	1.9	0.028921
-160	2	0.028504
-160	2.1	0.028121
-160	2.2	0.026811
-160	2.3	0.025999
-160	2.4	0.024474
-160	2.5	0.023446
-160	2.6	0.022574
-160	2.7	0.021081
-160	2.8	0.018869
-160	2.9	0.01677
-160	3	0.014578
-160	3.1	0.012304
-160	3.2	0.010466
-160	3.3	0.0099094
-160	3.4	0.010392
-160	3.5	0.010437
-160	3.6	0.0096817
-160	3.7	0.0089892
-160	3.8	0.008148
-160	3.9	0.0074605
-160	4	0.0072652
-150	-4	0.0064497
-150	-3.9	0.0087209
-150	-3.8	0.0089116
-150	-3.7	0.0095523
-150	-3.6	0.0095591
-150	-3.5	0.0088113
-150	-3.4	0.0081023
-150	-3.3	0.0077224
-150	-3.2	0.0079268
-150	-3.1	0.0090484
-150	-3	0.01027
-150	-2.9	0.010119
-150	-2.8	0.010432
-150	-2.7	0.011309
-150	-2.6	0.013276
-150	-2.5	0.016
-150	-2.4	0.018762
-150	-2.3	0.021282
-150	-2.2	0.023057
-150	-2.1	0.02422
-150	-2	0.025979
-150	-1.9	0.026927
-150	-1.8	0.0287
-150	-1.7	0.030031
-150	-1.6	0.029799
-150	-1.5	0.027608
-150	-1.4	0.024764
-150	-1.3	0.022461
-150	-1.2	0.02183
-150	-1.1	0.026277
-150	-1	0.032366
-150	-0.9	0.042078
-150	-0.8	0.047923
-150	-0.7	0.052112
-150	-0.6	0.053325
-150	-0.5	0.050979
-150	-0.4	0.046987
-150	-0.3	0.041107
-150	-0.2	0.02973
-150	-0.1	0.022701
-150	0	0.017562
-150	0.1	0.013665
-150	0.2	0.012074
-150	0.3	0.011505
-150	0.4	0.013121
-150	0.5	0.017653
-150	0.6	0.021282
-150	0.7	0.029375
-150	0.8	0.03613
-150	0.9	0.040621
-150	1	0.043592
-150	1.1	0.04552
-150	1.2	0.045603
-150	1.3	0.044216
-150	1.4	0.040135
-150	1.5	0.036931
-150	1.6	0.033631
-150	1.7	0.030992
-150	1.8	0.029457
-150	1.9	0.029518
-150	2	0.029849
-150	2.1	0.030128
-150	2.2	0.030311
-150	2.3	0.029105
-150	2.4	0.027205
-150	2.5	0.024405
-150	2.6	0.022665
-150	2.7	0.020546
-150	2.8	0.018737
-150	2.9	0.017196
-150	3	0.015167
-150	3.1	0.013619
-150	3.2	0.011116
-150	3.3	0.010215
-150	3.4	0.0092637
-150	3.5	0.0097681
-150	3.6	0.0097333
-150	3.7	0.010173
-150	3.8	0.009613
-150	3.9	0.0091248
-150	4	0.0081738
-140	-4	0.0078901
-140	-3.9	0.0097846
-140	-3.8	0.011228
-140	-3.7	0.010534
-140	-3.6	0.0092637
-140	-3.5	0.0068081
-140	-3.4	0.0066106
-140	-3.3	0.0077474
-140	-3.2	0.010574
-140	-3.1	0.010957
-140	-3	0.010817
-140	-2.9	0.0086165
-140	-2.8	0.0081876
-140	-2.7	0.010701
-140	-2.6	0.016372
-140	-2.5	0.020555
-140	-2.4	0.024172
-140	-2.3	0.024823
-140	-2.2	0.023705
-140	-2.1	0.022329
-140	-2	0.022495
-140	-1.9	0.025393
-140	-1.8	0.028252
-140	-1.7	0.030884
-140	-1.6	0.032116
-140	-1.5	0.030299
-140	-1.4	0.024008
-140	-1.3	0.019578
-140	-1.2	0.021366
-140	-1.1	0.029039
-140	-1	0.037963
-140	-0.9	0.050592
-140	-0.8	0.057762
-140	-0.7	0.06029
-140	-0.6	0.059573
-140	-0.5	0.054036
-140	-0.4	0.044481
-140	-0.3	0.037257
-140	-0.2	0.025908
-140	-0.1	0.01866
-140	0	0.013096
-140	0.1	0.01168
-140	0.2	0.012834
-140	0.3	0.015506
-140	0.4	0.019135
-140	0.5	0.02513
-140	0.6	0.033186
-140	0.7	0.037297
-140	0.8	0.044056
-140	0.9	0.04774
-140	1	0.048814
-140	1.1	0.049106
-140	1.2	0.04767
-140	1.3	0.044511
-140	1.4	0.040709
-140	1.5	0.037039
-140	1.6	0.034051
-140	1.7	0.032427
-140	1.8	0.030487
-140	1.9	0.02989
-140	2	0.029699
-140	2.1	0.029358
-140	2.2	0.028733
-140	2.3	0.02718
-140	2.4	0.025828
-140	2.5	0.023103
-140	2.6	0.021474
-140	2.7	0.018769
-140	2.8	0.018187
-140	2.9	0.017689
-140	3	0.016999
-140	3.1	0.015582
-140	3.2	0.01431
-140	3.3	0.011928
-140	3.4	0.010143
-140	3.5	0.0098209
-140	3.6	0.010276
-140	3.7	0.0107
-140	3.8	0.010851
-140	3.9	0.01027
-140	4	0.0096382
-130	-4	0.0072652
-130	-3.9	0.0083013
-130	-3.8	0.0089188
-130	-3.7	0.0081182
-130	-3.6	0.0072048
-130	-3.5	0.0069908
-130	-3.4	0.007336
-130	-3.3	0.0095116
-130	-3.2	0.010927
-130	-3.1	0.011416
-130	-3	0.010688
-130	-2.9	0.0095574
-130	-2.8	0.011294
-130	-2.7	0.014724
-130	-2.6	0.018991
-130	-2.5	0.022089
-130	-2.4	0.024952
-130	-2.3	0.025862
-130	-2.2	0.025774
-130	-2.1	0.025984
-130	-2	0.026555
-130	-1.9	0.02847
-130	-1.8	0.031088
-130	-1.7	0.032522
-130	-1.6	0.032766
-130	-1.5	0.030112
-130	-1.4	0.025825
-130	-1.3	0.02405
-130	-1.2	0.028422
-130	-1.1	0.035491
-130	-1	0.042935
-130	-0.9	0.053613
-130	-0.8	0.05713
-130	-0.7	0.060097
-130	-0.6	0.059625
-130	-0.5	0.053536
-130	-0.4	0.045296
-130	-0.3	0.037595
-130	-0.2	0.030541
-130	-0.1	0.019528
-130	0	0.015671
-130	0.1	0.013441
-130	0.2	0.013553
-130	0.3	0.015431
-130	0.4	0.019432
-130	0.5	0.026636
-130	0.6	0.031999
-130	0.7	0.041604
-130	0.8	0.046892
-130	0.9	0.051374
-130	1	0.053387
-130	1.1	0.053475
-130	1.2	0.051672
-130	1.3	0.048298
-130	1.4	0.044354
-130	1.5	0.041396
-130	1.6	0.038889
-130	1.7	0.036346
-130	1.8	0.035497
-130	1.9	0.033693
-130	2	0.032873
-130	2.1	0.031341
-130	2.2	0.030404
-130	2.3	0.029161
-130	2.4	0.027279
-130	2.5	0.025431
-130	2.6	0.023959
-130	2.7	0.020796
-130	2.8	0.019716
-130	2.9	0.017441
-130	3	0.015621
-130	3.1	0.014263
-130	3.2	0.012839
-130	3.3	0.011527
-130	3.4	0.010897
-130	3.5	0.0097995
-130	3.6	0.0095641
-130	3.7	0.0097084
-130	3.8	0.0096867
-130	3.9	0.0093557
-130	4	0.0098439
-120	-4	0.0082798
-120	-3.9	0.0088094
-120	-3.8	0.0080663
-120	-3.7	0.0067843
-120	-3.6	0.0067341
-120	-3.5	0.0064847
-120	-3.4	0.0094741
-120	-3.3	0.011189
-120	-3.2	0.012499
-120	-3.1	0.012071
-120	-3	0.010903
-120	-2.9	0.0099273
-120	-2.8	0.01583
-120	-2.7	0.013566
-120	-2.6	0.020219
-120	-2.5	0.023187
-120	-2.4	0.025754
-120	-2.3	0.026206
-120	-2.2	0.026063
-120	-2.1	0.026868
-120	-2	0.027745
-120	-1.9	0.03007
-120	-1.8	0.031872
-120	-1.7	0.032389
-120	-1.6	0.031347
-120	-1.5	0.028208
-120	-1.4	0.025521
-120	-1.3	0.025759
-120	-1.2	0.030279
-120	-1.1	0.039457
-120	-1	0.047615
-120	-0.9	0.054928
-120	-0.8	0.060981
-120	-0.7	0.061788
-120	-0.6	0.058322
-120	-0.5	0.053326
-120	-0.4	0.043889
-120	-0.3	0.034244
-120	-0.2	0.026645
-120	-0.1	0.020562
-120	0	0.0173
-120	0.1	0.015345
-120	0.2	0.017178
-120	0.3	0.019345
-120	0.4	0.023846
-120	0.5	0.033661
-120	0.6	0.036962
-120	0.7	0.044524
-120	0.8	0.049839
-120	0.9	0.053768
-120	1	0.055586
-120	1.1	0.055163
-120	1.2	0.052618
-120	1.3	0.049771
-120	1.4	0.045586
-120	1.5	0.042975
-120	1.6	0.039676
-120	1.7	0.037767
-120	1.8	0.037001
-120	1.9	0.036482
-120	2	0.035918
-120	2.1	0.034405
-120	2.2	0.032008
-120	2.3	0.028632
-120	2.4	0.025944
-120	2.5	0.023909
-120	2.6	0.022293
-120	2.7	0.021248
-120	2.8	0.020797
-120	2.9	0.02023
-120	3	0.018652
-120	3.1	0.016353
-120	3.2	0.014826
-120	3.3	0.012685
-120	3.4	0.011732
-120	3.5	0.011012
-120	3.6	0.011316
-120	3.7	0.011206
-120	3.8	0.010591
-120	3.9	0.010055
-120	4	0.0093159
-110	-4	0.0077349
-110	-3.9	0.0076783
-110	-3.8	0.0074192
-110	-3.7	0.0069164
-110	-3.6	0.0067004
-110	-3.5	0.0073316
-110	-3.4	0.0096096
-110	-3.3	0.011341
-110	-3.2	0.012124
-110	-3.1	0.01169
-110	-3	0.011936
-110	-2.9	0.012768
-110	-2.8	0.014994
-110	-2.7	0.018085
-110	-2.6	0.022619
-110	-2.5	0.025162
-110	-2.4	0.027077
-110	-2.3	0.028348
-110	-2.2	0.028609
-110	-2.1	0.029338
-110	-2	0.030189
-110	-1.9	0.032505
-110	-1.8	0.033199
-110	-1.7	0.033725
-110	-1.6	0.032647
-110	-1.5	0.03058
-110	-1.4	0.029827
-110	-1.3	0.032358
-110	-1.2	0.036909
-110	-1.1	0.042305
-110	-1	0.049576
-110	-0.9	0.057876
-110	-0.8	0.061608
-110	-0.7	0.06239
-110	-0.6	0.060191
-110	-0.5	0.055698
-110	-0.4	0.046716
-110	-0.3	0.037885
-110	-0.2	0.030692
-110	-0.1	0.0231
-110	0	0.0186
-110	0.1	0.017537
-110	0.2	0.01907
-110	0.3	0.022828
-110	0.4	0.027591
-110	0.5	0.033739
-110	0.6	0.040239
-110	0.7	0.046059
-110	0.8	0.05297
-110	0.9	0.056885
-110	1	0.059276
-110	1.1	0.059349
-110	1.2	0.05742
-110	1.3	0.05521
-110	1.4	0.051985
-110	1.5	0.048816
-110	1.6	0.045642
-110	1.7	0.040933
-110	1.8	0.03856
-110	1.9	0.036823
-110	2	0.035405
-110	2.1	0.034595
-110	2.2	0.03424
-110	2.3	0.032852
-110	2.4	0.031063
-110	2.5	0.027903
-110	2.6	0.023913
-110	2.7	0.021647
-110	2.8	0.018617
-110	2.9	0.017226
-110	3	0.016272
-110	3.1	0.015324
-110	3.2	0.014499
-110	3.3	0.013734
-110	3.4	0.011674
-110	3.5	0.010651
-110	3.6	0.009428
-110	3.7	0.0088607
-110	3.8	0.0086465
-110	3.9	0.0080883
-110	4	0.0081678
-100	-4	0.0084823
-100	-3.9	0.0092287
-100	-3.8	0.0090911
-100	-3.7	0.0076635
-100	-3.6	0.0062175
-100	-3.5	0.0067028
-100	-3.4	0.010042
-100	-3.3	0.012505
-100	-3.2	0.014799
-100	-3.1	0.014923
-100	-3	0.01364
-100	-2.9	0.012108
-100	-2.8	0.012422
-100	-2.7	0.018755
-100	-2.6	0.022348
-100	-2.5	0.027578
-100	-2.4	0.030715
-100	-2.3	0.031055
-100	-2.2	0.030434
-100	-2.1	0.029029
-100	-2	0.027963
-100	-1.9	0.028652
-100	-1.8	0.03091
-100	-1.7	0.032746
-100	-1.6	0.033137
-100	-1.5	0.032675
-100	-1.4	0.031372
-100	-1.3	0.031166
-100	-1.2	0.035122
-100	-1.1	0.041098
-100	-1	0.051036
-100	-0.9	0.057127
-100	-0.8	0.062191
-100	-0.7	0.062975
-100	-0.6	0.060029
-100	-0.5	0.054514
-100	-0.4	0.04639
-100	-0.3	0.0396
-100	-0.2	0.028601
-100	-0.1	0.021351
-100	0	0.016444
-100	0.1	0.017455
-100	0.2	0.01998
-100	0.3	0.024726
-100	0.4	0.029593
-100	0.5	0.036803
-100	0.6	0.044159
-100	0.7	0.049891
-100	0.8	0.055622
-100	0.9	0.058203
-100	1	0.059338
-100	1.1	0.059461
-100	1.2	0.05694
-100	1.3	0.054027
-100	1.4	0.051564
-100	1.5	0.047412
-100	1.6	0.044267
-100	1.7	0.040899
-100	1.8	0.038812
-100	1.9	0.037301
-100	2	0.034444
-100	2.1	0.033051
-100	2.2	0.031242
-100	2.3	0.02955
-100	2.4	0.027377
-100	2.5	0.026131
-100	2.6	0.022825
-100	2.7	0.020241
-100	2.8	0.017955
-100	2.9	0.016147
-100	3	0.014551
-100	3.1	0.013418
-100	3.2	0.012737
-100	3.3	0.012594
-100	3.4	0.011734
-100	3.5	0.010817
-100	3.6	0.0095438
-100	3.7	0.0084842
-100	3.8	0.0074105
-100	3.9	0.0072272
-100	4	0.0070872
-90	-4	0.0088479
-90	-3.9	0.0085051
-90	-3.8	0.0086633
-90	-3.7	0.0089496
-90	-3.6	0.0095167
-90	-3.5	0.010995
-90	-3.4	0.011864
-90	-3.3	0.013044
-90	-3.2	0.013881
-90	-3.1	0.014233
-90	-3	0.01491
-90	-2.9	0.01681
-90	-2.8	0.020064
-90	-2.7	0.023394
-90	-2.6	0.026132
-90	-2.5	0.028113
-90	-2.4	0.029218
-90	-2.3	0.030273
-90	-2.2	0.030945
-90	-2.1	0.032037
-90	-2	0.03281
-90	-1.9	0.03391
-90	-1.8	0.034438
-90	-1.7	0.035018
-90	-1.6	0.034305
-90	-1.5	0.032191
-90	-1.4	0.030482
-90	-1.3	0.033667
-90	-1.2	0.040473
-90	-1.1	0.047229
-90	-1	0.057082
-90	-0.9	0.063535
-90	-0.8	0.064969
-90	-0.7	0.062527
-90	-0.6	0.057664
-90	-0.5	0.050042
-90	-0.4	0.044265
-90	-0.3	0.037097
-90	-0.2	0.028502
-90	-0.1	0.022659
-90	0	0.019481
-90	0.1	0.019844
-90	0.2	0.022869
-90	0.3	0.027731
-90	0.4	0.030846
-90	0.5	0.039385
-90	0.6	0.046149
-90	0.7	0.052152
-90	0.8	0.056905
-90	0.9	0.058969
-90	1	0.061048
-90	1.1	0.060561
-90	1.2	0.058359
-90	1.3	0.054224
-90	1.4	0.051526
-90	1.5	0.047185
-90	1.6	0.042827
-90	1.7	0.040387
-90	1.8	0.038994
-90	1.9	0.038153
-90	2	0.03666
-90	2.1	0.035116
-90	2.2	0.032035
-90	2.3	0.029551
-90	2.4	0.027448
-90	2.5	0.026196
-90	2.6	0.024066
-90	2.7	0.022686
-90	2.8	0.021068
-90	2.9	0.01989
-90	3	0.018172
-90	3.1	0.013942
-90	3.2	0.012563
-90	3.3	0.01176
-90	3.4	0.011416
-90	3.5	0.010804
-90	3.6	0.010358
-90	3.7	0.0096616
-90	3.8	0.0095624
-90	3.9	0.0088825
-90	4	0.0081182
-80	-4	0.0097283
-80	-3.9	0.01037
-80	-3.8	0.010055
-80	-3.7	0.009354
-80	-3.6	0.0094588
-80	-3.5	0.010221
-80	-3.4	0.012134
-80	-3.3	0.013162
-80	-3.2	0.014342
-80	-3.1	0.015403
-80	-3	0.016234
-80	-2.9	0.018691
-80	-2.8	0.02224
-80	-2.7	0.025519
-80	-2.6	0.02823
-80	-2.5	0.030119
-80	-2.4	0.030258
-80	-2.3	0.030389
-80	-2.2	0.031459
-80	-2.1	0.033011
-80	-2	0.035095
-80	-1.9	0.037983
-80	-1.8	0.03747
-80	-1.7	0.035798
-80	-1.6	0.033202
-80	-1.5	0.030823
-80	-1.4	0.031802
-80	-1.3	0.035745
-80	-1.2	0.04343
-80	-1.1	0.050435
-80	-1	0.054563
-80	-0.9	0.058896
-80	-0.8	0.060616
-80	-0.7	0.059335
-80	-0.6	0.05465
-80	-0.5	0.048746
-80	-0.4	0.043462
-80	-0.3	0.0338
-80	-0.2	0.028964
-80	-0.1	0.024075
-80	0	0.022042
-80	0.1	0.023033
-80	0.2	0.025414
-80	0.3	0.028913
-80	0.4	0.034207
-80	0.5	0.03697
-80	0.6	0.043291
-80	0.7	0.049794
-80	0.8	0.052561
-80	0.9	0.057673
-80	1	0.060048
-80	1.1	0.060197
-80	1.2	0.058181
-80	1.3	0.054173
-80	1.4	0.049659
-80	1.5	0.047036
-80	1.6	0.044127
-80	1.7	0.040639
-80	1.8	0.040341
-80	1.9	0.040234
-80	2	0.039562
-80	2.1	0.037109
-80	2.2	0.034818
-80	2.3	0.030473
-80	2.4	0.028267
-80	2.5	0.02709
-80	2.6	0.025446
-80	2.7	0.024081
-80	2.8	0.022818
-80	2.9	0.019938
-80	3	0.018221
-80	3.1	0.016009
-80	3.2	0.013481
-80	3.3	0.012999
-80	3.4	0.013173
-80	3.5	0.013253
-80	3.6	0.012526
-80	3.7	0.010403
-80	3.8	0.0091531
-80	3.9	0.0083788
-80	4	0.0077265
-70	-4	0.010609
-70	-3.9	0.010303
-70	-3.8	0.0098865
-70	-3.7	0.0097183
-70	-3.6	0.010662
-70	-3.5	0.012194
-70	-3.4	0.012889
-70	-3.3	0.012991
-70	-3.2	0.012897
-70	-3.1	0.013534
-70	-3	0.014477
-70	-2.9	0.017482
-70	-2.8	0.020789
-70	-2.7	0.024904
-70	-2.6	0.028478
-70	-2.5	0.030178
-70	-2.4	0.030324
-70	-2.3	0.030226
-70	-2.2	0.030563
-70	-2.1	0.031631
-70	-2	0.033306
-70	-1.9	0.035368
-70	-1.8	0.037352
-70	-1.7	0.037784
-70	-1.6	0.036857
-70	-1.5	0.03432
-70	-1.4	0.032144
-70	-1.3	0.034509
-70	-1.2	0.040001
-70	-1.1	0.048956
-70	-1	0.057995
-70	-0.9	0.063301
-70	-0.8	0.065315
-70	-0.7	0.063049
-70	-0.6	0.059471
-70	-0.5	0.051884
-70	-0.4	0.04373
-70	-0.3	0.034919
-70	-0.2	0.026202
-70	-0.1	0.021525
-70	0	0.020927
-70	0.1	0.022181
-70	0.2	0.026764
-70	0.3	0.031282
-70	0.4	0.037516
-70	0.5	0.043928
-70	0.6	0.050722
-70	0.7	0.055162
-70	0.8	0.058595
-70	0.9	0.060224
-70	1	0.060292
-70	1.1	0.059331
-70	1.2	0.056202
-70	1.3	0.0525
-70	1.4	0.048033
-70	1.5	0.045509
-70	1.6	0.042721
-70	1.7	0.040133
-70	1.8	0.038278
-70	1.9	0.036726
-70	2	0.035459
-70	2.1	0.032978
-70	2.2	0.03108
-70	2.3	0.028654
-70	2.4	0.027226
-70	2.5	0.026206
-70	2.6	0.025021
-70	2.7	0.023866
-70	2.8	0.022792
-70	2.9	0.02089
-70	3	0.018826
-70	3.1	0.016874
-70	3.2	0.015504
-70	3.3	0.014613
-70	3.4	0.014357
-70	3.5	0.0142
-70	3.6	0.01364
-70	3.7	0.012608
-70	3.8	0.011752
-70	3.9	0.011946
-70	4	0.012032
-60	-4	0.010757
-60	-3.9	0.010759
-60	-3.8	0.0098587
-60	-3.7	0.0082662
-60	-3.6	0.0080583
-60	-3.5	0.010143
-60	-3.4	0.012758
-60	-3.3	0.014838
-60	-3.2	0.016568
-60	-3.1	0.016459
-60	-3	0.015561
-60	-2.9	0.015251
-60	-2.8	0.018292
-60	-2.7	0.023919
-60	-2.6	0.029856
-60	-2.5	0.033942
-60	-2.4	0.035924
-60	-2.3	0.034928
-60	-2.2	0.033051
-60	-2.1	0.032423
-60	-2	0.03386
-60	-1.9	0.036882
-60	-1.8	0.040342
-60	-1.7	0.040861
-60	-1.6	0.039225
-60	-1.5	0.03465
-60	-1.4	0.034366
-60	-1.3	0.035959
-60	-1.2	0.042319
-60	-1.1	0.051396
-60	-1	0.057673
-60	-0.9	0.061396
-60	-0.8	0.063154
-60	-0.7	0.060739
-60	-0.6	0.05532
-60	-0.5	0.048696
-60	-0.4	0.037349
-60	-0.3	0.031938
-60	-0.2	0.024844
-60	-0.1	0.023122
-60	0	0.023832
-60	0.1	0.02769
-60	0.2	0.032564
-60	0.3	0.035269
-60	0.4	0.039855
-60	0.5	0.044383
-60	0.6	0.04824
-60	0.7	0.052113
-60	0.8	0.055545
-60	0.9	0.057516
-60	1	0.058613
-60	1.1	0.057907
-60	1.2	0.056183
-60	1.3	0.052373
-60	1.4	0.044467
-60	1.5	0.041052
-60	1.6	0.037596
-60	1.7	0.035923
-60	1.8	0.0351
-60	1.9	0.034702
-60	2	0.035142
-60	2.1	0.033214
-60	2.2	0.029524
-60	2.3	0.026992
-60	2.4	0.024673
-60	2.5	0.023831
-60	2.6	0.023597
-60	2.7	0.023909
-60	2.8	0.023535
-60	2.9	0.021605
-60	3	0.01871
-60	3.1	0.015567
-60	3.2	0.013609
-60	3.3	0.012295
-60	3.4	0.012254
-60	3.5	0.013414
-60	3.6	0.013999
-60	3.7	0.012338
-60	3.8	0.010847
-60	3.9	0.0096332
-60	4	0.0091796
-50	-4	0.0090305
-50	-3.9	0.008917
-50	-3.8	0.0075787
-50	-3.7	0.0064772
-50	-3.6	0.0075723
-50	-3.5	0.010375
-50	-3.4	0.014057
-50	-3.3	0.015737
-50	-3.2	0.01699
-50	-3.1	0.015589
-50	-3	0.013579
-50	-2.9	0.012752
-50	-2.8	0.016621
-50	-2.7	0.021189
-50	-2.6	0.025957
-50	-2.5	0.029304
-50	-2.4	0.030701
-50	-2.3	0.03069
-50	-2.2	0.030681
-50	-2.1	0.031281
-50	-2	0.033383
-50	-1.9	0.034949
-50	-1.8	0.036876
-50	-1.7	0.037159
-50	-1.6	0.036388
-50	-1.5	0.034799
-50	-1.4	0.034208
-50	-1.3	0.03696
-50	-1.2	0.042257
-50	-1.1	0.051152
-50	-1	0.058891
-50	-0.9	0.062995
-50	-0.8	0.066776
-50	-0.7	0.064196
-50	-0.6	0.057919
-50	-0.5	0.049903
-50	-0.4	0.042983
-50	-0.3	0.031828
-50	-0.2	0.024087
-50	-0.1	0.020727
-50	0	0.020132
-50	0.1	0.022004
-50	0.2	0.025496
-50	0.3	0.031106
-50	0.4	0.037068
-50	0.5	0.045006
-50	0.6	0.04956
-50	0.7	0.054911
-50	0.8	0.058979
-50	0.9	0.060249
-50	1	0.060015
-50	1.1	0.058721
-50	1.2	0.055621
-50	1.3	0.052955
-50	1.4	0.04896
-50	1.5	0.046336
-50	1.6	0.043568
-50	1.7	0.041045
-50	1.8	0.03744
-50	1.9	0.035765
-50	2	0.034344
-50	2.1	0.031142
-50	2.2	0.029873
-50	2.3	0.02673
-50	2.4	0.025402
-50	2.5	0.024218
-50	2.6	0.022807
-50	2.7	0.020469
-50	2.8	0.019313
-50	2.9	0.017698
-50	3	0.016564
-50	3.1	0.0145
-50	3.2	0.012918
-50	3.3	0.012175
-50	3.4	0.011544
-50	3.5	0.010701
-50	3.6	0.0093678
-50	3.7	0.0090018
-50	3.8	0.0083459
-50	3.9	0.008423
-50	4	0.0081599
-40	-4	0.0094022
-40	-3.9	0.0096767
-40	-3.8	0.0093678
-40	-3.7	0.0078634
-40	-3.6	0.0070872
-40	-3.5	0.008274
-40	-3.4	0.010727
-40	-3.3	0.012652
-40	-3.2	0.013757
-40	-3.1	0.01408
-40	-3	0.013514
-40	-2.9	0.014703
-40	-2.8	0.017081
-40	-2.7	0.021183
-40	-2.6	0.026129
-40	-2.5	0.02845
-40	-2.4	0.030959
-40	-2.3	0.031738
-40	-2.2	0.032336
-40	-2.1	0.033322
-40	-2	0.035093
-40	-1.9	0.037872
-40	-1.8	0.03862
-40	-1.7	0.039219
-40	-1.6	0.038264
-40	-1.5	0.035943
-40	-1.4	0.035788
-40	-1.3	0.037225
-40	-1.2	0.043642
-40	-1.1	0.050517
-40	-1	0.059076
-40	-0.9	0.065014
-40	-0.8	0.066653
-40	-0.7	0.064915
-40	-0.6	0.055651
-40	-0.5	0.047971
-40	-0.4	0.040531
-40	-0.3	0.032681
-40	-0.2	0.024343
-40	-0.1	0.021092
-40	0	0.02117
-40	0.1	0.022303
-40	0.2	0.025455
-40	0.3	0.030873
-40	0.4	0.036815
-40	0.5	0.045105
-40	0.6	0.048831
-40	0.7	0.05442
-40	0.8	0.058054
-40	0.9	0.059995
-40	1	0.059934
-40	1.1	0.059723
-40	1.2	0.056771
-40	1.3	0.054518
-40	1.4	0.049371
-40	1.5	0.045094
-40	1.6	0.042046
-40	1.7	0.039444
-40	1.8	0.036122
-40	1.9	0.034194
-40	2	0.033556
-40	2.1	0.032873
-40	2.2	0.031161
-40	2.3	0.028193
-40	2.4	0.026703
-40	2.5	0.025017
-40	2.6	0.022981
-40	2.7	0.020061
-40	2.8	0.017422
-40	2.9	0.016118
-40	3	0.015701
-40	3.1	0.014984
-40	3.2	0.013747
-40	3.3	0.013124
-40	3.4	0.012519
-40	3.5	0.010517
-40	3.6	0.0084899
-40	3.7	0.0071936
-40	3.8	0.0064922
-40	3.9	0.0065787
-40	4	0.0078077
-30	-4	0.0093349
-30	-3.9	0.0099582
-30	-3.8	0.0097681
-30	-3.7	0.0085412
-30	-3.6	0.008225
-30	-3.5	0.0088204
-30	-3.4	0.010918
-30	-3.3	0.013182
-30	-3.2	0.014991
-30	-3.1	0.014725
-30	-3	0.01386
-30	-2.9	0.013595
-30	-2.8	0.01635
-30	-2.7	0.02276
-30	-2.6	0.026476
-30	-2.5	0.030279
-30	-2.4	0.033095
-30	-2.3	0.032659
-30	-2.2	0.032076
-30	-2.1	0.032374
-30	-2	0.033927
-30	-1.9	0.036845
-30	-1.8	0.040237
-30	-1.7	0.041487
-30	-1.6	0.040557
-30	-1.5	0.037506
-30	-1.4	0.034487
-30	-1.3	0.035431
-30	-1.2	0.039235
-30	-1.1	0.051693
-30	-1	0.059093
-30	-0.9	0.067486
-30	-0.8	0.071834
-30	-0.7	0.069162
-30	-0.6	0.061109
-30	-0.5	0.052173
-30	-0.4	0.041276
-30	-0.3	0.028234
-30	-0.2	0.023827
-30	-0.1	0.019816
-30	0	0.019012
-30	0.1	0.020401
-30	0.2	0.024274
-30	0.3	0.028068
-30	0.4	0.034483
-30	0.5	0.043942
-30	0.6	0.049767
-30	0.7	0.055035
-30	0.8	0.059461
-30	0.9	0.061346
-30	1	0.059794
-30	1.1	0.057688
-30	1.2	0.053887
-30	1.3	0.049954
-30	1.4	0.045819
-30	1.5	0.041521
-30	1.6	0.039267
-30	1.7	0.037301
-30	1.8	0.035619
-30	1.9	0.033161
-30	2	0.031594
-30	2.1	0.029745
-30	2.2	0.028773
-30	2.3	0.025999
-30	2.4	0.024943
-30	2.5	0.024929
-30	2.6	0.023205
-30	2.7	0.021666
-30	2.8	0.019948
-30	2.9	0.018967
-30	3	0.017847
-30	3.1	0.015653
-30	3.2	0.01388
-30	3.3	0.011643
-30	3.4	0.011204
-30	3.5	0.01013
-30	3.6	0.0084384
-30	3.7	0.0078139
-30	3.8	0.0084632
-30	3.9	0.0086296
-30	4	0.0090501
-20	-4	0.0086857
-20	-3.9	0.0095979
-20	-3.8	0.0097449
-20	-3.7	0.0098603
-20	-3.6	0.009963
-20	-3.5	0.0097962
-20	-3.4	0.010358
-20	-3.3	0.011265
-20	-3.2	0.013172
-20	-3.1	0.013875
-20	-3	0.014769
-20	-2.9	0.015971
-20	-2.8	0.017997
-20	-2.7	0.020651
-20	-2.6	0.024196
-20	-2.5	0.026692
-20	-2.4	0.029869
-20	-2.3	0.031911
-20	-2.2	0.033114
-20	-2.1	0.034926
-20	-2	0.036907
-20	-1.9	0.038305
-20	-1.8	0.039312
-20	-1.7	0.039664
-20	-1.6	0.039009
-20	-1.5	0.037306
-20	-1.4	0.03613
-20	-1.3	0.036761
-20	-1.2	0.039581
-20	-1.1	0.046718
-20	-1	0.057782
-20	-0.9	0.062872
-20	-0.8	0.065999
-20	-0.7	0.065391
-20	-0.6	0.062011
-20	-0.5	0.052916
-20	-0.4	0.042572
-20	-0.3	0.03538
-20	-0.2	0.027483
-20	-0.1	0.022435
-20	0	0.018647
-20	0.1	0.01889
-20	0.2	0.020791
-20	0.3	0.026118
-20	0.4	0.031923
-20	0.5	0.038119
-20	0.6	0.045377
-20	0.7	0.053078
-20	0.8	0.057951
-20	0.9	0.061995
-20	1	0.061462
-20	1.1	0.060094
-20	1.2	0.055879
-20	1.3	0.051566
-20	1.4	0.047253
-20	1.5	0.042269
-20	1.6	0.039396
-20	1.7	0.037697
-20	1.8	0.036441
-20	1.9	0.034362
-20	2	0.032025
-20	2.1	0.029448
-20	2.2	0.027406
-20	2.3	0.025574
-20	2.4	0.023613
-20	2.5	0.022907
-20	2.6	0.022138
-20	2.7	0.020688
-20	2.8	0.019122
-20	2.9	0.016874
-20	3	0.014886
-20	3.1	0.012893
-20	3.2	0.011395
-20	3.3	0.0098242
-20	3.4	0.0099419
-20	3.5	0.009963
-20	3.6	0.0094895
-20	3.7	0.0088679
-20	3.8	0.0087302
-20	3.9	0.0081915
-20	4	0.0084288
-10	-4	0.0088588
-10	-3.9	0.0098291
-10	-3.8	0.010534
-10	-3.7	0.01026
-10	-3.6	0.010202
-10	-3.5	0.0097217
-10	-3.4	0.010178
-10	-3.3	0.011505
-10	-3.2	0.012477
-10	-3.1	0.013074
-10	-3	0.013523
-10	-2.9	0.014369
-10	-2.8	0.017381
-10	-2.7	0.019138
-10	-2.6	0.023025
-10	-2.5	0.027948
-10	-2.4	0.029372
-10	-2.3	0.030335
-10	-2.2	0.031109
-10	-2.1	0.032364
-10	-2	0.034069
-10	-1.9	0.038546
-10	-1.8	0.039711
-10	-1.7	0.041212
-10	-1.6	0.04017
-10	-1.5	0.037254
-10	-1.4	0.03491
-10	-1.3	0.034737
-10	-1.2	0.038602
-10	-1.1	0.046464
-10	-1	0.057577
-10	-0.9	0.063171
-10	-0.8	0.069373
-10	-0.7	0.069106
-10	-0.6	0.065472
-10	-0.5	0.054612
-10	-0.4	0.046153
-10	-0.3	0.034667
-10	-0.2	0.025167
-10	-0.1	0.018245
-10	0	0.016264
-10	0.1	0.017041
-10	0.2	0.01919
-10	0.3	0.02262
-10	0.4	0.027158
-10	0.5	0.035765
-10	0.6	0.043139
-10	0.7	0.051243
-10	0.8	0.057035
-10	0.9	0.058594
-10	1	0.058071
-10	1.1	0.056304
-10	1.2	0.051016
-10	1.3	0.048457
-10	1.4	0.045167
-10	1.5	0.041621
-10	1.6	0.039005
-10	1.7	0.03752
-10	1.8	0.035252
-10	1.9	0.033341
-10	2	0.031384
-10	2.1	0.029708
-10	2.2	0.029061
-10	2.3	0.028209
-10	2.4	0.026135
-10	2.5	0.024623
-10	2.6	0.022701
-10	2.7	0.019943
-10	2.8	0.018204
-10	2.9	0.017529
-10	3	0.01597
-10	3.1	0.015071
-10	3.2	0.013414
-10	3.3	0.011282
-10	3.4	0.0099484
-10	3.5	0.0091195
-10	3.6	0.0090305
-10	3.7	0.0091
-10	3.8	0.0085827
-10	3.9	0.0083942
-10	4	0.0078325
0	-4	0.010042
0	-3.9	0.011664
0	-3.8	0.012044
0	-3.7	0.010985
0	-3.6	0.008991
0	-3.5	0.0089748
0	-3.4	0.010039
0	-3.3	0.012984
0	-3.2	0.01449
0	-3.1	0.015148
0	-3	0.014397
0	-2.9	0.013723
0	-2.8	0.013843
0	-2.7	0.016339
0	-2.6	0.021641
0	-2.5	0.027853
0	-2.4	0.030345
0	-2.3	0.033094
0	-2.2	0.033578
0	-2.1	0.032906
0	-2	0.033096
0	-1.9	0.035541
0	-1.8	0.03868
0	-1.7	0.041727
0	-1.6	0.04204
0	-1.5	0.040916
0	-1.4	0.035721
0	-1.3	0.033311
0	-1.2	0.035542
0	-1.1	0.041153
0	-1	0.052344
0	-0.9	0.060485
0	-0.8	0.065063
0	-0.7	0.067366
0	-0.6	0.065487
0	-0.5	0.059534
0	-0.4	0.050273
0	-0.3	0.037926
0	-0.2	0.027337
0	-0.1	0.020433
0	0	0.014993
0	0.1	0.01569
0	0.2	0.017508
0	0.3	0.02109
0	0.4	0.027376
0	0.5	0.034168
0	0.6	0.038968
0	0.7	0.048943
0	0.8	0.053152
0	0.9	0.056588
0	1	0.058909
0	1.1	0.058531
0	1.2	0.056153
0	1.3	0.052284
0	1.4	0.046438
0	1.5	0.041835
0	1.6	0.037822
0	1.7	0.034605
0	1.8	0.033055
0	1.9	0.032231
0	2	0.031783
0	2.1	0.030774
0	2.2	0.028363
0	2.3	0.02624
0	2.4	0.02353
0	2.5	0.020188
0	2.6	0.018792
0	2.7	0.018349
0	2.8	0.01791
0	2.9	0.017436
0	3	0.016195
0	3.1	0.01406
0	3.2	0.011537
0	3.3	0.010243
0	3.4	0.0093315
0	3.5	0.0096917
0	3.6	0.010016
0	3.7	0.01005
0	3.8	0.0082915
0	3.9	0.0072295
0	4	0.0067245
10	-4	0.0096583
10	-3.9	0.010583
10	-3.8	0.010172
10	-3.7	0.0098291
10	-3.6	0.0091461
10	-3.5	0.0099419
10	-3.4	0.012215
10	-3.3	0.014534
10	-3.2	0.015768
10	-3.1	0.015919
10	-3	0.014727
10	-2.9	0.013281
10	-2.8	0.013468
10	-2.7	0.015349
10	-2.6	0.020444
10	-2.5	0.025399
10	-2.4	0.028831
10	-2.3	0.030351
10	-2.2	0.030982
10	-2.1	0.031263
10	-2	0.032534
10	-1.9	0.0351
10	-1.8	0.037109
10	-1.7	0.039281
10	-1.6	0.038879
10	-1.5	0.036168
10	-1.4	0.032342
10	-1.3	0.029852
10	-1.2	0.033289
10	-1.1	0.040098
10	-1	0.048688
10	-0.9	0.055273
10	-0.8	0.062525
10	-0.7	0.065222
10	-0.6	0.063314
10	-0.5	0.056737
10	-0.4	0.048807
10	-0.3	0.03839
10	-0.2	0.028095
10	-0.1	0.022118
10	0	0.015465
10	0.1	0.012739
10	0.2	0.013125
10	0.3	0.01462
10	0.4	0.019496
10	0.5	0.023356
10	0.6	0.031384
10	0.7	0.041159
10	0.8	0.045295
10	0.9	0.050554
10	1	0.052928
10	1.1	0.053063
10	1.2	0.050882
10	1.3	0.048385
10	1.4	0.046689
10	1.5	0.043066
10	1.6	0.039289
10	1.7	0.03685
10	1.8	0.034498
10	1.9	0.031588
10	2	0.030182
10	2.1	0.028178
10	2.2	0.027324
10	2.3	0.026044
10	2.4	0.024871
10	2.5	0.023004
10	2.6	0.021844
10	2.7	0.01905
10	2.8	0.016424
10	2.9	0.014571
10	3	0.013826
10	3.1	0.012502
10	3.2	0.011729
10	3.3	0.010753
10	3.4	0.0095031
10	3.5	0.0078242
10	3.6	0.0066374
10	3.7	0.0066057
10	3.8	0.0064872
10	3.9	0.0066763
10	4	0.0064722
20	-4	0.0089586
20	-3.9	0.010671
20	-3.8	0.011505
20	-3.7	0.010949
20	-3.6	0.0092357
20	-3.5	0.0076972
20	-3.4	0.0076149
20	-3.3	0.0094383
20	-3.2	0.012958
20	-3.1	0.015505
20	-3	0.016212
20	-2.9	0.014956
20	-2.8	0.013396
20	-2.7	0.012293
20	-2.6	0.013832
20	-2.5	0.020423
20	-2.4	0.025672
20	-2.3	0.028984
20	-2.2	0.031063
20	-2.1	0.032404
20	-2	0.032872
20	-1.9	0.034178
20	-1.8	0.037434
20	-1.7	0.038922
20	-1.6	0.039646
20	-1.5	0.038229
20	-1.4	0.034589
20	-1.3	0.031446
20	-1.2	0.030277
20	-1.1	0.03515
20	-1	0.042961
20	-0.9	0.053443
20	-0.8	0.060131
20	-0.7	0.064336
20	-0.6	0.064207
20	-0.5	0.061919
20	-0.4	0.051281
20	-0.3	0.043319
20	-0.2	0.030432
20	-0.1	0.022042
20	0	0.016081
20	0.1	0.013009
20	0.2	0.012059
20	0.3	0.012303
20	0.4	0.015947
20	0.5	0.019914
20	0.6	0.029246
20	0.7	0.037491
20	0.8	0.044104
20	0.9	0.04816
20	1	0.050895
20	1.1	0.051244
20	1.2	0.050214
20	1.3	0.047792
20	1.4	0.045344
20	1.5	0.042261
20	1.6	0.03911
20	1.7	0.035365
20	1.8	0.032807
20	1.9	0.031279
20	2	0.029603
20	2.1	0.028923
20	2.2	0.028527
20	2.3	0.028019
20	2.4	0.026606
20	2.5	0.024531
20	2.6	0.022182
20	2.7	0.02004
20	2.8	0.018072
20	2.9	0.015616
20	3	0.014511
20	3.1	0.013768
20	3.2	0.012179
20	3.3	0.010695
20	3.4	0.010365
20	3.5	0.009613
20	3.6	0.0084709
20	3.7	0.0081698
20	3.8	0.0074171
20	3.9	0.0069908
20	4	0.0066155
30	-4	0.010406
30	-3.9	0.012386
30	-3.8	0.013664
30	-3.7	0.013389
30	-3.6	0.012158
30	-3.5	0.010957
30	-3.4	0.010875
30	-3.3	0.011752
30	-3.2	0.013155
30	-3.1	0.013934
30	-3	0.01419
30	-2.9	0.013559
30	-2.8	0.012964
30	-2.7	0.012872
30	-2.6	0.015332
30	-2.5	0.019186
30	-2.4	0.024137
30	-2.3	0.027124
30	-2.2	0.029447
30	-2.1	0.030342
30	-2	0.030946
30	-1.9	0.033338
30	-1.8	0.03514
30	-1.7	0.037913
30	-1.6	0.039589
30	-1.5	0.037983
30	-1.4	0.034673
30	-1.3	0.029236
30	-1.2	0.026092
30	-1.1	0.026996
30	-1	0.03697
30	-0.9	0.045042
30	-0.8	0.053011
30	-0.7	0.060695
30	-0.6	0.06205
30	-0.5	0.059051
30	-0.4	0.052222
30	-0.3	0.042925
30	-0.2	0.033574
30	-0.1	0.021914
30	0	0.014122
30	0.1	0.011565
30	0.2	0.010421
30	0.3	0.011304
30	0.4	0.012123
30	0.5	0.017092
30	0.6	0.019843
30	0.7	0.029826
30	0.8	0.034554
30	0.9	0.040365
30	1	0.044436
30	1.1	0.046294
30	1.2	0.045961
30	1.3	0.043985
30	1.4	0.041534
30	1.5	0.036607
30	1.6	0.033209
30	1.7	0.030155
30	1.8	0.02893
30	1.9	0.02875
30	2	0.028206
30	2.1	0.027857
30	2.2	0.026427
30	2.3	0.025561
30	2.4	0.023574
30	2.5	0.021558
30	2.6	0.020424
30	2.7	0.019312
30	2.8	0.019311
30	2.9	0.018607
30	3	0.016896
30	3.1	0.015658
30	3.2	0.013787
30	3.3	0.011875
30	3.4	0.010951
30	3.5	0.01065
30	3.6	0.010424
30	3.7	0.010202
30	3.8	0.0096666
30	3.9	0.0086801
30	4	0.0085051
40	-4	0.0080723
40	-3.9	0.010612
40	-3.8	0.013148
40	-3.7	0.015818
40	-3.6	0.0168
40	-3.5	0.01549
40	-3.4	0.013699
40	-3.3	0.01227
40	-3.2	0.013419
40	-3.1	0.01532
40	-3	0.015946
40	-2.9	0.01521
40	-2.8	0.012897
40	-2.7	0.01256
40	-2.6	0.014888
40	-2.5	0.02005
40	-2.4	0.023039
40	-2.3	0.026985
40	-2.2	0.029047
40	-2.1	0.02989
40	-2	0.030295
40	-1.9	0.032456
40	-1.8	0.034293
40	-1.7	0.037758
40	-1.6	0.04016
40	-1.5	0.038195
40	-1.4	0.036792
40	-1.3	0.031023
40	-1.2	0.023732
40	-1.1	0.022154
40	-1	0.025963
40	-0.9	0.037109
40	-0.8	0.045652
40	-0.7	0.052284
40	-0.6	0.055159
40	-0.5	0.05623
40	-0.4	0.052777
40	-0.3	0.044475
40	-0.2	0.038549
40	-0.1	0.0298
40	0	0.022221
40	0.1	0.015395
40	0.2	0.010568
40	0.3	0.01018
40	0.4	0.0106
40	0.5	0.012866
40	0.6	0.01642
40	0.7	0.021397
40	0.8	0.027337
40	0.9	0.033147
40	1	0.040936
40	1.1	0.04427
40	1.2	0.046201
40	1.3	0.045518
40	1.4	0.043148
40	1.5	0.038633
40	1.6	0.033147
40	1.7	0.029424
40	1.8	0.028259
40	1.9	0.027676
40	2	0.02784
40	2.1	0.027602
40	2.2	0.02748
40	2.3	0.025808
40	2.4	0.024271
40	2.5	0.021978
40	2.6	0.019762
40	2.7	0.018428
40	2.8	0.017231
40	2.9	0.015317
40	3	0.013137
40	3.1	0.011209
40	3.2	0.01002
40	3.3	0.0089982
40	3.4	0.0086446
40	3.5	0.0093488
40	3.6	0.010042
40	3.7	0.01005
40	3.8	0.0097515
40	3.9	0.0083091
40	4	0.0081262
50	-4	0.010202
50	-3.9	0.010485
50	-3.8	0.011651
50	-3.7	0.012695
50	-3.6	0.014013
50	-3.5	0.014341
50	-3.4	0.014579
50	-3.3	0.014165
50	-3.2	0.013081
50	-3.1	0.012451
50	-3	0.012508
50	-2.9	0.013145
50	-2.8	0.012729
50	-2.7	0.011072
50	-2.6	0.011213
50	-2.5	0.012484
50	-2.4	0.017071
50	-2.3	0.020149
50	-2.2	0.024073
50	-2.1	0.026837
50	-2	0.027988
50	-1.9	0.029915
50	-1.8	0.031823
50	-1.7	0.034352
50	-1.6	0.036078
50	-1.5	0.035946
50	-1.4	0.033377
50	-1.3	0.029079
50	-1.2	0.023765
50	-1.1	0.020912
50	-1	0.021353
50	-0.9	0.03214
50	-0.8	0.037334
50	-0.7	0.048625
50	-0.6	0.051075
50	-0.5	0.054606
50	-0.4	0.052578
50	-0.3	0.045103
50	-0.2	0.037304
50	-0.1	0.0277
50	0	0.023539
50	0.1	0.014491
50	0.2	0.011517
50	0.3	0.009695
50	0.4	0.0094758
50	0.5	0.0086912
50	0.6	0.01208
50	0.7	0.017818
50	0.8	0.026635
50	0.9	0.032249
50	1	0.037521
50	1.1	0.040927
50	1.2	0.041618
50	1.3	0.040477
50	1.4	0.0393
50	1.5	0.035515
50	1.6	0.032552
50	1.7	0.029585
50	1.8	0.027431
50	1.9	0.026413
50	2	0.025473
50	2.1	0.024282
50	2.2	0.023887
50	2.3	0.023043
50	2.4	0.022358
50	2.5	0.020622
50	2.6	0.019388
50	2.7	0.017634
50	2.8	0.016477
50	2.9	0.014762
50	3	0.013077
50	3.1	0.012029
50	3.2	0.010089
50	3.3	0.0092165
50	3.4	0.0074062
50	3.5	0.0072004
50	3.6	0.00682
50	3.7	0.0076635
50	3.8	0.0076993
50	3.9	0.0068578
50	4	0.0067437
60	-4	0.0066932
60	-3.9	0.0081421
60	-3.8	0.012278
60	-3.7	0.015255
60	-3.6	0.016766
60	-3.5	0.014919
60	-3.4	0.012328
60	-3.3	0.01
60	-3.2	0.011854
60	-3.1	0.014701
60	-3	0.017614
60	-2.9	0.017912
60	-2.8	0.016287
60	-2.7	0.011523
60	-2.6	0.0090179
60	-2.5	0.010296
60	-2.4	0.017962
60	-2.3	0.023695
60	-2.2	0.026482
60	-2.1	0.028738
60	-2	0.028841
60	-1.9	0.029081
60	-1.8	0.031421
60	-1.7	0.035372
60	-1.6	0.040402
60	-1.5	0.042265
60	-1.4	0.040824
60	-1.3	0.034268
60	-1.2	0.026986
60	-1.1	0.016213
60	-1	0.016727
60	-0.9	0.025593
60	-0.8	0.034892
60	-0.7	0.044218
60	-0.6	0.049305
60	-0.5	0.051536
60	-0.4	0.048617
60	-0.3	0.044922
60	-0.2	0.036092
60	-0.1	0.028718
60	0	0.024
60	0.1	0.016154
60	0.2	0.01227
60	0.3	0.010196
60	0.4	0.0099126
60	0.5	0.010197
60	0.6	0.012607
60	0.7	0.01709
60	0.8	0.022037
60	0.9	0.028179
60	1	0.032737
60	1.1	0.035829
60	1.2	0.038377
60	1.3	0.038832
60	1.4	0.038025
60	1.5	0.035212
60	1.6	0.029381
60	1.7	0.02578
60	1.8	0.023526
60	1.9	0.023555
60	2	0.024384
60	2.1	0.026054
60	2.2	0.026753
60	2.3	0.026651
60	2.4	0.024704
60	2.5	0.022514
60	2.6	0.019529
60	2.7	0.018124
60	2.8	0.017338
60	2.9	0.017406
60	3	0.016769
60	3.1	0.015314
60	3.2	0.013855
60	3.3	0.010709
60	3.4	0.0093522
60	3.5	0.0084899
60	3.6	0.0091761
60	3.7	0.010488
60	3.8	0.011439
60	3.9	0.011262
60	4	0.010285
70	-4	0.0085827
70	-3.9	0.010612
70	-3.8	0.012278
70	-3.7	0.013751
70	-3.6	0.013978
70	-3.5	0.013093
70	-3.4	0.011852
70	-3.3	0.010667
70	-3.2	0.010926
70	-3.1	0.011266
70	-3	0.012462
70	-2.9	0.013701
70	-2.8	0.013043
70	-2.7	0.010281
70	-2.6	0.0072138
70	-2.5	0.0065615
70	-2.4	0.012423
70	-2.3	0.017932
70	-2.2	0.020602
70	-2.1	0.023557
70	-2	0.025139
70	-1.9	0.026141
70	-1.8	0.028387
70	-1.7	0.033476
70	-1.6	0.035985
70	-1.5	0.039
70	-1.4	0.038909
70	-1.3	0.034486
70	-1.2	0.026119
70	-1.1	0.020724
70	-1	0.017263
70	-0.9	0.020808
70	-0.8	0.030447
70	-0.7	0.040131
70	-0.6	0.048698
70	-0.5	0.051057
70	-0.4	0.05264
70	-0.3	0.048607
70	-0.2	0.041702
70	-0.1	0.033988
70	0	0.024502
70	0.1	0.016933
70	0.2	0.01368
70	0.3	0.011736
70	0.4	0.01081
70	0.5	0.0099061
70	0.6	0.011492
70	0.7	0.01533
70	0.8	0.021059
70	0.9	0.026857
70	1	0.033221
70	1.1	0.035843
70	1.2	0.036676
70	1.3	0.03635
70	1.4	0.034825
70	1.5	0.032234
70	1.6	0.030648
70	1.7	0.02741
70	1.8	0.025606
70	1.9	0.024202
70	2	0.023605
70	2.1	0.02377
70	2.2	0.024232
70	2.3	0.024687
70	2.4	0.024571
70	2.5	0.023421
70	2.6	0.022113
70	2.7	0.019766
70	2.8	0.016885
70	2.9	0.015553
70	3	0.013943
70	3.1	0.012814
70	3.2	0.012346
70	3.3	0.01067
70	3.4	0.010124
70	3.5	0.01009
70	3.6	0.00972
70	3.7	0.010124
70	3.8	0.010378
70	3.9	0.0097449
70	4	0.0095438
80	-4	0.0086819
80	-3.9	0.0090573
80	-3.8	0.011144
80	-3.7	0.012879
80	-3.6	0.013784
80	-3.5	0.013628
80	-3.4	0.012902
80	-3.3	0.012611
80	-3.2	0.013157
80	-3.1	0.014657
80	-3	0.015861
80	-2.9	0.016681
80	-2.8	0.015403
80	-2.7	0.013367
80	-2.6	0.0082329
80	-2.5	0.007294
80	-2.4	0.0091743
80	-2.3	0.014392
80	-2.2	0.018707
80	-2.1	0.023479
80	-2	0.026584
80	-1.9	0.029284
80	-1.8	0.032141
80	-1.7	0.035836
80	-1.6	0.040093
80	-1.5	0.041938
80	-1.4	0.040967
80	-1.3	0.039079
80	-1.2	0.033906
80	-1.1	0.025429
80	-1	0.019609
80	-0.9	0.018491
80	-0.8	0.025668
80	-0.7	0.032014
80	-0.6	0.041133
80	-0.5	0.044513
80	-0.4	0.046194
80	-0.3	0.044774
80	-0.2	0.040416
80	-0.1	0.035806
80	0	0.029214
80	0.1	0.023849
80	0.2	0.020594
80	0.3	0.017681
80	0.4	0.015516
80	0.5	0.014567
80	0.6	0.014465
80	0.7	0.017187
80	0.8	0.019876
80	0.9	0.023829
80	1	0.027942
80	1.1	0.03175
80	1.2	0.034722
80	1.3	0.035306
80	1.4	0.03479
80	1.5	0.032754
80	1.6	0.030727
80	1.7	0.029071
80	1.8	0.028116
80	1.9	0.027861
80	2	0.028103
80	2.1	0.028772
80	2.2	0.028768
80	2.3	0.028179
80	2.4	0.027732
80	2.5	0.025987
80	2.6	0.024674
80	2.7	0.022433
80	2.8	0.021047
80	2.9	0.01686
80	3	0.015622
80	3.1	0.012071
80	3.2	0.010407
80	3.3	0.0093764
80	3.4	0.0097929
80	3.5	0.01054
80	3.6	0.010811
80	3.7	0.011181
80	3.8	0.010515
80	3.9	0.010138
80	4	0.0096499
90	-4	0.0076972
90	-3.9	0.0073228
90	-3.8	0.0088259
90	-3.7	0.011026
90	-3.6	0.01301
90	-3.5	0.014755
90	-3.4	0.014712
90	-3.3	0.014135
90	-3.2	0.012847
90	-3.1	0.011427
90	-3	0.012031
90	-2.9	0.013114
90	-2.8	0.013662
90	-2.7	0.013473
90	-2.6	0.010598
90	-2.5	0.0078593
90	-2.4	0.0070116
90	-2.3	0.0095387
90	-2.2	0.016982
90	-2.1	0.019221
90	-2	0.023634
90	-1.9	0.028098
90	-1.8	0.031058
90	-1.7	0.034189
90	-1.6	0.038265
90	-1.5	0.04149
90	-1.4	0.043097
90	-1.3	0.041622
90	-1.2	0.038349
90	-1.1	0.031138
90	-1	0.024215
90	-0.9	0.017147
90	-0.8	0.02147
90	-0.7	0.030392
90	-0.6	0.036134
90	-0.5	0.043919
90	-0.4	0.047282
90	-0.3	0.046645
90	-0.2	0.042845
90	-0.1	0.038584
90	0	0.030437
90	0.1	0.026045
90	0.2	0.021204
90	0.3	0.0189
90	0.4	0.017869
90	0.5	0.016812
90	0.6	0.017369
90	0.7	0.019987
90	0.8	0.024589
90	0.9	0.030596
90	1	0.032603
90	1.1	0.036334
90	1.2	0.037868
90	1.3	0.038228
90	1.4	0.036006
90	1.5	0.033562
90	1.6	0.031186
90	1.7	0.030023
90	1.8	0.028413
90	1.9	0.028557
90	2	0.02895
90	2.1	0.029224
90	2.2	0.029237
90	2.3	0.028263
90	2.4	0.02728
90	2.5	0.025917
90	2.6	0.02452
90	2.7	0.021264
90	2.8	0.019372
90	2.9	0.017822
90	3	0.015376
90	3.1	0.013829
90	3.2	0.012084
90	3.3	0.0111
90	3.4	0.0099549
90	3.5	0.0098143
90	3.6	0.010113
90	3.7	0.010235
90	3.8	0.011206
90	3.9	0.011461
90	4	0.010971
100	-4	0.0085657
100	-3.9	0.0092497
100	-3.8	0.01046
100	-3.7	0.012576
100	-3.6	0.013875
100	-3.5	0.015387
100	-3.4	0.015707
100	-3.3	0.014886
100	-3.2	0.014214
100	-3.1	0.013614
100	-3	0.014168
100	-2.9	0.014746
100	-2.8	0.01501
100	-2.7	0.013743
100	-2.6	0.010392
100	-2.5	0.0078716
100	-2.4	0.007693
100	-2.3	0.010165
100	-2.2	0.015557
100	-2.1	0.018767
100	-2	0.022262
100	-1.9	0.024985
100	-1.8	0.029436
100	-1.7	0.035719
100	-1.6	0.041383
100	-1.5	0.044555
100	-1.4	0.046403
100	-1.3	0.045532
100	-1.2	0.039694
100	-1.1	0.033705
100	-1	0.022573
100	-0.9	0.017013
100	-0.8	0.019376
100	-0.7	0.028423
100	-0.6	0.036211
100	-0.5	0.042743
100	-0.4	0.04582
100	-0.3	0.047679
100	-0.2	0.046218
100	-0.1	0.041771
100	0	0.034719
100	0.1	0.030748
100	0.2	0.02505
100	0.3	0.022308
100	0.4	0.019857
100	0.5	0.019169
100	0.6	0.019286
100	0.7	0.022141
100	0.8	0.026189
100	0.9	0.029711
100	1	0.032154
100	1.1	0.036666
100	1.2	0.038414
100	1.3	0.038785
100	1.4	0.036737
100	1.5	0.03358
100	1.6	0.031849
100	1.7	0.028834
100	1.8	0.027103
100	1.9	0.026714
100	2	0.028067
100	2.1	0.029408
100	2.2	0.030075
100	2.3	0.030338
100	2.4	0.030298
100	2.5	0.029362
100	2.6	0.025555
100	2.7	0.023336
100	2.8	0.019314
100	2.9	0.017091
100	3	0.015943
100	3.1	0.013504
100	3.2	0.012028
100	3.3	0.010965
100	3.4	0.0091936
100	3.5	0.0089496
100	3.6	0.0088552
100	3.7	0.0096516
100	3.8	0.010744
100	3.9	0.011526
100	4	0.011058
110	-4	0.0091831
110	-3.9	0.010367
110	-3.8	0.012254
110	-3.7	0.013113
110	-3.6	0.013845
110	-3.5	0.014302
110	-3.4	0.014054
110	-3.3	0.01452
110	-3.2	0.014919
110	-3.1	0.01536
110	-3	0.015186
110	-2.9	0.014058
110	-2.8	0.012929
110	-2.7	0.010961
110	-2.6	0.0088387
110	-2.5	0.0069024
110	-2.4	0.0074497
110	-2.3	0.010811
110	-2.2	0.013578
110	-2.1	0.016963
110	-2	0.021
110	-1.9	0.025411
110	-1.8	0.029487
110	-1.7	0.036922
110	-1.6	0.041866
110	-1.5	0.04554
110	-1.4	0.04642
110	-1.3	0.044706
110	-1.2	0.038146
110	-1.1	0.032528
110	-1	0.023687
110	-0.9	0.01993
110	-0.8	0.020924
110	-0.7	0.024754
110	-0.6	0.03358
110	-0.5	0.041338
110	-0.4	0.045522
110	-0.3	0.047035
110	-0.2	0.046354
110	-0.1	0.04286
110	0	0.038195
110	0.1	0.032649
110	0.2	0.028781
110	0.3	0.024739
110	0.4	0.023055
110	0.5	0.021943
110	0.6	0.022801
110	0.7	0.025361
110	0.8	0.028579
110	0.9	0.032108
110	1	0.034416
110	1.1	0.038407
110	1.2	0.039743
110	1.3	0.038393
110	1.4	0.036723
110	1.5	0.034645
110	1.6	0.032632
110	1.7	0.030486
110	1.8	0.029485
110	1.9	0.030175
110	2	0.031687
110	2.1	0.03232
110	2.2	0.032625
110	2.3	0.031979
110	2.4	0.031733
110	2.5	0.030265
110	2.6	0.028069
110	2.7	0.025456
110	2.8	0.022293
110	2.9	0.020876
110	3	0.01694
110	3.1	0.014351
110	3.2	0.012558
110	3.3	0.011749
110	3.4	0.010993
110	3.5	0.010736
110	3.6	0.010869
110	3.7	0.011058
110	3.8	0.011771
110	3.9	0.012751
110	4	0.01259
120	-4	0.0083207
120	-3.9	0.0084288
120	-3.8	0.011083
120	-3.7	0.012926
120	-3.6	0.015369
120	-3.5	0.016231
120	-3.4	0.015363
120	-3.3	0.014025
120	-3.2	0.013076
120	-3.1	0.014269
120	-3	0.016638
120	-2.9	0.018912
120	-2.8	0.019033
120	-2.7	0.016361
120	-2.6	0.01251
120	-2.5	0.008016
120	-2.4	0.0070139
120	-2.3	0.01117
120	-2.2	0.015292
120	-2.1	0.020181
120	-2	0.023092
120	-1.9	0.02616
120	-1.8	0.029447
120	-1.7	0.036722
120	-1.6	0.042543
120	-1.5	0.048403
120	-1.4	0.049289
120	-1.3	0.049559
120	-1.2	0.045623
120	-1.1	0.036808
120	-1	0.027005
120	-0.9	0.020359
120	-0.8	0.020752
120	-0.7	0.026544
120	-0.6	0.034938
120	-0.5	0.043261
120	-0.4	0.047604
120	-0.3	0.048244
120	-0.2	0.045804
120	-0.1	0.040218
120	0	0.037155
120	0.1	0.031104
120	0.2	0.027577
120	0.3	0.024367
120	0.4	0.023498
120	0.5	0.023923
120	0.6	0.02558
120	0.7	0.028404
120	0.8	0.031055
120	0.9	0.034667
120	1	0.036905
120	1.1	0.038932
120	1.2	0.03941
120	1.3	0.03889
120	1.4	0.036533
120	1.5	0.034542
120	1.6	0.03185
120	1.7	0.028624
120	1.8	0.027047
120	1.9	0.027109
120	2	0.029092
120	2.1	0.030849
120	2.2	0.032055
120	2.3	0.032595
120	2.4	0.032061
120	2.5	0.029008
120	2.6	0.026266
120	2.7	0.022951
120	2.8	0.020573
120	2.9	0.019141
120	3	0.016802
120	3.1	0.015261
120	3.2	0.014144
120	3.3	0.012269
120	3.4	0.010648
120	3.5	0.0095709
120	3.6	0.0095048
120	3.7	0.010662
120	3.8	0.01187
120	3.9	0.012804
120	4	0.011883
130	-4	0.0097846
130	-3.9	0.0093315
130	-3.8	0.010835
130	-3.7	0.013173
130	-3.6	0.015442
130	-3.5	0.016174
130	-3.4	0.015626
130	-3.3	0.014778
130	-3.2	0.013184
130	-3.1	0.012954
130	-3	0.014287
130	-2.9	0.015868
130	-2.8	0.017333
130	-2.7	0.016539
130	-2.6	0.0141
130	-2.5	0.0086446
130	-2.4	0.0070369
130	-2.3	0.01009
130	-2.2	0.01654
130	-2.1	0.021105
130	-2	0.024351
130	-1.9	0.02862
130	-1.8	0.031528
130	-1.7	0.03536
130	-1.6	0.041357
130	-1.5	0.045247
130	-1.4	0.047266
130	-1.3	0.046544
130	-1.2	0.042655
130	-1.1	0.035471
130	-1	0.029405
130	-0.9	0.020519
130	-0.8	0.019525
130	-0.7	0.026018
130	-0.6	0.033919
130	-0.5	0.039983
130	-0.4	0.045518
130	-0.3	0.047377
130	-0.2	0.045848
130	-0.1	0.041475
130	0	0.036607
130	0.1	0.032622
130	0.2	0.027609
130	0.3	0.02518
130	0.4	0.023967
130	0.5	0.023653
130	0.6	0.024678
130	0.7	0.028316
130	0.8	0.031017
130	0.9	0.03497
130	1	0.039106
130	1.1	0.041162
130	1.2	0.041683
130	1.3	0.039891
130	1.4	0.037137
130	1.5	0.034829
130	1.6	0.031377
130	1.7	0.029597
130	1.8	0.029974
130	1.9	0.031078
130	2	0.032749
130	2.1	0.032863
130	2.2	0.032394
130	2.3	0.032474
130	2.4	0.031774
130	2.5	0.029903
130	2.6	0.028219
130	2.7	0.025837
130	2.8	0.024001
130	2.9	0.021438
130	3	0.018048
130	3.1	0.01301
130	3.2	0.010587
130	3.3	0.0098751
130	3.4	0.010336
130	3.5	0.011235
130	3.6	0.011683
130	3.7	0.011966
130	3.8	0.012046
130	3.9	0.011721
130	4	0.010673
140	-4	0.0083285
140	-3.9	0.00988
140	-3.8	0.012637
140	-3.7	0.01466
140	-3.6	0.01601
140	-3.5	0.015901
140	-3.4	0.014047
140	-3.3	0.012663
140	-3.2	0.01195
140	-3.1	0.013712
140	-3	0.016536
140	-2.9	0.018165
140	-2.8	0.018155
140	-2.7	0.01522
140	-2.6	0.011309
140	-2.5	0.0076064
140	-2.4	0.0076951
140	-2.3	0.011346
140	-2.2	0.017054
140	-2.1	0.020337
140	-2	0.022851
140	-1.9	0.025675
140	-1.8	0.027934
140	-1.7	0.034525
140	-1.6	0.041386
140	-1.5	0.045155
140	-1.4	0.04872
140	-1.3	0.047712
140	-1.2	0.04261
140	-1.1	0.034995
140	-1	0.023182
140	-0.9	0.018378
140	-0.8	0.021311
140	-0.7	0.030843
140	-0.6	0.037416
140	-0.5	0.045153
140	-0.4	0.046895
140	-0.3	0.046606
140	-0.2	0.043492
140	-0.1	0.038796
140	0	0.033313
140	0.1	0.027811
140	0.2	0.024907
140	0.3	0.022815
140	0.4	0.022428
140	0.5	0.02272
140	0.6	0.025775
140	0.7	0.027792
140	0.8	0.032664
140	0.9	0.035565
140	1	0.038165
140	1.1	0.040125
140	1.2	0.03993
140	1.3	0.037614
140	1.4	0.035944
140	1.5	0.032173
140	1.6	0.030132
140	1.7	0.027589
140	1.8	0.02651
140	1.9	0.026493
140	2	0.027081
140	2.1	0.027946
140	2.2	0.0282
140	2.3	0.029269
140	2.4	0.028672
140	2.5	0.027212
140	2.6	0.025349
140	2.7	0.022611
140	2.8	0.020618
140	2.9	0.017404
140	3	0.013377
140	3.1	0.01153
140	3.2	0.010426
140	3.3	0.010015
140	3.4	0.0085506
140	3.5	0.0085393
140	3.6	0.0082466
140	3.7	0.0090644
140	3.8	0.009725
140	3.9	0.010296
140	4	0.0097846
150	-4	0.0094571
150	-3.9	0.0099143
150	-3.8	0.011458
150	-3.7	0.013557
150	-3.6	0.014646
150	-3.5	0.014837
150	-3.4	0.014792
150	-3.3	0.013334
150	-3.2	0.013146
150	-3.1	0.013675
150	-3	0.014538
150	-2.9	0.014775
150	-2.8	0.01471
150	-2.7	0.012325
150	-2.6	0.0093609
150	-2.5	0.0076318
150	-2.4	0.0091778
150	-2.3	0.012482
150	-2.2	0.016494
150	-2.1	0.019319
150	-2	0.022765
150	-1.9	0.025267
150	-1.8	0.031201
150	-1.7	0.035212
150	-1.6	0.039902
150	-1.5	0.044265
150	-1.4	0.044735
150	-1.3	0.041786
150	-1.2	0.035849
150	-1.1	0.029224
150	-1	0.02167
150	-0.9	0.017805
150	-0.8	0.022149
150	-0.7	0.029984
150	-0.6	0.035725
150	-0.5	0.041826
150	-0.4	0.043192
150	-0.3	0.042537
150	-0.2	0.039895
150	-0.1	0.035992
150	0	0.031139
150	0.1	0.025901
150	0.2	0.024007
150	0.3	0.022424
150	0.4	0.022173
150	0.5	0.02299
150	0.6	0.025011
150	0.7	0.026881
150	0.8	0.029545
150	0.9	0.032104
150	1	0.034302
150	1.1	0.035713
150	1.2	0.036125
150	1.3	0.035198
150	1.4	0.034034
150	1.5	0.031336
150	1.6	0.028754
150	1.7	0.026941
150	1.8	0.025026
150	1.9	0.025102
150	2	0.0261
150	2.1	0.028089
150	2.2	0.030843
150	2.3	0.032149
150	2.4	0.032022
150	2.5	0.02945
150	2.6	0.026454
150	2.7	0.023191
150	2.8	0.020836
150	2.9	0.018728
150	3	0.016175
150	3.1	0.015222
150	3.2	0.013628
150	3.3	0.012171
150	3.4	0.010333
150	3.5	0.0091708
150	3.6	0.010284
150	3.7	0.011388
150	3.8	0.013445
150	3.9	0.013757
150	4	0.012782
160	-4	0.0079999
160	-3.9	0.0093609
160	-3.8	0.012319
160	-3.7	0.013704
160	-3.6	0.015494
160	-3.5	0.015381
160	-3.4	0.014964
160	-3.3	0.013551
160	-3.2	0.013116
160	-3.1	0.013246
160	-3	0.014119
160	-2.9	0.01518
160	-2.8	0.014636
160	-2.7	0.013074
160	-2.6	0.0089712
160	-2.5	0.0076993
160	-2.4	0.008562
160	-2.3	0.013857
160	-2.2	0.018393
160	-2.1	0.021894
160	-2	0.024774
160	-1.9	0.025895
160	-1.8	0.028948
160	-1.7	0.033873
160	-1.6	0.037626
160	-1.5	0.040562
160	-1.4	0.041287
160	-1.3	0.037992
160	-1.2	0.03325
160	-1.1	0.023781
160	-1	0.018156
160	-0.9	0.01617
160	-0.8	0.021813
160	-0.7	0.034357
160	-0.6	0.040495
160	-0.5	0.045076
160	-0.4	0.047246
160	-0.3	0.045554
160	-0.2	0.040979
160	-0.1	0.037221
160	0	0.028613
160	0.1	0.023351
160	0.2	0.018481
160	0.3	0.016616
160	0.4	0.014822
160	0.5	0.015805
160	0.6	0.019432
160	0.7	0.023313
160	0.8	0.029487
160	0.9	0.035388
160	1	0.03855
160	1.1	0.039872
160	1.2	0.039949
160	1.3	0.039036
160	1.4	0.035972
160	1.5	0.032852
160	1.6	0.029986
160	1.7	0.027829
160	1.8	0.026723
160	1.9	0.026548
160	2	0.02773
160	2.1	0.028207
160	2.2	0.028812
160	2.3	0.028242
160	2.4	0.026738
160	2.5	0.023519
160	2.6	0.021832
160	2.7	0.019179
160	2.8	0.017463
160	2.9	0.014225
160	3	0.012801
160	3.1	0.011395
160	3.2	0.0093592
160	3.3	0.0081381
160	3.4	0.0066932
160	3.5	0.0070047
160	3.6	0.0077516
160	3.7	0.0083595
160	3.8	0.0089478
160	3.9	0.008917
160	4	0.0082368
170	-4	0.0074171
170	-3.9	0.008946
170	-3.8	0.012031
170	-3.7	0.013984
170	-3.6	0.015221
170	-3.5	0.015407
170	-3.4	0.013945
170	-3.3	0.011306
170	-3.2	0.0099711
170	-3.1	0.0087929
170	-3	0.0099094
170	-2.9	0.010985
170	-2.8	0.011202
170	-2.7	0.0097532
170	-2.6	0.0083807
170	-2.5	0.0072138
170	-2.4	0.0096046
170	-2.3	0.01386
170	-2.2	0.01796
170	-2.1	0.020204
170	-2	0.022801
170	-1.9	0.025704
170	-1.8	0.028817
170	-1.7	0.032728
170	-1.6	0.034106
170	-1.5	0.03605
170	-1.4	0.035861
170	-1.3	0.033004
170	-1.2	0.026271
170	-1.1	0.019047
170	-1	0.015774
170	-0.9	0.017309
170	-0.8	0.024027
170	-0.7	0.032951
170	-0.6	0.042436
170	-0.5	0.045667
170	-0.4	0.045594
170	-0.3	0.043029
170	-0.2	0.038756
170	-0.1	0.032034
170	0	0.024952
170	0.1	0.01988
170	0.2	0.016888
170	0.3	0.013784
170	0.4	0.0122
170	0.5	0.013331
170	0.6	0.015917
170	0.7	0.020051
170	0.8	0.026414
170	0.9	0.031855
170	1	0.03501
170	1.1	0.036599
170	1.2	0.037243
170	1.3	0.036881
170	1.4	0.034026
170	1.5	0.030418
170	1.6	0.028304
170	1.7	0.02602
170	1.8	0.024504
170	1.9	0.02375
170	2	0.02461
170	2.1	0.026189
170	2.2	0.027115
170	2.3	0.027159
170	2.4	0.025945
170	2.5	0.025129
170	2.6	0.021606
170	2.7	0.019467
170	2.8	0.016525
170	2.9	0.014526
170	3	0.012722
170	3.1	0.011268
170	3.2	0.010307
170	3.3	0.008562
170	3.4	0.0072362
170	3.5	0.0075059
170	3.6	0.0083788
170	3.7	0.0090876
170	3.8	0.0089532
170	3.9	0.0094758
170	4	0.0097995
180	-4	0.010248
180	-3.9	0.012249
180	-3.8	0.01355
180	-3.7	0.013926
180	-3.6	0.012861
180	-3.5	0.010325
180	-3.4	0.0091813
180	-3.3	0.010013
180	-3.2	0.013241
180	-3.1	0.016122
180	-3	0.017031
180	-2.9	0.01501
180	-2.8	0.011947
180	-2.7	0.0072384
180	-2.6	0.0066545
180	-2.5	0.012029
180	-2.4	0.017852
180	-2.3	0.021649
180	-2.2	0.022833
180	-2.1	0.022666
180	-2	0.022599
180	-1.9	0.023783
180	-1.8	0.028392
180	-1.7	0.032872
180	-1.6	0.036118
180	-1.5	0.037968
180	-1.4	0.035867
180	-1.3	0.030021
180	-1.2	0.018269
180	-1.1	0.014038
180	-1	0.018031
180	-0.9	0.024474
180	-0.8	0.037183
180	-0.7	0.042517
180	-0.6	0.047328
180	-0.5	0.048055
180	-0.4	0.045267
180	-0.3	0.039074
180	-0.2	0.032739
180	-0.1	0.027551
180	0	0.021087
180	0.1	0.016126
180	0.2	0.013143
180	0.3	0.011823
180	0.4	0.013008
180	0.5	0.016268
180	0.6	0.020125
180	0.7	0.023887
180	0.8	0.029171
180	0.9	0.033886
180	1	0.036096
180	1.1	0.037247
180	1.2	0.037582
180	1.3	0.03632
180	1.4	0.033558
180	1.5	0.029213
180	1.6	0.026617
180	1.7	0.024955
180	1.8	0.022844
180	1.9	0.023141
180	2	0.024027
180	2.1	0.026426
180	2.2	0.028125
180	2.3	0.028165
180	2.4	0.026782
180	2.5	0.025109
180	2.6	0.021726
180	2.7	0.019413
180	2.8	0.016907
180	2.9	0.015091
180	3	0.014639
180	3.1	0.014212
180	3.2	0.012655
180	3.3	0.010315
180	3.4	0.0085184
180	3.5	0.0077161
180	3.6	0.0088916
180	3.7	0.0088296
180	3.8	0.0098357
180	3.9	0.010606
180	4	0.01058
 
Uniformity Ratio =0.4742
