12-Dec-2017
12:53
TXR  007945 RM428 R24
33511B Function Generator
SN =Agilent Technologies,33511B,MY52301476,3.05-1.19-2.00-52-00
freq =+9.290000000000000E+06
burstmode =TRIG
burstN =+6.000000000000000E+01
voltage =+1.5000000000000E-01
 
DSO-X 2022A Oscilloscope
SN =AGILENT TECHNOLOGIES,DSO-X 2022A,MY54310921,02.41.2015102200
probe =+1.0000000E+00
scale =+500.0E-09
position =+19.900000E-06
range =+1.60E+00
units =VOLT
points =+2000
pointmode =NORM
format =BYTE
acqtype =NORM
trigsource =EXT
coupling =AC
 
-180	-4	0.0096281
-180	-3.9	0.0093816
-180	-3.8	0.0086053
-180	-3.7	0.0079248
-180	-3.6	0.0070484
-180	-3.5	0.0083207
-180	-3.4	0.0093194
-180	-3.3	0.0095354
-180	-3.2	0.0092375
-180	-3.1	0.0084134
-180	-3	0.0079044
-180	-2.9	0.010575
-180	-2.8	0.012964
-180	-2.7	0.017177
-180	-2.6	0.021047
-180	-2.5	0.02303
-180	-2.4	0.025067
-180	-2.3	0.026642
-180	-2.2	0.029813
-180	-2.1	0.031647
-180	-2	0.034463
-180	-1.9	0.034861
-180	-1.8	0.032472
-180	-1.7	0.026145
-180	-1.6	0.022275
-180	-1.5	0.017606
-180	-1.4	0.020456
-180	-1.3	0.029646
-180	-1.2	0.042362
-180	-1.1	0.048192
-180	-1	0.053545
-180	-0.9	0.055085
-180	-0.8	0.050938
-180	-0.7	0.045129
-180	-0.6	0.039631
-180	-0.5	0.027711
-180	-0.4	0.023647
-180	-0.3	0.017951
-180	-0.2	0.01662
-180	-0.1	0.014545
-180	0	0.013736
-180	0.1	0.015287
-180	0.2	0.019946
-180	0.3	0.028185
-180	0.4	0.03386
-180	0.5	0.04241
-180	0.6	0.045819
-180	0.7	0.048091
-180	0.8	0.047024
-180	0.9	0.045752
-180	1	0.043504
-180	1.1	0.039288
-180	1.2	0.036317
-180	1.3	0.034716
-180	1.4	0.034543
-180	1.5	0.034975
-180	1.6	0.035587
-180	1.7	0.0354
-180	1.8	0.035123
-180	1.9	0.034578
-180	2	0.032375
-180	2.1	0.028443
-180	2.2	0.025732
-180	2.3	0.02309
-180	2.4	0.02065
-180	2.5	0.018066
-180	2.6	0.016318
-180	2.7	0.014334
-180	2.8	0.013237
-180	2.9	0.011867
-180	3	0.011477
-180	3.1	0.010071
-180	3.2	0.010317
-180	3.3	0.0099809
-180	3.4	0.009924
-180	3.5	0.008964
-180	3.6	0.0088296
-180	3.7	0.009862
-180	3.8	0.0099387
-180	3.9	0.0094348
-180	4	0.0087431
-170	-4	0.011961
-170	-3.9	0.011485
-170	-3.8	0.0097283
-170	-3.7	0.0076867
-170	-3.6	0.0073095
-170	-3.5	0.0089874
-170	-3.4	0.010041
-170	-3.3	0.009725
-170	-3.2	0.0093332
-170	-3.1	0.0083304
-170	-3	0.0090769
-170	-2.9	0.011213
-170	-2.8	0.0149
-170	-2.7	0.021039
-170	-2.6	0.024137
-170	-2.5	0.026957
-170	-2.4	0.027593
-170	-2.3	0.029053
-170	-2.2	0.029783
-170	-2.1	0.032241
-170	-2	0.03434
-170	-1.9	0.03537
-170	-1.8	0.03406
-170	-1.7	0.027155
-170	-1.6	0.022755
-170	-1.5	0.019493
-170	-1.4	0.022014
-170	-1.3	0.032316
-170	-1.2	0.042646
-170	-1.1	0.052181
-170	-1	0.05707
-170	-0.9	0.057435
-170	-0.8	0.052354
-170	-0.7	0.047705
-170	-0.6	0.039008
-170	-0.5	0.027343
-170	-0.4	0.023177
-170	-0.3	0.017827
-170	-0.2	0.015612
-170	-0.1	0.014571
-170	0	0.014339
-170	0.1	0.018535
-170	0.2	0.023682
-170	0.3	0.032325
-170	0.4	0.042689
-170	0.5	0.04642
-170	0.6	0.051354
-170	0.7	0.051813
-170	0.8	0.049372
-170	0.9	0.046266
-170	1	0.042504
-170	1.1	0.039183
-170	1.2	0.037399
-170	1.3	0.034763
-170	1.4	0.034496
-170	1.5	0.033882
-170	1.6	0.033825
-170	1.7	0.033389
-170	1.8	0.033107
-170	1.9	0.032772
-170	2	0.030837
-170	2.1	0.029224
-170	2.2	0.026311
-170	2.3	0.023994
-170	2.4	0.019802
-170	2.5	0.01729
-170	2.6	0.01392
-170	2.7	0.012144
-170	2.8	0.01155
-170	2.9	0.011712
-170	3	0.012046
-170	3.1	0.011379
-170	3.2	0.010497
-170	3.3	0.0097582
-170	3.4	0.009469
-170	3.5	0.0093176
-170	3.6	0.009581
-170	3.7	0.010149
-170	3.8	0.010412
-170	3.9	0.01
-170	4	0.0092322
-160	-4	0.011416
-160	-3.9	0.010844
-160	-3.8	0.0092602
-160	-3.7	0.0080963
-160	-3.6	0.0082818
-160	-3.5	0.0094263
-160	-3.4	0.01042
-160	-3.3	0.011142
-160	-3.2	0.011236
-160	-3.1	0.010194
-160	-3	0.010722
-160	-2.9	0.013621
-160	-2.8	0.018733
-160	-2.7	0.022395
-160	-2.6	0.026094
-160	-2.5	0.02785
-160	-2.4	0.029076
-160	-2.3	0.029836
-160	-2.2	0.031726
-160	-2.1	0.033023
-160	-2	0.035261
-160	-1.9	0.035338
-160	-1.8	0.032709
-160	-1.7	0.027942
-160	-1.6	0.023901
-160	-1.5	0.022505
-160	-1.4	0.027177
-160	-1.3	0.039235
-160	-1.2	0.045875
-160	-1.1	0.054587
-160	-1	0.061111
-160	-0.9	0.060688
-160	-0.8	0.05594
-160	-0.7	0.050063
-160	-0.6	0.039596
-160	-0.5	0.027894
-160	-0.4	0.020784
-160	-0.3	0.016729
-160	-0.2	0.015311
-160	-0.1	0.014819
-160	0	0.016097
-160	0.1	0.023111
-160	0.2	0.030685
-160	0.3	0.040689
-160	0.4	0.047798
-160	0.5	0.054061
-160	0.6	0.057455
-160	0.7	0.057307
-160	0.8	0.054039
-160	0.9	0.051033
-160	1	0.047499
-160	1.1	0.043925
-160	1.2	0.041969
-160	1.3	0.041651
-160	1.4	0.041183
-160	1.5	0.040309
-160	1.6	0.038766
-160	1.7	0.037633
-160	1.8	0.035968
-160	1.9	0.033644
-160	2	0.032241
-160	2.1	0.029402
-160	2.2	0.027689
-160	2.3	0.024534
-160	2.4	0.021335
-160	2.5	0.018792
-160	2.6	0.01722
-160	2.7	0.01594
-160	2.8	0.014695
-160	2.9	0.013175
-160	3	0.012919
-160	3.1	0.011845
-160	3.2	0.011524
-160	3.3	0.011534
-160	3.4	0.01238
-160	3.5	0.012439
-160	3.6	0.012362
-160	3.7	0.011051
-160	3.8	0.010457
-160	3.9	0.010323
-160	4	0.0099679
-150	-4	0.012902
-150	-3.9	0.012668
-150	-3.8	0.012345
-150	-3.7	0.010642
-150	-3.6	0.010339
-150	-3.5	0.012079
-150	-3.4	0.013056
-150	-3.3	0.013968
-150	-3.2	0.014082
-150	-3.1	0.01308
-150	-3	0.01315
-150	-2.9	0.01664
-150	-2.8	0.021504
-150	-2.7	0.027728
-150	-2.6	0.030021
-150	-2.5	0.032416
-150	-2.4	0.033061
-150	-2.3	0.03347
-150	-2.2	0.034761
-150	-2.1	0.036745
-150	-2	0.038759
-150	-1.9	0.03871
-150	-1.8	0.035327
-150	-1.7	0.032249
-150	-1.6	0.027189
-150	-1.5	0.025125
-150	-1.4	0.031954
-150	-1.3	0.038019
-150	-1.2	0.049331
-150	-1.1	0.05622
-150	-1	0.060853
-150	-0.9	0.060338
-150	-0.8	0.056116
-150	-0.7	0.046923
-150	-0.6	0.040662
-150	-0.5	0.027352
-150	-0.4	0.022565
-150	-0.3	0.018379
-150	-0.2	0.017351
-150	-0.1	0.01775
-150	0	0.021597
-150	0.1	0.028742
-150	0.2	0.039156
-150	0.3	0.044166
-150	0.4	0.053429
-150	0.5	0.059458
-150	0.6	0.061306
-150	0.7	0.06087
-150	0.8	0.056805
-150	0.9	0.05282
-150	1	0.047326
-150	1.1	0.044471
-150	1.2	0.041371
-150	1.3	0.039917
-150	1.4	0.040285
-150	1.5	0.040632
-150	1.6	0.040205
-150	1.7	0.039093
-150	1.8	0.03733
-150	1.9	0.03404
-150	2	0.03101
-150	2.1	0.027601
-150	2.2	0.02556
-150	2.3	0.023786
-150	2.4	0.0221
-150	2.5	0.01992
-150	2.6	0.017901
-150	2.7	0.015949
-150	2.8	0.013309
-150	2.9	0.011759
-150	3	0.011826
-150	3.1	0.011868
-150	3.2	0.012755
-150	3.3	0.012923
-150	3.4	0.012373
-150	3.5	0.011811
-150	3.6	0.010838
-150	3.7	0.010205
-150	3.8	0.0099077
-150	3.9	0.009618
-150	4	0.0092077
-140	-4	0.010143
-140	-3.9	0.010392
-140	-3.8	0.0094707
-140	-3.7	0.0090197
-140	-3.6	0.0093037
-140	-3.5	0.011067
-140	-3.4	0.011635
-140	-3.3	0.012205
-140	-3.2	0.011465
-140	-3.1	0.01093
-140	-3	0.012681
-140	-2.9	0.017187
-140	-2.8	0.021736
-140	-2.7	0.027309
-140	-2.6	0.030047
-140	-2.5	0.031258
-140	-2.4	0.03092
-140	-2.3	0.03097
-140	-2.2	0.031676
-140	-2.1	0.034615
-140	-2	0.036614
-140	-1.9	0.038022
-140	-1.8	0.036899
-140	-1.7	0.033945
-140	-1.6	0.029635
-140	-1.5	0.027741
-140	-1.4	0.031605
-140	-1.3	0.040439
-140	-1.2	0.049385
-140	-1.1	0.055957
-140	-1	0.062044
-140	-0.9	0.061406
-140	-0.8	0.056011
-140	-0.7	0.04977
-140	-0.6	0.038218
-140	-0.5	0.032119
-140	-0.4	0.024931
-140	-0.3	0.019296
-140	-0.2	0.017484
-140	-0.1	0.017677
-140	0	0.023082
-140	0.1	0.030659
-140	0.2	0.040454
-140	0.3	0.046766
-140	0.4	0.054657
-140	0.5	0.059212
-140	0.6	0.06197
-140	0.7	0.060505
-140	0.8	0.056605
-140	0.9	0.053952
-140	1	0.051016
-140	1.1	0.047931
-140	1.2	0.045107
-140	1.3	0.044288
-140	1.4	0.044085
-140	1.5	0.042046
-140	1.6	0.040353
-140	1.7	0.038049
-140	1.8	0.035124
-140	1.9	0.032656
-140	2	0.030704
-140	2.1	0.028502
-140	2.2	0.026134
-140	2.3	0.023406
-140	2.4	0.021693
-140	2.5	0.019313
-140	2.6	0.015934
-140	2.7	0.013776
-140	2.8	0.013192
-140	2.9	0.013193
-140	3	0.013336
-140	3.1	0.013023
-140	3.2	0.012857
-140	3.3	0.011997
-140	3.4	0.01056
-140	3.5	0.010382
-140	3.6	0.010645
-140	3.7	0.010657
-140	3.8	0.011123
-140	3.9	0.010577
-140	4	0.010642
-130	-4	0.012262
-130	-3.9	0.010616
-130	-3.8	0.0095759
-130	-3.7	0.0098291
-130	-3.6	0.011945
-130	-3.5	0.014265
-130	-3.4	0.015235
-130	-3.3	0.01469
-130	-3.2	0.012204
-130	-3.1	0.011743
-130	-3	0.014213
-130	-2.9	0.019245
-130	-2.8	0.023842
-130	-2.7	0.029143
-130	-2.6	0.031684
-130	-2.5	0.032385
-130	-2.4	0.032612
-130	-2.3	0.034272
-130	-2.2	0.035676
-130	-2.1	0.039319
-130	-2	0.041358
-130	-1.9	0.041588
-130	-1.8	0.038141
-130	-1.7	0.031794
-130	-1.6	0.028296
-130	-1.5	0.030021
-130	-1.4	0.035107
-130	-1.3	0.04397
-130	-1.2	0.053432
-130	-1.1	0.061736
-130	-1	0.062888
-130	-0.9	0.059422
-130	-0.8	0.054317
-130	-0.7	0.042794
-130	-0.6	0.032515
-130	-0.5	0.025816
-130	-0.4	0.020959
-130	-0.3	0.017748
-130	-0.2	0.017441
-130	-0.1	0.018675
-130	0	0.023253
-130	0.1	0.032535
-130	0.2	0.042255
-130	0.3	0.051469
-130	0.4	0.055611
-130	0.5	0.060828
-130	0.6	0.06172
-130	0.7	0.060054
-130	0.8	0.056158
-130	0.9	0.05127
-130	1	0.046608
-130	1.1	0.04413
-130	1.2	0.042063
-130	1.3	0.041613
-130	1.4	0.041331
-130	1.5	0.040398
-130	1.6	0.039548
-130	1.7	0.038332
-130	1.8	0.036706
-130	1.9	0.035089
-130	2	0.032367
-130	2.1	0.029643
-130	2.2	0.02684
-130	2.3	0.024272
-130	2.4	0.022673
-130	2.5	0.019127
-130	2.6	0.017271
-130	2.7	0.015987
-130	2.8	0.015342
-130	2.9	0.014305
-130	3	0.013509
-130	3.1	0.013252
-130	3.2	0.013912
-130	3.3	0.013978
-130	3.4	0.013432
-130	3.5	0.013113
-130	3.6	0.012686
-130	3.7	0.012253
-130	3.8	0.011679
-130	3.9	0.011209
-130	4	0.010451
-120	-4	0.011879
-120	-3.9	0.0098669
-120	-3.8	0.0088771
-120	-3.7	0.01034
-120	-3.6	0.011836
-120	-3.5	0.013316
-120	-3.4	0.013931
-120	-3.3	0.012702
-120	-3.2	0.011908
-120	-3.1	0.013653
-120	-3	0.016219
-120	-2.9	0.020117
-120	-2.8	0.02424
-120	-2.7	0.027279
-120	-2.6	0.029392
-120	-2.5	0.029977
-120	-2.4	0.030966
-120	-2.3	0.032787
-120	-2.2	0.034803
-120	-2.1	0.038552
-120	-2	0.03946
-120	-1.9	0.038299
-120	-1.8	0.035766
-120	-1.7	0.029643
-120	-1.6	0.026655
-120	-1.5	0.032467
-120	-1.4	0.037458
-120	-1.3	0.046983
-120	-1.2	0.056768
-120	-1.1	0.060588
-120	-1	0.060892
-120	-0.9	0.057598
-120	-0.8	0.049271
-120	-0.7	0.042691
-120	-0.6	0.033457
-120	-0.5	0.025488
-120	-0.4	0.020684
-120	-0.3	0.018145
-120	-0.2	0.018195
-120	-0.1	0.020446
-120	0	0.024706
-120	0.1	0.032527
-120	0.2	0.041318
-120	0.3	0.050525
-120	0.4	0.05545
-120	0.5	0.060707
-120	0.6	0.060927
-120	0.7	0.05914
-120	0.8	0.055538
-120	0.9	0.051889
-120	1	0.047135
-120	1.1	0.043352
-120	1.2	0.041978
-120	1.3	0.0417
-120	1.4	0.041521
-120	1.5	0.041376
-120	1.6	0.040602
-120	1.7	0.039535
-120	1.8	0.037313
-120	1.9	0.034908
-120	2	0.03144
-120	2.1	0.02869
-120	2.2	0.025418
-120	2.3	0.022665
-120	2.4	0.020707
-120	2.5	0.019442
-120	2.6	0.017789
-120	2.7	0.015399
-120	2.8	0.014347
-120	2.9	0.013283
-120	3	0.01283
-120	3.1	0.01317
-120	3.2	0.013414
-120	3.3	0.013662
-120	3.4	0.013194
-120	3.5	0.012413
-120	3.6	0.011489
-120	3.7	0.010817
-120	3.8	0.010783
-120	3.9	0.011008
-120	4	0.011052
-110	-4	0.011967
-110	-3.9	0.010989
-110	-3.8	0.0091549
-110	-3.7	0.0090822
-110	-3.6	0.010162
-110	-3.5	0.011687
-110	-3.4	0.013441
-110	-3.3	0.013622
-110	-3.2	0.012934
-110	-3.1	0.012545
-110	-3	0.013544
-110	-2.9	0.01675
-110	-2.8	0.021917
-110	-2.7	0.026516
-110	-2.6	0.028719
-110	-2.5	0.030679
-110	-2.4	0.033192
-110	-2.3	0.034272
-110	-2.2	0.037523
-110	-2.1	0.039802
-110	-2	0.039924
-110	-1.9	0.038199
-110	-1.8	0.034389
-110	-1.7	0.031886
-110	-1.6	0.029973
-110	-1.5	0.033253
-110	-1.4	0.038908
-110	-1.3	0.049105
-110	-1.2	0.056807
-110	-1.1	0.060809
-110	-1	0.061537
-110	-0.9	0.057283
-110	-0.8	0.052567
-110	-0.7	0.040908
-110	-0.6	0.034966
-110	-0.5	0.025399
-110	-0.4	0.021428
-110	-0.3	0.018299
-110	-0.2	0.018196
-110	-0.1	0.019512
-110	0	0.024057
-110	0.1	0.030734
-110	0.2	0.039652
-110	0.3	0.049035
-110	0.4	0.053957
-110	0.5	0.058076
-110	0.6	0.058881
-110	0.7	0.057337
-110	0.8	0.054454
-110	0.9	0.051611
-110	1	0.049948
-110	1.1	0.046362
-110	1.2	0.044678
-110	1.3	0.044028
-110	1.4	0.041115
-110	1.5	0.039913
-110	1.6	0.038343
-110	1.7	0.037765
-110	1.8	0.036794
-110	1.9	0.035097
-110	2	0.033493
-110	2.1	0.0297
-110	2.2	0.026773
-110	2.3	0.022884
-110	2.4	0.020409
-110	2.5	0.018394
-110	2.6	0.017019
-110	2.7	0.015779
-110	2.8	0.015018
-110	2.9	0.014093
-110	3	0.013118
-110	3.1	0.011782
-110	3.2	0.010662
-110	3.3	0.010192
-110	3.4	0.010671
-110	3.5	0.010733
-110	3.6	0.010928
-110	3.7	0.011191
-110	3.8	0.010259
-110	3.9	0.010113
-110	4	0.0085374
-100	-4	0.010449
-100	-3.9	0.0088534
-100	-3.8	0.007672
-100	-3.7	0.0081975
-100	-3.6	0.010847
-100	-3.5	0.012541
-100	-3.4	0.013271
-100	-3.3	0.012635
-100	-3.2	0.010724
-100	-3.1	0.009989
-100	-3	0.012064
-100	-2.9	0.018537
-100	-2.8	0.023526
-100	-2.7	0.026261
-100	-2.6	0.028422
-100	-2.5	0.029277
-100	-2.4	0.029406
-100	-2.3	0.030687
-100	-2.2	0.033453
-100	-2.1	0.036561
-100	-2	0.03858
-100	-1.9	0.03828
-100	-1.8	0.03515
-100	-1.7	0.030524
-100	-1.6	0.027456
-100	-1.5	0.028531
-100	-1.4	0.03727
-100	-1.3	0.044057
-100	-1.2	0.054258
-100	-1.1	0.058314
-100	-1	0.060306
-100	-0.9	0.056856
-100	-0.8	0.051821
-100	-0.7	0.041805
-100	-0.6	0.03475
-100	-0.5	0.026606
-100	-0.4	0.02036
-100	-0.3	0.018343
-100	-0.2	0.017128
-100	-0.1	0.017964
-100	0	0.02197
-100	0.1	0.030166
-100	0.2	0.0398
-100	0.3	0.046725
-100	0.4	0.052689
-100	0.5	0.056696
-100	0.6	0.056887
-100	0.7	0.054409
-100	0.8	0.051128
-100	0.9	0.047893
-100	1	0.04528
-100	1.1	0.043778
-100	1.2	0.042152
-100	1.3	0.04126
-100	1.4	0.04008
-100	1.5	0.037576
-100	1.6	0.036458
-100	1.7	0.034241
-100	1.8	0.03339
-100	1.9	0.03051
-100	2	0.028354
-100	2.1	0.02601
-100	2.2	0.023141
-100	2.3	0.020236
-100	2.4	0.015723
-100	2.5	0.01457
-100	2.6	0.013277
-100	2.7	0.013012
-100	2.8	0.012484
-100	2.9	0.011897
-100	3	0.010234
-100	3.1	0.0099776
-100	3.2	0.0089134
-100	3.3	0.0085165
-100	3.4	0.0084537
-100	3.5	0.0090018
-100	3.6	0.0089369
-100	3.7	0.0078346
-100	3.8	0.0071372
-100	3.9	0.0070598
-100	4	0.0065861
-90	-4	0.010814
-90	-3.9	0.009705
-90	-3.8	0.0098816
-90	-3.7	0.011212
-90	-3.6	0.013173
-90	-3.5	0.013419
-90	-3.4	0.013588
-90	-3.3	0.012176
-90	-3.2	0.010364
-90	-3.1	0.010748
-90	-3	0.014243
-90	-2.9	0.017047
-90	-2.8	0.022238
-90	-2.7	0.025672
-90	-2.6	0.027358
-90	-2.5	0.028526
-90	-2.4	0.029466
-90	-2.3	0.031497
-90	-2.2	0.035465
-90	-2.1	0.03881
-90	-2	0.039971
-90	-1.9	0.038098
-90	-1.8	0.034445
-90	-1.7	0.028229
-90	-1.6	0.025546
-90	-1.5	0.027319
-90	-1.4	0.039525
-90	-1.3	0.04542
-90	-1.2	0.055201
-90	-1.1	0.058605
-90	-1	0.059402
-90	-0.9	0.056829
-90	-0.8	0.04925
-90	-0.7	0.042282
-90	-0.6	0.034901
-90	-0.5	0.027226
-90	-0.4	0.020836
-90	-0.3	0.017139
-90	-0.2	0.016479
-90	-0.1	0.01797
-90	0	0.022038
-90	0.1	0.027562
-90	0.2	0.036001
-90	0.3	0.044167
-90	0.4	0.048143
-90	0.5	0.05479
-90	0.6	0.055835
-90	0.7	0.055686
-90	0.8	0.052527
-90	0.9	0.048453
-90	1	0.045161
-90	1.1	0.041455
-90	1.2	0.039844
-90	1.3	0.039165
-90	1.4	0.039374
-90	1.5	0.039332
-90	1.6	0.038962
-90	1.7	0.037693
-90	1.8	0.03547
-90	1.9	0.031591
-90	2	0.028616
-90	2.1	0.026708
-90	2.2	0.025178
-90	2.3	0.023918
-90	2.4	0.022034
-90	2.5	0.019555
-90	2.6	0.01723
-90	2.7	0.013368
-90	2.8	0.011484
-90	2.9	0.01109
-90	3	0.011083
-90	3.1	0.011506
-90	3.2	0.011718
-90	3.3	0.011361
-90	3.4	0.010798
-90	3.5	0.01035
-90	3.6	0.010143
-90	3.7	0.010154
-90	3.8	0.010284
-90	3.9	0.010086
-90	4	0.010318
-80	-4	0.0091884
-80	-3.9	0.0083421
-80	-3.8	0.0092829
-80	-3.7	0.011008
-80	-3.6	0.012302
-80	-3.5	0.011954
-80	-3.4	0.010983
-80	-3.3	0.0083576
-80	-3.2	0.0080502
-80	-3.1	0.0096415
-80	-3	0.013994
-80	-2.9	0.018297
-80	-2.8	0.021856
-80	-2.7	0.02429
-80	-2.6	0.024481
-80	-2.5	0.025129
-80	-2.4	0.02636
-80	-2.3	0.030648
-80	-2.2	0.034663
-80	-2.1	0.037319
-80	-2	0.039165
-80	-1.9	0.036919
-80	-1.8	0.032678
-80	-1.7	0.027211
-80	-1.6	0.023279
-80	-1.5	0.027208
-80	-1.4	0.034014
-80	-1.3	0.043358
-80	-1.2	0.051333
-80	-1.1	0.058367
-80	-1	0.058349
-80	-0.9	0.05368
-80	-0.8	0.050259
-80	-0.7	0.039581
-80	-0.6	0.030069
-80	-0.5	0.023451
-80	-0.4	0.019868
-80	-0.3	0.018053
-80	-0.2	0.017007
-80	-0.1	0.017608
-80	0	0.020773
-80	0.1	0.02673
-80	0.2	0.034011
-80	0.3	0.040839
-80	0.4	0.048358
-80	0.5	0.051534
-80	0.6	0.051628
-80	0.7	0.04973
-80	0.8	0.045839
-80	0.9	0.041466
-80	1	0.036538
-80	1.1	0.03609
-80	1.2	0.036001
-80	1.3	0.03676
-80	1.4	0.036567
-80	1.5	0.035779
-80	1.6	0.034206
-80	1.7	0.03338
-80	1.8	0.031229
-80	1.9	0.030051
-80	2	0.029146
-80	2.1	0.028104
-80	2.2	0.025956
-80	2.3	0.023022
-80	2.4	0.019706
-80	2.5	0.01796
-80	2.6	0.015304
-80	2.7	0.01425
-80	2.8	0.013481
-80	2.9	0.012578
-80	3	0.012146
-80	3.1	0.011501
-80	3.2	0.01115
-80	3.3	0.011232
-80	3.4	0.011383
-80	3.5	0.010815
-80	3.6	0.010194
-80	3.7	0.0083576
-80	3.8	0.0071418
-80	3.9	0.0074562
-80	4	0.0075509
-70	-4	0.0097482
-70	-3.9	0.0086128
-70	-3.8	0.0085051
-70	-3.7	0.010719
-70	-3.6	0.012384
-70	-3.5	0.013835
-70	-3.4	0.01349
-70	-3.3	0.011103
-70	-3.2	0.0079878
-70	-3.1	0.0077537
-70	-3	0.011102
-70	-2.9	0.017754
-70	-2.8	0.021487
-70	-2.7	0.023308
-70	-2.6	0.023594
-70	-2.5	0.024395
-70	-2.4	0.026284
-70	-2.3	0.029582
-70	-2.2	0.034746
-70	-2.1	0.038746
-70	-2	0.039389
-70	-1.9	0.037708
-70	-1.8	0.032616
-70	-1.7	0.025774
-70	-1.6	0.020642
-70	-1.5	0.025808
-70	-1.4	0.037455
-70	-1.3	0.044254
-70	-1.2	0.05534
-70	-1.1	0.058413
-70	-1	0.05945
-70	-0.9	0.056983
-70	-0.8	0.048501
-70	-0.7	0.039073
-70	-0.6	0.034151
-70	-0.5	0.022991
-70	-0.4	0.018616
-70	-0.3	0.015308
-70	-0.2	0.01477
-70	-0.1	0.015349
-70	0	0.017964
-70	0.1	0.023781
-70	0.2	0.027937
-70	0.3	0.036058
-70	0.4	0.042059
-70	0.5	0.045838
-70	0.6	0.048647
-70	0.7	0.048526
-70	0.8	0.047297
-70	0.9	0.043672
-70	1	0.038515
-70	1.1	0.035353
-70	1.2	0.031518
-70	1.3	0.030951
-70	1.4	0.031238
-70	1.5	0.032047
-70	1.6	0.033495
-70	1.7	0.033886
-70	1.8	0.032335
-70	1.9	0.030073
-70	2	0.027601
-70	2.1	0.025582
-70	2.2	0.024289
-70	2.3	0.021964
-70	2.4	0.021342
-70	2.5	0.02017
-70	2.6	0.018344
-70	2.7	0.015205
-70	2.8	0.013055
-70	2.9	0.012001
-70	3	0.01111
-70	3.1	0.011711
-70	3.2	0.012738
-70	3.3	0.013389
-70	3.4	0.012924
-70	3.5	0.012345
-70	3.6	0.01104
-70	3.7	0.010506
-70	3.8	0.010512
-70	3.9	0.011039
-70	4	0.010954
-60	-4	0.010122
-60	-3.9	0.0087653
-60	-3.8	0.0079248
-60	-3.7	0.0086071
-60	-3.6	0.0094314
-60	-3.5	0.010727
-60	-3.4	0.011112
-60	-3.3	0.010268
-60	-3.2	0.0086987
-60	-3.1	0.007888
-60	-3	0.010082
-60	-2.9	0.015172
-60	-2.8	0.019403
-60	-2.7	0.021831
-60	-2.6	0.024272
-60	-2.5	0.025835
-60	-2.4	0.027718
-60	-2.3	0.02997
-60	-2.2	0.032783
-60	-2.1	0.035009
-60	-2	0.036486
-60	-1.9	0.035702
-60	-1.8	0.031583
-60	-1.7	0.024676
-60	-1.6	0.020928
-60	-1.5	0.024099
-60	-1.4	0.028644
-60	-1.3	0.042297
-60	-1.2	0.047587
-60	-1.1	0.055003
-60	-1	0.057543
-60	-0.9	0.054554
-60	-0.8	0.048883
-60	-0.7	0.043945
-60	-0.6	0.035151
-60	-0.5	0.027082
-60	-0.4	0.021013
-60	-0.3	0.016375
-60	-0.2	0.014719
-60	-0.1	0.014067
-60	0	0.016167
-60	0.1	0.021163
-60	0.2	0.028195
-60	0.3	0.033912
-60	0.4	0.040989
-60	0.5	0.044589
-60	0.6	0.047879
-60	0.7	0.04821
-60	0.8	0.047123
-60	0.9	0.043819
-60	1	0.038862
-60	1.1	0.034208
-60	1.2	0.031651
-60	1.3	0.031022
-60	1.4	0.03084
-60	1.5	0.031785
-60	1.6	0.031977
-60	1.7	0.032081
-60	1.8	0.03038
-60	1.9	0.028604
-60	2	0.027082
-60	2.1	0.024472
-60	2.2	0.021978
-60	2.3	0.020751
-60	2.4	0.018961
-60	2.5	0.017042
-60	2.6	0.014772
-60	2.7	0.011889
-60	2.8	0.010587
-60	2.9	0.01024
-60	3	0.010029
-60	3.1	0.0102
-60	3.2	0.0093936
-60	3.3	0.0085921
-60	3.4	0.0080502
-60	3.5	0.0077307
-60	3.6	0.0072718
-60	3.7	0.0076
-60	3.8	0.0079452
-60	3.9	0.0083904
-60	4	0.0075787
-50	-4	0.011676
-50	-3.9	0.0092916
-50	-3.8	0.0083052
-50	-3.7	0.0092567
-50	-3.6	0.011759
-50	-3.5	0.013281
-50	-3.4	0.013675
-50	-3.3	0.012323
-50	-3.2	0.0091195
-50	-3.1	0.0066763
-50	-3	0.0099857
-50	-2.9	0.015099
-50	-2.8	0.020286
-50	-2.7	0.023493
-50	-2.6	0.024021
-50	-2.5	0.023695
-50	-2.4	0.024427
-50	-2.3	0.028466
-50	-2.2	0.033849
-50	-2.1	0.038554
-50	-2	0.03966
-50	-1.9	0.037513
-50	-1.8	0.032552
-50	-1.7	0.022785
-50	-1.6	0.018202
-50	-1.5	0.021603
-50	-1.4	0.02989
-50	-1.3	0.042518
-50	-1.2	0.052566
-50	-1.1	0.056416
-50	-1	0.059224
-50	-0.9	0.057024
-50	-0.8	0.052812
-50	-0.7	0.045556
-50	-0.6	0.034069
-50	-0.5	0.025302
-50	-0.4	0.022277
-50	-0.3	0.017108
-50	-0.2	0.014482
-50	-0.1	0.01404
-50	0	0.01575
-50	0.1	0.019395
-50	0.2	0.02422
-50	0.3	0.030518
-50	0.4	0.038687
-50	0.5	0.040584
-50	0.6	0.045239
-50	0.7	0.045912
-50	0.8	0.04459
-50	0.9	0.042153
-50	1	0.038751
-50	1.1	0.03524
-50	1.2	0.031409
-50	1.3	0.029974
-50	1.4	0.02906
-50	1.5	0.029384
-50	1.6	0.030041
-50	1.7	0.030368
-50	1.8	0.029573
-50	1.9	0.028445
-50	2	0.027703
-50	2.1	0.025513
-50	2.2	0.023844
-50	2.3	0.021675
-50	2.4	0.019855
-50	2.5	0.016901
-50	2.6	0.014242
-50	2.7	0.013029
-50	2.8	0.012535
-50	2.9	0.012432
-50	3	0.012562
-50	3.1	0.011737
-50	3.2	0.010364
-50	3.3	0.0096449
-50	3.4	0.0087042
-50	3.5	0.0081757
-50	3.6	0.0087579
-50	3.7	0.0095472
-50	3.8	0.0094946
-50	3.9	0.010119
-50	4	0.009043
-40	-4	0.009816
-40	-3.9	0.0093557
-40	-3.8	0.009255
-40	-3.7	0.0096666
-40	-3.6	0.0097813
-40	-3.5	0.0095861
-40	-3.4	0.0098914
-40	-3.3	0.008955
-40	-3.2	0.0080683
-40	-3.1	0.0076951
-40	-3	0.0090964
-40	-2.9	0.013118
-40	-2.8	0.016599
-40	-2.7	0.018475
-40	-2.6	0.020875
-40	-2.5	0.023723
-40	-2.4	0.026419
-40	-2.3	0.03067
-40	-2.2	0.03515
-40	-2.1	0.037358
-40	-2	0.037729
-40	-1.9	0.036247
-40	-1.8	0.031664
-40	-1.7	0.025772
-40	-1.6	0.01951
-40	-1.5	0.020049
-40	-1.4	0.02539
-40	-1.3	0.032987
-40	-1.2	0.045011
-40	-1.1	0.053127
-40	-1	0.057536
-40	-0.9	0.058065
-40	-0.8	0.054825
-40	-0.7	0.044752
-40	-0.6	0.036131
-40	-0.5	0.028647
-40	-0.4	0.022698
-40	-0.3	0.017965
-40	-0.2	0.016206
-40	-0.1	0.014679
-40	0	0.013037
-40	0.1	0.013737
-40	0.2	0.017532
-40	0.3	0.023804
-40	0.4	0.031379
-40	0.5	0.036479
-40	0.6	0.04255
-40	0.7	0.044801
-40	0.8	0.044448
-40	0.9	0.042782
-40	1	0.039301
-40	1.1	0.034321
-40	1.2	0.029841
-40	1.3	0.028599
-40	1.4	0.027819
-40	1.5	0.028113
-40	1.6	0.029319
-40	1.7	0.029677
-40	1.8	0.0295
-40	1.9	0.028538
-40	2	0.027048
-40	2.1	0.024928
-40	2.2	0.023064
-40	2.3	0.020645
-40	2.4	0.019317
-40	2.5	0.017425
-40	2.6	0.015882
-40	2.7	0.01422
-40	2.8	0.011808
-40	2.9	0.0095421
-40	3	0.0087819
-40	3.1	0.0084
-40	3.2	0.0082662
-40	3.3	0.0078942
-40	3.4	0.0086875
-40	3.5	0.0077307
-40	3.6	0.0072962
-40	3.7	0.0072496
-40	3.8	0.0068672
-40	3.9	0.0067365
-40	4	0.0074475
-30	-4	0.014966
-30	-3.9	0.013606
-30	-3.8	0.010888
-30	-3.7	0.01006
-30	-3.6	0.01142
-30	-3.5	0.014286
-30	-3.4	0.015426
-30	-3.3	0.014516
-30	-3.2	0.011582
-30	-3.1	0.00815
-30	-3	0.0082896
-30	-2.9	0.013559
-30	-2.8	0.019132
-30	-2.7	0.024892
-30	-2.6	0.026758
-30	-2.5	0.027474
-30	-2.4	0.028114
-30	-2.3	0.031075
-30	-2.2	0.034092
-30	-2.1	0.037658
-30	-2	0.040359
-30	-1.9	0.039331
-30	-1.8	0.036326
-30	-1.7	0.027984
-30	-1.6	0.018206
-30	-1.5	0.016327
-30	-1.4	0.020347
-30	-1.3	0.031358
-30	-1.2	0.044046
-30	-1.1	0.051979
-30	-1	0.05658
-30	-0.9	0.057947
-30	-0.8	0.053831
-30	-0.7	0.049541
-30	-0.6	0.042932
-30	-0.5	0.03082
-30	-0.4	0.025398
-30	-0.3	0.018028
-30	-0.2	0.01461
-30	-0.1	0.012744
-30	0	0.012399
-30	0.1	0.014717
-30	0.2	0.018423
-30	0.3	0.023503
-30	0.4	0.029913
-30	0.5	0.03645
-30	0.6	0.041643
-30	0.7	0.044737
-30	0.8	0.04443
-30	0.9	0.041825
-30	1	0.038243
-30	1.1	0.03502
-30	1.2	0.028046
-30	1.3	0.025821
-30	1.4	0.024668
-30	1.5	0.025201
-30	1.6	0.026902
-30	1.7	0.028351
-30	1.8	0.028017
-30	1.9	0.026804
-30	2	0.024641
-30	2.1	0.022122
-30	2.2	0.021072
-30	2.3	0.019477
-30	2.4	0.018178
-30	2.5	0.016844
-30	2.6	0.014897
-30	2.7	0.012886
-30	2.8	0.010807
-30	2.9	0.0097515
-30	3	0.00944
-30	3.1	0.0092182
-30	3.2	0.0097117
-30	3.3	0.0096533
-30	3.4	0.0090947
-30	3.5	0.0081083
-30	3.6	0.0081659
-30	3.7	0.0083595
-30	3.8	0.0082152
-30	3.9	0.0080019
-30	4	0.0075359
-20	-4	0.010066
-20	-3.9	0.0095235
-20	-3.8	0.010317
-20	-3.7	0.011286
-20	-3.6	0.013177
-20	-3.5	0.01419
-20	-3.4	0.013633
-20	-3.3	0.011629
-20	-3.2	0.0086819
-20	-3.1	0.0068129
-20	-3	0.0086633
-20	-2.9	0.013714
-20	-2.8	0.017328
-20	-2.7	0.019868
-20	-2.6	0.021206
-20	-2.5	0.022609
-20	-2.4	0.025086
-20	-2.3	0.028852
-20	-2.2	0.034685
-20	-2.1	0.039365
-20	-2	0.042346
-20	-1.9	0.041797
-20	-1.8	0.037401
-20	-1.7	0.029506
-20	-1.6	0.021415
-20	-1.5	0.018478
-20	-1.4	0.024169
-20	-1.3	0.029704
-20	-1.2	0.041457
-20	-1.1	0.049882
-20	-1	0.057003
-20	-0.9	0.057187
-20	-0.8	0.05448
-20	-0.7	0.048173
-20	-0.6	0.043346
-20	-0.5	0.029267
-20	-0.4	0.022889
-20	-0.3	0.016307
-20	-0.2	0.014113
-20	-0.1	0.01348
-20	0	0.012696
-20	0.1	0.013222
-20	0.2	0.016334
-20	0.3	0.023742
-20	0.4	0.029863
-20	0.5	0.034642
-20	0.6	0.040017
-20	0.7	0.04318
-20	0.8	0.043657
-20	0.9	0.042498
-20	1	0.038316
-20	1.1	0.035306
-20	1.2	0.03158
-20	1.3	0.028094
-20	1.4	0.026681
-20	1.5	0.026725
-20	1.6	0.027734
-20	1.7	0.028141
-20	1.8	0.028546
-20	1.9	0.027871
-20	2	0.026266
-20	2.1	0.02512
-20	2.2	0.02325
-20	2.3	0.021962
-20	2.4	0.020912
-20	2.5	0.018325
-20	2.6	0.017148
-20	2.7	0.014447
-20	2.8	0.011863
-20	2.9	0.0099012
-20	3	0.0084671
-20	3.1	0.0091514
-20	3.2	0.0096113
-20	3.3	0.010256
-20	3.4	0.009705
-20	3.5	0.0093003
-20	3.6	0.0088241
-20	3.7	0.0077433
-20	3.8	0.0074735
-20	3.9	0.0073974
-20	4	0.0080241
-10	-4	0.012968
-10	-3.9	0.012591
-10	-3.8	0.012537
-10	-3.7	0.012366
-10	-3.6	0.01281
-10	-3.5	0.0137
-10	-3.4	0.013214
-10	-3.3	0.011534
-10	-3.2	0.009255
-10	-3.1	0.0078118
-10	-3	0.0083692
-10	-2.9	0.011432
-10	-2.8	0.016273
-10	-2.7	0.019868
-10	-2.6	0.022699
-10	-2.5	0.024879
-10	-2.4	0.027251
-10	-2.3	0.030778
-10	-2.2	0.033744
-10	-2.1	0.037705
-10	-2	0.040593
-10	-1.9	0.041235
-10	-1.8	0.038462
-10	-1.7	0.033936
-10	-1.6	0.025519
-10	-1.5	0.017877
-10	-1.4	0.018182
-10	-1.3	0.024895
-10	-1.2	0.034253
-10	-1.1	0.046321
-10	-1	0.051609
-10	-0.9	0.057094
-10	-0.8	0.056064
-10	-0.7	0.052077
-10	-0.6	0.047794
-10	-0.5	0.038836
-10	-0.4	0.028551
-10	-0.3	0.02194
-10	-0.2	0.015068
-10	-0.1	0.012751
-10	0	0.011848
-10	0.1	0.011565
-10	0.2	0.013727
-10	0.3	0.01965
-10	0.4	0.024629
-10	0.5	0.033463
-10	0.6	0.037954
-10	0.7	0.043325
-10	0.8	0.045237
-10	0.9	0.044377
-10	1	0.041079
-10	1.1	0.035948
-10	1.2	0.029058
-10	1.3	0.025684
-10	1.4	0.0241
-10	1.5	0.024322
-10	1.6	0.025502
-10	1.7	0.026612
-10	1.8	0.026618
-10	1.9	0.025505
-10	2	0.023942
-10	2.1	0.020551
-10	2.2	0.018634
-10	2.3	0.017877
-10	2.4	0.01688
-10	2.5	0.015801
-10	2.6	0.014376
-10	2.7	0.012083
-10	2.8	0.011129
-10	2.9	0.0086203
-10	3	0.0075531
-10	3.1	0.0068129
-10	3.2	0.0072138
-10	3.3	0.0074648
-10	3.4	0.0074497
-10	3.5	0.0074497
-10	3.6	0.0082583
-10	3.7	0.0074105
-10	3.8	0.008272
-10	3.9	0.0076972
-10	4	0.0073799
0	-4	0.011058
0	-3.9	0.010854
0	-3.8	0.011181
0	-3.7	0.011793
0	-3.6	0.012404
0	-3.5	0.012673
0	-3.4	0.012897
0	-3.3	0.011223
0	-3.2	0.0094673
0	-3.1	0.0080863
0	-3	0.0070644
0	-2.9	0.0095218
0	-2.8	0.013029
0	-2.7	0.015377
0	-2.6	0.01995
0	-2.5	0.022116
0	-2.4	0.025739
0	-2.3	0.028815
0	-2.2	0.034268
0	-2.1	0.038601
0	-2	0.043052
0	-1.9	0.044435
0	-1.8	0.042601
0	-1.7	0.038
0	-1.6	0.033298
0	-1.5	0.022754
0	-1.4	0.018653
0	-1.3	0.022392
0	-1.2	0.029656
0	-1.1	0.040234
0	-1	0.050302
0	-0.9	0.056598
0	-0.8	0.057017
0	-0.7	0.053417
0	-0.6	0.045452
0	-0.5	0.036277
0	-0.4	0.029198
0	-0.3	0.018883
0	-0.2	0.014949
0	-0.1	0.012781
0	0	0.012282
0	0.1	0.012194
0	0.2	0.015272
0	0.3	0.020009
0	0.4	0.024125
0	0.5	0.030602
0	0.6	0.038131
0	0.7	0.042101
0	0.8	0.042885
0	0.9	0.041507
0	1	0.038323
0	1.1	0.034121
0	1.2	0.029992
0	1.3	0.026328
0	1.4	0.023819
0	1.5	0.023673
0	1.6	0.023984
0	1.7	0.024874
0	1.8	0.025337
0	1.9	0.025505
0	2	0.025002
0	2.1	0.024294
0	2.2	0.022904
0	2.3	0.021603
0	2.4	0.020072
0	2.5	0.018395
0	2.6	0.01658
0	2.7	0.014586
0	2.8	0.012564
0	2.9	0.011875
0	3	0.011084
0	3.1	0.010753
0	3.2	0.010329
0	3.3	0.0095641
0	3.4	0.0090466
0	3.5	0.0091496
0	3.6	0.0095421
0	3.7	0.0093384
0	3.8	0.0096767
0	3.9	0.0090412
0	4	0.0082583
10	-4	0.012621
10	-3.9	0.013453
10	-3.8	0.013172
10	-3.7	0.012427
10	-3.6	0.011603
10	-3.5	0.011158
10	-3.4	0.011721
10	-3.3	0.01273
10	-3.2	0.013602
10	-3.1	0.012987
10	-3	0.0095591
10	-2.9	0.0080241
10	-2.8	0.0075574
10	-2.7	0.013175
10	-2.6	0.018194
10	-2.5	0.021938
10	-2.4	0.02553
10	-2.3	0.030608
10	-2.2	0.033622
10	-2.1	0.037569
10	-2	0.04189
10	-1.9	0.044858
10	-1.8	0.04498
10	-1.7	0.042272
10	-1.6	0.035594
10	-1.5	0.028414
10	-1.4	0.022
10	-1.3	0.022662
10	-1.2	0.028884
10	-1.1	0.040284
10	-1	0.048269
10	-0.9	0.053453
10	-0.8	0.055791
10	-0.7	0.053518
10	-0.6	0.049007
10	-0.5	0.040023
10	-0.4	0.028882
10	-0.3	0.023215
10	-0.2	0.016817
10	-0.1	0.01448
10	0	0.013486
10	0.1	0.014082
10	0.2	0.016505
10	0.3	0.022329
10	0.4	0.027336
10	0.5	0.032034
10	0.6	0.038038
10	0.7	0.040617
10	0.8	0.04161
10	0.9	0.040918
10	1	0.039238
10	1.1	0.037064
10	1.2	0.033573
10	1.3	0.031242
10	1.4	0.028558
10	1.5	0.026904
10	1.6	0.025822
10	1.7	0.025226
10	1.8	0.025226
10	1.9	0.025478
10	2	0.025764
10	2.1	0.025889
10	2.2	0.025251
10	2.3	0.022579
10	2.4	0.021355
10	2.5	0.018434
10	2.6	0.015513
10	2.7	0.013567
10	2.8	0.012158
10	2.9	0.011733
10	3	0.011729
10	3.1	0.011822
10	3.2	0.010443
10	3.3	0.0097615
10	3.4	0.0090197
10	3.5	0.0092585
10	3.6	0.0086968
10	3.7	0.008639
10	3.8	0.008594
10	3.9	0.008982
10	4	0.0082701
20	-4	0.013611
20	-3.9	0.014186
20	-3.8	0.014065
20	-3.7	0.013299
20	-3.6	0.012605
20	-3.5	0.012644
20	-3.4	0.013248
20	-3.3	0.013598
20	-3.2	0.013492
20	-3.1	0.012824
20	-3	0.010769
20	-2.9	0.0083653
20	-2.8	0.0088223
20	-2.7	0.011622
20	-2.6	0.016531
20	-2.5	0.021739
20	-2.4	0.026507
20	-2.3	0.029453
20	-2.2	0.032439
20	-2.1	0.036868
20	-2	0.040461
20	-1.9	0.044385
20	-1.8	0.046192
20	-1.7	0.045046
20	-1.6	0.041018
20	-1.5	0.034104
20	-1.4	0.026346
20	-1.3	0.022082
20	-1.2	0.02734
20	-1.1	0.03519
20	-1	0.042883
20	-0.9	0.050465
20	-0.8	0.053809
20	-0.7	0.053568
20	-0.6	0.049351
20	-0.5	0.040373
20	-0.4	0.035137
20	-0.3	0.025932
20	-0.2	0.019148
20	-0.1	0.016296
20	0	0.014611
20	0.1	0.014424
20	0.2	0.015126
20	0.3	0.019905
20	0.4	0.026261
20	0.5	0.031807
20	0.6	0.038978
20	0.7	0.043412
20	0.8	0.045651
20	0.9	0.04529
20	1	0.042036
20	1.1	0.038946
20	1.2	0.035547
20	1.3	0.029946
20	1.4	0.028026
20	1.5	0.026899
20	1.6	0.027426
20	1.7	0.027993
20	1.8	0.027903
20	1.9	0.026798
20	2	0.025367
20	2.1	0.02353
20	2.2	0.022147
20	2.3	0.020719
20	2.4	0.01894
20	2.5	0.017768
20	2.6	0.01662
20	2.7	0.01479
20	2.8	0.012418
20	2.9	0.01035
20	3	0.010023
20	3.1	0.0093194
20	3.2	0.0093988
20	3.3	0.009241
20	3.4	0.0090305
20	3.5	0.0081321
20	3.6	0.0077495
20	3.7	0.0070162
20	3.8	0.0071734
20	3.9	0.0077911
20	4	0.0091936
30	-4	0.012991
30	-3.9	0.013867
30	-3.8	0.013672
30	-3.7	0.012495
30	-3.6	0.011325
30	-3.5	0.011726
30	-3.4	0.013757
30	-3.3	0.015197
30	-3.2	0.015648
30	-3.1	0.014192
30	-3	0.011538
30	-2.9	0.0076593
30	-2.8	0.0083304
30	-2.7	0.011385
30	-2.6	0.01652
30	-2.5	0.020443
30	-2.4	0.023228
30	-2.3	0.02517
30	-2.2	0.028169
30	-2.1	0.033182
30	-2	0.04039
30	-1.9	0.044101
30	-1.8	0.048118
30	-1.7	0.048393
30	-1.6	0.045131
30	-1.5	0.038061
30	-1.4	0.028124
30	-1.3	0.022568
30	-1.2	0.02408
30	-1.1	0.035513
30	-1	0.040059
30	-0.9	0.05071
30	-0.8	0.054398
30	-0.7	0.054222
30	-0.6	0.050159
30	-0.5	0.040885
30	-0.4	0.032908
30	-0.3	0.024089
30	-0.2	0.019384
30	-0.1	0.015168
30	0	0.014342
30	0.1	0.015055
30	0.2	0.016768
30	0.3	0.020676
30	0.4	0.025359
30	0.5	0.031866
30	0.6	0.037949
30	0.7	0.041951
30	0.8	0.043556
30	0.9	0.043808
30	1	0.04193
30	1.1	0.039532
30	1.2	0.035113
30	1.3	0.031334
30	1.4	0.027594
30	1.5	0.026242
30	1.6	0.025931
30	1.7	0.026466
30	1.8	0.026733
30	1.9	0.02659
30	2	0.024987
30	2.1	0.022664
30	2.2	0.020365
30	2.3	0.018869
30	2.4	0.016657
30	2.5	0.016151
30	2.6	0.015466
30	2.7	0.014219
30	2.8	0.012933
30	2.9	0.011392
30	3	0.0092024
30	3.1	0.0082446
30	3.2	0.0080783
30	3.3	0.0086371
30	3.4	0.009213
30	3.5	0.0095167
30	3.6	0.0092724
30	3.7	0.0084096
30	3.8	0.0076191
30	3.9	0.0074083
30	4	0.0079857
40	-4	0.013575
40	-3.9	0.013925
40	-3.8	0.012834
40	-3.7	0.011168
40	-3.6	0.011917
40	-3.5	0.012967
40	-3.4	0.015351
40	-3.3	0.017553
40	-3.2	0.016854
40	-3.1	0.015726
40	-3	0.011353
40	-2.9	0.0077766
40	-2.8	0.0074497
40	-2.7	0.010894
40	-2.6	0.016746
40	-2.5	0.020215
40	-2.4	0.023025
40	-2.3	0.025325
40	-2.2	0.02818
40	-2.1	0.033064
40	-2	0.039675
40	-1.9	0.046559
40	-1.8	0.050068
40	-1.7	0.051063
40	-1.6	0.048134
40	-1.5	0.038995
40	-1.4	0.031622
40	-1.3	0.026195
40	-1.2	0.026513
40	-1.1	0.033164
40	-1	0.041462
40	-0.9	0.048334
40	-0.8	0.052748
40	-0.7	0.053381
40	-0.6	0.049452
40	-0.5	0.043059
40	-0.4	0.035146
40	-0.3	0.026322
40	-0.2	0.019114
40	-0.1	0.016713
40	0	0.015827
40	0.1	0.016291
40	0.2	0.019408
40	0.3	0.022638
40	0.4	0.028528
40	0.5	0.033857
40	0.6	0.040485
40	0.7	0.044446
40	0.8	0.047013
40	0.9	0.046548
40	1	0.044711
40	1.1	0.039716
40	1.2	0.03812
40	1.3	0.034636
40	1.4	0.032861
40	1.5	0.030946
40	1.6	0.030028
40	1.7	0.028771
40	1.8	0.027929
40	1.9	0.027016
40	2	0.026223
40	2.1	0.025371
40	2.2	0.024934
40	2.3	0.023458
40	2.4	0.022621
40	2.5	0.020233
40	2.6	0.018718
40	2.7	0.016534
40	2.8	0.014766
40	2.9	0.013602
40	3	0.012794
40	3.1	0.012417
40	3.2	0.011789
40	3.3	0.011034
40	3.4	0.010897
40	3.5	0.011284
40	3.6	0.011635
40	3.7	0.011436
40	3.8	0.010538
40	3.9	0.0095878
40	4	0.0087745
50	-4	0.011999
50	-3.9	0.012331
50	-3.8	0.012649
50	-3.7	0.012361
50	-3.6	0.01249
50	-3.5	0.012876
50	-3.4	0.014099
50	-3.3	0.014098
50	-3.2	0.014881
50	-3.1	0.013673
50	-3	0.012551
50	-2.9	0.0097266
50	-2.8	0.0092392
50	-2.7	0.011077
50	-2.6	0.015104
50	-2.5	0.01936
50	-2.4	0.022234
50	-2.3	0.025759
50	-2.2	0.030436
50	-2.1	0.035002
50	-2	0.038738
50	-1.9	0.042588
50	-1.8	0.046286
50	-1.7	0.048029
50	-1.6	0.046423
50	-1.5	0.042563
50	-1.4	0.03653
50	-1.3	0.028375
50	-1.2	0.026505
50	-1.1	0.031076
50	-1	0.03731
50	-0.9	0.047902
50	-0.8	0.051681
50	-0.7	0.053159
50	-0.6	0.051757
50	-0.5	0.047903
50	-0.4	0.038749
50	-0.3	0.032308
50	-0.2	0.025778
50	-0.1	0.020651
50	0	0.018978
50	0.1	0.017694
50	0.2	0.018692
50	0.3	0.022254
50	0.4	0.027426
50	0.5	0.03142
50	0.6	0.036242
50	0.7	0.043769
50	0.8	0.046363
50	0.9	0.048032
50	1	0.047981
50	1.1	0.044352
50	1.2	0.041825
50	1.3	0.037057
50	1.4	0.035239
50	1.5	0.033062
50	1.6	0.032266
50	1.7	0.031396
50	1.8	0.031915
50	1.9	0.031225
50	2	0.030171
50	2.1	0.027907
50	2.2	0.025881
50	2.3	0.023344
50	2.4	0.021221
50	2.5	0.019624
50	2.6	0.01809
50	2.7	0.01702
50	2.8	0.015709
50	2.9	0.014403
50	3	0.012664
50	3.1	0.01153
50	3.2	0.010927
50	3.3	0.010407
50	3.4	0.010612
50	3.5	0.010869
50	3.6	0.011178
50	3.7	0.011498
50	3.8	0.010936
50	3.9	0.0097133
50	4	0.0092515
60	-4	0.011587
60	-3.9	0.013069
60	-3.8	0.013956
60	-3.7	0.013757
60	-3.6	0.013236
60	-3.5	0.012951
60	-3.4	0.013448
60	-3.3	0.013962
60	-3.2	0.014385
60	-3.1	0.013921
60	-3	0.012618
60	-2.9	0.0096817
60	-2.8	0.0095133
60	-2.7	0.010917
60	-2.6	0.014852
60	-2.5	0.019503
60	-2.4	0.024268
60	-2.3	0.026731
60	-2.2	0.030368
60	-2.1	0.03494
60	-2	0.038018
60	-1.9	0.043115
60	-1.8	0.046459
60	-1.7	0.048542
60	-1.6	0.047577
60	-1.5	0.044598
60	-1.4	0.038714
60	-1.3	0.029961
60	-1.2	0.027495
60	-1.1	0.028951
60	-1	0.037703
60	-0.9	0.044533
60	-0.8	0.051612
60	-0.7	0.05371
60	-0.6	0.053579
60	-0.5	0.050186
60	-0.4	0.045003
60	-0.3	0.037491
60	-0.2	0.028158
60	-0.1	0.023099
60	0	0.020127
60	0.1	0.018609
60	0.2	0.019046
60	0.3	0.022291
60	0.4	0.026326
60	0.5	0.034156
60	0.6	0.039414
60	0.7	0.042985
60	0.8	0.047266
60	0.9	0.048235
60	1	0.048149
60	1.1	0.045981
60	1.2	0.043462
60	1.3	0.04032
60	1.4	0.038411
60	1.5	0.036602
60	1.6	0.035394
60	1.7	0.034458
60	1.8	0.033082
60	1.9	0.032281
60	2	0.030623
60	2.1	0.028842
60	2.2	0.02669
60	2.3	0.024693
60	2.4	0.022401
60	2.5	0.020237
60	2.6	0.017531
60	2.7	0.016209
60	2.8	0.014093
60	2.9	0.012513
60	3	0.011376
60	3.1	0.01046
60	3.2	0.0097499
60	3.3	0.0092427
60	3.4	0.0091408
60	3.5	0.0083168
60	3.6	0.0079452
60	3.7	0.0077662
60	3.8	0.0085714
60	3.9	0.0078839
60	4	0.0074627
70	-4	0.013465
70	-3.9	0.014209
70	-3.8	0.014601
70	-3.7	0.013356
70	-3.6	0.013135
70	-3.5	0.01284
70	-3.4	0.013306
70	-3.3	0.014174
70	-3.2	0.014886
70	-3.1	0.014869
70	-3	0.01369
70	-2.9	0.011658
70	-2.8	0.011551
70	-2.7	0.012804
70	-2.6	0.01718
70	-2.5	0.020975
70	-2.4	0.024153
70	-2.3	0.026801
70	-2.2	0.032043
70	-2.1	0.035884
70	-2	0.039796
70	-1.9	0.044847
70	-1.8	0.046598
70	-1.7	0.047674
70	-1.6	0.046212
70	-1.5	0.043761
70	-1.4	0.038116
70	-1.3	0.02957
70	-1.2	0.027692
70	-1.1	0.029485
70	-1	0.037319
70	-0.9	0.042866
70	-0.8	0.048458
70	-0.7	0.051984
70	-0.6	0.051292
70	-0.5	0.047624
70	-0.4	0.040671
70	-0.3	0.035259
70	-0.2	0.028704
70	-0.1	0.025808
70	0	0.022518
70	0.1	0.021555
70	0.2	0.021029
70	0.3	0.023124
70	0.4	0.027528
70	0.5	0.032164
70	0.6	0.037211
70	0.7	0.042359
70	0.8	0.04565
70	0.9	0.047081
70	1	0.047308
70	1.1	0.045457
70	1.2	0.043637
70	1.3	0.041432
70	1.4	0.039249
70	1.5	0.037701
70	1.6	0.036438
70	1.7	0.035001
70	1.8	0.034172
70	1.9	0.033055
70	2	0.031649
70	2.1	0.030736
70	2.2	0.029061
70	2.3	0.028062
70	2.4	0.026274
70	2.5	0.022159
70	2.6	0.020366
70	2.7	0.016565
70	2.8	0.013935
70	2.9	0.012391
70	3	0.012854
70	3.1	0.012961
70	3.2	0.012724
70	3.3	0.012582
70	3.4	0.011165
70	3.5	0.010463
70	3.6	0.0089369
70	3.7	0.0087079
70	3.8	0.0092182
70	3.9	0.0093159
70	4	0.010057
80	-4	0.014237
80	-3.9	0.0142
80	-3.8	0.014305
80	-3.7	0.01373
80	-3.6	0.013043
80	-3.5	0.012581
80	-3.4	0.01357
80	-3.3	0.013888
80	-3.2	0.014284
80	-3.1	0.014168
80	-3	0.012676
80	-2.9	0.011173
80	-2.8	0.010968
80	-2.7	0.012324
80	-2.6	0.015976
80	-2.5	0.01918
80	-2.4	0.023783
80	-2.3	0.027377
80	-2.2	0.029812
80	-2.1	0.034646
80	-2	0.039091
80	-1.9	0.041533
80	-1.8	0.04514
80	-1.7	0.046009
80	-1.6	0.044739
80	-1.5	0.041608
80	-1.4	0.035573
80	-1.3	0.029787
80	-1.2	0.027701
80	-1.1	0.030044
80	-1	0.03937
80	-0.9	0.045139
80	-0.8	0.051102
80	-0.7	0.054608
80	-0.6	0.054039
80	-0.5	0.050148
80	-0.4	0.04495
80	-0.3	0.038073
80	-0.2	0.03038
80	-0.1	0.02625
80	0	0.022011
80	0.1	0.020634
80	0.2	0.020808
80	0.3	0.022853
80	0.4	0.026656
80	0.5	0.031487
80	0.6	0.038962
80	0.7	0.041633
80	0.8	0.046147
80	0.9	0.047733
80	1	0.048208
80	1.1	0.046629
80	1.2	0.043378
80	1.3	0.04127
80	1.4	0.03814
80	1.5	0.036205
80	1.6	0.035251
80	1.7	0.03489
80	1.8	0.034573
80	1.9	0.034323
80	2	0.033422
80	2.1	0.032438
80	2.2	0.030515
80	2.3	0.027567
80	2.4	0.025316
80	2.5	0.023868
80	2.6	0.021247
80	2.7	0.019128
80	2.8	0.017135
80	2.9	0.015956
80	3	0.015183
80	3.1	0.013995
80	3.2	0.012849
80	3.3	0.011671
80	3.4	0.011109
80	3.5	0.011346
80	3.6	0.011296
80	3.7	0.010813
80	3.8	0.010928
80	3.9	0.00967
80	4	0.0091496
90	-4	0.015302
90	-3.9	0.015189
90	-3.8	0.014431
90	-3.7	0.01305
90	-3.6	0.01262
90	-3.5	0.012591
90	-3.4	0.014346
90	-3.3	0.015572
90	-3.2	0.015753
90	-3.1	0.015141
90	-3	0.012115
90	-2.9	0.010356
90	-2.8	0.011849
90	-2.7	0.016006
90	-2.6	0.020324
90	-2.5	0.024431
90	-2.4	0.026838
90	-2.3	0.028507
90	-2.2	0.030495
90	-2.1	0.033984
90	-2	0.038518
90	-1.9	0.043101
90	-1.8	0.047268
90	-1.7	0.047345
90	-1.6	0.046046
90	-1.5	0.038633
90	-1.4	0.032818
90	-1.3	0.025879
90	-1.2	0.025606
90	-1.1	0.030512
90	-1	0.041108
90	-0.9	0.048057
90	-0.8	0.053192
90	-0.7	0.055737
90	-0.6	0.054976
90	-0.5	0.051956
90	-0.4	0.043661
90	-0.3	0.03913
90	-0.2	0.030311
90	-0.1	0.027074
90	0	0.022935
90	0.1	0.021549
90	0.2	0.022469
90	0.3	0.02509
90	0.4	0.0281
90	0.5	0.031677
90	0.6	0.036915
90	0.7	0.039834
90	0.8	0.04263
90	0.9	0.044916
90	1	0.044895
90	1.1	0.044031
90	1.2	0.042094
90	1.3	0.039805
90	1.4	0.036454
90	1.5	0.035026
90	1.6	0.033678
90	1.7	0.034197
90	1.8	0.034731
90	1.9	0.034901
90	2	0.034289
90	2.1	0.033111
90	2.2	0.031128
90	2.3	0.029592
90	2.4	0.026893
90	2.5	0.024281
90	2.6	0.022903
90	2.7	0.020807
90	2.8	0.01865
90	2.9	0.017166
90	3	0.015403
90	3.1	0.013623
90	3.2	0.013053
90	3.3	0.012551
90	3.4	0.012399
90	3.5	0.012811
90	3.6	0.012694
90	3.7	0.012306
90	3.8	0.011202
90	3.9	0.01094
90	4	0.010753
100	-4	0.012674
100	-3.9	0.012897
100	-3.8	0.012739
100	-3.7	0.012204
100	-3.6	0.012265
100	-3.5	0.012397
100	-3.4	0.013511
100	-3.3	0.014061
100	-3.2	0.01378
100	-3.1	0.012453
100	-3	0.009778
100	-2.9	0.0089424
100	-2.8	0.0093867
100	-2.7	0.013213
100	-2.6	0.018148
100	-2.5	0.02105
100	-2.4	0.023967
100	-2.3	0.025583
100	-2.2	0.026668
100	-2.1	0.03029
100	-2	0.034761
100	-1.9	0.039313
100	-1.8	0.043026
100	-1.7	0.044153
100	-1.6	0.044099
100	-1.5	0.040389
100	-1.4	0.032349
100	-1.3	0.02425
100	-1.2	0.024294
100	-1.1	0.030292
100	-1	0.043892
100	-0.9	0.051121
100	-0.8	0.054486
100	-0.7	0.057873
100	-0.6	0.056823
100	-0.5	0.050539
100	-0.4	0.044577
100	-0.3	0.036631
100	-0.2	0.028843
100	-0.1	0.023257
100	0	0.019609
100	0.1	0.018502
100	0.2	0.019644
100	0.3	0.02249
100	0.4	0.027099
100	0.5	0.031871
100	0.6	0.03653
100	0.7	0.04249
100	0.8	0.043764
100	0.9	0.04421
100	1	0.042395
100	1.1	0.040917
100	1.2	0.038297
100	1.3	0.036581
100	1.4	0.034629
100	1.5	0.034143
100	1.6	0.032851
100	1.7	0.031679
100	1.8	0.030662
100	1.9	0.029778
100	2	0.028949
100	2.1	0.028449
100	2.2	0.027955
100	2.3	0.027905
100	2.4	0.025186
100	2.5	0.022779
100	2.6	0.021044
100	2.7	0.017193
100	2.8	0.016163
100	2.9	0.014997
100	3	0.013323
100	3.1	0.01231
100	3.2	0.011863
100	3.3	0.011696
100	3.4	0.011173
100	3.5	0.010543
100	3.6	0.010993
100	3.7	0.011074
100	3.8	0.010641
100	3.9	0.010548
100	4	0.0099371
110	-4	0.011251
110	-3.9	0.013332
110	-3.8	0.013899
110	-3.7	0.01343
110	-3.6	0.011747
110	-3.5	0.010292
110	-3.4	0.011596
110	-3.3	0.01367
110	-3.2	0.015353
110	-3.1	0.014541
110	-3	0.012333
110	-2.9	0.0099126
110	-2.8	0.010114
110	-2.7	0.013994
110	-2.6	0.021083
110	-2.5	0.025371
110	-2.4	0.029008
110	-2.3	0.03114
110	-2.2	0.031697
110	-2.1	0.032503
110	-2	0.034764
110	-1.9	0.038412
110	-1.8	0.041825
110	-1.7	0.042471
110	-1.6	0.041935
110	-1.5	0.036336
110	-1.4	0.030268
110	-1.3	0.0221
110	-1.2	0.021841
110	-1.1	0.028094
110	-1	0.036904
110	-0.9	0.047816
110	-0.8	0.055582
110	-0.7	0.057778
110	-0.6	0.05719
110	-0.5	0.050802
110	-0.4	0.04599
110	-0.3	0.036493
110	-0.2	0.031656
110	-0.1	0.025678
110	0	0.021458
110	0.1	0.018451
110	0.2	0.018761
110	0.3	0.02276
110	0.4	0.028286
110	0.5	0.031468
110	0.6	0.037911
110	0.7	0.043048
110	0.8	0.045072
110	0.9	0.046214
110	1	0.046117
110	1.1	0.043466
110	1.2	0.039504
110	1.3	0.036163
110	1.4	0.03386
110	1.5	0.032177
110	1.6	0.031262
110	1.7	0.03127
110	1.8	0.031878
110	1.9	0.032569
110	2	0.031981
110	2.1	0.029812
110	2.2	0.027348
110	2.3	0.025802
110	2.4	0.023313
110	2.5	0.021045
110	2.6	0.019906
110	2.7	0.019084
110	2.8	0.018191
110	2.9	0.015716
110	3	0.014271
110	3.1	0.011132
110	3.2	0.010007
110	3.3	0.009816
110	3.4	0.010387
110	3.5	0.010781
110	3.6	0.011342
110	3.7	0.010689
110	3.8	0.010197
110	3.9	0.009725
110	4	0.0083052
120	-4	0.011072
120	-3.9	0.012188
120	-3.8	0.013404
120	-3.7	0.013392
120	-3.6	0.012001
120	-3.5	0.011429
120	-3.4	0.010237
120	-3.3	0.010189
120	-3.2	0.011478
120	-3.1	0.012178
120	-3	0.011678
120	-2.9	0.010915
120	-2.8	0.011296
120	-2.7	0.01284
120	-2.6	0.017515
120	-2.5	0.022477
120	-2.4	0.026237
120	-2.3	0.029021
120	-2.2	0.030397
120	-2.1	0.032167
120	-2	0.034231
120	-1.9	0.035423
120	-1.8	0.036696
120	-1.7	0.035686
120	-1.6	0.034134
120	-1.5	0.028915
120	-1.4	0.02653
120	-1.3	0.021041
120	-1.2	0.021986
120	-1.1	0.028956
120	-1	0.037552
120	-0.9	0.050226
120	-0.8	0.053994
120	-0.7	0.057079
120	-0.6	0.056554
120	-0.5	0.051615
120	-0.4	0.045704
120	-0.3	0.038665
120	-0.2	0.0316
120	-0.1	0.023242
120	0	0.019099
120	0.1	0.015467
120	0.2	0.014354
120	0.3	0.016812
120	0.4	0.019759
120	0.5	0.027419
120	0.6	0.032634
120	0.7	0.040234
120	0.8	0.04199
120	0.9	0.044449
120	1	0.04424
120	1.1	0.040829
120	1.2	0.038824
120	1.3	0.033914
120	1.4	0.032512
120	1.5	0.031135
120	1.6	0.030598
120	1.7	0.030257
120	1.8	0.030171
120	1.9	0.030537
120	2	0.02926
120	2.1	0.028022
120	2.2	0.025274
120	2.3	0.022482
120	2.4	0.020839
120	2.5	0.017872
120	2.6	0.015215
120	2.7	0.014114
120	2.8	0.011966
120	2.9	0.010505
120	3	0.0097133
120	3.1	0.008488
120	3.2	0.0075467
120	3.3	0.0081876
120	3.4	0.0076951
120	3.5	0.0071914
120	3.6	0.0075402
120	3.7	0.0076656
120	3.8	0.0080322
120	3.9	0.007634
120	4	0.006963
130	-4	0.0099175
130	-3.9	0.011228
130	-3.8	0.010621
130	-3.7	0.0094039
130	-3.6	0.0084766
130	-3.5	0.0076762
130	-3.4	0.00815
130	-3.3	0.0094793
130	-3.2	0.0094588
130	-3.1	0.009
130	-3	0.008008
130	-2.9	0.0072429
130	-2.8	0.0087874
130	-2.7	0.012979
130	-2.6	0.016346
130	-2.5	0.021314
130	-2.4	0.025028
130	-2.3	0.026617
130	-2.2	0.027758
130	-2.1	0.02977
130	-2	0.031877
130	-1.9	0.034564
130	-1.8	0.036684
130	-1.7	0.035813
130	-1.6	0.03129
130	-1.5	0.026035
130	-1.4	0.020473
130	-1.3	0.018506
130	-1.2	0.022722
130	-1.1	0.030623
130	-1	0.044954
130	-0.9	0.051389
130	-0.8	0.056856
130	-0.7	0.057805
130	-0.6	0.055188
130	-0.5	0.050485
130	-0.4	0.041499
130	-0.3	0.032537
130	-0.2	0.025354
130	-0.1	0.019864
130	0	0.016704
130	0.1	0.014373
130	0.2	0.014373
130	0.3	0.016641
130	0.4	0.021749
130	0.5	0.027489
130	0.6	0.033791
130	0.7	0.040378
130	0.8	0.042751
130	0.9	0.043153
130	1	0.041988
130	1.1	0.040467
130	1.2	0.037006
130	1.3	0.034356
130	1.4	0.031109
130	1.5	0.03037
130	1.6	0.030047
130	1.7	0.029668
130	1.8	0.029136
130	1.9	0.029431
130	2	0.029669
130	2.1	0.029005
130	2.2	0.027886
130	2.3	0.026649
130	2.4	0.024218
130	2.5	0.02269
130	2.6	0.018918
130	2.7	0.015576
130	2.8	0.012932
130	2.9	0.011399
130	3	0.011378
130	3.1	0.011306
130	3.2	0.010946
130	3.3	0.010762
130	3.4	0.010429
130	3.5	0.0089279
130	3.6	0.0082896
130	3.7	0.0081757
130	3.8	0.0090233
130	3.9	0.00968
130	4	0.0096332
140	-4	0.00944
140	-3.9	0.010423
140	-3.8	0.010176
140	-3.7	0.0092916
140	-3.6	0.007818
140	-3.5	0.0067149
140	-3.4	0.0075209
140	-3.3	0.0083865
140	-3.2	0.0092567
140	-3.1	0.0090269
140	-3	0.0077056
140	-2.9	0.0074757
140	-2.8	0.0089188
140	-2.7	0.011896
140	-2.6	0.01677
140	-2.5	0.02071
140	-2.4	0.023675
140	-2.3	0.025611
140	-2.2	0.026494
140	-2.1	0.028665
140	-2	0.031409
140	-1.9	0.034393
140	-1.8	0.036595
140	-1.7	0.034753
140	-1.6	0.032135
140	-1.5	0.023417
140	-1.4	0.018348
140	-1.3	0.019985
140	-1.2	0.0258
140	-1.1	0.041468
140	-1	0.045719
140	-0.9	0.054934
140	-0.8	0.057306
140	-0.7	0.055172
140	-0.6	0.047913
140	-0.5	0.039524
140	-0.4	0.03189
140	-0.3	0.027482
140	-0.2	0.021521
140	-0.1	0.018165
140	0	0.014288
140	0.1	0.013261
140	0.2	0.0131
140	0.3	0.01817
140	0.4	0.021064
140	0.5	0.027749
140	0.6	0.035018
140	0.7	0.038732
140	0.8	0.040318
140	0.9	0.040062
140	1	0.038729
140	1.1	0.03704
140	1.2	0.034077
140	1.3	0.031046
140	1.4	0.028204
140	1.5	0.027259
140	1.6	0.027092
140	1.7	0.027659
140	1.8	0.028643
140	1.9	0.030109
140	2	0.030874
140	2.1	0.029594
140	2.2	0.026163
140	2.3	0.024213
140	2.4	0.02115
140	2.5	0.018698
140	2.6	0.01721
140	2.7	0.015617
140	2.8	0.014865
140	2.9	0.012972
140	3	0.011193
140	3.1	0.0096231
140	3.2	0.0091496
140	3.3	0.0095337
140	3.4	0.010118
140	3.5	0.010122
140	3.6	0.010086
140	3.7	0.0087524
140	3.8	0.009068
140	3.9	0.010424
140	4	0.010502
150	-4	0.010271
150	-3.9	0.011021
150	-3.8	0.011037
150	-3.7	0.0099191
150	-3.6	0.0075979
150	-3.5	0.0074583
150	-3.4	0.0080482
150	-3.3	0.0089369
150	-3.2	0.0088843
150	-3.1	0.0081955
150	-3	0.0072317
150	-2.9	0.0076382
150	-2.8	0.011951
150	-2.7	0.014834
150	-2.6	0.020499
150	-2.5	0.022413
150	-2.4	0.024659
150	-2.3	0.02543
150	-2.2	0.025693
150	-2.1	0.027815
150	-2	0.030234
150	-1.9	0.032479
150	-1.8	0.032865
150	-1.7	0.030354
150	-1.6	0.026317
150	-1.5	0.018695
150	-1.4	0.01394
150	-1.3	0.020192
150	-1.2	0.029487
150	-1.1	0.037138
150	-1	0.046938
150	-0.9	0.054002
150	-0.8	0.056183
150	-0.7	0.054169
150	-0.6	0.047748
150	-0.5	0.04212
150	-0.4	0.033907
150	-0.3	0.027419
150	-0.2	0.020587
150	-0.1	0.016342
150	0	0.014548
150	0.1	0.011811
150	0.2	0.012243
150	0.3	0.014904
150	0.4	0.021833
150	0.5	0.027194
150	0.6	0.036104
150	0.7	0.04126
150	0.8	0.042546
150	0.9	0.043227
150	1	0.04058
150	1.1	0.039438
150	1.2	0.03352
150	1.3	0.029677
150	1.4	0.027824
150	1.5	0.027906
150	1.6	0.029568
150	1.7	0.031469
150	1.8	0.032084
150	1.9	0.031778
150	2	0.030748
150	2.1	0.02794
150	2.2	0.025244
150	2.3	0.023122
150	2.4	0.020918
150	2.5	0.019403
150	2.6	0.017603
150	2.7	0.015725
150	2.8	0.013848
150	2.9	0.01164
150	3	0.0088989
150	3.1	0.0086558
150	3.2	0.0087782
150	3.3	0.0090608
150	3.4	0.0098406
150	3.5	0.0088643
150	3.6	0.0086708
150	3.7	0.0082466
150	3.8	0.0080462
150	3.9	0.0083788
150	4	0.0083884
160	-4	0.0097333
160	-3.9	0.010119
160	-3.8	0.0099257
160	-3.7	0.0079938
160	-3.6	0.0062097
160	-3.5	0.0074258
160	-3.4	0.0091496
160	-3.3	0.010877
160	-3.2	0.010959
160	-3.1	0.010057
160	-3	0.0063027
160	-2.9	0.0065861
160	-2.8	0.011115
160	-2.7	0.016233
160	-2.6	0.021775
160	-2.5	0.024342
160	-2.4	0.025436
160	-2.3	0.024801
160	-2.2	0.02515
160	-2.1	0.026755
160	-2	0.03045
160	-1.9	0.032436
160	-1.8	0.033391
160	-1.7	0.03095
160	-1.6	0.023294
160	-1.5	0.016377
160	-1.4	0.013792
160	-1.3	0.019951
160	-1.2	0.03393
160	-1.1	0.042594
160	-1	0.050959
160	-0.9	0.056787
160	-0.8	0.055709
160	-0.7	0.053633
160	-0.6	0.044596
160	-0.5	0.037374
160	-0.4	0.02698
160	-0.3	0.022125
160	-0.2	0.01824
160	-0.1	0.015018
160	0	0.01331
160	0.1	0.011972
160	0.2	0.012811
160	0.3	0.019279
160	0.4	0.023086
160	0.5	0.0322
160	0.6	0.036642
160	0.7	0.040177
160	0.8	0.041151
160	0.9	0.039842
160	1	0.037743
160	1.1	0.03513
160	1.2	0.032456
160	1.3	0.030548
160	1.4	0.030636
160	1.5	0.031114
160	1.6	0.030996
160	1.7	0.030222
160	1.8	0.029871
160	1.9	0.02972
160	2	0.028962
160	2.1	0.027347
160	2.2	0.02554
160	2.3	0.024651
160	2.4	0.022849
160	2.5	0.019275
160	2.6	0.016524
160	2.7	0.014334
160	2.8	0.012517
160	2.9	0.010763
160	3	0.0090804
160	3.1	0.0086296
160	3.2	0.0086371
160	3.3	0.008955
160	3.4	0.010114
160	3.5	0.0095759
160	3.6	0.0087671
160	3.7	0.0085089
160	3.8	0.0082818
160	3.9	0.0074301
160	4	0.0063027
170	-4	0.011402
170	-3.9	0.012397
170	-3.8	0.011897
170	-3.7	0.010181
170	-3.6	0.0081043
170	-3.5	0.0074929
170	-3.4	0.0096499
170	-3.3	0.010499
170	-3.2	0.010227
170	-3.1	0.0080402
170	-3	0.0060755
170	-2.9	0.0072718
170	-2.8	0.01222
170	-2.7	0.019758
170	-2.6	0.023066
170	-2.5	0.025654
170	-2.4	0.026086
170	-2.3	0.024513
170	-2.2	0.024121
170	-2.1	0.0259
170	-2	0.030342
170	-1.9	0.032877
170	-1.8	0.0342
170	-1.7	0.030354
170	-1.6	0.024406
170	-1.5	0.016216
170	-1.4	0.01409
170	-1.3	0.022146
170	-1.2	0.035444
170	-1.1	0.043731
170	-1	0.053841
170	-0.9	0.05761
170	-0.8	0.056464
170	-0.7	0.050957
170	-0.6	0.044012
170	-0.5	0.035498
170	-0.4	0.02651
170	-0.3	0.019345
170	-0.2	0.014934
170	-0.1	0.013657
170	0	0.011818
170	0.1	0.012697
170	0.2	0.018444
170	0.3	0.024311
170	0.4	0.034532
170	0.5	0.040401
170	0.6	0.042953
170	0.7	0.045532
170	0.8	0.045031
170	0.9	0.041596
170	1	0.037566
170	1.1	0.034979
170	1.2	0.030164
170	1.3	0.027964
170	1.4	0.028153
170	1.5	0.029174
170	1.6	0.030581
170	1.7	0.030588
170	1.8	0.030349
170	1.9	0.029773
170	2	0.027645
170	2.1	0.024886
170	2.2	0.022111
170	2.3	0.020336
170	2.4	0.019373
170	2.5	0.017196
170	2.6	0.015994
170	2.7	0.013947
170	2.8	0.01276
170	2.9	0.010515
170	3	0.0081262
170	3.1	0.0075638
170	3.2	0.0081579
170	3.3	0.0097664
170	3.4	0.010148
170	3.5	0.0093902
170	3.6	0.0091089
170	3.7	0.0084899
170	3.8	0.0080382
170	3.9	0.0075145
170	4	0.0073909
180	-4	0.010094
180	-3.9	0.0096984
180	-3.8	0.0088679
180	-3.7	0.0070872
180	-3.6	0.0066374
180	-3.5	0.008373
180	-3.4	0.0098832
180	-3.3	0.0099224
180	-3.2	0.0092811
180	-3.1	0.0075659
180	-3	0.0074778
180	-2.9	0.010841
180	-2.8	0.014205
180	-2.7	0.01911
180	-2.6	0.022426
180	-2.5	0.024353
180	-2.4	0.025362
180	-2.3	0.026248
180	-2.2	0.027574
180	-2.1	0.030478
180	-2	0.034194
180	-1.9	0.035331
180	-1.8	0.033526
180	-1.7	0.029125
180	-1.6	0.021044
180	-1.5	0.017243
180	-1.4	0.020101
180	-1.3	0.028015
180	-1.2	0.038126
180	-1.1	0.048545
180	-1	0.054594
180	-0.9	0.056168
180	-0.8	0.052645
180	-0.7	0.04789
180	-0.6	0.041148
180	-0.5	0.032861
180	-0.4	0.023486
180	-0.3	0.019663
180	-0.2	0.016708
180	-0.1	0.014769
180	0	0.013706
180	0.1	0.014061
180	0.2	0.020599
180	0.3	0.024229
180	0.4	0.034328
180	0.5	0.04098
180	0.6	0.04462
180	0.7	0.047266
180	0.8	0.047279
180	0.9	0.045792
180	1	0.043152
180	1.1	0.040584
180	1.2	0.036856
180	1.3	0.034875
180	1.4	0.034425
180	1.5	0.035548
180	1.6	0.035876
180	1.7	0.03624
180	1.8	0.036328
180	1.9	0.035824
180	2	0.032628
180	2.1	0.030262
180	2.2	0.027045
180	2.3	0.023695
180	2.4	0.02174
180	2.5	0.018992
180	2.6	0.016983
180	2.7	0.015712
180	2.8	0.014213
180	2.9	0.013237
180	3	0.012067
180	3.1	0.011187
180	3.2	0.010926
180	3.3	0.010441
180	3.4	0.010293
180	3.5	0.010432
180	3.6	0.01032
180	3.7	0.010471
180	3.8	0.010719
180	3.9	0.010339
180	4	0.0095014
 
Uniformity Ratio =0.61338
