11-Sep-2017
12:10
TXR  007921 RM436 R24
33511B Function Generator
SN =Agilent Technologies,33511B,MY52301476,3.05-1.19-2.00-52-00
freq =+9.030000000000000E+06
burstmode =TRIG
burstN =+6.000000000000000E+01
voltage =+1.5000000000000E-01
 
DSO-X 2022A Oscilloscope
SN =AGILENT TECHNOLOGIES,DSO-X 2022A,MY54310921,02.41.2015102200
probe =+1.0000000E+00
scale =+500.0E-09
position =+19.900000E-06
range =+1.60E+00
units =VOLT
points =+2000
pointmode =NORM
format =BYTE
acqtype =NORM
trigsource =EXT
coupling =AC
 
-180	-4	0.013478
-180	-3.9	0.013961
-180	-3.8	0.0146
-180	-3.7	0.013911
-180	-3.6	0.014768
-180	-3.5	0.016705
-180	-3.4	0.017476
-180	-3.3	0.018352
-180	-3.2	0.01933
-180	-3.1	0.01935
-180	-3	0.018485
-180	-2.9	0.015511
-180	-2.8	0.013146
-180	-2.7	0.011084
-180	-2.6	0.01071
-180	-2.5	0.011594
-180	-2.4	0.012362
-180	-2.3	0.01428
-180	-2.2	0.018113
-180	-2.1	0.025041
-180	-2	0.032651
-180	-1.9	0.038878
-180	-1.8	0.044943
-180	-1.7	0.047253
-180	-1.6	0.045463
-180	-1.5	0.041712
-180	-1.4	0.033965
-180	-1.3	0.027623
-180	-1.2	0.020148
-180	-1.1	0.016963
-180	-1	0.019722
-180	-0.9	0.026811
-180	-0.8	0.033376
-180	-0.7	0.037633
-180	-0.6	0.038068
-180	-0.5	0.036321
-180	-0.4	0.032318
-180	-0.3	0.026885
-180	-0.2	0.023125
-180	-0.1	0.020396
-180	0	0.019005
-180	0.1	0.018486
-180	0.2	0.018711
-180	0.3	0.019234
-180	0.4	0.020656
-180	0.5	0.022074
-180	0.6	0.02567
-180	0.7	0.028028
-180	0.8	0.029738
-180	0.9	0.030959
-180	1	0.029773
-180	1.1	0.027166
-180	1.2	0.024503
-180	1.3	0.021326
-180	1.4	0.019542
-180	1.5	0.018342
-180	1.6	0.018949
-180	1.7	0.019516
-180	1.8	0.021689
-180	1.9	0.022583
-180	2	0.022866
-180	2.1	0.02295
-180	2.2	0.022705
-180	2.3	0.021738
-180	2.4	0.020382
-180	2.5	0.018174
-180	2.6	0.016786
-180	2.7	0.015723
-180	2.8	0.013214
-180	2.9	0.011697
-180	3	0.010506
-180	3.1	0.010688
-180	3.2	0.011716
-180	3.3	0.010961
-180	3.4	0.011572
-180	3.5	0.012549
-180	3.6	0.011836
-180	3.7	0.012979
-180	3.8	0.012983
-180	3.9	0.012431
-180	4	0.012924
-170	-4	0.013138
-170	-3.9	0.013627
-170	-3.8	0.014335
-170	-3.7	0.01512
-170	-3.6	0.015665
-170	-3.5	0.016398
-170	-3.4	0.017086
-170	-3.3	0.019164
-170	-3.2	0.020369
-170	-3.1	0.020794
-170	-3	0.019349
-170	-2.9	0.016343
-170	-2.8	0.014397
-170	-2.7	0.011429
-170	-2.6	0.010222
-170	-2.5	0.012627
-170	-2.4	0.014397
-170	-2.3	0.017078
-170	-2.2	0.021009
-170	-2.1	0.024942
-170	-2	0.030982
-170	-1.9	0.036278
-170	-1.8	0.041254
-170	-1.7	0.043152
-170	-1.6	0.04302
-170	-1.5	0.039853
-170	-1.4	0.032181
-170	-1.3	0.027288
-170	-1.2	0.020288
-170	-1.1	0.016767
-170	-1	0.019002
-170	-0.9	0.025792
-170	-0.8	0.033309
-170	-0.7	0.037422
-170	-0.6	0.039244
-170	-0.5	0.037329
-170	-0.4	0.033547
-170	-0.3	0.030141
-170	-0.2	0.025349
-170	-0.1	0.022045
-170	0	0.020461
-170	0.1	0.019321
-170	0.2	0.018242
-170	0.3	0.017751
-170	0.4	0.017306
-170	0.5	0.018958
-170	0.6	0.021943
-170	0.7	0.025871
-170	0.8	0.028756
-170	0.9	0.030428
-170	1	0.03067
-170	1.1	0.029827
-170	1.2	0.027676
-170	1.3	0.025195
-170	1.4	0.022586
-170	1.5	0.021776
-170	1.6	0.021297
-170	1.7	0.021759
-170	1.8	0.023265
-170	1.9	0.024563
-170	2	0.025235
-170	2.1	0.024808
-170	2.2	0.023634
-170	2.3	0.022204
-170	2.4	0.020117
-170	2.5	0.017352
-170	2.6	0.015073
-170	2.7	0.012616
-170	2.8	0.011578
-170	2.9	0.011607
-170	3	0.009963
-170	3.1	0.010172
-170	3.2	0.0095404
-170	3.3	0.0099224
-170	3.4	0.010475
-170	3.5	0.010529
-170	3.6	0.011064
-170	3.7	0.011854
-170	3.8	0.01121
-170	3.9	0.011228
-170	4	0.0099322
-160	-4	0.012705
-160	-3.9	0.013116
-160	-3.8	0.014659
-160	-3.7	0.01482
-160	-3.6	0.015696
-160	-3.5	0.015847
-160	-3.4	0.016501
-160	-3.3	0.016856
-160	-3.2	0.017312
-160	-3.1	0.01686
-160	-3	0.015357
-160	-2.9	0.012514
-160	-2.8	0.010989
-160	-2.7	0.010489
-160	-2.6	0.01119
-160	-2.5	0.012416
-160	-2.4	0.013638
-160	-2.3	0.016033
-160	-2.2	0.019161
-160	-2.1	0.024285
-160	-2	0.030592
-160	-1.9	0.035504
-160	-1.8	0.039115
-160	-1.7	0.040335
-160	-1.6	0.039271
-160	-1.5	0.035069
-160	-1.4	0.029886
-160	-1.3	0.021761
-160	-1.2	0.017557
-160	-1.1	0.017298
-160	-1	0.023315
-160	-0.9	0.030843
-160	-0.8	0.037223
-160	-0.7	0.040636
-160	-0.6	0.041514
-160	-0.5	0.037975
-160	-0.4	0.034805
-160	-0.3	0.028037
-160	-0.2	0.024132
-160	-0.1	0.019512
-160	0	0.017656
-160	0.1	0.017455
-160	0.2	0.015823
-160	0.3	0.015689
-160	0.4	0.015859
-160	0.5	0.019177
-160	0.6	0.022679
-160	0.7	0.026747
-160	0.8	0.029853
-160	0.9	0.030792
-160	1	0.030909
-160	1.1	0.028967
-160	1.2	0.026396
-160	1.3	0.023275
-160	1.4	0.02217
-160	1.5	0.021249
-160	1.6	0.021517
-160	1.7	0.021594
-160	1.8	0.021982
-160	1.9	0.022518
-160	2	0.021384
-160	2.1	0.020863
-160	2.2	0.020508
-160	2.3	0.02056
-160	2.4	0.019382
-160	2.5	0.01842
-160	2.6	0.016913
-160	2.7	0.014654
-160	2.8	0.013704
-160	2.9	0.011248
-160	3	0.0097333
-160	3.1	0.010039
-160	3.2	0.0096867
-160	3.3	0.010619
-160	3.4	0.011051
-160	3.5	0.011578
-160	3.6	0.011689
-160	3.7	0.01123
-160	3.8	0.010887
-160	3.9	0.01032
-160	4	0.0096533
-150	-4	0.016194
-150	-3.9	0.016116
-150	-3.8	0.01527
-150	-3.7	0.014083
-150	-3.6	0.013927
-150	-3.5	0.015458
-150	-3.4	0.016719
-150	-3.3	0.01839
-150	-3.2	0.018206
-150	-3.1	0.01819
-150	-3	0.014344
-150	-2.9	0.013088
-150	-2.8	0.011118
-150	-2.7	0.011712
-150	-2.6	0.012719
-150	-2.5	0.015575
-150	-2.4	0.015936
-150	-2.3	0.017781
-150	-2.2	0.021842
-150	-2.1	0.027032
-150	-2	0.031107
-150	-1.9	0.036807
-150	-1.8	0.038883
-150	-1.7	0.038954
-150	-1.6	0.035916
-150	-1.5	0.031799
-150	-1.4	0.024053
-150	-1.3	0.017448
-150	-1.2	0.016739
-150	-1.1	0.020809
-150	-1	0.026818
-150	-0.9	0.033683
-150	-0.8	0.040008
-150	-0.7	0.042217
-150	-0.6	0.041438
-150	-0.5	0.037851
-150	-0.4	0.033231
-150	-0.3	0.027425
-150	-0.2	0.023509
-150	-0.1	0.020073
-150	0	0.017213
-150	0.1	0.016083
-150	0.2	0.015055
-150	0.3	0.01491
-150	0.4	0.015654
-150	0.5	0.018313
-150	0.6	0.021377
-150	0.7	0.025133
-150	0.8	0.027577
-150	0.9	0.029205
-150	1	0.03028
-150	1.1	0.02945
-150	1.2	0.028153
-150	1.3	0.026338
-150	1.4	0.023513
-150	1.5	0.021351
-150	1.6	0.020056
-150	1.7	0.01979
-150	1.8	0.020411
-150	1.9	0.021498
-150	2	0.023487
-150	2.1	0.023988
-150	2.2	0.02429
-150	2.3	0.023242
-150	2.4	0.020962
-150	2.5	0.018613
-150	2.6	0.015585
-150	2.7	0.01379
-150	2.8	0.012211
-150	2.9	0.011537
-150	3	0.012154
-150	3.1	0.011131
-150	3.2	0.010529
-150	3.3	0.010597
-150	3.4	0.010917
-150	3.5	0.010532
-150	3.6	0.010768
-150	3.7	0.011851
-150	3.8	0.012154
-150	3.9	0.011255
-150	4	0.010463
-140	-4	0.014147
-140	-3.9	0.012742
-140	-3.8	0.01304
-140	-3.7	0.013149
-140	-3.6	0.013761
-140	-3.5	0.014758
-140	-3.4	0.016053
-140	-3.3	0.016559
-140	-3.2	0.016084
-140	-3.1	0.016022
-140	-3	0.013643
-140	-2.9	0.011173
-140	-2.8	0.011209
-140	-2.7	0.011456
-140	-2.6	0.013502
-140	-2.5	0.015397
-140	-2.4	0.016067
-140	-2.3	0.018382
-140	-2.2	0.021956
-140	-2.1	0.026752
-140	-2	0.03185
-140	-1.9	0.035579
-140	-1.8	0.037254
-140	-1.7	0.036466
-140	-1.6	0.032903
-140	-1.5	0.029161
-140	-1.4	0.023614
-140	-1.3	0.017731
-140	-1.2	0.018573
-140	-1.1	0.025309
-140	-1	0.03391
-140	-0.9	0.040749
-140	-0.8	0.044478
-140	-0.7	0.045368
-140	-0.6	0.043605
-140	-0.5	0.039156
-140	-0.4	0.03226
-140	-0.3	0.027804
-140	-0.2	0.022558
-140	-0.1	0.01853
-140	0	0.016425
-140	0.1	0.01548
-140	0.2	0.013913
-140	0.3	0.01406
-140	0.4	0.015469
-140	0.5	0.019938
-140	0.6	0.023033
-140	0.7	0.025878
-140	0.8	0.029074
-140	0.9	0.031139
-140	1	0.031674
-140	1.1	0.031266
-140	1.2	0.02893
-140	1.3	0.027313
-140	1.4	0.025487
-140	1.5	0.023458
-140	1.6	0.02176
-140	1.7	0.021176
-140	1.8	0.021716
-140	1.9	0.021878
-140	2	0.022179
-140	2.1	0.023085
-140	2.2	0.022498
-140	2.3	0.022415
-140	2.4	0.020332
-140	2.5	0.018117
-140	2.6	0.016183
-140	2.7	0.015178
-140	2.8	0.014016
-140	2.9	0.012404
-140	3	0.013195
-140	3.1	0.012819
-140	3.2	0.011841
-140	3.3	0.011296
-140	3.4	0.0098979
-140	3.5	0.0099598
-140	3.6	0.011248
-140	3.7	0.010641
-140	3.8	0.01147
-140	3.9	0.012496
-140	4	0.010999
-130	-4	0.014743
-130	-3.9	0.014471
-130	-3.8	0.013536
-130	-3.7	0.013082
-130	-3.6	0.0126
-130	-3.5	0.013987
-130	-3.4	0.015883
-130	-3.3	0.016564
-130	-3.2	0.016972
-130	-3.1	0.015628
-130	-3	0.013465
-130	-2.9	0.011336
-130	-2.8	0.011171
-130	-2.7	0.013222
-130	-2.6	0.015517
-130	-2.5	0.017394
-130	-2.4	0.017897
-130	-2.3	0.019576
-130	-2.2	0.022585
-130	-2.1	0.025584
-130	-2	0.028596
-130	-1.9	0.03239
-130	-1.8	0.033812
-130	-1.7	0.034011
-130	-1.6	0.030321
-130	-1.5	0.026699
-130	-1.4	0.020514
-130	-1.3	0.017965
-130	-1.2	0.02003
-130	-1.1	0.028435
-130	-1	0.035353
-130	-0.9	0.043802
-130	-0.8	0.047478
-130	-0.7	0.047977
-130	-0.6	0.044558
-130	-0.5	0.039655
-130	-0.4	0.034053
-130	-0.3	0.026672
-130	-0.2	0.022528
-130	-0.1	0.016987
-130	0	0.015826
-130	0.1	0.014421
-130	0.2	0.01401
-130	0.3	0.013443
-130	0.4	0.015729
-130	0.5	0.018569
-130	0.6	0.023187
-130	0.7	0.027497
-130	0.8	0.031695
-130	0.9	0.033547
-130	1	0.034372
-130	1.1	0.033596
-130	1.2	0.031095
-130	1.3	0.027905
-130	1.4	0.025098
-130	1.5	0.0233
-130	1.6	0.021861
-130	1.7	0.021729
-130	1.8	0.022083
-130	1.9	0.022966
-130	2	0.023581
-130	2.1	0.023854
-130	2.2	0.023414
-130	2.3	0.022081
-130	2.4	0.019643
-130	2.5	0.01925
-130	2.6	0.017376
-130	2.7	0.016806
-130	2.8	0.01484
-130	2.9	0.014427
-130	3	0.013492
-130	3.1	0.013144
-130	3.2	0.01183
-130	3.3	0.010441
-130	3.4	0.010183
-130	3.5	0.011167
-130	3.6	0.010555
-130	3.7	0.011316
-130	3.8	0.012452
-130	3.9	0.012376
-130	4	0.011904
-120	-4	0.011692
-120	-3.9	0.011314
-120	-3.8	0.010747
-120	-3.7	0.011603
-120	-3.6	0.012208
-120	-3.5	0.013885
-120	-3.4	0.014811
-120	-3.3	0.015003
-120	-3.2	0.014752
-120	-3.1	0.013791
-120	-3	0.011818
-120	-2.9	0.011589
-120	-2.8	0.013867
-120	-2.7	0.015269
-120	-2.6	0.016588
-120	-2.5	0.018139
-120	-2.4	0.018687
-120	-2.3	0.020121
-120	-2.2	0.022782
-120	-2.1	0.027969
-120	-2	0.03115
-120	-1.9	0.033944
-120	-1.8	0.034797
-120	-1.7	0.03294
-120	-1.6	0.029447
-120	-1.5	0.024575
-120	-1.4	0.021558
-120	-1.3	0.021366
-120	-1.2	0.026217
-120	-1.1	0.032378
-120	-1	0.040934
-120	-0.9	0.047796
-120	-0.8	0.049824
-120	-0.7	0.048943
-120	-0.6	0.045336
-120	-0.5	0.03881
-120	-0.4	0.031471
-120	-0.3	0.024658
-120	-0.2	0.020095
-120	-0.1	0.016067
-120	0	0.01486
-120	0.1	0.01466
-120	0.2	0.014185
-120	0.3	0.014896
-120	0.4	0.017523
-120	0.5	0.021318
-120	0.6	0.025316
-120	0.7	0.030098
-120	0.8	0.032832
-120	0.9	0.035304
-120	1	0.036338
-120	1.1	0.036017
-120	1.2	0.034423
-120	1.3	0.032105
-120	1.4	0.029727
-120	1.5	0.027493
-120	1.6	0.025578
-120	1.7	0.025052
-120	1.8	0.024721
-120	1.9	0.025598
-120	2	0.026542
-120	2.1	0.026621
-120	2.2	0.026023
-120	2.3	0.023508
-120	2.4	0.021358
-120	2.5	0.019197
-120	2.6	0.017584
-120	2.7	0.016157
-120	2.8	0.015251
-120	2.9	0.015286
-120	3	0.014701
-120	3.1	0.013348
-120	3.2	0.012857
-120	3.3	0.012132
-120	3.4	0.011679
-120	3.5	0.011062
-120	3.6	0.011647
-120	3.7	0.011626
-120	3.8	0.012766
-120	3.9	0.011356
-120	4	0.010872
-110	-4	0.011118
-110	-3.9	0.010745
-110	-3.8	0.010639
-110	-3.7	0.010993
-110	-3.6	0.010887
-110	-3.5	0.012882
-110	-3.4	0.013435
-110	-3.3	0.014243
-110	-3.2	0.014121
-110	-3.1	0.012308
-110	-3	0.011529
-110	-2.9	0.010688
-110	-2.8	0.012416
-110	-2.7	0.014544
-110	-2.6	0.01692
-110	-2.5	0.019548
-110	-2.4	0.020553
-110	-2.3	0.021005
-110	-2.2	0.02304
-110	-2.1	0.02413
-110	-2	0.026426
-110	-1.9	0.029653
-110	-1.8	0.030708
-110	-1.7	0.031145
-110	-1.6	0.029452
-110	-1.5	0.027018
-110	-1.4	0.023381
-110	-1.3	0.023463
-110	-1.2	0.027381
-110	-1.1	0.036704
-110	-1	0.045922
-110	-0.9	0.050798
-110	-0.8	0.055144
-110	-0.7	0.053814
-110	-0.6	0.048217
-110	-0.5	0.041316
-110	-0.4	0.033175
-110	-0.3	0.02484
-110	-0.2	0.017089
-110	-0.1	0.015052
-110	0	0.014706
-110	0.1	0.014931
-110	0.2	0.014383
-110	0.3	0.014902
-110	0.4	0.017551
-110	0.5	0.022593
-110	0.6	0.031175
-110	0.7	0.037166
-110	0.8	0.041043
-110	0.9	0.042759
-110	1	0.041934
-110	1.1	0.039854
-110	1.2	0.036847
-110	1.3	0.034243
-110	1.4	0.031255
-110	1.5	0.029825
-110	1.6	0.028705
-110	1.7	0.027859
-110	1.8	0.026992
-110	1.9	0.025742
-110	2	0.024282
-110	2.1	0.023813
-110	2.2	0.023484
-110	2.3	0.022801
-110	2.4	0.022137
-110	2.5	0.020895
-110	2.6	0.019487
-110	2.7	0.016734
-110	2.8	0.015263
-110	2.9	0.012533
-110	3	0.011485
-110	3.1	0.011436
-110	3.2	0.011712
-110	3.3	0.011833
-110	3.4	0.011152
-110	3.5	0.011468
-110	3.6	0.010044
-110	3.7	0.010222
-110	3.8	0.0097383
-110	3.9	0.0098472
-110	4	0.0094929
-100	-4	0.0088789
-100	-3.9	0.009416
-100	-3.8	0.0099517
-100	-3.7	0.0097084
-100	-3.6	0.010358
-100	-3.5	0.011898
-100	-3.4	0.01277
-100	-3.3	0.012643
-100	-3.2	0.012798
-100	-3.1	0.011625
-100	-3	0.011181
-100	-2.9	0.012136
-100	-2.8	0.014131
-100	-2.7	0.016629
-100	-2.6	0.01856
-100	-2.5	0.020186
-100	-2.4	0.021505
-100	-2.3	0.023169
-100	-2.2	0.024769
-100	-2.1	0.027567
-100	-2	0.030394
-100	-1.9	0.031197
-100	-1.8	0.032233
-100	-1.7	0.031987
-100	-1.6	0.029882
-100	-1.5	0.027834
-100	-1.4	0.026789
-100	-1.3	0.029402
-100	-1.2	0.033281
-100	-1.1	0.04231
-100	-1	0.048381
-100	-0.9	0.053696
-100	-0.8	0.056007
-100	-0.7	0.053391
-100	-0.6	0.047384
-100	-0.5	0.040064
-100	-0.4	0.033492
-100	-0.3	0.024991
-100	-0.2	0.018161
-100	-0.1	0.015238
-100	0	0.015309
-100	0.1	0.01519
-100	0.2	0.015491
-100	0.3	0.016096
-100	0.4	0.02035
-100	0.5	0.025478
-100	0.6	0.033758
-100	0.7	0.037039
-100	0.8	0.042474
-100	0.9	0.043896
-100	1	0.044081
-100	1.1	0.043031
-100	1.2	0.040367
-100	1.3	0.038661
-100	1.4	0.036328
-100	1.5	0.033979
-100	1.6	0.032497
-100	1.7	0.03054
-100	1.8	0.029142
-100	1.9	0.028019
-100	2	0.027166
-100	2.1	0.02601
-100	2.2	0.02533
-100	2.3	0.023802
-100	2.4	0.022798
-100	2.5	0.020552
-100	2.6	0.018231
-100	2.7	0.016284
-100	2.8	0.014629
-100	2.9	0.013264
-100	3	0.012436
-100	3.1	0.011773
-100	3.2	0.010645
-100	3.3	0.011319
-100	3.4	0.010592
-100	3.5	0.01063
-100	3.6	0.010082
-100	3.7	0.01081
-100	3.8	0.0096197
-100	3.9	0.0095438
-100	4	0.0094707
-90	-4	0.0097466
-90	-3.9	0.0089604
-90	-3.8	0.0095844
-90	-3.7	0.009862
-90	-3.6	0.010753
-90	-3.5	0.011184
-90	-3.4	0.01262
-90	-3.3	0.012168
-90	-3.2	0.011808
-90	-3.1	0.01173
-90	-3	0.012227
-90	-2.9	0.014
-90	-2.8	0.016125
-90	-2.7	0.018906
-90	-2.6	0.020715
-90	-2.5	0.021607
-90	-2.4	0.022883
-90	-2.3	0.023892
-90	-2.2	0.025768
-90	-2.1	0.028128
-90	-2	0.029974
-90	-1.9	0.03215
-90	-1.8	0.033482
-90	-1.7	0.032569
-90	-1.6	0.030445
-90	-1.5	0.027333
-90	-1.4	0.027188
-90	-1.3	0.031474
-90	-1.2	0.036675
-90	-1.1	0.045217
-90	-1	0.05471
-90	-0.9	0.058217
-90	-0.8	0.0577
-90	-0.7	0.053864
-90	-0.6	0.04558
-90	-0.5	0.038419
-90	-0.4	0.027172
-90	-0.3	0.021176
-90	-0.2	0.016582
-90	-0.1	0.015609
-90	0	0.015873
-90	0.1	0.01636
-90	0.2	0.016568
-90	0.3	0.017927
-90	0.4	0.021045
-90	0.5	0.027336
-90	0.6	0.03355
-90	0.7	0.039632
-90	0.8	0.043584
-90	0.9	0.045329
-90	1	0.045848
-90	1.1	0.044699
-90	1.2	0.041895
-90	1.3	0.038531
-90	1.4	0.035101
-90	1.5	0.032818
-90	1.6	0.030795
-90	1.7	0.030263
-90	1.8	0.029424
-90	1.9	0.029111
-90	2	0.02912
-90	2.1	0.028232
-90	2.2	0.026543
-90	2.3	0.025262
-90	2.4	0.022639
-90	2.5	0.021666
-90	2.6	0.019894
-90	2.7	0.018615
-90	2.8	0.017956
-90	2.9	0.016779
-90	3	0.014771
-90	3.1	0.013372
-90	3.2	0.013112
-90	3.3	0.012436
-90	3.4	0.012823
-90	3.5	0.01212
-90	3.6	0.012059
-90	3.7	0.01232
-90	3.8	0.01147
-90	3.9	0.011808
-90	4	0.010468
-80	-4	0.0094417
-80	-3.9	0.010554
-80	-3.8	0.0091725
-80	-3.7	0.009515
-80	-3.6	0.011039
-80	-3.5	0.010982
-80	-3.4	0.011889
-80	-3.3	0.012319
-80	-3.2	0.011725
-80	-3.1	0.012187
-80	-3	0.012289
-80	-2.9	0.013226
-80	-2.8	0.016296
-80	-2.7	0.019488
-80	-2.6	0.02039
-80	-2.5	0.021481
-80	-2.4	0.021702
-80	-2.3	0.022114
-80	-2.2	0.024357
-80	-2.1	0.027483
-80	-2	0.029963
-80	-1.9	0.032452
-80	-1.8	0.032971
-80	-1.7	0.031065
-80	-1.6	0.027853
-80	-1.5	0.026791
-80	-1.4	0.027989
-80	-1.3	0.033342
-80	-1.2	0.041761
-80	-1.1	0.048211
-80	-1	0.054773
-80	-0.9	0.059968
-80	-0.8	0.059231
-80	-0.7	0.05562
-80	-0.6	0.048914
-80	-0.5	0.037255
-80	-0.4	0.028908
-80	-0.3	0.020203
-80	-0.2	0.016712
-80	-0.1	0.016318
-80	0	0.017774
-80	0.1	0.017256
-80	0.2	0.017155
-80	0.3	0.019562
-80	0.4	0.023552
-80	0.5	0.030657
-80	0.6	0.040108
-80	0.7	0.044932
-80	0.8	0.048686
-80	0.9	0.049786
-80	1	0.048264
-80	1.1	0.045644
-80	1.2	0.041341
-80	1.3	0.037654
-80	1.4	0.03536
-80	1.5	0.034031
-80	1.6	0.032661
-80	1.7	0.03144
-80	1.8	0.030875
-80	1.9	0.029767
-80	2	0.028817
-80	2.1	0.026927
-80	2.2	0.02612
-80	2.3	0.025212
-80	2.4	0.024363
-80	2.5	0.02279
-80	2.6	0.021365
-80	2.7	0.019974
-80	2.8	0.018406
-80	2.9	0.017021
-80	3	0.016325
-80	3.1	0.015289
-80	3.2	0.014752
-80	3.3	0.013572
-80	3.4	0.012264
-80	3.5	0.012262
-80	3.6	0.011416
-80	3.7	0.012019
-80	3.8	0.012188
-80	3.9	0.012877
-80	4	0.012586
-70	-4	0.010298
-70	-3.9	0.010709
-70	-3.8	0.010126
-70	-3.7	0.0094997
-70	-3.6	0.01009
-70	-3.5	0.010635
-70	-3.4	0.011292
-70	-3.3	0.011832
-70	-3.2	0.013076
-70	-3.1	0.012658
-70	-3	0.013726
-70	-2.9	0.014953
-70	-2.8	0.01771
-70	-2.7	0.019264
-70	-2.6	0.021322
-70	-2.5	0.022459
-70	-2.4	0.023427
-70	-2.3	0.025115
-70	-2.2	0.027141
-70	-2.1	0.028874
-70	-2	0.031505
-70	-1.9	0.033297
-70	-1.8	0.033754
-70	-1.7	0.032678
-70	-1.6	0.030231
-70	-1.5	0.029072
-70	-1.4	0.030089
-70	-1.3	0.03566
-70	-1.2	0.043214
-70	-1.1	0.049597
-70	-1	0.056099
-70	-0.9	0.06053
-70	-0.8	0.059232
-70	-0.7	0.054549
-70	-0.6	0.046307
-70	-0.5	0.036078
-70	-0.4	0.028271
-70	-0.3	0.019545
-70	-0.2	0.016972
-70	-0.1	0.017333
-70	0	0.018789
-70	0.1	0.019101
-70	0.2	0.019524
-70	0.3	0.022212
-70	0.4	0.028535
-70	0.5	0.036534
-70	0.6	0.041944
-70	0.7	0.049331
-70	0.8	0.051125
-70	0.9	0.052479
-70	1	0.050809
-70	1.1	0.047287
-70	1.2	0.043127
-70	1.3	0.040258
-70	1.4	0.037151
-70	1.5	0.03437
-70	1.6	0.033324
-70	1.7	0.031988
-70	1.8	0.030586
-70	1.9	0.029798
-70	2	0.028598
-70	2.1	0.027789
-70	2.2	0.026335
-70	2.3	0.025154
-70	2.4	0.024224
-70	2.5	0.022156
-70	2.6	0.020978
-70	2.7	0.018994
-70	2.8	0.017818
-70	2.9	0.016605
-70	3	0.015882
-70	3.1	0.015963
-70	3.2	0.014002
-70	3.3	0.01372
-70	3.4	0.012781
-70	3.5	0.011965
-70	3.6	0.010884
-70	3.7	0.011503
-70	3.8	0.012981
-70	3.9	0.012155
-70	4	0.012566
-60	-4	0.0093419
-60	-3.9	0.0096549
-60	-3.8	0.0096264
-60	-3.7	0.0099922
-60	-3.6	0.010982
-60	-3.5	0.01166
-60	-3.4	0.013291
-60	-3.3	0.01313
-60	-3.2	0.012857
-60	-3.1	0.013394
-60	-3	0.012719
-60	-2.9	0.014938
-60	-2.8	0.018757
-60	-2.7	0.022229
-60	-2.6	0.02416
-60	-2.5	0.02523
-60	-2.4	0.025776
-60	-2.3	0.026211
-60	-2.2	0.027549
-60	-2.1	0.030381
-60	-2	0.031795
-60	-1.9	0.033532
-60	-1.8	0.034019
-60	-1.7	0.032895
-60	-1.6	0.031888
-60	-1.5	0.031489
-60	-1.4	0.033037
-60	-1.3	0.038148
-60	-1.2	0.045
-60	-1.1	0.050253
-60	-1	0.056089
-60	-0.9	0.059735
-60	-0.8	0.057815
-60	-0.7	0.052746
-60	-0.6	0.045378
-60	-0.5	0.035363
-60	-0.4	0.026023
-60	-0.3	0.020145
-60	-0.2	0.017291
-60	-0.1	0.018034
-60	0	0.018379
-60	0.1	0.018603
-60	0.2	0.019587
-60	0.3	0.023471
-60	0.4	0.031607
-60	0.5	0.038414
-60	0.6	0.045666
-60	0.7	0.050778
-60	0.8	0.054752
-60	0.9	0.054942
-60	1	0.052775
-60	1.1	0.049898
-60	1.2	0.046652
-60	1.3	0.043233
-60	1.4	0.040217
-60	1.5	0.038102
-60	1.6	0.036482
-60	1.7	0.034926
-60	1.8	0.033447
-60	1.9	0.031764
-60	2	0.030428
-60	2.1	0.02834
-60	2.2	0.027078
-60	2.3	0.025169
-60	2.4	0.024165
-60	2.5	0.022667
-60	2.6	0.021204
-60	2.7	0.019179
-60	2.8	0.017362
-60	2.9	0.016454
-60	3	0.015035
-60	3.1	0.014151
-60	3.2	0.012384
-60	3.3	0.011874
-60	3.4	0.012158
-60	3.5	0.011128
-60	3.6	0.011177
-60	3.7	0.011704
-60	3.8	0.011296
-60	3.9	0.011621
-60	4	0.010609
-50	-4	0.0091884
-50	-3.9	0.008012
-50	-3.8	0.0081935
-50	-3.7	0.010571
-50	-3.6	0.010367
-50	-3.5	0.012266
-50	-3.4	0.012423
-50	-3.3	0.012378
-50	-3.2	0.011193
-50	-3.1	0.011141
-50	-3	0.013202
-50	-2.9	0.01724
-50	-2.8	0.019788
-50	-2.7	0.022799
-50	-2.6	0.024841
-50	-2.5	0.025746
-50	-2.4	0.025778
-50	-2.3	0.026635
-50	-2.2	0.028446
-50	-2.1	0.030117
-50	-2	0.032744
-50	-1.9	0.035025
-50	-1.8	0.035367
-50	-1.7	0.034101
-50	-1.6	0.032417
-50	-1.5	0.032052
-50	-1.4	0.034835
-50	-1.3	0.038834
-50	-1.2	0.045309
-50	-1.1	0.050705
-50	-1	0.056959
-50	-0.9	0.059063
-50	-0.8	0.057253
-50	-0.7	0.051458
-50	-0.6	0.043786
-50	-0.5	0.034328
-50	-0.4	0.026732
-50	-0.3	0.018959
-50	-0.2	0.01771
-50	-0.1	0.018473
-50	0	0.019675
-50	0.1	0.019922
-50	0.2	0.022075
-50	0.3	0.027573
-50	0.4	0.031797
-50	0.5	0.038754
-50	0.6	0.046164
-50	0.7	0.051619
-50	0.8	0.054826
-50	0.9	0.055408
-50	1	0.05363
-50	1.1	0.051549
-50	1.2	0.048293
-50	1.3	0.044499
-50	1.4	0.041711
-50	1.5	0.039393
-50	1.6	0.03738
-50	1.7	0.036052
-50	1.8	0.034108
-50	1.9	0.032617
-50	2	0.031073
-50	2.1	0.030212
-50	2.2	0.028987
-50	2.3	0.028142
-50	2.4	0.025404
-50	2.5	0.02393
-50	2.6	0.021727
-50	2.7	0.02008
-50	2.8	0.018095
-50	2.9	0.016659
-50	3	0.016024
-50	3.1	0.015272
-50	3.2	0.014922
-50	3.3	0.013812
-50	3.4	0.013684
-50	3.5	0.013003
-50	3.6	0.012274
-50	3.7	0.012215
-50	3.8	0.012545
-50	3.9	0.011834
-50	4	0.011859
-40	-4	0.010245
-40	-3.9	0.0094365
-40	-3.8	0.0088241
-40	-3.7	0.0098734
-40	-3.6	0.011682
-40	-3.5	0.012897
-40	-3.4	0.013977
-40	-3.3	0.01382
-40	-3.2	0.012408
-40	-3.1	0.011901
-40	-3	0.01368
-40	-2.9	0.017029
-40	-2.8	0.021134
-40	-2.7	0.024767
-40	-2.6	0.027189
-40	-2.5	0.027365
-40	-2.4	0.026758
-40	-2.3	0.026891
-40	-2.2	0.026868
-40	-2.1	0.028449
-40	-2	0.030814
-40	-1.9	0.03345
-40	-1.8	0.034988
-40	-1.7	0.033743
-40	-1.6	0.032405
-40	-1.5	0.031178
-40	-1.4	0.031257
-40	-1.3	0.034823
-40	-1.2	0.041083
-40	-1.1	0.04802
-40	-1	0.055348
-40	-0.9	0.057731
-40	-0.8	0.057962
-40	-0.7	0.0541
-40	-0.6	0.044244
-40	-0.5	0.0356
-40	-0.4	0.026976
-40	-0.3	0.021583
-40	-0.2	0.017566
-40	-0.1	0.018717
-40	0	0.020469
-40	0.1	0.021735
-40	0.2	0.02346
-40	0.3	0.028013
-40	0.4	0.03355
-40	0.5	0.040829
-40	0.6	0.049915
-40	0.7	0.054206
-40	0.8	0.057697
-40	0.9	0.057993
-40	1	0.056392
-40	1.1	0.053095
-40	1.2	0.04825
-40	1.3	0.044067
-40	1.4	0.04159
-40	1.5	0.038889
-40	1.6	0.036843
-40	1.7	0.03589
-40	1.8	0.034547
-40	1.9	0.032527
-40	2	0.03009
-40	2.1	0.028625
-40	2.2	0.027003
-40	2.3	0.025145
-40	2.4	0.024034
-40	2.5	0.023541
-40	2.6	0.021721
-40	2.7	0.018417
-40	2.8	0.01766
-40	2.9	0.01564
-40	3	0.013636
-40	3.1	0.013193
-40	3.2	0.013455
-40	3.3	0.013681
-40	3.4	0.014059
-40	3.5	0.013629
-40	3.6	0.013447
-40	3.7	0.012492
-40	3.8	0.012158
-40	3.9	0.010103
-40	4	0.010911
-30	-4	0.0092112
-30	-3.9	0.0089134
-30	-3.8	0.0092794
-30	-3.7	0.0101
-30	-3.6	0.011599
-30	-3.5	0.012007
-30	-3.4	0.012596
-30	-3.3	0.012397
-30	-3.2	0.0116
-30	-3.1	0.012536
-30	-3	0.014692
-30	-2.9	0.018167
-30	-2.8	0.021996
-30	-2.7	0.024168
-30	-2.6	0.025062
-30	-2.5	0.024995
-30	-2.4	0.025306
-30	-2.3	0.026133
-30	-2.2	0.028628
-30	-2.1	0.031402
-30	-2	0.034481
-30	-1.9	0.035644
-30	-1.8	0.035487
-30	-1.7	0.0339
-30	-1.6	0.032247
-30	-1.5	0.031534
-30	-1.4	0.033682
-30	-1.3	0.037119
-30	-1.2	0.043711
-30	-1.1	0.05239
-30	-1	0.055908
-30	-0.9	0.057917
-30	-0.8	0.055948
-30	-0.7	0.049388
-30	-0.6	0.043162
-30	-0.5	0.033044
-30	-0.4	0.025233
-30	-0.3	0.020278
-30	-0.2	0.019305
-30	-0.1	0.019579
-30	0	0.020752
-30	0.1	0.021322
-30	0.2	0.025342
-30	0.3	0.029559
-30	0.4	0.037359
-30	0.5	0.044751
-30	0.6	0.050178
-30	0.7	0.054279
-30	0.8	0.056297
-30	0.9	0.056065
-30	1	0.053534
-30	1.1	0.051146
-30	1.2	0.048196
-30	1.3	0.04465
-30	1.4	0.041918
-30	1.5	0.040041
-30	1.6	0.039187
-30	1.7	0.036496
-30	1.8	0.034871
-30	1.9	0.032847
-30	2	0.031262
-30	2.1	0.029976
-30	2.2	0.029041
-30	2.3	0.027996
-30	2.4	0.026983
-30	2.5	0.025375
-30	2.6	0.022004
-30	2.7	0.020361
-30	2.8	0.019438
-30	2.9	0.017378
-30	3	0.016366
-30	3.1	0.015494
-30	3.2	0.015405
-30	3.3	0.015326
-30	3.4	0.015435
-30	3.5	0.014473
-30	3.6	0.013987
-30	3.7	0.013447
-30	3.8	0.013244
-30	3.9	0.012244
-30	4	0.011501
-20	-4	0.010836
-20	-3.9	0.010293
-20	-3.8	0.010657
-20	-3.7	0.010449
-20	-3.6	0.011685
-20	-3.5	0.011907
-20	-3.4	0.013679
-20	-3.3	0.014535
-20	-3.2	0.01476
-20	-3.1	0.015034
-20	-3	0.016926
-20	-2.9	0.01913
-20	-2.8	0.020674
-20	-2.7	0.023378
-20	-2.6	0.024498
-20	-2.5	0.026012
-20	-2.4	0.027339
-20	-2.3	0.028242
-20	-2.2	0.0294
-20	-2.1	0.031241
-20	-2	0.031944
-20	-1.9	0.032511
-20	-1.8	0.032106
-20	-1.7	0.031313
-20	-1.6	0.031189
-20	-1.5	0.031556
-20	-1.4	0.033464
-20	-1.3	0.037645
-20	-1.2	0.041088
-20	-1.1	0.046812
-20	-1	0.051284
-20	-0.9	0.053166
-20	-0.8	0.051981
-20	-0.7	0.049761
-20	-0.6	0.044014
-20	-0.5	0.035621
-20	-0.4	0.029827
-20	-0.3	0.023788
-20	-0.2	0.019767
-20	-0.1	0.019278
-20	0	0.02032
-20	0.1	0.020819
-20	0.2	0.023011
-20	0.3	0.026957
-20	0.4	0.032025
-20	0.5	0.039283
-20	0.6	0.047786
-20	0.7	0.053954
-20	0.8	0.057895
-20	0.9	0.059429
-20	1	0.059068
-20	1.1	0.056522
-20	1.2	0.051589
-20	1.3	0.048755
-20	1.4	0.044672
-20	1.5	0.042653
-20	1.6	0.040075
-20	1.7	0.038568
-20	1.8	0.037048
-20	1.9	0.035693
-20	2	0.034671
-20	2.1	0.033004
-20	2.2	0.031336
-20	2.3	0.028195
-20	2.4	0.026047
-20	2.5	0.02309
-20	2.6	0.02143
-20	2.7	0.019922
-20	2.8	0.018566
-20	2.9	0.017165
-20	3	0.016414
-20	3.1	0.015702
-20	3.2	0.014629
-20	3.3	0.013205
-20	3.4	0.011954
-20	3.5	0.011499
-20	3.6	0.010356
-20	3.7	0.01116
-20	3.8	0.011328
-20	3.9	0.010853
-20	4	0.011526
-10	-4	0.0097217
-10	-3.9	0.010446
-10	-3.8	0.0093626
-10	-3.7	0.010207
-10	-3.6	0.012171
-10	-3.5	0.01256
-10	-3.4	0.01307
-10	-3.3	0.014335
-10	-3.2	0.013441
-10	-3.1	0.014584
-10	-3	0.01686
-10	-2.9	0.018429
-10	-2.8	0.021646
-10	-2.7	0.023444
-10	-2.6	0.024899
-10	-2.5	0.026002
-10	-2.4	0.026229
-10	-2.3	0.026621
-10	-2.2	0.028405
-10	-2.1	0.030418
-10	-2	0.031614
-10	-1.9	0.033912
-10	-1.8	0.034437
-10	-1.7	0.032947
-10	-1.6	0.030595
-10	-1.5	0.028245
-10	-1.4	0.030023
-10	-1.3	0.035192
-10	-1.2	0.041621
-10	-1.1	0.047168
-10	-1	0.052821
-10	-0.9	0.055322
-10	-0.8	0.054527
-10	-0.7	0.049382
-10	-0.6	0.042005
-10	-0.5	0.034022
-10	-0.4	0.026618
-10	-0.3	0.021555
-10	-0.2	0.019281
-10	-0.1	0.019842
-10	0	0.021898
-10	0.1	0.022442
-10	0.2	0.024853
-10	0.3	0.028744
-10	0.4	0.035132
-10	0.5	0.041869
-10	0.6	0.048958
-10	0.7	0.053972
-10	0.8	0.057101
-10	0.9	0.05787
-10	1	0.057057
-10	1.1	0.053269
-10	1.2	0.050619
-10	1.3	0.045777
-10	1.4	0.042583
-10	1.5	0.039537
-10	1.6	0.037702
-10	1.7	0.036195
-10	1.8	0.03515
-10	1.9	0.033749
-10	2	0.033175
-10	2.1	0.031706
-10	2.2	0.030472
-10	2.3	0.027894
-10	2.4	0.026495
-10	2.5	0.024083
-10	2.6	0.023182
-10	2.7	0.02124
-10	2.8	0.020782
-10	2.9	0.019851
-10	3	0.018192
-10	3.1	0.017417
-10	3.2	0.015715
-10	3.3	0.014317
-10	3.4	0.013372
-10	3.5	0.012338
-10	3.6	0.013001
-10	3.7	0.012741
-10	3.8	0.013164
-10	3.9	0.012502
-10	4	0.012159
0	-4	0.010434
0	-3.9	0.010635
0	-3.8	0.0085789
0	-3.7	0.0101
0	-3.6	0.011084
0	-3.5	0.012427
0	-3.4	0.012848
0	-3.3	0.013654
0	-3.2	0.013336
0	-3.1	0.01333
0	-3	0.014789
0	-2.9	0.016619
0	-2.8	0.019649
0	-2.7	0.022033
0	-2.6	0.024186
0	-2.5	0.026045
0	-2.4	0.026065
0	-2.3	0.027403
0	-2.2	0.028202
0	-2.1	0.029062
0	-2	0.031646
0	-1.9	0.032983
0	-1.8	0.033804
0	-1.7	0.03315
0	-1.6	0.031579
0	-1.5	0.030081
0	-1.4	0.030887
0	-1.3	0.034005
0	-1.2	0.038082
0	-1.1	0.046409
0	-1	0.050908
0	-0.9	0.053849
0	-0.8	0.053871
0	-0.7	0.050272
0	-0.6	0.045279
0	-0.5	0.036264
0	-0.4	0.028865
0	-0.3	0.023505
0	-0.2	0.019004
0	-0.1	0.018255
0	0	0.019469
0	0.1	0.020012
0	0.2	0.022134
0	0.3	0.025106
0	0.4	0.032594
0	0.5	0.040886
0	0.6	0.045387
0	0.7	0.053507
0	0.8	0.05656
0	0.9	0.057438
0	1	0.056347
0	1.1	0.053667
0	1.2	0.051061
0	1.3	0.046889
0	1.4	0.044608
0	1.5	0.042357
0	1.6	0.040185
0	1.7	0.038332
0	1.8	0.036658
0	1.9	0.034808
0	2	0.033489
0	2.1	0.031511
0	2.2	0.029959
0	2.3	0.028598
0	2.4	0.027007
0	2.5	0.025077
0	2.6	0.023118
0	2.7	0.020799
0	2.8	0.019353
0	2.9	0.017905
0	3	0.01669
0	3.1	0.016077
0	3.2	0.014783
0	3.3	0.014057
0	3.4	0.013436
0	3.5	0.012775
0	3.6	0.011848
0	3.7	0.011882
0	3.8	0.011423
0	3.9	0.01173
0	4	0.01159
10	-4	0.010948
10	-3.9	0.009385
10	-3.8	0.0090822
10	-3.7	0.010211
10	-3.6	0.01184
10	-3.5	0.013883
10	-3.4	0.014174
10	-3.3	0.014115
10	-3.2	0.012563
10	-3.1	0.01193
10	-3	0.013515
10	-2.9	0.016017
10	-2.8	0.019393
10	-2.7	0.023495
10	-2.6	0.025669
10	-2.5	0.027457
10	-2.4	0.027164
10	-2.3	0.026999
10	-2.2	0.026363
10	-2.1	0.027529
10	-2	0.029516
10	-1.9	0.032005
10	-1.8	0.033554
10	-1.7	0.03235
10	-1.6	0.030196
10	-1.5	0.027271
10	-1.4	0.026634
10	-1.3	0.031122
10	-1.2	0.036076
10	-1.1	0.042582
10	-1	0.049374
10	-0.9	0.052752
10	-0.8	0.054363
10	-0.7	0.051896
10	-0.6	0.045945
10	-0.5	0.037888
10	-0.4	0.030039
10	-0.3	0.024203
10	-0.2	0.019615
10	-0.1	0.018896
10	0	0.020435
10	0.1	0.021313
10	0.2	0.022378
10	0.3	0.024712
10	0.4	0.030111
10	0.5	0.038549
10	0.6	0.045027
10	0.7	0.049305
10	0.8	0.053455
10	0.9	0.055082
10	1	0.054646
10	1.1	0.051844
10	1.2	0.048743
10	1.3	0.04514
10	1.4	0.042392
10	1.5	0.03938
10	1.6	0.038443
10	1.7	0.036841
10	1.8	0.035601
10	1.9	0.03457
10	2	0.033554
10	2.1	0.031817
10	2.2	0.030497
10	2.3	0.02893
10	2.4	0.027286
10	2.5	0.025005
10	2.6	0.023457
10	2.7	0.022389
10	2.8	0.02024
10	2.9	0.018786
10	3	0.01771
10	3.1	0.016145
10	3.2	0.015326
10	3.3	0.014326
10	3.4	0.014138
10	3.5	0.013191
10	3.6	0.013161
10	3.7	0.012167
10	3.8	0.012124
10	3.9	0.012167
10	4	0.011482
20	-4	0.0096046
20	-3.9	0.0097532
20	-3.8	0.0098028
20	-3.7	0.0093919
20	-3.6	0.0091124
20	-3.5	0.01164
20	-3.4	0.011263
20	-3.3	0.011637
20	-3.2	0.011799
20	-3.1	0.012144
20	-3	0.011898
20	-2.9	0.012926
20	-2.8	0.015738
20	-2.7	0.019174
20	-2.6	0.021917
20	-2.5	0.024592
20	-2.4	0.025653
20	-2.3	0.026194
20	-2.2	0.026054
20	-2.1	0.025779
20	-2	0.026389
20	-1.9	0.028278
20	-1.8	0.029825
20	-1.7	0.031202
20	-1.6	0.030666
20	-1.5	0.029194
20	-1.4	0.027372
20	-1.3	0.028088
20	-1.2	0.032414
20	-1.1	0.039761
20	-1	0.044684
20	-0.9	0.051045
20	-0.8	0.054897
20	-0.7	0.053817
20	-0.6	0.049321
20	-0.5	0.043972
20	-0.4	0.033436
20	-0.3	0.02616
20	-0.2	0.021891
20	-0.1	0.018341
20	0	0.018269
20	0.1	0.019265
20	0.2	0.01975
20	0.3	0.02198
20	0.4	0.027658
20	0.5	0.034662
20	0.6	0.040422
20	0.7	0.04769
20	0.8	0.053217
20	0.9	0.055178
20	1	0.054602
20	1.1	0.051491
20	1.2	0.047325
20	1.3	0.044206
20	1.4	0.040838
20	1.5	0.039224
20	1.6	0.037917
20	1.7	0.036514
20	1.8	0.035461
20	1.9	0.034325
20	2	0.032083
20	2.1	0.03026
20	2.2	0.028417
20	2.3	0.027761
20	2.4	0.026639
20	2.5	0.025123
20	2.6	0.024231
20	2.7	0.022023
20	2.8	0.019872
20	2.9	0.01733
20	3	0.014836
20	3.1	0.014255
20	3.2	0.013576
20	3.3	0.013455
20	3.4	0.013911
20	3.5	0.013551
20	3.6	0.013427
20	3.7	0.011909
20	3.8	0.011668
20	3.9	0.011346
20	4	0.011202
30	-4	0.010949
30	-3.9	0.0094605
30	-3.8	0.0099028
30	-3.7	0.009302
30	-3.6	0.0097681
30	-3.5	0.010472
30	-3.4	0.010802
30	-3.3	0.011893
30	-3.2	0.011491
30	-3.1	0.012078
30	-3	0.012356
30	-2.9	0.013492
30	-2.8	0.016924
30	-2.7	0.01895
30	-2.6	0.02145
30	-2.5	0.023051
30	-2.4	0.023982
30	-2.3	0.023965
30	-2.2	0.025527
30	-2.1	0.026822
30	-2	0.029348
30	-1.9	0.03115
30	-1.8	0.032549
30	-1.7	0.031831
30	-1.6	0.029365
30	-1.5	0.026716
30	-1.4	0.02494
30	-1.3	0.026779
30	-1.2	0.032895
30	-1.1	0.037943
30	-1	0.04491
30	-0.9	0.051103
30	-0.8	0.054024
30	-0.7	0.052858
30	-0.6	0.048036
30	-0.5	0.041543
30	-0.4	0.034462
30	-0.3	0.028212
30	-0.2	0.022229
30	-0.1	0.019255
30	0	0.018863
30	0.1	0.019176
30	0.2	0.019421
30	0.3	0.021242
30	0.4	0.025755
30	0.5	0.031875
30	0.6	0.036727
30	0.7	0.043291
30	0.8	0.046747
30	0.9	0.050066
30	1	0.050617
30	1.1	0.048993
30	1.2	0.046166
30	1.3	0.04278
30	1.4	0.039982
30	1.5	0.037341
30	1.6	0.035974
30	1.7	0.035631
30	1.8	0.034933
30	1.9	0.034569
30	2	0.034032
30	2.1	0.033595
30	2.2	0.031893
30	2.3	0.030191
30	2.4	0.028284
30	2.5	0.026341
30	2.6	0.023655
30	2.7	0.022533
30	2.8	0.020072
30	2.9	0.01851
30	3	0.017514
30	3.1	0.016195
30	3.2	0.015728
30	3.3	0.014387
30	3.4	0.014303
30	3.5	0.013195
30	3.6	0.012816
30	3.7	0.012786
30	3.8	0.01345
30	3.9	0.0124
30	4	0.011683
40	-4	0.01013
40	-3.9	0.01085
40	-3.8	0.0088971
40	-3.7	0.0091443
40	-3.6	0.008857
40	-3.5	0.010191
40	-3.4	0.010427
40	-3.3	0.011618
40	-3.2	0.01193
40	-3.1	0.011898
40	-3	0.01154
40	-2.9	0.01215
40	-2.8	0.014717
40	-2.7	0.017882
40	-2.6	0.019909
40	-2.5	0.021825
40	-2.4	0.023375
40	-2.3	0.023691
40	-2.2	0.023749
40	-2.1	0.026019
40	-2	0.027408
40	-1.9	0.02913
40	-1.8	0.030714
40	-1.7	0.030481
40	-1.6	0.029385
40	-1.5	0.026182
40	-1.4	0.024474
40	-1.3	0.024327
40	-1.2	0.029943
40	-1.1	0.035802
40	-1	0.04167
40	-0.9	0.050486
40	-0.8	0.053794
40	-0.7	0.053733
40	-0.6	0.050253
40	-0.5	0.044842
40	-0.4	0.035939
40	-0.3	0.028224
40	-0.2	0.021065
40	-0.1	0.018028
40	0	0.01778
40	0.1	0.01768
40	0.2	0.01734
40	0.3	0.018383
40	0.4	0.021558
40	0.5	0.025887
40	0.6	0.03467
40	0.7	0.041275
40	0.8	0.046543
40	0.9	0.049011
40	1	0.049418
40	1.1	0.047972
40	1.2	0.043521
40	1.3	0.040109
40	1.4	0.037127
40	1.5	0.034797
40	1.6	0.03427
40	1.7	0.034083
40	1.8	0.033939
40	1.9	0.033594
40	2	0.032693
40	2.1	0.031874
40	2.2	0.030005
40	2.3	0.028583
40	2.4	0.026712
40	2.5	0.024556
40	2.6	0.022801
40	2.7	0.021179
40	2.8	0.020003
40	2.9	0.018288
40	3	0.016627
40	3.1	0.015327
40	3.2	0.01431
40	3.3	0.013626
40	3.4	0.012613
40	3.5	0.01241
40	3.6	0.011894
40	3.7	0.011976
40	3.8	0.01184
40	3.9	0.012048
40	4	0.011826
50	-4	0.010138
50	-3.9	0.010435
50	-3.8	0.010511
50	-3.7	0.01089
50	-3.6	0.0095303
50	-3.5	0.011212
50	-3.4	0.010595
50	-3.3	0.011157
50	-3.2	0.011833
50	-3.1	0.012523
50	-3	0.012889
50	-2.9	0.013603
50	-2.8	0.014639
50	-2.7	0.015024
50	-2.6	0.017214
50	-2.5	0.01904
50	-2.4	0.020471
50	-2.3	0.022391
50	-2.2	0.023268
50	-2.1	0.023869
50	-2	0.025815
50	-1.9	0.027019
50	-1.8	0.028565
50	-1.7	0.028403
50	-1.6	0.027011
50	-1.5	0.023583
50	-1.4	0.022176
50	-1.3	0.021537
50	-1.2	0.024575
50	-1.1	0.02993
50	-1	0.037271
50	-0.9	0.044575
50	-0.8	0.05129
50	-0.7	0.053168
50	-0.6	0.05192
50	-0.5	0.0467
50	-0.4	0.039857
50	-0.3	0.034177
50	-0.2	0.024521
50	-0.1	0.019781
50	0	0.01718
50	0.1	0.017391
50	0.2	0.017275
50	0.3	0.016807
50	0.4	0.017237
50	0.5	0.023019
50	0.6	0.027402
50	0.7	0.03419
50	0.8	0.041651
50	0.9	0.04656
50	1	0.047964
50	1.1	0.047014
50	1.2	0.044496
50	1.3	0.040613
50	1.4	0.034876
50	1.5	0.03276
50	1.6	0.031471
50	1.7	0.031951
50	1.8	0.033129
50	1.9	0.033786
50	2	0.033493
50	2.1	0.031712
50	2.2	0.029768
50	2.3	0.027001
50	2.4	0.024468
50	2.5	0.022903
50	2.6	0.021301
50	2.7	0.02095
50	2.8	0.019774
50	2.9	0.017662
50	3	0.016731
50	3.1	0.014188
50	3.2	0.013186
50	3.3	0.012593
50	3.4	0.012246
50	3.5	0.012084
50	3.6	0.012261
50	3.7	0.011296
50	3.8	0.010962
50	3.9	0.011245
50	4	0.011582
60	-4	0.0097797
60	-3.9	0.0101
60	-3.8	0.010386
60	-3.7	0.010443
60	-3.6	0.010245
60	-3.5	0.010224
60	-3.4	0.010477
60	-3.3	0.011873
60	-3.2	0.012376
60	-3.1	0.0123
60	-3	0.012531
60	-2.9	0.012128
60	-2.8	0.013214
60	-2.7	0.015635
60	-2.6	0.018179
60	-2.5	0.019979
60	-2.4	0.020966
60	-2.3	0.021929
60	-2.2	0.022833
60	-2.1	0.023325
60	-2	0.026139
60	-1.9	0.027273
60	-1.8	0.029556
60	-1.7	0.030129
60	-1.6	0.028758
60	-1.5	0.026712
60	-1.4	0.023052
60	-1.3	0.021338
60	-1.2	0.023665
60	-1.1	0.028744
60	-1	0.03538
60	-0.9	0.044464
60	-0.8	0.050667
60	-0.7	0.052726
60	-0.6	0.051427
60	-0.5	0.046763
60	-0.4	0.041339
60	-0.3	0.032245
60	-0.2	0.026721
60	-0.1	0.021056
60	0	0.017348
60	0.1	0.016724
60	0.2	0.016947
60	0.3	0.015822
60	0.4	0.016428
60	0.5	0.019755
60	0.6	0.025729
60	0.7	0.032636
60	0.8	0.038525
60	0.9	0.04329
60	1	0.044455
60	1.1	0.043825
60	1.2	0.041416
60	1.3	0.038087
60	1.4	0.034075
60	1.5	0.031182
60	1.6	0.029726
60	1.7	0.02958
60	1.8	0.030185
60	1.9	0.030645
60	2	0.031323
60	2.1	0.030746
60	2.2	0.029702
60	2.3	0.027926
60	2.4	0.025789
60	2.5	0.023764
60	2.6	0.0216
60	2.7	0.019977
60	2.8	0.017969
60	2.9	0.01693
60	3	0.014439
60	3.1	0.01425
60	3.2	0.013084
60	3.3	0.013146
60	3.4	0.011737
60	3.5	0.01158
60	3.6	0.010548
60	3.7	0.01035
60	3.8	0.010248
60	3.9	0.010183
60	4	0.010884
70	-4	0.011329
70	-3.9	0.0094091
70	-3.8	0.010237
70	-3.7	0.0102
70	-3.6	0.010423
70	-3.5	0.011585
70	-3.4	0.01318
70	-3.3	0.014441
70	-3.2	0.014381
70	-3.1	0.013264
70	-3	0.011465
70	-2.9	0.011249
70	-2.8	0.012275
70	-2.7	0.015391
70	-2.6	0.017283
70	-2.5	0.018787
70	-2.4	0.019376
70	-2.3	0.02041
70	-2.2	0.021567
70	-2.1	0.022963
70	-2	0.02526
70	-1.9	0.027636
70	-1.8	0.028853
70	-1.7	0.030314
70	-1.6	0.029168
70	-1.5	0.026674
70	-1.4	0.023234
70	-1.3	0.020346
70	-1.2	0.021698
70	-1.1	0.025475
70	-1	0.032892
70	-0.9	0.042375
70	-0.8	0.047976
70	-0.7	0.051412
70	-0.6	0.051295
70	-0.5	0.046382
70	-0.4	0.041594
70	-0.3	0.03417
70	-0.2	0.027631
70	-0.1	0.021166
70	0	0.01722
70	0.1	0.016528
70	0.2	0.016478
70	0.3	0.015504
70	0.4	0.01432
70	0.5	0.017392
70	0.6	0.021056
70	0.7	0.027553
70	0.8	0.033219
70	0.9	0.038518
70	1	0.040518
70	1.1	0.041443
70	1.2	0.039061
70	1.3	0.036262
70	1.4	0.032126
70	1.5	0.029609
70	1.6	0.028439
70	1.7	0.028756
70	1.8	0.030053
70	1.9	0.031373
70	2	0.031276
70	2.1	0.030864
70	2.2	0.029902
70	2.3	0.027201
70	2.4	0.025504
70	2.5	0.022934
70	2.6	0.02162
70	2.7	0.020339
70	2.8	0.018943
70	2.9	0.017372
70	3	0.015561
70	3.1	0.013933
70	3.2	0.012207
70	3.3	0.011833
70	3.4	0.011253
70	3.5	0.011878
70	3.6	0.012233
70	3.7	0.01243
70	3.8	0.012404
70	3.9	0.012794
70	4	0.010992
80	-4	0.010418
80	-3.9	0.010127
80	-3.8	0.0095048
80	-3.7	0.0098044
80	-3.6	0.010364
80	-3.5	0.011142
80	-3.4	0.012042
80	-3.3	0.012852
80	-3.2	0.012784
80	-3.1	0.013483
80	-3	0.011755
80	-2.9	0.011026
80	-2.8	0.010835
80	-2.7	0.011604
80	-2.6	0.01519
80	-2.5	0.01781
80	-2.4	0.018563
80	-2.3	0.019109
80	-2.2	0.019601
80	-2.1	0.021289
80	-2	0.023296
80	-1.9	0.025815
80	-1.8	0.029468
80	-1.7	0.031402
80	-1.6	0.03136
80	-1.5	0.028215
80	-1.4	0.024612
80	-1.3	0.020339
80	-1.2	0.020867
80	-1.1	0.023296
80	-1	0.031414
80	-0.9	0.039795
80	-0.8	0.047029
80	-0.7	0.051202
80	-0.6	0.050971
80	-0.5	0.048106
80	-0.4	0.042005
80	-0.3	0.03355
80	-0.2	0.025425
80	-0.1	0.019585
80	0	0.01706
80	0.1	0.01602
80	0.2	0.015398
80	0.3	0.014319
80	0.4	0.013943
80	0.5	0.016829
80	0.6	0.022563
80	0.7	0.028032
80	0.8	0.033218
80	0.9	0.036955
80	1	0.038421
80	1.1	0.037521
80	1.2	0.033954
80	1.3	0.030607
80	1.4	0.027876
80	1.5	0.02646
80	1.6	0.026355
80	1.7	0.026858
80	1.8	0.026759
80	1.9	0.027022
80	2	0.026866
80	2.1	0.025891
80	2.2	0.025666
80	2.3	0.025465
80	2.4	0.024965
80	2.5	0.023825
80	2.6	0.021973
80	2.7	0.020209
80	2.8	0.018156
80	2.9	0.014905
80	3	0.012813
80	3.1	0.012209
80	3.2	0.011683
80	3.3	0.011619
80	3.4	0.010721
80	3.5	0.011873
80	3.6	0.011272
80	3.7	0.011039
80	3.8	0.011855
80	3.9	0.011349
80	4	0.01207
90	-4	0.012701
90	-3.9	0.012575
90	-3.8	0.011496
90	-3.7	0.011509
90	-3.6	0.01212
90	-3.5	0.01226
90	-3.4	0.013686
90	-3.3	0.014925
90	-3.2	0.015542
90	-3.1	0.015539
90	-3	0.014083
90	-2.9	0.013235
90	-2.8	0.011632
90	-2.7	0.012677
90	-2.6	0.01459
90	-2.5	0.017104
90	-2.4	0.019059
90	-2.3	0.019829
90	-2.2	0.019865
90	-2.1	0.021838
90	-2	0.024476
90	-1.9	0.028448
90	-1.8	0.031121
90	-1.7	0.032817
90	-1.6	0.032376
90	-1.5	0.029066
90	-1.4	0.02533
90	-1.3	0.019126
90	-1.2	0.01798
90	-1.1	0.021397
90	-1	0.028822
90	-0.9	0.035354
90	-0.8	0.042011
90	-0.7	0.047193
90	-0.6	0.048333
90	-0.5	0.045447
90	-0.4	0.040617
90	-0.3	0.033854
90	-0.2	0.027687
90	-0.1	0.022261
90	0	0.017825
90	0.1	0.015834
90	0.2	0.015739
90	0.3	0.015161
90	0.4	0.014092
90	0.5	0.015187
90	0.6	0.02047
90	0.7	0.025653
90	0.8	0.029046
90	0.9	0.034356
90	1	0.03682
90	1.1	0.036779
90	1.2	0.035664
90	1.3	0.031493
90	1.4	0.029325
90	1.5	0.025443
90	1.6	0.023993
90	1.7	0.023398
90	1.8	0.024512
90	1.9	0.026274
90	2	0.027143
90	2.1	0.02701
90	2.2	0.026819
90	2.3	0.02533
90	2.4	0.023242
90	2.5	0.020989
90	2.6	0.018943
90	2.7	0.017484
90	2.8	0.015837
90	2.9	0.013905
90	3	0.012902
90	3.1	0.012363
90	3.2	0.01109
90	3.3	0.01063
90	3.4	0.011183
90	3.5	0.011083
90	3.6	0.010902
90	3.7	0.011852
90	3.8	0.010787
90	3.9	0.011167
90	4	0.010992
100	-4	0.011369
100	-3.9	0.01174
100	-3.8	0.010392
100	-3.7	0.010512
100	-3.6	0.010647
100	-3.5	0.011163
100	-3.4	0.012725
100	-3.3	0.013688
100	-3.2	0.013591
100	-3.1	0.013023
100	-3	0.012497
100	-2.9	0.011341
100	-2.8	0.011489
100	-2.7	0.011674
100	-2.6	0.012683
100	-2.5	0.013794
100	-2.4	0.01437
100	-2.3	0.015796
100	-2.2	0.017923
100	-2.1	0.021076
100	-2	0.025758
100	-1.9	0.029563
100	-1.8	0.033625
100	-1.7	0.035755
100	-1.6	0.03526
100	-1.5	0.032146
100	-1.4	0.027287
100	-1.3	0.021865
100	-1.2	0.020018
100	-1.1	0.022863
100	-1	0.028655
100	-0.9	0.034077
100	-0.8	0.042208
100	-0.7	0.046392
100	-0.6	0.047568
100	-0.5	0.045031
100	-0.4	0.039265
100	-0.3	0.032252
100	-0.2	0.024912
100	-0.1	0.020383
100	0	0.017355
100	0.1	0.016786
100	0.2	0.016384
100	0.3	0.015021
100	0.4	0.013788
100	0.5	0.014519
100	0.6	0.018902
100	0.7	0.025011
100	0.8	0.029937
100	0.9	0.035251
100	1	0.036674
100	1.1	0.036109
100	1.2	0.033051
100	1.3	0.030181
100	1.4	0.026541
100	1.5	0.024623
100	1.6	0.023751
100	1.7	0.024526
100	1.8	0.025551
100	1.9	0.026541
100	2	0.026213
100	2.1	0.026205
100	2.2	0.025935
100	2.3	0.025197
100	2.4	0.024336
100	2.5	0.022828
100	2.6	0.021442
100	2.7	0.0183
100	2.8	0.015452
100	2.9	0.013128
100	3	0.011304
100	3.1	0.011009
100	3.2	0.010452
100	3.3	0.010722
100	3.4	0.010715
100	3.5	0.010877
100	3.6	0.010662
100	3.7	0.010621
100	3.8	0.010208
100	3.9	0.010466
100	4	0.011444
110	-4	0.015004
110	-3.9	0.015545
110	-3.8	0.0148
110	-3.7	0.014086
110	-3.6	0.012962
110	-3.5	0.01325
110	-3.4	0.014939
110	-3.3	0.016801
110	-3.2	0.018304
110	-3.1	0.01816
110	-3	0.016814
110	-2.9	0.013459
110	-2.8	0.011292
110	-2.7	0.011248
110	-2.6	0.014024
110	-2.5	0.015652
110	-2.4	0.017378
110	-2.3	0.018566
110	-2.2	0.019616
110	-2.1	0.021792
110	-2	0.02621
110	-1.9	0.030157
110	-1.8	0.035605
110	-1.7	0.037453
110	-1.6	0.037051
110	-1.5	0.033621
110	-1.4	0.02871
110	-1.3	0.021151
110	-1.2	0.017096
110	-1.1	0.018608
110	-1	0.023563
110	-0.9	0.031828
110	-0.8	0.038263
110	-0.7	0.043628
110	-0.6	0.045819
110	-0.5	0.044152
110	-0.4	0.039574
110	-0.3	0.033673
110	-0.2	0.028295
110	-0.1	0.021299
110	0	0.017876
110	0.1	0.016074
110	0.2	0.015695
110	0.3	0.0155
110	0.4	0.01368
110	0.5	0.014745
110	0.6	0.019549
110	0.7	0.023421
110	0.8	0.028372
110	0.9	0.031967
110	1	0.034824
110	1.1	0.035433
110	1.2	0.034185
110	1.3	0.030214
110	1.4	0.026785
110	1.5	0.023992
110	1.6	0.021936
110	1.7	0.021552
110	1.8	0.021989
110	1.9	0.023917
110	2	0.026166
110	2.1	0.027707
110	2.2	0.027477
110	2.3	0.026119
110	2.4	0.023357
110	2.5	0.020103
110	2.6	0.018157
110	2.7	0.016053
110	2.8	0.013939
110	2.9	0.013139
110	3	0.01225
110	3.1	0.012042
110	3.2	0.012066
110	3.3	0.0098209
110	3.4	0.010644
110	3.5	0.010682
110	3.6	0.010692
110	3.7	0.011624
110	3.8	0.012217
110	3.9	0.012917
110	4	0.012823
120	-4	0.012119
120	-3.9	0.01306
120	-3.8	0.012763
120	-3.7	0.012806
120	-3.6	0.013257
120	-3.5	0.01349
120	-3.4	0.015216
120	-3.3	0.01541
120	-3.2	0.015569
120	-3.1	0.015801
120	-3	0.015041
120	-2.9	0.013931
120	-2.8	0.012968
120	-2.7	0.010545
120	-2.6	0.010774
120	-2.5	0.011599
120	-2.4	0.01361
120	-2.3	0.016005
120	-2.2	0.017809
120	-2.1	0.02207
120	-2	0.026828
120	-1.9	0.032205
120	-1.8	0.035848
120	-1.7	0.039364
120	-1.6	0.039432
120	-1.5	0.036724
120	-1.4	0.031982
120	-1.3	0.027026
120	-1.2	0.020627
120	-1.1	0.018525
120	-1	0.022374
120	-0.9	0.029787
120	-0.8	0.036616
120	-0.7	0.04221
120	-0.6	0.044405
120	-0.5	0.042949
120	-0.4	0.037791
120	-0.3	0.032278
120	-0.2	0.0264
120	-0.1	0.02115
120	0	0.01797
120	0.1	0.016852
120	0.2	0.016478
120	0.3	0.016367
120	0.4	0.014768
120	0.5	0.016404
120	0.6	0.019555
120	0.7	0.024907
120	0.8	0.030827
120	0.9	0.03365
120	1	0.034696
120	1.1	0.033759
120	1.2	0.030552
120	1.3	0.028032
120	1.4	0.023814
120	1.5	0.021527
120	1.6	0.021711
120	1.7	0.023267
120	1.8	0.024792
120	1.9	0.025732
120	2	0.026692
120	2.1	0.02589
120	2.2	0.024721
120	2.3	0.023127
120	2.4	0.021357
120	2.5	0.019482
120	2.6	0.018238
120	2.7	0.016272
120	2.8	0.01437
120	2.9	0.012581
120	3	0.011417
120	3.1	0.010928
120	3.2	0.0099403
120	3.3	0.01023
120	3.4	0.010311
120	3.5	0.011064
120	3.6	0.011279
120	3.7	0.011829
120	3.8	0.012308
120	3.9	0.01279
120	4	0.013277
130	-4	0.012782
130	-3.9	0.013252
130	-3.8	0.014019
130	-3.7	0.014878
130	-3.6	0.014715
130	-3.5	0.015951
130	-3.4	0.016678
130	-3.3	0.018443
130	-3.2	0.018385
130	-3.1	0.018386
130	-3	0.016841
130	-2.9	0.014502
130	-2.8	0.013331
130	-2.7	0.010387
130	-2.6	0.011501
130	-2.5	0.012635
130	-2.4	0.013717
130	-2.3	0.015197
130	-2.2	0.018077
130	-2.1	0.02251
130	-2	0.02855
130	-1.9	0.034077
130	-1.8	0.038349
130	-1.7	0.040962
130	-1.6	0.041411
130	-1.5	0.037531
130	-1.4	0.03387
130	-1.3	0.027354
130	-1.2	0.02151
130	-1.1	0.018263
130	-1	0.019685
130	-0.9	0.024787
130	-0.8	0.03181
130	-0.7	0.038502
130	-0.6	0.041462
130	-0.5	0.040895
130	-0.4	0.038664
130	-0.3	0.033055
130	-0.2	0.026372
130	-0.1	0.021952
130	0	0.019247
130	0.1	0.017966
130	0.2	0.017148
130	0.3	0.01676
130	0.4	0.0166
130	0.5	0.01711
130	0.6	0.020076
130	0.7	0.023808
130	0.8	0.02942
130	0.9	0.032968
130	1	0.034693
130	1.1	0.033853
130	1.2	0.031895
130	1.3	0.027256
130	1.4	0.024331
130	1.5	0.022215
130	1.6	0.022241
130	1.7	0.023915
130	1.8	0.025956
130	1.9	0.027679
130	2	0.028345
130	2.1	0.027895
130	2.2	0.027168
130	2.3	0.025489
130	2.4	0.02376
130	2.5	0.021901
130	2.6	0.020141
130	2.7	0.017627
130	2.8	0.015632
130	2.9	0.012724
130	3	0.010537
130	3.1	0.010903
130	3.2	0.012075
130	3.3	0.011639
130	3.4	0.012683
130	3.5	0.012963
130	3.6	0.013225
130	3.7	0.012328
130	3.8	0.011727
130	3.9	0.012449
130	4	0.012554
140	-4	0.0117
140	-3.9	0.013053
140	-3.8	0.013162
140	-3.7	0.0132
140	-3.6	0.014262
140	-3.5	0.014899
140	-3.4	0.016302
140	-3.3	0.017594
140	-3.2	0.017989
140	-3.1	0.018558
140	-3	0.017892
140	-2.9	0.016113
140	-2.8	0.013392
140	-2.7	0.011847
140	-2.6	0.010039
140	-2.5	0.011843
140	-2.4	0.012793
140	-2.3	0.014223
140	-2.2	0.017026
140	-2.1	0.020249
140	-2	0.028343
140	-1.9	0.034553
140	-1.8	0.03984
140	-1.7	0.043739
140	-1.6	0.045881
140	-1.5	0.044254
140	-1.4	0.0385
140	-1.3	0.03137
140	-1.2	0.0228
140	-1.1	0.019904
140	-1	0.019958
140	-0.9	0.023882
140	-0.8	0.033137
140	-0.7	0.038457
140	-0.6	0.041898
140	-0.5	0.040222
140	-0.4	0.03796
140	-0.3	0.031376
140	-0.2	0.024071
140	-0.1	0.019256
140	0	0.017978
140	0.1	0.017888
140	0.2	0.018709
140	0.3	0.01764
140	0.4	0.017615
140	0.5	0.019543
140	0.6	0.023136
140	0.7	0.028899
140	0.8	0.032474
140	0.9	0.034962
140	1	0.035423
140	1.1	0.033642
140	1.2	0.030009
140	1.3	0.026379
140	1.4	0.023442
140	1.5	0.022681
140	1.6	0.022981
140	1.7	0.024574
140	1.8	0.025369
140	1.9	0.026339
140	2	0.02562
140	2.1	0.025477
140	2.2	0.024884
140	2.3	0.024001
140	2.4	0.021714
140	2.5	0.020171
140	2.6	0.018279
140	2.7	0.01645
140	2.8	0.012917
140	2.9	0.010707
140	3	0.0099809
140	3.1	0.0098423
140	3.2	0.010645
140	3.3	0.011471
140	3.4	0.011828
140	3.5	0.01144
140	3.6	0.011734
140	3.7	0.011902
140	3.8	0.01178
140	3.9	0.011901
140	4	0.01285
150	-4	0.012854
150	-3.9	0.013508
150	-3.8	0.013873
150	-3.7	0.014959
150	-3.6	0.015077
150	-3.5	0.014946
150	-3.4	0.01659
150	-3.3	0.018081
150	-3.2	0.019045
150	-3.1	0.020072
150	-3	0.019768
150	-2.9	0.017222
150	-2.8	0.015362
150	-2.7	0.012376
150	-2.6	0.011962
150	-2.5	0.010629
150	-2.4	0.012191
150	-2.3	0.014473
150	-2.2	0.018204
150	-2.1	0.021902
150	-2	0.029949
150	-1.9	0.035143
150	-1.8	0.041538
150	-1.7	0.046299
150	-1.6	0.047118
150	-1.5	0.045022
150	-1.4	0.037861
150	-1.3	0.033162
150	-1.2	0.024686
150	-1.1	0.018286
150	-1	0.018741
150	-0.9	0.023554
150	-0.8	0.032418
150	-0.7	0.037505
150	-0.6	0.039887
150	-0.5	0.037627
150	-0.4	0.034033
150	-0.3	0.028695
150	-0.2	0.024173
150	-0.1	0.020159
150	0	0.018548
150	0.1	0.01845
150	0.2	0.019215
150	0.3	0.018697
150	0.4	0.020054
150	0.5	0.022592
150	0.6	0.024541
150	0.7	0.028897
150	0.8	0.032283
150	0.9	0.033912
150	1	0.033589
150	1.1	0.031423
150	1.2	0.029305
150	1.3	0.025742
150	1.4	0.023216
150	1.5	0.023036
150	1.6	0.023226
150	1.7	0.024359
150	1.8	0.025639
150	1.9	0.026005
150	2	0.02686
150	2.1	0.026126
150	2.2	0.025796
150	2.3	0.023641
150	2.4	0.022291
150	2.5	0.019685
150	2.6	0.017672
150	2.7	0.014228
150	2.8	0.012236
150	2.9	0.011083
150	3	0.011272
150	3.1	0.010097
150	3.2	0.010827
150	3.3	0.011051
150	3.4	0.011177
150	3.5	0.012052
150	3.6	0.012749
150	3.7	0.013718
150	3.8	0.013609
150	3.9	0.013336
150	4	0.012439
160	-4	0.013004
160	-3.9	0.014473
160	-3.8	0.014843
160	-3.7	0.014962
160	-3.6	0.015252
160	-3.5	0.015789
160	-3.4	0.01653
160	-3.3	0.017669
160	-3.2	0.018925
160	-3.1	0.020265
160	-3	0.018742
160	-2.9	0.018999
160	-2.8	0.016298
160	-2.7	0.013498
160	-2.6	0.011001
160	-2.5	0.01118
160	-2.4	0.012418
160	-2.3	0.013673
160	-2.2	0.017895
160	-2.1	0.022176
160	-2	0.030032
160	-1.9	0.035282
160	-1.8	0.041215
160	-1.7	0.046313
160	-1.6	0.047787
160	-1.5	0.045936
160	-1.4	0.039336
160	-1.3	0.03325
160	-1.2	0.025102
160	-1.1	0.018893
160	-1	0.018666
160	-0.9	0.024393
160	-0.8	0.032703
160	-0.7	0.037773
160	-0.6	0.040523
160	-0.5	0.038457
160	-0.4	0.034434
160	-0.3	0.029412
160	-0.2	0.022754
160	-0.1	0.019277
160	0	0.017233
160	0.1	0.017818
160	0.2	0.018613
160	0.3	0.018871
160	0.4	0.020631
160	0.5	0.02362
160	0.6	0.026786
160	0.7	0.031068
160	0.8	0.033355
160	0.9	0.033951
160	1	0.03312
160	1.1	0.029987
160	1.2	0.027417
160	1.3	0.023111
160	1.4	0.02066
160	1.5	0.02068
160	1.6	0.021271
160	1.7	0.022662
160	1.8	0.023948
160	1.9	0.023893
160	2	0.023982
160	2.1	0.023588
160	2.2	0.022953
160	2.3	0.021958
160	2.4	0.020157
160	2.5	0.018741
160	2.6	0.016165
160	2.7	0.014456
160	2.8	0.012696
160	2.9	0.010108
160	3	0.011194
160	3.1	0.009811
160	3.2	0.011129
160	3.3	0.011308
160	3.4	0.011859
160	3.5	0.011353
160	3.6	0.011644
160	3.7	0.012039
160	3.8	0.012823
160	3.9	0.012856
160	4	0.013453
170	-4	0.01388
170	-3.9	0.014308
170	-3.8	0.014657
170	-3.7	0.015182
170	-3.6	0.016501
170	-3.5	0.01658
170	-3.4	0.017525
170	-3.3	0.018151
170	-3.2	0.018635
170	-3.1	0.018503
170	-3	0.017823
170	-2.9	0.017027
170	-2.8	0.014658
170	-2.7	0.012894
170	-2.6	0.010887
170	-2.5	0.011258
170	-2.4	0.01241
170	-2.3	0.014812
170	-2.2	0.020199
170	-2.1	0.024412
170	-2	0.031461
170	-1.9	0.038408
170	-1.8	0.041446
170	-1.7	0.045073
170	-1.6	0.044709
170	-1.5	0.04091
170	-1.4	0.0352
170	-1.3	0.028352
170	-1.2	0.021074
170	-1.1	0.017218
170	-1	0.017765
170	-0.9	0.022778
170	-0.8	0.030401
170	-0.7	0.036466
170	-0.6	0.038367
170	-0.5	0.037992
170	-0.4	0.034603
170	-0.3	0.030686
170	-0.2	0.026714
170	-0.1	0.021695
170	0	0.019255
170	0.1	0.019329
170	0.2	0.018146
170	0.3	0.018737
170	0.4	0.019101
170	0.5	0.021531
170	0.6	0.023789
170	0.7	0.027668
170	0.8	0.030531
170	0.9	0.032094
170	1	0.032545
170	1.1	0.03038
170	1.2	0.027118
170	1.3	0.024976
170	1.4	0.020564
170	1.5	0.019771
170	1.6	0.019806
170	1.7	0.022248
170	1.8	0.024096
170	1.9	0.02645
170	2	0.026142
170	2.1	0.025392
170	2.2	0.023748
170	2.3	0.022023
170	2.4	0.020546
170	2.5	0.017631
170	2.6	0.015771
170	2.7	0.014131
170	2.8	0.012578
170	2.9	0.011849
170	3	0.011566
170	3.1	0.0099906
170	3.2	0.011125
170	3.3	0.011538
170	3.4	0.012274
170	3.5	0.012122
170	3.6	0.011892
170	3.7	0.012903
170	3.8	0.012321
170	3.9	0.012873
170	4	0.013658
180	-4	0.013905
180	-3.9	0.013903
180	-3.8	0.014102
180	-3.7	0.014429
180	-3.6	0.015151
180	-3.5	0.016387
180	-3.4	0.017558
180	-3.3	0.01901
180	-3.2	0.019381
180	-3.1	0.018997
180	-3	0.017815
180	-2.9	0.015502
180	-2.8	0.013294
180	-2.7	0.0114
180	-2.6	0.010207
180	-2.5	0.012015
180	-2.4	0.011321
180	-2.3	0.014576
180	-2.2	0.018621
180	-2.1	0.025778
180	-2	0.033431
180	-1.9	0.039506
180	-1.8	0.044316
180	-1.7	0.046093
180	-1.6	0.045008
180	-1.5	0.040735
180	-1.4	0.033747
180	-1.3	0.026949
180	-1.2	0.018266
180	-1.1	0.017388
180	-1	0.020364
180	-0.9	0.025619
180	-0.8	0.032479
180	-0.7	0.036809
180	-0.6	0.03763
180	-0.5	0.035448
180	-0.4	0.031335
180	-0.3	0.027806
180	-0.2	0.022491
180	-0.1	0.019978
180	0	0.017927
180	0.1	0.018094
180	0.2	0.018701
180	0.3	0.018473
180	0.4	0.019991
180	0.5	0.021438
180	0.6	0.024345
180	0.7	0.027426
180	0.8	0.02951
180	0.9	0.029946
180	1	0.029203
180	1.1	0.02685
180	1.2	0.023669
180	1.3	0.021128
180	1.4	0.018953
180	1.5	0.01822
180	1.6	0.018274
180	1.7	0.019685
180	1.8	0.021215
180	1.9	0.022153
180	2	0.022294
180	2.1	0.021952
180	2.2	0.021992
180	2.3	0.020749
180	2.4	0.019727
180	2.5	0.018507
180	2.6	0.016781
180	2.7	0.01455
180	2.8	0.012312
180	2.9	0.012243
180	3	0.010909
180	3.1	0.010213
180	3.2	0.01052
180	3.3	0.011191
180	3.4	0.011803
180	3.5	0.012176
180	3.6	0.012403
180	3.7	0.012672
180	3.8	0.012265
180	3.9	0.013219
180	4	0.012823
 
Uniformity Ratio =0.51066
