09-Jan-2018
12:7
TXR  008051 RM428 R24
33511B Function Generator
SN =Agilent Technologies,33511B,MY52301476,3.05-1.19-2.00-52-00
freq =+9.330000000000000E+06
burstmode =TRIG
burstN =+6.000000000000000E+01
voltage =+1.5000000000000E-01
 
DSO-X 2022A Oscilloscope
SN =AGILENT TECHNOLOGIES,DSO-X 2022A,MY54310921,02.41.2015102200
probe =+1.0000000E+00
scale =+500.0E-09
position =+19.900000E-06
range =+1.60E+00
units =VOLT
points =+2000
pointmode =NORM
format =BYTE
acqtype =NORM
trigsource =EXT
coupling =AC
 
-180	-4	0.0077203
-180	-3.9	0.0092077
-180	-3.8	0.012119
-180	-3.7	0.015019
-180	-3.6	0.015591
-180	-3.5	0.014976
-180	-3.4	0.013824
-180	-3.3	0.012256
-180	-3.2	0.012086
-180	-3.1	0.013028
-180	-3	0.01529
-180	-2.9	0.015337
-180	-2.8	0.014461
-180	-2.7	0.011456
-180	-2.6	0.0076951
-180	-2.5	0.0074345
-180	-2.4	0.010927
-180	-2.3	0.016193
-180	-2.2	0.021401
-180	-2.1	0.023986
-180	-2	0.028714
-180	-1.9	0.030865
-180	-1.8	0.036447
-180	-1.7	0.043532
-180	-1.6	0.047428
-180	-1.5	0.049715
-180	-1.4	0.048759
-180	-1.3	0.043354
-180	-1.2	0.034823
-180	-1.1	0.024779
-180	-1	0.017677
-180	-0.9	0.013846
-180	-0.8	0.021221
-180	-0.7	0.030614
-180	-0.6	0.038177
-180	-0.5	0.041742
-180	-0.4	0.043704
-180	-0.3	0.041683
-180	-0.2	0.037806
-180	-0.1	0.032631
-180	0	0.027796
-180	0.1	0.023326
-180	0.2	0.019153
-180	0.3	0.018085
-180	0.4	0.017901
-180	0.5	0.019222
-180	0.6	0.02196
-180	0.7	0.027173
-180	0.8	0.030563
-180	0.9	0.035712
-180	1	0.03886
-180	1.1	0.041363
-180	1.2	0.041504
-180	1.3	0.039377
-180	1.4	0.034065
-180	1.5	0.030595
-180	1.6	0.028581
-180	1.7	0.027063
-180	1.8	0.027507
-180	1.9	0.029551
-180	2	0.031737
-180	2.1	0.032489
-180	2.2	0.031366
-180	2.3	0.029899
-180	2.4	0.027224
-180	2.5	0.023831
-180	2.6	0.021241
-180	2.7	0.018581
-180	2.8	0.017434
-180	2.9	0.014683
-180	3	0.013063
-180	3.1	0.010887
-180	3.2	0.0088497
-180	3.3	0.0079817
-180	3.4	0.0079878
-180	3.5	0.0083807
-180	3.6	0.0095014
-180	3.7	0.0097631
-180	3.8	0.010121
-180	3.9	0.0097846
-180	4	0.0092846
-170	-4	0.0099857
-170	-3.9	0.012094
-170	-3.8	0.013105
-170	-3.7	0.014131
-170	-3.6	0.013666
-170	-3.5	0.012549
-170	-3.4	0.01093
-170	-3.3	0.010731
-170	-3.2	0.011672
-170	-3.1	0.012896
-170	-3	0.013916
-170	-2.9	0.013409
-170	-2.8	0.011268
-170	-2.7	0.0083479
-170	-2.6	0.0066496
-170	-2.5	0.0096549
-170	-2.4	0.013134
-170	-2.3	0.017101
-170	-2.2	0.020428
-170	-2.1	0.023526
-170	-2	0.027301
-170	-1.9	0.035043
-170	-1.8	0.039058
-170	-1.7	0.044931
-170	-1.6	0.047465
-170	-1.5	0.047415
-170	-1.4	0.044836
-170	-1.3	0.037481
-170	-1.2	0.025309
-170	-1.1	0.01891
-170	-1	0.014187
-170	-0.9	0.016769
-170	-0.8	0.026655
-170	-0.7	0.034738
-170	-0.6	0.038291
-170	-0.5	0.041162
-170	-0.4	0.040269
-170	-0.3	0.037402
-170	-0.2	0.031783
-170	-0.1	0.027092
-170	0	0.023644
-170	0.1	0.020139
-170	0.2	0.017855
-170	0.3	0.016764
-170	0.4	0.017376
-170	0.5	0.018533
-170	0.6	0.021513
-170	0.7	0.025339
-170	0.8	0.028522
-170	0.9	0.033582
-170	1	0.036147
-170	1.1	0.038252
-170	1.2	0.038243
-170	1.3	0.036838
-170	1.4	0.033781
-170	1.5	0.031805
-170	1.6	0.029224
-170	1.7	0.027119
-170	1.8	0.026941
-170	1.9	0.028379
-170	2	0.029288
-170	2.1	0.029678
-170	2.2	0.029312
-170	2.3	0.027669
-170	2.4	0.025395
-170	2.5	0.021901
-170	2.6	0.020289
-170	2.7	0.017308
-170	2.8	0.016152
-170	2.9	0.013404
-170	3	0.01189
-170	3.1	0.0098373
-170	3.2	0.0090787
-170	3.3	0.0089007
-170	3.4	0.0095404
-170	3.5	0.01054
-170	3.6	0.010709
-170	3.7	0.010636
-170	3.8	0.010301
-170	3.9	0.009618
-170	4	0.0093971
-160	-4	0.008274
-160	-3.9	0.0096415
-160	-3.8	0.010891
-160	-3.7	0.011736
-160	-3.6	0.012431
-160	-3.5	0.011727
-160	-3.4	0.010954
-160	-3.3	0.0099208
-160	-3.2	0.00944
-160	-3.1	0.0095607
-160	-3	0.00971
-160	-2.9	0.0091725
-160	-2.8	0.0078346
-160	-2.7	0.0062175
-160	-2.6	0.0064322
-160	-2.5	0.0093246
-160	-2.4	0.014348
-160	-2.3	0.018587
-160	-2.2	0.023256
-160	-2.1	0.025893
-160	-2	0.029364
-160	-1.9	0.033165
-160	-1.8	0.036647
-160	-1.7	0.040129
-160	-1.6	0.041695
-160	-1.5	0.040748
-160	-1.4	0.036548
-160	-1.3	0.028686
-160	-1.2	0.019856
-160	-1.1	0.012697
-160	-1	0.012932
-160	-0.9	0.022202
-160	-0.8	0.031317
-160	-0.7	0.03934
-160	-0.6	0.043287
-160	-0.5	0.043543
-160	-0.4	0.04074
-160	-0.3	0.034544
-160	-0.2	0.030418
-160	-0.1	0.022415
-160	0	0.017235
-160	0.1	0.014574
-160	0.2	0.013427
-160	0.3	0.012475
-160	0.4	0.012931
-160	0.5	0.015183
-160	0.6	0.018966
-160	0.7	0.024525
-160	0.8	0.029767
-160	0.9	0.034348
-160	1	0.036764
-160	1.1	0.037368
-160	1.2	0.035604
-160	1.3	0.033892
-160	1.4	0.031717
-160	1.5	0.027856
-160	1.6	0.026132
-160	1.7	0.0251
-160	1.8	0.024629
-160	1.9	0.024698
-160	2	0.023971
-160	2.1	0.023238
-160	2.2	0.022666
-160	2.3	0.022127
-160	2.4	0.021276
-160	2.5	0.019357
-160	2.6	0.018188
-160	2.7	0.015636
-160	2.8	0.012528
-160	2.9	0.0092881
-160	3	0.0077579
-160	3.1	0.0080663
-160	3.2	0.0087708
-160	3.3	0.0092689
-160	3.4	0.0096934
-160	3.5	0.0096113
-160	3.6	0.0087819
-160	3.7	0.0084154
-160	3.8	0.0091954
-160	3.9	0.0091531
-160	4	0.0094622
-150	-4	0.011461
-150	-3.9	0.012511
-150	-3.8	0.012625
-150	-3.7	0.011202
-150	-3.6	0.0084134
-150	-3.5	0.0067197
-150	-3.4	0.0077599
-150	-3.3	0.0084288
-150	-3.2	0.010968
-150	-3.1	0.011474
-150	-3	0.010983
-150	-2.9	0.0082014
-150	-2.8	0.0070001
-150	-2.7	0.0065714
-150	-2.6	0.0098225
-150	-2.5	0.01459
-150	-2.4	0.01747
-150	-2.3	0.019612
-150	-2.2	0.020937
-150	-2.1	0.021894
-150	-2	0.025528
-150	-1.9	0.030694
-150	-1.8	0.035483
-150	-1.7	0.03974
-150	-1.6	0.040156
-150	-1.5	0.037265
-150	-1.4	0.03012
-150	-1.3	0.022267
-150	-1.2	0.014143
-150	-1.1	0.014057
-150	-1	0.022811
-150	-0.9	0.030632
-150	-0.8	0.042449
-150	-0.7	0.046011
-150	-0.6	0.046743
-150	-0.5	0.042614
-150	-0.4	0.038017
-150	-0.3	0.029138
-150	-0.2	0.02361
-150	-0.1	0.018091
-150	0	0.012787
-150	0.1	0.010962
-150	0.2	0.010721
-150	0.3	0.010293
-150	0.4	0.011299
-150	0.5	0.013261
-150	0.6	0.01832
-150	0.7	0.02278
-150	0.8	0.029372
-150	0.9	0.033331
-150	1	0.036373
-150	1.1	0.037391
-150	1.2	0.036661
-150	1.3	0.034991
-150	1.4	0.031149
-150	1.5	0.028769
-150	1.6	0.023792
-150	1.7	0.0212
-150	1.8	0.020623
-150	1.9	0.021513
-150	2	0.022089
-150	2.1	0.022256
-150	2.2	0.021725
-150	2.3	0.020531
-150	2.4	0.017693
-150	2.5	0.014566
-150	2.6	0.013056
-150	2.7	0.0121
-150	2.8	0.0116
-150	2.9	0.011454
-150	3	0.0101
-150	3.1	0.0088479
-150	3.2	0.007467
-150	3.3	0.0070461
-150	3.4	0.0078056
-150	3.5	0.0083653
-150	3.6	0.0091124
-150	3.7	0.0093626
-150	3.8	0.0089676
-150	3.9	0.0082486
-150	4	0.0078201
-140	-4	0.01147
-140	-3.9	0.011966
-140	-3.8	0.011782
-140	-3.7	0.011325
-140	-3.6	0.010268
-140	-3.5	0.01041
-140	-3.4	0.010651
-140	-3.3	0.011534
-140	-3.2	0.011889
-140	-3.1	0.011199
-140	-3	0.010219
-140	-2.9	0.0075402
-140	-2.8	0.0071734
-140	-2.7	0.010018
-140	-2.6	0.013493
-140	-2.5	0.018371
-140	-2.4	0.020905
-140	-2.3	0.02213
-140	-2.2	0.022989
-140	-2.1	0.024952
-140	-2	0.028829
-140	-1.9	0.031442
-140	-1.8	0.034834
-140	-1.7	0.035647
-140	-1.6	0.033883
-140	-1.5	0.029528
-140	-1.4	0.023549
-140	-1.3	0.015997
-140	-1.2	0.0147
-140	-1.1	0.02229
-140	-1	0.029559
-140	-0.9	0.038908
-140	-0.8	0.046611
-140	-0.7	0.05116
-140	-0.6	0.050809
-140	-0.5	0.047503
-140	-0.4	0.038916
-140	-0.3	0.030738
-140	-0.2	0.023365
-140	-0.1	0.013777
-140	0	0.0089098
-140	0.1	0.0078819
-140	0.2	0.0084307
-140	0.3	0.0087819
-140	0.4	0.0095574
-140	0.5	0.01376
-140	0.6	0.018567
-140	0.7	0.026241
-140	0.8	0.031476
-140	0.9	0.035976
-140	1	0.038685
-140	1.1	0.038798
-140	1.2	0.036247
-140	1.3	0.033307
-140	1.4	0.030347
-140	1.5	0.02601
-140	1.6	0.022191
-140	1.7	0.019332
-140	1.8	0.018275
-140	1.9	0.018606
-140	2	0.018017
-140	2.1	0.017677
-140	2.2	0.016664
-140	2.3	0.015643
-140	2.4	0.014116
-140	2.5	0.01209
-140	2.6	0.010942
-140	2.7	0.010044
-140	2.8	0.0095861
-140	2.9	0.0092863
-140	3	0.0082034
-140	3.1	0.0074713
-140	3.2	0.0070254
-140	3.3	0.0067269
-140	3.4	0.0069398
-140	3.5	0.0076445
-140	3.6	0.0077641
-140	3.7	0.0080963
-140	3.8	0.008313
-140	3.9	0.0074301
-140	4	0.0069304
-130	-4	0.011253
-130	-3.9	0.010998
-130	-3.8	0.009705
-130	-3.7	0.0093902
-130	-3.6	0.0089043
-130	-3.5	0.0094861
-130	-3.4	0.010343
-130	-3.3	0.011426
-130	-3.2	0.011412
-130	-3.1	0.0097333
-130	-3	0.00801
-130	-2.9	0.0064772
-130	-2.8	0.0071981
-130	-2.7	0.010519
-130	-2.6	0.014723
-130	-2.5	0.018317
-130	-2.4	0.019326
-130	-2.3	0.019683
-130	-2.2	0.020738
-130	-2.1	0.02322
-130	-2	0.026935
-130	-1.9	0.032322
-130	-1.8	0.034818
-130	-1.7	0.035335
-130	-1.6	0.033111
-130	-1.5	0.026545
-130	-1.4	0.020688
-130	-1.3	0.0173
-130	-1.2	0.019241
-130	-1.1	0.029167
-130	-1	0.040933
-130	-0.9	0.046951
-130	-0.8	0.05224
-130	-0.7	0.054745
-130	-0.6	0.05247
-130	-0.5	0.046576
-130	-0.4	0.036458
-130	-0.3	0.027433
-130	-0.2	0.019924
-130	-0.1	0.014133
-130	0	0.0089856
-130	0.1	0.0084575
-130	0.2	0.0085469
-130	0.3	0.0089874
-130	0.4	0.0098324
-130	0.5	0.013238
-130	0.6	0.020357
-130	0.7	0.025781
-130	0.8	0.030462
-130	0.9	0.03541
-130	1	0.038837
-130	1.1	0.039275
-130	1.2	0.03798
-130	1.3	0.034481
-130	1.4	0.032291
-130	1.5	0.027593
-130	1.6	0.024634
-130	1.7	0.02284
-130	1.8	0.021361
-130	1.9	0.020674
-130	2	0.019519
-130	2.1	0.01805
-130	2.2	0.01664
-130	2.3	0.015078
-130	2.4	0.01451
-130	2.5	0.013904
-130	2.6	0.013634
-130	2.7	0.01306
-130	2.8	0.012099
-130	2.9	0.0099598
-130	3	0.0082857
-130	3.1	0.0074865
-130	3.2	0.0079857
-130	3.3	0.0088333
-130	3.4	0.0092811
-130	3.5	0.0088843
-130	3.6	0.0090501
-130	3.7	0.0073734
-130	3.8	0.0065121
-130	3.9	0.0057136
-130	4	0.0056824
-120	-4	0.010569
-120	-3.9	0.011018
-120	-3.8	0.011873
-120	-3.7	0.0125
-120	-3.6	0.013664
-120	-3.5	0.013773
-120	-3.4	0.013603
-120	-3.3	0.012997
-120	-3.2	0.012324
-120	-3.1	0.011705
-120	-3	0.01104
-120	-2.9	0.011693
-120	-2.8	0.012653
-120	-2.7	0.014872
-120	-2.6	0.01846
-120	-2.5	0.020427
-120	-2.4	0.022104
-120	-2.3	0.023811
-120	-2.2	0.02662
-120	-2.1	0.027712
-120	-2	0.030996
-120	-1.9	0.033738
-120	-1.8	0.033807
-120	-1.7	0.033028
-120	-1.6	0.028746
-120	-1.5	0.023061
-120	-1.4	0.020389
-120	-1.3	0.020955
-120	-1.2	0.02544
-120	-1.1	0.035301
-120	-1	0.043041
-120	-0.9	0.051789
-120	-0.8	0.055658
-120	-0.7	0.057134
-120	-0.6	0.054644
-120	-0.5	0.046375
-120	-0.4	0.038515
-120	-0.3	0.027545
-120	-0.2	0.023491
-120	-0.1	0.014332
-120	0	0.010331
-120	0.1	0.0095506
-120	0.2	0.0094365
-120	0.3	0.0098143
-120	0.4	0.011285
-120	0.5	0.014457
-120	0.6	0.020778
-120	0.7	0.026677
-120	0.8	0.033999
-120	0.9	0.038687
-120	1	0.040319
-120	1.1	0.040562
-120	1.2	0.039261
-120	1.3	0.035894
-120	1.4	0.030979
-120	1.5	0.027383
-120	1.6	0.023747
-120	1.7	0.022509
-120	1.8	0.021993
-120	1.9	0.022156
-120	2	0.021689
-120	2.1	0.020843
-120	2.2	0.019685
-120	2.3	0.018304
-120	2.4	0.016745
-120	2.5	0.015676
-120	2.6	0.014865
-120	2.7	0.014976
-120	2.8	0.014186
-120	2.9	0.013282
-120	3	0.0122
-120	3.1	0.011178
-120	3.2	0.010685
-120	3.3	0.0097067
-120	3.4	0.0090126
-120	3.5	0.0088259
-120	3.6	0.0089098
-120	3.7	0.0093072
-120	3.8	0.0084594
-120	3.9	0.0079431
-120	4	0.0080342
-110	-4	0.010633
-110	-3.9	0.010569
-110	-3.8	0.010213
-110	-3.7	0.0095844
-110	-3.6	0.0094571
-110	-3.5	0.010337
-110	-3.4	0.011877
-110	-3.3	0.013649
-110	-3.2	0.01431
-110	-3.1	0.013992
-110	-3	0.012697
-110	-2.9	0.011065
-110	-2.8	0.011167
-110	-2.7	0.014145
-110	-2.6	0.016933
-110	-2.5	0.021378
-110	-2.4	0.02313
-110	-2.3	0.024808
-110	-2.2	0.02629
-110	-2.1	0.028471
-110	-2	0.032207
-110	-1.9	0.034629
-110	-1.8	0.036246
-110	-1.7	0.035837
-110	-1.6	0.032916
-110	-1.5	0.028256
-110	-1.4	0.025651
-110	-1.3	0.027463
-110	-1.2	0.035966
-110	-1.1	0.044958
-110	-1	0.053469
-110	-0.9	0.060618
-110	-0.8	0.063292
-110	-0.7	0.062418
-110	-0.6	0.056853
-110	-0.5	0.05027
-110	-0.4	0.040727
-110	-0.3	0.027388
-110	-0.2	0.01903
-110	-0.1	0.013741
-110	0	0.011046
-110	0.1	0.010626
-110	0.2	0.011064
-110	0.3	0.012729
-110	0.4	0.017597
-110	0.5	0.022324
-110	0.6	0.028416
-110	0.7	0.034145
-110	0.8	0.039057
-110	0.9	0.042567
-110	1	0.044365
-110	1.1	0.043269
-110	1.2	0.041055
-110	1.3	0.03762
-110	1.4	0.033625
-110	1.5	0.030642
-110	1.6	0.027162
-110	1.7	0.024599
-110	1.8	0.023613
-110	1.9	0.022857
-110	2	0.022254
-110	2.1	0.020921
-110	2.2	0.019621
-110	2.3	0.018238
-110	2.4	0.016455
-110	2.5	0.015222
-110	2.6	0.01472
-110	2.7	0.014395
-110	2.8	0.013562
-110	2.9	0.012911
-110	3	0.011955
-110	3.1	0.011132
-110	3.2	0.010202
-110	3.3	0.0089892
-110	3.4	0.0082759
-110	3.5	0.0082525
-110	3.6	0.0081142
-110	3.7	0.0080281
-110	3.8	0.0074929
-110	3.9	0.0071801
-110	4	0.0075467
-100	-4	0.010914
-100	-3.9	0.011813
-100	-3.8	0.011913
-100	-3.7	0.01141
-100	-3.6	0.010635
-100	-3.5	0.0105
-100	-3.4	0.011361
-100	-3.3	0.013683
-100	-3.2	0.014735
-100	-3.1	0.015287
-100	-3	0.014418
-100	-2.9	0.013281
-100	-2.8	0.014368
-100	-2.7	0.016811
-100	-2.6	0.019702
-100	-2.5	0.02348
-100	-2.4	0.025251
-100	-2.3	0.027628
-100	-2.2	0.028305
-100	-2.1	0.030129
-100	-2	0.031717
-100	-1.9	0.034077
-100	-1.8	0.035225
-100	-1.7	0.034835
-100	-1.6	0.033481
-100	-1.5	0.030947
-100	-1.4	0.028942
-100	-1.3	0.034144
-100	-1.2	0.039371
-100	-1.1	0.046598
-100	-1	0.05816
-100	-0.9	0.06344
-100	-0.8	0.067311
-100	-0.7	0.066643
-100	-0.6	0.060109
-100	-0.5	0.050047
-100	-0.4	0.042143
-100	-0.3	0.02869
-100	-0.2	0.020695
-100	-0.1	0.014802
-100	0	0.012709
-100	0.1	0.012448
-100	0.2	0.013764
-100	0.3	0.016399
-100	0.4	0.019868
-100	0.5	0.027889
-100	0.6	0.032907
-100	0.7	0.038779
-100	0.8	0.043356
-100	0.9	0.046069
-100	1	0.046678
-100	1.1	0.044767
-100	1.2	0.04307
-100	1.3	0.039591
-100	1.4	0.035316
-100	1.5	0.032285
-100	1.6	0.029262
-100	1.7	0.026261
-100	1.8	0.025331
-100	1.9	0.024101
-100	2	0.023195
-100	2.1	0.022357
-100	2.2	0.021865
-100	2.3	0.02042
-100	2.4	0.020243
-100	2.5	0.018692
-100	2.6	0.017718
-100	2.7	0.016255
-100	2.8	0.015068
-100	2.9	0.014267
-100	3	0.013693
-100	3.1	0.013613
-100	3.2	0.014329
-100	3.3	0.013969
-100	3.4	0.013272
-100	3.5	0.012122
-100	3.6	0.010446
-100	3.7	0.0085412
-100	3.8	0.0076276
-100	3.9	0.0082132
-100	4	0.0096817
-90	-4	0.01178
-90	-3.9	0.01211
-90	-3.8	0.01207
-90	-3.7	0.010911
-90	-3.6	0.010306
-90	-3.5	0.010719
-90	-3.4	0.012668
-90	-3.3	0.013891
-90	-3.2	0.014686
-90	-3.1	0.014718
-90	-3	0.0138
-90	-2.9	0.014287
-90	-2.8	0.017464
-90	-2.7	0.020688
-90	-2.6	0.022245
-90	-2.5	0.024548
-90	-2.4	0.025955
-90	-2.3	0.026374
-90	-2.2	0.028032
-90	-2.1	0.030663
-90	-2	0.033987
-90	-1.9	0.036365
-90	-1.8	0.037695
-90	-1.7	0.037339
-90	-1.6	0.035188
-90	-1.5	0.032056
-90	-1.4	0.032622
-90	-1.3	0.037148
-90	-1.2	0.046639
-90	-1.1	0.053557
-90	-1	0.060556
-90	-0.9	0.0683
-90	-0.8	0.06916
-90	-0.7	0.067059
-90	-0.6	0.061556
-90	-0.5	0.049515
-90	-0.4	0.041146
-90	-0.3	0.030987
-90	-0.2	0.022199
-90	-0.1	0.017129
-90	0	0.014435
-90	0.1	0.014816
-90	0.2	0.01563
-90	0.3	0.017857
-90	0.4	0.022343
-90	0.5	0.02689
-90	0.6	0.036391
-90	0.7	0.040171
-90	0.8	0.044258
-90	0.9	0.048508
-90	1	0.050162
-90	1.1	0.048334
-90	1.2	0.045784
-90	1.3	0.042815
-90	1.4	0.038941
-90	1.5	0.032934
-90	1.6	0.030352
-90	1.7	0.029213
-90	1.8	0.028898
-90	1.9	0.027922
-90	2	0.026795
-90	2.1	0.025821
-90	2.2	0.02346
-90	2.3	0.021711
-90	2.4	0.020043
-90	2.5	0.01954
-90	2.6	0.019602
-90	2.7	0.019383
-90	2.8	0.018249
-90	2.9	0.01644
-90	3	0.014761
-90	3.1	0.013226
-90	3.2	0.012546
-90	3.3	0.011656
-90	3.4	0.011123
-90	3.5	0.011033
-90	3.6	0.010424
-90	3.7	0.0089442
-90	3.8	0.0077516
-90	3.9	0.0070941
-90	4	0.0071327
-80	-4	0.010985
-80	-3.9	0.011325
-80	-3.8	0.011103
-80	-3.7	0.011209
-80	-3.6	0.012396
-80	-3.5	0.013786
-80	-3.4	0.015583
-80	-3.3	0.016416
-80	-3.2	0.016143
-80	-3.1	0.015668
-80	-3	0.014825
-80	-2.9	0.016092
-80	-2.8	0.018646
-80	-2.7	0.022277
-80	-2.6	0.025439
-80	-2.5	0.026804
-80	-2.4	0.027329
-80	-2.3	0.027555
-80	-2.2	0.029793
-80	-2.1	0.031983
-80	-2	0.035616
-80	-1.9	0.038354
-80	-1.8	0.040188
-80	-1.7	0.038987
-80	-1.6	0.037049
-80	-1.5	0.03414
-80	-1.4	0.034618
-80	-1.3	0.040475
-80	-1.2	0.047438
-80	-1.1	0.060786
-80	-1	0.066689
-80	-0.9	0.07188
-80	-0.8	0.072367
-80	-0.7	0.068214
-80	-0.6	0.061038
-80	-0.5	0.051431
-80	-0.4	0.041278
-80	-0.3	0.030829
-80	-0.2	0.021807
-80	-0.1	0.018321
-80	0	0.017766
-80	0.1	0.01876
-80	0.2	0.021029
-80	0.3	0.024512
-80	0.4	0.030455
-80	0.5	0.035398
-80	0.6	0.042137
-80	0.7	0.045393
-80	0.8	0.048509
-80	0.9	0.051022
-80	1	0.050859
-80	1.1	0.04896
-80	1.2	0.047126
-80	1.3	0.043461
-80	1.4	0.040817
-80	1.5	0.036195
-80	1.6	0.033009
-80	1.7	0.03148
-80	1.8	0.030674
-80	1.9	0.029677
-80	2	0.028148
-80	2.1	0.027223
-80	2.2	0.024915
-80	2.3	0.02367
-80	2.4	0.022354
-80	2.5	0.021856
-80	2.6	0.021913
-80	2.7	0.021679
-80	2.8	0.02048
-80	2.9	0.019248
-80	3	0.016607
-80	3.1	0.015233
-80	3.2	0.013336
-80	3.3	0.012942
-80	3.4	0.013296
-80	3.5	0.013323
-80	3.6	0.013266
-80	3.7	0.011164
-80	3.8	0.010194
-80	3.9	0.0089586
-80	4	0.0087487
-70	-4	0.0096063
-70	-3.9	0.010304
-70	-3.8	0.010793
-70	-3.7	0.011194
-70	-3.6	0.011789
-70	-3.5	0.013111
-70	-3.4	0.014164
-70	-3.3	0.015774
-70	-3.2	0.016367
-70	-3.1	0.015862
-70	-3	0.015075
-70	-2.9	0.015392
-70	-2.8	0.017867
-70	-2.7	0.021793
-70	-2.6	0.024405
-70	-2.5	0.027802
-70	-2.4	0.029106
-70	-2.3	0.029768
-70	-2.2	0.030148
-70	-2.1	0.032381
-70	-2	0.036423
-70	-1.9	0.038676
-70	-1.8	0.042182
-70	-1.7	0.042203
-70	-1.6	0.041001
-70	-1.5	0.038324
-70	-1.4	0.039212
-70	-1.3	0.042818
-70	-1.2	0.051203
-70	-1.1	0.060667
-70	-1	0.067449
-70	-0.9	0.073337
-70	-0.8	0.073578
-70	-0.7	0.067773
-70	-0.6	0.06322
-70	-0.5	0.052418
-70	-0.4	0.041605
-70	-0.3	0.031897
-70	-0.2	0.025373
-70	-0.1	0.019487
-70	0	0.019058
-70	0.1	0.019954
-70	0.2	0.023122
-70	0.3	0.027445
-70	0.4	0.033434
-70	0.5	0.040031
-70	0.6	0.045069
-70	0.7	0.048867
-70	0.8	0.051095
-70	0.9	0.052011
-70	1	0.051376
-70	1.1	0.049456
-70	1.2	0.04689
-70	1.3	0.04473
-70	1.4	0.041182
-70	1.5	0.039506
-70	1.6	0.035072
-70	1.7	0.033206
-70	1.8	0.03081
-70	1.9	0.029631
-70	2	0.028434
-70	2.1	0.027579
-70	2.2	0.026987
-70	2.3	0.025774
-70	2.4	0.023917
-70	2.5	0.022405
-70	2.6	0.021731
-70	2.7	0.020327
-70	2.8	0.019856
-70	2.9	0.018646
-70	3	0.017802
-70	3.1	0.016384
-70	3.2	0.014615
-70	3.3	0.013968
-70	3.4	0.013912
-70	3.5	0.01407
-70	3.6	0.01392
-70	3.7	0.013211
-70	3.8	0.011324
-70	3.9	0.0091036
-70	4	0.0087098
-60	-4	0.011219
-60	-3.9	0.010607
-60	-3.8	0.009778
-60	-3.7	0.010799
-60	-3.6	0.012435
-60	-3.5	0.013987
-60	-3.4	0.015672
-60	-3.3	0.016609
-60	-3.2	0.015708
-60	-3.1	0.015078
-60	-3	0.015576
-60	-2.9	0.016598
-60	-2.8	0.020288
-60	-2.7	0.024252
-60	-2.6	0.027676
-60	-2.5	0.028808
-60	-2.4	0.029
-60	-2.3	0.029932
-60	-2.2	0.031257
-60	-2.1	0.035707
-60	-2	0.039868
-60	-1.9	0.041971
-60	-1.8	0.043209
-60	-1.7	0.041916
-60	-1.6	0.039741
-60	-1.5	0.037847
-60	-1.4	0.039337
-60	-1.3	0.046276
-60	-1.2	0.054297
-60	-1.1	0.063049
-60	-1	0.068575
-60	-0.9	0.072354
-60	-0.8	0.071474
-60	-0.7	0.067184
-60	-0.6	0.061063
-60	-0.5	0.052954
-60	-0.4	0.042295
-60	-0.3	0.034283
-60	-0.2	0.02843
-60	-0.1	0.025119
-60	0	0.023248
-60	0.1	0.024611
-60	0.2	0.027427
-60	0.3	0.031125
-60	0.4	0.034587
-60	0.5	0.042262
-60	0.6	0.047369
-60	0.7	0.050007
-60	0.8	0.052385
-60	0.9	0.054028
-60	1	0.053729
-60	1.1	0.051495
-60	1.2	0.049258
-60	1.3	0.045346
-60	1.4	0.04261
-60	1.5	0.03956
-60	1.6	0.037453
-60	1.7	0.035984
-60	1.8	0.035692
-60	1.9	0.034965
-60	2	0.033559
-60	2.1	0.031287
-60	2.2	0.029316
-60	2.3	0.027423
-60	2.4	0.025831
-60	2.5	0.024845
-60	2.6	0.023814
-60	2.7	0.023401
-60	2.8	0.021942
-60	2.9	0.019647
-60	3	0.017257
-60	3.1	0.015925
-60	3.2	0.015086
-60	3.3	0.01446
-60	3.4	0.014106
-60	3.5	0.013606
-60	3.6	0.013033
-60	3.7	0.01169
-60	3.8	0.010795
-60	3.9	0.009715
-60	4	0.0091672
-50	-4	0.010906
-50	-3.9	0.011018
-50	-3.8	0.010462
-50	-3.7	0.0092235
-50	-3.6	0.009695
-50	-3.5	0.011096
-50	-3.4	0.013529
-50	-3.3	0.015578
-50	-3.2	0.01635
-50	-3.1	0.01631
-50	-3	0.015859
-50	-2.9	0.017114
-50	-2.8	0.020937
-50	-2.7	0.023957
-50	-2.6	0.027684
-50	-2.5	0.029575
-50	-2.4	0.030618
-50	-2.3	0.031464
-50	-2.2	0.032815
-50	-2.1	0.03634
-50	-2	0.038915
-50	-1.9	0.042877
-50	-1.8	0.044914
-50	-1.7	0.045341
-50	-1.6	0.043889
-50	-1.5	0.043516
-50	-1.4	0.044304
-50	-1.3	0.047183
-50	-1.2	0.055517
-50	-1.1	0.062032
-50	-1	0.068361
-50	-0.9	0.071354
-50	-0.8	0.071431
-50	-0.7	0.066681
-50	-0.6	0.06001
-50	-0.5	0.052229
-50	-0.4	0.04284
-50	-0.3	0.035014
-50	-0.2	0.029667
-50	-0.1	0.025552
-50	0	0.02451
-50	0.1	0.024818
-50	0.2	0.028777
-50	0.3	0.03225
-50	0.4	0.038013
-50	0.5	0.042325
-50	0.6	0.047933
-50	0.7	0.051382
-50	0.8	0.053969
-50	0.9	0.055067
-50	1	0.055454
-50	1.1	0.054226
-50	1.2	0.051892
-50	1.3	0.048661
-50	1.4	0.045185
-50	1.5	0.042634
-50	1.6	0.03991
-50	1.7	0.038794
-50	1.8	0.037377
-50	1.9	0.035859
-50	2	0.033425
-50	2.1	0.029929
-50	2.2	0.028662
-50	2.3	0.026097
-50	2.4	0.02399
-50	2.5	0.022864
-50	2.6	0.022607
-50	2.7	0.022056
-50	2.8	0.020804
-50	2.9	0.01877
-50	3	0.017075
-50	3.1	0.015294
-50	3.2	0.014165
-50	3.3	0.013407
-50	3.4	0.012496
-50	3.5	0.011538
-50	3.6	0.010398
-50	3.7	0.0091071
-50	3.8	0.0085127
-50	3.9	0.008227
-50	4	0.0089279
-40	-4	0.010706
-40	-3.9	0.011802
-40	-3.8	0.012228
-40	-3.7	0.011727
-40	-3.6	0.011062
-40	-3.5	0.010795
-40	-3.4	0.011928
-40	-3.3	0.014966
-40	-3.2	0.01796
-40	-3.1	0.018996
-40	-3	0.019091
-40	-2.9	0.018834
-40	-2.8	0.019442
-40	-2.7	0.022752
-40	-2.6	0.025565
-40	-2.5	0.028562
-40	-2.4	0.032109
-40	-2.3	0.034246
-40	-2.2	0.035563
-40	-2.1	0.036323
-40	-2	0.037193
-40	-1.9	0.039135
-40	-1.8	0.040662
-40	-1.7	0.041995
-40	-1.6	0.043963
-40	-1.5	0.044889
-40	-1.4	0.045396
-40	-1.3	0.048836
-40	-1.2	0.051793
-40	-1.1	0.057129
-40	-1	0.066083
-40	-0.9	0.068642
-40	-0.8	0.070711
-40	-0.7	0.068504
-40	-0.6	0.064603
-40	-0.5	0.058325
-40	-0.4	0.047289
-40	-0.3	0.037601
-40	-0.2	0.031817
-40	-0.1	0.025306
-40	0	0.023447
-40	0.1	0.025297
-40	0.2	0.028872
-40	0.3	0.034574
-40	0.4	0.040825
-40	0.5	0.047337
-40	0.6	0.053753
-40	0.7	0.056618
-40	0.8	0.058666
-40	0.9	0.058753
-40	1	0.058633
-40	1.1	0.05654
-40	1.2	0.055025
-40	1.3	0.0519
-40	1.4	0.047597
-40	1.5	0.044787
-40	1.6	0.040545
-40	1.7	0.037605
-40	1.8	0.033764
-40	1.9	0.031769
-40	2	0.030463
-40	2.1	0.029956
-40	2.2	0.028603
-40	2.3	0.02664
-40	2.4	0.023471
-40	2.5	0.020022
-40	2.6	0.017527
-40	2.7	0.015823
-40	2.8	0.015747
-40	2.9	0.015596
-40	3	0.015229
-40	3.1	0.014523
-40	3.2	0.012475
-40	3.3	0.010727
-40	3.4	0.0092305
-40	3.5	0.0083188
-40	3.6	0.0082837
-40	3.7	0.0081777
-40	3.8	0.0079878
-40	3.9	0.0081083
-40	4	0.0081043
-30	-4	0.010787
-30	-3.9	0.0092375
-30	-3.8	0.0086278
-30	-3.7	0.0089098
-30	-3.6	0.010373
-30	-3.5	0.01214
-30	-3.4	0.014219
-30	-3.3	0.01514
-30	-3.2	0.014946
-30	-3.1	0.014676
-30	-3	0.014751
-30	-2.9	0.016301
-30	-2.8	0.020653
-30	-2.7	0.0243
-30	-2.6	0.026936
-30	-2.5	0.028065
-30	-2.4	0.029267
-30	-2.3	0.030106
-30	-2.2	0.032663
-30	-2.1	0.036259
-30	-2	0.03943
-30	-1.9	0.04121
-30	-1.8	0.043711
-30	-1.7	0.043361
-30	-1.6	0.042817
-30	-1.5	0.0422
-30	-1.4	0.043091
-30	-1.3	0.047554
-30	-1.2	0.053971
-30	-1.1	0.059538
-30	-1	0.065181
-30	-0.9	0.067987
-30	-0.8	0.068226
-30	-0.7	0.064056
-30	-0.6	0.059336
-30	-0.5	0.052068
-30	-0.4	0.044353
-30	-0.3	0.03766
-30	-0.2	0.030929
-30	-0.1	0.027972
-30	0	0.027194
-30	0.1	0.028023
-30	0.2	0.031505
-30	0.3	0.032935
-30	0.4	0.038437
-30	0.5	0.044867
-30	0.6	0.04931
-30	0.7	0.05219
-30	0.8	0.055736
-30	0.9	0.057432
-30	1	0.057298
-30	1.1	0.05563
-30	1.2	0.053746
-30	1.3	0.050622
-30	1.4	0.04695
-30	1.5	0.043861
-30	1.6	0.041156
-30	1.7	0.038983
-30	1.8	0.037386
-30	1.9	0.035478
-30	2	0.034107
-30	2.1	0.032907
-30	2.2	0.030321
-30	2.3	0.02756
-30	2.4	0.025583
-30	2.5	0.023755
-30	2.6	0.022143
-30	2.7	0.021682
-30	2.8	0.020717
-30	2.9	0.019704
-30	3	0.01765
-30	3.1	0.014911
-30	3.2	0.01389
-30	3.3	0.013081
-30	3.4	0.012331
-30	3.5	0.012083
-30	3.6	0.011711
-30	3.7	0.011242
-30	3.8	0.010175
-30	3.9	0.0091248
-30	4	0.0075467
-20	-4	0.0097764
-20	-3.9	0.0099273
-20	-3.8	0.010565
-20	-3.7	0.010766
-20	-3.6	0.01198
-20	-3.5	0.013107
-20	-3.4	0.013749
-20	-3.3	0.015261
-20	-3.2	0.015916
-20	-3.1	0.016836
-20	-3	0.018077
-20	-2.9	0.019637
-20	-2.8	0.023644
-20	-2.7	0.025942
-20	-2.6	0.029781
-20	-2.5	0.030813
-20	-2.4	0.032301
-20	-2.3	0.032629
-20	-2.2	0.034594
-20	-2.1	0.036946
-20	-2	0.04008
-20	-1.9	0.041644
-20	-1.8	0.043569
-20	-1.7	0.043487
-20	-1.6	0.042645
-20	-1.5	0.041555
-20	-1.4	0.040988
-20	-1.3	0.043546
-20	-1.2	0.050324
-20	-1.1	0.055403
-20	-1	0.060013
-20	-0.9	0.065189
-20	-0.8	0.066545
-20	-0.7	0.064716
-20	-0.6	0.05949
-20	-0.5	0.056192
-20	-0.4	0.046386
-20	-0.3	0.042096
-20	-0.2	0.033297
-20	-0.1	0.030289
-20	0	0.028437
-20	0.1	0.028774
-20	0.2	0.030938
-20	0.3	0.035068
-20	0.4	0.038108
-20	0.5	0.04382
-20	0.6	0.048376
-20	0.7	0.055387
-20	0.8	0.059461
-20	0.9	0.061818
-20	1	0.062683
-20	1.1	0.060826
-20	1.2	0.057014
-20	1.3	0.053356
-20	1.4	0.04837
-20	1.5	0.045211
-20	1.6	0.04321
-20	1.7	0.041785
-20	1.8	0.040127
-20	1.9	0.03747
-20	2	0.033394
-20	2.1	0.030114
-20	2.2	0.02709
-20	2.3	0.025233
-20	2.4	0.025018
-20	2.5	0.024813
-20	2.6	0.023831
-20	2.7	0.02241
-20	2.8	0.020261
-20	2.9	0.018427
-20	3	0.01595
-20	3.1	0.015157
-20	3.2	0.015134
-20	3.3	0.01527
-20	3.4	0.015007
-20	3.5	0.013442
-20	3.6	0.01173
-20	3.7	0.010774
-20	3.8	0.0097912
-20	3.9	0.0091708
-20	4	0.0087283
-10	-4	0.011385
-10	-3.9	0.010995
-10	-3.8	0.010102
-10	-3.7	0.0098456
-10	-3.6	0.01039
-10	-3.5	0.012289
-10	-3.4	0.014407
-10	-3.3	0.015664
-10	-3.2	0.016467
-10	-3.1	0.016196
-10	-3	0.0155
-10	-2.9	0.016033
-10	-2.8	0.019059
-10	-2.7	0.023913
-10	-2.6	0.028355
-10	-2.5	0.03139
-10	-2.4	0.031831
-10	-2.3	0.031011
-10	-2.2	0.030944
-10	-2.1	0.033616
-10	-2	0.036988
-10	-1.9	0.042423
-10	-1.8	0.045623
-10	-1.7	0.046128
-10	-1.6	0.044896
-10	-1.5	0.043322
-10	-1.4	0.041354
-10	-1.3	0.04392
-10	-1.2	0.048095
-10	-1.1	0.055481
-10	-1	0.061599
-10	-0.9	0.065389
-10	-0.8	0.067673
-10	-0.7	0.064228
-10	-0.6	0.061769
-10	-0.5	0.054515
-10	-0.4	0.047003
-10	-0.3	0.038683
-10	-0.2	0.031379
-10	-0.1	0.030057
-10	0	0.028379
-10	0.1	0.029273
-10	0.2	0.031922
-10	0.3	0.036437
-10	0.4	0.041578
-10	0.5	0.046975
-10	0.6	0.051498
-10	0.7	0.055333
-10	0.8	0.058854
-10	0.9	0.059486
-10	1	0.059138
-10	1.1	0.058245
-10	1.2	0.054088
-10	1.3	0.051026
-10	1.4	0.048216
-10	1.5	0.04477
-10	1.6	0.041095
-10	1.7	0.038769
-10	1.8	0.036475
-10	1.9	0.033685
-10	2	0.032038
-10	2.1	0.028982
-10	2.2	0.027131
-10	2.3	0.026498
-10	2.4	0.025032
-10	2.5	0.023816
-10	2.6	0.021749
-10	2.7	0.020004
-10	2.8	0.018795
-10	2.9	0.016118
-10	3	0.014806
-10	3.1	0.014123
-10	3.2	0.014431
-10	3.3	0.014481
-10	3.4	0.014197
-10	3.5	0.013467
-10	3.6	0.012479
-10	3.7	0.011263
-10	3.8	0.01099
-10	3.9	0.01052
-10	4	0.010479
0	-4	0.010771
0	-3.9	0.011803
0	-3.8	0.011675
0	-3.7	0.010817
0	-3.6	0.010598
0	-3.5	0.011799
0	-3.4	0.014719
0	-3.3	0.017053
0	-3.2	0.019149
0	-3.1	0.018609
0	-3	0.017907
0	-2.9	0.018513
0	-2.8	0.021191
0	-2.7	0.026186
0	-2.6	0.030057
0	-2.5	0.033174
0	-2.4	0.035558
0	-2.3	0.036142
0	-2.2	0.036592
0	-2.1	0.037945
0	-2	0.04011
0	-1.9	0.04171
0	-1.8	0.045166
0	-1.7	0.045852
0	-1.6	0.044646
0	-1.5	0.043481
0	-1.4	0.040143
0	-1.3	0.040521
0	-1.2	0.045711
0	-1.1	0.05208
0	-1	0.056259
0	-0.9	0.060303
0	-0.8	0.064118
0	-0.7	0.064274
0	-0.6	0.061047
0	-0.5	0.055909
0	-0.4	0.048975
0	-0.3	0.038901
0	-0.2	0.032642
0	-0.1	0.02917
0	0	0.026536
0	0.1	0.027997
0	0.2	0.030805
0	0.3	0.035113
0	0.4	0.040602
0	0.5	0.045248
0	0.6	0.050825
0	0.7	0.056824
0	0.8	0.061209
0	0.9	0.064371
0	1	0.064282
0	1.1	0.063432
0	1.2	0.059124
0	1.3	0.053293
0	1.4	0.04882
0	1.5	0.044436
0	1.6	0.041747
0	1.7	0.039034
0	1.8	0.037391
0	1.9	0.035575
0	2	0.032703
0	2.1	0.028664
0	2.2	0.024845
0	2.3	0.023138
0	2.4	0.022429
0	2.5	0.022338
0	2.6	0.021008
0	2.7	0.019512
0	2.8	0.017013
0	2.9	0.014923
0	3	0.013129
0	3.1	0.012869
0	3.2	0.013665
0	3.3	0.015647
0	3.4	0.015928
0	3.5	0.014762
0	3.6	0.013646
0	3.7	0.011601
0	3.8	0.0098357
0	3.9	0.0097664
0	4	0.01011
10	-4	0.0092322
10	-3.9	0.0093988
10	-3.8	0.009416
10	-3.7	0.009043
10	-3.6	0.0083595
10	-3.5	0.0094365
10	-3.4	0.011661
10	-3.3	0.014005
10	-3.2	0.01545
10	-3.1	0.016533
10	-3	0.016662
10	-2.9	0.016571
10	-2.8	0.017083
10	-2.7	0.021347
10	-2.6	0.024571
10	-2.5	0.028645
10	-2.4	0.032348
10	-2.3	0.033193
10	-2.2	0.033094
10	-2.1	0.034229
10	-2	0.036408
10	-1.9	0.039895
10	-1.8	0.042685
10	-1.7	0.04313
10	-1.6	0.042491
10	-1.5	0.040896
10	-1.4	0.040235
10	-1.3	0.040782
10	-1.2	0.044052
10	-1.1	0.049024
10	-1	0.054604
10	-0.9	0.059407
10	-0.8	0.063883
10	-0.7	0.064293
10	-0.6	0.060762
10	-0.5	0.053483
10	-0.4	0.046781
10	-0.3	0.036784
10	-0.2	0.029264
10	-0.1	0.025736
10	0	0.025705
10	0.1	0.027169
10	0.2	0.028841
10	0.3	0.032303
10	0.4	0.036953
10	0.5	0.043062
10	0.6	0.048639
10	0.7	0.054379
10	0.8	0.061088
10	0.9	0.064053
10	1	0.064304
10	1.1	0.062492
10	1.2	0.057585
10	1.3	0.053114
10	1.4	0.047968
10	1.5	0.042852
10	1.6	0.040051
10	1.7	0.037462
10	1.8	0.035713
10	1.9	0.034449
10	2	0.031897
10	2.1	0.029059
10	2.2	0.024939
10	2.3	0.021884
10	2.4	0.020027
10	2.5	0.019064
10	2.6	0.018696
10	2.7	0.018498
10	2.8	0.017905
10	2.9	0.016831
10	3	0.015052
10	3.1	0.013779
10	3.2	0.013143
10	3.3	0.012517
10	3.4	0.01269
10	3.5	0.011921
10	3.6	0.010621
10	3.7	0.0097615
10	3.8	0.0093747
10	3.9	0.0095303
10	4	0.0086987
20	-4	0.0078593
20	-3.9	0.0085165
20	-3.8	0.0085203
20	-3.7	0.0080743
20	-3.6	0.0074388
20	-3.5	0.0079309
20	-3.4	0.0096399
20	-3.3	0.012107
20	-3.2	0.014096
20	-3.1	0.015272
20	-3	0.015178
20	-2.9	0.015137
20	-2.8	0.015994
20	-2.7	0.019012
20	-2.6	0.022521
20	-2.5	0.026578
20	-2.4	0.029655
20	-2.3	0.031625
20	-2.2	0.032715
20	-2.1	0.032762
20	-2	0.033774
20	-1.9	0.036196
20	-1.8	0.039397
20	-1.7	0.040831
20	-1.6	0.042483
20	-1.5	0.04164
20	-1.4	0.040688
20	-1.3	0.039149
20	-1.2	0.040179
20	-1.1	0.043745
20	-1	0.051019
20	-0.9	0.056432
20	-0.8	0.062659
20	-0.7	0.064158
20	-0.6	0.063022
20	-0.5	0.056582
20	-0.4	0.048267
20	-0.3	0.039153
20	-0.2	0.032119
20	-0.1	0.024877
20	0	0.021808
20	0.1	0.021619
20	0.2	0.023593
20	0.3	0.02712
20	0.4	0.034253
20	0.5	0.041743
20	0.6	0.047903
20	0.7	0.052695
20	0.8	0.060572
20	0.9	0.064828
20	1	0.065239
20	1.1	0.064274
20	1.2	0.062147
20	1.3	0.058403
20	1.4	0.05236
20	1.5	0.046486
20	1.6	0.04374
20	1.7	0.038656
20	1.8	0.034938
20	1.9	0.031708
20	2	0.028965
20	2.1	0.027868
20	2.2	0.026828
20	2.3	0.025093
20	2.4	0.023175
20	2.5	0.021481
20	2.6	0.019792
20	2.7	0.017136
20	2.8	0.016382
20	2.9	0.015674
20	3	0.015287
20	3.1	0.015174
20	3.2	0.014663
20	3.3	0.013241
20	3.4	0.011765
20	3.5	0.010525
20	3.6	0.0098652
20	3.7	0.0086763
20	3.8	0.008313
20	3.9	0.0088716
20	4	0.009241
30	-4	0.0075016
30	-3.9	0.0089333
30	-3.8	0.0088807
30	-3.7	0.0074236
30	-3.6	0.0058312
30	-3.5	0.0054323
30	-3.4	0.0065195
30	-3.3	0.010049
30	-3.2	0.011953
30	-3.1	0.013014
30	-3	0.013155
30	-2.9	0.012168
30	-2.8	0.012216
30	-2.7	0.014263
30	-2.6	0.019032
30	-2.5	0.024006
30	-2.4	0.026761
30	-2.3	0.02942
30	-2.2	0.029868
30	-2.1	0.030138
30	-2	0.031499
30	-1.9	0.035671
30	-1.8	0.039924
30	-1.7	0.042045
30	-1.6	0.042522
30	-1.5	0.040828
30	-1.4	0.037609
30	-1.3	0.035976
30	-1.2	0.037202
30	-1.1	0.045017
30	-1	0.052477
30	-0.9	0.058197
30	-0.8	0.062085
30	-0.7	0.063601
30	-0.6	0.060398
30	-0.5	0.052026
30	-0.4	0.045957
30	-0.3	0.035198
30	-0.2	0.025933
30	-0.1	0.021539
30	0	0.019597
30	0.1	0.019788
30	0.2	0.022532
30	0.3	0.024965
30	0.4	0.031771
30	0.5	0.03894
30	0.6	0.047258
30	0.7	0.05417
30	0.8	0.058134
30	0.9	0.061099
30	1	0.062486
30	1.1	0.061284
30	1.2	0.057745
30	1.3	0.05408
30	1.4	0.049337
30	1.5	0.04623
30	1.6	0.039799
30	1.7	0.035618
30	1.8	0.033772
30	1.9	0.031136
30	2	0.029573
30	2.1	0.029006
30	2.2	0.026976
30	2.3	0.024949
30	2.4	0.022463
30	2.5	0.021175
30	2.6	0.019867
30	2.7	0.017991
30	2.8	0.017532
30	2.9	0.017074
30	3	0.016182
30	3.1	0.014964
30	3.2	0.013471
30	3.3	0.013252
30	3.4	0.012787
30	3.5	0.012367
30	3.6	0.012155
30	3.7	0.011334
30	3.8	0.011223
30	3.9	0.010772
30	4	0.010731
40	-4	0.005691
40	-3.9	0.0064772
40	-3.8	0.0071756
40	-3.7	0.0077994
40	-3.6	0.0071553
40	-3.5	0.007274
40	-3.4	0.0074062
40	-3.3	0.0087782
40	-3.2	0.0099322
40	-3.1	0.011427
40	-3	0.011986
40	-2.9	0.011722
40	-2.8	0.011819
40	-2.7	0.013269
40	-2.6	0.0172
40	-2.5	0.020749
40	-2.4	0.024857
40	-2.3	0.027112
40	-2.2	0.02885
40	-2.1	0.030259
40	-2	0.032444
40	-1.9	0.034032
40	-1.8	0.037357
40	-1.7	0.038435
40	-1.6	0.038783
40	-1.5	0.037198
40	-1.4	0.034642
40	-1.3	0.033132
40	-1.2	0.034886
40	-1.1	0.03928
40	-1	0.045557
40	-0.9	0.054163
40	-0.8	0.057051
40	-0.7	0.060419
40	-0.6	0.057963
40	-0.5	0.052941
40	-0.4	0.044838
40	-0.3	0.033661
40	-0.2	0.029278
40	-0.1	0.021841
40	0	0.016917
40	0.1	0.016294
40	0.2	0.016775
40	0.3	0.019077
40	0.4	0.023719
40	0.5	0.030359
40	0.6	0.038499
40	0.7	0.043758
40	0.8	0.054199
40	0.9	0.058651
40	1	0.061389
40	1.1	0.061012
40	1.2	0.059028
40	1.3	0.055539
40	1.4	0.047521
40	1.5	0.043395
40	1.6	0.039805
40	1.7	0.035098
40	1.8	0.032907
40	1.9	0.030737
40	2	0.029845
40	2.1	0.02837
40	2.2	0.025457
40	2.3	0.023179
40	2.4	0.021564
40	2.5	0.019928
40	2.6	0.018909
40	2.7	0.01789
40	2.8	0.016831
40	2.9	0.016303
40	3	0.015413
40	3.1	0.013841
40	3.2	0.012631
40	3.3	0.01237
40	3.4	0.013006
40	3.5	0.013127
40	3.6	0.013145
40	3.7	0.01217
40	3.8	0.011284
40	3.9	0.011102
40	4	0.010417
50	-4	0.0053845
50	-3.9	0.0061206
50	-3.8	0.0062641
50	-3.7	0.0062873
50	-3.6	0.0053302
50	-3.5	0.0055501
50	-3.4	0.0065269
50	-3.3	0.0076212
50	-3.2	0.0087653
50	-3.1	0.0090591
50	-3	0.0082388
50	-2.9	0.0067652
50	-2.8	0.0071191
50	-2.7	0.0099061
50	-2.6	0.013497
50	-2.5	0.018849
50	-2.4	0.020711
50	-2.3	0.023513
50	-2.2	0.024474
50	-2.1	0.024576
50	-2	0.02586
50	-1.9	0.028963
50	-1.8	0.033236
50	-1.7	0.037147
50	-1.6	0.037735
50	-1.5	0.035029
50	-1.4	0.031333
50	-1.3	0.028444
50	-1.2	0.028642
50	-1.1	0.032254
50	-1	0.042483
50	-0.9	0.050274
50	-0.8	0.055387
50	-0.7	0.059279
50	-0.6	0.05865
50	-0.5	0.055626
50	-0.4	0.044568
50	-0.3	0.035155
50	-0.2	0.027087
50	-0.1	0.020297
50	0	0.014776
50	0.1	0.01404
50	0.2	0.014308
50	0.3	0.016265
50	0.4	0.019865
50	0.5	0.026513
50	0.6	0.03403
50	0.7	0.04136
50	0.8	0.047726
50	0.9	0.05296
50	1	0.054627
50	1.1	0.054836
50	1.2	0.052164
50	1.3	0.049261
50	1.4	0.044231
50	1.5	0.042494
50	1.6	0.037049
50	1.7	0.034979
50	1.8	0.032043
50	1.9	0.029857
50	2	0.027353
50	2.1	0.026317
50	2.2	0.024059
50	2.3	0.023186
50	2.4	0.022101
50	2.5	0.021417
50	2.6	0.020678
50	2.7	0.019095
50	2.8	0.016818
50	2.9	0.015558
50	3	0.014565
50	3.1	0.013317
50	3.2	0.013049
50	3.3	0.012435
50	3.4	0.01225
50	3.5	0.012184
50	3.6	0.01181
50	3.7	0.011921
50	3.8	0.011907
50	3.9	0.011505
50	4	0.011212
60	-4	0.0053393
60	-3.9	0.0060355
60	-3.8	0.0068578
60	-3.7	0.0067341
60	-3.6	0.0064472
60	-3.5	0.0054502
60	-3.4	0.0053695
60	-3.3	0.0062693
60	-3.2	0.0081678
60	-3.1	0.0088039
60	-3	0.0089134
60	-2.9	0.0076403
60	-2.8	0.00611
60	-2.7	0.0075231
60	-2.6	0.010278
60	-2.5	0.01553
60	-2.4	0.018637
60	-2.3	0.020298
60	-2.2	0.021649
60	-2.1	0.021913
60	-2	0.023327
60	-1.9	0.026309
60	-1.8	0.028976
60	-1.7	0.032892
60	-1.6	0.034458
60	-1.5	0.033947
60	-1.4	0.03024
60	-1.3	0.027488
60	-1.2	0.02573
60	-1.1	0.030899
60	-1	0.038167
60	-0.9	0.048717
60	-0.8	0.05497
60	-0.7	0.058
60	-0.6	0.057729
60	-0.5	0.05285
60	-0.4	0.046803
60	-0.3	0.036926
60	-0.2	0.027658
60	-0.1	0.020128
60	0	0.013421
60	0.1	0.012132
60	0.2	0.011604
60	0.3	0.011866
60	0.4	0.014206
60	0.5	0.021243
60	0.6	0.029842
60	0.7	0.036635
60	0.8	0.04242
60	0.9	0.047381
60	1	0.050412
60	1.1	0.051501
60	1.2	0.050845
60	1.3	0.048542
60	1.4	0.043385
60	1.5	0.039803
60	1.6	0.035895
60	1.7	0.031053
60	1.8	0.026819
60	1.9	0.024581
60	2	0.023878
60	2.1	0.023563
60	2.2	0.023365
60	2.3	0.022153
60	2.4	0.019836
60	2.5	0.018193
60	2.6	0.016378
60	2.7	0.015897
60	2.8	0.015382
60	2.9	0.015803
60	3	0.015152
60	3.1	0.014223
60	3.2	0.01207
60	3.3	0.011373
60	3.4	0.011795
60	3.5	0.012593
60	3.6	0.013453
60	3.7	0.013552
60	3.8	0.013008
60	3.9	0.011541
60	4	0.0099501
70	-4	0.0058726
70	-3.9	0.0072718
70	-3.8	0.0083382
70	-3.7	0.0081856
70	-3.6	0.0074171
70	-3.5	0.0067149
70	-3.4	0.0056166
70	-3.3	0.0059898
70	-3.2	0.0070139
70	-3.1	0.0090144
70	-3	0.009139
70	-2.9	0.0090072
70	-2.8	0.007508
70	-2.7	0.0054738
70	-2.6	0.0076867
70	-2.5	0.011415
70	-2.4	0.01525
70	-2.3	0.018979
70	-2.2	0.020771
70	-2.1	0.021056
70	-2	0.023034
70	-1.9	0.024785
70	-1.8	0.026887
70	-1.7	0.02882
70	-1.6	0.030108
70	-1.5	0.028483
70	-1.4	0.025825
70	-1.3	0.022628
70	-1.2	0.021117
70	-1.1	0.024389
70	-1	0.032121
70	-0.9	0.040157
70	-0.8	0.049509
70	-0.7	0.053749
70	-0.6	0.055372
70	-0.5	0.051127
70	-0.4	0.045281
70	-0.3	0.038331
70	-0.2	0.027125
70	-0.1	0.021928
70	0	0.015229
70	0.1	0.012963
70	0.2	0.011589
70	0.3	0.010926
70	0.4	0.011467
70	0.5	0.014558
70	0.6	0.022373
70	0.7	0.02766
70	0.8	0.035611
70	0.9	0.0425
70	1	0.046861
70	1.1	0.048644
70	1.2	0.047909
70	1.3	0.045412
70	1.4	0.042382
70	1.5	0.03555
70	1.6	0.032921
70	1.7	0.027806
70	1.8	0.026168
70	1.9	0.025003
70	2	0.024511
70	2.1	0.024706
70	2.2	0.024042
70	2.3	0.022604
70	2.4	0.021128
70	2.5	0.019458
70	2.6	0.018247
70	2.7	0.016979
70	2.8	0.015849
70	2.9	0.014959
70	3	0.013947
70	3.1	0.01259
70	3.2	0.011881
70	3.3	0.011454
70	3.4	0.011386
70	3.5	0.011643
70	3.6	0.010926
70	3.7	0.010698
70	3.8	0.010116
70	3.9	0.010245
70	4	0.0096315
80	-4	0.0058946
80	-3.9	0.0070552
80	-3.8	0.0082935
80	-3.7	0.009295
80	-3.6	0.0091177
80	-3.5	0.0089387
80	-3.4	0.0076509
80	-3.3	0.0076804
80	-3.2	0.0070461
80	-3.1	0.0080843
80	-3	0.0090644
80	-2.9	0.0087339
80	-2.8	0.0077558
80	-2.7	0.0069001
80	-2.6	0.0053695
80	-2.5	0.0074018
80	-2.4	0.011447
80	-2.3	0.014515
80	-2.2	0.017823
80	-2.1	0.019955
80	-2	0.021079
80	-1.9	0.022124
80	-1.8	0.023267
80	-1.7	0.025826
80	-1.6	0.027358
80	-1.5	0.026984
80	-1.4	0.024977
80	-1.3	0.022194
80	-1.2	0.018324
80	-1.1	0.019038
80	-1	0.027362
80	-0.9	0.034651
80	-0.8	0.041095
80	-0.7	0.050208
80	-0.6	0.053798
80	-0.5	0.053175
80	-0.4	0.047997
80	-0.3	0.041768
80	-0.2	0.033385
80	-0.1	0.025405
80	0	0.01648
80	0.1	0.012711
80	0.2	0.011378
80	0.3	0.010618
80	0.4	0.0095911
80	0.5	0.010211
80	0.6	0.015721
80	0.7	0.023016
80	0.8	0.029248
80	0.9	0.03813
80	1	0.04249
80	1.1	0.045327
80	1.2	0.044913
80	1.3	0.042213
80	1.4	0.037404
80	1.5	0.03069
80	1.6	0.026194
80	1.7	0.024621
80	1.8	0.021558
80	1.9	0.019314
80	2	0.019158
80	2.1	0.018334
80	2.2	0.01829
80	2.3	0.018647
80	2.4	0.018698
80	2.5	0.018586
80	2.6	0.017967
80	2.7	0.015429
80	2.8	0.013074
80	2.9	0.011299
80	3	0.01052
80	3.1	0.0095624
80	3.2	0.009725
80	3.3	0.010903
80	3.4	0.011368
80	3.5	0.010798
80	3.6	0.0098456
80	3.7	0.0088552
80	3.8	0.0081975
80	3.9	0.0076951
80	4	0.0083904
90	-4	0.0052261
90	-3.9	0.006886
90	-3.8	0.0072339
90	-3.7	0.0092235
90	-3.6	0.010183
90	-3.5	0.0098881
90	-3.4	0.0091725
90	-3.3	0.0082837
90	-3.2	0.0073007
90	-3.1	0.0072116
90	-3	0.0078552
90	-2.9	0.0078962
90	-2.8	0.0078098
90	-2.7	0.0067915
90	-2.6	0.0053935
90	-2.5	0.0053423
90	-2.4	0.0074475
90	-2.3	0.011151
90	-2.2	0.014315
90	-2.1	0.016207
90	-2	0.018272
90	-1.9	0.020133
90	-1.8	0.022795
90	-1.7	0.025136
90	-1.6	0.02779
90	-1.5	0.028626
90	-1.4	0.027557
90	-1.3	0.02315
90	-1.2	0.017026
90	-1.1	0.015799
90	-1	0.021027
90	-0.9	0.027807
90	-0.8	0.04014
90	-0.7	0.048618
90	-0.6	0.051925
90	-0.5	0.053376
90	-0.4	0.049848
90	-0.3	0.041586
90	-0.2	0.036621
90	-0.1	0.026246
90	0	0.021468
90	0.1	0.017131
90	0.2	0.014229
90	0.3	0.012172
90	0.4	0.01
90	0.5	0.010586
90	0.6	0.015721
90	0.7	0.020884
90	0.8	0.025818
90	0.9	0.033222
90	1	0.037707
90	1.1	0.039387
90	1.2	0.039814
90	1.3	0.038138
90	1.4	0.035835
90	1.5	0.028951
90	1.6	0.02438
90	1.7	0.022482
90	1.8	0.019561
90	1.9	0.018835
90	2	0.020375
90	2.1	0.022178
90	2.2	0.02284
90	2.3	0.023155
90	2.4	0.022322
90	2.5	0.020635
90	2.6	0.018137
90	2.7	0.015989
90	2.8	0.015155
90	2.9	0.014554
90	3	0.014486
90	3.1	0.013601
90	3.2	0.01278
90	3.3	0.011708
90	3.4	0.01109
90	3.5	0.010885
90	3.6	0.010862
90	3.7	0.011416
90	3.8	0.011288
90	3.9	0.010583
90	4	0.0098341
100	-4	0.0094245
100	-3.9	0.011332
100	-3.8	0.012374
100	-3.7	0.013629
100	-3.6	0.013249
100	-3.5	0.012719
100	-3.4	0.012154
100	-3.3	0.012143
100	-3.2	0.013266
100	-3.1	0.013759
100	-3	0.013895
100	-2.9	0.012928
100	-2.8	0.010161
100	-2.7	0.0080442
100	-2.6	0.0059001
100	-2.5	0.0064095
100	-2.4	0.0093263
100	-2.3	0.012982
100	-2.2	0.016181
100	-2.1	0.01759
100	-2	0.019192
100	-1.9	0.020687
100	-1.8	0.024196
100	-1.7	0.027364
100	-1.6	0.029906
100	-1.5	0.030204
100	-1.4	0.026525
100	-1.3	0.022037
100	-1.2	0.015298
100	-1.1	0.012246
100	-1	0.016871
100	-0.9	0.023778
100	-0.8	0.032236
100	-0.7	0.039596
100	-0.6	0.044873
100	-0.5	0.046737
100	-0.4	0.045712
100	-0.3	0.042649
100	-0.2	0.037183
100	-0.1	0.031097
100	0	0.025827
100	0.1	0.019785
100	0.2	0.014331
100	0.3	0.012744
100	0.4	0.010515
100	0.5	0.0095286
100	0.6	0.013611
100	0.7	0.016924
100	0.8	0.023682
100	0.9	0.027967
100	1	0.032809
100	1.1	0.035697
100	1.2	0.036769
100	1.3	0.036013
100	1.4	0.03163
100	1.5	0.027931
100	1.6	0.02318
100	1.7	0.018618
100	1.8	0.016787
100	1.9	0.016774
100	2	0.018966
100	2.1	0.021228
100	2.2	0.023132
100	2.3	0.022913
100	2.4	0.022059
100	2.5	0.02067
100	2.6	0.019214
100	2.7	0.018092
100	2.8	0.016934
100	2.9	0.015174
100	3	0.013718
100	3.1	0.012104
100	3.2	0.010745
100	3.3	0.0098193
100	3.4	0.0090412
100	3.5	0.0091813
100	3.6	0.0097183
100	3.7	0.0098341
100	3.8	0.0096884
100	3.9	0.01002
100	4	0.010745
110	-4	0.0081262
110	-3.9	0.0075295
110	-3.8	0.0091248
110	-3.7	0.011647
110	-3.6	0.012988
110	-3.5	0.014209
110	-3.4	0.012951
110	-3.3	0.011844
110	-3.2	0.010106
110	-3.1	0.0091954
110	-3	0.010156
110	-2.9	0.011151
110	-2.8	0.012032
110	-2.7	0.011443
110	-2.6	0.0085846
110	-2.5	0.0070598
110	-2.4	0.0078716
110	-2.3	0.0090126
110	-2.2	0.013432
110	-2.1	0.015403
110	-2	0.017225
110	-1.9	0.018726
110	-1.8	0.020915
110	-1.7	0.024264
110	-1.6	0.026996
110	-1.5	0.029433
110	-1.4	0.029579
110	-1.3	0.027402
110	-1.2	0.02216
110	-1.1	0.015219
110	-1	0.010685
110	-0.9	0.017331
110	-0.8	0.028656
110	-0.7	0.037602
110	-0.6	0.046388
110	-0.5	0.050208
110	-0.4	0.049893
110	-0.3	0.046623
110	-0.2	0.040268
110	-0.1	0.032677
110	0	0.025815
110	0.1	0.022153
110	0.2	0.017335
110	0.3	0.015249
110	0.4	0.011037
110	0.5	0.011077
110	0.6	0.012976
110	0.7	0.018244
110	0.8	0.024716
110	0.9	0.031
110	1	0.036042
110	1.1	0.036984
110	1.2	0.03604
110	1.3	0.032588
110	1.4	0.028483
110	1.5	0.024258
110	1.6	0.019539
110	1.7	0.018449
110	1.8	0.017949
110	1.9	0.019018
110	2	0.02065
110	2.1	0.021714
110	2.2	0.023373
110	2.3	0.023679
110	2.4	0.023537
110	2.5	0.02307
110	2.6	0.022886
110	2.7	0.021537
110	2.8	0.02032
110	2.9	0.018237
110	3	0.015304
110	3.1	0.01399
110	3.2	0.011494
110	3.3	0.0098669
110	3.4	0.0086165
110	3.5	0.0090964
110	3.6	0.0095962
110	3.7	0.010221
110	3.8	0.0099191
110	3.9	0.0091496
110	4	0.0091053
120	-4	0.0093003
120	-3.9	0.010839
120	-3.8	0.012776
120	-3.7	0.014785
120	-3.6	0.015638
120	-3.5	0.01504
120	-3.4	0.014225
120	-3.3	0.013187
120	-3.2	0.013727
120	-3.1	0.014472
120	-3	0.015718
120	-2.9	0.015874
120	-2.8	0.014661
120	-2.7	0.011837
120	-2.6	0.0078407
120	-2.5	0.0062925
120	-2.4	0.006879
120	-2.3	0.010074
120	-2.2	0.013171
120	-2.1	0.016012
120	-2	0.017506
120	-1.9	0.019922
120	-1.8	0.02324
120	-1.7	0.027166
120	-1.6	0.031362
120	-1.5	0.034916
120	-1.4	0.035378
120	-1.3	0.033282
120	-1.2	0.02809
120	-1.1	0.017508
120	-1	0.012483
120	-0.9	0.012958
120	-0.8	0.022103
120	-0.7	0.028599
120	-0.6	0.037957
120	-0.5	0.044321
120	-0.4	0.046364
120	-0.3	0.045914
120	-0.2	0.041025
120	-0.1	0.036038
120	0	0.031353
120	0.1	0.026303
120	0.2	0.022247
120	0.3	0.018247
120	0.4	0.016048
120	0.5	0.014843
120	0.6	0.015512
120	0.7	0.018928
120	0.8	0.02085
120	0.9	0.026065
120	1	0.030362
120	1.1	0.031817
120	1.2	0.032406
120	1.3	0.032325
120	1.4	0.029524
120	1.5	0.025811
120	1.6	0.022985
120	1.7	0.02003
120	1.8	0.018371
120	1.9	0.019717
120	2	0.022713
120	2.1	0.024803
120	2.2	0.027885
120	2.3	0.028731
120	2.4	0.028811
120	2.5	0.027715
120	2.6	0.02561
120	2.7	0.024459
120	2.8	0.022343
120	2.9	0.020253
120	3	0.018391
120	3.1	0.017413
120	3.2	0.015269
120	3.3	0.013538
120	3.4	0.011371
120	3.5	0.010682
120	3.6	0.010526
120	3.7	0.011046
120	3.8	0.011242
120	3.9	0.011477
120	4	0.011547
130	-4	0.010995
130	-3.9	0.01183
130	-3.8	0.013401
130	-3.7	0.015594
130	-3.6	0.015959
130	-3.5	0.016365
130	-3.4	0.015803
130	-3.3	0.014957
130	-3.2	0.014015
130	-3.1	0.014398
130	-3	0.015177
130	-2.9	0.015101
130	-2.8	0.014566
130	-2.7	0.012814
130	-2.6	0.010414
130	-2.5	0.0078263
130	-2.4	0.0063918
130	-2.3	0.0081718
130	-2.2	0.011053
130	-2.1	0.015039
130	-2	0.018126
130	-1.9	0.022583
130	-1.8	0.027089
130	-1.7	0.030396
130	-1.6	0.035715
130	-1.5	0.039209
130	-1.4	0.039824
130	-1.3	0.037183
130	-1.2	0.029849
130	-1.1	0.024654
130	-1	0.017073
130	-0.9	0.012599
130	-0.8	0.016735
130	-0.7	0.02702
130	-0.6	0.036518
130	-0.5	0.042788
130	-0.4	0.046014
130	-0.3	0.04667
130	-0.2	0.044824
130	-0.1	0.041024
130	0	0.037216
130	0.1	0.030903
130	0.2	0.027719
130	0.3	0.023515
130	0.4	0.019406
130	0.5	0.016298
130	0.6	0.016533
130	0.7	0.020747
130	0.8	0.022653
130	0.9	0.027898
130	1	0.032389
130	1.1	0.035311
130	1.2	0.036368
130	1.3	0.035359
130	1.4	0.032481
130	1.5	0.030441
130	1.6	0.02718
130	1.7	0.02382
130	1.8	0.023393
130	1.9	0.024858
130	2	0.029013
130	2.1	0.032059
130	2.2	0.035437
130	2.3	0.036321
130	2.4	0.035338
130	2.5	0.032774
130	2.6	0.029309
130	2.7	0.024693
130	2.8	0.022222
130	2.9	0.019573
130	3	0.017073
130	3.1	0.015453
130	3.2	0.012813
130	3.3	0.009783
130	3.4	0.0094844
130	3.5	0.0086968
130	3.6	0.0090911
130	3.7	0.0095235
130	3.8	0.010052
130	3.9	0.0098406
130	4	0.0095607
140	-4	0.011867
140	-3.9	0.012295
140	-3.8	0.013427
140	-3.7	0.014626
140	-3.6	0.015332
140	-3.5	0.016499
140	-3.4	0.017235
140	-3.3	0.016937
140	-3.2	0.016588
140	-3.1	0.016264
140	-3	0.015891
140	-2.9	0.01564
140	-2.8	0.015452
140	-2.7	0.014774
140	-2.6	0.012068
140	-2.5	0.0098011
140	-2.4	0.0070415
140	-2.3	0.007369
140	-2.2	0.012027
140	-2.1	0.016649
140	-2	0.021454
140	-1.9	0.024717
140	-1.8	0.029758
140	-1.7	0.034156
140	-1.6	0.038383
140	-1.5	0.041765
140	-1.4	0.0424
140	-1.3	0.041183
140	-1.2	0.036332
140	-1.1	0.028185
140	-1	0.022413
140	-0.9	0.016535
140	-0.8	0.015349
140	-0.7	0.022256
140	-0.6	0.031877
140	-0.5	0.04064
140	-0.4	0.043455
140	-0.3	0.046204
140	-0.2	0.045207
140	-0.1	0.041765
140	0	0.038297
140	0.1	0.034829
140	0.2	0.029949
140	0.3	0.026443
140	0.4	0.022089
140	0.5	0.020485
140	0.6	0.020174
140	0.7	0.022521
140	0.8	0.028412
140	0.9	0.030898
140	1	0.035369
140	1.1	0.037155
140	1.2	0.036371
140	1.3	0.034653
140	1.4	0.030537
140	1.5	0.027329
140	1.6	0.026252
140	1.7	0.0272
140	1.8	0.029211
140	1.9	0.031015
140	2	0.033192
140	2.1	0.034463
140	2.2	0.035185
140	2.3	0.034792
140	2.4	0.03409
140	2.5	0.032661
140	2.6	0.030757
140	2.7	0.027096
140	2.8	0.022641
140	2.9	0.020183
140	3	0.015345
140	3.1	0.012828
140	3.2	0.011147
140	3.3	0.010512
140	3.4	0.010515
140	3.5	0.010389
140	3.6	0.0094878
140	3.7	0.008769
140	3.8	0.0080983
140	3.9	0.008272
140	4	0.0087431
150	-4	0.010894
150	-3.9	0.012163
150	-3.8	0.013797
150	-3.7	0.015785
150	-3.6	0.0178
150	-3.5	0.01833
150	-3.4	0.018069
150	-3.3	0.017201
150	-3.2	0.016471
150	-3.1	0.016233
150	-3	0.016222
150	-2.9	0.017126
150	-2.8	0.016934
150	-2.7	0.015689
150	-2.6	0.012921
150	-2.5	0.0092059
150	-2.4	0.0073228
150	-2.3	0.010058
150	-2.2	0.015094
150	-2.1	0.02075
150	-2	0.023784
150	-1.9	0.028852
150	-1.8	0.033975
150	-1.7	0.038886
150	-1.6	0.04318
150	-1.5	0.046701
150	-1.4	0.047553
150	-1.3	0.044741
150	-1.2	0.041008
150	-1.1	0.033005
150	-1	0.022808
150	-0.9	0.016001
150	-0.8	0.017504
150	-0.7	0.022972
150	-0.6	0.03144
150	-0.5	0.041
150	-0.4	0.043825
150	-0.3	0.046412
150	-0.2	0.045956
150	-0.1	0.041562
150	0	0.037967
150	0.1	0.032944
150	0.2	0.029603
150	0.3	0.024326
150	0.4	0.022333
150	0.5	0.021164
150	0.6	0.021289
150	0.7	0.024945
150	0.8	0.028456
150	0.9	0.034401
150	1	0.037827
150	1.1	0.039622
150	1.2	0.039801
150	1.3	0.038309
150	1.4	0.034795
150	1.5	0.030854
150	1.6	0.029168
150	1.7	0.029027
150	1.8	0.030666
150	1.9	0.032387
150	2	0.035952
150	2.1	0.03809
150	2.2	0.038409
150	2.3	0.036755
150	2.4	0.034902
150	2.5	0.032571
150	2.6	0.029194
150	2.7	0.026411
150	2.8	0.022082
150	2.9	0.019407
150	3	0.017503
150	3.1	0.013355
150	3.2	0.010503
150	3.3	0.0090733
150	3.4	0.0087524
150	3.5	0.0093453
150	3.6	0.0094861
150	3.7	0.0098603
150	3.8	0.0090911
150	3.9	0.0090662
150	4	0.0088679
160	-4	0.010273
160	-3.9	0.011674
160	-3.8	0.012992
160	-3.7	0.014991
160	-3.6	0.016056
160	-3.5	0.016221
160	-3.4	0.016288
160	-3.3	0.016673
160	-3.2	0.017159
160	-3.1	0.017978
160	-3	0.018378
160	-2.9	0.018414
160	-2.8	0.017253
160	-2.7	0.014557
160	-2.6	0.010207
160	-2.5	0.0081182
160	-2.4	0.0075616
160	-2.3	0.010569
160	-2.2	0.014861
160	-2.1	0.019738
160	-2	0.022855
160	-1.9	0.029746
160	-1.8	0.035178
160	-1.7	0.042681
160	-1.6	0.046887
160	-1.5	0.050437
160	-1.4	0.051348
160	-1.3	0.049368
160	-1.2	0.042532
160	-1.1	0.033121
160	-1	0.022367
160	-0.9	0.016188
160	-0.8	0.017481
160	-0.7	0.025013
160	-0.6	0.033716
160	-0.5	0.039573
160	-0.4	0.043569
160	-0.3	0.044338
160	-0.2	0.043794
160	-0.1	0.040596
160	0	0.036786
160	0.1	0.03303
160	0.2	0.029298
160	0.3	0.026108
160	0.4	0.023974
160	0.5	0.023334
160	0.6	0.023712
160	0.7	0.026253
160	0.8	0.027989
160	0.9	0.032874
160	1	0.036237
160	1.1	0.038403
160	1.2	0.039738
160	1.3	0.038649
160	1.4	0.035836
160	1.5	0.032886
160	1.6	0.030558
160	1.7	0.028284
160	1.8	0.029055
160	1.9	0.03136
160	2	0.035213
160	2.1	0.038549
160	2.2	0.038761
160	2.3	0.037608
160	2.4	0.035509
160	2.5	0.032088
160	2.6	0.027721
160	2.7	0.023884
160	2.8	0.020892
160	2.9	0.019689
160	3	0.018461
160	3.1	0.015612
160	3.2	0.013441
160	3.3	0.010251
160	3.4	0.0089152
160	3.5	0.0091813
160	3.6	0.010082
160	3.7	0.010307
160	3.8	0.011326
160	3.9	0.011075
160	4	0.010512
170	-4	0.0090608
170	-3.9	0.01124
170	-3.8	0.013013
170	-3.7	0.013963
170	-3.6	0.014084
170	-3.5	0.013092
170	-3.4	0.012293
170	-3.3	0.011749
170	-3.2	0.012828
170	-3.1	0.014245
170	-3	0.015952
170	-2.9	0.016308
170	-2.8	0.014997
170	-2.7	0.012135
170	-2.6	0.0090144
170	-2.5	0.0078654
170	-2.4	0.0099094
170	-2.3	0.012366
170	-2.2	0.015743
170	-2.1	0.018483
170	-2	0.021579
170	-1.9	0.025912
170	-1.8	0.033664
170	-1.7	0.039713
170	-1.6	0.045585
170	-1.5	0.049594
170	-1.4	0.051222
170	-1.3	0.049415
170	-1.2	0.041271
170	-1.1	0.031409
170	-1	0.019833
170	-0.9	0.016227
170	-0.8	0.020369
170	-0.7	0.029214
170	-0.6	0.036673
170	-0.5	0.043027
170	-0.4	0.044601
170	-0.3	0.044031
170	-0.2	0.038424
170	-0.1	0.035115
170	0	0.028804
170	0.1	0.025367
170	0.2	0.022661
170	0.3	0.021567
170	0.4	0.021538
170	0.5	0.022641
170	0.6	0.025211
170	0.7	0.02964
170	0.8	0.033235
170	0.9	0.037634
170	1	0.039077
170	1.1	0.039914
170	1.2	0.038712
170	1.3	0.036011
170	1.4	0.032032
170	1.5	0.030261
170	1.6	0.029841
170	1.7	0.030005
170	1.8	0.030942
170	1.9	0.032982
170	2	0.033668
170	2.1	0.033216
170	2.2	0.032948
170	2.3	0.032455
170	2.4	0.03145
170	2.5	0.030665
170	2.6	0.027202
170	2.7	0.025483
170	2.8	0.022202
170	2.9	0.019979
170	3	0.017382
170	3.1	0.013752
170	3.2	0.011534
170	3.3	0.010378
170	3.4	0.010525
170	3.5	0.010126
170	3.6	0.010389
170	3.7	0.010741
170	3.8	0.011676
170	3.9	0.012708
170	4	0.013067
180	-4	0.0081619
180	-3.9	0.010354
180	-3.8	0.012804
180	-3.7	0.014422
180	-3.6	0.01537
180	-3.5	0.014377
180	-3.4	0.012521
180	-3.3	0.011233
180	-3.2	0.011843
180	-3.1	0.013244
180	-3	0.014853
180	-2.9	0.015321
180	-2.8	0.014054
180	-2.7	0.011279
180	-2.6	0.0075936
180	-2.5	0.008274
180	-2.4	0.011679
180	-2.3	0.01575
180	-2.2	0.021194
180	-2.1	0.023419
180	-2	0.026733
180	-1.9	0.030705
180	-1.8	0.036617
180	-1.7	0.041448
180	-1.6	0.046001
180	-1.5	0.048479
180	-1.4	0.046803
180	-1.3	0.0409
180	-1.2	0.033224
180	-1.1	0.023147
180	-1	0.015872
180	-0.9	0.014671
180	-0.8	0.021787
180	-0.7	0.02833
180	-0.6	0.038583
180	-0.5	0.041634
180	-0.4	0.04321
180	-0.3	0.042226
180	-0.2	0.037309
180	-0.1	0.031297
180	0	0.02736
180	0.1	0.022922
180	0.2	0.018692
180	0.3	0.018028
180	0.4	0.017282
180	0.5	0.018508
180	0.6	0.021626
180	0.7	0.026431
180	0.8	0.030865
180	0.9	0.03535
180	1	0.039357
180	1.1	0.040427
180	1.2	0.039895
180	1.3	0.036502
180	1.4	0.034071
180	1.5	0.031664
180	1.6	0.028679
180	1.7	0.02622
180	1.8	0.027161
180	1.9	0.028044
180	2	0.030103
180	2.1	0.03103
180	2.2	0.030146
180	2.3	0.028969
180	2.4	0.026581
180	2.5	0.023708
180	2.6	0.020389
180	2.7	0.019011
180	2.8	0.016541
180	2.9	0.014602
180	3	0.013516
180	3.1	0.01119
180	3.2	0.0093971
180	3.3	0.0085506
180	3.4	0.0074214
180	3.5	0.0079146
180	3.6	0.0082623
180	3.7	0.0091514
180	3.8	0.0098143
180	3.9	0.0096834
180	4	0.0089478
 
Uniformity Ratio =0.37683
