14-Dec-2017
10:24
TXR  007957 RM428 R24
33511B Function Generator
SN =Agilent Technologies,33511B,MY52301476,3.05-1.19-2.00-52-00
freq =+9.230000000000000E+06
burstmode =TRIG
burstN =+6.000000000000000E+01
voltage =+1.5000000000000E-01
 
DSO-X 2022A Oscilloscope
SN =AGILENT TECHNOLOGIES,DSO-X 2022A,MY54310921,02.41.2015102200
probe =+1.0000000E+00
scale =+500.0E-09
position =+19.900000E-06
range =+1.60E+00
units =VOLT
points =+2000
pointmode =NORM
format =BYTE
acqtype =NORM
trigsource =EXT
coupling =AC
 
-180	-4	0.012219
-180	-3.9	0.013646
-180	-3.8	0.012621
-180	-3.7	0.011654
-180	-3.6	0.0095184
-180	-3.5	0.0093124
-180	-3.4	0.011037
-180	-3.3	0.01364
-180	-3.2	0.014356
-180	-3.1	0.013355
-180	-3	0.011125
-180	-2.9	0.011233
-180	-2.8	0.014289
-180	-2.7	0.021723
-180	-2.6	0.026627
-180	-2.5	0.031868
-180	-2.4	0.0342
-180	-2.3	0.03532
-180	-2.2	0.037091
-180	-2.1	0.038956
-180	-2	0.040512
-180	-1.9	0.043517
-180	-1.8	0.045297
-180	-1.7	0.043391
-180	-1.6	0.040276
-180	-1.5	0.034503
-180	-1.4	0.026827
-180	-1.3	0.026711
-180	-1.2	0.034286
-180	-1.1	0.045753
-180	-1	0.052187
-180	-0.9	0.059634
-180	-0.8	0.061158
-180	-0.7	0.059774
-180	-0.6	0.053822
-180	-0.5	0.044646
-180	-0.4	0.037145
-180	-0.3	0.028675
-180	-0.2	0.020984
-180	-0.1	0.016746
-180	0	0.015173
-180	0.1	0.016053
-180	0.2	0.017905
-180	0.3	0.021833
-180	0.4	0.027147
-180	0.5	0.031903
-180	0.6	0.038396
-180	0.7	0.042437
-180	0.8	0.0472
-180	0.9	0.047726
-180	1	0.046759
-180	1.1	0.045215
-180	1.2	0.041654
-180	1.3	0.036355
-180	1.4	0.032232
-180	1.5	0.029778
-180	1.6	0.029098
-180	1.7	0.029742
-180	1.8	0.031524
-180	1.9	0.032159
-180	2	0.031373
-180	2.1	0.029322
-180	2.2	0.024804
-180	2.3	0.022936
-180	2.4	0.020323
-180	2.5	0.019457
-180	2.6	0.019062
-180	2.7	0.018472
-180	2.8	0.017286
-180	2.9	0.01476
-180	3	0.011727
-180	3.1	0.010015
-180	3.2	0.0097731
-180	3.3	0.011081
-180	3.4	0.012035
-180	3.5	0.012037
-180	3.6	0.010609
-180	3.7	0.0090769
-180	3.8	0.0077433
-180	3.9	0.0078982
-180	4	0.0088789
-170	-4	0.011741
-170	-3.9	0.012798
-170	-3.8	0.012634
-170	-3.7	0.010703
-170	-3.6	0.0098242
-170	-3.5	0.0096917
-170	-3.4	0.011369
-170	-3.3	0.012779
-170	-3.2	0.013546
-170	-3.1	0.0123
-170	-3	0.011363
-170	-2.9	0.011729
-170	-2.8	0.014632
-170	-2.7	0.019756
-170	-2.6	0.023655
-170	-2.5	0.027041
-170	-2.4	0.02973
-170	-2.3	0.033015
-170	-2.2	0.036828
-170	-2.1	0.039355
-170	-2	0.041884
-170	-1.9	0.044519
-170	-1.8	0.045144
-170	-1.7	0.042627
-170	-1.6	0.036622
-170	-1.5	0.030305
-170	-1.4	0.027949
-170	-1.3	0.027827
-170	-1.2	0.036567
-170	-1.1	0.045254
-170	-1	0.054596
-170	-0.9	0.060309
-170	-0.8	0.061509
-170	-0.7	0.059724
-170	-0.6	0.052045
-170	-0.5	0.042255
-170	-0.4	0.036428
-170	-0.3	0.022892
-170	-0.2	0.018587
-170	-0.1	0.015399
-170	0	0.01413
-170	0.1	0.014125
-170	0.2	0.016343
-170	0.3	0.02136
-170	0.4	0.028698
-170	0.5	0.032829
-170	0.6	0.039978
-170	0.7	0.044078
-170	0.8	0.044677
-170	0.9	0.043486
-170	1	0.041857
-170	1.1	0.038963
-170	1.2	0.035207
-170	1.3	0.031737
-170	1.4	0.030988
-170	1.5	0.031339
-170	1.6	0.030952
-170	1.7	0.03015
-170	1.8	0.029677
-170	1.9	0.029185
-170	2	0.028982
-170	2.1	0.027218
-170	2.2	0.025735
-170	2.3	0.024396
-170	2.4	0.022234
-170	2.5	0.020855
-170	2.6	0.019271
-170	2.7	0.016402
-170	2.8	0.015746
-170	2.9	0.01459
-170	3	0.013835
-170	3.1	0.012187
-170	3.2	0.011049
-170	3.3	0.010903
-170	3.4	0.011615
-170	3.5	0.012023
-170	3.6	0.012098
-170	3.7	0.012327
-170	3.8	0.011365
-170	3.9	0.0097698
-170	4	0.0082935
-160	-4	0.013521
-160	-3.9	0.014081
-160	-3.8	0.01351
-160	-3.7	0.012087
-160	-3.6	0.01104
-160	-3.5	0.011271
-160	-3.4	0.012499
-160	-3.3	0.012898
-160	-3.2	0.012732
-160	-3.1	0.01152
-160	-3	0.010918
-160	-2.9	0.011793
-160	-2.8	0.01779
-160	-2.7	0.021795
-160	-2.6	0.026761
-160	-2.5	0.030525
-160	-2.4	0.03323
-160	-2.3	0.035073
-160	-2.2	0.03777
-160	-2.1	0.040147
-160	-2	0.044084
-160	-1.9	0.047355
-160	-1.8	0.046942
-160	-1.7	0.044677
-160	-1.6	0.037237
-160	-1.5	0.029455
-160	-1.4	0.024957
-160	-1.3	0.029026
-160	-1.2	0.038824
-160	-1.1	0.050654
-160	-1	0.058723
-160	-0.9	0.062457
-160	-0.8	0.061311
-160	-0.7	0.056132
-160	-0.6	0.047255
-160	-0.5	0.036179
-160	-0.4	0.029023
-160	-0.3	0.019866
-160	-0.2	0.015756
-160	-0.1	0.013826
-160	0	0.013259
-160	0.1	0.014065
-160	0.2	0.017108
-160	0.3	0.023404
-160	0.4	0.029589
-160	0.5	0.036697
-160	0.6	0.040233
-160	0.7	0.044195
-160	0.8	0.043819
-160	0.9	0.042012
-160	1	0.03974
-160	1.1	0.036568
-160	1.2	0.031257
-160	1.3	0.029898
-160	1.4	0.030181
-160	1.5	0.031109
-160	1.6	0.031017
-160	1.7	0.030513
-160	1.8	0.030449
-160	1.9	0.030767
-160	2	0.029598
-160	2.1	0.027915
-160	2.2	0.026849
-160	2.3	0.026011
-160	2.4	0.024512
-160	2.5	0.023099
-160	2.6	0.021048
-160	2.7	0.019572
-160	2.8	0.017742
-160	2.9	0.016386
-160	3	0.013917
-160	3.1	0.012576
-160	3.2	0.012901
-160	3.3	0.013157
-160	3.4	0.013706
-160	3.5	0.013187
-160	3.6	0.013463
-160	3.7	0.013313
-160	3.8	0.012114
-160	3.9	0.010937
-160	4	0.0094211
-150	-4	0.014248
-150	-3.9	0.013842
-150	-3.8	0.01164
-150	-3.7	0.010798
-150	-3.6	0.011259
-150	-3.5	0.01456
-150	-3.4	0.015816
-150	-3.3	0.016121
-150	-3.2	0.014923
-150	-3.1	0.0117
-150	-3	0.0099776
-150	-2.9	0.013292
-150	-2.8	0.020907
-150	-2.7	0.028704
-150	-2.6	0.031621
-150	-2.5	0.033604
-150	-2.4	0.034984
-150	-2.3	0.035983
-150	-2.2	0.038014
-150	-2.1	0.041131
-150	-2	0.043942
-150	-1.9	0.045809
-150	-1.8	0.04501
-150	-1.7	0.039431
-150	-1.6	0.032579
-150	-1.5	0.027341
-150	-1.4	0.026738
-150	-1.3	0.035293
-150	-1.2	0.044771
-150	-1.1	0.050988
-150	-1	0.057957
-150	-0.9	0.059921
-150	-0.8	0.057809
-150	-0.7	0.050247
-150	-0.6	0.042303
-150	-0.5	0.035224
-150	-0.4	0.025071
-150	-0.3	0.017779
-150	-0.2	0.014351
-150	-0.1	0.012681
-150	0	0.013246
-150	0.1	0.015072
-150	0.2	0.020764
-150	0.3	0.026492
-150	0.4	0.034055
-150	0.5	0.038731
-150	0.6	0.044999
-150	0.7	0.04683
-150	0.8	0.046269
-150	0.9	0.043187
-150	1	0.04114
-150	1.1	0.037591
-150	1.2	0.032878
-150	1.3	0.030216
-150	1.4	0.030072
-150	1.5	0.031799
-150	1.6	0.032756
-150	1.7	0.032592
-150	1.8	0.032199
-150	1.9	0.031288
-150	2	0.028242
-150	2.1	0.024865
-150	2.2	0.022189
-150	2.3	0.020367
-150	2.4	0.019087
-150	2.5	0.018196
-150	2.6	0.015995
-150	2.7	0.014487
-150	2.8	0.012676
-150	2.9	0.011573
-150	3	0.010695
-150	3.1	0.010665
-150	3.2	0.011135
-150	3.3	0.01176
-150	3.4	0.011225
-150	3.5	0.010526
-150	3.6	0.0086484
-150	3.7	0.0084384
-150	3.8	0.0083846
-150	3.9	0.00801
-150	4	0.0079003
-140	-4	0.014379
-140	-3.9	0.014072
-140	-3.8	0.011726
-140	-3.7	0.01034
-140	-3.6	0.010208
-140	-3.5	0.011749
-140	-3.4	0.012718
-140	-3.3	0.013707
-140	-3.2	0.013055
-140	-3.1	0.01234
-140	-3	0.011055
-140	-2.9	0.0141
-140	-2.8	0.019719
-140	-2.7	0.024644
-140	-2.6	0.0297
-140	-2.5	0.032582
-140	-2.4	0.035773
-140	-2.3	0.037669
-140	-2.2	0.040923
-140	-2.1	0.043355
-140	-2	0.04591
-140	-1.9	0.046996
-140	-1.8	0.045083
-140	-1.7	0.038809
-140	-1.6	0.031527
-140	-1.5	0.028848
-140	-1.4	0.029557
-140	-1.3	0.037611
-140	-1.2	0.045863
-140	-1.1	0.05371
-140	-1	0.059066
-140	-0.9	0.059217
-140	-0.8	0.056041
-140	-0.7	0.047838
-140	-0.6	0.039209
-140	-0.5	0.031007
-140	-0.4	0.022626
-140	-0.3	0.0168
-140	-0.2	0.014271
-140	-0.1	0.013785
-140	0	0.014715
-140	0.1	0.017936
-140	0.2	0.02549
-140	0.3	0.030058
-140	0.4	0.035675
-140	0.5	0.040859
-140	0.6	0.044078
-140	0.7	0.044583
-140	0.8	0.043541
-140	0.9	0.040706
-140	1	0.037824
-140	1.1	0.034986
-140	1.2	0.031102
-140	1.3	0.029932
-140	1.4	0.029148
-140	1.5	0.029348
-140	1.6	0.029317
-140	1.7	0.029034
-140	1.8	0.028913
-140	1.9	0.028445
-140	2	0.027131
-140	2.1	0.02526
-140	2.2	0.022996
-140	2.3	0.019729
-140	2.4	0.018518
-140	2.5	0.016655
-140	2.6	0.014113
-140	2.7	0.013191
-140	2.8	0.012518
-140	2.9	0.012208
-140	3	0.011754
-140	3.1	0.011621
-140	3.2	0.011043
-140	3.3	0.010477
-140	3.4	0.0099663
-140	3.5	0.0092357
-140	3.6	0.0094331
-140	3.7	0.0096415
-140	3.8	0.010415
-140	3.9	0.010148
-140	4	0.0099077
-130	-4	0.012564
-130	-3.9	0.012571
-130	-3.8	0.012094
-130	-3.7	0.011368
-130	-3.6	0.011495
-130	-3.5	0.012623
-130	-3.4	0.013958
-130	-3.3	0.014196
-130	-3.2	0.012632
-130	-3.1	0.0096063
-130	-3	0.0093988
-130	-2.9	0.013191
-130	-2.8	0.020075
-130	-2.7	0.027072
-130	-2.6	0.031014
-130	-2.5	0.03645
-130	-2.4	0.038813
-130	-2.3	0.040676
-130	-2.2	0.041942
-130	-2.1	0.04334
-130	-2	0.044304
-130	-1.9	0.043951
-130	-1.8	0.041053
-130	-1.7	0.037234
-130	-1.6	0.033206
-130	-1.5	0.027838
-130	-1.4	0.030519
-130	-1.3	0.038804
-130	-1.2	0.048688
-130	-1.1	0.058161
-130	-1	0.061732
-130	-0.9	0.061509
-130	-0.8	0.057969
-130	-0.7	0.0502
-130	-0.6	0.039552
-130	-0.5	0.028884
-130	-0.4	0.018282
-130	-0.3	0.014021
-130	-0.2	0.011958
-130	-0.1	0.011467
-130	0	0.013501
-130	0.1	0.017714
-130	0.2	0.024012
-130	0.3	0.031916
-130	0.4	0.037975
-130	0.5	0.044605
-130	0.6	0.047216
-130	0.7	0.047486
-130	0.8	0.046192
-130	0.9	0.043899
-130	1	0.040838
-130	1.1	0.037465
-130	1.2	0.035133
-130	1.3	0.033873
-130	1.4	0.033751
-130	1.5	0.033837
-130	1.6	0.033479
-130	1.7	0.032703
-130	1.8	0.030999
-130	1.9	0.0301
-130	2	0.028011
-130	2.1	0.025587
-130	2.2	0.02346
-130	2.3	0.021298
-130	2.4	0.019118
-130	2.5	0.017109
-130	2.6	0.01459
-130	2.7	0.013263
-130	2.8	0.011825
-130	2.9	0.011967
-130	3	0.012179
-130	3.1	0.012357
-130	3.2	0.011904
-130	3.3	0.011042
-130	3.4	0.0098044
-130	3.5	0.0090573
-130	3.6	0.0088771
-130	3.7	0.0091567
-130	3.8	0.0099809
-130	3.9	0.0098209
-130	4	0.0096096
-120	-4	0.014578
-120	-3.9	0.013415
-120	-3.8	0.012827
-120	-3.7	0.013439
-120	-3.6	0.014745
-120	-3.5	0.015503
-120	-3.4	0.015053
-120	-3.3	0.012904
-120	-3.2	0.011216
-120	-3.1	0.011674
-120	-3	0.015142
-120	-2.9	0.021556
-120	-2.8	0.024823
-120	-2.7	0.02845
-120	-2.6	0.032519
-120	-2.5	0.03547
-120	-2.4	0.038705
-120	-2.3	0.040831
-120	-2.2	0.044616
-120	-2.1	0.046935
-120	-2	0.046684
-120	-1.9	0.043868
-120	-1.8	0.039308
-120	-1.7	0.032199
-120	-1.6	0.025105
-120	-1.5	0.028192
-120	-1.4	0.037516
-120	-1.3	0.047622
-120	-1.2	0.055079
-120	-1.1	0.059544
-120	-1	0.061935
-120	-0.9	0.059652
-120	-0.8	0.052025
-120	-0.7	0.043377
-120	-0.6	0.032098
-120	-0.5	0.023659
-120	-0.4	0.018235
-120	-0.3	0.014806
-120	-0.2	0.014509
-120	-0.1	0.014515
-120	0	0.016036
-120	0.1	0.020672
-120	0.2	0.025074
-120	0.3	0.032811
-120	0.4	0.03868
-120	0.5	0.044706
-120	0.6	0.047302
-120	0.7	0.047687
-120	0.8	0.045801
-120	0.9	0.042807
-120	1	0.037222
-120	1.1	0.035195
-120	1.2	0.031474
-120	1.3	0.031739
-120	1.4	0.033299
-120	1.5	0.035301
-120	1.6	0.035987
-120	1.7	0.034748
-120	1.8	0.033478
-120	1.9	0.031634
-120	2	0.028413
-120	2.1	0.025689
-120	2.2	0.023949
-120	2.3	0.022686
-120	2.4	0.021295
-120	2.5	0.019648
-120	2.6	0.016733
-120	2.7	0.015311
-120	2.8	0.013787
-120	2.9	0.013055
-120	3	0.0133
-120	3.1	0.013852
-120	3.2	0.013946
-120	3.3	0.014078
-120	3.4	0.013505
-120	3.5	0.013129
-120	3.6	0.012554
-120	3.7	0.012823
-120	3.8	0.012212
-120	3.9	0.011334
-120	4	0.010347
-110	-4	0.015068
-110	-3.9	0.013556
-110	-3.8	0.012211
-110	-3.7	0.011321
-110	-3.6	0.011324
-110	-3.5	0.01206
-110	-3.4	0.012457
-110	-3.3	0.011938
-110	-3.2	0.009857
-110	-3.1	0.010259
-110	-3	0.014507
-110	-2.9	0.018583
-110	-2.8	0.024929
-110	-2.7	0.029776
-110	-2.6	0.032756
-110	-2.5	0.0347
-110	-2.4	0.036657
-110	-2.3	0.038252
-110	-2.2	0.041627
-110	-2.1	0.0444
-110	-2	0.044691
-110	-1.9	0.041655
-110	-1.8	0.03681
-110	-1.7	0.029244
-110	-1.6	0.025158
-110	-1.5	0.028531
-110	-1.4	0.03418
-110	-1.3	0.045209
-110	-1.2	0.054071
-110	-1.1	0.059182
-110	-1	0.062102
-110	-0.9	0.058714
-110	-0.8	0.051856
-110	-0.7	0.044068
-110	-0.6	0.030141
-110	-0.5	0.025247
-110	-0.4	0.016815
-110	-0.3	0.013848
-110	-0.2	0.013484
-110	-0.1	0.014223
-110	0	0.018279
-110	0.1	0.022624
-110	0.2	0.028032
-110	0.3	0.036591
-110	0.4	0.042925
-110	0.5	0.049341
-110	0.6	0.05088
-110	0.7	0.050051
-110	0.8	0.047425
-110	0.9	0.042507
-110	1	0.039596
-110	1.1	0.034956
-110	1.2	0.033723
-110	1.3	0.033183
-110	1.4	0.034833
-110	1.5	0.036329
-110	1.6	0.036124
-110	1.7	0.034375
-110	1.8	0.031528
-110	1.9	0.028089
-110	2	0.022714
-110	2.1	0.020467
-110	2.2	0.01904
-110	2.3	0.018533
-110	2.4	0.01672
-110	2.5	0.014597
-110	2.6	0.012747
-110	2.7	0.011265
-110	2.8	0.010012
-110	2.9	0.010645
-110	3	0.011897
-110	3.1	0.012798
-110	3.2	0.013559
-110	3.3	0.013423
-110	3.4	0.01212
-110	3.5	0.010926
-110	3.6	0.011171
-110	3.7	0.012175
-110	3.8	0.012072
-110	3.9	0.011572
-110	4	0.010333
-100	-4	0.01558
-100	-3.9	0.015346
-100	-3.8	0.014402
-100	-3.7	0.01412
-100	-3.6	0.013443
-100	-3.5	0.012881
-100	-3.4	0.011847
-100	-3.3	0.01
-100	-3.2	0.010805
-100	-3.1	0.012862
-100	-3	0.017303
-100	-2.9	0.019924
-100	-2.8	0.024584
-100	-2.7	0.028418
-100	-2.6	0.032
-100	-2.5	0.036064
-100	-2.4	0.038926
-100	-2.3	0.042026
-100	-2.2	0.044064
-100	-2.1	0.0443
-100	-2	0.04255
-100	-1.9	0.039008
-100	-1.8	0.03222
-100	-1.7	0.027729
-100	-1.6	0.026325
-100	-1.5	0.031764
-100	-1.4	0.038736
-100	-1.3	0.047586
-100	-1.2	0.05686
-100	-1.1	0.061526
-100	-1	0.06202
-100	-0.9	0.05667
-100	-0.8	0.048294
-100	-0.7	0.04026
-100	-0.6	0.029632
-100	-0.5	0.023371
-100	-0.4	0.016719
-100	-0.3	0.01497
-100	-0.2	0.013567
-100	-0.1	0.01346
-100	0	0.015837
-100	0.1	0.020965
-100	0.2	0.029673
-100	0.3	0.038059
-100	0.4	0.044473
-100	0.5	0.049743
-100	0.6	0.051921
-100	0.7	0.050911
-100	0.8	0.047409
-100	0.9	0.043056
-100	1	0.040124
-100	1.1	0.037895
-100	1.2	0.037309
-100	1.3	0.039136
-100	1.4	0.040307
-100	1.5	0.040016
-100	1.6	0.037613
-100	1.7	0.033341
-100	1.8	0.031271
-100	1.9	0.027352
-100	2	0.025117
-100	2.1	0.023979
-100	2.2	0.022819
-100	2.3	0.021246
-100	2.4	0.018786
-100	2.5	0.014121
-100	2.6	0.010565
-100	2.7	0.0102
-100	2.8	0.010503
-100	2.9	0.012254
-100	3	0.01273
-100	3.1	0.012736
-100	3.2	0.012948
-100	3.3	0.011261
-100	3.4	0.010841
-100	3.5	0.010334
-100	3.6	0.010841
-100	3.7	0.011426
-100	3.8	0.010751
-100	3.9	0.0090501
-100	4	0.008012
-90	-4	0.01173
-90	-3.9	0.010923
-90	-3.8	0.011021
-90	-3.7	0.012787
-90	-3.6	0.014601
-90	-3.5	0.014844
-90	-3.4	0.013849
-90	-3.3	0.010372
-90	-3.2	0.0087653
-90	-3.1	0.010337
-90	-3	0.015513
-90	-2.9	0.02023
-90	-2.8	0.025879
-90	-2.7	0.028783
-90	-2.6	0.030288
-90	-2.5	0.033169
-90	-2.4	0.037927
-90	-2.3	0.040756
-90	-2.2	0.045051
-90	-2.1	0.046911
-90	-2	0.045618
-90	-1.9	0.04089
-90	-1.8	0.033442
-90	-1.7	0.027376
-90	-1.6	0.025625
-90	-1.5	0.031894
-90	-1.4	0.040242
-90	-1.3	0.053098
-90	-1.2	0.058963
-90	-1.1	0.061898
-90	-1	0.061152
-90	-0.9	0.052448
-90	-0.8	0.047091
-90	-0.7	0.034957
-90	-0.6	0.025317
-90	-0.5	0.01777
-90	-0.4	0.013232
-90	-0.3	0.012765
-90	-0.2	0.012828
-90	-0.1	0.013528
-90	0	0.017509
-90	0.1	0.024822
-90	0.2	0.034007
-90	0.3	0.038951
-90	0.4	0.046973
-90	0.5	0.049606
-90	0.6	0.050469
-90	0.7	0.048249
-90	0.8	0.045031
-90	0.9	0.041424
-90	1	0.039542
-90	1.1	0.036697
-90	1.2	0.036283
-90	1.3	0.037037
-90	1.4	0.038291
-90	1.5	0.038099
-90	1.6	0.036833
-90	1.7	0.035523
-90	1.8	0.033425
-90	1.9	0.030353
-90	2	0.027062
-90	2.1	0.025046
-90	2.2	0.022692
-90	2.3	0.020236
-90	2.4	0.017551
-90	2.5	0.015128
-90	2.6	0.01315
-90	2.7	0.012409
-90	2.8	0.012456
-90	2.9	0.013283
-90	3	0.013309
-90	3.1	0.013451
-90	3.2	0.013584
-90	3.3	0.014072
-90	3.4	0.013825
-90	3.5	0.014454
-90	3.6	0.014557
-90	3.7	0.014084
-90	3.8	0.012678
-90	3.9	0.011259
-90	4	0.010859
-80	-4	0.013566
-80	-3.9	0.012337
-80	-3.8	0.012122
-80	-3.7	0.013004
-80	-3.6	0.014448
-80	-3.5	0.014349
-80	-3.4	0.012595
-80	-3.3	0.0098061
-80	-3.2	0.0074497
-80	-3.1	0.012184
-80	-3	0.017629
-80	-2.9	0.022585
-80	-2.8	0.027369
-80	-2.7	0.029804
-80	-2.6	0.03235
-80	-2.5	0.033609
-80	-2.4	0.035405
-80	-2.3	0.039115
-80	-2.2	0.041092
-80	-2.1	0.042928
-80	-2	0.042379
-80	-1.9	0.036625
-80	-1.8	0.034303
-80	-1.7	0.028341
-80	-1.6	0.027628
-80	-1.5	0.033175
-80	-1.4	0.044149
-80	-1.3	0.049253
-80	-1.2	0.058284
-80	-1.1	0.061373
-80	-1	0.058721
-80	-0.9	0.055409
-80	-0.8	0.042607
-80	-0.7	0.036292
-80	-0.6	0.025625
-80	-0.5	0.016329
-80	-0.4	0.01364
-80	-0.3	0.012746
-80	-0.2	0.012504
-80	-0.1	0.013628
-80	0	0.016762
-80	0.1	0.024443
-80	0.2	0.031234
-80	0.3	0.039856
-80	0.4	0.046461
-80	0.5	0.049972
-80	0.6	0.051134
-80	0.7	0.048943
-80	0.8	0.047473
-80	0.9	0.043936
-80	1	0.041526
-80	1.1	0.040007
-80	1.2	0.039475
-80	1.3	0.039223
-80	1.4	0.038884
-80	1.5	0.037768
-80	1.6	0.036126
-80	1.7	0.034887
-80	1.8	0.033081
-80	1.9	0.030621
-80	2	0.027093
-80	2.1	0.023557
-80	2.2	0.019239
-80	2.3	0.015696
-80	2.4	0.013118
-80	2.5	0.011718
-80	2.6	0.011923
-80	2.7	0.012139
-80	2.8	0.012243
-80	2.9	0.012144
-80	3	0.011593
-80	3.1	0.011055
-80	3.2	0.011126
-80	3.3	0.0117
-80	3.4	0.01177
-80	3.5	0.011295
-80	3.6	0.010665
-80	3.7	0.009839
-80	3.8	0.0095523
-80	3.9	0.0091018
-80	4	0.0094194
-70	-4	0.012344
-70	-3.9	0.010888
-70	-3.8	0.010532
-70	-3.7	0.011107
-70	-3.6	0.012725
-70	-3.5	0.013626
-70	-3.4	0.012734
-70	-3.3	0.0092985
-70	-3.2	0.0075016
-70	-3.1	0.0085921
-70	-3	0.013965
-70	-2.9	0.01778
-70	-2.8	0.022674
-70	-2.7	0.027579
-70	-2.6	0.031128
-70	-2.5	0.034089
-70	-2.4	0.036304
-70	-2.3	0.038282
-70	-2.2	0.040402
-70	-2.1	0.041663
-70	-2	0.041609
-70	-1.9	0.038229
-70	-1.8	0.032733
-70	-1.7	0.02656
-70	-1.6	0.026191
-70	-1.5	0.032072
-70	-1.4	0.038677
-70	-1.3	0.0469
-70	-1.2	0.056333
-70	-1.1	0.058889
-70	-1	0.057368
-70	-0.9	0.053358
-70	-0.8	0.043634
-70	-0.7	0.033493
-70	-0.6	0.024464
-70	-0.5	0.020038
-70	-0.4	0.016094
-70	-0.3	0.0132
-70	-0.2	0.012559
-70	-0.1	0.012806
-70	0	0.017141
-70	0.1	0.022103
-70	0.2	0.029551
-70	0.3	0.036177
-70	0.4	0.040733
-70	0.5	0.045434
-70	0.6	0.046542
-70	0.7	0.045587
-70	0.8	0.043649
-70	0.9	0.041129
-70	1	0.039398
-70	1.1	0.037756
-70	1.2	0.036999
-70	1.3	0.037081
-70	1.4	0.036779
-70	1.5	0.036522
-70	1.6	0.035386
-70	1.7	0.033101
-70	1.8	0.030989
-70	1.9	0.027973
-70	2	0.024152
-70	2.1	0.020826
-70	2.2	0.017459
-70	2.3	0.013614
-70	2.4	0.011433
-70	2.5	0.01021
-70	2.6	0.0094451
-70	2.7	0.0098554
-70	2.8	0.011187
-70	2.9	0.011576
-70	3	0.011276
-70	3.1	0.010753
-70	3.2	0.010215
-70	3.3	0.010042
-70	3.4	0.0094827
-70	3.5	0.0097714
-70	3.6	0.0097664
-70	3.7	0.010033
-70	3.8	0.0093003
-70	3.9	0.0091761
-70	4	0.0080703
-60	-4	0.013178
-60	-3.9	0.012363
-60	-3.8	0.011271
-60	-3.7	0.011429
-60	-3.6	0.012182
-60	-3.5	0.012873
-60	-3.4	0.01273
-60	-3.3	0.011994
-60	-3.2	0.0090733
-60	-3.1	0.0088625
-60	-3	0.011405
-60	-2.9	0.015443
-60	-2.8	0.021957
-60	-2.7	0.026689
-60	-2.6	0.029992
-60	-2.5	0.031148
-60	-2.4	0.035564
-60	-2.3	0.039394
-60	-2.2	0.042893
-60	-2.1	0.043793
-60	-2	0.043023
-60	-1.9	0.037351
-60	-1.8	0.029834
-60	-1.7	0.025073
-60	-1.6	0.022435
-60	-1.5	0.029335
-60	-1.4	0.037476
-60	-1.3	0.045293
-60	-1.2	0.053062
-60	-1.1	0.058878
-60	-1	0.058391
-60	-0.9	0.050089
-60	-0.8	0.04497
-60	-0.7	0.033615
-60	-0.6	0.025463
-60	-0.5	0.020359
-60	-0.4	0.016732
-60	-0.3	0.013869
-60	-0.2	0.011938
-60	-0.1	0.010775
-60	0	0.013499
-60	0.1	0.01823
-60	0.2	0.026134
-60	0.3	0.035177
-60	0.4	0.039701
-60	0.5	0.044625
-60	0.6	0.046821
-60	0.7	0.046147
-60	0.8	0.044971
-60	0.9	0.042965
-60	1	0.038634
-60	1.1	0.036436
-60	1.2	0.035519
-60	1.3	0.036694
-60	1.4	0.037528
-60	1.5	0.038073
-60	1.6	0.038254
-60	1.7	0.036886
-60	1.8	0.0336
-60	1.9	0.03013
-60	2	0.026108
-60	2.1	0.022503
-60	2.2	0.020138
-60	2.3	0.018457
-60	2.4	0.015713
-60	2.5	0.014458
-60	2.6	0.012303
-60	2.7	0.010627
-60	2.8	0.0099647
-60	2.9	0.010926
-60	3	0.011707
-60	3.1	0.012285
-60	3.2	0.012878
-60	3.3	0.01234
-60	3.4	0.011491
-60	3.5	0.010954
-60	3.6	0.010909
-60	3.7	0.010862
-60	3.8	0.011193
-60	3.9	0.010673
-60	4	0.010317
-50	-4	0.012425
-50	-3.9	0.010923
-50	-3.8	0.010543
-50	-3.7	0.011268
-50	-3.6	0.012473
-50	-3.5	0.012208
-50	-3.4	0.010826
-50	-3.3	0.0087394
-50	-3.2	0.0078222
-50	-3.1	0.0096432
-50	-3	0.01273
-50	-2.9	0.015705
-50	-2.8	0.020759
-50	-2.7	0.023642
-50	-2.6	0.027233
-50	-2.5	0.029585
-50	-2.4	0.033186
-50	-2.3	0.036739
-50	-2.2	0.03934
-50	-2.1	0.040446
-50	-2	0.039811
-50	-1.9	0.034751
-50	-1.8	0.029288
-50	-1.7	0.024337
-50	-1.6	0.02324
-50	-1.5	0.027218
-50	-1.4	0.036574
-50	-1.3	0.044107
-50	-1.2	0.049842
-50	-1.1	0.053752
-50	-1	0.05428
-50	-0.9	0.047831
-50	-0.8	0.042137
-50	-0.7	0.035094
-50	-0.6	0.022214
-50	-0.5	0.018065
-50	-0.4	0.013609
-50	-0.3	0.012514
-50	-0.2	0.01199
-50	-0.1	0.011825
-50	0	0.015347
-50	0.1	0.020063
-50	0.2	0.029516
-50	0.3	0.03413
-50	0.4	0.041254
-50	0.5	0.04392
-50	0.6	0.044821
-50	0.7	0.043959
-50	0.8	0.041162
-50	0.9	0.038428
-50	1	0.034256
-50	1.1	0.033464
-50	1.2	0.034101
-50	1.3	0.035499
-50	1.4	0.036137
-50	1.5	0.03652
-50	1.6	0.034672
-50	1.7	0.034032
-50	1.8	0.031178
-50	1.9	0.027649
-50	2	0.02481
-50	2.1	0.020941
-50	2.2	0.018291
-50	2.3	0.015733
-50	2.4	0.013043
-50	2.5	0.011461
-50	2.6	0.0097664
-50	2.7	0.0093453
-50	2.8	0.0096046
-50	2.9	0.0099598
-50	3	0.010712
-50	3.1	0.012393
-50	3.2	0.013382
-50	3.3	0.01421
-50	3.4	0.013696
-50	3.5	0.013282
-50	3.6	0.012781
-50	3.7	0.01159
-50	3.8	0.0095827
-50	3.9	0.0087727
-50	4	0.0083304
-40	-4	0.011263
-40	-3.9	0.011304
-40	-3.8	0.011923
-40	-3.7	0.012318
-40	-3.6	0.012732
-40	-3.5	0.011351
-40	-3.4	0.010517
-40	-3.3	0.0084747
-40	-3.2	0.0076825
-40	-3.1	0.0090466
-40	-3	0.012692
-40	-2.9	0.017157
-40	-2.8	0.020723
-40	-2.7	0.022818
-40	-2.6	0.025012
-40	-2.5	0.026874
-40	-2.4	0.0287
-40	-2.3	0.031771
-40	-2.2	0.035022
-40	-2.1	0.037805
-40	-2	0.038138
-40	-1.9	0.036407
-40	-1.8	0.028618
-40	-1.7	0.02284
-40	-1.6	0.019495
-40	-1.5	0.023424
-40	-1.4	0.029126
-40	-1.3	0.038758
-40	-1.2	0.047704
-40	-1.1	0.050872
-40	-1	0.051072
-40	-0.9	0.047377
-40	-0.8	0.04158
-40	-0.7	0.034285
-40	-0.6	0.026933
-40	-0.5	0.018955
-40	-0.4	0.01585
-40	-0.3	0.013678
-40	-0.2	0.01193
-40	-0.1	0.01187
-40	0	0.014848
-40	0.1	0.019338
-40	0.2	0.024186
-40	0.3	0.032048
-40	0.4	0.038805
-40	0.5	0.04244
-40	0.6	0.043692
-40	0.7	0.041936
-40	0.8	0.039521
-40	0.9	0.036613
-40	1	0.032629
-40	1.1	0.030232
-40	1.2	0.029847
-40	1.3	0.03111
-40	1.4	0.033642
-40	1.5	0.034257
-40	1.6	0.035002
-40	1.7	0.034319
-40	1.8	0.032898
-40	1.9	0.030256
-40	2	0.025336
-40	2.1	0.022386
-40	2.2	0.01918
-40	2.3	0.017416
-40	2.4	0.015378
-40	2.5	0.013712
-40	2.6	0.012273
-40	2.7	0.011644
-40	2.8	0.01066
-40	2.9	0.010287
-40	3	0.010087
-40	3.1	0.011522
-40	3.2	0.012814
-40	3.3	0.013489
-40	3.4	0.012591
-40	3.5	0.011592
-40	3.6	0.011315
-40	3.7	0.009428
-40	3.8	0.0082954
-40	3.9	0.0075424
-40	4	0.0080983
-30	-4	0.012046
-30	-3.9	0.01144
-30	-3.8	0.0098308
-30	-3.7	0.0091514
-30	-3.6	0.0098849
-30	-3.5	0.011614
-30	-3.4	0.011807
-30	-3.3	0.010704
-30	-3.2	0.0087154
-30	-3.1	0.0072874
-30	-3	0.00972
-30	-2.9	0.015062
-30	-2.8	0.018731
-30	-2.7	0.024277
-30	-2.6	0.026921
-30	-2.5	0.028493
-30	-2.4	0.029592
-30	-2.3	0.032195
-30	-2.2	0.033917
-30	-2.1	0.036302
-30	-2	0.038403
-30	-1.9	0.035717
-30	-1.8	0.032569
-30	-1.7	0.026626
-30	-1.6	0.022268
-30	-1.5	0.021624
-30	-1.4	0.027736
-30	-1.3	0.037038
-30	-1.2	0.044587
-30	-1.1	0.050661
-30	-1	0.052233
-30	-0.9	0.050828
-30	-0.8	0.045515
-30	-0.7	0.038812
-30	-0.6	0.031992
-30	-0.5	0.024885
-30	-0.4	0.020047
-30	-0.3	0.014484
-30	-0.2	0.012992
-30	-0.1	0.011654
-30	0	0.014529
-30	0.1	0.019388
-30	0.2	0.026393
-30	0.3	0.031294
-30	0.4	0.037725
-30	0.5	0.040908
-30	0.6	0.041939
-30	0.7	0.041983
-30	0.8	0.040318
-30	0.9	0.037721
-30	1	0.034577
-30	1.1	0.030541
-30	1.2	0.029687
-30	1.3	0.029345
-30	1.4	0.030758
-30	1.5	0.031892
-30	1.6	0.033283
-30	1.7	0.034397
-30	1.8	0.034039
-30	1.9	0.032374
-30	2	0.028538
-30	2.1	0.025975
-30	2.2	0.022405
-30	2.3	0.019252
-30	2.4	0.016283
-30	2.5	0.014289
-30	2.6	0.012921
-30	2.7	0.012401
-30	2.8	0.01063
-30	2.9	0.0098538
-30	3	0.010555
-30	3.1	0.011628
-30	3.2	0.013037
-30	3.3	0.013684
-30	3.4	0.012991
-30	3.5	0.012889
-30	3.6	0.01251
-30	3.7	0.012447
-30	3.8	0.012264
-30	3.9	0.011965
-30	4	0.012229
-20	-4	0.01178
-20	-3.9	0.010911
-20	-3.8	0.0095979
-20	-3.7	0.0081817
-20	-3.6	0.0093471
-20	-3.5	0.010673
-20	-3.4	0.012023
-20	-3.3	0.012087
-20	-3.2	0.010216
-20	-3.1	0.0077328
-20	-3	0.0081083
-20	-2.9	0.01224
-20	-2.8	0.016582
-20	-2.7	0.020308
-20	-2.6	0.024152
-20	-2.5	0.026895
-20	-2.4	0.030581
-20	-2.3	0.032217
-20	-2.2	0.034854
-20	-2.1	0.036313
-20	-2	0.036625
-20	-1.9	0.035263
-20	-1.8	0.031742
-20	-1.7	0.026996
-20	-1.6	0.021786
-20	-1.5	0.020713
-20	-1.4	0.023835
-20	-1.3	0.030623
-20	-1.2	0.040242
-20	-1.1	0.046531
-20	-1	0.051913
-20	-0.9	0.052109
-20	-0.8	0.049798
-20	-0.7	0.040718
-20	-0.6	0.033289
-20	-0.5	0.025536
-20	-0.4	0.021741
-20	-0.3	0.017124
-20	-0.2	0.014383
-20	-0.1	0.012907
-20	0	0.014196
-20	0.1	0.017664
-20	0.2	0.023602
-20	0.3	0.031703
-20	0.4	0.037715
-20	0.5	0.043009
-20	0.6	0.046214
-20	0.7	0.046444
-20	0.8	0.044887
-20	0.9	0.04123
-20	1	0.038201
-20	1.1	0.035614
-20	1.2	0.035275
-20	1.3	0.036641
-20	1.4	0.037886
-20	1.5	0.038228
-20	1.6	0.037335
-20	1.7	0.035642
-20	1.8	0.033588
-20	1.9	0.031256
-20	2	0.028535
-20	2.1	0.024712
-20	2.2	0.022473
-20	2.3	0.020328
-20	2.4	0.016273
-20	2.5	0.013788
-20	2.6	0.011034
-20	2.7	0.0095455
-20	2.8	0.0092829
-20	2.9	0.01007
-20	3	0.011207
-20	3.1	0.012037
-20	3.2	0.012349
-20	3.3	0.011487
-20	3.4	0.010455
-20	3.5	0.0092287
-20	3.6	0.0087782
-20	3.7	0.0090787
-20	3.8	0.0096767
-20	3.9	0.0092776
-20	4	0.0091231
-10	-4	0.010033
-10	-3.9	0.0088314
-10	-3.8	0.0069723
-10	-3.7	0.0066496
-10	-3.6	0.0085051
-10	-3.5	0.010256
-10	-3.4	0.010543
-10	-3.3	0.0098127
-10	-3.2	0.008012
-10	-3.1	0.0071304
-10	-3	0.0085487
-10	-2.9	0.012099
-10	-2.8	0.01774
-10	-2.7	0.021208
-10	-2.6	0.024567
-10	-2.5	0.026099
-10	-2.4	0.027872
-10	-2.3	0.029
-10	-2.2	0.029844
-10	-2.1	0.032605
-10	-2	0.034362
-10	-1.9	0.034955
-10	-1.8	0.032504
-10	-1.7	0.02861
-10	-1.6	0.022319
-10	-1.5	0.019815
-10	-1.4	0.022229
-10	-1.3	0.030711
-10	-1.2	0.040121
-10	-1.1	0.046606
-10	-1	0.052488
-10	-0.9	0.054262
-10	-0.8	0.052582
-10	-0.7	0.045364
-10	-0.6	0.0389
-10	-0.5	0.032344
-10	-0.4	0.024514
-10	-0.3	0.020656
-10	-0.2	0.017387
-10	-0.1	0.016673
-10	0	0.01768
-10	0.1	0.02156
-10	0.2	0.027181
-10	0.3	0.031554
-10	0.4	0.037503
-10	0.5	0.042227
-10	0.6	0.044489
-10	0.7	0.045682
-10	0.8	0.044256
-10	0.9	0.041228
-10	1	0.037465
-10	1.1	0.033548
-10	1.2	0.031616
-10	1.3	0.031036
-10	1.4	0.030882
-10	1.5	0.031406
-10	1.6	0.031867
-10	1.7	0.032034
-10	1.8	0.031877
-10	1.9	0.031791
-10	2	0.03052
-10	2.1	0.028257
-10	2.2	0.025761
-10	2.3	0.022711
-10	2.4	0.020448
-10	2.5	0.016813
-10	2.6	0.014723
-10	2.7	0.013539
-10	2.8	0.013051
-10	2.9	0.013204
-10	3	0.013321
-10	3.1	0.01342
-10	3.2	0.013282
-10	3.3	0.01283
-10	3.4	0.012643
-10	3.5	0.012587
-10	3.6	0.012084
-10	3.7	0.011734
-10	3.8	0.011405
-10	3.9	0.011252
-10	4	0.010604
0	-4	0.011502
0	-3.9	0.011116
0	-3.8	0.0094878
0	-3.7	0.0088898
0	-3.6	0.0083052
0	-3.5	0.0085374
0	-3.4	0.010012
0	-3.3	0.0103
0	-3.2	0.010331
0	-3.1	0.0088588
0	-3	0.0084403
0	-2.9	0.011176
0	-2.8	0.016001
0	-2.7	0.021885
0	-2.6	0.02549
0	-2.5	0.029078
0	-2.4	0.030231
0	-2.3	0.030447
0	-2.2	0.030519
0	-2.1	0.031394
0	-2	0.032496
0	-1.9	0.033355
0	-1.8	0.03307
0	-1.7	0.030487
0	-1.6	0.024757
0	-1.5	0.020456
0	-1.4	0.019025
0	-1.3	0.024212
0	-1.2	0.031626
0	-1.1	0.043943
0	-1	0.04777
0	-0.9	0.052786
0	-0.8	0.052207
0	-0.7	0.048329
0	-0.6	0.045061
0	-0.5	0.035892
0	-0.4	0.029283
0	-0.3	0.023118
0	-0.2	0.019323
0	-0.1	0.01738
0	0	0.017839
0	0.1	0.020083
0	0.2	0.024359
0	0.3	0.032522
0	0.4	0.036134
0	0.5	0.042955
0	0.6	0.04798
0	0.7	0.049573
0	0.8	0.049622
0	0.9	0.046563
0	1	0.043617
0	1.1	0.038389
0	1.2	0.034504
0	1.3	0.031898
0	1.4	0.031285
0	1.5	0.032537
0	1.6	0.034681
0	1.7	0.035432
0	1.8	0.037201
0	1.9	0.037254
0	2	0.035373
0	2.1	0.032653
0	2.2	0.028843
0	2.3	0.024922
0	2.4	0.021217
0	2.5	0.018718
0	2.6	0.016803
0	2.7	0.016174
0	2.8	0.014348
0	2.9	0.013617
0	3	0.012685
0	3.1	0.012387
0	3.2	0.012483
0	3.3	0.013139
0	3.4	0.013622
0	3.5	0.013693
0	3.6	0.013507
0	3.7	0.012422
0	3.8	0.01193
0	3.9	0.011788
0	4	0.010629
10	-4	0.010636
10	-3.9	0.01212
10	-3.8	0.012183
10	-3.7	0.011379
10	-3.6	0.0095421
10	-3.5	0.0075402
10	-3.4	0.0076361
10	-3.3	0.0086894
10	-3.2	0.010594
10	-3.1	0.011984
10	-3	0.011878
10	-2.9	0.011923
10	-2.8	0.013145
10	-2.7	0.016677
10	-2.6	0.021408
10	-2.5	0.024315
10	-2.4	0.027527
10	-2.3	0.029532
10	-2.2	0.030421
10	-2.1	0.030972
10	-2	0.032217
10	-1.9	0.032822
10	-1.8	0.032773
10	-1.7	0.031777
10	-1.6	0.028066
10	-1.5	0.026017
10	-1.4	0.022639
10	-1.3	0.024226
10	-1.2	0.030512
10	-1.1	0.037108
10	-1	0.045148
10	-0.9	0.051646
10	-0.8	0.052984
10	-0.7	0.052627
10	-0.6	0.047516
10	-0.5	0.041961
10	-0.4	0.035965
10	-0.3	0.029041
10	-0.2	0.023252
10	-0.1	0.019463
10	0	0.018196
10	0.1	0.01884
10	0.2	0.023596
10	0.3	0.030667
10	0.4	0.035063
10	0.5	0.044445
10	0.6	0.048532
10	0.7	0.051656
10	0.8	0.052077
10	0.9	0.049282
10	1	0.044975
10	1.1	0.039601
10	1.2	0.035518
10	1.3	0.03363
10	1.4	0.033925
10	1.5	0.035816
10	1.6	0.036622
10	1.7	0.037322
10	1.8	0.037205
10	1.9	0.035288
10	2	0.033154
10	2.1	0.030721
10	2.2	0.028499
10	2.3	0.025691
10	2.4	0.023165
10	2.5	0.021039
10	2.6	0.018813
10	2.7	0.016539
10	2.8	0.01465
10	2.9	0.013247
10	3	0.011736
10	3.1	0.011088
10	3.2	0.011009
10	3.3	0.010968
10	3.4	0.011388
10	3.5	0.012187
10	3.6	0.012198
10	3.7	0.012154
10	3.8	0.012016
10	3.9	0.011403
10	4	0.010778
20	-4	0.0090858
20	-3.9	0.0095709
20	-3.8	0.0093919
20	-3.7	0.0084499
20	-3.6	0.0072451
20	-3.5	0.0069001
20	-3.4	0.0080241
20	-3.3	0.0085317
20	-3.2	0.0096029
20	-3.1	0.0097233
20	-3	0.0099744
20	-2.9	0.010055
20	-2.8	0.011874
20	-2.7	0.014395
20	-2.6	0.018281
20	-2.5	0.022437
20	-2.4	0.025751
20	-2.3	0.027734
20	-2.2	0.029307
20	-2.1	0.03049
20	-2	0.031888
20	-1.9	0.033158
20	-1.8	0.033595
20	-1.7	0.032023
20	-1.6	0.028681
20	-1.5	0.02368
20	-1.4	0.021446
20	-1.3	0.024618
20	-1.2	0.030792
20	-1.1	0.040496
20	-1	0.043831
20	-0.9	0.049389
20	-0.8	0.051274
20	-0.7	0.049576
20	-0.6	0.046537
20	-0.5	0.042187
20	-0.4	0.03363
20	-0.3	0.029364
20	-0.2	0.023375
20	-0.1	0.020952
20	0	0.018729
20	0.1	0.019258
20	0.2	0.021682
20	0.3	0.028372
20	0.4	0.034942
20	0.5	0.041687
20	0.6	0.046742
20	0.7	0.051497
20	0.8	0.052851
20	0.9	0.051765
20	1	0.050117
20	1.1	0.044708
20	1.2	0.040056
20	1.3	0.038175
20	1.4	0.037211
20	1.5	0.037797
20	1.6	0.038831
20	1.7	0.039987
20	1.8	0.040108
20	1.9	0.038518
20	2	0.037413
20	2.1	0.034535
20	2.2	0.032188
20	2.3	0.027928
20	2.4	0.024672
20	2.5	0.021965
20	2.6	0.020464
20	2.7	0.018404
20	2.8	0.016436
20	2.9	0.01471
20	3	0.013084
20	3.1	0.011176
20	3.2	0.010728
20	3.3	0.010832
20	3.4	0.011564
20	3.5	0.011811
20	3.6	0.01241
20	3.7	0.012037
20	3.8	0.011372
20	3.9	0.011023
20	4	0.010092
30	-4	0.010359
30	-3.9	0.0097879
30	-3.8	0.008769
30	-3.7	0.0073712
30	-3.6	0.0077203
30	-3.5	0.0089279
30	-3.4	0.01117
30	-3.3	0.011582
30	-3.2	0.011141
30	-3.1	0.0093626
30	-3	0.0074778
30	-2.9	0.0083304
30	-2.8	0.012005
30	-2.7	0.018012
30	-2.6	0.022272
30	-2.5	0.024394
30	-2.4	0.027431
30	-2.3	0.028077
30	-2.2	0.028237
30	-2.1	0.02882
30	-2	0.03082
30	-1.9	0.032613
30	-1.8	0.033499
30	-1.7	0.033958
30	-1.6	0.032145
30	-1.5	0.02746
30	-1.4	0.022631
30	-1.3	0.021199
30	-1.2	0.026135
30	-1.1	0.036431
30	-1	0.043548
30	-0.9	0.048778
30	-0.8	0.054379
30	-0.7	0.053642
30	-0.6	0.050009
30	-0.5	0.043078
30	-0.4	0.039529
30	-0.3	0.030428
30	-0.2	0.027132
30	-0.1	0.022521
30	0	0.02112
30	0.1	0.020894
30	0.2	0.023077
30	0.3	0.026573
30	0.4	0.032428
30	0.5	0.040341
30	0.6	0.043897
30	0.7	0.048908
30	0.8	0.050548
30	0.9	0.048749
30	1	0.04588
30	1.1	0.042169
30	1.2	0.038154
30	1.3	0.034427
30	1.4	0.032273
30	1.5	0.03195
30	1.6	0.033198
30	1.7	0.034116
30	1.8	0.035769
30	1.9	0.036833
30	2	0.036191
30	2.1	0.035627
30	2.2	0.03245
30	2.3	0.030518
30	2.4	0.027631
30	2.5	0.025219
30	2.6	0.022489
30	2.7	0.019516
30	2.8	0.017589
30	2.9	0.016031
30	3	0.014975
30	3.1	0.014538
30	3.2	0.013659
30	3.3	0.013391
30	3.4	0.013184
30	3.5	0.013391
30	3.6	0.013186
30	3.7	0.012695
30	3.8	0.01227
30	3.9	0.012418
30	4	0.013056
40	-4	0.0078346
40	-3.9	0.0096348
40	-3.8	0.0099028
40	-3.7	0.0092252
40	-3.6	0.0081836
40	-3.5	0.0070024
40	-3.4	0.0066932
40	-3.3	0.0077433
40	-3.2	0.0092933
40	-3.1	0.0098751
40	-3	0.0092794
40	-2.9	0.0084499
40	-2.8	0.0092182
40	-2.7	0.01277
40	-2.6	0.017128
40	-2.5	0.020961
40	-2.4	0.025375
40	-2.3	0.027437
40	-2.2	0.028434
40	-2.1	0.028192
40	-2	0.02845
40	-1.9	0.028872
40	-1.8	0.030324
40	-1.7	0.031745
40	-1.6	0.033315
40	-1.5	0.031336
40	-1.4	0.028475
40	-1.3	0.024018
40	-1.2	0.022225
40	-1.1	0.02713
40	-1	0.035371
40	-0.9	0.044763
40	-0.8	0.053126
40	-0.7	0.056289
40	-0.6	0.05516
40	-0.5	0.050137
40	-0.4	0.043355
40	-0.3	0.039337
40	-0.2	0.030272
40	-0.1	0.02505
40	0	0.022292
40	0.1	0.019637
40	0.2	0.019536
40	0.3	0.021281
40	0.4	0.027864
40	0.5	0.033796
40	0.6	0.042154
40	0.7	0.048255
40	0.8	0.051483
40	0.9	0.052423
40	1	0.050089
40	1.1	0.047852
40	1.2	0.042432
40	1.3	0.040672
40	1.4	0.038163
40	1.5	0.037259
40	1.6	0.037195
40	1.7	0.038051
40	1.8	0.038324
40	1.9	0.037858
40	2	0.036938
40	2.1	0.035493
40	2.2	0.034729
40	2.3	0.031678
40	2.4	0.028445
40	2.5	0.024668
40	2.6	0.022438
40	2.7	0.019219
40	2.8	0.017258
40	2.9	0.014831
40	3	0.013994
40	3.1	0.012662
40	3.2	0.012369
40	3.3	0.011819
40	3.4	0.011501
40	3.5	0.010815
40	3.6	0.010574
40	3.7	0.0093332
40	3.8	0.0083711
40	3.9	0.0079431
40	4	0.0083518
50	-4	0.0074583
50	-3.9	0.0085203
50	-3.8	0.0098193
50	-3.7	0.0095911
50	-3.6	0.008955
50	-3.5	0.0080462
50	-3.4	0.0067028
50	-3.3	0.0072406
50	-3.2	0.0086334
50	-3.1	0.010285
50	-3	0.011436
50	-2.9	0.011517
50	-2.8	0.010522
50	-2.7	0.010736
50	-2.6	0.012878
50	-2.5	0.016397
50	-2.4	0.021412
50	-2.3	0.02514
50	-2.2	0.027869
50	-2.1	0.02958
50	-2	0.031609
50	-1.9	0.032441
50	-1.8	0.032965
50	-1.7	0.032879
50	-1.6	0.031717
50	-1.5	0.029642
50	-1.4	0.027863
50	-1.3	0.025854
50	-1.2	0.02658
50	-1.1	0.029366
50	-1	0.035694
50	-0.9	0.045255
50	-0.8	0.049276
50	-0.7	0.05372
50	-0.6	0.055173
50	-0.5	0.053249
50	-0.4	0.047567
50	-0.3	0.040141
50	-0.2	0.031141
50	-0.1	0.026181
50	0	0.022078
50	0.1	0.019875
50	0.2	0.019189
50	0.3	0.020334
50	0.4	0.026515
50	0.5	0.033038
50	0.6	0.039709
50	0.7	0.046663
50	0.8	0.051162
50	0.9	0.053537
50	1	0.052879
50	1.1	0.051004
50	1.2	0.04542
50	1.3	0.042385
50	1.4	0.040358
50	1.5	0.040106
50	1.6	0.041037
50	1.7	0.042417
50	1.8	0.043072
50	1.9	0.042262
50	2	0.040578
50	2.1	0.037977
50	2.2	0.034797
50	2.3	0.031953
50	2.4	0.029261
50	2.5	0.026266
50	2.6	0.024149
50	2.7	0.020902
50	2.8	0.018647
50	2.9	0.016228
50	3	0.014139
50	3.1	0.012414
50	3.2	0.011784
50	3.3	0.012878
50	3.4	0.012808
50	3.5	0.013261
50	3.6	0.012926
50	3.7	0.011756
50	3.8	0.01037
50	3.9	0.0096767
50	4	0.0098044
60	-4	0.0062227
60	-3.9	0.0077391
60	-3.8	0.0090126
60	-3.7	0.0096046
60	-3.6	0.009068
60	-3.5	0.0078901
60	-3.4	0.0071891
60	-3.3	0.0067962
60	-3.2	0.0088789
60	-3.1	0.010393
60	-3	0.010629
60	-2.9	0.0094245
60	-2.8	0.0080281
60	-2.7	0.008654
60	-2.6	0.013123
60	-2.5	0.017717
60	-2.4	0.023089
60	-2.3	0.027339
60	-2.2	0.028211
60	-2.1	0.028075
60	-2	0.027938
60	-1.9	0.028586
60	-1.8	0.030925
60	-1.7	0.032454
60	-1.6	0.034134
60	-1.5	0.032685
60	-1.4	0.029041
60	-1.3	0.024402
60	-1.2	0.02279
60	-1.1	0.025279
60	-1	0.035191
60	-0.9	0.044871
60	-0.8	0.050889
60	-0.7	0.054859
60	-0.6	0.054949
60	-0.5	0.052641
60	-0.4	0.044517
60	-0.3	0.035357
60	-0.2	0.029111
60	-0.1	0.021926
60	0	0.018513
60	0.1	0.017304
60	0.2	0.017764
60	0.3	0.021338
60	0.4	0.026604
60	0.5	0.034032
60	0.6	0.04207
60	0.7	0.04612
60	0.8	0.050863
60	0.9	0.052528
60	1	0.05238
60	1.1	0.049769
60	1.2	0.043516
60	1.3	0.040992
60	1.4	0.037543
60	1.5	0.034852
60	1.6	0.0337
60	1.7	0.03382
60	1.8	0.034647
60	1.9	0.036219
60	2	0.036475
60	2.1	0.036163
60	2.2	0.035124
60	2.3	0.032309
60	2.4	0.030308
60	2.5	0.026914
60	2.6	0.022287
60	2.7	0.019491
60	2.8	0.018393
60	2.9	0.016148
60	3	0.013989
60	3.1	0.012998
60	3.2	0.011657
60	3.3	0.010689
60	3.4	0.010434
60	3.5	0.010454
60	3.6	0.010724
60	3.7	0.010738
60	3.8	0.011508
60	3.9	0.011668
60	4	0.011432
70	-4	0.0077516
70	-3.9	0.0087431
70	-3.8	0.008973
70	-3.7	0.0090018
70	-3.6	0.009328
70	-3.5	0.0090144
70	-3.4	0.0087024
70	-3.3	0.0081083
70	-3.2	0.0073668
70	-3.1	0.0074388
70	-3	0.0072116
70	-2.9	0.0083518
70	-2.8	0.0093505
70	-2.7	0.012607
70	-2.6	0.016313
70	-2.5	0.018163
70	-2.4	0.020644
70	-2.3	0.021922
70	-2.2	0.022899
70	-2.1	0.023807
70	-2	0.025373
70	-1.9	0.027487
70	-1.8	0.031341
70	-1.7	0.033884
70	-1.6	0.034452
70	-1.5	0.03397
70	-1.4	0.031067
70	-1.3	0.026808
70	-1.2	0.02504
70	-1.1	0.028059
70	-1	0.032047
70	-0.9	0.042849
70	-0.8	0.049582
70	-0.7	0.05322
70	-0.6	0.054621
70	-0.5	0.052964
70	-0.4	0.049702
70	-0.3	0.04227
70	-0.2	0.035693
70	-0.1	0.030834
70	0	0.022862
70	0.1	0.020882
70	0.2	0.019005
70	0.3	0.019121
70	0.4	0.021815
70	0.5	0.027936
70	0.6	0.031984
70	0.7	0.039796
70	0.8	0.045165
70	0.9	0.048589
70	1	0.050308
70	1.1	0.049675
70	1.2	0.046805
70	1.3	0.043995
70	1.4	0.041327
70	1.5	0.039065
70	1.6	0.038122
70	1.7	0.038415
70	1.8	0.039433
70	1.9	0.039895
70	2	0.039656
70	2.1	0.038748
70	2.2	0.037402
70	2.3	0.034541
70	2.4	0.032379
70	2.5	0.028607
70	2.6	0.024438
70	2.7	0.022303
70	2.8	0.02101
70	2.9	0.019419
70	3	0.017105
70	3.1	0.014883
70	3.2	0.014434
70	3.3	0.01255
70	3.4	0.010766
70	3.5	0.0097482
70	3.6	0.0098258
70	3.7	0.01068
70	3.8	0.010957
70	3.9	0.011651
70	4	0.011163
80	-4	0.0059519
80	-3.9	0.0067269
80	-3.8	0.0078757
80	-3.7	0.0085827
80	-3.6	0.0082368
80	-3.5	0.0071372
80	-3.4	0.0066593
80	-3.3	0.0067221
80	-3.2	0.0069211
80	-3.1	0.0076551
80	-3	0.0072896
80	-2.9	0.0069514
80	-2.8	0.0074757
80	-2.7	0.0086184
80	-2.6	0.011923
80	-2.5	0.015252
80	-2.4	0.018012
80	-2.3	0.020968
80	-2.2	0.022797
80	-2.1	0.023867
80	-2	0.025152
80	-1.9	0.027736
80	-1.8	0.030567
80	-1.7	0.033571
80	-1.6	0.03507
80	-1.5	0.035145
80	-1.4	0.030889
80	-1.3	0.026305
80	-1.2	0.024508
80	-1.1	0.027448
80	-1	0.032227
80	-0.9	0.040141
80	-0.8	0.049953
80	-0.7	0.056117
80	-0.6	0.059167
80	-0.5	0.0576
80	-0.4	0.053424
80	-0.3	0.044228
80	-0.2	0.037498
80	-0.1	0.029238
80	0	0.022254
80	0.1	0.018194
80	0.2	0.016717
80	0.3	0.016969
80	0.4	0.019002
80	0.5	0.023747
80	0.6	0.031064
80	0.7	0.037556
80	0.8	0.046883
80	0.9	0.051087
80	1	0.0539
80	1.1	0.053893
80	1.2	0.051885
80	1.3	0.048393
80	1.4	0.045485
80	1.5	0.042655
80	1.6	0.040371
80	1.7	0.040161
80	1.8	0.040505
80	1.9	0.040375
80	2	0.039764
80	2.1	0.038463
80	2.2	0.037205
80	2.3	0.035122
80	2.4	0.030942
80	2.5	0.02781
80	2.6	0.024563
80	2.7	0.022583
80	2.8	0.020864
80	2.9	0.019171
80	3	0.017573
80	3.1	0.015855
80	3.2	0.014314
80	3.3	0.01317
80	3.4	0.011586
80	3.5	0.011053
80	3.6	0.010745
80	3.7	0.011321
80	3.8	0.011946
80	3.9	0.011186
80	4	0.01052
90	-4	0.0073206
90	-3.9	0.0064019
90	-3.8	0.0056739
90	-3.7	0.0064145
90	-3.6	0.0080783
90	-3.5	0.0083149
90	-3.4	0.0075616
90	-3.3	0.0068719
90	-3.2	0.007144
90	-3.1	0.0098783
90	-3	0.01076
90	-2.9	0.01107
90	-2.8	0.010108
90	-2.7	0.0082034
90	-2.6	0.0081797
90	-2.5	0.012966
90	-2.4	0.018728
90	-2.3	0.025531
90	-2.2	0.028658
90	-2.1	0.031251
90	-2	0.031552
90	-1.9	0.030617
90	-1.8	0.029962
90	-1.7	0.03074
90	-1.6	0.031755
90	-1.5	0.033534
90	-1.4	0.032687
90	-1.3	0.030663
90	-1.2	0.027566
90	-1.1	0.026345
90	-1	0.032071
90	-0.9	0.037516
90	-0.8	0.047252
90	-0.7	0.051945
90	-0.6	0.057681
90	-0.5	0.058348
90	-0.4	0.056265
90	-0.3	0.049144
90	-0.2	0.039838
90	-0.1	0.033001
90	0	0.026116
90	0.1	0.020423
90	0.2	0.017481
90	0.3	0.016508
90	0.4	0.018677
90	0.5	0.022994
90	0.6	0.029908
90	0.7	0.039116
90	0.8	0.045948
90	0.9	0.051308
90	1	0.054883
90	1.1	0.055344
90	1.2	0.05303
90	1.3	0.048972
90	1.4	0.046507
90	1.5	0.041863
90	1.6	0.039573
90	1.7	0.038552
90	1.8	0.038595
90	1.9	0.038773
90	2	0.037878
90	2.1	0.036911
90	2.2	0.03354
90	2.3	0.031465
90	2.4	0.028
90	2.5	0.024465
90	2.6	0.022297
90	2.7	0.019919
90	2.8	0.017554
90	2.9	0.016198
90	3	0.013187
90	3.1	0.010784
90	3.2	0.0087468
90	3.3	0.0077849
90	3.4	0.0080983
90	3.5	0.0087283
90	3.6	0.0093592
90	3.7	0.01001
90	3.8	0.0090573
90	3.9	0.0080039
90	4	0.0069444
100	-4	0.0071168
100	-3.9	0.007935
100	-3.8	0.0089496
100	-3.7	0.0093781
100	-3.6	0.0084652
100	-3.5	0.0076276
100	-3.4	0.0059465
100	-3.3	0.0061941
100	-3.2	0.0070438
100	-3.1	0.0081142
100	-3	0.0077932
100	-2.9	0.0082583
100	-2.8	0.009169
100	-2.7	0.011651
100	-2.6	0.014307
100	-2.5	0.017785
100	-2.4	0.020669
100	-2.3	0.023831
100	-2.2	0.025727
100	-2.1	0.027161
100	-2	0.027764
100	-1.9	0.028493
100	-1.8	0.031513
100	-1.7	0.034062
100	-1.6	0.03558
100	-1.5	0.035916
100	-1.4	0.033561
100	-1.3	0.031061
100	-1.2	0.027607
100	-1.1	0.027804
100	-1	0.03206
100	-0.9	0.041983
100	-0.8	0.047882
100	-0.7	0.054794
100	-0.6	0.057948
100	-0.5	0.05847
100	-0.4	0.056056
100	-0.3	0.050331
100	-0.2	0.04365
100	-0.1	0.036958
100	0	0.026558
100	0.1	0.023911
100	0.2	0.020001
100	0.3	0.018079
100	0.4	0.01813
100	0.5	0.020483
100	0.6	0.028486
100	0.7	0.033399
100	0.8	0.040544
100	0.9	0.047542
100	1	0.0517
100	1.1	0.053304
100	1.2	0.052423
100	1.3	0.050139
100	1.4	0.04685
100	1.5	0.045261
100	1.6	0.043444
100	1.7	0.041718
100	1.8	0.041412
100	1.9	0.041296
100	2	0.040356
100	2.1	0.038493
100	2.2	0.037215
100	2.3	0.034483
100	2.4	0.030379
100	2.5	0.028118
100	2.6	0.026099
100	2.7	0.023564
100	2.8	0.020695
100	2.9	0.017823
100	3	0.014672
100	3.1	0.011727
100	3.2	0.010724
100	3.3	0.01042
100	3.4	0.010359
100	3.5	0.010733
100	3.6	0.010505
100	3.7	0.0094844
100	3.8	0.0082191
100	3.9	0.0071936
100	4	0.0068105
110	-4	0.0069584
110	-3.9	0.0080261
110	-3.8	0.009295
110	-3.7	0.0096967
110	-3.6	0.0086334
110	-3.5	0.0072228
110	-3.4	0.0059925
110	-3.3	0.0054915
110	-3.2	0.0079594
110	-3.1	0.0088698
110	-3	0.0101
110	-2.9	0.010378
110	-2.8	0.0095303
110	-2.7	0.0097266
110	-2.6	0.012174
110	-2.5	0.017077
110	-2.4	0.021682
110	-2.3	0.024127
110	-2.2	0.027132
110	-2.1	0.028738
110	-2	0.029521
110	-1.9	0.030668
110	-1.8	0.031443
110	-1.7	0.033218
110	-1.6	0.03491
110	-1.5	0.035005
110	-1.4	0.033174
110	-1.3	0.030094
110	-1.2	0.027359
110	-1.1	0.027411
110	-1	0.035488
110	-0.9	0.043098
110	-0.8	0.053815
110	-0.7	0.058422
110	-0.6	0.062308
110	-0.5	0.063777
110	-0.4	0.057917
110	-0.3	0.052368
110	-0.2	0.043394
110	-0.1	0.034675
110	0	0.026134
110	0.1	0.022321
110	0.2	0.019033
110	0.3	0.017778
110	0.4	0.018687
110	0.5	0.022048
110	0.6	0.028216
110	0.7	0.040462
110	0.8	0.045949
110	0.9	0.053136
110	1	0.056162
110	1.1	0.056726
110	1.2	0.054625
110	1.3	0.052799
110	1.4	0.048369
110	1.5	0.046585
110	1.6	0.044753
110	1.7	0.042937
110	1.8	0.041981
110	1.9	0.040872
110	2	0.039736
110	2.1	0.038335
110	2.2	0.037483
110	2.3	0.035804
110	2.4	0.033371
110	2.5	0.03056
110	2.6	0.026793
110	2.7	0.024418
110	2.8	0.021943
110	2.9	0.019492
110	3	0.017122
110	3.1	0.01614
110	3.2	0.015566
110	3.3	0.014777
110	3.4	0.013473
110	3.5	0.011959
110	3.6	0.011191
110	3.7	0.010451
110	3.8	0.010692
110	3.9	0.0106
110	4	0.010382
120	-4	0.0055849
120	-3.9	0.0064422
120	-3.8	0.0076382
120	-3.7	0.0080743
120	-3.6	0.0079878
120	-3.5	0.0070116
120	-3.4	0.0072317
120	-3.3	0.0082368
120	-3.2	0.010721
120	-3.1	0.011531
120	-3	0.012399
120	-2.9	0.011068
120	-2.8	0.0099938
120	-2.7	0.010207
120	-2.6	0.01445
120	-2.5	0.019386
120	-2.4	0.025071
120	-2.3	0.027762
120	-2.2	0.029994
120	-2.1	0.031242
120	-2	0.032147
120	-1.9	0.033354
120	-1.8	0.034717
120	-1.7	0.036307
120	-1.6	0.037297
120	-1.5	0.036562
120	-1.4	0.03374
120	-1.3	0.029626
120	-1.2	0.026689
120	-1.1	0.030504
120	-1	0.035209
120	-0.9	0.044334
120	-0.8	0.054105
120	-0.7	0.059893
120	-0.6	0.062302
120	-0.5	0.061948
120	-0.4	0.055028
120	-0.3	0.05113
120	-0.2	0.042817
120	-0.1	0.03324
120	0	0.024441
120	0.1	0.020568
120	0.2	0.018335
120	0.3	0.018317
120	0.4	0.020467
120	0.5	0.026492
120	0.6	0.03261
120	0.7	0.040894
120	0.8	0.045657
120	0.9	0.050931
120	1	0.053882
120	1.1	0.055808
120	1.2	0.054872
120	1.3	0.051511
120	1.4	0.046881
120	1.5	0.043158
120	1.6	0.040201
120	1.7	0.038674
120	1.8	0.037771
120	1.9	0.03804
120	2	0.038201
120	2.1	0.037483
120	2.2	0.036421
120	2.3	0.03379
120	2.4	0.03099
120	2.5	0.027156
120	2.6	0.024612
120	2.7	0.022525
120	2.8	0.020364
120	2.9	0.018198
120	3	0.017098
120	3.1	0.015233
120	3.2	0.012999
120	3.3	0.011196
120	3.4	0.010281
120	3.5	0.010607
120	3.6	0.010303
120	3.7	0.010894
120	3.8	0.010952
120	3.9	0.01085
120	4	0.010367
130	-4	0.0095472
130	-3.9	0.010641
130	-3.8	0.010906
130	-3.7	0.009976
130	-3.6	0.0092059
130	-3.5	0.0082171
130	-3.4	0.0078325
130	-3.3	0.0084269
130	-3.2	0.0090804
130	-3.1	0.010519
130	-3	0.011568
130	-2.9	0.013044
130	-2.8	0.014944
130	-2.7	0.016751
130	-2.6	0.01824
130	-2.5	0.019577
130	-2.4	0.022774
130	-2.3	0.024769
130	-2.2	0.026798
130	-2.1	0.02829
130	-2	0.030212
130	-1.9	0.032569
130	-1.8	0.034241
130	-1.7	0.036228
130	-1.6	0.036306
130	-1.5	0.035309
130	-1.4	0.031847
130	-1.3	0.02873
130	-1.2	0.026103
130	-1.1	0.028135
130	-1	0.034497
130	-0.9	0.04552
130	-0.8	0.053381
130	-0.7	0.061918
130	-0.6	0.065442
130	-0.5	0.064943
130	-0.4	0.060651
130	-0.3	0.053769
130	-0.2	0.044251
130	-0.1	0.034687
130	0	0.027395
130	0.1	0.020128
130	0.2	0.017694
130	0.3	0.017022
130	0.4	0.018578
130	0.5	0.022845
130	0.6	0.028752
130	0.7	0.038352
130	0.8	0.047083
130	0.9	0.051424
130	1	0.055159
130	1.1	0.055932
130	1.2	0.054193
130	1.3	0.048824
130	1.4	0.046067
130	1.5	0.042455
130	1.6	0.040486
130	1.7	0.0392
130	1.8	0.03898
130	1.9	0.039067
130	2	0.037632
130	2.1	0.035016
130	2.2	0.033368
130	2.3	0.030321
130	2.4	0.028092
130	2.5	0.025781
130	2.6	0.024689
130	2.7	0.022948
130	2.8	0.021479
130	2.9	0.019385
130	3	0.015564
130	3.1	0.013584
130	3.2	0.011817
130	3.3	0.010733
130	3.4	0.010742
130	3.5	0.010446
130	3.6	0.010471
130	3.7	0.010389
130	3.8	0.010561
130	3.9	0.010162
130	4	0.0095692
140	-4	0.0093609
140	-3.9	0.011017
140	-3.8	0.011605
140	-3.7	0.011503
140	-3.6	0.010256
140	-3.5	0.0091761
140	-3.4	0.0076382
140	-3.3	0.0078921
140	-3.2	0.0088807
140	-3.1	0.010783
140	-3	0.011253
140	-2.9	0.011633
140	-2.8	0.013491
140	-2.7	0.016729
140	-2.6	0.01956
140	-2.5	0.024333
140	-2.4	0.028135
140	-2.3	0.029648
140	-2.2	0.030602
140	-2.1	0.031526
140	-2	0.03166
140	-1.9	0.033402
140	-1.8	0.036245
140	-1.7	0.037659
140	-1.6	0.038647
140	-1.5	0.038162
140	-1.4	0.035494
140	-1.3	0.030214
140	-1.2	0.025468
140	-1.1	0.027606
140	-1	0.03643
140	-0.9	0.047116
140	-0.8	0.056229
140	-0.7	0.064013
140	-0.6	0.066721
140	-0.5	0.065181
140	-0.4	0.060391
140	-0.3	0.054067
140	-0.2	0.040428
140	-0.1	0.031877
140	0	0.026335
140	0.1	0.019502
140	0.2	0.016639
140	0.3	0.016478
140	0.4	0.019768
140	0.5	0.024171
140	0.6	0.031463
140	0.7	0.039677
140	0.8	0.045258
140	0.9	0.052456
140	1	0.055146
140	1.1	0.056645
140	1.2	0.055283
140	1.3	0.05143
140	1.4	0.047918
140	1.5	0.044991
140	1.6	0.041563
140	1.7	0.038406
140	1.8	0.036887
140	1.9	0.036786
140	2	0.036122
140	2.1	0.035466
140	2.2	0.032827
140	2.3	0.029989
140	2.4	0.027484
140	2.5	0.023164
140	2.6	0.020962
140	2.7	0.020364
140	2.8	0.019588
140	2.9	0.017817
140	3	0.015799
140	3.1	0.014387
140	3.2	0.011751
140	3.3	0.010238
140	3.4	0.0094997
140	3.5	0.0095861
140	3.6	0.0098783
140	3.7	0.010273
140	3.8	0.010165
140	3.9	0.0090947
140	4	0.0078139
150	-4	0.0099305
150	-3.9	0.010874
150	-3.8	0.011163
150	-3.7	0.010814
150	-3.6	0.010183
150	-3.5	0.01017
150	-3.4	0.011807
150	-3.3	0.013909
150	-3.2	0.014959
150	-3.1	0.014736
150	-3	0.013315
150	-2.9	0.012052
150	-2.8	0.011817
150	-2.7	0.015674
150	-2.6	0.020845
150	-2.5	0.027291
150	-2.4	0.032511
150	-2.3	0.033749
150	-2.2	0.035146
150	-2.1	0.035412
150	-2	0.035247
150	-1.9	0.036079
150	-1.8	0.037262
150	-1.7	0.039097
150	-1.6	0.038641
150	-1.5	0.037361
150	-1.4	0.033111
150	-1.3	0.02782
150	-1.2	0.026595
150	-1.1	0.032143
150	-1	0.037319
150	-0.9	0.049072
150	-0.8	0.055952
150	-0.7	0.062985
150	-0.6	0.063897
150	-0.5	0.062085
150	-0.4	0.054534
150	-0.3	0.047499
150	-0.2	0.036268
150	-0.1	0.029058
150	0	0.021951
150	0.1	0.019357
150	0.2	0.017752
150	0.3	0.01837
150	0.4	0.021215
150	0.5	0.0263
150	0.6	0.03356
150	0.7	0.040035
150	0.8	0.045145
150	0.9	0.050217
150	1	0.053389
150	1.1	0.052601
150	1.2	0.050691
150	1.3	0.044701
150	1.4	0.042629
150	1.5	0.037663
150	1.6	0.035744
150	1.7	0.034754
150	1.8	0.034842
150	1.9	0.035754
150	2	0.036066
150	2.1	0.034994
150	2.2	0.032248
150	2.3	0.030677
150	2.4	0.028104
150	2.5	0.02438
150	2.6	0.022562
150	2.7	0.021641
150	2.8	0.021107
150	2.9	0.020048
150	3	0.017281
150	3.1	0.015675
150	3.2	0.014153
150	3.3	0.012622
150	3.4	0.012164
150	3.5	0.012095
150	3.6	0.01231
150	3.7	0.012395
150	3.8	0.012551
150	3.9	0.011738
150	4	0.010869
160	-4	0.0088131
160	-3.9	0.0098587
160	-3.8	0.010367
160	-3.7	0.01026
160	-3.6	0.00944
160	-3.5	0.0082329
160	-3.4	0.0084192
160	-3.3	0.01026
160	-3.2	0.012919
160	-3.1	0.014821
160	-3	0.014668
160	-2.9	0.014125
160	-2.8	0.014024
160	-2.7	0.015923
160	-2.6	0.019905
160	-2.5	0.024379
160	-2.4	0.030112
160	-2.3	0.032103
160	-2.2	0.034436
160	-2.1	0.035582
160	-2	0.036656
160	-1.9	0.038185
160	-1.8	0.039617
160	-1.7	0.040035
160	-1.6	0.039396
160	-1.5	0.037369
160	-1.4	0.030851
160	-1.3	0.029016
160	-1.2	0.028254
160	-1.1	0.032489
160	-1	0.043258
160	-0.9	0.054095
160	-0.8	0.059989
160	-0.7	0.063565
160	-0.6	0.063545
160	-0.5	0.058946
160	-0.4	0.050267
160	-0.3	0.040661
160	-0.2	0.030363
160	-0.1	0.024363
160	0	0.020783
160	0.1	0.0167
160	0.2	0.016252
160	0.3	0.018225
160	0.4	0.023462
160	0.5	0.026515
160	0.6	0.03858
160	0.7	0.042888
160	0.8	0.048666
160	0.9	0.051656
160	1	0.052776
160	1.1	0.051477
160	1.2	0.049228
160	1.3	0.045665
160	1.4	0.042007
160	1.5	0.04014
160	1.6	0.037909
160	1.7	0.036512
160	1.8	0.035358
160	1.9	0.034468
160	2	0.032873
160	2.1	0.03152
160	2.2	0.030402
160	2.3	0.029514
160	2.4	0.027854
160	2.5	0.02468
160	2.6	0.021675
160	2.7	0.019585
160	2.8	0.017035
160	2.9	0.015027
160	3	0.012657
160	3.1	0.012321
160	3.2	0.011823
160	3.3	0.011453
160	3.4	0.011305
160	3.5	0.0099873
160	3.6	0.0082759
160	3.7	0.0082681
160	3.8	0.0082132
160	3.9	0.008507
160	4	0.0087209
170	-4	0.011318
170	-3.9	0.012607
170	-3.8	0.012889
170	-3.7	0.011792
170	-3.6	0.010227
170	-3.5	0.009554
170	-3.4	0.01093
170	-3.3	0.012458
170	-3.2	0.013998
170	-3.1	0.013827
170	-3	0.012316
170	-2.9	0.011299
170	-2.8	0.013572
170	-2.7	0.016461
170	-2.6	0.023415
170	-2.5	0.028489
170	-2.4	0.032861
170	-2.3	0.034031
170	-2.2	0.035268
170	-2.1	0.036346
170	-2	0.037546
170	-1.9	0.039335
170	-1.8	0.042027
170	-1.7	0.042898
170	-1.6	0.041256
170	-1.5	0.03741
170	-1.4	0.031994
170	-1.3	0.02888
170	-1.2	0.032745
170	-1.1	0.035501
170	-1	0.049776
170	-0.9	0.054811
170	-0.8	0.060855
170	-0.7	0.061984
170	-0.6	0.059803
170	-0.5	0.054326
170	-0.4	0.046781
170	-0.3	0.039602
170	-0.2	0.029443
170	-0.1	0.022598
170	0	0.018793
170	0.1	0.016028
170	0.2	0.016211
170	0.3	0.018842
170	0.4	0.022167
170	0.5	0.030007
170	0.6	0.03733
170	0.7	0.039551
170	0.8	0.044455
170	0.9	0.048132
170	1	0.048525
170	1.1	0.046148
170	1.2	0.044018
170	1.3	0.039692
170	1.4	0.037809
170	1.5	0.034955
170	1.6	0.033489
170	1.7	0.033082
170	1.8	0.033374
170	1.9	0.033354
170	2	0.032162
170	2.1	0.031131
170	2.2	0.029171
170	2.3	0.026957
170	2.4	0.025655
170	2.5	0.024305
170	2.6	0.022097
170	2.7	0.020259
170	2.8	0.018889
170	2.9	0.015265
170	3	0.013444
170	3.1	0.012993
170	3.2	0.012999
170	3.3	0.013056
170	3.4	0.012876
170	3.5	0.011932
170	3.6	0.010057
170	3.7	0.0091036
170	3.8	0.0078654
170	3.9	0.0082857
170	4	0.009618
180	-4	0.012522
180	-3.9	0.013296
180	-3.8	0.012825
180	-3.7	0.011128
180	-3.6	0.0094844
180	-3.5	0.0099322
180	-3.4	0.011879
180	-3.3	0.01348
180	-3.2	0.014174
180	-3.1	0.013559
180	-3	0.012138
180	-2.9	0.012007
180	-2.8	0.015276
180	-2.7	0.019824
180	-2.6	0.024119
180	-2.5	0.029838
180	-2.4	0.033912
180	-2.3	0.035314
180	-2.2	0.036965
180	-2.1	0.039015
180	-2	0.042395
180	-1.9	0.044525
180	-1.8	0.045918
180	-1.7	0.045058
180	-1.6	0.039605
180	-1.5	0.034466
180	-1.4	0.028772
180	-1.3	0.027049
180	-1.2	0.033931
180	-1.1	0.042842
180	-1	0.052065
180	-0.9	0.057688
180	-0.8	0.061166
180	-0.7	0.059734
180	-0.6	0.05566
180	-0.5	0.044986
180	-0.4	0.038773
180	-0.3	0.031045
180	-0.2	0.022277
180	-0.1	0.018057
180	0	0.015285
180	0.1	0.015271
180	0.2	0.017271
180	0.3	0.021137
180	0.4	0.024893
180	0.5	0.030983
180	0.6	0.037493
180	0.7	0.042105
180	0.8	0.045934
180	0.9	0.046998
180	1	0.047142
180	1.1	0.044999
180	1.2	0.041621
180	1.3	0.036336
180	1.4	0.034266
180	1.5	0.030288
180	1.6	0.028771
180	1.7	0.029562
180	1.8	0.031412
180	1.9	0.032801
180	2	0.032333
180	2.1	0.029174
180	2.2	0.026407
180	2.3	0.023008
180	2.4	0.020562
180	2.5	0.019751
180	2.6	0.019677
180	2.7	0.019146
180	2.8	0.017119
180	2.9	0.015197
180	3	0.012387
180	3.1	0.01085
180	3.2	0.010224
180	3.3	0.011318
180	3.4	0.012126
180	3.5	0.012286
180	3.6	0.011189
180	3.7	0.0096967
180	3.8	0.0084154
180	3.9	0.0084861
180	4	0.0091849
 
Uniformity Ratio =0.70117
