09-Jan-2018
8:42
TXR  008043 RM428 R24
33511B Function Generator
SN =Agilent Technologies,33511B,MY52301476,3.05-1.19-2.00-52-00
freq =+9.290000000000000E+06
burstmode =TRIG
burstN =+6.000000000000000E+01
voltage =+1.5000000000000E-01
 
DSO-X 2022A Oscilloscope
SN =AGILENT TECHNOLOGIES,DSO-X 2022A,MY54310921,02.41.2015102200
probe =+1.0000000E+00
scale =+500.0E-09
position =+19.900000E-06
range =+1.60E+00
units =VOLT
points =+2000
pointmode =NORM
format =BYTE
acqtype =NORM
trigsource =EXT
coupling =AC
 
-180	-4	0.0099565
-180	-3.9	0.010278
-180	-3.8	0.0096867
-180	-3.7	0.008955
-180	-3.6	0.0078056
-180	-3.5	0.0072473
-180	-3.4	0.0094639
-180	-3.3	0.011726
-180	-3.2	0.01391
-180	-3.1	0.013924
-180	-3	0.012342
-180	-2.9	0.0096231
-180	-2.8	0.0094297
-180	-2.7	0.014738
-180	-2.6	0.018698
-180	-2.5	0.024218
-180	-2.4	0.026838
-180	-2.3	0.027227
-180	-2.2	0.025793
-180	-2.1	0.024709
-180	-2	0.025037
-180	-1.9	0.028533
-180	-1.8	0.032399
-180	-1.7	0.035611
-180	-1.6	0.036401
-180	-1.5	0.035086
-180	-1.4	0.031727
-180	-1.3	0.025662
-180	-1.2	0.025807
-180	-1.1	0.027757
-180	-1	0.033273
-180	-0.9	0.041071
-180	-0.8	0.047595
-180	-0.7	0.049623
-180	-0.6	0.049488
-180	-0.5	0.046285
-180	-0.4	0.040295
-180	-0.3	0.035454
-180	-0.2	0.028822
-180	-0.1	0.025875
-180	0	0.02324
-180	0.1	0.022762
-180	0.2	0.026193
-180	0.3	0.02976
-180	0.4	0.036321
-180	0.5	0.039388
-180	0.6	0.047474
-180	0.7	0.052162
-180	0.8	0.05325
-180	0.9	0.053594
-180	1	0.053107
-180	1.1	0.049064
-180	1.2	0.0473
-180	1.3	0.042178
-180	1.4	0.040942
-180	1.5	0.040096
-180	1.6	0.039703
-180	1.7	0.040018
-180	1.8	0.041101
-180	1.9	0.042316
-180	2	0.042477
-180	2.1	0.040953
-180	2.2	0.039397
-180	2.3	0.036693
-180	2.4	0.03441
-180	2.5	0.031002
-180	2.6	0.027572
-180	2.7	0.025488
-180	2.8	0.023682
-180	2.9	0.022757
-180	3	0.020596
-180	3.1	0.018947
-180	3.2	0.017581
-180	3.3	0.016889
-180	3.4	0.01636
-180	3.5	0.014631
-180	3.6	0.013718
-180	3.7	0.013439
-180	3.8	0.013316
-180	3.9	0.013012
-180	4	0.012922
-170	-4	0.0084269
-170	-3.9	0.010435
-170	-3.8	0.011002
-170	-3.7	0.0098028
-170	-3.6	0.0080823
-170	-3.5	0.006277
-170	-3.4	0.006652
-170	-3.3	0.0097383
-170	-3.2	0.012478
-170	-3.1	0.014394
-170	-3	0.013847
-170	-2.9	0.012406
-170	-2.8	0.010024
-170	-2.7	0.012329
-170	-2.6	0.014717
-170	-2.5	0.021889
-170	-2.4	0.027481
-170	-2.3	0.028552
-170	-2.2	0.028662
-170	-2.1	0.027512
-170	-2	0.026414
-170	-1.9	0.028464
-170	-1.8	0.031732
-170	-1.7	0.034583
-170	-1.6	0.037074
-170	-1.5	0.036613
-170	-1.4	0.034271
-170	-1.3	0.029938
-170	-1.2	0.027936
-170	-1.1	0.029817
-170	-1	0.036328
-170	-0.9	0.046264
-170	-0.8	0.048894
-170	-0.7	0.052789
-170	-0.6	0.052556
-170	-0.5	0.049851
-170	-0.4	0.042987
-170	-0.3	0.038256
-170	-0.2	0.030171
-170	-0.1	0.024496
-170	0	0.022014
-170	0.1	0.021499
-170	0.2	0.023687
-170	0.3	0.030084
-170	0.4	0.035087
-170	0.5	0.040216
-170	0.6	0.050575
-170	0.7	0.05462
-170	0.8	0.057156
-170	0.9	0.057394
-170	1	0.056662
-170	1.1	0.05288
-170	1.2	0.048907
-170	1.3	0.04569
-170	1.4	0.045211
-170	1.5	0.044172
-170	1.6	0.043401
-170	1.7	0.042701
-170	1.8	0.042457
-170	1.9	0.041476
-170	2	0.040589
-170	2.1	0.038771
-170	2.2	0.0363
-170	2.3	0.035633
-170	2.4	0.031938
-170	2.5	0.030439
-170	2.6	0.025277
-170	2.7	0.022482
-170	2.8	0.020123
-170	2.9	0.016566
-170	3	0.014441
-170	3.1	0.013156
-170	3.2	0.012953
-170	3.3	0.013054
-170	3.4	0.012627
-170	3.5	0.01153
-170	3.6	0.010304
-170	3.7	0.0092985
-170	3.8	0.0084575
-170	3.9	0.0080482
-170	4	0.0084441
-160	-4	0.010157
-160	-3.9	0.01083
-160	-3.8	0.010135
-160	-3.7	0.0085469
-160	-3.6	0.0067796
-160	-3.5	0.006893
-160	-3.4	0.0095218
-160	-3.3	0.011845
-160	-3.2	0.012708
-160	-3.1	0.013296
-160	-3	0.012106
-160	-2.9	0.010252
-160	-2.8	0.012191
-160	-2.7	0.014906
-160	-2.6	0.019165
-160	-2.5	0.023646
-160	-2.4	0.027115
-160	-2.3	0.027354
-160	-2.2	0.026906
-160	-2.1	0.026615
-160	-2	0.027432
-160	-1.9	0.030064
-160	-1.8	0.034012
-160	-1.7	0.036279
-160	-1.6	0.036624
-160	-1.5	0.032289
-160	-1.4	0.03113
-160	-1.3	0.027831
-160	-1.2	0.029276
-160	-1.1	0.033714
-160	-1	0.041707
-160	-0.9	0.04662
-160	-0.8	0.051861
-160	-0.7	0.052423
-160	-0.6	0.049695
-160	-0.5	0.045832
-160	-0.4	0.038089
-160	-0.3	0.032425
-160	-0.2	0.027347
-160	-0.1	0.024474
-160	0	0.022543
-160	0.1	0.023357
-160	0.2	0.02648
-160	0.3	0.031108
-160	0.4	0.039396
-160	0.5	0.045065
-160	0.6	0.050439
-160	0.7	0.052945
-160	0.8	0.054802
-160	0.9	0.054029
-160	1	0.052336
-160	1.1	0.04987
-160	1.2	0.0452
-160	1.3	0.043117
-160	1.4	0.042516
-160	1.5	0.041981
-160	1.6	0.041134
-160	1.7	0.040556
-160	1.8	0.039777
-160	1.9	0.039087
-160	2	0.037601
-160	2.1	0.036163
-160	2.2	0.034448
-160	2.3	0.032577
-160	2.4	0.030841
-160	2.5	0.027177
-160	2.6	0.025425
-160	2.7	0.021828
-160	2.8	0.01995
-160	2.9	0.016584
-160	3	0.015163
-160	3.1	0.014341
-160	3.2	0.014137
-160	3.3	0.014187
-160	3.4	0.013305
-160	3.5	0.012713
-160	3.6	0.011818
-160	3.7	0.011359
-160	3.8	0.0097449
-160	3.9	0.009498
-160	4	0.0096566
-150	-4	0.0093902
-150	-3.9	0.010568
-150	-3.8	0.010292
-150	-3.7	0.0093885
-150	-3.6	0.0082779
-150	-3.5	0.0080703
-150	-3.4	0.0091567
-150	-3.3	0.011738
-150	-3.2	0.012983
-150	-3.1	0.013207
-150	-3	0.013157
-150	-2.9	0.012924
-150	-2.8	0.014376
-150	-2.7	0.01729
-150	-2.6	0.019933
-150	-2.5	0.023611
-150	-2.4	0.027085
-150	-2.3	0.028574
-150	-2.2	0.028897
-150	-2.1	0.029258
-150	-2	0.030967
-150	-1.9	0.033003
-150	-1.8	0.036431
-150	-1.7	0.037395
-150	-1.6	0.037642
-150	-1.5	0.035938
-150	-1.4	0.031664
-150	-1.3	0.030441
-150	-1.2	0.032916
-150	-1.1	0.036852
-150	-1	0.046046
-150	-0.9	0.049864
-150	-0.8	0.05292
-150	-0.7	0.053425
-150	-0.6	0.050293
-150	-0.5	0.044615
-150	-0.4	0.038243
-150	-0.3	0.031637
-150	-0.2	0.027526
-150	-0.1	0.023565
-150	0	0.021917
-150	0.1	0.022243
-150	0.2	0.025355
-150	0.3	0.029412
-150	0.4	0.03397
-150	0.5	0.041718
-150	0.6	0.048025
-150	0.7	0.051961
-150	0.8	0.05458
-150	0.9	0.055061
-150	1	0.053529
-150	1.1	0.050823
-150	1.2	0.047059
-150	1.3	0.044861
-150	1.4	0.041971
-150	1.5	0.040481
-150	1.6	0.039576
-150	1.7	0.039702
-150	1.8	0.040507
-150	1.9	0.040726
-150	2	0.039926
-150	2.1	0.038575
-150	2.2	0.035454
-150	2.3	0.032201
-150	2.4	0.029012
-150	2.5	0.027243
-150	2.6	0.024819
-150	2.7	0.022683
-150	2.8	0.0216
-150	2.9	0.019408
-150	3	0.01686
-150	3.1	0.015139
-150	3.2	0.012504
-150	3.3	0.011555
-150	3.4	0.011806
-150	3.5	0.012524
-150	3.6	0.012921
-150	3.7	0.011836
-150	3.8	0.011036
-150	3.9	0.0099305
-150	4	0.0093661
-140	-4	0.010836
-140	-3.9	0.011181
-140	-3.8	0.010893
-140	-3.7	0.0093936
-140	-3.6	0.0077077
-140	-3.5	0.0080943
-140	-3.4	0.010348
-140	-3.3	0.011985
-140	-3.2	0.013066
-140	-3.1	0.012482
-140	-3	0.012037
-140	-2.9	0.012248
-140	-2.8	0.014685
-140	-2.7	0.018912
-140	-2.6	0.022898
-140	-2.5	0.026215
-140	-2.4	0.027012
-140	-2.3	0.027051
-140	-2.2	0.026318
-140	-2.1	0.027611
-140	-2	0.030439
-140	-1.9	0.034958
-140	-1.8	0.037288
-140	-1.7	0.038932
-140	-1.6	0.035596
-140	-1.5	0.032041
-140	-1.4	0.028026
-140	-1.3	0.027898
-140	-1.2	0.031765
-140	-1.1	0.039197
-140	-1	0.045106
-140	-0.9	0.048763
-140	-0.8	0.051579
-140	-0.7	0.051438
-140	-0.6	0.047364
-140	-0.5	0.042961
-140	-0.4	0.036088
-140	-0.3	0.029078
-140	-0.2	0.022868
-140	-0.1	0.020605
-140	0	0.019586
-140	0.1	0.021656
-140	0.2	0.024359
-140	0.3	0.029107
-140	0.4	0.036118
-140	0.5	0.042654
-140	0.6	0.046785
-140	0.7	0.050149
-140	0.8	0.051411
-140	0.9	0.051076
-140	1	0.04929
-140	1.1	0.047048
-140	1.2	0.04324
-140	1.3	0.041201
-140	1.4	0.038168
-140	1.5	0.036824
-140	1.6	0.036325
-140	1.7	0.036403
-140	1.8	0.036445
-140	1.9	0.036108
-140	2	0.03485
-140	2.1	0.033831
-140	2.2	0.031463
-140	2.3	0.028902
-140	2.4	0.024717
-140	2.5	0.022816
-140	2.6	0.021172
-140	2.7	0.020084
-140	2.8	0.018576
-140	2.9	0.017246
-140	3	0.016437
-140	3.1	0.013818
-140	3.2	0.011901
-140	3.3	0.010598
-140	3.4	0.0095523
-140	3.5	0.010153
-140	3.6	0.011334
-140	3.7	0.011873
-140	3.8	0.011366
-140	3.9	0.010739
-140	4	0.010118
-130	-4	0.0098044
-130	-3.9	0.0099012
-130	-3.8	0.0095911
-130	-3.7	0.0091708
-130	-3.6	0.0093263
-130	-3.5	0.01032
-130	-3.4	0.011597
-130	-3.3	0.012919
-130	-3.2	0.012818
-130	-3.1	0.012474
-130	-3	0.012033
-130	-2.9	0.012104
-130	-2.8	0.014556
-130	-2.7	0.018954
-130	-2.6	0.022538
-130	-2.5	0.024668
-130	-2.4	0.026499
-130	-2.3	0.026957
-130	-2.2	0.027607
-130	-2.1	0.029304
-130	-2	0.032105
-130	-1.9	0.034982
-130	-1.8	0.035635
-130	-1.7	0.036428
-130	-1.6	0.034891
-130	-1.5	0.033088
-130	-1.4	0.030423
-130	-1.3	0.030343
-130	-1.2	0.034303
-130	-1.1	0.040333
-130	-1	0.048758
-130	-0.9	0.051777
-130	-0.8	0.05375
-130	-0.7	0.053284
-130	-0.6	0.050221
-130	-0.5	0.042967
-130	-0.4	0.036858
-130	-0.3	0.029215
-130	-0.2	0.024378
-130	-0.1	0.01948
-130	0	0.018611
-130	0.1	0.01886
-130	0.2	0.021256
-130	0.3	0.024967
-130	0.4	0.029537
-130	0.5	0.037522
-130	0.6	0.04461
-130	0.7	0.047997
-130	0.8	0.050602
-130	0.9	0.051825
-130	1	0.050038
-130	1.1	0.047432
-130	1.2	0.043739
-130	1.3	0.042137
-130	1.4	0.040235
-130	1.5	0.039093
-130	1.6	0.038166
-130	1.7	0.037677
-130	1.8	0.036815
-130	1.9	0.035139
-130	2	0.033499
-130	2.1	0.031731
-130	2.2	0.030002
-130	2.3	0.027577
-130	2.4	0.025829
-130	2.5	0.02329
-130	2.6	0.021016
-130	2.7	0.018152
-130	2.8	0.015792
-130	2.9	0.014047
-130	3	0.012414
-130	3.1	0.011279
-130	3.2	0.010041
-130	3.3	0.0089152
-130	3.4	0.0078572
-130	3.5	0.0081341
-130	3.6	0.0091461
-130	3.7	0.00973
-130	3.8	0.0093367
-130	3.9	0.0087819
-130	4	0.0078901
-120	-4	0.010248
-120	-3.9	0.0099159
-120	-3.8	0.0088442
-120	-3.7	0.008769
-120	-3.6	0.009416
-120	-3.5	0.01107
-120	-3.4	0.012546
-120	-3.3	0.013521
-120	-3.2	0.013128
-120	-3.1	0.012096
-120	-3	0.011348
-120	-2.9	0.013319
-120	-2.8	0.01688
-120	-2.7	0.020615
-120	-2.6	0.025373
-120	-2.5	0.026688
-120	-2.4	0.026926
-120	-2.3	0.026463
-120	-2.2	0.026278
-120	-2.1	0.028882
-120	-2	0.032306
-120	-1.9	0.035227
-120	-1.8	0.03801
-120	-1.7	0.037506
-120	-1.6	0.034013
-120	-1.5	0.02996
-120	-1.4	0.026638
-120	-1.3	0.027747
-120	-1.2	0.033322
-120	-1.1	0.043369
-120	-1	0.048716
-120	-0.9	0.054046
-120	-0.8	0.055013
-120	-0.7	0.053285
-120	-0.6	0.04524
-120	-0.5	0.040144
-120	-0.4	0.03138
-120	-0.3	0.02584
-120	-0.2	0.02008
-120	-0.1	0.018843
-120	0	0.017485
-120	0.1	0.017748
-120	0.2	0.01932
-120	0.3	0.024035
-120	0.4	0.029022
-120	0.5	0.037152
-120	0.6	0.040262
-120	0.7	0.044897
-120	0.8	0.046944
-120	0.9	0.047045
-120	1	0.045548
-120	1.1	0.042862
-120	1.2	0.040503
-120	1.3	0.036906
-120	1.4	0.034554
-120	1.5	0.032978
-120	1.6	0.03218
-120	1.7	0.032443
-120	1.8	0.032838
-120	1.9	0.032429
-120	2	0.031455
-120	2.1	0.030821
-120	2.2	0.028656
-120	2.3	0.026295
-120	2.4	0.023441
-120	2.5	0.021019
-120	2.6	0.020458
-120	2.7	0.019482
-120	2.8	0.017402
-120	2.9	0.016015
-120	3	0.014415
-120	3.1	0.013048
-120	3.2	0.011784
-120	3.3	0.010999
-120	3.4	0.010713
-120	3.5	0.011102
-120	3.6	0.011045
-120	3.7	0.010143
-120	3.8	0.0092985
-120	3.9	0.0087856
-120	4	0.0089043
-110	-4	0.0103
-110	-3.9	0.010016
-110	-3.8	0.0085789
-110	-3.7	0.0082289
-110	-3.6	0.0083459
-110	-3.5	0.0093712
-110	-3.4	0.011752
-110	-3.3	0.013178
-110	-3.2	0.013411
-110	-3.1	0.01351
-110	-3	0.012843
-110	-2.9	0.01321
-110	-2.8	0.014429
-110	-2.7	0.017633
-110	-2.6	0.020565
-110	-2.5	0.025407
-110	-2.4	0.027041
-110	-2.3	0.029602
-110	-2.2	0.030838
-110	-2.1	0.032246
-110	-2	0.03416
-110	-1.9	0.035054
-110	-1.8	0.035813
-110	-1.7	0.03497
-110	-1.6	0.033709
-110	-1.5	0.03111
-110	-1.4	0.030162
-110	-1.3	0.03256
-110	-1.2	0.037295
-110	-1.1	0.0412
-110	-1	0.046861
-110	-0.9	0.052003
-110	-0.8	0.054176
-110	-0.7	0.053446
-110	-0.6	0.049419
-110	-0.5	0.042717
-110	-0.4	0.035497
-110	-0.3	0.029651
-110	-0.2	0.022881
-110	-0.1	0.018425
-110	0	0.016003
-110	0.1	0.015274
-110	0.2	0.01624
-110	0.3	0.019077
-110	0.4	0.023677
-110	0.5	0.029362
-110	0.6	0.036436
-110	0.7	0.040483
-110	0.8	0.045436
-110	0.9	0.047315
-110	1	0.047742
-110	1.1	0.046774
-110	1.2	0.044479
-110	1.3	0.041189
-110	1.4	0.039444
-110	1.5	0.037683
-110	1.6	0.035897
-110	1.7	0.035333
-110	1.8	0.033758
-110	1.9	0.032544
-110	2	0.032055
-110	2.1	0.03126
-110	2.2	0.029587
-110	2.3	0.027993
-110	2.4	0.02522
-110	2.5	0.022434
-110	2.6	0.01845
-110	2.7	0.016712
-110	2.8	0.014368
-110	2.9	0.012496
-110	3	0.010888
-110	3.1	0.010161
-110	3.2	0.0094297
-110	3.3	0.0087856
-110	3.4	0.0087228
-110	3.5	0.008152
-110	3.6	0.0081738
-110	3.7	0.0076382
-110	3.8	0.0079064
-110	3.9	0.0069351
-110	4	0.0070484
-100	-4	0.00922
-100	-3.9	0.010184
-100	-3.8	0.0098881
-100	-3.7	0.0093557
-100	-3.6	0.0080783
-100	-3.5	0.0078695
-100	-3.4	0.0092007
-100	-3.3	0.011282
-100	-3.2	0.01263
-100	-3.1	0.013554
-100	-3	0.012988
-100	-2.9	0.012622
-100	-2.8	0.014151
-100	-2.7	0.018251
-100	-2.6	0.0223
-100	-2.5	0.027034
-100	-2.4	0.02948
-100	-2.3	0.030723
-100	-2.2	0.030418
-100	-2.1	0.029965
-100	-2	0.031276
-100	-1.9	0.032541
-100	-1.8	0.03502
-100	-1.7	0.035795
-100	-1.6	0.034752
-100	-1.5	0.032041
-100	-1.4	0.029145
-100	-1.3	0.029383
-100	-1.2	0.035051
-100	-1.1	0.041187
-100	-1	0.048208
-100	-0.9	0.055297
-100	-0.8	0.056491
-100	-0.7	0.055231
-100	-0.6	0.050724
-100	-0.5	0.042799
-100	-0.4	0.033638
-100	-0.3	0.029178
-100	-0.2	0.022899
-100	-0.1	0.016417
-100	0	0.013112
-100	0.1	0.01193
-100	0.2	0.013133
-100	0.3	0.017543
-100	0.4	0.02498
-100	0.5	0.029813
-100	0.6	0.036993
-100	0.7	0.040859
-100	0.8	0.043814
-100	0.9	0.044716
-100	1	0.043865
-100	1.1	0.041575
-100	1.2	0.038471
-100	1.3	0.03599
-100	1.4	0.033619
-100	1.5	0.031559
-100	1.6	0.029646
-100	1.7	0.029086
-100	1.8	0.027158
-100	1.9	0.025496
-100	2	0.02478
-100	2.1	0.024007
-100	2.2	0.022824
-100	2.3	0.022062
-100	2.4	0.02122
-100	2.5	0.020234
-100	2.6	0.018088
-100	2.7	0.015758
-100	2.8	0.013029
-100	2.9	0.010245
-100	3	0.0094741
-100	3.1	0.0092985
-100	3.2	0.0097698
-100	3.3	0.0097
-100	3.4	0.0091478
-100	3.5	0.0085959
-100	3.6	0.0070621
-100	3.7	0.0060755
-100	3.8	0.0062847
-100	3.9	0.0066787
-100	4	0.0084671
-90	-4	0.01014
-90	-3.9	0.010508
-90	-3.8	0.010358
-90	-3.7	0.0099045
-90	-3.6	0.0092235
-90	-3.5	0.0090715
-90	-3.4	0.010279
-90	-3.3	0.012188
-90	-3.2	0.012849
-90	-3.1	0.012947
-90	-3	0.012767
-90	-2.9	0.013384
-90	-2.8	0.015754
-90	-2.7	0.019216
-90	-2.6	0.022562
-90	-2.5	0.02554
-90	-2.4	0.027761
-90	-2.3	0.028969
-90	-2.2	0.031252
-90	-2.1	0.033032
-90	-2	0.035378
-90	-1.9	0.036665
-90	-1.8	0.036753
-90	-1.7	0.035638
-90	-1.6	0.03331
-90	-1.5	0.031438
-90	-1.4	0.030674
-90	-1.3	0.03186
-90	-1.2	0.038125
-90	-1.1	0.044198
-90	-1	0.051708
-90	-0.9	0.055705
-90	-0.8	0.057953
-90	-0.7	0.056628
-90	-0.6	0.052651
-90	-0.5	0.046219
-90	-0.4	0.036825
-90	-0.3	0.026595
-90	-0.2	0.021183
-90	-0.1	0.016562
-90	0	0.014233
-90	0.1	0.012758
-90	0.2	0.013167
-90	0.3	0.014501
-90	0.4	0.019373
-90	0.5	0.025697
-90	0.6	0.032206
-90	0.7	0.037658
-90	0.8	0.043143
-90	0.9	0.045511
-90	1	0.045727
-90	1.1	0.044905
-90	1.2	0.042946
-90	1.3	0.040268
-90	1.4	0.036101
-90	1.5	0.033659
-90	1.6	0.032277
-90	1.7	0.031924
-90	1.8	0.031488
-90	1.9	0.03047
-90	2	0.029614
-90	2.1	0.028177
-90	2.2	0.026416
-90	2.3	0.024013
-90	2.4	0.022779
-90	2.5	0.021732
-90	2.6	0.020602
-90	2.7	0.018453
-90	2.8	0.014971
-90	2.9	0.012655
-90	3	0.011024
-90	3.1	0.0095506
-90	3.2	0.0095031
-90	3.3	0.0095776
-90	3.4	0.010008
-90	3.5	0.0097
-90	3.6	0.0087005
-90	3.7	0.0080963
-90	3.8	0.0080382
-90	3.9	0.0086315
-90	4	0.0091478
-80	-4	0.0095726
-80	-3.9	0.010431
-80	-3.8	0.010284
-80	-3.7	0.009989
-80	-3.6	0.0096248
-80	-3.5	0.010347
-80	-3.4	0.0118
-80	-3.3	0.01229
-80	-3.2	0.012466
-80	-3.1	0.012667
-80	-3	0.012946
-80	-2.9	0.014006
-80	-2.8	0.017197
-80	-2.7	0.022449
-80	-2.6	0.024282
-80	-2.5	0.026908
-80	-2.4	0.029062
-80	-2.3	0.030212
-80	-2.2	0.032114
-80	-2.1	0.034585
-80	-2	0.037687
-80	-1.9	0.040515
-80	-1.8	0.041423
-80	-1.7	0.041245
-80	-1.6	0.037647
-80	-1.5	0.031966
-80	-1.4	0.029384
-80	-1.3	0.032275
-80	-1.2	0.039445
-80	-1.1	0.048163
-80	-1	0.053796
-80	-0.9	0.059121
-80	-0.8	0.061015
-80	-0.7	0.057027
-80	-0.6	0.051439
-80	-0.5	0.041877
-80	-0.4	0.036772
-80	-0.3	0.0269
-80	-0.2	0.019615
-80	-0.1	0.015737
-80	0	0.013297
-80	0.1	0.013374
-80	0.2	0.015306
-80	0.3	0.01775
-80	0.4	0.021971
-80	0.5	0.02683
-80	0.6	0.031777
-80	0.7	0.038309
-80	0.8	0.041569
-80	0.9	0.043131
-80	1	0.043728
-80	1.1	0.042892
-80	1.2	0.040725
-80	1.3	0.037622
-80	1.4	0.03382
-80	1.5	0.029706
-80	1.6	0.028091
-80	1.7	0.027842
-80	1.8	0.028302
-80	1.9	0.028491
-80	2	0.028782
-80	2.1	0.02825
-80	2.2	0.025267
-80	2.3	0.022149
-80	2.4	0.02046
-80	2.5	0.019494
-80	2.6	0.019503
-80	2.7	0.019289
-80	2.8	0.01868
-80	2.9	0.016902
-80	3	0.014589
-80	3.1	0.011622
-80	3.2	0.010301
-80	3.3	0.010162
-80	3.4	0.011045
-80	3.5	0.012432
-80	3.6	0.012479
-80	3.7	0.011301
-80	3.8	0.010292
-80	3.9	0.010249
-80	4	0.010621
-70	-4	0.010538
-70	-3.9	0.010558
-70	-3.8	0.010465
-70	-3.7	0.010114
-70	-3.6	0.01017
-70	-3.5	0.010697
-70	-3.4	0.01192
-70	-3.3	0.012604
-70	-3.2	0.012531
-70	-3.1	0.011874
-70	-3	0.011756
-70	-2.9	0.013175
-70	-2.8	0.01628
-70	-2.7	0.019554
-70	-2.6	0.023622
-70	-2.5	0.026105
-70	-2.4	0.028214
-70	-2.3	0.030428
-70	-2.2	0.032081
-70	-2.1	0.034392
-70	-2	0.036272
-70	-1.9	0.038535
-70	-1.8	0.039859
-70	-1.7	0.039548
-70	-1.6	0.03736
-70	-1.5	0.033588
-70	-1.4	0.031002
-70	-1.3	0.032285
-70	-1.2	0.038428
-70	-1.1	0.047202
-70	-1	0.055062
-70	-0.9	0.06144
-70	-0.8	0.063216
-70	-0.7	0.06149
-70	-0.6	0.05654
-70	-0.5	0.049557
-70	-0.4	0.038761
-70	-0.3	0.031279
-70	-0.2	0.021752
-70	-0.1	0.016444
-70	0	0.013132
-70	0.1	0.012055
-70	0.2	0.012338
-70	0.3	0.015522
-70	0.4	0.019791
-70	0.5	0.026388
-70	0.6	0.032429
-70	0.7	0.040195
-70	0.8	0.043394
-70	0.9	0.04518
-70	1	0.045788
-70	1.1	0.044503
-70	1.2	0.042133
-70	1.3	0.038388
-70	1.4	0.035271
-70	1.5	0.031448
-70	1.6	0.029743
-70	1.7	0.02895
-70	1.8	0.027729
-70	1.9	0.026181
-70	2	0.025685
-70	2.1	0.024407
-70	2.2	0.023781
-70	2.3	0.022204
-70	2.4	0.021687
-70	2.5	0.021427
-70	2.6	0.021312
-70	2.7	0.020857
-70	2.8	0.019436
-70	2.9	0.01539
-70	3	0.012906
-70	3.1	0.011012
-70	3.2	0.010432
-70	3.3	0.010189
-70	3.4	0.010712
-70	3.5	0.011629
-70	3.6	0.011752
-70	3.7	0.011043
-70	3.8	0.0094571
-70	3.9	0.0095827
-70	4	0.010178
-60	-4	0.010113
-60	-3.9	0.011407
-60	-3.8	0.011732
-60	-3.7	0.011147
-60	-3.6	0.010483
-60	-3.5	0.0093643
-60	-3.4	0.010653
-60	-3.3	0.012695
-60	-3.2	0.014477
-60	-3.1	0.015219
-60	-3	0.014865
-60	-2.9	0.013845
-60	-2.8	0.015317
-60	-2.7	0.018055
-60	-2.6	0.022568
-60	-2.5	0.029504
-60	-2.4	0.033628
-60	-2.3	0.034363
-60	-2.2	0.034513
-60	-2.1	0.036363
-60	-2	0.038544
-60	-1.9	0.041068
-60	-1.8	0.044688
-60	-1.7	0.044324
-60	-1.6	0.03936
-60	-1.5	0.035765
-60	-1.4	0.032149
-60	-1.3	0.032053
-60	-1.2	0.036807
-60	-1.1	0.046806
-60	-1	0.054228
-60	-0.9	0.061279
-60	-0.8	0.065436
-60	-0.7	0.06492
-60	-0.6	0.058952
-60	-0.5	0.050461
-60	-0.4	0.039576
-60	-0.3	0.026883
-60	-0.2	0.020173
-60	-0.1	0.015088
-60	0	0.012811
-60	0.1	0.01397
-60	0.2	0.015643
-60	0.3	0.018185
-60	0.4	0.023966
-60	0.5	0.029925
-60	0.6	0.035047
-60	0.7	0.042138
-60	0.8	0.044533
-60	0.9	0.047581
-60	1	0.047685
-60	1.1	0.047332
-60	1.2	0.043571
-60	1.3	0.041363
-60	1.4	0.034761
-60	1.5	0.030542
-60	1.6	0.027966
-60	1.7	0.025811
-60	1.8	0.025836
-60	1.9	0.026481
-60	2	0.026983
-60	2.1	0.026737
-60	2.2	0.024482
-60	2.3	0.021237
-60	2.4	0.01821
-60	2.5	0.016938
-60	2.6	0.01664
-60	2.7	0.016199
-60	2.8	0.016314
-60	2.9	0.015148
-60	3	0.014407
-60	3.1	0.012887
-60	3.2	0.010561
-60	3.3	0.0099436
-60	3.4	0.010062
-60	3.5	0.011777
-60	3.6	0.012054
-60	3.7	0.011235
-60	3.8	0.010208
-60	3.9	0.0097167
-60	4	0.008982
-50	-4	0.011547
-50	-3.9	0.011703
-50	-3.8	0.01046
-50	-3.7	0.0097333
-50	-3.6	0.0088607
-50	-3.5	0.0097995
-50	-3.4	0.011238
-50	-3.3	0.013461
-50	-3.2	0.014567
-50	-3.1	0.013773
-50	-3	0.012332
-50	-2.9	0.011178
-50	-2.8	0.012878
-50	-2.7	0.017856
-50	-2.6	0.024249
-50	-2.5	0.027696
-50	-2.4	0.029898
-50	-2.3	0.033129
-50	-2.2	0.035577
-50	-2.1	0.037819
-50	-2	0.040625
-50	-1.9	0.043204
-50	-1.8	0.044862
-50	-1.7	0.044843
-50	-1.6	0.042593
-50	-1.5	0.040529
-50	-1.4	0.03519
-50	-1.3	0.034408
-50	-1.2	0.037072
-50	-1.1	0.048142
-50	-1	0.055335
-50	-0.9	0.062836
-50	-0.8	0.067519
-50	-0.7	0.067284
-50	-0.6	0.061284
-50	-0.5	0.052513
-50	-0.4	0.041743
-50	-0.3	0.03223
-50	-0.2	0.019688
-50	-0.1	0.016013
-50	0	0.013527
-50	0.1	0.013517
-50	0.2	0.014847
-50	0.3	0.018385
-50	0.4	0.023708
-50	0.5	0.029231
-50	0.6	0.036957
-50	0.7	0.04098
-50	0.8	0.044898
-50	0.9	0.046443
-50	1	0.047371
-50	1.1	0.047206
-50	1.2	0.04558
-50	1.3	0.044553
-50	1.4	0.041576
-50	1.5	0.036332
-50	1.6	0.033521
-50	1.7	0.028791
-50	1.8	0.027629
-50	1.9	0.026306
-50	2	0.026981
-50	2.1	0.027559
-50	2.2	0.026317
-50	2.3	0.024611
-50	2.4	0.022947
-50	2.5	0.020512
-50	2.6	0.018231
-50	2.7	0.016464
-50	2.8	0.015887
-50	2.9	0.015906
-50	3	0.015199
-50	3.1	0.013164
-50	3.2	0.011202
-50	3.3	0.0092672
-50	3.4	0.0089043
-50	3.5	0.0086053
-50	3.6	0.0090947
-50	3.7	0.0086203
-50	3.8	0.0083324
-50	3.9	0.0082544
-50	4	0.0081361
-40	-4	0.010455
-40	-3.9	0.011321
-40	-3.8	0.011714
-40	-3.7	0.011913
-40	-3.6	0.011958
-40	-3.5	0.01107
-40	-3.4	0.010928
-40	-3.3	0.011644
-40	-3.2	0.013054
-40	-3.1	0.013853
-40	-3	0.014727
-40	-2.9	0.014627
-40	-2.8	0.015099
-40	-2.7	0.017074
-40	-2.6	0.021669
-40	-2.5	0.025909
-40	-2.4	0.029638
-40	-2.3	0.034427
-40	-2.2	0.036811
-40	-2.1	0.039613
-40	-2	0.042016
-40	-1.9	0.045016
-40	-1.8	0.045956
-40	-1.7	0.045067
-40	-1.6	0.043747
-40	-1.5	0.04001
-40	-1.4	0.035546
-40	-1.3	0.034264
-40	-1.2	0.036106
-40	-1.1	0.046789
-40	-1	0.051284
-40	-0.9	0.05852
-40	-0.8	0.064241
-40	-0.7	0.064065
-40	-0.6	0.057629
-40	-0.5	0.050844
-40	-0.4	0.041915
-40	-0.3	0.032292
-40	-0.2	0.022237
-40	-0.1	0.018659
-40	0	0.014697
-40	0.1	0.014459
-40	0.2	0.015542
-40	0.3	0.020084
-40	0.4	0.024343
-40	0.5	0.029887
-40	0.6	0.034953
-40	0.7	0.041431
-40	0.8	0.045529
-40	0.9	0.047819
-40	1	0.048023
-40	1.1	0.047747
-40	1.2	0.045976
-40	1.3	0.043299
-40	1.4	0.040577
-40	1.5	0.03639
-40	1.6	0.033263
-40	1.7	0.029767
-40	1.8	0.028521
-40	1.9	0.026863
-40	2	0.026511
-40	2.1	0.026136
-40	2.2	0.02521
-40	2.3	0.024416
-40	2.4	0.02299
-40	2.5	0.022306
-40	2.6	0.020775
-40	2.7	0.018745
-40	2.8	0.016792
-40	2.9	0.015277
-40	3	0.013984
-40	3.1	0.012779
-40	3.2	0.01168
-40	3.3	0.011365
-40	3.4	0.011444
-40	3.5	0.010765
-40	3.6	0.0096365
-40	3.7	0.0083479
-40	3.8	0.0076678
-40	3.9	0.0068977
-40	4	0.0076255
-30	-4	0.012376
-30	-3.9	0.012849
-30	-3.8	0.012286
-30	-3.7	0.011635
-30	-3.6	0.0098406
-30	-3.5	0.0095692
-30	-3.4	0.010817
-30	-3.3	0.013437
-30	-3.2	0.014406
-30	-3.1	0.014974
-30	-3	0.013648
-30	-2.9	0.012382
-30	-2.8	0.012043
-30	-2.7	0.015211
-30	-2.6	0.02035
-30	-2.5	0.02546
-30	-2.4	0.029151
-30	-2.3	0.030919
-30	-2.2	0.034665
-30	-2.1	0.037767
-30	-2	0.042977
-30	-1.9	0.045453
-30	-1.8	0.047907
-30	-1.7	0.047998
-30	-1.6	0.045401
-30	-1.5	0.038233
-30	-1.4	0.034109
-30	-1.3	0.032685
-30	-1.2	0.035559
-30	-1.1	0.043836
-30	-1	0.051654
-30	-0.9	0.059762
-30	-0.8	0.064215
-30	-0.7	0.063867
-30	-0.6	0.059412
-30	-0.5	0.050994
-30	-0.4	0.042304
-30	-0.3	0.034886
-30	-0.2	0.023738
-30	-0.1	0.019506
-30	0	0.016085
-30	0.1	0.015558
-30	0.2	0.015752
-30	0.3	0.01821
-30	0.4	0.021858
-30	0.5	0.02825
-30	0.6	0.03391
-30	0.7	0.039656
-30	0.8	0.04409
-30	0.9	0.048046
-30	1	0.048686
-30	1.1	0.048779
-30	1.2	0.046437
-30	1.3	0.044209
-30	1.4	0.039157
-30	1.5	0.035907
-30	1.6	0.031734
-30	1.7	0.030483
-30	1.8	0.029616
-30	1.9	0.028502
-30	2	0.027873
-30	2.1	0.027445
-30	2.2	0.026801
-30	2.3	0.025555
-30	2.4	0.023932
-30	2.5	0.023349
-30	2.6	0.022671
-30	2.7	0.022306
-30	2.8	0.019731
-30	2.9	0.018098
-30	3	0.016503
-30	3.1	0.014106
-30	3.2	0.013014
-30	3.3	0.012391
-30	3.4	0.012163
-30	3.5	0.011863
-30	3.6	0.011314
-30	3.7	0.0095438
-30	3.8	0.0088807
-30	3.9	0.0086857
-30	4	0.0093263
-20	-4	0.010598
-20	-3.9	0.011229
-20	-3.8	0.01121
-20	-3.7	0.010838
-20	-3.6	0.010704
-20	-3.5	0.011412
-20	-3.4	0.01269
-20	-3.3	0.012727
-20	-3.2	0.01277
-20	-3.1	0.011506
-20	-3	0.010801
-20	-2.9	0.010457
-20	-2.8	0.011712
-20	-2.7	0.016445
-20	-2.6	0.020437
-20	-2.5	0.024763
-20	-2.4	0.027658
-20	-2.3	0.029592
-20	-2.2	0.031324
-20	-2.1	0.034498
-20	-2	0.039887
-20	-1.9	0.045296
-20	-1.8	0.048085
-20	-1.7	0.048659
-20	-1.6	0.045731
-20	-1.5	0.039692
-20	-1.4	0.034438
-20	-1.3	0.029905
-20	-1.2	0.033052
-20	-1.1	0.037381
-20	-1	0.047257
-20	-0.9	0.055789
-20	-0.8	0.061038
-20	-0.7	0.062963
-20	-0.6	0.058669
-20	-0.5	0.052295
-20	-0.4	0.040748
-20	-0.3	0.032692
-20	-0.2	0.024629
-20	-0.1	0.018787
-20	0	0.015701
-20	0.1	0.015861
-20	0.2	0.01772
-20	0.3	0.021316
-20	0.4	0.023212
-20	0.5	0.029369
-20	0.6	0.035321
-20	0.7	0.038804
-20	0.8	0.044311
-20	0.9	0.047334
-20	1	0.048366
-20	1.1	0.047608
-20	1.2	0.046389
-20	1.3	0.043734
-20	1.4	0.040751
-20	1.5	0.034743
-20	1.6	0.031086
-20	1.7	0.028814
-20	1.8	0.026967
-20	1.9	0.026746
-20	2	0.027143
-20	2.1	0.028084
-20	2.2	0.027934
-20	2.3	0.026729
-20	2.4	0.024967
-20	2.5	0.022809
-20	2.6	0.021583
-20	2.7	0.02064
-20	2.8	0.019838
-20	2.9	0.01866
-20	3	0.018392
-20	3.1	0.015459
-20	3.2	0.0132
-20	3.3	0.010683
-20	3.4	0.0088424
-20	3.5	0.0094074
-20	3.6	0.010865
-20	3.7	0.011136
-20	3.8	0.011145
-20	3.9	0.010968
-20	4	0.010081
-10	-4	0.01164
-10	-3.9	0.013367
-10	-3.8	0.01366
-10	-3.7	0.012614
-10	-3.6	0.010865
-10	-3.5	0.010489
-10	-3.4	0.010874
-10	-3.3	0.012158
-10	-3.2	0.013055
-10	-3.1	0.013556
-10	-3	0.012761
-10	-2.9	0.011441
-10	-2.8	0.0099549
-10	-2.7	0.011109
-10	-2.6	0.015125
-10	-2.5	0.022743
-10	-2.4	0.026735
-10	-2.3	0.029703
-10	-2.2	0.031405
-10	-2.1	0.033199
-10	-2	0.037553
-10	-1.9	0.041908
-10	-1.8	0.046783
-10	-1.7	0.049266
-10	-1.6	0.048004
-10	-1.5	0.043895
-10	-1.4	0.037133
-10	-1.3	0.031589
-10	-1.2	0.029521
-10	-1.1	0.032913
-10	-1	0.046385
-10	-0.9	0.052073
-10	-0.8	0.060271
-10	-0.7	0.062424
-10	-0.6	0.061116
-10	-0.5	0.056604
-10	-0.4	0.046213
-10	-0.3	0.036541
-10	-0.2	0.027894
-10	-0.1	0.020956
-10	0	0.015607
-10	0.1	0.014676
-10	0.2	0.015808
-10	0.3	0.017636
-10	0.4	0.021548
-10	0.5	0.026244
-10	0.6	0.031909
-10	0.7	0.039575
-10	0.8	0.044216
-10	0.9	0.046617
-10	1	0.04721
-10	1.1	0.046911
-10	1.2	0.045112
-10	1.3	0.043663
-10	1.4	0.040121
-10	1.5	0.038129
-10	1.6	0.03499
-10	1.7	0.032326
-10	1.8	0.030064
-10	1.9	0.028972
-10	2	0.028137
-10	2.1	0.027781
-10	2.2	0.0272
-10	2.3	0.026193
-10	2.4	0.024584
-10	2.5	0.023101
-10	2.6	0.021844
-10	2.7	0.021323
-10	2.8	0.019274
-10	2.9	0.018065
-10	3	0.017628
-10	3.1	0.015531
-10	3.2	0.013396
-10	3.3	0.011033
-10	3.4	0.0095523
-10	3.5	0.010317
-10	3.6	0.011393
-10	3.7	0.011897
-10	3.8	0.011823
-10	3.9	0.011281
-10	4	0.0096449
0	-4	0.010462
0	-3.9	0.011338
0	-3.8	0.012479
0	-3.7	0.012047
0	-3.6	0.011537
0	-3.5	0.011004
0	-3.4	0.011489
0	-3.3	0.012312
0	-3.2	0.012696
0	-3.1	0.012087
0	-3	0.011605
0	-2.9	0.010965
0	-2.8	0.010673
0	-2.7	0.011943
0	-2.6	0.015188
0	-2.5	0.021375
0	-2.4	0.025239
0	-2.3	0.029779
0	-2.2	0.032087
0	-2.1	0.033433
0	-2	0.037515
0	-1.9	0.040572
0	-1.8	0.045316
0	-1.7	0.046823
0	-1.6	0.044946
0	-1.5	0.04208
0	-1.4	0.036451
0	-1.3	0.030172
0	-1.2	0.026085
0	-1.1	0.030019
0	-1	0.036121
0	-0.9	0.04428
0	-0.8	0.052138
0	-0.7	0.057343
0	-0.6	0.057825
0	-0.5	0.054076
0	-0.4	0.045109
0	-0.3	0.0379
0	-0.2	0.031716
0	-0.1	0.024118
0	0	0.017168
0	0.1	0.015696
0	0.2	0.016078
0	0.3	0.017477
0	0.4	0.019755
0	0.5	0.024112
0	0.6	0.029186
0	0.7	0.035207
0	0.8	0.040812
0	0.9	0.043817
0	1	0.047449
0	1.1	0.048833
0	1.2	0.047545
0	1.3	0.044208
0	1.4	0.040909
0	1.5	0.036715
0	1.6	0.030908
0	1.7	0.028524
0	1.8	0.028205
0	1.9	0.028733
0	2	0.029598
0	2.1	0.029394
0	2.2	0.027982
0	2.3	0.025612
0	2.4	0.023124
0	2.5	0.021291
0	2.6	0.020195
0	2.7	0.019723
0	2.8	0.01889
0	2.9	0.01772
0	3	0.016206
0	3.1	0.013727
0	3.2	0.011184
0	3.3	0.010387
0	3.4	0.010207
0	3.5	0.01094
0	3.6	0.01122
0	3.7	0.010842
0	3.8	0.0093003
0	3.9	0.0081401
0	4	0.0076445
10	-4	0.01073
10	-3.9	0.012042
10	-3.8	0.013855
10	-3.7	0.014004
10	-3.6	0.012752
10	-3.5	0.011078
10	-3.4	0.0097648
10	-3.3	0.010178
10	-3.2	0.012335
10	-3.1	0.013595
10	-3	0.014254
10	-2.9	0.012546
10	-2.8	0.01048
10	-2.7	0.0094929
10	-2.6	0.012374
10	-2.5	0.019178
10	-2.4	0.024899
10	-2.3	0.027888
10	-2.2	0.032685
10	-2.1	0.035293
10	-2	0.037747
10	-1.9	0.040235
10	-1.8	0.042888
10	-1.7	0.045196
10	-1.6	0.045634
10	-1.5	0.043811
10	-1.4	0.037986
10	-1.3	0.032184
10	-1.2	0.027837
10	-1.1	0.027963
10	-1	0.03581
10	-0.9	0.041928
10	-0.8	0.052394
10	-0.7	0.055054
10	-0.6	0.056144
10	-0.5	0.053307
10	-0.4	0.048872
10	-0.3	0.039769
10	-0.2	0.029897
10	-0.1	0.021899
10	0	0.017141
10	0.1	0.014401
10	0.2	0.014311
10	0.3	0.015272
10	0.4	0.018657
10	0.5	0.023682
10	0.6	0.028936
10	0.7	0.033775
10	0.8	0.040352
10	0.9	0.04295
10	1	0.04489
10	1.1	0.045406
10	1.2	0.044923
10	1.3	0.043322
10	1.4	0.040683
10	1.5	0.037717
10	1.6	0.034462
10	1.7	0.030663
10	1.8	0.028331
10	1.9	0.027064
10	2	0.026121
10	2.1	0.025984
10	2.2	0.026078
10	2.3	0.025814
10	2.4	0.024918
10	2.5	0.022535
10	2.6	0.021039
10	2.7	0.018142
10	2.8	0.015761
10	2.9	0.01407
10	3	0.013486
10	3.1	0.01304
10	3.2	0.012294
10	3.3	0.011875
10	3.4	0.011378
10	3.5	0.010965
10	3.6	0.010162
10	3.7	0.0095387
10	3.8	0.0084173
10	3.9	0.0078098
10	4	0.0074972
20	-4	0.011537
20	-3.9	0.013773
20	-3.8	0.014672
20	-3.7	0.013726
20	-3.6	0.012102
20	-3.5	0.010475
20	-3.4	0.0092392
20	-3.3	0.010326
20	-3.2	0.011719
20	-3.1	0.012524
20	-3	0.01251
20	-2.9	0.0098865
20	-2.8	0.0077224
20	-2.7	0.0077495
20	-2.6	0.011261
20	-2.5	0.017039
20	-2.4	0.02283
20	-2.3	0.024894
20	-2.2	0.028232
20	-2.1	0.030128
20	-2	0.032852
20	-1.9	0.03656
20	-1.8	0.042559
20	-1.7	0.044949
20	-1.6	0.046106
20	-1.5	0.043241
20	-1.4	0.036552
20	-1.3	0.029558
20	-1.2	0.023214
20	-1.1	0.023258
20	-1	0.028185
20	-0.9	0.043706
20	-0.8	0.051154
20	-0.7	0.054421
20	-0.6	0.05467
20	-0.5	0.051918
20	-0.4	0.044028
20	-0.3	0.036806
20	-0.2	0.027772
20	-0.1	0.023869
20	0	0.018429
20	0.1	0.016197
20	0.2	0.015453
20	0.3	0.016652
20	0.4	0.019173
20	0.5	0.025337
20	0.6	0.029362
20	0.7	0.033712
20	0.8	0.037471
20	0.9	0.039323
20	1	0.040363
20	1.1	0.041249
20	1.2	0.041134
20	1.3	0.039758
20	1.4	0.038452
20	1.5	0.035697
20	1.6	0.032939
20	1.7	0.029312
20	1.8	0.027203
20	1.9	0.025945
20	2	0.026394
20	2.1	0.026676
20	2.2	0.026871
20	2.3	0.02653
20	2.4	0.025721
20	2.5	0.023208
20	2.6	0.020943
20	2.7	0.019736
20	2.8	0.018444
20	2.9	0.01774
20	3	0.016876
20	3.1	0.014407
20	3.2	0.012937
20	3.3	0.010836
20	3.4	0.009924
20	3.5	0.0096113
20	3.6	0.0098341
20	3.7	0.010381
20	3.8	0.010508
20	3.9	0.0098028
20	4	0.0087856
30	-4	0.0099598
30	-3.9	0.010766
30	-3.8	0.012204
30	-3.7	0.013135
30	-3.6	0.013589
30	-3.5	0.01268
30	-3.4	0.011339
30	-3.3	0.010676
30	-3.2	0.010992
30	-3.1	0.012087
30	-3	0.012312
30	-2.9	0.010434
30	-2.8	0.0093592
30	-2.7	0.0085808
30	-2.6	0.013086
30	-2.5	0.017387
30	-2.4	0.022045
30	-2.3	0.027075
30	-2.2	0.028746
30	-2.1	0.030464
30	-2	0.032372
30	-1.9	0.035972
30	-1.8	0.039166
30	-1.7	0.042881
30	-1.6	0.043694
30	-1.5	0.042498
30	-1.4	0.037231
30	-1.3	0.031546
30	-1.2	0.022018
30	-1.1	0.019614
30	-1	0.02551
30	-0.9	0.034545
30	-0.8	0.042498
30	-0.7	0.050318
30	-0.6	0.054848
30	-0.5	0.053931
30	-0.4	0.049009
30	-0.3	0.042868
30	-0.2	0.033201
30	-0.1	0.026407
30	0	0.020342
30	0.1	0.015714
30	0.2	0.015006
30	0.3	0.016264
30	0.4	0.018185
30	0.5	0.021575
30	0.6	0.024298
30	0.7	0.031321
30	0.8	0.034905
30	0.9	0.038017
30	1	0.041921
30	1.1	0.042823
30	1.2	0.042156
30	1.3	0.041049
30	1.4	0.038181
30	1.5	0.033419
30	1.6	0.030084
30	1.7	0.027809
30	1.8	0.026677
30	1.9	0.026626
30	2	0.026422
30	2.1	0.026124
30	2.2	0.02549
30	2.3	0.024331
30	2.4	0.022932
30	2.5	0.021585
30	2.6	0.021401
30	2.7	0.020517
30	2.8	0.01978
30	2.9	0.017946
30	3	0.015687
30	3.1	0.013048
30	3.2	0.011441
30	3.3	0.01065
30	3.4	0.010792
30	3.5	0.010745
30	3.6	0.010265
30	3.7	0.0095065
30	3.8	0.0091725
30	3.9	0.0085865
30	4	0.0094741
40	-4	0.011174
40	-3.9	0.011436
40	-3.8	0.012557
40	-3.7	0.01389
40	-3.6	0.014594
40	-3.5	0.014605
40	-3.4	0.014246
40	-3.3	0.013028
40	-3.2	0.0124
40	-3.1	0.011299
40	-3	0.009963
40	-2.9	0.010259
40	-2.8	0.010042
40	-2.7	0.0097879
40	-2.6	0.011508
40	-2.5	0.014741
40	-2.4	0.020161
40	-2.3	0.023716
40	-2.2	0.029405
40	-2.1	0.032587
40	-2	0.033842
40	-1.9	0.036081
40	-1.8	0.039836
40	-1.7	0.041394
40	-1.6	0.041902
40	-1.5	0.040529
40	-1.4	0.036729
40	-1.3	0.02927
40	-1.2	0.022092
40	-1.1	0.019463
40	-1	0.021405
40	-0.9	0.032929
40	-0.8	0.037658
40	-0.7	0.047055
40	-0.6	0.051002
40	-0.5	0.052145
40	-0.4	0.050205
40	-0.3	0.044485
40	-0.2	0.038139
40	-0.1	0.032368
40	0	0.024086
40	0.1	0.017649
40	0.2	0.014718
40	0.3	0.014074
40	0.4	0.014165
40	0.5	0.017415
40	0.6	0.021686
40	0.7	0.027269
40	0.8	0.030946
40	0.9	0.036351
40	1	0.042058
40	1.1	0.044959
40	1.2	0.045876
40	1.3	0.044756
40	1.4	0.039903
40	1.5	0.034759
40	1.6	0.031372
40	1.7	0.027606
40	1.8	0.026712
40	1.9	0.027253
40	2	0.029014
40	2.1	0.028913
40	2.2	0.028201
40	2.3	0.026553
40	2.4	0.023439
40	2.5	0.022218
40	2.6	0.019618
40	2.7	0.018202
40	2.8	0.01745
40	2.9	0.015286
40	3	0.01386
40	3.1	0.011213
40	3.2	0.0097929
40	3.3	0.0080382
40	3.4	0.0065935
40	3.5	0.0065145
40	3.6	0.0064622
40	3.7	0.0066956
40	3.8	0.0061206
40	3.9	0.0061021
40	4	0.0058946
50	-4	0.0095591
50	-3.9	0.011301
50	-3.8	0.012523
50	-3.7	0.014285
50	-3.6	0.014206
50	-3.5	0.013051
50	-3.4	0.011821
50	-3.3	0.011242
50	-3.2	0.011004
50	-3.1	0.011339
50	-3	0.01183
50	-2.9	0.010866
50	-2.8	0.0089261
50	-2.7	0.0081361
50	-2.6	0.010396
50	-2.5	0.014781
50	-2.4	0.02079
50	-2.3	0.024542
50	-2.2	0.028921
50	-2.1	0.030572
50	-2	0.033024
50	-1.9	0.035585
50	-1.8	0.037833
50	-1.7	0.040898
50	-1.6	0.041166
50	-1.5	0.040242
50	-1.4	0.035987
50	-1.3	0.029865
50	-1.2	0.022798
50	-1.1	0.018798
50	-1	0.024046
50	-0.9	0.029128
50	-0.8	0.038808
50	-0.7	0.047671
50	-0.6	0.051791
50	-0.5	0.05222
50	-0.4	0.050547
50	-0.3	0.04289
50	-0.2	0.038996
50	-0.1	0.031748
50	0	0.025768
50	0.1	0.022062
50	0.2	0.017132
50	0.3	0.015602
50	0.4	0.015329
50	0.5	0.018772
50	0.6	0.022725
50	0.7	0.02624
50	0.8	0.031293
50	0.9	0.036137
50	1	0.039554
50	1.1	0.04225
50	1.2	0.042678
50	1.3	0.040774
50	1.4	0.038293
50	1.5	0.035882
50	1.6	0.033547
50	1.7	0.0302
50	1.8	0.028944
50	1.9	0.028845
50	2	0.029177
50	2.1	0.028855
50	2.2	0.027355
50	2.3	0.025837
50	2.4	0.023952
50	2.5	0.022826
50	2.6	0.021872
50	2.7	0.020897
50	2.8	0.020138
50	2.9	0.018612
50	3	0.016588
50	3.1	0.014412
50	3.2	0.010569
50	3.3	0.0086015
50	3.4	0.0074388
50	3.5	0.0068105
50	3.6	0.0064221
50	3.7	0.0064271
50	3.8	0.0067891
50	3.9	0.0065145
50	4	0.0071801
60	-4	0.010207
60	-3.9	0.013161
60	-3.8	0.016585
60	-3.7	0.017652
60	-3.6	0.017198
60	-3.5	0.014625
60	-3.4	0.012927
60	-3.3	0.011804
60	-3.2	0.013397
60	-3.1	0.01473
60	-3	0.014525
60	-2.9	0.013253
60	-2.8	0.0089152
60	-2.7	0.008313
60	-2.6	0.010443
60	-2.5	0.01666
60	-2.4	0.021668
60	-2.3	0.026304
60	-2.2	0.028617
60	-2.1	0.030012
60	-2	0.032262
60	-1.9	0.034771
60	-1.8	0.036782
60	-1.7	0.042174
60	-1.6	0.04332
60	-1.5	0.042333
60	-1.4	0.036117
60	-1.3	0.031049
60	-1.2	0.020659
60	-1.1	0.016959
60	-1	0.022756
60	-0.9	0.029438
60	-0.8	0.040973
60	-0.7	0.045427
60	-0.6	0.049139
60	-0.5	0.049833
60	-0.4	0.047678
60	-0.3	0.044214
60	-0.2	0.036022
60	-0.1	0.031476
60	0	0.024718
60	0.1	0.021036
60	0.2	0.017922
60	0.3	0.016986
60	0.4	0.017052
60	0.5	0.018077
60	0.6	0.020598
60	0.7	0.023537
60	0.8	0.028183
60	0.9	0.032114
60	1	0.035143
60	1.1	0.0388
60	1.2	0.040495
60	1.3	0.039375
60	1.4	0.037946
60	1.5	0.033887
60	1.6	0.031675
60	1.7	0.02822
60	1.8	0.026483
60	1.9	0.027303
60	2	0.030374
60	2.1	0.031516
60	2.2	0.031679
60	2.3	0.030642
60	2.4	0.028856
60	2.5	0.027034
60	2.6	0.02452
60	2.7	0.022277
60	2.8	0.020347
60	2.9	0.019274
60	3	0.017019
60	3.1	0.015578
60	3.2	0.012999
60	3.3	0.011225
60	3.4	0.010094
60	3.5	0.0092427
60	3.6	0.0082759
60	3.7	0.0080943
60	3.8	0.0077849
60	3.9	0.0079614
60	4	0.008423
70	-4	0.010725
70	-3.9	0.010472
70	-3.8	0.010736
70	-3.7	0.011031
70	-3.6	0.011896
70	-3.5	0.012084
70	-3.4	0.011738
70	-3.3	0.010285
70	-3.2	0.0089025
70	-3.1	0.0083518
70	-3	0.008507
70	-2.9	0.0087616
70	-2.8	0.0085013
70	-2.7	0.0079146
70	-2.6	0.0086912
70	-2.5	0.010683
70	-2.4	0.016764
70	-2.3	0.021995
70	-2.2	0.025933
70	-2.1	0.028675
70	-2	0.032373
70	-1.9	0.034119
70	-1.8	0.035475
70	-1.7	0.036948
70	-1.6	0.037304
70	-1.5	0.036875
70	-1.4	0.034464
70	-1.3	0.03045
70	-1.2	0.025024
70	-1.1	0.022162
70	-1	0.021455
70	-0.9	0.029047
70	-0.8	0.039261
70	-0.7	0.044297
70	-0.6	0.050903
70	-0.5	0.052505
70	-0.4	0.051441
70	-0.3	0.046117
70	-0.2	0.0403
70	-0.1	0.033709
70	0	0.028857
70	0.1	0.0246
70	0.2	0.018755
70	0.3	0.015995
70	0.4	0.015491
70	0.5	0.016823
70	0.6	0.021334
70	0.7	0.02732
70	0.8	0.03272
70	0.9	0.037345
70	1	0.039842
70	1.1	0.0417
70	1.2	0.042098
70	1.3	0.041635
70	1.4	0.03998
70	1.5	0.038274
70	1.6	0.036453
70	1.7	0.033548
70	1.8	0.031482
70	1.9	0.030291
70	2	0.029831
70	2.1	0.030295
70	2.2	0.030664
70	2.3	0.029891
70	2.4	0.028437
70	2.5	0.02696
70	2.6	0.024382
70	2.7	0.021558
70	2.8	0.018309
70	2.9	0.016306
70	3	0.014186
70	3.1	0.012781
70	3.2	0.010896
70	3.3	0.008955
70	3.4	0.007762
70	3.5	0.0071214
70	3.6	0.0059274
70	3.7	0.0058726
70	3.8	0.0055267
70	3.9	0.005631
70	4	0.0054768
80	-4	0.010592
80	-3.9	0.011279
80	-3.8	0.012087
80	-3.7	0.012997
80	-3.6	0.012992
80	-3.5	0.013035
80	-3.4	0.0125
80	-3.3	0.0122
80	-3.2	0.012388
80	-3.1	0.012453
80	-3	0.012523
80	-2.9	0.011672
80	-2.8	0.010106
80	-2.7	0.0080382
80	-2.6	0.0079756
80	-2.5	0.013384
80	-2.4	0.019238
80	-2.3	0.022505
80	-2.2	0.02598
80	-2.1	0.028753
80	-2	0.031093
80	-1.9	0.034579
80	-1.8	0.036031
80	-1.7	0.039307
80	-1.6	0.040475
80	-1.5	0.040228
80	-1.4	0.038138
80	-1.3	0.033358
80	-1.2	0.026894
80	-1.1	0.020652
80	-1	0.024151
80	-0.9	0.028799
80	-0.8	0.038239
80	-0.7	0.045453
80	-0.6	0.050303
80	-0.5	0.051489
80	-0.4	0.050245
80	-0.3	0.045245
80	-0.2	0.041338
80	-0.1	0.032003
80	0	0.029147
80	0.1	0.022414
80	0.2	0.019406
80	0.3	0.016925
80	0.4	0.015692
80	0.5	0.016718
80	0.6	0.018858
80	0.7	0.023744
80	0.8	0.029573
80	0.9	0.034963
80	1	0.038895
80	1.1	0.041704
80	1.2	0.04193
80	1.3	0.041223
80	1.4	0.03966
80	1.5	0.036578
80	1.6	0.033937
80	1.7	0.032425
80	1.8	0.031626
80	1.9	0.031535
80	2	0.03162
80	2.1	0.032286
80	2.2	0.032482
80	2.3	0.03177
80	2.4	0.029869
80	2.5	0.02848
80	2.6	0.026018
80	2.7	0.023324
80	2.8	0.02158
80	2.9	0.01778
80	3	0.015229
80	3.1	0.012766
80	3.2	0.0094211
80	3.3	0.0087524
80	3.4	0.008148
80	3.5	0.0075445
80	3.6	0.0078695
80	3.7	0.0069211
80	3.8	0.0062383
80	3.9	0.00526
80	4	0.0052846
90	-4	0.0093436
90	-3.9	0.0098209
90	-3.8	0.010924
90	-3.7	0.013272
90	-3.6	0.014257
90	-3.5	0.014153
90	-3.4	0.013747
90	-3.3	0.011675
90	-3.2	0.0096063
90	-3.1	0.0090341
90	-3	0.0099436
90	-2.9	0.01035
90	-2.8	0.0099338
90	-2.7	0.0079878
90	-2.6	0.0079574
90	-2.5	0.010594
90	-2.4	0.016817
90	-2.3	0.023
90	-2.2	0.02592
90	-2.1	0.028346
90	-2	0.030635
90	-1.9	0.031428
90	-1.8	0.033282
90	-1.7	0.035294
90	-1.6	0.038051
90	-1.5	0.038577
90	-1.4	0.036764
90	-1.3	0.02973
90	-1.2	0.027311
90	-1.1	0.019375
90	-1	0.022169
90	-0.9	0.028614
90	-0.8	0.038982
90	-0.7	0.046229
90	-0.6	0.050857
90	-0.5	0.052258
90	-0.4	0.050321
90	-0.3	0.045877
90	-0.2	0.03919
90	-0.1	0.032619
90	0	0.025715
90	0.1	0.021888
90	0.2	0.018647
90	0.3	0.015282
90	0.4	0.015425
90	0.5	0.019493
90	0.6	0.022284
90	0.7	0.028565
90	0.8	0.033297
90	0.9	0.038103
90	1	0.040006
90	1.1	0.041557
90	1.2	0.042388
90	1.3	0.04176
90	1.4	0.038932
90	1.5	0.034473
90	1.6	0.031813
90	1.7	0.028984
90	1.8	0.027873
90	1.9	0.027998
90	2	0.028834
90	2.1	0.031271
90	2.2	0.031787
90	2.3	0.030401
90	2.4	0.029524
90	2.5	0.027672
90	2.6	0.025293
90	2.7	0.02322
90	2.8	0.021028
90	2.9	0.019825
90	3	0.018272
90	3.1	0.01641
90	3.2	0.014264
90	3.3	0.012059
90	3.4	0.0099565
90	3.5	0.0085184
90	3.6	0.0081441
90	3.7	0.0085146
90	3.8	0.0089261
90	3.9	0.0087874
90	4	0.0077516
100	-4	0.0087966
100	-3.9	0.010581
100	-3.8	0.012338
100	-3.7	0.012767
100	-3.6	0.013651
100	-3.5	0.012521
100	-3.4	0.01197
100	-3.3	0.010471
100	-3.2	0.0099077
100	-3.1	0.0097433
100	-3	0.0098324
100	-2.9	0.0098979
100	-2.8	0.0084766
100	-2.7	0.0072785
100	-2.6	0.008446
100	-2.5	0.01093
100	-2.4	0.017209
100	-2.3	0.020815
100	-2.2	0.024165
100	-2.1	0.025893
100	-2	0.026819
100	-1.9	0.02872
100	-1.8	0.03021
100	-1.7	0.034092
100	-1.6	0.037141
100	-1.5	0.037917
100	-1.4	0.035542
100	-1.3	0.032986
100	-1.2	0.025955
100	-1.1	0.020158
100	-1	0.019739
100	-0.9	0.027186
100	-0.8	0.038362
100	-0.7	0.045516
100	-0.6	0.051104
100	-0.5	0.051978
100	-0.4	0.049864
100	-0.3	0.044911
100	-0.2	0.03818
100	-0.1	0.032019
100	0	0.025028
100	0.1	0.020992
100	0.2	0.018344
100	0.3	0.016009
100	0.4	0.015605
100	0.5	0.017596
100	0.6	0.022031
100	0.7	0.025685
100	0.8	0.030586
100	0.9	0.036779
100	1	0.03887
100	1.1	0.040102
100	1.2	0.039392
100	1.3	0.037342
100	1.4	0.033871
100	1.5	0.03177
100	1.6	0.030513
100	1.7	0.03055
100	1.8	0.030821
100	1.9	0.030963
100	2	0.032232
100	2.1	0.033236
100	2.2	0.033465
100	2.3	0.032041
100	2.4	0.030497
100	2.5	0.028493
100	2.6	0.026704
100	2.7	0.023295
100	2.8	0.021058
100	2.9	0.019069
100	3	0.01827
100	3.1	0.017546
100	3.2	0.014037
100	3.3	0.012934
100	3.4	0.010568
100	3.5	0.0075531
100	3.6	0.0066472
100	3.7	0.0073051
100	3.8	0.0071824
100	3.9	0.0076909
100	4	0.0074149
110	-4	0.0071463
110	-3.9	0.0086708
110	-3.8	0.0099338
110	-3.7	0.011913
110	-3.6	0.01251
110	-3.5	0.011662
110	-3.4	0.010215
110	-3.3	0.0089188
110	-3.2	0.0089622
110	-3.1	0.01097
110	-3	0.011618
110	-2.9	0.010811
110	-2.8	0.0080301
110	-2.7	0.0060328
110	-2.6	0.0088351
110	-2.5	0.013466
110	-2.4	0.017275
110	-2.3	0.021844
110	-2.2	0.024023
110	-2.1	0.024315
110	-2	0.024775
110	-1.9	0.026067
110	-1.8	0.029109
110	-1.7	0.033422
110	-1.6	0.036288
110	-1.5	0.038465
110	-1.4	0.037394
110	-1.3	0.032439
110	-1.2	0.024463
110	-1.1	0.019509
110	-1	0.023162
110	-0.9	0.028469
110	-0.8	0.039679
110	-0.7	0.047551
110	-0.6	0.050837
110	-0.5	0.05056
110	-0.4	0.047342
110	-0.3	0.04025
110	-0.2	0.032965
110	-0.1	0.026439
110	0	0.022365
110	0.1	0.01746
110	0.2	0.01635
110	0.3	0.016381
110	0.4	0.019188
110	0.5	0.021218
110	0.6	0.026212
110	0.7	0.031007
110	0.8	0.036319
110	0.9	0.038884
110	1	0.040572
110	1.1	0.040608
110	1.2	0.039235
110	1.3	0.036571
110	1.4	0.032665
110	1.5	0.030019
110	1.6	0.029262
110	1.7	0.029172
110	1.8	0.029356
110	1.9	0.030368
110	2	0.031501
110	2.1	0.033604
110	2.2	0.034238
110	2.3	0.034357
110	2.4	0.032492
110	2.5	0.030542
110	2.6	0.028031
110	2.7	0.024191
110	2.8	0.023066
110	2.9	0.020795
110	3	0.019081
110	3.1	0.017947
110	3.2	0.016622
110	3.3	0.013947
110	3.4	0.011957
110	3.5	0.010786
110	3.6	0.0099403
110	3.7	0.0099159
110	3.8	0.010653
110	3.9	0.010768
110	4	0.010744
120	-4	0.0085657
120	-3.9	0.010698
120	-3.8	0.012572
120	-3.7	0.013431
120	-3.6	0.013361
120	-3.5	0.011578
120	-3.4	0.0099776
120	-3.3	0.0081797
120	-3.2	0.0091195
120	-3.1	0.011288
120	-3	0.012934
120	-2.9	0.013268
120	-2.8	0.01169
120	-2.7	0.0072048
120	-2.6	0.0080843
120	-2.5	0.010927
120	-2.4	0.016981
120	-2.3	0.022103
120	-2.2	0.025033
120	-2.1	0.026175
120	-2	0.025896
120	-1.9	0.026285
120	-1.8	0.027589
120	-1.7	0.03167
120	-1.6	0.03674
120	-1.5	0.038297
120	-1.4	0.036806
120	-1.3	0.030322
120	-1.2	0.026807
120	-1.1	0.020883
120	-1	0.022711
120	-0.9	0.029516
120	-0.8	0.038196
120	-0.7	0.044911
120	-0.6	0.048778
120	-0.5	0.048674
120	-0.4	0.046561
120	-0.3	0.041188
120	-0.2	0.034895
120	-0.1	0.027346
120	0	0.024439
120	0.1	0.019542
120	0.2	0.017854
120	0.3	0.017141
120	0.4	0.019472
120	0.5	0.022664
120	0.6	0.027731
120	0.7	0.032322
120	0.8	0.037401
120	0.9	0.039773
120	1	0.041462
120	1.1	0.041448
120	1.2	0.040048
120	1.3	0.03782
120	1.4	0.035141
120	1.5	0.032439
120	1.6	0.031786
120	1.7	0.031346
120	1.8	0.031093
120	1.9	0.031944
120	2	0.033436
120	2.1	0.034759
120	2.2	0.034822
120	2.3	0.033462
120	2.4	0.032543
120	2.5	0.0304
120	2.6	0.027587
120	2.7	0.024351
120	2.8	0.021111
120	2.9	0.019229
120	3	0.018176
120	3.1	0.016227
120	3.2	0.014331
120	3.3	0.012366
120	3.4	0.011036
120	3.5	0.010312
120	3.6	0.0090751
120	3.7	0.008344
120	3.8	0.0079064
120	3.9	0.0078654
120	4	0.0070116
130	-4	0.0086838
130	-3.9	0.011432
130	-3.8	0.013127
130	-3.7	0.012978
130	-3.6	0.011555
130	-3.5	0.0091796
130	-3.4	0.0062976
130	-3.3	0.0063334
130	-3.2	0.0095286
130	-3.1	0.011481
130	-3	0.012599
130	-2.9	0.011434
130	-2.8	0.007935
130	-2.7	0.0054591
130	-2.6	0.0078469
130	-2.5	0.013207
130	-2.4	0.017634
130	-2.3	0.021716
130	-2.2	0.023152
130	-2.1	0.022641
130	-2	0.022367
130	-1.9	0.023972
130	-1.8	0.026896
130	-1.7	0.033266
130	-1.6	0.034556
130	-1.5	0.035985
130	-1.4	0.033953
130	-1.3	0.026045
130	-1.2	0.022765
130	-1.1	0.019875
130	-1	0.02423
130	-0.9	0.032402
130	-0.8	0.038466
130	-0.7	0.046798
130	-0.6	0.048112
130	-0.5	0.047755
130	-0.4	0.045171
130	-0.3	0.037703
130	-0.2	0.029736
130	-0.1	0.026677
130	0	0.020661
130	0.1	0.018303
130	0.2	0.017666
130	0.3	0.018195
130	0.4	0.021503
130	0.5	0.024155
130	0.6	0.031141
130	0.7	0.034794
130	0.8	0.039431
130	0.9	0.041916
130	1	0.041981
130	1.1	0.041527
130	1.2	0.039643
130	1.3	0.03641
130	1.4	0.034418
130	1.5	0.033803
130	1.6	0.034075
130	1.7	0.034932
130	1.8	0.035088
130	1.9	0.035199
130	2	0.035314
130	2.1	0.035818
130	2.2	0.035187
130	2.3	0.035297
130	2.4	0.035263
130	2.5	0.03411
130	2.6	0.030407
130	2.7	0.027993
130	2.8	0.024
130	2.9	0.020561
130	3	0.017509
130	3.1	0.015549
130	3.2	0.014514
130	3.3	0.01372
130	3.4	0.013887
130	3.5	0.013413
130	3.6	0.01214
130	3.7	0.011012
130	3.8	0.009675
130	3.9	0.0096029
130	4	0.0088424
140	-4	0.0082486
140	-3.9	0.0091408
140	-3.8	0.010148
140	-3.7	0.010645
140	-3.6	0.01027
140	-3.5	0.0099077
140	-3.4	0.0093141
140	-3.3	0.0088314
140	-3.2	0.0084594
140	-3.1	0.0092933
140	-3	0.010127
140	-2.9	0.0094554
140	-2.8	0.0091071
140	-2.7	0.0085846
140	-2.6	0.010095
140	-2.5	0.012192
140	-2.4	0.016572
140	-2.3	0.019586
140	-2.2	0.021926
140	-2.1	0.024243
140	-2	0.024731
140	-1.9	0.026389
140	-1.8	0.029172
140	-1.7	0.030798
140	-1.6	0.032229
140	-1.5	0.032788
140	-1.4	0.030692
140	-1.3	0.027558
140	-1.2	0.024794
140	-1.1	0.023785
140	-1	0.026534
140	-0.9	0.032234
140	-0.8	0.040065
140	-0.7	0.043484
140	-0.6	0.04599
140	-0.5	0.047236
140	-0.4	0.044756
140	-0.3	0.040203
140	-0.2	0.033501
140	-0.1	0.029346
140	0	0.024871
140	0.1	0.020987
140	0.2	0.019244
140	0.3	0.019589
140	0.4	0.021483
140	0.5	0.024716
140	0.6	0.030068
140	0.7	0.03744
140	0.8	0.040961
140	0.9	0.044615
140	1	0.046131
140	1.1	0.045549
140	1.2	0.043455
140	1.3	0.040196
140	1.4	0.038221
140	1.5	0.037438
140	1.6	0.037365
140	1.7	0.037952
140	1.8	0.03783
140	1.9	0.0379
140	2	0.03815
140	2.1	0.038104
140	2.2	0.03695
140	2.3	0.03513
140	2.4	0.034137
140	2.5	0.031615
140	2.6	0.027417
140	2.7	0.024237
140	2.8	0.021697
140	2.9	0.01905
140	3	0.017634
140	3.1	0.016033
140	3.2	0.015042
140	3.3	0.013417
140	3.4	0.011386
140	3.5	0.010089
140	3.6	0.0097615
140	3.7	0.0091901
140	3.8	0.0095995
140	3.9	0.010037
140	4	0.009469
150	-4	0.0061941
150	-3.9	0.010066
150	-3.8	0.012194
150	-3.7	0.01356
150	-3.6	0.013138
150	-3.5	0.010398
150	-3.4	0.0069908
150	-3.3	0.0063512
150	-3.2	0.008545
150	-3.1	0.011569
150	-3	0.012931
150	-2.9	0.012976
150	-2.8	0.010667
150	-2.7	0.0086689
150	-2.6	0.0093816
150	-2.5	0.01352
150	-2.4	0.02198
150	-2.3	0.026445
150	-2.2	0.027859
150	-2.1	0.027361
150	-2	0.025465
150	-1.9	0.024548
150	-1.8	0.026924
150	-1.7	0.031758
150	-1.6	0.034344
150	-1.5	0.036899
150	-1.4	0.035759
150	-1.3	0.030131
150	-1.2	0.023827
150	-1.1	0.020595
150	-1	0.023489
150	-0.9	0.030616
150	-0.8	0.041586
150	-0.7	0.047533
150	-0.6	0.049312
150	-0.5	0.04955
150	-0.4	0.045421
150	-0.3	0.04074
150	-0.2	0.032853
150	-0.1	0.025527
150	0	0.021808
150	0.1	0.018386
150	0.2	0.018355
150	0.3	0.020326
150	0.4	0.025116
150	0.5	0.030522
150	0.6	0.036834
150	0.7	0.043718
150	0.8	0.047907
150	0.9	0.049204
150	1	0.049838
150	1.1	0.048916
150	1.2	0.046289
150	1.3	0.041499
150	1.4	0.037801
150	1.5	0.035689
150	1.6	0.034479
150	1.7	0.034016
150	1.8	0.034737
150	1.9	0.035337
150	2	0.037908
150	2.1	0.03801
150	2.2	0.037139
150	2.3	0.035192
150	2.4	0.032467
150	2.5	0.029403
150	2.6	0.025756
150	2.7	0.023327
150	2.8	0.021046
150	2.9	0.020348
150	3	0.019138
150	3.1	0.017829
150	3.2	0.015062
150	3.3	0.01385
150	3.4	0.012961
150	3.5	0.012184
150	3.6	0.011973
150	3.7	0.012416
150	3.8	0.012813
150	3.9	0.012904
150	4	0.01115
160	-4	0.0081738
160	-3.9	0.0099825
160	-3.8	0.010458
160	-3.7	0.010437
160	-3.6	0.0095167
160	-3.5	0.0088698
160	-3.4	0.0084288
160	-3.3	0.009255
160	-3.2	0.0096633
160	-3.1	0.010039
160	-3	0.0091884
160	-2.9	0.0086465
160	-2.8	0.0083091
160	-2.7	0.0096147
160	-2.6	0.014057
160	-2.5	0.017078
160	-2.4	0.019548
160	-2.3	0.022577
160	-2.2	0.023328
160	-2.1	0.023639
160	-2	0.023356
160	-1.9	0.024494
160	-1.8	0.025953
160	-1.7	0.029787
160	-1.6	0.031693
160	-1.5	0.033354
160	-1.4	0.031455
160	-1.3	0.027957
160	-1.2	0.024967
160	-1.1	0.024343
160	-1	0.026742
160	-0.9	0.033776
160	-0.8	0.04104
160	-0.7	0.046076
160	-0.6	0.049049
160	-0.5	0.049056
160	-0.4	0.04532
160	-0.3	0.039654
160	-0.2	0.031025
160	-0.1	0.027962
160	0	0.023903
160	0.1	0.020995
160	0.2	0.021022
160	0.3	0.024567
160	0.4	0.026984
160	0.5	0.036176
160	0.6	0.039647
160	0.7	0.045743
160	0.8	0.052162
160	0.9	0.052561
160	1	0.052041
160	1.1	0.048695
160	1.2	0.046828
160	1.3	0.042109
160	1.4	0.040172
160	1.5	0.0401
160	1.6	0.040571
160	1.7	0.040725
160	1.8	0.04111
160	1.9	0.04079
160	2	0.040062
160	2.1	0.038406
160	2.2	0.035881
160	2.3	0.033584
160	2.4	0.031675
160	2.5	0.029688
160	2.6	0.026786
160	2.7	0.023581
160	2.8	0.020937
160	2.9	0.018833
160	3	0.016988
160	3.1	0.014589
160	3.2	0.013024
160	3.3	0.011917
160	3.4	0.011176
160	3.5	0.010906
160	3.6	0.010718
160	3.7	0.010361
160	3.8	0.010271
160	3.9	0.0099387
160	4	0.0089766
170	-4	0.0090929
170	-3.9	0.010891
170	-3.8	0.011443
170	-3.7	0.010421
170	-3.6	0.0077412
170	-3.5	0.0068129
170	-3.4	0.0075231
170	-3.3	0.0092863
170	-3.2	0.010923
170	-3.1	0.012389
170	-3	0.011898
170	-2.9	0.011049
170	-2.8	0.0098947
170	-2.7	0.011382
170	-2.6	0.015001
170	-2.5	0.019723
170	-2.4	0.023064
170	-2.3	0.025534
170	-2.2	0.025184
170	-2.1	0.024748
170	-2	0.024528
170	-1.9	0.025958
170	-1.8	0.02876
170	-1.7	0.034395
170	-1.6	0.036232
170	-1.5	0.0361
170	-1.4	0.032999
170	-1.3	0.027082
170	-1.2	0.024337
170	-1.1	0.02506
170	-1	0.031632
170	-0.9	0.038322
170	-0.8	0.045148
170	-0.7	0.049437
170	-0.6	0.050221
170	-0.5	0.048296
170	-0.4	0.044574
170	-0.3	0.038117
170	-0.2	0.031667
170	-0.1	0.024587
170	0	0.021876
170	0.1	0.021732
170	0.2	0.024272
170	0.3	0.026082
170	0.4	0.032179
170	0.5	0.036204
170	0.6	0.044283
170	0.7	0.048138
170	0.8	0.051898
170	0.9	0.05327
170	1	0.052832
170	1.1	0.050457
170	1.2	0.046899
170	1.3	0.043624
170	1.4	0.040705
170	1.5	0.039271
170	1.6	0.038728
170	1.7	0.039021
170	1.8	0.040128
170	1.9	0.041544
170	2	0.042003
170	2.1	0.041047
170	2.2	0.039017
170	2.3	0.037019
170	2.4	0.033338
170	2.5	0.031686
170	2.6	0.027979
170	2.7	0.025787
170	2.8	0.024412
170	2.9	0.022795
170	3	0.021149
170	3.1	0.018016
170	3.2	0.015522
170	3.3	0.013817
170	3.4	0.012599
170	3.5	0.012695
170	3.6	0.013048
170	3.7	0.01305
170	3.8	0.013125
170	3.9	0.01249
170	4	0.011282
180	-4	0.009811
180	-3.9	0.0098291
180	-3.8	0.009532
180	-3.7	0.0086875
180	-3.6	0.0080643
180	-3.5	0.0082388
180	-3.4	0.01014
180	-3.3	0.011407
180	-3.2	0.013165
180	-3.1	0.013063
180	-3	0.01222
180	-2.9	0.009989
180	-2.8	0.010664
180	-2.7	0.013105
180	-2.6	0.018712
180	-2.5	0.022581
180	-2.4	0.024656
180	-2.3	0.02545
180	-2.2	0.024636
180	-2.1	0.024703
180	-2	0.026188
180	-1.9	0.029687
180	-1.8	0.031749
180	-1.7	0.035398
180	-1.6	0.036109
180	-1.5	0.034109
180	-1.4	0.02943
180	-1.3	0.027144
180	-1.2	0.026067
180	-1.1	0.030107
180	-1	0.034088
180	-0.9	0.04206
180	-0.8	0.046064
180	-0.7	0.049185
180	-0.6	0.049201
180	-0.5	0.046063
180	-0.4	0.040758
180	-0.3	0.036346
180	-0.2	0.029299
180	-0.1	0.025404
180	0	0.02407
180	0.1	0.023362
180	0.2	0.025897
180	0.3	0.030214
180	0.4	0.034717
180	0.5	0.040666
180	0.6	0.045155
180	0.7	0.050597
180	0.8	0.053147
180	0.9	0.053807
180	1	0.052975
180	1.1	0.049355
180	1.2	0.047367
180	1.3	0.043458
180	1.4	0.041883
180	1.5	0.039862
180	1.6	0.039573
180	1.7	0.039857
180	1.8	0.040695
180	1.9	0.041724
180	2	0.041613
180	2.1	0.040209
180	2.2	0.038722
180	2.3	0.036797
180	2.4	0.034691
180	2.5	0.030147
180	2.6	0.027337
180	2.7	0.024988
180	2.8	0.023199
180	2.9	0.020685
180	3	0.020049
180	3.1	0.018429
180	3.2	0.017557
180	3.3	0.01692
180	3.4	0.015334
180	3.5	0.013804
180	3.6	0.013547
180	3.7	0.013294
180	3.8	0.012818
180	3.9	0.012432
180	4	0.012336
 
Uniformity Ratio =0.72016
