04-Jan-2018
8:14
TXR  007989 RM428 R24
33511B Function Generator
SN =Agilent Technologies,33511B,MY52301476,3.05-1.19-2.00-52-00
freq =+9.280000000000000E+06
burstmode =TRIG
burstN =+6.000000000000000E+01
voltage =+1.5000000000000E-01
 
DSO-X 2022A Oscilloscope
SN =AGILENT TECHNOLOGIES,DSO-X 2022A,MY54310921,02.41.2015102200
probe =+1.0000000E+00
scale =+500.0E-09
position =+19.900000E-06
range =+1.60E+00
units =VOLT
points =+2000
pointmode =NORM
format =BYTE
acqtype =NORM
trigsource =EXT
coupling =AC
 
-180	-4	0.0078716
-180	-3.9	0.0080783
-180	-3.8	0.0082818
-180	-3.7	0.0093037
-180	-3.6	0.010148
-180	-3.5	0.010768
-180	-3.4	0.010583
-180	-3.3	0.010119
-180	-3.2	0.0094263
-180	-3.1	0.0097399
-180	-3	0.010431
-180	-2.9	0.011512
-180	-2.8	0.012224
-180	-2.7	0.012167
-180	-2.6	0.0118
-180	-2.5	0.010071
-180	-2.4	0.011331
-180	-2.3	0.01411
-180	-2.2	0.017729
-180	-2.1	0.02085
-180	-2	0.024594
-180	-1.9	0.02605
-180	-1.8	0.02785
-180	-1.7	0.029522
-180	-1.6	0.032177
-180	-1.5	0.034961
-180	-1.4	0.037283
-180	-1.3	0.038183
-180	-1.2	0.036382
-180	-1.1	0.033777
-180	-1	0.030252
-180	-0.9	0.029783
-180	-0.8	0.032592
-180	-0.7	0.039203
-180	-0.6	0.045432
-180	-0.5	0.05186
-180	-0.4	0.053353
-180	-0.3	0.052148
-180	-0.2	0.048407
-180	-0.1	0.040375
-180	0	0.033705
-180	0.1	0.026692
-180	0.2	0.022272
-180	0.3	0.019435
-180	0.4	0.017174
-180	0.5	0.018885
-180	0.6	0.022392
-180	0.7	0.028211
-180	0.8	0.036215
-180	0.9	0.042945
-180	1	0.049383
-180	1.1	0.053204
-180	1.2	0.055554
-180	1.3	0.055021
-180	1.4	0.052713
-180	1.5	0.049222
-180	1.6	0.044542
-180	1.7	0.041785
-180	1.8	0.039013
-180	1.9	0.037342
-180	2	0.037202
-180	2.1	0.038127
-180	2.2	0.038049
-180	2.3	0.03728
-180	2.4	0.034314
-180	2.5	0.031602
-180	2.6	0.029011
-180	2.7	0.024816
-180	2.8	0.022635
-180	2.9	0.020669
-180	3	0.019399
-180	3.1	0.017528
-180	3.2	0.0151
-180	3.3	0.012405
-180	3.4	0.010805
-180	3.5	0.010132
-180	3.6	0.009893
-180	3.7	0.010409
-180	3.8	0.010278
-180	3.9	0.010312
-180	4	0.0095962
-170	-4	0.006613
-170	-3.9	0.005582
-170	-3.8	0.0070024
-170	-3.7	0.0097747
-170	-3.6	0.011125
-170	-3.5	0.013365
-170	-3.4	0.01339
-170	-3.3	0.010772
-170	-3.2	0.0079918
-170	-3.1	0.0068247
-170	-3	0.0091849
-170	-2.9	0.012082
-170	-2.8	0.014718
-170	-2.7	0.01502
-170	-2.6	0.013264
-170	-2.5	0.0094963
-170	-2.4	0.0089838
-170	-2.3	0.013342
-170	-2.2	0.01919
-170	-2.1	0.024066
-170	-2	0.027757
-170	-1.9	0.029917
-170	-1.8	0.030572
-170	-1.7	0.032231
-170	-1.6	0.034714
-170	-1.5	0.036707
-170	-1.4	0.038202
-170	-1.3	0.038939
-170	-1.2	0.037018
-170	-1.1	0.032202
-170	-1	0.029926
-170	-0.9	0.030278
-170	-0.8	0.035411
-170	-0.7	0.040309
-170	-0.6	0.047555
-170	-0.5	0.051636
-170	-0.4	0.053086
-170	-0.3	0.050246
-170	-0.2	0.046505
-170	-0.1	0.038042
-170	0	0.030969
-170	0.1	0.024329
-170	0.2	0.020599
-170	0.3	0.016956
-170	0.4	0.017126
-170	0.5	0.019066
-170	0.6	0.02443
-170	0.7	0.030506
-170	0.8	0.037703
-170	0.9	0.044067
-170	1	0.049415
-170	1.1	0.051255
-170	1.2	0.052589
-170	1.3	0.051574
-170	1.4	0.047008
-170	1.5	0.042947
-170	1.6	0.040126
-170	1.7	0.036901
-170	1.8	0.035007
-170	1.9	0.034578
-170	2	0.034816
-170	2.1	0.035253
-170	2.2	0.034993
-170	2.3	0.033685
-170	2.4	0.031987
-170	2.5	0.030839
-170	2.6	0.02987
-170	2.7	0.028304
-170	2.8	0.025964
-170	2.9	0.022896
-170	3	0.019347
-170	3.1	0.015895
-170	3.2	0.012753
-170	3.3	0.011587
-170	3.4	0.011881
-170	3.5	0.013034
-170	3.6	0.013008
-170	3.7	0.011619
-170	3.8	0.0097416
-170	3.9	0.0093885
-170	4	0.0099354
-160	-4	0.0065836
-160	-3.9	0.0069094
-160	-3.8	0.0094656
-160	-3.7	0.011712
-160	-3.6	0.012195
-160	-3.5	0.011737
-160	-3.4	0.0094793
-160	-3.3	0.0071214
-160	-3.2	0.007274
-160	-3.1	0.0099744
-160	-3	0.011819
-160	-2.9	0.013275
-160	-2.8	0.011999
-160	-2.7	0.0098521
-160	-2.6	0.0069024
-160	-2.5	0.0084994
-160	-2.4	0.013332
-160	-2.3	0.019666
-160	-2.2	0.022536
-160	-2.1	0.024656
-160	-2	0.025545
-160	-1.9	0.025701
-160	-1.8	0.027368
-160	-1.7	0.032545
-160	-1.6	0.036214
-160	-1.5	0.039681
-160	-1.4	0.040654
-160	-1.3	0.038732
-160	-1.2	0.033616
-160	-1.1	0.02699
-160	-1	0.024072
-160	-0.9	0.028287
-160	-0.8	0.037705
-160	-0.7	0.044519
-160	-0.6	0.054387
-160	-0.5	0.056885
-160	-0.4	0.056108
-160	-0.3	0.052187
-160	-0.2	0.044627
-160	-0.1	0.035142
-160	0	0.028388
-160	0.1	0.022488
-160	0.2	0.016121
-160	0.3	0.01518
-160	0.4	0.015857
-160	0.5	0.020124
-160	0.6	0.024573
-160	0.7	0.032664
-160	0.8	0.039853
-160	0.9	0.04629
-160	1	0.051475
-160	1.1	0.054095
-160	1.2	0.0545
-160	1.3	0.052104
-160	1.4	0.048505
-160	1.5	0.042754
-160	1.6	0.039381
-160	1.7	0.036349
-160	1.8	0.033973
-160	1.9	0.033546
-160	2	0.033758
-160	2.1	0.034431
-160	2.2	0.034392
-160	2.3	0.03281
-160	2.4	0.031104
-160	2.5	0.028822
-160	2.6	0.027045
-160	2.7	0.024867
-160	2.8	0.021517
-160	2.9	0.019535
-160	3	0.017304
-160	3.1	0.015758
-160	3.2	0.013654
-160	3.3	0.011468
-160	3.4	0.010952
-160	3.5	0.010664
-160	3.6	0.010434
-160	3.7	0.01002
-160	3.8	0.009735
-160	3.9	0.010227
-160	4	0.009811
-150	-4	0.0056767
-150	-3.9	0.0082446
-150	-3.8	0.012382
-150	-3.7	0.013609
-150	-3.6	0.013975
-150	-3.5	0.011559
-150	-3.4	0.010074
-150	-3.3	0.0071621
-150	-3.2	0.0080863
-150	-3.1	0.012225
-150	-3	0.014073
-150	-2.9	0.014484
-150	-2.8	0.011719
-150	-2.7	0.0079553
-150	-2.6	0.0067293
-150	-2.5	0.011447
-150	-2.4	0.019462
-150	-2.3	0.024986
-150	-2.2	0.027448
-150	-2.1	0.027383
-150	-2	0.026708
-150	-1.9	0.02664
-150	-1.8	0.030267
-150	-1.7	0.035384
-150	-1.6	0.039644
-150	-1.5	0.042743
-150	-1.4	0.04062
-150	-1.3	0.03512
-150	-1.2	0.02604
-150	-1.1	0.021714
-150	-1	0.024039
-150	-0.9	0.0324
-150	-0.8	0.043254
-150	-0.7	0.050742
-150	-0.6	0.054502
-150	-0.5	0.055663
-150	-0.4	0.052362
-150	-0.3	0.04815
-150	-0.2	0.039647
-150	-0.1	0.032424
-150	0	0.022478
-150	0.1	0.019138
-150	0.2	0.015028
-150	0.3	0.014921
-150	0.4	0.0174
-150	0.5	0.019951
-150	0.6	0.027528
-150	0.7	0.033462
-150	0.8	0.038484
-150	0.9	0.045827
-150	1	0.048356
-150	1.1	0.050946
-150	1.2	0.051031
-150	1.3	0.048306
-150	1.4	0.045133
-150	1.5	0.039573
-150	1.6	0.033534
-150	1.7	0.030546
-150	1.8	0.02951
-150	1.9	0.030225
-150	2	0.032226
-150	2.1	0.033995
-150	2.2	0.033974
-150	2.3	0.032553
-150	2.4	0.029799
-150	2.5	0.027417
-150	2.6	0.025441
-150	2.7	0.023433
-150	2.8	0.021632
-150	2.9	0.019897
-150	3	0.018673
-150	3.1	0.015973
-150	3.2	0.013357
-150	3.3	0.0121
-150	3.4	0.010847
-150	3.5	0.010862
-150	3.6	0.011624
-150	3.7	0.010983
-150	3.8	0.010992
-150	3.9	0.01073
-150	4	0.0102
-140	-4	0.0083285
-140	-3.9	0.0090358
-140	-3.8	0.01108
-140	-3.7	0.01141
-140	-3.6	0.011711
-140	-3.5	0.010676
-140	-3.4	0.0103
-140	-3.3	0.0097449
-140	-3.2	0.0098587
-140	-3.1	0.010076
-140	-3	0.010295
-140	-2.9	0.0088552
-140	-2.8	0.0075574
-140	-2.7	0.0079655
-140	-2.6	0.010445
-140	-2.5	0.014647
-140	-2.4	0.019637
-140	-2.3	0.022478
-140	-2.2	0.024682
-140	-2.1	0.026316
-140	-2	0.028088
-140	-1.9	0.030189
-140	-1.8	0.033389
-140	-1.7	0.035976
-140	-1.6	0.037456
-140	-1.5	0.036693
-140	-1.4	0.034251
-140	-1.3	0.028958
-140	-1.2	0.024503
-140	-1.1	0.023744
-140	-1	0.028978
-140	-0.9	0.03444
-140	-0.8	0.044789
-140	-0.7	0.053033
-140	-0.6	0.056509
-140	-0.5	0.055596
-140	-0.4	0.049976
-140	-0.3	0.044231
-140	-0.2	0.036518
-140	-0.1	0.026308
-140	0	0.021775
-140	0.1	0.015678
-140	0.2	0.01362
-140	0.3	0.012139
-140	0.4	0.012495
-140	0.5	0.017733
-140	0.6	0.026281
-140	0.7	0.031998
-140	0.8	0.042116
-140	0.9	0.048652
-140	1	0.051287
-140	1.1	0.052653
-140	1.2	0.051975
-140	1.3	0.04861
-140	1.4	0.044374
-140	1.5	0.039279
-140	1.6	0.037513
-140	1.7	0.035295
-140	1.8	0.034382
-140	1.9	0.034428
-140	2	0.034528
-140	2.1	0.034213
-140	2.2	0.032324
-140	2.3	0.029469
-140	2.4	0.026044
-140	2.5	0.024125
-140	2.6	0.021786
-140	2.7	0.019697
-140	2.8	0.017216
-140	2.9	0.01582
-140	3	0.013081
-140	3.1	0.010741
-140	3.2	0.0088259
-140	3.3	0.0077098
-140	3.4	0.0074345
-140	3.5	0.0078552
-140	3.6	0.0082289
-140	3.7	0.0082407
-140	3.8	0.0082544
-140	3.9	0.0085374
-140	4	0.0079736
-130	-4	0.0095995
-130	-3.9	0.012435
-130	-3.8	0.013345
-130	-3.7	0.013053
-130	-3.6	0.011335
-130	-3.5	0.0086633
-130	-3.4	0.007851
-130	-3.3	0.0091619
-130	-3.2	0.011097
-130	-3.1	0.011754
-130	-3	0.011487
-130	-2.9	0.010111
-130	-2.8	0.0069677
-130	-2.7	0.008014
-130	-2.6	0.014907
-130	-2.5	0.018901
-130	-2.4	0.023988
-130	-2.3	0.02628
-130	-2.2	0.027436
-130	-2.1	0.028134
-130	-2	0.029056
-130	-1.9	0.032923
-130	-1.8	0.035781
-130	-1.7	0.037954
-130	-1.6	0.038491
-130	-1.5	0.036567
-130	-1.4	0.031336
-130	-1.3	0.021536
-130	-1.2	0.019052
-130	-1.1	0.022495
-130	-1	0.034563
-130	-0.9	0.041065
-130	-0.8	0.050928
-130	-0.7	0.054501
-130	-0.6	0.055023
-130	-0.5	0.051194
-130	-0.4	0.046231
-130	-0.3	0.039582
-130	-0.2	0.030911
-130	-0.1	0.022972
-130	0	0.016083
-130	0.1	0.013135
-130	0.2	0.011187
-130	0.3	0.011272
-130	0.4	0.014333
-130	0.5	0.01618
-130	0.6	0.023822
-130	0.7	0.032692
-130	0.8	0.037405
-130	0.9	0.040997
-130	1	0.044833
-130	1.1	0.046317
-130	1.2	0.044854
-130	1.3	0.039513
-130	1.4	0.035679
-130	1.5	0.031043
-130	1.6	0.026955
-130	1.7	0.026218
-130	1.8	0.026938
-130	1.9	0.029043
-130	2	0.030243
-130	2.1	0.029798
-130	2.2	0.027406
-130	2.3	0.024381
-130	2.4	0.022892
-130	2.5	0.02188
-130	2.6	0.021165
-130	2.7	0.020511
-130	2.8	0.019617
-130	2.9	0.017885
-130	3	0.016321
-130	3.1	0.010537
-130	3.2	0.0087117
-130	3.3	0.0081619
-130	3.4	0.0096616
-130	3.5	0.010616
-130	3.6	0.010992
-130	3.7	0.010362
-130	3.8	0.0092567
-130	3.9	0.0085544
-130	4	0.0086427
-120	-4	0.010262
-120	-3.9	0.01158
-120	-3.8	0.010715
-120	-3.7	0.0098636
-120	-3.6	0.0083324
-120	-3.5	0.0075166
-120	-3.4	0.0091355
-120	-3.3	0.010164
-120	-3.2	0.011245
-120	-3.1	0.010777
-120	-3	0.0082053
-120	-2.9	0.0067915
-120	-2.8	0.0088241
-120	-2.7	0.012739
-120	-2.6	0.018882
-120	-2.5	0.021616
-120	-2.4	0.02283
-120	-2.3	0.023389
-120	-2.2	0.025052
-120	-2.1	0.029306
-120	-2	0.03382
-120	-1.9	0.040237
-120	-1.8	0.044356
-120	-1.7	0.044411
-120	-1.6	0.040595
-120	-1.5	0.033906
-120	-1.4	0.021145
-120	-1.3	0.017362
-120	-1.2	0.023008
-120	-1.1	0.030445
-120	-1	0.040748
-120	-0.9	0.051396
-120	-0.8	0.056634
-120	-0.7	0.057124
-120	-0.6	0.053044
-120	-0.5	0.046606
-120	-0.4	0.036184
-120	-0.3	0.029054
-120	-0.2	0.021735
-120	-0.1	0.015467
-120	0	0.012563
-120	0.1	0.011173
-120	0.2	0.011103
-120	0.3	0.012832
-120	0.4	0.014783
-120	0.5	0.019368
-120	0.6	0.02461
-120	0.7	0.030224
-120	0.8	0.035222
-120	0.9	0.038088
-120	1	0.039472
-120	1.1	0.039872
-120	1.2	0.037307
-120	1.3	0.034919
-120	1.4	0.029765
-120	1.5	0.025977
-120	1.6	0.023959
-120	1.7	0.023162
-120	1.8	0.024037
-120	1.9	0.025161
-120	2	0.026296
-120	2.1	0.026426
-120	2.2	0.024806
-120	2.3	0.022735
-120	2.4	0.021432
-120	2.5	0.020299
-120	2.6	0.018777
-120	2.7	0.017433
-120	2.8	0.015824
-120	2.9	0.015029
-120	3	0.012673
-120	3.1	0.011671
-120	3.2	0.009893
-120	3.3	0.010186
-120	3.4	0.010375
-120	3.5	0.010189
-120	3.6	0.0097017
-120	3.7	0.0087708
-120	3.8	0.0086465
-120	3.9	0.0094211
-120	4	0.0099598
-110	-4	0.012892
-110	-3.9	0.014282
-110	-3.8	0.014043
-110	-3.7	0.011324
-110	-3.6	0.0093401
-110	-3.5	0.0062305
-110	-3.4	0.007336
-110	-3.3	0.0093246
-110	-3.2	0.011874
-110	-3.1	0.01208
-110	-3	0.010691
-110	-2.9	0.0069118
-110	-2.8	0.006407
-110	-2.7	0.011564
-110	-2.6	0.018781
-110	-2.5	0.024321
-110	-2.4	0.02712
-110	-2.3	0.027769
-110	-2.2	0.028454
-110	-2.1	0.029538
-110	-2	0.031582
-110	-1.9	0.037651
-110	-1.8	0.04011
-110	-1.7	0.040959
-110	-1.6	0.038743
-110	-1.5	0.030779
-110	-1.4	0.023037
-110	-1.3	0.017321
-110	-1.2	0.020927
-110	-1.1	0.033785
-110	-1	0.043117
-110	-0.9	0.052526
-110	-0.8	0.057714
-110	-0.7	0.059279
-110	-0.6	0.05566
-110	-0.5	0.049202
-110	-0.4	0.037885
-110	-0.3	0.026202
-110	-0.2	0.018319
-110	-0.1	0.01397
-110	0	0.012367
-110	0.1	0.011157
-110	0.2	0.010322
-110	0.3	0.0091831
-110	0.4	0.011923
-110	0.5	0.018272
-110	0.6	0.024871
-110	0.7	0.02994
-110	0.8	0.035753
-110	0.9	0.037927
-110	1	0.038436
-110	1.1	0.036107
-110	1.2	0.03265
-110	1.3	0.029116
-110	1.4	0.026876
-110	1.5	0.023434
-110	1.6	0.021934
-110	1.7	0.021213
-110	1.8	0.021075
-110	1.9	0.021761
-110	2	0.022301
-110	2.1	0.022364
-110	2.2	0.021039
-110	2.3	0.019902
-110	2.4	0.018612
-110	2.5	0.01781
-110	2.6	0.016067
-110	2.7	0.013731
-110	2.8	0.012166
-110	2.9	0.0106
-110	3	0.0098456
-110	3.1	0.0089748
-110	3.2	0.008423
-110	3.3	0.0083421
-110	3.4	0.0086838
-110	3.5	0.0078263
-110	3.6	0.0066908
-110	3.7	0.006006
-110	3.8	0.0068436
-110	3.9	0.0074648
-110	4	0.0080221
-100	-4	0.011235
-100	-3.9	0.010982
-100	-3.8	0.010924
-100	-3.7	0.0095404
-100	-3.6	0.0087468
-100	-3.5	0.0083711
-100	-3.4	0.0090804
-100	-3.3	0.0097532
-100	-3.2	0.0097615
-100	-3.1	0.0086315
-100	-3	0.0069885
-100	-2.9	0.0068271
-100	-2.8	0.0090769
-100	-2.7	0.014279
-100	-2.6	0.01844
-100	-2.5	0.022287
-100	-2.4	0.025373
-100	-2.3	0.028713
-100	-2.2	0.032535
-100	-2.1	0.036582
-100	-2	0.039028
-100	-1.9	0.042128
-100	-1.8	0.042142
-100	-1.7	0.03964
-100	-1.6	0.032604
-100	-1.5	0.0258
-100	-1.4	0.019443
-100	-1.3	0.019159
-100	-1.2	0.028577
-100	-1.1	0.040172
-100	-1	0.049695
-100	-0.9	0.056745
-100	-0.8	0.058866
-100	-0.7	0.057402
-100	-0.6	0.051844
-100	-0.5	0.042616
-100	-0.4	0.033189
-100	-0.3	0.023113
-100	-0.2	0.016539
-100	-0.1	0.014112
-100	0	0.014017
-100	0.1	0.013415
-100	0.2	0.011513
-100	0.3	0.011807
-100	0.4	0.014998
-100	0.5	0.022054
-100	0.6	0.026076
-100	0.7	0.030173
-100	0.8	0.033151
-100	0.9	0.033768
-100	1	0.032376
-100	1.1	0.030594
-100	1.2	0.028125
-100	1.3	0.024962
-100	1.4	0.023187
-100	1.5	0.022042
-100	1.6	0.021388
-100	1.7	0.020986
-100	1.8	0.019948
-100	1.9	0.019657
-100	2	0.020411
-100	2.1	0.020901
-100	2.2	0.020449
-100	2.3	0.020009
-100	2.4	0.018353
-100	2.5	0.017497
-100	2.6	0.015947
-100	2.7	0.01332
-100	2.8	0.011372
-100	2.9	0.010105
-100	3	0.0095979
-100	3.1	0.0086502
-100	3.2	0.0079776
-100	3.3	0.0080402
-100	3.4	0.0076888
-100	3.5	0.0072585
-100	3.6	0.0067843
-100	3.7	0.0064196
-100	3.8	0.006517
-100	3.9	0.0070438
-100	4	0.008344
-90	-4	0.013776
-90	-3.9	0.013939
-90	-3.8	0.012279
-90	-3.7	0.010424
-90	-3.6	0.01034
-90	-3.5	0.011349
-90	-3.4	0.013033
-90	-3.3	0.013601
-90	-3.2	0.012906
-90	-3.1	0.010431
-90	-3	0.0074757
-90	-2.9	0.0086857
-90	-2.8	0.013059
-90	-2.7	0.018587
-90	-2.6	0.021961
-90	-2.5	0.024915
-90	-2.4	0.0264
-90	-2.3	0.030462
-90	-2.2	0.035189
-90	-2.1	0.038672
-90	-2	0.043858
-90	-1.9	0.046033
-90	-1.8	0.044883
-90	-1.7	0.041024
-90	-1.6	0.032611
-90	-1.5	0.027674
-90	-1.4	0.019709
-90	-1.3	0.024763
-90	-1.2	0.032597
-90	-1.1	0.043408
-90	-1	0.052107
-90	-0.9	0.056928
-90	-0.8	0.057766
-90	-0.7	0.053761
-90	-0.6	0.0451
-90	-0.5	0.036709
-90	-0.4	0.028467
-90	-0.3	0.020928
-90	-0.2	0.016009
-90	-0.1	0.013296
-90	0	0.01211
-90	0.1	0.011843
-90	0.2	0.012623
-90	0.3	0.015395
-90	0.4	0.019091
-90	0.5	0.023768
-90	0.6	0.027446
-90	0.7	0.031319
-90	0.8	0.033025
-90	0.9	0.032734
-90	1	0.031691
-90	1.1	0.029543
-90	1.2	0.02572
-90	1.3	0.022349
-90	1.4	0.020009
-90	1.5	0.01871
-90	1.6	0.018995
-90	1.7	0.019534
-90	1.8	0.019754
-90	1.9	0.01958
-90	2	0.018977
-90	2.1	0.018539
-90	2.2	0.017164
-90	2.3	0.016109
-90	2.4	0.015952
-90	2.5	0.015829
-90	2.6	0.01452
-90	2.7	0.013738
-90	2.8	0.012003
-90	2.9	0.010218
-90	3	0.0091919
-90	3.1	0.0083052
-90	3.2	0.0084804
-90	3.3	0.0091831
-90	3.4	0.0096399
-90	3.5	0.0097
-90	3.6	0.0085865
-90	3.7	0.0074366
-90	3.8	0.0072473
-90	3.9	0.0076551
-90	4	0.0082388
-80	-4	0.011405
-80	-3.9	0.011959
-80	-3.8	0.011888
-80	-3.7	0.012958
-80	-3.6	0.013855
-80	-3.5	0.013969
-80	-3.4	0.013642
-80	-3.3	0.011593
-80	-3.2	0.010477
-80	-3.1	0.0080663
-80	-3	0.0093349
-80	-2.9	0.013127
-80	-2.8	0.016578
-80	-2.7	0.019928
-80	-2.6	0.022719
-80	-2.5	0.024646
-80	-2.4	0.029342
-80	-2.3	0.033832
-80	-2.2	0.037764
-80	-2.1	0.046012
-80	-2	0.050237
-80	-1.9	0.051703
-80	-1.8	0.04965
-80	-1.7	0.043195
-80	-1.6	0.035727
-80	-1.5	0.024249
-80	-1.4	0.021722
-80	-1.3	0.027135
-80	-1.2	0.036256
-80	-1.1	0.043487
-80	-1	0.052814
-80	-0.9	0.057629
-80	-0.8	0.057705
-80	-0.7	0.053174
-80	-0.6	0.046427
-80	-0.5	0.038501
-80	-0.4	0.030191
-80	-0.3	0.023412
-80	-0.2	0.018689
-80	-0.1	0.016554
-80	0	0.016196
-80	0.1	0.015788
-80	0.2	0.01671
-80	0.3	0.019482
-80	0.4	0.023093
-80	0.5	0.025757
-80	0.6	0.029442
-80	0.7	0.031803
-80	0.8	0.034065
-80	0.9	0.034047
-80	1	0.032236
-80	1.1	0.029029
-80	1.2	0.027343
-80	1.3	0.023495
-80	1.4	0.021798
-80	1.5	0.02036
-80	1.6	0.019435
-80	1.7	0.01965
-80	1.8	0.020022
-80	1.9	0.02032
-80	2	0.020363
-80	2.1	0.01943
-80	2.2	0.018066
-80	2.3	0.016182
-80	2.4	0.014366
-80	2.5	0.01305
-80	2.6	0.012353
-80	2.7	0.011966
-80	2.8	0.010982
-80	2.9	0.0094861
-80	3	0.0088168
-80	3.1	0.0074366
-80	3.2	0.0069258
-80	3.3	0.0064697
-80	3.4	0.0076021
-80	3.5	0.0079898
-80	3.6	0.0079553
-80	3.7	0.0070644
-80	3.8	0.0061232
-80	3.9	0.0054442
-80	4	0.0055936
-70	-4	0.014577
-70	-3.9	0.014809
-70	-3.8	0.013807
-70	-3.7	0.013292
-70	-3.6	0.012954
-70	-3.5	0.013392
-70	-3.4	0.014299
-70	-3.3	0.014892
-70	-3.2	0.013828
-70	-3.1	0.012031
-70	-3	0.010589
-70	-2.9	0.012462
-70	-2.8	0.018757
-70	-2.7	0.021588
-70	-2.6	0.026962
-70	-2.5	0.030428
-70	-2.4	0.035251
-70	-2.3	0.038216
-70	-2.2	0.041816
-70	-2.1	0.046274
-70	-2	0.050387
-70	-1.9	0.052316
-70	-1.8	0.050653
-70	-1.7	0.044642
-70	-1.6	0.036494
-70	-1.5	0.030108
-70	-1.4	0.025545
-70	-1.3	0.027933
-70	-1.2	0.040503
-70	-1.1	0.046185
-70	-1	0.054462
-70	-0.9	0.059298
-70	-0.8	0.058084
-70	-0.7	0.054403
-70	-0.6	0.049757
-70	-0.5	0.039762
-70	-0.4	0.032919
-70	-0.3	0.026362
-70	-0.2	0.021712
-70	-0.1	0.019811
-70	0	0.018964
-70	0.1	0.019001
-70	0.2	0.020624
-70	0.3	0.024368
-70	0.4	0.026878
-70	0.5	0.029909
-70	0.6	0.034225
-70	0.7	0.036777
-70	0.8	0.037489
-70	0.9	0.037226
-70	1	0.035603
-70	1.1	0.032851
-70	1.2	0.029469
-70	1.3	0.027311
-70	1.4	0.024871
-70	1.5	0.02309
-70	1.6	0.022745
-70	1.7	0.022862
-70	1.8	0.021749
-70	1.9	0.020521
-70	2	0.01985
-70	2.1	0.019341
-70	2.2	0.018685
-70	2.3	0.018015
-70	2.4	0.016933
-70	2.5	0.016199
-70	2.6	0.014536
-70	2.7	0.012766
-70	2.8	0.010208
-70	2.9	0.009
-70	3	0.0080803
-70	3.1	0.0078942
-70	3.2	0.0076867
-70	3.3	0.0074214
-70	3.4	0.0073272
-70	3.5	0.007617
-70	3.6	0.0082112
-70	3.7	0.0085393
-70	3.8	0.0076445
-70	3.9	0.0066739
-70	4	0.0061575
-60	-4	0.014246
-60	-3.9	0.014082
-60	-3.8	0.013316
-60	-3.7	0.012671
-60	-3.6	0.013396
-60	-3.5	0.014527
-60	-3.4	0.015661
-60	-3.3	0.016106
-60	-3.2	0.015402
-60	-3.1	0.013967
-60	-3	0.01308
-60	-2.9	0.015153
-60	-2.8	0.01878
-60	-2.7	0.023596
-60	-2.6	0.030699
-60	-2.5	0.034028
-60	-2.4	0.039495
-60	-2.3	0.042291
-60	-2.2	0.046894
-60	-2.1	0.051562
-60	-2	0.053889
-60	-1.9	0.055123
-60	-1.8	0.053594
-60	-1.7	0.045964
-60	-1.6	0.038695
-60	-1.5	0.031091
-60	-1.4	0.028361
-60	-1.3	0.033139
-60	-1.2	0.038648
-60	-1.1	0.04854
-60	-1	0.055445
-60	-0.9	0.058264
-60	-0.8	0.05846
-60	-0.7	0.053546
-60	-0.6	0.048072
-60	-0.5	0.041333
-60	-0.4	0.034676
-60	-0.3	0.029929
-60	-0.2	0.025277
-60	-0.1	0.023273
-60	0	0.022903
-60	0.1	0.023146
-60	0.2	0.024321
-60	0.3	0.027978
-60	0.4	0.031096
-60	0.5	0.035778
-60	0.6	0.037627
-60	0.7	0.040014
-60	0.8	0.039971
-60	0.9	0.038276
-60	1	0.036324
-60	1.1	0.032446
-60	1.2	0.029017
-60	1.3	0.026337
-60	1.4	0.023985
-60	1.5	0.023172
-60	1.6	0.023217
-60	1.7	0.023205
-60	1.8	0.022775
-60	1.9	0.021798
-60	2	0.020908
-60	2.1	0.020299
-60	2.2	0.01925
-60	2.3	0.018361
-60	2.4	0.016972
-60	2.5	0.015613
-60	2.6	0.014051
-60	2.7	0.012273
-60	2.8	0.0099077
-60	2.9	0.0087228
-60	3	0.0080342
-60	3.1	0.0076382
-60	3.2	0.0075616
-60	3.3	0.0078222
-60	3.4	0.0071644
-60	3.5	0.0071801
-60	3.6	0.0068907
-60	3.7	0.0066155
-60	3.8	0.0067915
-60	3.9	0.0069141
-60	4	0.007069
-50	-4	0.015327
-50	-3.9	0.014516
-50	-3.8	0.013876
-50	-3.7	0.012005
-50	-3.6	0.012025
-50	-3.5	0.013998
-50	-3.4	0.015242
-50	-3.3	0.01689
-50	-3.2	0.016696
-50	-3.1	0.015411
-50	-3	0.014881
-50	-2.9	0.016442
-50	-2.8	0.021619
-50	-2.7	0.026702
-50	-2.6	0.03148
-50	-2.5	0.037553
-50	-2.4	0.042651
-50	-2.3	0.046104
-50	-2.2	0.05036
-50	-2.1	0.05307
-50	-2	0.056188
-50	-1.9	0.057414
-50	-1.8	0.055951
-50	-1.7	0.052003
-50	-1.6	0.042631
-50	-1.5	0.038541
-50	-1.4	0.035389
-50	-1.3	0.037148
-50	-1.2	0.045987
-50	-1.1	0.05369
-50	-1	0.059371
-50	-0.9	0.06146
-50	-0.8	0.061729
-50	-0.7	0.057307
-50	-0.6	0.049342
-50	-0.5	0.043407
-50	-0.4	0.035424
-50	-0.3	0.02973
-50	-0.2	0.02704
-50	-0.1	0.025918
-50	0	0.026304
-50	0.1	0.027341
-50	0.2	0.030753
-50	0.3	0.034036
-50	0.4	0.037838
-50	0.5	0.041789
-50	0.6	0.043625
-50	0.7	0.045302
-50	0.8	0.045541
-50	0.9	0.044362
-50	1	0.042305
-50	1.1	0.040004
-50	1.2	0.038293
-50	1.3	0.034473
-50	1.4	0.03067
-50	1.5	0.029381
-50	1.6	0.028726
-50	1.7	0.028563
-50	1.8	0.028682
-50	1.9	0.02848
-50	2	0.027493
-50	2.1	0.025238
-50	2.2	0.0215
-50	2.3	0.019867
-50	2.4	0.016936
-50	2.5	0.016022
-50	2.6	0.015949
-50	2.7	0.01503
-50	2.8	0.013809
-50	2.9	0.012487
-50	3	0.011253
-50	3.1	0.0098011
-50	3.2	0.0088989
-50	3.3	0.0083884
-50	3.4	0.0080482
-50	3.5	0.0083498
-50	3.6	0.0083576
-50	3.7	0.0080301
-50	3.8	0.0074345
-50	3.9	0.0074908
-50	4	0.0081678
-40	-4	0.015581
-40	-3.9	0.014167
-40	-3.8	0.013171
-40	-3.7	0.012686
-40	-3.6	0.015154
-40	-3.5	0.017479
-40	-3.4	0.018457
-40	-3.3	0.019095
-40	-3.2	0.017475
-40	-3.1	0.015135
-40	-3	0.015106
-40	-2.9	0.018662
-40	-2.8	0.025035
-40	-2.7	0.031817
-40	-2.6	0.036501
-40	-2.5	0.038483
-40	-2.4	0.040883
-40	-2.3	0.044665
-40	-2.2	0.04996
-40	-2.1	0.056117
-40	-2	0.060352
-40	-1.9	0.06166
-40	-1.8	0.059838
-40	-1.7	0.051565
-40	-1.6	0.04502
-40	-1.5	0.039272
-40	-1.4	0.035756
-40	-1.3	0.040585
-40	-1.2	0.048041
-40	-1.1	0.05489
-40	-1	0.05998
-40	-0.9	0.062006
-40	-0.8	0.060156
-40	-0.7	0.055727
-40	-0.6	0.048284
-40	-0.5	0.041676
-40	-0.4	0.034892
-40	-0.3	0.032037
-40	-0.2	0.028384
-40	-0.1	0.028417
-40	0	0.029404
-40	0.1	0.031233
-40	0.2	0.036726
-40	0.3	0.039404
-40	0.4	0.044612
-40	0.5	0.04542
-40	0.6	0.047977
-40	0.7	0.048319
-40	0.8	0.047033
-40	0.9	0.043671
-40	1	0.04177
-40	1.1	0.03873
-40	1.2	0.035176
-40	1.3	0.032794
-40	1.4	0.031131
-40	1.5	0.029596
-40	1.6	0.029371
-40	1.7	0.028561
-40	1.8	0.027694
-40	1.9	0.026459
-40	2	0.024737
-40	2.1	0.023607
-40	2.2	0.021577
-40	2.3	0.020585
-40	2.4	0.019414
-40	2.5	0.018731
-40	2.6	0.016459
-40	2.7	0.014651
-40	2.8	0.012741
-40	2.9	0.011177
-40	3	0.010778
-40	3.1	0.010715
-40	3.2	0.010586
-40	3.3	0.010351
-40	3.4	0.0098979
-40	3.5	0.0081817
-40	3.6	0.0073734
-40	3.7	0.0075295
-40	3.8	0.0086726
-40	3.9	0.0095658
-40	4	0.010151
-30	-4	0.01798
-30	-3.9	0.016525
-30	-3.8	0.013647
-30	-3.7	0.012095
-30	-3.6	0.0141
-30	-3.5	0.018255
-30	-3.4	0.020365
-30	-3.3	0.020824
-30	-3.2	0.019472
-30	-3.1	0.015712
-30	-3	0.015401
-30	-2.9	0.019217
-30	-2.8	0.025632
-30	-2.7	0.034898
-30	-2.6	0.038368
-30	-2.5	0.040079
-30	-2.4	0.041141
-30	-2.3	0.044373
-30	-2.2	0.049054
-30	-2.1	0.052933
-30	-2	0.057948
-30	-1.9	0.059945
-30	-1.8	0.059573
-30	-1.7	0.053529
-30	-1.6	0.045673
-30	-1.5	0.039658
-30	-1.4	0.036801
-30	-1.3	0.038534
-30	-1.2	0.04385
-30	-1.1	0.055903
-30	-1	0.061409
-30	-0.9	0.063299
-30	-0.8	0.060999
-30	-0.7	0.056395
-30	-0.6	0.047678
-30	-0.5	0.04162
-30	-0.4	0.036913
-30	-0.3	0.032981
-30	-0.2	0.0305
-30	-0.1	0.03072
-30	0	0.031566
-30	0.1	0.033366
-30	0.2	0.03646
-30	0.3	0.041706
-30	0.4	0.045372
-30	0.5	0.049001
-30	0.6	0.051118
-30	0.7	0.051859
-30	0.8	0.051194
-30	0.9	0.048521
-30	1	0.045708
-30	1.1	0.042482
-30	1.2	0.037535
-30	1.3	0.035623
-30	1.4	0.03347
-30	1.5	0.03283
-30	1.6	0.031724
-30	1.7	0.030805
-30	1.8	0.028174
-30	1.9	0.026157
-30	2	0.024248
-30	2.1	0.023226
-30	2.2	0.022069
-30	2.3	0.022258
-30	2.4	0.021982
-30	2.5	0.021364
-30	2.6	0.019755
-30	2.7	0.018426
-30	2.8	0.015112
-30	2.9	0.013079
-30	3	0.012231
-30	3.1	0.012373
-30	3.2	0.012289
-30	3.3	0.01198
-30	3.4	0.01154
-30	3.5	0.010546
-30	3.6	0.01005
-30	3.7	0.0095235
-30	3.8	0.0093885
-30	3.9	0.0096917
-30	4	0.0093661
-20	-4	0.014703
-20	-3.9	0.015167
-20	-3.8	0.015012
-20	-3.7	0.014727
-20	-3.6	0.015759
-20	-3.5	0.016834
-20	-3.4	0.01696
-20	-3.3	0.017023
-20	-3.2	0.016447
-20	-3.1	0.016812
-20	-3	0.017981
-20	-2.9	0.020435
-20	-2.8	0.025687
-20	-2.7	0.029247
-20	-2.6	0.033353
-20	-2.5	0.037499
-20	-2.4	0.041066
-20	-2.3	0.043654
-20	-2.2	0.047921
-20	-2.1	0.052518
-20	-2	0.057591
-20	-1.9	0.06012
-20	-1.8	0.059996
-20	-1.7	0.055907
-20	-1.6	0.051527
-20	-1.5	0.044519
-20	-1.4	0.040258
-20	-1.3	0.040807
-20	-1.2	0.045584
-20	-1.1	0.052007
-20	-1	0.05806
-20	-0.9	0.060838
-20	-0.8	0.061303
-20	-0.7	0.057738
-20	-0.6	0.054065
-20	-0.5	0.046887
-20	-0.4	0.039007
-20	-0.3	0.034905
-20	-0.2	0.032668
-20	-0.1	0.030159
-20	0	0.030246
-20	0.1	0.030927
-20	0.2	0.033816
-20	0.3	0.039405
-20	0.4	0.04354
-20	0.5	0.047438
-20	0.6	0.050242
-20	0.7	0.051824
-20	0.8	0.052712
-20	0.9	0.052139
-20	1	0.049806
-20	1.1	0.047336
-20	1.2	0.043088
-20	1.3	0.039597
-20	1.4	0.036694
-20	1.5	0.035017
-20	1.6	0.033431
-20	1.7	0.032169
-20	1.8	0.031044
-20	1.9	0.02839
-20	2	0.026041
-20	2.1	0.024511
-20	2.2	0.022474
-20	2.3	0.020604
-20	2.4	0.019329
-20	2.5	0.01818
-20	2.6	0.016787
-20	2.7	0.015103
-20	2.8	0.012832
-20	2.9	0.012031
-20	3	0.011326
-20	3.1	0.01037
-20	3.2	0.0097879
-20	3.3	0.0086857
-20	3.4	0.0074583
-20	3.5	0.0070827
-20	3.6	0.0065886
-20	3.7	0.007454
-20	3.8	0.0080763
-20	3.9	0.0093194
-20	4	0.0090858
-10	-4	0.01583
-10	-3.9	0.014986
-10	-3.8	0.013713
-10	-3.7	0.012883
-10	-3.6	0.013383
-10	-3.5	0.015724
-10	-3.4	0.017603
-10	-3.3	0.019334
-10	-3.2	0.018988
-10	-3.1	0.017488
-10	-3	0.01619
-10	-2.9	0.019273
-10	-2.8	0.024432
-10	-2.7	0.028615
-10	-2.6	0.034998
-10	-2.5	0.037519
-10	-2.4	0.038168
-10	-2.3	0.039267
-10	-2.2	0.041921
-10	-2.1	0.047697
-10	-2	0.051886
-10	-1.9	0.056909
-10	-1.8	0.057633
-10	-1.7	0.054912
-10	-1.6	0.048605
-10	-1.5	0.04335
-10	-1.4	0.038691
-10	-1.3	0.038518
-10	-1.2	0.043414
-10	-1.1	0.050382
-10	-1	0.056418
-10	-0.9	0.0608
-10	-0.8	0.061972
-10	-0.7	0.059793
-10	-0.6	0.053925
-10	-0.5	0.049477
-10	-0.4	0.039883
-10	-0.3	0.03501
-10	-0.2	0.029281
-10	-0.1	0.027904
-10	0	0.02797
-10	0.1	0.028918
-10	0.2	0.031339
-10	0.3	0.035934
-10	0.4	0.039337
-10	0.5	0.04523
-10	0.6	0.048444
-10	0.7	0.051154
-10	0.8	0.05256
-10	0.9	0.052246
-10	1	0.049403
-10	1.1	0.047605
-10	1.2	0.043185
-10	1.3	0.039222
-10	1.4	0.03684
-10	1.5	0.03521
-10	1.6	0.03428
-10	1.7	0.032914
-10	1.8	0.031382
-10	1.9	0.029293
-10	2	0.027614
-10	2.1	0.024774
-10	2.2	0.023217
-10	2.3	0.022108
-10	2.4	0.021341
-10	2.5	0.019729
-10	2.6	0.01856
-10	2.7	0.017424
-10	2.8	0.015162
-10	2.9	0.012793
-10	3	0.01208
-10	3.1	0.011363
-10	3.2	0.01056
-10	3.3	0.010325
-10	3.4	0.0091195
-10	3.5	0.0085921
-10	3.6	0.0083324
-10	3.7	0.007583
-10	3.8	0.0076445
-10	3.9	0.0076825
-10	4	0.0071214
0	-4	0.013737
0	-3.9	0.014662
0	-3.8	0.01467
0	-3.7	0.013614
0	-3.6	0.011898
0	-3.5	0.011494
0	-3.4	0.014201
0	-3.3	0.017407
0	-3.2	0.019274
0	-3.1	0.01976
0	-3	0.017451
0	-2.9	0.016204
0	-2.8	0.018084
0	-2.7	0.023909
0	-2.6	0.031571
0	-2.5	0.036434
0	-2.4	0.039604
0	-2.3	0.04042
0	-2.2	0.04234
0	-2.1	0.04472
0	-2	0.048609
0	-1.9	0.052931
0	-1.8	0.055379
0	-1.7	0.055297
0	-1.6	0.05201
0	-1.5	0.047064
0	-1.4	0.040717
0	-1.3	0.039572
0	-1.2	0.043324
0	-1.1	0.049905
0	-1	0.053617
0	-0.9	0.060149
0	-0.8	0.062492
0	-0.7	0.06233
0	-0.6	0.058277
0	-0.5	0.047665
0	-0.4	0.042775
0	-0.3	0.032194
0	-0.2	0.027708
0	-0.1	0.025042
0	0	0.024384
0	0.1	0.025204
0	0.2	0.027999
0	0.3	0.032263
0	0.4	0.036793
0	0.5	0.042914
0	0.6	0.046702
0	0.7	0.049874
0	0.8	0.050606
0	0.9	0.050405
0	1	0.048464
0	1.1	0.045657
0	1.2	0.042346
0	1.3	0.038783
0	1.4	0.035726
0	1.5	0.034343
0	1.6	0.032535
0	1.7	0.031852
0	1.8	0.02998
0	1.9	0.028063
0	2	0.025701
0	2.1	0.023911
0	2.2	0.022384
0	2.3	0.020932
0	2.4	0.019762
0	2.5	0.019108
0	2.6	0.017948
0	2.7	0.017564
0	2.8	0.014924
0	2.9	0.012953
0	3	0.011372
0	3.1	0.010372
0	3.2	0.010004
0	3.3	0.0098849
0	3.4	0.009532
0	3.5	0.0090179
0	3.6	0.0086763
0	3.7	0.0081083
0	3.8	0.0081222
0	3.9	0.0078387
0	4	0.0076085
10	-4	0.013556
10	-3.9	0.014024
10	-3.8	0.012518
10	-3.7	0.01094
10	-3.6	0.008991
10	-3.5	0.008732
10	-3.4	0.011259
10	-3.3	0.014554
10	-3.2	0.017733
10	-3.1	0.018684
10	-3	0.017116
10	-2.9	0.014706
10	-2.8	0.014112
10	-2.7	0.019186
10	-2.6	0.024715
10	-2.5	0.029219
10	-2.4	0.033118
10	-2.3	0.035745
10	-2.2	0.03725
10	-2.1	0.038795
10	-2	0.041782
10	-1.9	0.043976
10	-1.8	0.04642
10	-1.7	0.047546
10	-1.6	0.0469
10	-1.5	0.043433
10	-1.4	0.038748
10	-1.3	0.037129
10	-1.2	0.038394
10	-1.1	0.04343
10	-1	0.051941
10	-0.9	0.058957
10	-0.8	0.062466
10	-0.7	0.062225
10	-0.6	0.056929
10	-0.5	0.050479
10	-0.4	0.043972
10	-0.3	0.034304
10	-0.2	0.027016
10	-0.1	0.022604
10	0	0.021011
10	0.1	0.020961
10	0.2	0.023187
10	0.3	0.027849
10	0.4	0.033284
10	0.5	0.038383
10	0.6	0.042794
10	0.7	0.047531
10	0.8	0.049238
10	0.9	0.049152
10	1	0.047617
10	1.1	0.045655
10	1.2	0.042743
10	1.3	0.039809
10	1.4	0.038473
10	1.5	0.035641
10	1.6	0.032746
10	1.7	0.031399
10	1.8	0.028736
10	1.9	0.027782
10	2	0.027141
10	2.1	0.026547
10	2.2	0.025746
10	2.3	0.024429
10	2.4	0.021809
10	2.5	0.018386
10	2.6	0.015802
10	2.7	0.013238
10	2.8	0.012897
10	2.9	0.012176
10	3	0.01181
10	3.1	0.010648
10	3.2	0.0092217
10	3.3	0.007672
10	3.4	0.0065935
10	3.5	0.0067077
10	3.6	0.0078901
10	3.7	0.0084747
10	3.8	0.0084326
10	3.9	0.0079655
10	4	0.0064447
20	-4	0.010151
20	-3.9	0.010499
20	-3.8	0.010648
20	-3.7	0.0098849
20	-3.6	0.0096934
20	-3.5	0.0097515
20	-3.4	0.010492
20	-3.3	0.012417
20	-3.2	0.013653
20	-3.1	0.014299
20	-3	0.013754
20	-2.9	0.013776
20	-2.8	0.01519
20	-2.7	0.019935
20	-2.6	0.022828
20	-2.5	0.026139
20	-2.4	0.028398
20	-2.3	0.030294
20	-2.2	0.03362
20	-2.1	0.037041
20	-2	0.040453
20	-1.9	0.043746
20	-1.8	0.046228
20	-1.7	0.046088
20	-1.6	0.044941
20	-1.5	0.042261
20	-1.4	0.038063
20	-1.3	0.03702
20	-1.2	0.03833
20	-1.1	0.045474
20	-1	0.05081
20	-0.9	0.055903
20	-0.8	0.058864
20	-0.7	0.058598
20	-0.6	0.055442
20	-0.5	0.049125
20	-0.4	0.042296
20	-0.3	0.033079
20	-0.2	0.028429
20	-0.1	0.024188
20	0	0.02188
20	0.1	0.021162
20	0.2	0.022526
20	0.3	0.023955
20	0.4	0.028054
20	0.5	0.033815
20	0.6	0.037617
20	0.7	0.04055
20	0.8	0.042798
20	0.9	0.04421
20	1	0.044113
20	1.1	0.043275
20	1.2	0.041794
20	1.3	0.039441
20	1.4	0.037856
20	1.5	0.035754
20	1.6	0.031759
20	1.7	0.030692
20	1.8	0.028793
20	1.9	0.027751
20	2	0.027948
20	2.1	0.027646
20	2.2	0.027245
20	2.3	0.024919
20	2.4	0.023308
20	2.5	0.020877
20	2.6	0.017493
20	2.7	0.01513
20	2.8	0.013911
20	2.9	0.012725
20	3	0.01209
20	3.1	0.011331
20	3.2	0.010176
20	3.3	0.0093124
20	3.4	0.0091053
20	3.5	0.0095269
20	3.6	0.0091743
20	3.7	0.0091514
20	3.8	0.0080763
20	3.9	0.0076488
20	4	0.007467
30	-4	0.0075295
30	-3.9	0.008594
30	-3.8	0.011131
30	-3.7	0.011856
30	-3.6	0.01144
30	-3.5	0.010208
30	-3.4	0.0086931
30	-3.3	0.0094673
30	-3.2	0.012509
30	-3.1	0.015045
30	-3	0.014514
30	-2.9	0.013096
30	-2.8	0.011832
30	-2.7	0.014604
30	-2.6	0.017967
30	-2.5	0.024726
30	-2.4	0.028777
30	-2.3	0.03083
30	-2.2	0.031024
30	-2.1	0.031087
30	-2	0.032423
30	-1.9	0.034829
30	-1.8	0.038418
30	-1.7	0.041016
30	-1.6	0.042568
30	-1.5	0.041452
30	-1.4	0.03669
30	-1.3	0.033615
30	-1.2	0.031433
30	-1.1	0.034691
30	-1	0.040974
30	-0.9	0.04718
30	-0.8	0.055265
30	-0.7	0.059344
30	-0.6	0.059707
30	-0.5	0.056351
30	-0.4	0.049452
30	-0.3	0.039167
30	-0.2	0.033706
30	-0.1	0.024732
30	0	0.019181
30	0.1	0.015436
30	0.2	0.015049
30	0.3	0.01774
30	0.4	0.023116
30	0.5	0.027524
30	0.6	0.033232
30	0.7	0.038262
30	0.8	0.04219
30	0.9	0.045447
30	1	0.045779
30	1.1	0.045465
30	1.2	0.042207
30	1.3	0.040145
30	1.4	0.035859
30	1.5	0.03286
30	1.6	0.030617
30	1.7	0.029325
30	1.8	0.028295
30	1.9	0.026687
30	2	0.025814
30	2.1	0.024467
30	2.2	0.022984
30	2.3	0.021348
30	2.4	0.019833
30	2.5	0.0183
30	2.6	0.01698
30	2.7	0.015777
30	2.8	0.013774
30	2.9	0.0125
30	3	0.01151
30	3.1	0.010153
30	3.2	0.0094125
30	3.3	0.0085336
30	3.4	0.0074865
30	3.5	0.0069723
30	3.6	0.0066642
30	3.7	0.0063002
30	3.8	0.0065861
30	3.9	0.0064171
30	4	0.0071236
40	-4	0.0068413
40	-3.9	0.0068057
40	-3.8	0.0081063
40	-3.7	0.0089874
40	-3.6	0.0098193
40	-3.5	0.010181
40	-3.4	0.010243
40	-3.3	0.010224
40	-3.2	0.010601
40	-3.1	0.01145
40	-3	0.011785
40	-2.9	0.011409
40	-2.8	0.011674
40	-2.7	0.012887
40	-2.6	0.017001
40	-2.5	0.02128
40	-2.4	0.024798
40	-2.3	0.027857
40	-2.2	0.028765
40	-2.1	0.029053
40	-2	0.029463
40	-1.9	0.031426
40	-1.8	0.034943
40	-1.7	0.036513
40	-1.6	0.038051
40	-1.5	0.037149
40	-1.4	0.034639
40	-1.3	0.029669
40	-1.2	0.028958
40	-1.1	0.031541
40	-1	0.037569
40	-0.9	0.045291
40	-0.8	0.052318
40	-0.7	0.057032
40	-0.6	0.05794
40	-0.5	0.054022
40	-0.4	0.04852
40	-0.3	0.040335
40	-0.2	0.035304
40	-0.1	0.027653
40	0	0.021281
40	0.1	0.017423
40	0.2	0.014281
40	0.3	0.014262
40	0.4	0.018795
40	0.5	0.022561
40	0.6	0.028657
40	0.7	0.035902
40	0.8	0.040287
40	0.9	0.043074
40	1	0.044276
40	1.1	0.042941
40	1.2	0.042101
40	1.3	0.038967
40	1.4	0.03623
40	1.5	0.033905
40	1.6	0.032203
40	1.7	0.031166
40	1.8	0.030328
40	1.9	0.02975
40	2	0.028118
40	2.1	0.026795
40	2.2	0.024551
40	2.3	0.022792
40	2.4	0.020214
40	2.5	0.018436
40	2.6	0.016487
40	2.7	0.015471
40	2.8	0.014825
40	2.9	0.012816
40	3	0.01142
40	3.1	0.010733
40	3.2	0.0084058
40	3.3	0.0064246
40	3.4	0.006336
40	3.5	0.006336
40	3.6	0.0073294
40	3.7	0.0075702
40	3.8	0.0077662
40	3.9	0.007653
40	4	0.0073931
50	-4	0.005834
50	-3.9	0.0074692
50	-3.8	0.0084652
50	-3.7	0.0088643
50	-3.6	0.0085582
50	-3.5	0.0075274
50	-3.4	0.0076635
50	-3.3	0.0082896
50	-3.2	0.009116
50	-3.1	0.01063
50	-3	0.011292
50	-2.9	0.011187
50	-2.8	0.011183
50	-2.7	0.012059
50	-2.6	0.014962
50	-2.5	0.01968
50	-2.4	0.023285
50	-2.3	0.024836
50	-2.2	0.027124
50	-2.1	0.02799
50	-2	0.028434
50	-1.9	0.030455
50	-1.8	0.032149
50	-1.7	0.034345
50	-1.6	0.035925
50	-1.5	0.034743
50	-1.4	0.031376
50	-1.3	0.027297
50	-1.2	0.026276
50	-1.1	0.029531
50	-1	0.03621
50	-0.9	0.044184
50	-0.8	0.051446
50	-0.7	0.056147
50	-0.6	0.057645
50	-0.5	0.054608
50	-0.4	0.050187
50	-0.3	0.042348
50	-0.2	0.033322
50	-0.1	0.028202
50	0	0.021729
50	0.1	0.018812
50	0.2	0.016935
50	0.3	0.016034
50	0.4	0.017585
50	0.5	0.020813
50	0.6	0.027121
50	0.7	0.031391
50	0.8	0.036017
50	0.9	0.041164
50	1	0.044076
50	1.1	0.044833
50	1.2	0.043081
50	1.3	0.040729
50	1.4	0.038698
50	1.5	0.036232
50	1.6	0.033765
50	1.7	0.032716
50	1.8	0.031623
50	1.9	0.031091
50	2	0.03122
50	2.1	0.031123
50	2.2	0.030134
50	2.3	0.028832
50	2.4	0.027169
50	2.5	0.025109
50	2.6	0.022334
50	2.7	0.021861
50	2.8	0.0187
50	2.9	0.017944
50	3	0.016041
50	3.1	0.013716
50	3.2	0.012059
50	3.3	0.0099501
50	3.4	0.0085544
50	3.5	0.0085827
50	3.6	0.0093263
50	3.7	0.009481
50	3.8	0.0089892
50	3.9	0.0087468
50	4	0.0081757
60	-4	0.0058062
60	-3.9	0.0060382
60	-3.8	0.0077035
60	-3.7	0.0083343
60	-3.6	0.0081282
60	-3.5	0.0082014
60	-3.4	0.0064372
60	-3.3	0.0054827
60	-3.2	0.0063462
60	-3.1	0.0083846
60	-3	0.010406
60	-2.9	0.011345
60	-2.8	0.011342
60	-2.7	0.011557
60	-2.6	0.013006
60	-2.5	0.015633
60	-2.4	0.020105
60	-2.3	0.023313
60	-2.2	0.025199
60	-2.1	0.026846
60	-2	0.027846
60	-1.9	0.02832
60	-1.8	0.02857
60	-1.7	0.029365
60	-1.6	0.030828
60	-1.5	0.031845
60	-1.4	0.031502
60	-1.3	0.029845
60	-1.2	0.027059
60	-1.1	0.026644
60	-1	0.030165
60	-0.9	0.039543
60	-0.8	0.049776
60	-0.7	0.053444
60	-0.6	0.058458
60	-0.5	0.059106
60	-0.4	0.055799
60	-0.3	0.050004
60	-0.2	0.042357
60	-0.1	0.033884
60	0	0.024266
60	0.1	0.020941
60	0.2	0.017103
60	0.3	0.014165
60	0.4	0.013413
60	0.5	0.016721
60	0.6	0.022993
60	0.7	0.027206
60	0.8	0.036436
60	0.9	0.043153
60	1	0.047763
60	1.1	0.048616
60	1.2	0.047356
60	1.3	0.045187
60	1.4	0.041355
60	1.5	0.036793
60	1.6	0.033561
60	1.7	0.032022
60	1.8	0.031602
60	1.9	0.031849
60	2	0.031808
60	2.1	0.030897
60	2.2	0.030396
60	2.3	0.028738
60	2.4	0.026548
60	2.5	0.024598
60	2.6	0.022188
60	2.7	0.019857
60	2.8	0.018275
60	2.9	0.016206
60	3	0.012927
60	3.1	0.011951
60	3.2	0.010092
60	3.3	0.0088113
60	3.4	0.0085089
60	3.5	0.0084747
60	3.6	0.0086968
60	3.7	0.0088534
60	3.8	0.008488
60	3.9	0.0079837
60	4	0.0082583
70	-4	0.0050404
70	-3.9	0.0058699
70	-3.8	0.0069514
70	-3.7	0.0080482
70	-3.6	0.0086278
70	-3.5	0.0079776
70	-3.4	0.0068152
70	-3.3	0.0057531
70	-3.2	0.0062564
70	-3.1	0.0071689
70	-3	0.010403
70	-2.9	0.011288
70	-2.8	0.012103
70	-2.7	0.011885
70	-2.6	0.012079
70	-2.5	0.013534
70	-2.4	0.01652
70	-2.3	0.020974
70	-2.2	0.023688
70	-2.1	0.026028
70	-2	0.027254
70	-1.9	0.02843
70	-1.8	0.028922
70	-1.7	0.029821
70	-1.6	0.030859
70	-1.5	0.030735
70	-1.4	0.029206
70	-1.3	0.02734
70	-1.2	0.025991
70	-1.1	0.026649
70	-1	0.031369
70	-0.9	0.036792
70	-0.8	0.045903
70	-0.7	0.052997
70	-0.6	0.056498
70	-0.5	0.057544
70	-0.4	0.054763
70	-0.3	0.050602
70	-0.2	0.043976
70	-0.1	0.03275
70	0	0.028504
70	0.1	0.022553
70	0.2	0.018353
70	0.3	0.016803
70	0.4	0.015756
70	0.5	0.016918
70	0.6	0.020836
70	0.7	0.027091
70	0.8	0.033842
70	0.9	0.042378
70	1	0.04656
70	1.1	0.048563
70	1.2	0.048867
70	1.3	0.046952
70	1.4	0.045343
70	1.5	0.041761
70	1.6	0.03896
70	1.7	0.036894
70	1.8	0.036057
70	1.9	0.034981
70	2	0.033893
70	2.1	0.033324
70	2.2	0.033769
70	2.3	0.03438
70	2.4	0.034023
70	2.5	0.03218
70	2.6	0.029174
70	2.7	0.026148
70	2.8	0.023065
70	2.9	0.018114
70	3	0.016736
70	3.1	0.014944
70	3.2	0.014334
70	3.3	0.013205
70	3.4	0.012019
70	3.5	0.010642
70	3.6	0.0099825
70	3.7	0.0090484
70	3.8	0.0081142
70	3.9	0.0077537
70	4	0.0077828
80	-4	0.006635
80	-3.9	0.0054383
80	-3.8	0.0048107
80	-3.7	0.0050787
80	-3.6	0.0054768
80	-3.5	0.0071168
80	-3.4	0.0073338
80	-3.3	0.006517
80	-3.2	0.0061836
80	-3.1	0.0057334
80	-3	0.0071981
80	-2.9	0.010449
80	-2.8	0.012391
80	-2.7	0.013063
80	-2.6	0.013442
80	-2.5	0.013051
80	-2.4	0.014736
80	-2.3	0.017816
80	-2.2	0.022488
80	-2.1	0.026903
80	-2	0.030536
80	-1.9	0.032274
80	-1.8	0.03258
80	-1.7	0.031273
80	-1.6	0.030144
80	-1.5	0.02907
80	-1.4	0.029004
80	-1.3	0.028994
80	-1.2	0.029023
80	-1.1	0.028783
80	-1	0.02974
80	-0.9	0.033046
80	-0.8	0.040083
80	-0.7	0.045365
80	-0.6	0.052852
80	-0.5	0.05602
80	-0.4	0.055636
80	-0.3	0.051408
80	-0.2	0.049276
80	-0.1	0.042136
80	0	0.034392
80	0.1	0.027384
80	0.2	0.020894
80	0.3	0.019069
80	0.4	0.016364
80	0.5	0.015577
80	0.6	0.019088
80	0.7	0.026046
80	0.8	0.033547
80	0.9	0.042578
80	1	0.047068
80	1.1	0.0517
80	1.2	0.051851
80	1.3	0.050827
80	1.4	0.048842
80	1.5	0.044945
80	1.6	0.039685
80	1.7	0.03786
80	1.8	0.036789
80	1.9	0.036619
80	2	0.036483
80	2.1	0.035884
80	2.2	0.035985
80	2.3	0.034779
80	2.4	0.032839
80	2.5	0.029569
80	2.6	0.027528
80	2.7	0.025805
80	2.8	0.023808
80	2.9	0.022072
80	3	0.020324
80	3.1	0.018459
80	3.2	0.01542
80	3.3	0.01359
80	3.4	0.010358
80	3.5	0.010186
80	3.6	0.010967
80	3.7	0.011658
80	3.8	0.011416
80	3.9	0.010664
80	4	0.010097
90	-4	0.0055849
90	-3.9	0.0057278
90	-3.8	0.0061259
90	-3.7	0.0056396
90	-3.6	0.006006
90	-3.5	0.0067245
90	-3.4	0.0067413
90	-3.3	0.0069839
90	-3.2	0.0075102
90	-3.1	0.0079817
90	-3	0.0087984
90	-2.9	0.0095658
90	-2.8	0.0099582
90	-2.7	0.011272
90	-2.6	0.012957
90	-2.5	0.014527
90	-2.4	0.017812
90	-2.3	0.019363
90	-2.2	0.023127
90	-2.1	0.024965
90	-2	0.027109
90	-1.9	0.02773
90	-1.8	0.027864
90	-1.7	0.028533
90	-1.6	0.029068
90	-1.5	0.029815
90	-1.4	0.029525
90	-1.3	0.028387
90	-1.2	0.026739
90	-1.1	0.024824
90	-1	0.025723
90	-0.9	0.030346
90	-0.8	0.034854
90	-0.7	0.042526
90	-0.6	0.051444
90	-0.5	0.054115
90	-0.4	0.055013
90	-0.3	0.053404
90	-0.2	0.048181
90	-0.1	0.04431
90	0	0.033958
90	0.1	0.029628
90	0.2	0.023029
90	0.3	0.0212
90	0.4	0.018335
90	0.5	0.017461
90	0.6	0.018925
90	0.7	0.022148
90	0.8	0.026282
90	0.9	0.035757
90	1	0.043835
90	1.1	0.047553
90	1.2	0.050621
90	1.3	0.052441
90	1.4	0.05136
90	1.5	0.046885
90	1.6	0.044937
90	1.7	0.041494
90	1.8	0.038566
90	1.9	0.038071
90	2	0.038151
90	2.1	0.039132
90	2.2	0.039715
90	2.3	0.039794
90	2.4	0.037489
90	2.5	0.035606
90	2.6	0.034088
90	2.7	0.032202
90	2.8	0.030372
90	2.9	0.027607
90	3	0.025258
90	3.1	0.02176
90	3.2	0.019777
90	3.3	0.016771
90	3.4	0.014138
90	3.5	0.012922
90	3.6	0.012374
90	3.7	0.012299
90	3.8	0.011632
90	3.9	0.011409
90	4	0.010982
100	-4	0.0065319
100	-3.9	0.0060006
100	-3.8	0.0057755
100	-3.7	0.0056966
100	-3.6	0.0058368
100	-3.5	0.0065812
100	-3.4	0.0075509
100	-3.3	0.008146
100	-3.2	0.0086502
100	-3.1	0.0088497
100	-3	0.0088131
100	-2.9	0.0081975
100	-2.8	0.0085657
100	-2.7	0.0096164
100	-2.6	0.011284
100	-2.5	0.014037
100	-2.4	0.016342
100	-2.3	0.019674
100	-2.2	0.021835
100	-2.1	0.022987
100	-2	0.025071
100	-1.9	0.02678
100	-1.8	0.027366
100	-1.7	0.028295
100	-1.6	0.02948
100	-1.5	0.030091
100	-1.4	0.030191
100	-1.3	0.029304
100	-1.2	0.027631
100	-1.1	0.02632
100	-1	0.027354
100	-0.9	0.03052
100	-0.8	0.037714
100	-0.7	0.040663
100	-0.6	0.048139
100	-0.5	0.052665
100	-0.4	0.054998
100	-0.3	0.053769
100	-0.2	0.050874
100	-0.1	0.044608
100	0	0.0369
100	0.1	0.029998
100	0.2	0.025502
100	0.3	0.021005
100	0.4	0.018205
100	0.5	0.017726
100	0.6	0.018509
100	0.7	0.023318
100	0.8	0.028854
100	0.9	0.03812
100	1	0.043005
100	1.1	0.049497
100	1.2	0.051729
100	1.3	0.053032
100	1.4	0.052374
100	1.5	0.049024
100	1.6	0.046066
100	1.7	0.043664
100	1.8	0.041907
100	1.9	0.040495
100	2	0.039509
100	2.1	0.039481
100	2.2	0.040467
100	2.3	0.040994
100	2.4	0.040824
100	2.5	0.0397
100	2.6	0.036968
100	2.7	0.034107
100	2.8	0.030982
100	2.9	0.026634
100	3	0.022225
100	3.1	0.020038
100	3.2	0.018757
100	3.3	0.01748
100	3.4	0.014849
100	3.5	0.012996
100	3.6	0.011388
100	3.7	0.010724
100	3.8	0.010336
100	3.9	0.011002
100	4	0.011582
110	-4	0.0061285
110	-3.9	0.0053333
110	-3.8	0.0045942
110	-3.7	0.0052292
110	-3.6	0.0063309
110	-3.5	0.0076909
110	-3.4	0.0089658
110	-3.3	0.0084269
110	-3.2	0.007347
110	-3.1	0.0065689
110	-3	0.0074972
110	-2.9	0.0090376
110	-2.8	0.010529
110	-2.7	0.01154
110	-2.6	0.01218
110	-2.5	0.012513
110	-2.4	0.014213
110	-2.3	0.016174
110	-2.2	0.020277
110	-2.1	0.024422
110	-2	0.02735
110	-1.9	0.028706
110	-1.8	0.028445
110	-1.7	0.027583
110	-1.6	0.027348
110	-1.5	0.027426
110	-1.4	0.027936
110	-1.3	0.028691
110	-1.2	0.02837
110	-1.1	0.026785
110	-1	0.025
110	-0.9	0.024793
110	-0.8	0.030124
110	-0.7	0.036757
110	-0.6	0.044217
110	-0.5	0.05058
110	-0.4	0.054176
110	-0.3	0.05409
110	-0.2	0.051175
110	-0.1	0.044122
110	0	0.035952
110	0.1	0.032149
110	0.2	0.024242
110	0.3	0.019742
110	0.4	0.017439
110	0.5	0.016538
110	0.6	0.017379
110	0.7	0.022218
110	0.8	0.030136
110	0.9	0.037138
110	1	0.045252
110	1.1	0.051672
110	1.2	0.053751
110	1.3	0.054698
110	1.4	0.052984
110	1.5	0.048605
110	1.6	0.042142
110	1.7	0.040584
110	1.8	0.036098
110	1.9	0.035343
110	2	0.035415
110	2.1	0.037268
110	2.2	0.038314
110	2.3	0.039148
110	2.4	0.038276
110	2.5	0.036483
110	2.6	0.033929
110	2.7	0.031562
110	2.8	0.029967
110	2.9	0.026843
110	3	0.02533
110	3.1	0.02395
110	3.2	0.021829
110	3.3	0.01803
110	3.4	0.014686
110	3.5	0.012682
110	3.6	0.012096
110	3.7	0.012532
110	3.8	0.012567
110	3.9	0.012694
110	4	0.01219
120	-4	0.0066811
120	-3.9	0.0069954
120	-3.8	0.0065021
120	-3.7	0.0055267
120	-3.6	0.0058312
120	-3.5	0.0063716
120	-3.4	0.0076846
120	-3.3	0.0084038
120	-3.2	0.0074518
120	-3.1	0.0063589
120	-3	0.006295
120	-2.9	0.0081817
120	-2.8	0.010739
120	-2.7	0.012704
120	-2.6	0.013633
120	-2.5	0.013106
120	-2.4	0.012254
120	-2.3	0.013642
120	-2.2	0.016414
120	-2.1	0.02186
120	-2	0.025606
120	-1.9	0.028936
120	-1.8	0.030081
120	-1.7	0.029932
120	-1.6	0.029555
120	-1.5	0.029485
120	-1.4	0.029567
120	-1.3	0.03032
120	-1.2	0.030362
120	-1.1	0.029756
120	-1	0.027059
120	-0.9	0.026563
120	-0.8	0.030372
120	-0.7	0.035697
120	-0.6	0.042044
120	-0.5	0.048715
120	-0.4	0.05243
120	-0.3	0.053161
120	-0.2	0.05142
120	-0.1	0.044933
120	0	0.037934
120	0.1	0.030968
120	0.2	0.025533
120	0.3	0.020487
120	0.4	0.017027
120	0.5	0.016183
120	0.6	0.017617
120	0.7	0.022958
120	0.8	0.03022
120	0.9	0.035774
120	1	0.04889
120	1.1	0.052925
120	1.2	0.056235
120	1.3	0.056851
120	1.4	0.055451
120	1.5	0.051667
120	1.6	0.047043
120	1.7	0.042946
120	1.8	0.039947
120	1.9	0.038023
120	2	0.036445
120	2.1	0.037208
120	2.2	0.038581
120	2.3	0.038987
120	2.4	0.038204
120	2.5	0.037402
120	2.6	0.034116
120	2.7	0.030617
120	2.8	0.027486
120	2.9	0.024543
120	3	0.021889
120	3.1	0.021083
120	3.2	0.020258
120	3.3	0.017069
120	3.4	0.013359
120	3.5	0.011537
120	3.6	0.0097698
120	3.7	0.0091478
120	3.8	0.010309
120	3.9	0.011222
120	4	0.012442
130	-4	0.0067819
130	-3.9	0.0060462
130	-3.8	0.0050532
130	-3.7	0.0048675
130	-3.6	0.0070139
130	-3.5	0.0087524
130	-3.4	0.0095945
130	-3.3	0.010186
130	-3.2	0.0090929
130	-3.1	0.0066228
130	-3	0.0054204
130	-2.9	0.0071801
130	-2.8	0.0090876
130	-2.7	0.012508
130	-2.6	0.013969
130	-2.5	0.0144
130	-2.4	0.013534
130	-2.3	0.013573
130	-2.2	0.016573
130	-2.1	0.019396
130	-2	0.023395
130	-1.9	0.026025
130	-1.8	0.028515
130	-1.7	0.028836
130	-1.6	0.028875
130	-1.5	0.028873
130	-1.4	0.029337
130	-1.3	0.030368
130	-1.2	0.030593
130	-1.1	0.029872
130	-1	0.027469
130	-0.9	0.02653
130	-0.8	0.026474
130	-0.7	0.029895
130	-0.6	0.036841
130	-0.5	0.046684
130	-0.4	0.051817
130	-0.3	0.052813
130	-0.2	0.051608
130	-0.1	0.045911
130	0	0.038691
130	0.1	0.030196
130	0.2	0.025157
130	0.3	0.019559
130	0.4	0.016873
130	0.5	0.015683
130	0.6	0.016761
130	0.7	0.020221
130	0.8	0.031715
130	0.9	0.036058
130	1	0.046056
130	1.1	0.053095
130	1.2	0.05531
130	1.3	0.055651
130	1.4	0.053611
130	1.5	0.049518
130	1.6	0.044791
130	1.7	0.041321
130	1.8	0.03995
130	1.9	0.038021
130	2	0.036892
130	2.1	0.036775
130	2.2	0.036309
130	2.3	0.035805
130	2.4	0.034212
130	2.5	0.03306
130	2.6	0.032099
130	2.7	0.030398
130	2.8	0.028158
130	2.9	0.024381
130	3	0.020562
130	3.1	0.017665
130	3.2	0.014508
130	3.3	0.011485
130	3.4	0.010407
130	3.5	0.010677
130	3.6	0.010426
130	3.7	0.00968
130	3.8	0.0093384
130	3.9	0.0080482
130	4	0.0078982
140	-4	0.0070986
140	-3.9	0.0066569
140	-3.8	0.0067485
140	-3.7	0.0080803
140	-3.6	0.0092637
140	-3.5	0.010246
140	-3.4	0.010146
140	-3.3	0.0096834
140	-3.2	0.0083653
140	-3.1	0.0076403
140	-3	0.0085089
140	-2.9	0.010592
140	-2.8	0.01154
140	-2.7	0.012674
140	-2.6	0.012819
140	-2.5	0.011993
140	-2.4	0.012052
140	-2.3	0.013587
140	-2.2	0.016239
140	-2.1	0.021576
140	-2	0.023437
140	-1.9	0.025411
140	-1.8	0.026873
140	-1.7	0.027251
140	-1.6	0.027985
140	-1.5	0.028731
140	-1.4	0.031302
140	-1.3	0.032038
140	-1.2	0.032889
140	-1.1	0.031308
140	-1	0.02764
140	-0.9	0.026499
140	-0.8	0.027287
140	-0.7	0.031859
140	-0.6	0.038061
140	-0.5	0.044733
140	-0.4	0.049423
140	-0.3	0.050487
140	-0.2	0.049638
140	-0.1	0.04553
140	0	0.040753
140	0.1	0.032397
140	0.2	0.025339
140	0.3	0.020039
140	0.4	0.017347
140	0.5	0.016921
140	0.6	0.018743
140	0.7	0.024232
140	0.8	0.027637
140	0.9	0.037413
140	1	0.042429
140	1.1	0.050807
140	1.2	0.054733
140	1.3	0.054754
140	1.4	0.052953
140	1.5	0.050301
140	1.6	0.045677
140	1.7	0.042063
140	1.8	0.039968
140	1.9	0.038111
140	2	0.037553
140	2.1	0.037616
140	2.2	0.037975
140	2.3	0.03806
140	2.4	0.036761
140	2.5	0.035714
140	2.6	0.033499
140	2.7	0.029676
140	2.8	0.028027
140	2.9	0.023203
140	3	0.020301
140	3.1	0.018905
140	3.2	0.016262
140	3.3	0.013975
140	3.4	0.011833
140	3.5	0.010362
140	3.6	0.0095776
140	3.7	0.0094929
140	3.8	0.0093349
140	3.9	0.0092059
140	4	0.0095523
150	-4	0.0077683
150	-3.9	0.0075574
150	-3.8	0.0070895
150	-3.7	0.0069211
150	-3.6	0.0070781
150	-3.5	0.0080422
150	-3.4	0.008973
150	-3.3	0.0097764
150	-3.2	0.010057
150	-3.1	0.0096147
150	-3	0.0095048
150	-2.9	0.010424
150	-2.8	0.010942
150	-2.7	0.012329
150	-2.6	0.013039
150	-2.5	0.012813
150	-2.4	0.01251
150	-2.3	0.01322
150	-2.2	0.016873
150	-2.1	0.022903
150	-2	0.026357
150	-1.9	0.028326
150	-1.8	0.029217
150	-1.7	0.030297
150	-1.6	0.031081
150	-1.5	0.032256
150	-1.4	0.033863
150	-1.3	0.035816
150	-1.2	0.03594
150	-1.1	0.032836
150	-1	0.030986
150	-0.9	0.028162
150	-0.8	0.028573
150	-0.7	0.031176
150	-0.6	0.037344
150	-0.5	0.046596
150	-0.4	0.049485
150	-0.3	0.050891
150	-0.2	0.048645
150	-0.1	0.044562
150	0	0.036656
150	0.1	0.031569
150	0.2	0.025436
150	0.3	0.02047
150	0.4	0.018324
150	0.5	0.018192
150	0.6	0.019823
150	0.7	0.024663
150	0.8	0.03101
150	0.9	0.041391
150	1	0.045229
150	1.1	0.049675
150	1.2	0.05371
150	1.3	0.053865
150	1.4	0.052178
150	1.5	0.04871
150	1.6	0.043112
150	1.7	0.039744
150	1.8	0.03652
150	1.9	0.036073
150	2	0.036201
150	2.1	0.037177
150	2.2	0.037689
150	2.3	0.037593
150	2.4	0.035983
150	2.5	0.034812
150	2.6	0.031714
150	2.7	0.029353
150	2.8	0.026406
150	2.9	0.024715
150	3	0.022378
150	3.1	0.019459
150	3.2	0.016726
150	3.3	0.014303
150	3.4	0.011262
150	3.5	0.010296
150	3.6	0.010002
150	3.7	0.010102
150	3.8	0.010245
150	3.9	0.010026
150	4	0.0098308
160	-4	0.0072071
160	-3.9	0.0065021
160	-3.8	0.0058201
160	-3.7	0.0068719
160	-3.6	0.0083071
160	-3.5	0.0091672
160	-3.4	0.0087782
160	-3.3	0.0075531
160	-3.2	0.0066204
160	-3.1	0.0080181
160	-3	0.010279
160	-2.9	0.012413
160	-2.8	0.013925
160	-2.7	0.013577
160	-2.6	0.01151
160	-2.5	0.0082993
160	-2.4	0.0084785
160	-2.3	0.013903
160	-2.2	0.019346
160	-2.1	0.022634
160	-2	0.025422
160	-1.9	0.025623
160	-1.8	0.024564
160	-1.7	0.024565
160	-1.6	0.026714
160	-1.5	0.032451
160	-1.4	0.037788
160	-1.3	0.040344
160	-1.2	0.039566
160	-1.1	0.036209
160	-1	0.030422
160	-0.9	0.027307
160	-0.8	0.030062
160	-0.7	0.036009
160	-0.6	0.044392
160	-0.5	0.049823
160	-0.4	0.054888
160	-0.3	0.055103
160	-0.2	0.04903
160	-0.1	0.042034
160	0	0.035098
160	0.1	0.026856
160	0.2	0.021451
160	0.3	0.016323
160	0.4	0.015742
160	0.5	0.017899
160	0.6	0.020978
160	0.7	0.02698
160	0.8	0.035024
160	0.9	0.0431
160	1	0.050567
160	1.1	0.053097
160	1.2	0.054724
160	1.3	0.053684
160	1.4	0.051201
160	1.5	0.047189
160	1.6	0.042155
160	1.7	0.038658
160	1.8	0.036138
160	1.9	0.035043
160	2	0.033857
160	2.1	0.034007
160	2.2	0.034418
160	2.3	0.034693
160	2.4	0.033842
160	2.5	0.032554
160	2.6	0.030927
160	2.7	0.028608
160	2.8	0.024236
160	2.9	0.022497
160	3	0.019888
160	3.1	0.01755
160	3.2	0.015447
160	3.3	0.013552
160	3.4	0.011587
160	3.5	0.010268
160	3.6	0.0097945
160	3.7	0.0089874
160	3.8	0.0087005
160	3.9	0.0090323
160	4	0.0095201
170	-4	0.0089206
170	-3.9	0.0073492
170	-3.8	0.0067772
170	-3.7	0.0081836
170	-3.6	0.010073
170	-3.5	0.011737
170	-3.4	0.012622
170	-3.3	0.011795
170	-3.2	0.011018
170	-3.1	0.010007
170	-3	0.010443
170	-2.9	0.012013
170	-2.8	0.012933
170	-2.7	0.01378
170	-2.6	0.012911
170	-2.5	0.011093
170	-2.4	0.011656
170	-2.3	0.014312
170	-2.2	0.019372
170	-2.1	0.023922
170	-2	0.026712
170	-1.9	0.027419
170	-1.8	0.027072
170	-1.7	0.027392
170	-1.6	0.02914
170	-1.5	0.032608
170	-1.4	0.035476
170	-1.3	0.037228
170	-1.2	0.037209
170	-1.1	0.034056
170	-1	0.029088
170	-0.9	0.027802
170	-0.8	0.02893
170	-0.7	0.034528
170	-0.6	0.043868
170	-0.5	0.049487
170	-0.4	0.053708
170	-0.3	0.053346
170	-0.2	0.049865
170	-0.1	0.0448
170	0	0.035086
170	0.1	0.028659
170	0.2	0.023307
170	0.3	0.019211
170	0.4	0.017264
170	0.5	0.018013
170	0.6	0.020824
170	0.7	0.026213
170	0.8	0.034628
170	0.9	0.039509
170	1	0.049288
170	1.1	0.053637
170	1.2	0.055786
170	1.3	0.055413
170	1.4	0.053263
170	1.5	0.047095
170	1.6	0.044389
170	1.7	0.039825
170	1.8	0.038167
170	1.9	0.036262
170	2	0.036698
170	2.1	0.037486
170	2.2	0.038273
170	2.3	0.038081
170	2.4	0.036341
170	2.5	0.033802
170	2.6	0.031403
170	2.7	0.027347
170	2.8	0.024748
170	2.9	0.022293
170	3	0.019452
170	3.1	0.017446
170	3.2	0.015233
170	3.3	0.013216
170	3.4	0.011011
170	3.5	0.010216
170	3.6	0.0094331
170	3.7	0.0093107
170	3.8	0.0097747
170	3.9	0.010486
170	4	0.010897
180	-4	0.0082681
180	-3.9	0.0086838
180	-3.8	0.008846
180	-3.7	0.0094827
180	-3.6	0.010875
180	-3.5	0.011419
180	-3.4	0.011329
180	-3.3	0.010739
180	-3.2	0.010039
180	-3.1	0.010323
180	-3	0.011389
180	-2.9	0.012469
180	-2.8	0.012963
180	-2.7	0.012993
180	-2.6	0.011661
180	-2.5	0.010817
180	-2.4	0.01183
180	-2.3	0.015004
180	-2.2	0.018354
180	-2.1	0.020996
180	-2	0.024647
180	-1.9	0.02642
180	-1.8	0.028351
180	-1.7	0.030122
180	-1.6	0.032325
180	-1.5	0.03435
180	-1.4	0.037122
180	-1.3	0.037968
180	-1.2	0.036514
180	-1.1	0.034124
180	-1	0.029524
180	-0.9	0.029597
180	-0.8	0.033661
180	-0.7	0.039021
180	-0.6	0.045921
180	-0.5	0.051946
180	-0.4	0.053584
180	-0.3	0.052428
180	-0.2	0.0487
180	-0.1	0.042633
180	0	0.036379
180	0.1	0.029442
180	0.2	0.023124
180	0.3	0.017916
180	0.4	0.016799
180	0.5	0.018165
180	0.6	0.022433
180	0.7	0.030609
180	0.8	0.035311
180	0.9	0.045958
180	1	0.049642
180	1.1	0.053632
180	1.2	0.055599
180	1.3	0.054737
180	1.4	0.05245
180	1.5	0.048995
180	1.6	0.043964
180	1.7	0.04032
180	1.8	0.038612
180	1.9	0.037696
180	2	0.037567
180	2.1	0.037753
180	2.2	0.037636
180	2.3	0.036072
180	2.4	0.033554
180	2.5	0.030652
180	2.6	0.028793
180	2.7	0.026464
180	2.8	0.023228
180	2.9	0.020534
180	3	0.018275
180	3.1	0.016319
180	3.2	0.013692
180	3.3	0.012142
180	3.4	0.010936
180	3.5	0.010034
180	3.6	0.010376
180	3.7	0.0097532
180	3.8	0.0098914
180	3.9	0.0099322
180	4	0.0096767
 
Uniformity Ratio =0.52361
