09-Jan-2018
10:7
TXR  008046 RM428 R24
33511B Function Generator
SN =Agilent Technologies,33511B,MY52301476,3.05-1.19-2.00-52-00
freq =+9.330000000000000E+06
burstmode =TRIG
burstN =+6.000000000000000E+01
voltage =+1.5000000000000E-01
 
DSO-X 2022A Oscilloscope
SN =AGILENT TECHNOLOGIES,DSO-X 2022A,MY54310921,02.41.2015102200
probe =+1.0000000E+00
scale =+500.0E-09
position =+19.900000E-06
range =+1.60E+00
units =VOLT
points =+2000
pointmode =NORM
format =BYTE
acqtype =NORM
trigsource =EXT
coupling =AC
 
-180	-4	0.0071531
-180	-3.9	0.009234
-180	-3.8	0.011519
-180	-3.7	0.013297
-180	-3.6	0.01326
-180	-3.5	0.01214
-180	-3.4	0.010974
-180	-3.3	0.0096046
-180	-3.2	0.010621
-180	-3.1	0.011601
-180	-3	0.013827
-180	-2.9	0.013904
-180	-2.8	0.012535
-180	-2.7	0.010181
-180	-2.6	0.0076867
-180	-2.5	0.0099922
-180	-2.4	0.014006
-180	-2.3	0.018611
-180	-2.2	0.022173
-180	-2.1	0.025784
-180	-2	0.027014
-180	-1.9	0.030989
-180	-1.8	0.03447
-180	-1.7	0.037502
-180	-1.6	0.041296
-180	-1.5	0.041793
-180	-1.4	0.040202
-180	-1.3	0.03349
-180	-1.2	0.025833
-180	-1.1	0.021413
-180	-1	0.021971
-180	-0.9	0.026079
-180	-0.8	0.037499
-180	-0.7	0.043861
-180	-0.6	0.051143
-180	-0.5	0.053753
-180	-0.4	0.053265
-180	-0.3	0.051033
-180	-0.2	0.043651
-180	-0.1	0.036968
-180	0	0.030675
-180	0.1	0.01987
-180	0.2	0.015575
-180	0.3	0.013317
-180	0.4	0.014015
-180	0.5	0.014586
-180	0.6	0.016258
-180	0.7	0.019062
-180	0.8	0.023373
-180	0.9	0.029179
-180	1	0.033501
-180	1.1	0.040169
-180	1.2	0.043843
-180	1.3	0.044595
-180	1.4	0.042999
-180	1.5	0.03831
-180	1.6	0.034509
-180	1.7	0.027382
-180	1.8	0.023748
-180	1.9	0.022838
-180	2	0.024002
-180	2.1	0.025338
-180	2.2	0.025069
-180	2.3	0.023585
-180	2.4	0.020597
-180	2.5	0.017954
-180	2.6	0.016478
-180	2.7	0.015616
-180	2.8	0.016462
-180	2.9	0.017648
-180	3	0.016756
-180	3.1	0.015021
-180	3.2	0.013056
-180	3.3	0.010632
-180	3.4	0.0088094
-180	3.5	0.008769
-180	3.6	0.009084
-180	3.7	0.0093574
-180	3.8	0.0096432
-180	3.9	0.0081441
-180	4	0.0066545
-170	-4	0.0094997
-170	-3.9	0.011332
-170	-3.8	0.012183
-170	-3.7	0.01262
-170	-3.6	0.012723
-170	-3.5	0.012076
-170	-3.4	0.011458
-170	-3.3	0.011298
-170	-3.2	0.012361
-170	-3.1	0.012644
-170	-3	0.012842
-170	-2.9	0.011559
-170	-2.8	0.010041
-170	-2.7	0.0087042
-170	-2.6	0.0085978
-170	-2.5	0.011213
-170	-2.4	0.015541
-170	-2.3	0.018212
-170	-2.2	0.021315
-170	-2.1	0.023392
-170	-2	0.025525
-170	-1.9	0.027885
-170	-1.8	0.033106
-170	-1.7	0.036319
-170	-1.6	0.038568
-170	-1.5	0.039682
-170	-1.4	0.037544
-170	-1.3	0.03237
-170	-1.2	0.02818
-170	-1.1	0.024029
-170	-1	0.025778
-170	-0.9	0.031726
-170	-0.8	0.039433
-170	-0.7	0.048537
-170	-0.6	0.053466
-170	-0.5	0.056103
-170	-0.4	0.054645
-170	-0.3	0.051044
-170	-0.2	0.043517
-170	-0.1	0.034788
-170	0	0.027632
-170	0.1	0.019987
-170	0.2	0.01512
-170	0.3	0.013415
-170	0.4	0.013783
-170	0.5	0.015899
-170	0.6	0.017474
-170	0.7	0.022073
-170	0.8	0.02746
-170	0.9	0.03105
-170	1	0.03728
-170	1.1	0.040236
-170	1.2	0.043838
-170	1.3	0.044056
-170	1.4	0.041227
-170	1.5	0.039621
-170	1.6	0.034958
-170	1.7	0.029819
-170	1.8	0.025567
-170	1.9	0.023644
-170	2	0.023332
-170	2.1	0.022709
-170	2.2	0.022234
-170	2.3	0.021372
-170	2.4	0.020412
-170	2.5	0.019732
-170	2.6	0.018048
-170	2.7	0.018076
-170	2.8	0.017452
-170	2.9	0.017025
-170	3	0.015251
-170	3.1	0.013167
-170	3.2	0.011632
-170	3.3	0.0097532
-170	3.4	0.0098554
-170	3.5	0.0090947
-170	3.6	0.0094211
-170	3.7	0.0095945
-170	3.8	0.0096817
-170	3.9	0.0085714
-170	4	0.0077994
-160	-4	0.0089079
-160	-3.9	0.0099711
-160	-3.8	0.011427
-160	-3.7	0.01122
-160	-3.6	0.01024
-160	-3.5	0.0096499
-160	-3.4	0.010124
-160	-3.3	0.011852
-160	-3.2	0.013602
-160	-3.1	0.01474
-160	-3	0.014439
-160	-2.9	0.012378
-160	-2.8	0.009725
-160	-2.7	0.009084
-160	-2.6	0.011996
-160	-2.5	0.01573
-160	-2.4	0.019351
-160	-2.3	0.021713
-160	-2.2	0.022513
-160	-2.1	0.02374
-160	-2	0.025165
-160	-1.9	0.02847
-160	-1.8	0.032897
-160	-1.7	0.037592
-160	-1.6	0.041083
-160	-1.5	0.041471
-160	-1.4	0.038887
-160	-1.3	0.033863
-160	-1.2	0.027752
-160	-1.1	0.025971
-160	-1	0.028636
-160	-0.9	0.035873
-160	-0.8	0.044866
-160	-0.7	0.04965
-160	-0.6	0.054922
-160	-0.5	0.056672
-160	-0.4	0.053494
-160	-0.3	0.049397
-160	-0.2	0.042197
-160	-0.1	0.037077
-160	0	0.02596
-160	0.1	0.021257
-160	0.2	0.017221
-160	0.3	0.015736
-160	0.4	0.015444
-160	0.5	0.016119
-160	0.6	0.019127
-160	0.7	0.0216
-160	0.8	0.026899
-160	0.9	0.029259
-160	1	0.034599
-160	1.1	0.041235
-160	1.2	0.043525
-160	1.3	0.044045
-160	1.4	0.041993
-160	1.5	0.038865
-160	1.6	0.034864
-160	1.7	0.030437
-160	1.8	0.027694
-160	1.9	0.026859
-160	2	0.026191
-160	2.1	0.025997
-160	2.2	0.02568
-160	2.3	0.024171
-160	2.4	0.021698
-160	2.5	0.020203
-160	2.6	0.018031
-160	2.7	0.018226
-160	2.8	0.018156
-160	2.9	0.017979
-160	3	0.017049
-160	3.1	0.015407
-160	3.2	0.013328
-160	3.3	0.011678
-160	3.4	0.0099436
-160	3.5	0.0094741
-160	3.6	0.0096867
-160	3.7	0.009695
-160	3.8	0.0088387
-160	3.9	0.0079228
-160	4	0.0070346
-150	-4	0.0094519
-150	-3.9	0.010543
-150	-3.8	0.010581
-150	-3.7	0.010044
-150	-3.6	0.0093384
-150	-3.5	0.0091831
-150	-3.4	0.009227
-150	-3.3	0.010008
-150	-3.2	0.01152
-150	-3.1	0.012835
-150	-3	0.013132
-150	-2.9	0.011734
-150	-2.8	0.0104
-150	-2.7	0.0091549
-150	-2.6	0.010395
-150	-2.5	0.014196
-150	-2.4	0.016659
-150	-2.3	0.019816
-150	-2.2	0.021343
-150	-2.1	0.022931
-150	-2	0.025426
-150	-1.9	0.02815
-150	-1.8	0.032136
-150	-1.7	0.035908
-150	-1.6	0.038391
-150	-1.5	0.039048
-150	-1.4	0.036991
-150	-1.3	0.033648
-150	-1.2	0.030083
-150	-1.1	0.027745
-150	-1	0.031372
-150	-0.9	0.037592
-150	-0.8	0.045664
-150	-0.7	0.052787
-150	-0.6	0.0556
-150	-0.5	0.057141
-150	-0.4	0.054631
-150	-0.3	0.049711
-150	-0.2	0.040386
-150	-0.1	0.033417
-150	0	0.023965
-150	0.1	0.01998
-150	0.2	0.015861
-150	0.3	0.014946
-150	0.4	0.015144
-150	0.5	0.017114
-150	0.6	0.020149
-150	0.7	0.023133
-150	0.8	0.026465
-150	0.9	0.033452
-150	1	0.037135
-150	1.1	0.041258
-150	1.2	0.043369
-150	1.3	0.044292
-150	1.4	0.042681
-150	1.5	0.041293
-150	1.6	0.036844
-150	1.7	0.030712
-150	1.8	0.028412
-150	1.9	0.025512
-150	2	0.024786
-150	2.1	0.024116
-150	2.2	0.023336
-150	2.3	0.023472
-150	2.4	0.021619
-150	2.5	0.020626
-150	2.6	0.018533
-150	2.7	0.01822
-150	2.8	0.017808
-150	2.9	0.016647
-150	3	0.015935
-150	3.1	0.014697
-150	3.2	0.013714
-150	3.3	0.011932
-150	3.4	0.0096315
-150	3.5	0.009
-150	3.6	0.0091071
-150	3.7	0.0088351
-150	3.8	0.0076825
-150	3.9	0.0074192
-150	4	0.0073007
-140	-4	0.0069816
-140	-3.9	0.0080603
-140	-3.8	0.0085714
-140	-3.7	0.0093902
-140	-3.6	0.0095743
-140	-3.5	0.0086949
-140	-3.4	0.0081421
-140	-3.3	0.0078222
-140	-3.2	0.0089405
-140	-3.1	0.010589
-140	-3	0.01176
-140	-2.9	0.012467
-140	-2.8	0.011821
-140	-2.7	0.011014
-140	-2.6	0.011743
-140	-2.5	0.013741
-140	-2.4	0.016501
-140	-2.3	0.019578
-140	-2.2	0.022792
-140	-2.1	0.02532
-140	-2	0.02736
-140	-1.9	0.031576
-140	-1.8	0.034689
-140	-1.7	0.036343
-140	-1.6	0.038119
-140	-1.5	0.038494
-140	-1.4	0.037021
-140	-1.3	0.033972
-140	-1.2	0.033733
-140	-1.1	0.033327
-140	-1	0.036683
-140	-0.9	0.040849
-140	-0.8	0.049304
-140	-0.7	0.056209
-140	-0.6	0.058621
-140	-0.5	0.060678
-140	-0.4	0.056932
-140	-0.3	0.05364
-140	-0.2	0.043622
-140	-0.1	0.0344
-140	0	0.026017
-140	0.1	0.018709
-140	0.2	0.01457
-140	0.3	0.013362
-140	0.4	0.014276
-140	0.5	0.016025
-140	0.6	0.019645
-140	0.7	0.02449
-140	0.8	0.029447
-140	0.9	0.033343
-140	1	0.0399
-140	1.1	0.043562
-140	1.2	0.044972
-140	1.3	0.046488
-140	1.4	0.046512
-140	1.5	0.043746
-140	1.6	0.040141
-140	1.7	0.034963
-140	1.8	0.03208
-140	1.9	0.027373
-140	2	0.025102
-140	2.1	0.02407
-140	2.2	0.024398
-140	2.3	0.023467
-140	2.4	0.02265
-140	2.5	0.021564
-140	2.6	0.018981
-140	2.7	0.017781
-140	2.8	0.015943
-140	2.9	0.013774
-140	3	0.012934
-140	3.1	0.012001
-140	3.2	0.011754
-140	3.3	0.010821
-140	3.4	0.0094622
-140	3.5	0.0082486
-140	3.6	0.0077994
-140	3.7	0.0076656
-140	3.8	0.0062305
-140	3.9	0.0057475
-140	4	0.005671
-130	-4	0.0071936
-130	-3.9	0.0087061
-130	-3.8	0.0096616
-130	-3.7	0.010774
-130	-3.6	0.010804
-130	-3.5	0.0097084
-130	-3.4	0.0096197
-130	-3.3	0.010137
-130	-3.2	0.010931
-130	-3.1	0.012496
-130	-3	0.013051
-130	-2.9	0.01279
-130	-2.8	0.012484
-130	-2.7	0.012436
-130	-2.6	0.014398
-130	-2.5	0.01716
-130	-2.4	0.019826
-130	-2.3	0.02225
-130	-2.2	0.024294
-130	-2.1	0.025914
-130	-2	0.026938
-130	-1.9	0.029088
-130	-1.8	0.031409
-130	-1.7	0.035186
-130	-1.6	0.037454
-130	-1.5	0.037649
-130	-1.4	0.035393
-130	-1.3	0.032158
-130	-1.2	0.031127
-130	-1.1	0.031751
-130	-1	0.035328
-130	-0.9	0.041934
-130	-0.8	0.049238
-130	-0.7	0.054798
-130	-0.6	0.059099
-130	-0.5	0.058649
-130	-0.4	0.055811
-130	-0.3	0.050476
-130	-0.2	0.03858
-130	-0.1	0.027966
-130	0	0.021557
-130	0.1	0.015048
-130	0.2	0.013961
-130	0.3	0.014544
-130	0.4	0.015588
-130	0.5	0.018936
-130	0.6	0.022622
-130	0.7	0.028857
-130	0.8	0.034581
-130	0.9	0.038774
-130	1	0.042987
-130	1.1	0.045488
-130	1.2	0.043997
-130	1.3	0.042502
-130	1.4	0.04121
-130	1.5	0.036939
-130	1.6	0.033608
-130	1.7	0.031159
-130	1.8	0.027782
-130	1.9	0.026337
-130	2	0.024738
-130	2.1	0.02241
-130	2.2	0.021115
-130	2.3	0.019799
-130	2.4	0.019535
-130	2.5	0.019534
-130	2.6	0.018967
-130	2.7	0.01895
-130	2.8	0.018346
-130	2.9	0.017627
-130	3	0.015201
-130	3.1	0.013376
-130	3.2	0.012208
-130	3.3	0.011847
-130	3.4	0.011138
-130	3.5	0.010905
-130	3.6	0.010545
-130	3.7	0.0094588
-130	3.8	0.0089043
-130	3.9	0.0076297
-130	4	0.0074083
-120	-4	0.0061863
-120	-3.9	0.0070964
-120	-3.8	0.0085298
-120	-3.7	0.0093799
-120	-3.6	0.009675
-120	-3.5	0.0083711
-120	-3.4	0.0074865
-120	-3.3	0.0083518
-120	-3.2	0.010135
-120	-3.1	0.010502
-120	-3	0.012122
-120	-2.9	0.01225
-120	-2.8	0.011592
-120	-2.7	0.011587
-120	-2.6	0.014257
-120	-2.5	0.017738
-120	-2.4	0.020959
-120	-2.3	0.023352
-120	-2.2	0.025357
-120	-2.1	0.02616
-120	-2	0.026099
-120	-1.9	0.028536
-120	-1.8	0.029602
-120	-1.7	0.034765
-120	-1.6	0.037538
-120	-1.5	0.038607
-120	-1.4	0.037651
-120	-1.3	0.034178
-120	-1.2	0.032667
-120	-1.1	0.032265
-120	-1	0.036695
-120	-0.9	0.043549
-120	-0.8	0.053998
-120	-0.7	0.059284
-120	-0.6	0.062037
-120	-0.5	0.059308
-120	-0.4	0.053768
-120	-0.3	0.048274
-120	-0.2	0.033724
-120	-0.1	0.024808
-120	0	0.017362
-120	0.1	0.013431
-120	0.2	0.013322
-120	0.3	0.014031
-120	0.4	0.01577
-120	0.5	0.019907
-120	0.6	0.023135
-120	0.7	0.031102
-120	0.8	0.035508
-120	0.9	0.039445
-120	1	0.043165
-120	1.1	0.045782
-120	1.2	0.045409
-120	1.3	0.044297
-120	1.4	0.040682
-120	1.5	0.035855
-120	1.6	0.032021
-120	1.7	0.030517
-120	1.8	0.027118
-120	1.9	0.025586
-120	2	0.023135
-120	2.1	0.022553
-120	2.2	0.021376
-120	2.3	0.020688
-120	2.4	0.019121
-120	2.5	0.018237
-120	2.6	0.017078
-120	2.7	0.015898
-120	2.8	0.015729
-120	2.9	0.015525
-120	3	0.014612
-120	3.1	0.014007
-120	3.2	0.01326
-120	3.3	0.011312
-120	3.4	0.010031
-120	3.5	0.0093124
-120	3.6	0.0091655
-120	3.7	0.008917
-120	3.8	0.0087947
-120	3.9	0.0080019
-120	4	0.007818
-110	-4	0.0073799
-110	-3.9	0.0082446
-110	-3.8	0.0084709
-110	-3.7	0.0084766
-110	-3.6	0.0085241
-110	-3.5	0.0084346
-110	-3.4	0.0094057
-110	-3.3	0.010912
-110	-3.2	0.011992
-110	-3.1	0.0125
-110	-3	0.012397
-110	-2.9	0.011787
-110	-2.8	0.011669
-110	-2.7	0.01336
-110	-2.6	0.016555
-110	-2.5	0.021121
-110	-2.4	0.022985
-110	-2.3	0.025207
-110	-2.2	0.025508
-110	-2.1	0.026801
-110	-2	0.027506
-110	-1.9	0.030665
-110	-1.8	0.032546
-110	-1.7	0.034728
-110	-1.6	0.036396
-110	-1.5	0.035237
-110	-1.4	0.034237
-110	-1.3	0.031957
-110	-1.2	0.031895
-110	-1.1	0.03666
-110	-1	0.042908
-110	-0.9	0.049311
-110	-0.8	0.055095
-110	-0.7	0.060496
-110	-0.6	0.059826
-110	-0.5	0.054909
-110	-0.4	0.049449
-110	-0.3	0.04129
-110	-0.2	0.032017
-110	-0.1	0.023751
-110	0	0.016929
-110	0.1	0.013625
-110	0.2	0.012848
-110	0.3	0.013271
-110	0.4	0.015868
-110	0.5	0.01817
-110	0.6	0.026412
-110	0.7	0.028911
-110	0.8	0.03686
-110	0.9	0.041958
-110	1	0.043917
-110	1.1	0.044775
-110	1.2	0.04432
-110	1.3	0.042736
-110	1.4	0.039767
-110	1.5	0.036477
-110	1.6	0.03362
-110	1.7	0.031182
-110	1.8	0.029051
-110	1.9	0.026485
-110	2	0.024298
-110	2.1	0.023278
-110	2.2	0.022311
-110	2.3	0.021672
-110	2.4	0.020925
-110	2.5	0.020812
-110	2.6	0.019983
-110	2.7	0.019284
-110	2.8	0.017329
-110	2.9	0.016542
-110	3	0.015457
-110	3.1	0.014466
-110	3.2	0.013576
-110	3.3	0.012354
-110	3.4	0.011662
-110	3.5	0.010638
-110	3.6	0.0099354
-110	3.7	0.0095167
-110	3.8	0.0085279
-110	3.9	0.0078449
-110	4	0.007737
-100	-4	0.0065492
-100	-3.9	0.0074951
-100	-3.8	0.0089224
-100	-3.7	0.0090036
-100	-3.6	0.0087394
-100	-3.5	0.0081757
-100	-3.4	0.0085714
-100	-3.3	0.0094588
-100	-3.2	0.011331
-100	-3.1	0.013306
-100	-3	0.013896
-100	-2.9	0.013461
-100	-2.8	0.013133
-100	-2.7	0.013627
-100	-2.6	0.018109
-100	-2.5	0.021507
-100	-2.4	0.024391
-100	-2.3	0.027811
-100	-2.2	0.028841
-100	-2.1	0.028899
-100	-2	0.029067
-100	-1.9	0.031066
-100	-1.8	0.033552
-100	-1.7	0.036663
-100	-1.6	0.037874
-100	-1.5	0.036336
-100	-1.4	0.033587
-100	-1.3	0.031728
-100	-1.2	0.032031
-100	-1.1	0.036389
-100	-1	0.042338
-100	-0.9	0.050765
-100	-0.8	0.059909
-100	-0.7	0.061907
-100	-0.6	0.06218
-100	-0.5	0.058338
-100	-0.4	0.050629
-100	-0.3	0.043859
-100	-0.2	0.029585
-100	-0.1	0.024006
-100	0	0.016322
-100	0.1	0.014306
-100	0.2	0.013754
-100	0.3	0.015874
-100	0.4	0.020311
-100	0.5	0.024693
-100	0.6	0.029346
-100	0.7	0.034639
-100	0.8	0.039774
-100	0.9	0.043503
-100	1	0.045268
-100	1.1	0.047958
-100	1.2	0.047571
-100	1.3	0.046138
-100	1.4	0.044487
-100	1.5	0.039824
-100	1.6	0.035516
-100	1.7	0.032559
-100	1.8	0.029469
-100	1.9	0.025944
-100	2	0.024563
-100	2.1	0.023838
-100	2.2	0.023726
-100	2.3	0.022835
-100	2.4	0.021772
-100	2.5	0.020485
-100	2.6	0.019428
-100	2.7	0.018693
-100	2.8	0.018446
-100	2.9	0.017373
-100	3	0.016278
-100	3.1	0.014588
-100	3.2	0.012569
-100	3.3	0.011074
-100	3.4	0.010127
-100	3.5	0.0099126
-100	3.6	0.01032
-100	3.7	0.0099061
-100	3.8	0.0097117
-100	3.9	0.0086484
-100	4	0.0084307
-90	-4	0.0066787
-90	-3.9	0.0078798
-90	-3.8	0.0092637
-90	-3.7	0.0092497
-90	-3.6	0.0083188
-90	-3.5	0.0072763
-90	-3.4	0.0082368
-90	-3.3	0.0092759
-90	-3.2	0.011916
-90	-3.1	0.013978
-90	-3	0.014295
-90	-2.9	0.013412
-90	-2.8	0.013082
-90	-2.7	0.014824
-90	-2.6	0.018365
-90	-2.5	0.02154
-90	-2.4	0.02585
-90	-2.3	0.029366
-90	-2.2	0.030033
-90	-2.1	0.029329
-90	-2	0.02977
-90	-1.9	0.031169
-90	-1.8	0.033945
-90	-1.7	0.036479
-90	-1.6	0.037573
-90	-1.5	0.036431
-90	-1.4	0.034494
-90	-1.3	0.032271
-90	-1.2	0.032523
-90	-1.1	0.037768
-90	-1	0.044967
-90	-0.9	0.052849
-90	-0.8	0.059717
-90	-0.7	0.061485
-90	-0.6	0.058938
-90	-0.5	0.055369
-90	-0.4	0.045502
-90	-0.3	0.039677
-90	-0.2	0.028102
-90	-0.1	0.019579
-90	0	0.015211
-90	0.1	0.014008
-90	0.2	0.015681
-90	0.3	0.018828
-90	0.4	0.022231
-90	0.5	0.027501
-90	0.6	0.031803
-90	0.7	0.037122
-90	0.8	0.041262
-90	0.9	0.045644
-90	1	0.048359
-90	1.1	0.047807
-90	1.2	0.048097
-90	1.3	0.046255
-90	1.4	0.043118
-90	1.5	0.03931
-90	1.6	0.034831
-90	1.7	0.031068
-90	1.8	0.029302
-90	1.9	0.026407
-90	2	0.025028
-90	2.1	0.023922
-90	2.2	0.023814
-90	2.3	0.023464
-90	2.4	0.021653
-90	2.5	0.02058
-90	2.6	0.019781
-90	2.7	0.019189
-90	2.8	0.018116
-90	2.9	0.017355
-90	3	0.017021
-90	3.1	0.015886
-90	3.2	0.014477
-90	3.3	0.012928
-90	3.4	0.011967
-90	3.5	0.012062
-90	3.6	0.011348
-90	3.7	0.011318
-90	3.8	0.010351
-90	3.9	0.0097896
-90	4	0.0087542
-80	-4	0.0069094
-80	-3.9	0.0077474
-80	-3.8	0.0085469
-80	-3.7	0.0091195
-80	-3.6	0.0087117
-80	-3.5	0.0080663
-80	-3.4	0.0079857
-80	-3.3	0.0097764
-80	-3.2	0.012244
-80	-3.1	0.014652
-80	-3	0.016406
-80	-2.9	0.017794
-80	-2.8	0.018084
-80	-2.7	0.018497
-80	-2.6	0.019888
-80	-2.5	0.022566
-80	-2.4	0.027833
-80	-2.3	0.030324
-80	-2.2	0.032643
-80	-2.1	0.033866
-80	-2	0.033678
-80	-1.9	0.03399
-80	-1.8	0.033486
-80	-1.7	0.034414
-80	-1.6	0.03392
-80	-1.5	0.034221
-80	-1.4	0.034765
-80	-1.3	0.034412
-80	-1.2	0.037209
-80	-1.1	0.042027
-80	-1	0.046529
-80	-0.9	0.053976
-80	-0.8	0.057899
-80	-0.7	0.059187
-80	-0.6	0.058983
-80	-0.5	0.055092
-80	-0.4	0.046933
-80	-0.3	0.039199
-80	-0.2	0.028054
-80	-0.1	0.020207
-80	0	0.016367
-80	0.1	0.014945
-80	0.2	0.016353
-80	0.3	0.01898
-80	0.4	0.022334
-80	0.5	0.026553
-80	0.6	0.033966
-80	0.7	0.040403
-80	0.8	0.04598
-80	0.9	0.050314
-80	1	0.052017
-80	1.1	0.053898
-80	1.2	0.053341
-80	1.3	0.050853
-80	1.4	0.046969
-80	1.5	0.043052
-80	1.6	0.040104
-80	1.7	0.033986
-80	1.8	0.031607
-80	1.9	0.029566
-80	2	0.027275
-80	2.1	0.026517
-80	2.2	0.026218
-80	2.3	0.024587
-80	2.4	0.024308
-80	2.5	0.022174
-80	2.6	0.021079
-80	2.7	0.019537
-80	2.8	0.017236
-80	2.9	0.015656
-80	3	0.01497
-80	3.1	0.015148
-80	3.2	0.014061
-80	3.3	0.013086
-80	3.4	0.011558
-80	3.5	0.010537
-80	3.6	0.0097034
-80	3.7	0.0085089
-80	3.8	0.0074518
-80	3.9	0.0074475
-80	4	0.008014
-70	-4	0.0080883
-70	-3.9	0.0085146
-70	-3.8	0.010326
-70	-3.7	0.0097565
-70	-3.6	0.0090698
-70	-3.5	0.0084594
-70	-3.4	0.0092968
-70	-3.3	0.011235
-70	-3.2	0.014176
-70	-3.1	0.015398
-70	-3	0.01641
-70	-2.9	0.016571
-70	-2.8	0.016755
-70	-2.7	0.01866
-70	-2.6	0.022854
-70	-2.5	0.025934
-70	-2.4	0.028792
-70	-2.3	0.03066
-70	-2.2	0.031759
-70	-2.1	0.031194
-70	-2	0.031316
-70	-1.9	0.030411
-70	-1.8	0.031138
-70	-1.7	0.032165
-70	-1.6	0.033
-70	-1.5	0.032838
-70	-1.4	0.032739
-70	-1.3	0.033724
-70	-1.2	0.036819
-70	-1.1	0.040344
-70	-1	0.047217
-70	-0.9	0.056239
-70	-0.8	0.059043
-70	-0.7	0.059874
-70	-0.6	0.05585
-70	-0.5	0.053167
-70	-0.4	0.043743
-70	-0.3	0.034778
-70	-0.2	0.025646
-70	-0.1	0.019353
-70	0	0.015672
-70	0.1	0.015524
-70	0.2	0.016642
-70	0.3	0.021072
-70	0.4	0.026897
-70	0.5	0.034095
-70	0.6	0.038154
-70	0.7	0.043562
-70	0.8	0.049565
-70	0.9	0.053952
-70	1	0.054867
-70	1.1	0.055185
-70	1.2	0.053044
-70	1.3	0.050525
-70	1.4	0.045418
-70	1.5	0.041471
-70	1.6	0.036991
-70	1.7	0.032922
-70	1.8	0.031252
-70	1.9	0.029511
-70	2	0.027522
-70	2.1	0.026867
-70	2.2	0.025841
-70	2.3	0.024006
-70	2.4	0.021566
-70	2.5	0.019682
-70	2.6	0.019284
-70	2.7	0.018248
-70	2.8	0.017234
-70	2.9	0.016757
-70	3	0.015692
-70	3.1	0.014743
-70	3.2	0.013325
-70	3.3	0.012199
-70	3.4	0.011011
-70	3.5	0.010926
-70	3.6	0.010337
-70	3.7	0.010522
-70	3.8	0.00968
-70	3.9	0.0093678
-70	4	0.0089061
-60	-4	0.0087782
-60	-3.9	0.01007
-60	-3.8	0.010292
-60	-3.7	0.010208
-60	-3.6	0.0091725
-60	-3.5	0.009618
-60	-3.4	0.011664
-60	-3.3	0.0138
-60	-3.2	0.016634
-60	-3.1	0.018327
-60	-3	0.01874
-60	-2.9	0.019102
-60	-2.8	0.02045
-60	-2.7	0.023285
-60	-2.6	0.027068
-60	-2.5	0.030964
-60	-2.4	0.032641
-60	-2.3	0.034137
-60	-2.2	0.033623
-60	-2.1	0.033402
-60	-2	0.033012
-60	-1.9	0.033831
-60	-1.8	0.034725
-60	-1.7	0.03495
-60	-1.6	0.034295
-60	-1.5	0.032487
-60	-1.4	0.032379
-60	-1.3	0.034829
-60	-1.2	0.038273
-60	-1.1	0.046568
-60	-1	0.051297
-60	-0.9	0.056281
-60	-0.8	0.059581
-60	-0.7	0.05692
-60	-0.6	0.05302
-60	-0.5	0.046322
-60	-0.4	0.039871
-60	-0.3	0.032498
-60	-0.2	0.026057
-60	-0.1	0.020395
-60	0	0.017493
-60	0.1	0.018349
-60	0.2	0.020671
-60	0.3	0.024262
-60	0.4	0.027898
-60	0.5	0.032443
-60	0.6	0.039449
-60	0.7	0.045284
-60	0.8	0.048352
-60	0.9	0.0531
-60	1	0.055546
-60	1.1	0.05473
-60	1.2	0.053434
-60	1.3	0.051358
-60	1.4	0.045506
-60	1.5	0.041161
-60	1.6	0.035927
-60	1.7	0.033378
-60	1.8	0.032628
-60	1.9	0.031223
-60	2	0.030815
-60	2.1	0.029139
-60	2.2	0.02762
-60	2.3	0.025134
-60	2.4	0.023475
-60	2.5	0.022688
-60	2.6	0.022408
-60	2.7	0.021939
-60	2.8	0.020996
-60	2.9	0.018365
-60	3	0.017532
-60	3.1	0.015626
-60	3.2	0.014125
-60	3.3	0.013699
-60	3.4	0.013525
-60	3.5	0.013628
-60	3.6	0.013261
-60	3.7	0.011828
-60	3.8	0.01098
-60	3.9	0.0095065
-60	4	0.0093089
-50	-4	0.0076846
-50	-3.9	0.0082407
-50	-3.8	0.0096231
-50	-3.7	0.010307
-50	-3.6	0.010372
-50	-3.5	0.010951
-50	-3.4	0.011848
-50	-3.3	0.012861
-50	-3.2	0.013792
-50	-3.1	0.014865
-50	-3	0.016152
-50	-2.9	0.018032
-50	-2.8	0.020573
-50	-2.7	0.023968
-50	-2.6	0.025737
-50	-2.5	0.028184
-50	-2.4	0.029126
-50	-2.3	0.030123
-50	-2.2	0.02949
-50	-2.1	0.030251
-50	-2	0.031714
-50	-1.9	0.032684
-50	-1.8	0.032341
-50	-1.7	0.031361
-50	-1.6	0.030683
-50	-1.5	0.029469
-50	-1.4	0.030212
-50	-1.3	0.033612
-50	-1.2	0.040028
-50	-1.1	0.046653
-50	-1	0.049803
-50	-0.9	0.054203
-50	-0.8	0.056056
-50	-0.7	0.05633
-50	-0.6	0.052115
-50	-0.5	0.044659
-50	-0.4	0.0376
-50	-0.3	0.03001
-50	-0.2	0.023633
-50	-0.1	0.019563
-50	0	0.0173
-50	0.1	0.017095
-50	0.2	0.020105
-50	0.3	0.02235
-50	0.4	0.028332
-50	0.5	0.035246
-50	0.6	0.041813
-50	0.7	0.047398
-50	0.8	0.049891
-50	0.9	0.053307
-50	1	0.054369
-50	1.1	0.054103
-50	1.2	0.053331
-50	1.3	0.050195
-50	1.4	0.04678
-50	1.5	0.041323
-50	1.6	0.039522
-50	1.7	0.035795
-50	1.8	0.033715
-50	1.9	0.031961
-50	2	0.030581
-50	2.1	0.028276
-50	2.2	0.026032
-50	2.3	0.024574
-50	2.4	0.022589
-50	2.5	0.022485
-50	2.6	0.021477
-50	2.7	0.021238
-50	2.8	0.019864
-50	2.9	0.01756
-50	3	0.014715
-50	3.1	0.013603
-50	3.2	0.013493
-50	3.3	0.01345
-50	3.4	0.012969
-50	3.5	0.012447
-50	3.6	0.012148
-50	3.7	0.010538
-50	3.8	0.009613
-50	3.9	0.0083304
-50	4	0.0095979
-40	-4	0.0094673
-40	-3.9	0.0095607
-40	-3.8	0.0088989
-40	-3.7	0.0080261
-40	-3.6	0.0076297
-40	-3.5	0.010326
-40	-3.4	0.013424
-40	-3.3	0.015042
-40	-3.2	0.016096
-40	-3.1	0.016116
-40	-3	0.015888
-40	-2.9	0.017033
-40	-2.8	0.0194
-40	-2.7	0.023509
-40	-2.6	0.026485
-40	-2.5	0.029772
-40	-2.4	0.031601
-40	-2.3	0.031721
-40	-2.2	0.03084
-40	-2.1	0.029272
-40	-2	0.029212
-40	-1.9	0.030721
-40	-1.8	0.032342
-40	-1.7	0.032851
-40	-1.6	0.030779
-40	-1.5	0.027499
-40	-1.4	0.027399
-40	-1.3	0.032793
-40	-1.2	0.038855
-40	-1.1	0.045606
-40	-1	0.051816
-40	-0.9	0.054572
-40	-0.8	0.056075
-40	-0.7	0.051798
-40	-0.6	0.049074
-40	-0.5	0.043594
-40	-0.4	0.035529
-40	-0.3	0.025936
-40	-0.2	0.020214
-40	-0.1	0.016459
-40	0	0.016104
-40	0.1	0.018993
-40	0.2	0.020009
-40	0.3	0.025019
-40	0.4	0.02968
-40	0.5	0.034465
-40	0.6	0.041238
-40	0.7	0.044813
-40	0.8	0.049416
-40	0.9	0.051599
-40	1	0.05362
-40	1.1	0.051892
-40	1.2	0.048462
-40	1.3	0.044996
-40	1.4	0.041599
-40	1.5	0.03768
-40	1.6	0.035132
-40	1.7	0.033139
-40	1.8	0.032565
-40	1.9	0.030186
-40	2	0.029083
-40	2.1	0.027604
-40	2.2	0.025265
-40	2.3	0.023806
-40	2.4	0.022777
-40	2.5	0.021938
-40	2.6	0.021573
-40	2.7	0.021592
-40	2.8	0.020186
-40	2.9	0.017927
-40	3	0.015277
-40	3.1	0.014045
-40	3.2	0.013957
-40	3.3	0.014099
-40	3.4	0.013617
-40	3.5	0.013357
-40	3.6	0.012571
-40	3.7	0.011657
-40	3.8	0.010654
-40	3.9	0.0095286
-40	4	0.0097846
-30	-4	0.0076466
-30	-3.9	0.0083401
-30	-3.8	0.0083071
-30	-3.7	0.0081955
-30	-3.6	0.0088442
-30	-3.5	0.010421
-30	-3.4	0.012019
-30	-3.3	0.012828
-30	-3.2	0.01423
-30	-3.1	0.014368
-30	-3	0.014388
-30	-2.9	0.014551
-30	-2.8	0.016298
-30	-2.7	0.020186
-30	-2.6	0.025253
-30	-2.5	0.026921
-30	-2.4	0.028236
-30	-2.3	0.028021
-30	-2.2	0.026574
-30	-2.1	0.026559
-30	-2	0.027253
-30	-1.9	0.028682
-30	-1.8	0.029133
-30	-1.7	0.028776
-30	-1.6	0.027497
-30	-1.5	0.026831
-30	-1.4	0.027648
-30	-1.3	0.031486
-30	-1.2	0.036191
-30	-1.1	0.041027
-30	-1	0.046834
-30	-0.9	0.052968
-30	-0.8	0.05439
-30	-0.7	0.052595
-30	-0.6	0.046822
-30	-0.5	0.041519
-30	-0.4	0.02967
-30	-0.3	0.025645
-30	-0.2	0.018048
-30	-0.1	0.01464
-30	0	0.013664
-30	0.1	0.015125
-30	0.2	0.019549
-30	0.3	0.023953
-30	0.4	0.028346
-30	0.5	0.033502
-30	0.6	0.040716
-30	0.7	0.045711
-30	0.8	0.049912
-30	0.9	0.05262
-30	1	0.053473
-30	1.1	0.052521
-30	1.2	0.048095
-30	1.3	0.045336
-30	1.4	0.042441
-30	1.5	0.038333
-30	1.6	0.034391
-30	1.7	0.032837
-30	1.8	0.031981
-30	1.9	0.031162
-30	2	0.028129
-30	2.1	0.026123
-30	2.2	0.024682
-30	2.3	0.02205
-30	2.4	0.019675
-30	2.5	0.018793
-30	2.6	0.018104
-30	2.7	0.017433
-30	2.8	0.016654
-30	2.9	0.015166
-30	3	0.013657
-30	3.1	0.012635
-30	3.2	0.011851
-30	3.3	0.011897
-30	3.4	0.011171
-30	3.5	0.010821
-30	3.6	0.010178
-30	3.7	0.010267
-30	3.8	0.0094314
-30	3.9	0.0088369
-30	4	0.0082583
-20	-4	0.0074453
-20	-3.9	0.0073865
-20	-3.8	0.0061758
-20	-3.7	0.0055267
-20	-3.6	0.0060033
-20	-3.5	0.0079085
-20	-3.4	0.011788
-20	-3.3	0.01339
-20	-3.2	0.014297
-20	-3.1	0.013087
-20	-3	0.011901
-20	-2.9	0.012409
-20	-2.8	0.014514
-20	-2.7	0.019137
-20	-2.6	0.022998
-20	-2.5	0.025145
-20	-2.4	0.026135
-20	-2.3	0.025434
-20	-2.2	0.02493
-20	-2.1	0.024766
-20	-2	0.024922
-20	-1.9	0.026128
-20	-1.8	0.026934
-20	-1.7	0.027493
-20	-1.6	0.027175
-20	-1.5	0.026634
-20	-1.4	0.026574
-20	-1.3	0.027831
-20	-1.2	0.037578
-20	-1.1	0.043604
-20	-1	0.047767
-20	-0.9	0.052509
-20	-0.8	0.05307
-20	-0.7	0.04908
-20	-0.6	0.042568
-20	-0.5	0.037724
-20	-0.4	0.026327
-20	-0.3	0.020896
-20	-0.2	0.014961
-20	-0.1	0.013254
-20	0	0.012976
-20	0.1	0.015219
-20	0.2	0.019067
-20	0.3	0.023144
-20	0.4	0.028987
-20	0.5	0.037058
-20	0.6	0.041159
-20	0.7	0.044542
-20	0.8	0.047065
-20	0.9	0.048986
-20	1	0.048327
-20	1.1	0.047778
-20	1.2	0.044862
-20	1.3	0.042373
-20	1.4	0.038639
-20	1.5	0.034853
-20	1.6	0.03241
-20	1.7	0.030116
-20	1.8	0.028092
-20	1.9	0.028077
-20	2	0.02726
-20	2.1	0.026079
-20	2.2	0.025291
-20	2.3	0.023861
-20	2.4	0.022179
-20	2.5	0.019712
-20	2.6	0.017463
-20	2.7	0.017025
-20	2.8	0.015944
-20	2.9	0.014549
-20	3	0.013081
-20	3.1	0.012059
-20	3.2	0.011215
-20	3.3	0.010664
-20	3.4	0.0099322
-20	3.5	0.0089712
-20	3.6	0.0084632
-20	3.7	0.0082525
-20	3.8	0.008154
-20	3.9	0.0084019
-20	4	0.0080803
-10	-4	0.0068436
-10	-3.9	0.0071621
-10	-3.8	0.007135
-10	-3.7	0.0077745
-10	-3.6	0.0068105
-10	-3.5	0.0072718
-10	-3.4	0.0084861
-10	-3.3	0.010162
-10	-3.2	0.011338
-10	-3.1	0.01263
-10	-3	0.013306
-10	-2.9	0.014243
-10	-2.8	0.015742
-10	-2.7	0.01719
-10	-2.6	0.01922
-10	-2.5	0.021358
-10	-2.4	0.022818
-10	-2.3	0.023297
-10	-2.2	0.023887
-10	-2.1	0.023998
-10	-2	0.024484
-10	-1.9	0.025458
-10	-1.8	0.025172
-10	-1.7	0.0248
-10	-1.6	0.023872
-10	-1.5	0.023957
-10	-1.4	0.024753
-10	-1.3	0.027779
-10	-1.2	0.033796
-10	-1.1	0.041684
-10	-1	0.047448
-10	-0.9	0.049237
-10	-0.8	0.048996
-10	-0.7	0.046726
-10	-0.6	0.03877
-10	-0.5	0.033813
-10	-0.4	0.025272
-10	-0.3	0.021879
-10	-0.2	0.016589
-10	-0.1	0.013453
-10	0	0.012059
-10	0.1	0.013754
-10	0.2	0.015801
-10	0.3	0.020908
-10	0.4	0.026792
-10	0.5	0.035606
-10	0.6	0.040454
-10	0.7	0.04584
-10	0.8	0.046601
-10	0.9	0.045926
-10	1	0.045221
-10	1.1	0.043938
-10	1.2	0.04197
-10	1.3	0.039276
-10	1.4	0.037457
-10	1.5	0.036176
-10	1.6	0.034464
-10	1.7	0.03351
-10	1.8	0.032057
-10	1.9	0.030141
-10	2	0.029689
-10	2.1	0.027354
-10	2.2	0.02519
-10	2.3	0.024403
-10	2.4	0.022384
-10	2.5	0.020831
-10	2.6	0.018026
-10	2.7	0.015639
-10	2.8	0.014515
-10	2.9	0.013783
-10	3	0.011875
-10	3.1	0.011637
-10	3.2	0.011358
-10	3.3	0.0099484
-10	3.4	0.0085639
-10	3.5	0.0084518
-10	3.6	0.0078716
-10	3.7	0.0077558
-10	3.8	0.0084766
-10	3.9	0.0088716
-10	4	0.0079614
0	-4	0.0084288
0	-3.9	0.0074713
0	-3.8	0.0065145
0	-3.7	0.005142
0	-3.6	0.0057306
0	-3.5	0.007568
0	-3.4	0.0099354
0	-3.3	0.011272
0	-3.2	0.011644
0	-3.1	0.010549
0	-3	0.0096029
0	-2.9	0.010071
0	-2.8	0.013134
0	-2.7	0.016532
0	-2.6	0.02026
0	-2.5	0.021228
0	-2.4	0.021094
0	-2.3	0.019859
0	-2.2	0.019261
0	-2.1	0.020684
0	-2	0.022503
0	-1.9	0.023582
0	-1.8	0.024909
0	-1.7	0.02482
0	-1.6	0.022033
0	-1.5	0.019602
0	-1.4	0.018871
0	-1.3	0.022698
0	-1.2	0.032933
0	-1.1	0.039414
0	-1	0.044325
0	-0.9	0.049315
0	-0.8	0.048886
0	-0.7	0.046442
0	-0.6	0.039367
0	-0.5	0.031395
0	-0.4	0.026313
0	-0.3	0.018768
0	-0.2	0.015242
0	-0.1	0.011308
0	0	0.010983
0	0.1	0.013602
0	0.2	0.017684
0	0.3	0.022876
0	0.4	0.030224
0	0.5	0.034689
0	0.6	0.037639
0	0.7	0.042086
0	0.8	0.043124
0	0.9	0.043017
0	1	0.042358
0	1.1	0.039495
0	1.2	0.037308
0	1.3	0.034449
0	1.4	0.032004
0	1.5	0.030491
0	1.6	0.030373
0	1.7	0.029628
0	1.8	0.029902
0	1.9	0.02841
0	2	0.027155
0	2.1	0.024811
0	2.2	0.022486
0	2.3	0.019368
0	2.4	0.018022
0	2.5	0.016986
0	2.6	0.016222
0	2.7	0.015752
0	2.8	0.015301
0	2.9	0.014039
0	3	0.011597
0	3.1	0.01011
0	3.2	0.0091443
0	3.3	0.0086502
0	3.4	0.0093833
0	3.5	0.0090537
0	3.6	0.0090305
0	3.7	0.0086315
0	3.8	0.0080523
0	3.9	0.0083168
0	4	0.0078015
10	-4	0.0064447
10	-3.9	0.0064472
10	-3.8	0.0060994
10	-3.7	0.0065195
10	-3.6	0.007347
10	-3.5	0.0082388
10	-3.4	0.0090018
10	-3.3	0.0098011
10	-3.2	0.0089838
10	-3.1	0.0079837
10	-3	0.0074388
10	-2.9	0.0092059
10	-2.8	0.010741
10	-2.7	0.014752
10	-2.6	0.017358
10	-2.5	0.018707
10	-2.4	0.018588
10	-2.3	0.018257
10	-2.2	0.018633
10	-2.1	0.020016
10	-2	0.022676
10	-1.9	0.023641
10	-1.8	0.024521
10	-1.7	0.023686
10	-1.6	0.020536
10	-1.5	0.018206
10	-1.4	0.018395
10	-1.3	0.023073
10	-1.2	0.02977
10	-1.1	0.034852
10	-1	0.043333
10	-0.9	0.046696
10	-0.8	0.046226
10	-0.7	0.045431
10	-0.6	0.038656
10	-0.5	0.033069
10	-0.4	0.02432
10	-0.3	0.020828
10	-0.2	0.014322
10	-0.1	0.012374
10	0	0.01164
10	0.1	0.013285
10	0.2	0.015928
10	0.3	0.021062
10	0.4	0.027568
10	0.5	0.033192
10	0.6	0.038199
10	0.7	0.040137
10	0.8	0.041138
10	0.9	0.038773
10	1	0.037664
10	1.1	0.036517
10	1.2	0.035158
10	1.3	0.03443
10	1.4	0.033182
10	1.5	0.032515
10	1.6	0.032166
10	1.7	0.030308
10	1.8	0.029087
10	1.9	0.027864
10	2	0.026894
10	2.1	0.02582
10	2.2	0.024736
10	2.3	0.022245
10	2.4	0.020235
10	2.5	0.017259
10	2.6	0.015179
10	2.7	0.013372
10	2.8	0.011705
10	2.9	0.011436
10	3	0.011409
10	3.1	0.01042
10	3.2	0.0092147
10	3.3	0.0083168
10	3.4	0.0079756
10	3.5	0.0088898
10	3.6	0.0092462
10	3.7	0.009
10	3.8	0.0090591
10	3.9	0.0082525
10	4	0.0077703
20	-4	0.0073624
20	-3.9	0.0072962
20	-3.8	0.0070872
20	-3.7	0.0065344
20	-3.6	0.0062486
20	-3.5	0.006963
20	-3.4	0.0082073
20	-3.3	0.0090608
20	-3.2	0.0091425
20	-3.1	0.0091018
20	-3	0.0082662
20	-2.9	0.0073448
20	-2.8	0.00971
20	-2.7	0.012822
20	-2.6	0.015276
20	-2.5	0.017677
20	-2.4	0.0182
20	-2.3	0.018013
20	-2.2	0.017389
20	-2.1	0.01769
20	-2	0.019768
20	-1.9	0.021092
20	-1.8	0.022804
20	-1.7	0.022222
20	-1.6	0.019679
20	-1.5	0.017652
20	-1.4	0.016385
20	-1.3	0.019239
20	-1.2	0.026558
20	-1.1	0.033765
20	-1	0.040245
20	-0.9	0.043017
20	-0.8	0.044478
20	-0.7	0.043664
20	-0.6	0.03981
20	-0.5	0.034313
20	-0.4	0.02674
20	-0.3	0.022252
20	-0.2	0.016125
20	-0.1	0.013786
20	0	0.011668
20	0.1	0.011849
20	0.2	0.015361
20	0.3	0.018692
20	0.4	0.025033
20	0.5	0.030343
20	0.6	0.033842
20	0.7	0.037842
20	0.8	0.040022
20	0.9	0.039763
20	1	0.037789
20	1.1	0.035145
20	1.2	0.034033
20	1.3	0.031457
20	1.4	0.031206
20	1.5	0.030856
20	1.6	0.031145
20	1.7	0.031013
20	1.8	0.029981
20	1.9	0.029279
20	2	0.026823
20	2.1	0.025583
20	2.2	0.023227
20	2.3	0.021198
20	2.4	0.019363
20	2.5	0.017531
20	2.6	0.014961
20	2.7	0.01262
20	2.8	0.010899
20	2.9	0.0097714
20	3	0.0082564
20	3.1	0.0081341
20	3.2	0.0083807
20	3.3	0.0093228
20	3.4	0.0092445
20	3.5	0.008973
20	3.6	0.0085165
20	3.7	0.007294
20	3.8	0.0066739
20	3.9	0.0068578
20	4	0.0070162
30	-4	0.0071531
30	-3.9	0.0071032
30	-3.8	0.0075915
30	-3.7	0.007441
30	-3.6	0.0071621
30	-3.5	0.0071055
30	-3.4	0.0078716
30	-3.3	0.0088752
30	-3.2	0.0093176
30	-3.1	0.0088168
30	-3	0.0087413
30	-2.9	0.0079959
30	-2.8	0.0088369
30	-2.7	0.011012
30	-2.6	0.014204
30	-2.5	0.015229
30	-2.4	0.017552
30	-2.3	0.017726
30	-2.2	0.018073
30	-2.1	0.019926
30	-2	0.022444
30	-1.9	0.024137
30	-1.8	0.025601
30	-1.7	0.024837
30	-1.6	0.022953
30	-1.5	0.01935
30	-1.4	0.0182
30	-1.3	0.02117
30	-1.2	0.026416
30	-1.1	0.033103
30	-1	0.040039
30	-0.9	0.043179
30	-0.8	0.044496
30	-0.7	0.042623
30	-0.6	0.039384
30	-0.5	0.032726
30	-0.4	0.028182
30	-0.3	0.022204
30	-0.2	0.017328
30	-0.1	0.015192
30	0	0.012691
30	0.1	0.012868
30	0.2	0.01633
30	0.3	0.020562
30	0.4	0.026601
30	0.5	0.0311
30	0.6	0.035576
30	0.7	0.03906
30	0.8	0.040125
30	0.9	0.038942
30	1	0.037081
30	1.1	0.033026
30	1.2	0.030569
30	1.3	0.029315
30	1.4	0.02895
30	1.5	0.029425
30	1.6	0.03013
30	1.7	0.031472
30	1.8	0.032645
30	1.9	0.031701
30	2	0.029266
30	2.1	0.02748
30	2.2	0.024374
30	2.3	0.021032
30	2.4	0.01972
30	2.5	0.017849
30	2.6	0.016106
30	2.7	0.014154
30	2.8	0.011973
30	2.9	0.011242
30	3	0.0099191
30	3.1	0.0088479
30	3.2	0.0092095
30	3.3	0.0098456
30	3.4	0.010034
30	3.5	0.010866
30	3.6	0.0095031
30	3.7	0.0087191
30	3.8	0.0087265
30	3.9	0.0092881
30	4	0.010063
40	-4	0.009302
40	-3.9	0.010257
40	-3.8	0.009911
40	-3.7	0.0093643
40	-3.6	0.0072004
40	-3.5	0.0074908
40	-3.4	0.0081421
40	-3.3	0.010772
40	-3.2	0.011817
40	-3.1	0.011974
40	-3	0.010143
40	-2.9	0.0080382
40	-2.8	0.007935
40	-2.7	0.0090947
40	-2.6	0.012397
40	-2.5	0.016759
40	-2.4	0.019077
40	-2.3	0.020351
40	-2.2	0.020551
40	-2.1	0.021029
40	-2	0.022218
40	-1.9	0.023989
40	-1.8	0.025558
40	-1.7	0.026268
40	-1.6	0.024599
40	-1.5	0.019066
40	-1.4	0.016954
40	-1.3	0.017675
40	-1.2	0.025578
40	-1.1	0.03244
40	-1	0.038514
40	-0.9	0.043996
40	-0.8	0.044288
40	-0.7	0.042746
40	-0.6	0.040244
40	-0.5	0.034854
40	-0.4	0.030122
40	-0.3	0.025958
40	-0.2	0.019859
40	-0.1	0.015721
40	0	0.014644
40	0.1	0.01366
40	0.2	0.01584
40	0.3	0.021501
40	0.4	0.027373
40	0.5	0.034763
40	0.6	0.038118
40	0.7	0.040224
40	0.8	0.040367
40	0.9	0.038502
40	1	0.036754
40	1.1	0.033508
40	1.2	0.030207
40	1.3	0.029066
40	1.4	0.028625
40	1.5	0.029144
40	1.6	0.029944
40	1.7	0.031149
40	1.8	0.031429
40	1.9	0.030712
40	2	0.030698
40	2.1	0.027456
40	2.2	0.026352
40	2.3	0.022089
40	2.4	0.018876
40	2.5	0.016698
40	2.6	0.013534
40	2.7	0.011625
40	2.8	0.00966
40	2.9	0.0092689
40	3	0.00944
40	3.1	0.0095793
40	3.2	0.009715
40	3.3	0.0089315
40	3.4	0.0082837
40	3.5	0.0082368
40	3.6	0.0077537
40	3.7	0.0078654
40	3.8	0.0078325
40	3.9	0.0080703
40	4	0.0084154
50	-4	0.010485
50	-3.9	0.011434
50	-3.8	0.010815
50	-3.7	0.0090519
50	-3.6	0.0074301
50	-3.5	0.00711
50	-3.4	0.0091989
50	-3.3	0.010519
50	-3.2	0.012062
50	-3.1	0.011885
50	-3	0.0086465
50	-2.9	0.0065861
50	-2.8	0.0060569
50	-2.7	0.0079003
50	-2.6	0.011858
50	-2.5	0.01442
50	-2.4	0.016459
50	-2.3	0.0173
50	-2.2	0.018197
50	-2.1	0.019449
50	-2	0.022297
50	-1.9	0.023755
50	-1.8	0.027019
50	-1.7	0.027821
50	-1.6	0.025138
50	-1.5	0.022206
50	-1.4	0.016276
50	-1.3	0.014838
50	-1.2	0.018235
50	-1.1	0.029303
50	-1	0.038839
50	-0.9	0.042059
50	-0.8	0.044504
50	-0.7	0.044825
50	-0.6	0.041834
50	-0.5	0.037541
50	-0.4	0.031157
50	-0.3	0.024616
50	-0.2	0.021397
50	-0.1	0.018547
50	0	0.01631
50	0.1	0.015895
50	0.2	0.01727
50	0.3	0.020885
50	0.4	0.026139
50	0.5	0.030848
50	0.6	0.036917
50	0.7	0.03808
50	0.8	0.039378
50	0.9	0.037738
50	1	0.036051
50	1.1	0.033103
50	1.2	0.030417
50	1.3	0.029434
50	1.4	0.028822
50	1.5	0.028907
50	1.6	0.029015
50	1.7	0.030776
50	1.8	0.031045
50	1.9	0.032029
50	2	0.030963
50	2.1	0.030486
50	2.2	0.027452
50	2.3	0.024642
50	2.4	0.021253
50	2.5	0.019145
50	2.6	0.016459
50	2.7	0.013768
50	2.8	0.011889
50	2.9	0.0096063
50	3	0.008526
50	3.1	0.0083518
50	3.2	0.0079023
50	3.3	0.0083711
50	3.4	0.0086875
50	3.5	0.008857
50	3.6	0.0088515
50	3.7	0.0090911
50	3.8	0.0088552
50	3.9	0.0085089
50	4	0.0087966
60	-4	0.011272
60	-3.9	0.011849
60	-3.8	0.012974
60	-3.7	0.012667
60	-3.6	0.011252
60	-3.5	0.010328
60	-3.4	0.010626
60	-3.3	0.011386
60	-3.2	0.012697
60	-3.1	0.012376
60	-3	0.010483
60	-2.9	0.0075209
60	-2.8	0.0064472
60	-2.7	0.0089369
60	-2.6	0.012678
60	-2.5	0.015503
60	-2.4	0.017476
60	-2.3	0.018348
60	-2.2	0.019813
60	-2.1	0.021561
60	-2	0.024853
60	-1.9	0.028422
60	-1.8	0.030408
60	-1.7	0.030034
60	-1.6	0.02769
60	-1.5	0.0238
60	-1.4	0.017826
60	-1.3	0.014878
60	-1.2	0.0157
60	-1.1	0.025401
60	-1	0.032143
60	-0.9	0.039524
60	-0.8	0.043632
60	-0.7	0.044015
60	-0.6	0.042497
60	-0.5	0.03934
60	-0.4	0.033964
60	-0.3	0.028742
60	-0.2	0.02493
60	-0.1	0.021008
60	0	0.01875
60	0.1	0.016456
60	0.2	0.01698
60	0.3	0.018137
60	0.4	0.024313
60	0.5	0.02943
60	0.6	0.034496
60	0.7	0.038264
60	0.8	0.039716
60	0.9	0.039467
60	1	0.037126
60	1.1	0.035049
60	1.2	0.032296
60	1.3	0.030229
60	1.4	0.028783
60	1.5	0.028564
60	1.6	0.03013
60	1.7	0.032058
60	1.8	0.033496
60	1.9	0.033545
60	2	0.032884
60	2.1	0.030126
60	2.2	0.028408
60	2.3	0.024357
60	2.4	0.020005
60	2.5	0.016704
60	2.6	0.015348
60	2.7	0.013048
60	2.8	0.011461
60	2.9	0.010514
60	3	0.0098685
60	3.1	0.0088825
60	3.2	0.0078839
60	3.3	0.008016
60	3.4	0.0086502
60	3.5	0.0097117
60	3.6	0.010632
60	3.7	0.010495
60	3.8	0.0098423
60	3.9	0.0089152
60	4	0.0082014
70	-4	0.011958
70	-3.9	0.012408
70	-3.8	0.012674
70	-3.7	0.012897
70	-3.6	0.012448
70	-3.5	0.011953
70	-3.4	0.011534
70	-3.3	0.011571
70	-3.2	0.011302
70	-3.1	0.011345
70	-3	0.011084
70	-2.9	0.007933
70	-2.8	0.0065689
70	-2.7	0.0073338
70	-2.6	0.010257
70	-2.5	0.013205
70	-2.4	0.016247
70	-2.3	0.017635
70	-2.2	0.018796
70	-2.1	0.020245
70	-2	0.024224
70	-1.9	0.027301
70	-1.8	0.030446
70	-1.7	0.03098
70	-1.6	0.029278
70	-1.5	0.023967
70	-1.4	0.019943
70	-1.3	0.013541
70	-1.2	0.014822
70	-1.1	0.020874
70	-1	0.027203
70	-0.9	0.037211
70	-0.8	0.039863
70	-0.7	0.042453
70	-0.6	0.041675
70	-0.5	0.038788
70	-0.4	0.034923
70	-0.3	0.030417
70	-0.2	0.024826
70	-0.1	0.022078
70	0	0.018163
70	0.1	0.016051
70	0.2	0.015338
70	0.3	0.018108
70	0.4	0.023306
70	0.5	0.026753
70	0.6	0.033111
70	0.7	0.037019
70	0.8	0.038643
70	0.9	0.039657
70	1	0.037885
70	1.1	0.034695
70	1.2	0.031538
70	1.3	0.028921
70	1.4	0.027396
70	1.5	0.027054
70	1.6	0.028271
70	1.7	0.030275
70	1.8	0.032102
70	1.9	0.031674
70	2	0.031252
70	2.1	0.029373
70	2.2	0.02777
70	2.3	0.023505
70	2.4	0.021096
70	2.5	0.017584
70	2.6	0.015341
70	2.7	0.012613
70	2.8	0.010618
70	2.9	0.009234
70	3	0.008008
70	3.1	0.0074018
70	3.2	0.0072451
70	3.3	0.0078798
70	3.4	0.0085563
70	3.5	0.0087745
70	3.6	0.0086912
70	3.7	0.0079817
70	3.8	0.007693
70	3.9	0.0075274
70	4	0.0079472
80	-4	0.011451
80	-3.9	0.014332
80	-3.8	0.015387
80	-3.7	0.01565
80	-3.6	0.014808
80	-3.5	0.012853
80	-3.4	0.012582
80	-3.3	0.013074
80	-3.2	0.014649
80	-3.1	0.014606
80	-3	0.012392
80	-2.9	0.0098324
80	-2.8	0.0065615
80	-2.7	0.0075958
80	-2.6	0.011001
80	-2.5	0.013732
80	-2.4	0.017326
80	-2.3	0.020551
80	-2.2	0.02251
80	-2.1	0.023716
80	-2	0.026268
80	-1.9	0.028348
80	-1.8	0.030786
80	-1.7	0.032794
80	-1.6	0.032651
80	-1.5	0.027168
80	-1.4	0.023518
80	-1.3	0.015769
80	-1.2	0.011258
80	-1.1	0.01643
80	-1	0.024398
80	-0.9	0.036447
80	-0.8	0.041
80	-0.7	0.044607
80	-0.6	0.044496
80	-0.5	0.04165
80	-0.4	0.03557
80	-0.3	0.029565
80	-0.2	0.024039
80	-0.1	0.021006
80	0	0.01678
80	0.1	0.014743
80	0.2	0.013934
80	0.3	0.015699
80	0.4	0.01992
80	0.5	0.026525
80	0.6	0.031531
80	0.7	0.036594
80	0.8	0.038372
80	0.9	0.039936
80	1	0.039504
80	1.1	0.037254
80	1.2	0.033461
80	1.3	0.028236
80	1.4	0.02737
80	1.5	0.025536
80	1.6	0.02582
80	1.7	0.027398
80	1.8	0.029048
80	1.9	0.029506
80	2	0.028435
80	2.1	0.027637
80	2.2	0.02615
80	2.3	0.024721
80	2.4	0.022057
80	2.5	0.019775
80	2.6	0.017204
80	2.7	0.015221
80	2.8	0.013439
80	2.9	0.011375
80	3	0.0088168
80	3.1	0.008562
80	3.2	0.0084918
80	3.3	0.0092059
80	3.4	0.0099906
80	3.5	0.0097896
80	3.6	0.0099126
80	3.7	0.0099208
80	3.8	0.010348
80	3.9	0.010378
80	4	0.010245
90	-4	0.013193
90	-3.9	0.014368
90	-3.8	0.014001
90	-3.7	0.013468
90	-3.6	0.012487
90	-3.5	0.011662
90	-3.4	0.012554
90	-3.3	0.013582
90	-3.2	0.014771
90	-3.1	0.014631
90	-3	0.0136
90	-2.9	0.010007
90	-2.8	0.007816
90	-2.7	0.0062641
90	-2.6	0.0090448
90	-2.5	0.012537
90	-2.4	0.015236
90	-2.3	0.016593
90	-2.2	0.019144
90	-2.1	0.02048
90	-2	0.026343
90	-1.9	0.029317
90	-1.8	0.033086
90	-1.7	0.035881
90	-1.6	0.03486
90	-1.5	0.030282
90	-1.4	0.024455
90	-1.3	0.016777
90	-1.2	0.011004
90	-1.1	0.016993
90	-1	0.022797
90	-0.9	0.032017
90	-0.8	0.037067
90	-0.7	0.040007
90	-0.6	0.038886
90	-0.5	0.035935
90	-0.4	0.03215
90	-0.3	0.025643
90	-0.2	0.021668
90	-0.1	0.018267
90	0	0.016995
90	0.1	0.0154
90	0.2	0.015086
90	0.3	0.014984
90	0.4	0.017682
90	0.5	0.023305
90	0.6	0.026872
90	0.7	0.030376
90	0.8	0.034254
90	0.9	0.035321
90	1	0.034537
90	1.1	0.032846
90	1.2	0.029098
90	1.3	0.026698
90	1.4	0.024584
90	1.5	0.024136
90	1.6	0.024483
90	1.7	0.02657
90	1.8	0.027537
90	1.9	0.028935
90	2	0.02966
90	2.1	0.02827
90	2.2	0.027141
90	2.3	0.025726
90	2.4	0.02202
90	2.5	0.019717
90	2.6	0.016796
90	2.7	0.01614
90	2.8	0.013935
90	2.9	0.011996
90	3	0.010276
90	3.1	0.0095133
90	3.2	0.0098669
90	3.3	0.010815
90	3.4	0.011471
90	3.5	0.011883
90	3.6	0.011136
90	3.7	0.011299
90	3.8	0.010677
90	3.9	0.0098423
90	4	0.0092707
100	-4	0.011508
100	-3.9	0.012687
100	-3.8	0.013705
100	-3.7	0.014186
100	-3.6	0.014381
100	-3.5	0.013703
100	-3.4	0.013029
100	-3.3	0.012748
100	-3.2	0.013046
100	-3.1	0.013309
100	-3	0.013432
100	-2.9	0.012283
100	-2.8	0.0097117
100	-2.7	0.0065886
100	-2.6	0.0067533
100	-2.5	0.012008
100	-2.4	0.014086
100	-2.3	0.019309
100	-2.2	0.022733
100	-2.1	0.02506
100	-2	0.028942
100	-1.9	0.030799
100	-1.8	0.035317
100	-1.7	0.035991
100	-1.6	0.03526
100	-1.5	0.031929
100	-1.4	0.024413
100	-1.3	0.019775
100	-1.2	0.010847
100	-1.1	0.010645
100	-1	0.022218
100	-0.9	0.027901
100	-0.8	0.036464
100	-0.7	0.040471
100	-0.6	0.040971
100	-0.5	0.039723
100	-0.4	0.035286
100	-0.3	0.029898
100	-0.2	0.02532
100	-0.1	0.022635
100	0	0.019109
100	0.1	0.015393
100	0.2	0.013425
100	0.3	0.011503
100	0.4	0.013558
100	0.5	0.0173
100	0.6	0.023271
100	0.7	0.027446
100	0.8	0.032448
100	0.9	0.035683
100	1	0.036243
100	1.1	0.034564
100	1.2	0.033066
100	1.3	0.030028
100	1.4	0.026781
100	1.5	0.024107
100	1.6	0.023389
100	1.7	0.023822
100	1.8	0.025776
100	1.9	0.027722
100	2	0.028122
100	2.1	0.02765
100	2.2	0.025122
100	2.3	0.024188
100	2.4	0.020083
100	2.5	0.01795
100	2.6	0.015816
100	2.7	0.014676
100	2.8	0.012443
100	2.9	0.0109
100	3	0.0094211
100	3.1	0.0083421
100	3.2	0.0082525
100	3.3	0.0093228
100	3.4	0.010249
100	3.5	0.010613
100	3.6	0.010368
100	3.7	0.0097515
100	3.8	0.0094519
100	3.9	0.0088387
100	4	0.0093124
110	-4	0.0095861
110	-3.9	0.011372
110	-3.8	0.014705
110	-3.7	0.016153
110	-3.6	0.015756
110	-3.5	0.014709
110	-3.4	0.013249
110	-3.3	0.012416
110	-3.2	0.012257
110	-3.1	0.013043
110	-3	0.013346
110	-2.9	0.012239
110	-2.8	0.010728
110	-2.7	0.0076762
110	-2.6	0.0068365
110	-2.5	0.0094724
110	-2.4	0.013002
110	-2.3	0.016394
110	-2.2	0.020571
110	-2.1	0.023812
110	-2	0.02674
110	-1.9	0.029072
110	-1.8	0.034339
110	-1.7	0.036424
110	-1.6	0.036594
110	-1.5	0.034673
110	-1.4	0.028771
110	-1.3	0.018839
110	-1.2	0.011873
110	-1.1	0.0085089
110	-1	0.018492
110	-0.9	0.023637
110	-0.8	0.035522
110	-0.7	0.039704
110	-0.6	0.040252
110	-0.5	0.039036
110	-0.4	0.035525
110	-0.3	0.028548
110	-0.2	0.023327
110	-0.1	0.018463
110	0	0.015978
110	0.1	0.014225
110	0.2	0.013167
110	0.3	0.011499
110	0.4	0.010378
110	0.5	0.014074
110	0.6	0.019586
110	0.7	0.022718
110	0.8	0.027286
110	0.9	0.031926
110	1	0.032758
110	1.1	0.032973
110	1.2	0.031165
110	1.3	0.028278
110	1.4	0.023804
110	1.5	0.022323
110	1.6	0.020817
110	1.7	0.021312
110	1.8	0.021892
110	1.9	0.023303
110	2	0.023898
110	2.1	0.023059
110	2.2	0.022269
110	2.3	0.021554
110	2.4	0.019518
110	2.5	0.017448
110	2.6	0.014617
110	2.7	0.013808
110	2.8	0.011821
110	2.9	0.010219
110	3	0.0096315
110	3.1	0.0094724
110	3.2	0.0096012
110	3.3	0.009608
110	3.4	0.009893
110	3.5	0.010047
110	3.6	0.0102
110	3.7	0.0101
110	3.8	0.010028
110	3.9	0.0095827
110	4	0.0093055
120	-4	0.0093401
120	-3.9	0.011129
120	-3.8	0.01334
120	-3.7	0.015245
120	-3.6	0.015232
120	-3.5	0.014553
120	-3.4	0.013947
120	-3.3	0.013221
120	-3.2	0.01265
120	-3.1	0.013463
120	-3	0.013548
120	-2.9	0.012947
120	-2.8	0.011494
120	-2.7	0.0087911
120	-2.6	0.0069304
120	-2.5	0.008639
120	-2.4	0.012634
120	-2.3	0.016373
120	-2.2	0.019806
120	-2.1	0.022771
120	-2	0.026261
120	-1.9	0.03078
120	-1.8	0.034316
120	-1.7	0.037971
120	-1.6	0.038342
120	-1.5	0.037097
120	-1.4	0.031929
120	-1.3	0.025163
120	-1.2	0.017333
120	-1.1	0.0090018
120	-1	0.013125
120	-0.9	0.021925
120	-0.8	0.031112
120	-0.7	0.038693
120	-0.6	0.041414
120	-0.5	0.040501
120	-0.4	0.03711
120	-0.3	0.031525
120	-0.2	0.02593
120	-0.1	0.018786
120	0	0.015969
120	0.1	0.012477
120	0.2	0.010657
120	0.3	0.0092235
120	0.4	0.0081321
120	0.5	0.010314
120	0.6	0.013409
120	0.7	0.016974
120	0.8	0.023816
120	0.9	0.027429
120	1	0.030554
120	1.1	0.031843
120	1.2	0.031523
120	1.3	0.02948
120	1.4	0.026709
120	1.5	0.021262
120	1.6	0.019583
120	1.7	0.018769
120	1.8	0.019049
120	1.9	0.019653
120	2	0.021758
120	2.1	0.022342
120	2.2	0.02201
120	2.3	0.021081
120	2.4	0.019313
120	2.5	0.016301
120	2.6	0.015265
120	2.7	0.014459
120	2.8	0.0126
120	2.9	0.010918
120	3	0.010303
120	3.1	0.0095116
120	3.2	0.0092042
120	3.3	0.008964
120	3.4	0.0093332
120	3.5	0.0092024
120	3.6	0.0091972
120	3.7	0.0097084
120	3.8	0.009302
120	3.9	0.0095472
120	4	0.0091496
130	-4	0.0093695
130	-3.9	0.010495
130	-3.8	0.011142
130	-3.7	0.011545
130	-3.6	0.011617
130	-3.5	0.011608
130	-3.4	0.011671
130	-3.3	0.012043
130	-3.2	0.012835
130	-3.1	0.013977
130	-3	0.013842
130	-2.9	0.012659
130	-2.8	0.010552
130	-2.7	0.0076635
130	-2.6	0.0067317
130	-2.5	0.0082505
130	-2.4	0.0099663
130	-2.3	0.014047
130	-2.2	0.016253
130	-2.1	0.019047
130	-2	0.023546
130	-1.9	0.029043
130	-1.8	0.035127
130	-1.7	0.037635
130	-1.6	0.03898
130	-1.5	0.039399
130	-1.4	0.03263
130	-1.3	0.027147
130	-1.2	0.018391
130	-1.1	0.010931
130	-1	0.011338
130	-0.9	0.019761
130	-0.8	0.031248
130	-0.7	0.037479
130	-0.6	0.042006
130	-0.5	0.042348
130	-0.4	0.037786
130	-0.3	0.032679
130	-0.2	0.024908
130	-0.1	0.018611
130	0	0.014133
130	0.1	0.011612
130	0.2	0.011256
130	0.3	0.010169
130	0.4	0.0095031
130	0.5	0.0098439
130	0.6	0.013044
130	0.7	0.016009
130	0.8	0.022569
130	0.9	0.028134
130	1	0.030723
130	1.1	0.030938
130	1.2	0.030445
130	1.3	0.028487
130	1.4	0.025078
130	1.5	0.022779
130	1.6	0.020763
130	1.7	0.019529
130	1.8	0.019431
130	1.9	0.019395
130	2	0.019066
130	2.1	0.019264
130	2.2	0.019443
130	2.3	0.019832
130	2.4	0.018696
130	2.5	0.01854
130	2.6	0.017464
130	2.7	0.015819
130	2.8	0.014293
130	2.9	0.01186
130	3	0.010753
130	3.1	0.010103
130	3.2	0.010215
130	3.3	0.010509
130	3.4	0.010455
130	3.5	0.010642
130	3.6	0.010141
130	3.7	0.010192
130	3.8	0.010078
130	3.9	0.010108
130	4	0.010047
140	-4	0.0079431
140	-3.9	0.0096767
140	-3.8	0.011262
140	-3.7	0.011915
140	-3.6	0.011605
140	-3.5	0.010982
140	-3.4	0.010216
140	-3.3	0.01009
140	-3.2	0.011023
140	-3.1	0.012479
140	-3	0.013459
140	-2.9	0.013014
140	-2.8	0.011215
140	-2.7	0.0083188
140	-2.6	0.0070986
140	-2.5	0.007693
140	-2.4	0.010964
140	-2.3	0.013766
140	-2.2	0.0173
140	-2.1	0.019582
140	-2	0.024067
140	-1.9	0.02905
140	-1.8	0.035213
140	-1.7	0.03784
140	-1.6	0.040936
140	-1.5	0.039895
140	-1.4	0.037437
140	-1.3	0.029007
140	-1.2	0.021079
140	-1.1	0.01166
140	-1	0.013847
140	-0.9	0.023721
140	-0.8	0.031438
140	-0.7	0.039859
140	-0.6	0.044523
140	-0.5	0.045719
140	-0.4	0.041992
140	-0.3	0.037484
140	-0.2	0.028419
140	-0.1	0.021448
140	0	0.015237
140	0.1	0.011709
140	0.2	0.010149
140	0.3	0.0092112
140	0.4	0.0081361
140	0.5	0.0084346
140	0.6	0.011081
140	0.7	0.016879
140	0.8	0.020859
140	0.9	0.027103
140	1	0.029087
140	1.1	0.030309
140	1.2	0.031696
140	1.3	0.03061
140	1.4	0.028318
140	1.5	0.023992
140	1.6	0.02138
140	1.7	0.019725
140	1.8	0.018727
140	1.9	0.019388
140	2	0.019754
140	2.1	0.020309
140	2.2	0.020955
140	2.3	0.019925
140	2.4	0.018497
140	2.5	0.017335
140	2.6	0.01635
140	2.7	0.015457
140	2.8	0.014476
140	2.9	0.014169
140	3	0.013554
140	3.1	0.012399
140	3.2	0.011223
140	3.3	0.010322
140	3.4	0.0097133
140	3.5	0.010114
140	3.6	0.010041
140	3.7	0.010557
140	3.8	0.010738
140	3.9	0.0098077
140	4	0.0091989
150	-4	0.0078469
150	-3.9	0.0088916
150	-3.8	0.010296
150	-3.7	0.01139
150	-3.6	0.011436
150	-3.5	0.010742
150	-3.4	0.010494
150	-3.3	0.0096315
150	-3.2	0.010293
150	-3.1	0.011209
150	-3	0.012299
150	-2.9	0.011733
150	-2.8	0.010404
150	-2.7	0.0076255
150	-2.6	0.0069653
150	-2.5	0.0094776
150	-2.4	0.012154
150	-2.3	0.014236
150	-2.2	0.019069
150	-2.1	0.021297
150	-2	0.024985
150	-1.9	0.028493
150	-1.8	0.034161
150	-1.7	0.038054
150	-1.6	0.039947
150	-1.5	0.038793
150	-1.4	0.036676
150	-1.3	0.031578
150	-1.2	0.021443
150	-1.1	0.014831
150	-1	0.014721
150	-0.9	0.020311
150	-0.8	0.030916
150	-0.7	0.041535
150	-0.6	0.04576
150	-0.5	0.046182
150	-0.4	0.04399
150	-0.3	0.039248
150	-0.2	0.032111
150	-0.1	0.023264
150	0	0.017887
150	0.1	0.013595
150	0.2	0.0097698
150	0.3	0.008639
150	0.4	0.0083556
150	0.5	0.0089043
150	0.6	0.012258
150	0.7	0.017367
150	0.8	0.021281
150	0.9	0.025399
150	1	0.028917
150	1.1	0.031685
150	1.2	0.033061
150	1.3	0.032078
150	1.4	0.030128
150	1.5	0.025709
150	1.6	0.022441
150	1.7	0.020367
150	1.8	0.018726
150	1.9	0.01814
150	2	0.018479
150	2.1	0.019914
150	2.2	0.019584
150	2.3	0.01888
150	2.4	0.018052
150	2.5	0.017286
150	2.6	0.016063
150	2.7	0.015732
150	2.8	0.014339
150	2.9	0.013276
150	3	0.012637
150	3.1	0.010284
150	3.2	0.0096733
150	3.3	0.0091796
150	3.4	0.0084422
150	3.5	0.0092811
150	3.6	0.0097283
150	3.7	0.0098849
150	3.8	0.0091089
150	3.9	0.0083207
150	4	0.0076909
160	-4	0.0077724
160	-3.9	0.010356
160	-3.8	0.012404
160	-3.7	0.013002
160	-3.6	0.012419
160	-3.5	0.01121
160	-3.4	0.0095759
160	-3.3	0.0098734
160	-3.2	0.010591
160	-3.1	0.012042
160	-3	0.013371
160	-2.9	0.012371
160	-2.8	0.011163
160	-2.7	0.0081302
160	-2.6	0.0059925
160	-2.5	0.0095995
160	-2.4	0.01209
160	-2.3	0.016521
160	-2.2	0.019541
160	-2.1	0.022049
160	-2	0.025443
160	-1.9	0.030144
160	-1.8	0.034769
160	-1.7	0.038227
160	-1.6	0.041542
160	-1.5	0.040973
160	-1.4	0.036723
160	-1.3	0.030187
160	-1.2	0.023994
160	-1.1	0.015725
160	-1	0.016039
160	-0.9	0.021795
160	-0.8	0.032485
160	-0.7	0.041911
160	-0.6	0.047073
160	-0.5	0.048314
160	-0.4	0.046102
160	-0.3	0.040876
160	-0.2	0.037074
160	-0.1	0.026761
160	0	0.0214
160	0.1	0.016411
160	0.2	0.011692
160	0.3	0.0093764
160	0.4	0.0093592
160	0.5	0.0098258
160	0.6	0.012384
160	0.7	0.015163
160	0.8	0.02015
160	0.9	0.024604
160	1	0.029416
160	1.1	0.032582
160	1.2	0.034553
160	1.3	0.034683
160	1.4	0.032097
160	1.5	0.031019
160	1.6	0.028508
160	1.7	0.025437
160	1.8	0.022706
160	1.9	0.022084
160	2	0.021229
160	2.1	0.021005
160	2.2	0.020516
160	2.3	0.020334
160	2.4	0.020131
160	2.5	0.019457
160	2.6	0.019034
160	2.7	0.017639
160	2.8	0.016404
160	2.9	0.015133
160	3	0.013216
160	3.1	0.012299
160	3.2	0.011738
160	3.3	0.011905
160	3.4	0.011675
160	3.5	0.011203
160	3.6	0.010538
160	3.7	0.0090769
160	3.8	0.0079756
160	3.9	0.0083459
160	4	0.0086259
170	-4	0.0092602
170	-3.9	0.010759
170	-3.8	0.011725
170	-3.7	0.012195
170	-3.6	0.012017
170	-3.5	0.011163
170	-3.4	0.010515
170	-3.3	0.010309
170	-3.2	0.010583
170	-3.1	0.010857
170	-3	0.010945
170	-2.9	0.010044
170	-2.8	0.0084173
170	-2.7	0.0068719
170	-2.6	0.0069816
170	-2.5	0.0093971
170	-2.4	0.012315
170	-2.3	0.016549
170	-2.2	0.018839
170	-2.1	0.022555
170	-2	0.025637
170	-1.9	0.029162
170	-1.8	0.033883
170	-1.7	0.038146
170	-1.6	0.039532
170	-1.5	0.037994
170	-1.4	0.036488
170	-1.3	0.03
170	-1.2	0.022602
170	-1.1	0.019042
170	-1	0.019718
170	-0.9	0.023171
170	-0.8	0.034573
170	-0.7	0.04313
170	-0.6	0.04913
170	-0.5	0.052009
170	-0.4	0.051462
170	-0.3	0.048005
170	-0.2	0.041409
170	-0.1	0.032297
170	0	0.024472
170	0.1	0.018389
170	0.2	0.01309
170	0.3	0.011309
170	0.4	0.010505
170	0.5	0.011061
170	0.6	0.013063
170	0.7	0.015292
170	0.8	0.02217
170	0.9	0.027349
170	1	0.032167
170	1.1	0.036848
170	1.2	0.037941
170	1.3	0.038704
170	1.4	0.036778
170	1.5	0.033619
170	1.6	0.029127
170	1.7	0.026799
170	1.8	0.023539
170	1.9	0.022754
170	2	0.022793
170	2.1	0.022941
170	2.2	0.022053
170	2.3	0.020545
170	2.4	0.019469
170	2.5	0.018685
170	2.6	0.017763
170	2.7	0.016906
170	2.8	0.016712
170	2.9	0.016038
170	3	0.014601
170	3.1	0.012262
170	3.2	0.01111
170	3.3	0.010005
170	3.4	0.0092322
170	3.5	0.0092059
170	3.6	0.0093072
170	3.7	0.0085601
170	3.8	0.00815
170	3.9	0.0079878
170	4	0.0071644
180	-4	0.0070598
180	-3.9	0.0089676
180	-3.8	0.011709
180	-3.7	0.012765
180	-3.6	0.013418
180	-3.5	0.012277
180	-3.4	0.010685
180	-3.3	0.0097084
180	-3.2	0.011436
180	-3.1	0.012676
180	-3	0.013961
180	-2.9	0.014152
180	-2.8	0.011412
180	-2.7	0.00988
180	-2.6	0.0074214
180	-2.5	0.0095472
180	-2.4	0.017375
180	-2.3	0.01936
180	-2.2	0.023328
180	-2.1	0.026653
180	-2	0.027408
180	-1.9	0.031692
180	-1.8	0.034439
180	-1.7	0.038037
180	-1.6	0.040449
180	-1.5	0.041615
180	-1.4	0.039394
180	-1.3	0.034088
180	-1.2	0.027833
180	-1.1	0.020932
180	-1	0.021564
180	-0.9	0.030135
180	-0.8	0.038758
180	-0.7	0.045572
180	-0.6	0.051228
180	-0.5	0.053933
180	-0.4	0.053482
180	-0.3	0.049321
180	-0.2	0.04411
180	-0.1	0.03592
180	0	0.029284
180	0.1	0.020863
180	0.2	0.015901
180	0.3	0.013444
180	0.4	0.013843
180	0.5	0.015197
180	0.6	0.016519
180	0.7	0.020363
180	0.8	0.023645
180	0.9	0.027867
180	1	0.03451
180	1.1	0.039438
180	1.2	0.043964
180	1.3	0.043999
180	1.4	0.042202
180	1.5	0.038928
180	1.6	0.035024
180	1.7	0.028018
180	1.8	0.024327
180	1.9	0.022897
180	2	0.02348
180	2.1	0.024941
180	2.2	0.024027
180	2.3	0.022499
180	2.4	0.021284
180	2.5	0.018156
180	2.6	0.015854
180	2.7	0.015896
180	2.8	0.016422
180	2.9	0.017649
180	3	0.016729
180	3.1	0.015209
180	3.2	0.012386
180	3.3	0.0097879
180	3.4	0.0085184
180	3.5	0.0085412
180	3.6	0.0087635
180	3.7	0.0092707
180	3.8	0.0091461
180	3.9	0.0084096
180	4	0.0070001
 
Uniformity Ratio =0.45854
