08-Jan-2018
10:16
TXR  008026 RM428 R24
33511B Function Generator
SN =Agilent Technologies,33511B,MY52301476,3.05-1.19-2.00-52-00
freq =+9.200000000000000E+06
burstmode =TRIG
burstN =+6.000000000000000E+01
voltage =+1.5000000000000E-01
 
DSO-X 2022A Oscilloscope
SN =AGILENT TECHNOLOGIES,DSO-X 2022A,MY54310921,02.41.2015102200
probe =+1.0000000E+00
scale =+500.0E-09
position =+19.900000E-06
range =+1.60E+00
units =VOLT
points =+2000
pointmode =NORM
format =BYTE
acqtype =NORM
trigsource =EXT
coupling =AC
 
-180	-4	0.0084747
-180	-3.9	0.0091567
-180	-3.8	0.0082093
-180	-3.7	0.0073909
-180	-3.6	0.0060489
-180	-3.5	0.0066642
-180	-3.4	0.0087431
-180	-3.3	0.010982
-180	-3.2	0.012471
-180	-3.1	0.012452
-180	-3	0.012115
-180	-2.9	0.012448
-180	-2.8	0.017051
-180	-2.7	0.020555
-180	-2.6	0.026237
-180	-2.5	0.031388
-180	-2.4	0.033994
-180	-2.3	0.03592
-180	-2.2	0.036524
-180	-2.1	0.036983
-180	-2	0.037979
-180	-1.9	0.03906
-180	-1.8	0.039591
-180	-1.7	0.038493
-180	-1.6	0.035835
-180	-1.5	0.028995
-180	-1.4	0.026413
-180	-1.3	0.027641
-180	-1.2	0.033856
-180	-1.1	0.041389
-180	-1	0.05086
-180	-0.9	0.056448
-180	-0.8	0.059335
-180	-0.7	0.0578
-180	-0.6	0.052701
-180	-0.5	0.048099
-180	-0.4	0.041688
-180	-0.3	0.032788
-180	-0.2	0.025606
-180	-0.1	0.023272
-180	0	0.020537
-180	0.1	0.020101
-180	0.2	0.021629
-180	0.3	0.024763
-180	0.4	0.032053
-180	0.5	0.038146
-180	0.6	0.042778
-180	0.7	0.046489
-180	0.8	0.047418
-180	0.9	0.046544
-180	1	0.043579
-180	1.1	0.039342
-180	1.2	0.036083
-180	1.3	0.034035
-180	1.4	0.031497
-180	1.5	0.029521
-180	1.6	0.027133
-180	1.7	0.024575
-180	1.8	0.022618
-180	1.9	0.020717
-180	2	0.020379
-180	2.1	0.020242
-180	2.2	0.020418
-180	2.3	0.020407
-180	2.4	0.019203
-180	2.5	0.016955
-180	2.6	0.015854
-180	2.7	0.013215
-180	2.8	0.01144
-180	2.9	0.010235
-180	3	0.0095793
-180	3.1	0.008946
-180	3.2	0.0081441
-180	3.3	0.0075595
-180	3.4	0.0069328
-180	3.5	0.0057671
-180	3.6	0.0051608
-180	3.7	0.0047294
-180	3.8	0.0049628
-180	3.9	0.0053454
-180	4	0.0061047
-170	-4	0.0081579
-170	-3.9	0.0087579
-170	-3.8	0.0087984
-170	-3.7	0.0089982
-170	-3.6	0.0093488
-170	-3.5	0.0097565
-170	-3.4	0.0097582
-170	-3.3	0.010384
-170	-3.2	0.011027
-170	-3.1	0.014236
-170	-3	0.016676
-170	-2.9	0.020522
-170	-2.8	0.024678
-170	-2.7	0.02785
-170	-2.6	0.030657
-170	-2.5	0.032843
-170	-2.4	0.034542
-170	-2.3	0.035515
-170	-2.2	0.037751
-170	-2.1	0.041246
-170	-2	0.043911
-170	-1.9	0.045207
-170	-1.8	0.04428
-170	-1.7	0.040102
-170	-1.6	0.032735
-170	-1.5	0.027522
-170	-1.4	0.025659
-170	-1.3	0.030009
-170	-1.2	0.035973
-170	-1.1	0.04772
-170	-1	0.054975
-170	-0.9	0.059431
-170	-0.8	0.060048
-170	-0.7	0.057889
-170	-0.6	0.054572
-170	-0.5	0.045481
-170	-0.4	0.040103
-170	-0.3	0.03236
-170	-0.2	0.028519
-170	-0.1	0.025368
-170	0	0.024554
-170	0.1	0.025196
-170	0.2	0.026889
-170	0.3	0.030697
-170	0.4	0.035607
-170	0.5	0.040109
-170	0.6	0.043225
-170	0.7	0.045715
-170	0.8	0.04596
-170	0.9	0.044597
-170	1	0.042275
-170	1.1	0.038934
-170	1.2	0.034706
-170	1.3	0.030702
-170	1.4	0.029235
-170	1.5	0.026765
-170	1.6	0.02523
-170	1.7	0.023873
-170	1.8	0.023094
-170	1.9	0.022261
-170	2	0.021302
-170	2.1	0.021022
-170	2.2	0.021213
-170	2.3	0.020774
-170	2.4	0.020237
-170	2.5	0.019644
-170	2.6	0.01806
-170	2.7	0.016899
-170	2.8	0.016003
-170	2.9	0.0147
-170	3	0.013404
-170	3.1	0.012084
-170	3.2	0.011626
-170	3.3	0.0092985
-170	3.4	0.0083518
-170	3.5	0.0067819
-170	3.6	0.0067461
-170	3.7	0.0070827
-170	3.8	0.0073602
-170	3.9	0.0068105
-170	4	0.0067293
-160	-4	0.0097283
-160	-3.9	0.0097846
-160	-3.8	0.0091107
-160	-3.7	0.0077745
-160	-3.6	0.0077807
-160	-3.5	0.0081401
-160	-3.4	0.010648
-160	-3.3	0.011902
-160	-3.2	0.013331
-160	-3.1	0.014154
-160	-3	0.015419
-160	-2.9	0.018212
-160	-2.8	0.023107
-160	-2.7	0.026441
-160	-2.6	0.031906
-160	-2.5	0.03545
-160	-2.4	0.037139
-160	-2.3	0.038207
-160	-2.2	0.038988
-160	-2.1	0.040433
-160	-2	0.042167
-160	-1.9	0.044606
-160	-1.8	0.044689
-160	-1.7	0.041788
-160	-1.6	0.036902
-160	-1.5	0.029823
-160	-1.4	0.027108
-160	-1.3	0.031646
-160	-1.2	0.037156
-160	-1.1	0.045684
-160	-1	0.054599
-160	-0.9	0.061411
-160	-0.8	0.061583
-160	-0.7	0.060351
-160	-0.6	0.055544
-160	-0.5	0.047619
-160	-0.4	0.041721
-160	-0.3	0.032431
-160	-0.2	0.028673
-160	-0.1	0.026795
-160	0	0.02537
-160	0.1	0.02555
-160	0.2	0.02799
-160	0.3	0.030001
-160	0.4	0.033021
-160	0.5	0.037705
-160	0.6	0.041091
-160	0.7	0.042972
-160	0.8	0.044453
-160	0.9	0.044263
-160	1	0.042919
-160	1.1	0.038833
-160	1.2	0.036307
-160	1.3	0.033594
-160	1.4	0.029649
-160	1.5	0.027072
-160	1.6	0.024915
-160	1.7	0.024402
-160	1.8	0.024214
-160	1.9	0.024028
-160	2	0.023596
-160	2.1	0.0225
-160	2.2	0.021588
-160	2.3	0.020575
-160	2.4	0.020028
-160	2.5	0.019563
-160	2.6	0.019089
-160	2.7	0.018764
-160	2.8	0.016535
-160	2.9	0.015333
-160	3	0.012224
-160	3.1	0.01009
-160	3.2	0.0089784
-160	3.3	0.0080623
-160	3.4	0.0081162
-160	3.5	0.0083246
-160	3.6	0.0086502
-160	3.7	0.007274
-160	3.8	0.0070277
-160	3.9	0.0059682
-160	4	0.0060649
-150	-4	0.011389
-150	-3.9	0.011976
-150	-3.8	0.011423
-150	-3.7	0.0094554
-150	-3.6	0.0090466
-150	-3.5	0.011134
-150	-3.4	0.013237
-150	-3.3	0.014869
-150	-3.2	0.016234
-150	-3.1	0.017624
-150	-3	0.018706
-150	-2.9	0.021262
-150	-2.8	0.023863
-150	-2.7	0.028917
-150	-2.6	0.032821
-150	-2.5	0.037466
-150	-2.4	0.039308
-150	-2.3	0.039207
-150	-2.2	0.039166
-150	-2.1	0.038465
-150	-2	0.03974
-150	-1.9	0.04132
-150	-1.8	0.041683
-150	-1.7	0.039565
-150	-1.6	0.034144
-150	-1.5	0.028458
-150	-1.4	0.026187
-150	-1.3	0.026912
-150	-1.2	0.036306
-150	-1.1	0.048992
-150	-1	0.053448
-150	-0.9	0.062761
-150	-0.8	0.065532
-150	-0.7	0.064807
-150	-0.6	0.060821
-150	-0.5	0.050645
-150	-0.4	0.045989
-150	-0.3	0.035982
-150	-0.2	0.030656
-150	-0.1	0.025145
-150	0	0.022776
-150	0.1	0.022461
-150	0.2	0.024684
-150	0.3	0.028773
-150	0.4	0.035585
-150	0.5	0.040374
-150	0.6	0.045367
-150	0.7	0.049376
-150	0.8	0.049897
-150	0.9	0.048844
-150	1	0.044262
-150	1.1	0.038876
-150	1.2	0.037033
-150	1.3	0.03278
-150	1.4	0.030796
-150	1.5	0.028576
-150	1.6	0.026866
-150	1.7	0.025625
-150	1.8	0.023789
-150	1.9	0.022223
-150	2	0.020602
-150	2.1	0.019194
-150	2.2	0.019116
-150	2.3	0.018856
-150	2.4	0.018333
-150	2.5	0.017297
-150	2.6	0.015736
-150	2.7	0.015133
-150	2.8	0.013134
-150	2.9	0.011457
-150	3	0.010189
-150	3.1	0.010149
-150	3.2	0.0094707
-150	3.3	0.008311
-150	3.4	0.0079898
-150	3.5	0.007816
-150	3.6	0.0076064
-150	3.7	0.0070804
-150	3.8	0.0067652
-150	3.9	0.0064547
-150	4	0.0066081
-140	-4	0.010044
-140	-3.9	0.0092637
-140	-3.8	0.0074865
-140	-3.7	0.0069584
-140	-3.6	0.0092637
-140	-3.5	0.010902
-140	-3.4	0.013797
-140	-3.3	0.014906
-140	-3.2	0.015099
-140	-3.1	0.014511
-140	-3	0.01516
-140	-2.9	0.01874
-140	-2.8	0.02438
-140	-2.7	0.030098
-140	-2.6	0.03541
-140	-2.5	0.03808
-140	-2.4	0.039347
-140	-2.3	0.039375
-140	-2.2	0.039113
-140	-2.1	0.040656
-140	-2	0.042296
-140	-1.9	0.043743
-140	-1.8	0.043723
-140	-1.7	0.041278
-140	-1.6	0.035326
-140	-1.5	0.029543
-140	-1.4	0.028195
-140	-1.3	0.032364
-140	-1.2	0.042688
-140	-1.1	0.049767
-140	-1	0.0575
-140	-0.9	0.06136
-140	-0.8	0.063281
-140	-0.7	0.061835
-140	-0.6	0.056237
-140	-0.5	0.047478
-140	-0.4	0.041666
-140	-0.3	0.036521
-140	-0.2	0.031403
-140	-0.1	0.027726
-140	0	0.025824
-140	0.1	0.025749
-140	0.2	0.027041
-140	0.3	0.02873
-140	0.4	0.032889
-140	0.5	0.037425
-140	0.6	0.039739
-140	0.7	0.04115
-140	0.8	0.042278
-140	0.9	0.042124
-140	1	0.040632
-140	1.1	0.038995
-140	1.2	0.03713
-140	1.3	0.035646
-140	1.4	0.033281
-140	1.5	0.028648
-140	1.6	0.026544
-140	1.7	0.025061
-140	1.8	0.024451
-140	1.9	0.024697
-140	2	0.025161
-140	2.1	0.025643
-140	2.2	0.025584
-140	2.3	0.024031
-140	2.4	0.021176
-140	2.5	0.01846
-140	2.6	0.017165
-140	2.7	0.016467
-140	2.8	0.016234
-140	2.9	0.015352
-140	3	0.014843
-140	3.1	0.012974
-140	3.2	0.011123
-140	3.3	0.0083788
-140	3.4	0.0076993
-140	3.5	0.0071711
-140	3.6	0.0079736
-140	3.7	0.0083518
-140	3.8	0.0075016
-140	3.9	0.0069164
-140	4	0.0069001
-130	-4	0.0080039
-130	-3.9	0.0081162
-130	-3.8	0.007789
-130	-3.7	0.008448
-130	-3.6	0.0092602
-130	-3.5	0.010624
-130	-3.4	0.012078
-130	-3.3	0.012951
-130	-3.2	0.01423
-130	-3.1	0.014931
-130	-3	0.016704
-130	-2.9	0.019639
-130	-2.8	0.024571
-130	-2.7	0.027856
-130	-2.6	0.032639
-130	-2.5	0.035347
-130	-2.4	0.037333
-130	-2.3	0.038037
-130	-2.2	0.039404
-130	-2.1	0.040248
-130	-2	0.042184
-130	-1.9	0.042595
-130	-1.8	0.040762
-130	-1.7	0.037738
-130	-1.6	0.032612
-130	-1.5	0.029555
-130	-1.4	0.028839
-130	-1.3	0.03422
-130	-1.2	0.039732
-130	-1.1	0.04896
-130	-1	0.056611
-130	-0.9	0.061265
-130	-0.8	0.061995
-130	-0.7	0.059541
-130	-0.6	0.054373
-130	-0.5	0.047948
-130	-0.4	0.04068
-130	-0.3	0.033579
-130	-0.2	0.029406
-130	-0.1	0.027013
-130	0	0.02493
-130	0.1	0.024748
-130	0.2	0.025959
-130	0.3	0.028658
-130	0.4	0.034176
-130	0.5	0.037564
-130	0.6	0.039758
-130	0.7	0.041984
-130	0.8	0.042903
-130	0.9	0.042671
-130	1	0.041634
-130	1.1	0.040092
-130	1.2	0.038834
-130	1.3	0.037115
-130	1.4	0.03523
-130	1.5	0.031398
-130	1.6	0.027525
-130	1.7	0.025428
-130	1.8	0.024627
-130	1.9	0.024292
-130	2	0.025152
-130	2.1	0.025997
-130	2.2	0.026004
-130	2.3	0.023888
-130	2.4	0.021234
-130	2.5	0.019549
-130	2.6	0.017191
-130	2.7	0.015732
-130	2.8	0.015218
-130	2.9	0.014239
-130	3	0.013247
-130	3.1	0.012017
-130	3.2	0.010542
-130	3.3	0.008154
-130	3.4	0.0073183
-130	3.5	0.0067293
-130	3.6	0.0078593
-130	3.7	0.0070895
-130	3.8	0.0063078
-130	3.9	0.005922
-130	4	0.0061206
-120	-4	0.0075894
-120	-3.9	0.0073821
-120	-3.8	0.0062486
-120	-3.7	0.0060596
-120	-3.6	0.0076509
-120	-3.5	0.0099647
-120	-3.4	0.01159
-120	-3.3	0.012291
-120	-3.2	0.012623
-120	-3.1	0.012375
-120	-3	0.01368
-120	-2.9	0.017325
-120	-2.8	0.022534
-120	-2.7	0.027979
-120	-2.6	0.032201
-120	-2.5	0.035099
-120	-2.4	0.035187
-120	-2.3	0.035915
-120	-2.2	0.038073
-120	-2.1	0.039337
-120	-2	0.041364
-120	-1.9	0.043085
-120	-1.8	0.041386
-120	-1.7	0.03733
-120	-1.6	0.0325
-120	-1.5	0.028386
-120	-1.4	0.029418
-120	-1.3	0.035467
-120	-1.2	0.042066
-120	-1.1	0.056168
-120	-1	0.059882
-120	-0.9	0.062474
-120	-0.8	0.062653
-120	-0.7	0.057546
-120	-0.6	0.051304
-120	-0.5	0.042917
-120	-0.4	0.037044
-120	-0.3	0.031274
-120	-0.2	0.027562
-120	-0.1	0.024626
-120	0	0.02343
-120	0.1	0.023725
-120	0.2	0.025653
-120	0.3	0.027622
-120	0.4	0.030351
-120	0.5	0.035179
-120	0.6	0.037796
-120	0.7	0.039962
-120	0.8	0.040492
-120	0.9	0.040581
-120	1	0.039512
-120	1.1	0.037693
-120	1.2	0.03592
-120	1.3	0.034374
-120	1.4	0.031964
-120	1.5	0.030515
-120	1.6	0.029029
-120	1.7	0.027869
-120	1.8	0.026821
-120	1.9	0.02664
-120	2	0.026162
-120	2.1	0.026147
-120	2.2	0.02624
-120	2.3	0.025075
-120	2.4	0.023979
-120	2.5	0.023184
-120	2.6	0.021022
-120	2.7	0.019748
-120	2.8	0.017024
-120	2.9	0.015411
-120	3	0.013203
-120	3.1	0.012509
-120	3.2	0.012452
-120	3.3	0.01235
-120	3.4	0.01146
-120	3.5	0.010021
-120	3.6	0.0080903
-120	3.7	0.007053
-120	3.8	0.0068601
-120	3.9	0.0079614
-120	4	0.0091301
-110	-4	0.0082954
-110	-3.9	0.0076804
-110	-3.8	0.0059165
-110	-3.7	0.0056367
-110	-3.6	0.0071644
-110	-3.5	0.0097565
-110	-3.4	0.010102
-110	-3.3	0.010914
-110	-3.2	0.010423
-110	-3.1	0.011468
-110	-3	0.014286
-110	-2.9	0.019639
-110	-2.8	0.02316
-110	-2.7	0.027452
-110	-2.6	0.030552
-110	-2.5	0.031849
-110	-2.4	0.032221
-110	-2.3	0.033562
-110	-2.2	0.03463
-110	-2.1	0.038799
-110	-2	0.041932
-110	-1.9	0.04342
-110	-1.8	0.042849
-110	-1.7	0.035736
-110	-1.6	0.031624
-110	-1.5	0.025911
-110	-1.4	0.028134
-110	-1.3	0.034473
-110	-1.2	0.045096
-110	-1.1	0.053481
-110	-1	0.061714
-110	-0.9	0.062792
-110	-0.8	0.06207
-110	-0.7	0.054898
-110	-0.6	0.051325
-110	-0.5	0.042579
-110	-0.4	0.031455
-110	-0.3	0.027856
-110	-0.2	0.022537
-110	-0.1	0.021325
-110	0	0.021238
-110	0.1	0.022807
-110	0.2	0.024754
-110	0.3	0.02763
-110	0.4	0.032038
-110	0.5	0.035834
-110	0.6	0.038118
-110	0.7	0.039663
-110	0.8	0.040265
-110	0.9	0.038866
-110	1	0.03691
-110	1.1	0.03516
-110	1.2	0.031631
-110	1.3	0.030052
-110	1.4	0.02719
-110	1.5	0.024186
-110	1.6	0.023749
-110	1.7	0.023734
-110	1.8	0.023783
-110	1.9	0.022932
-110	2	0.022462
-110	2.1	0.022418
-110	2.2	0.021274
-110	2.3	0.019472
-110	2.4	0.01923
-110	2.5	0.019048
-110	2.6	0.019155
-110	2.7	0.018436
-110	2.8	0.016907
-110	2.9	0.015587
-110	3	0.013498
-110	3.1	0.012412
-110	3.2	0.011302
-110	3.3	0.010426
-110	3.4	0.010074
-110	3.5	0.010071
-110	3.6	0.0095184
-110	3.7	0.0084154
-110	3.8	0.0078407
-110	3.9	0.0071531
-110	4	0.0076064
-100	-4	0.010339
-100	-3.9	0.010434
-100	-3.8	0.0081222
-100	-3.7	0.0072585
-100	-3.6	0.0057531
-100	-3.5	0.0075915
-100	-3.4	0.0091496
-100	-3.3	0.011513
-100	-3.2	0.01282
-100	-3.1	0.013333
-100	-3	0.013877
-100	-2.9	0.016082
-100	-2.8	0.021412
-100	-2.7	0.027148
-100	-2.6	0.03124
-100	-2.5	0.033659
-100	-2.4	0.034316
-100	-2.3	0.034339
-100	-2.2	0.034213
-100	-2.1	0.035716
-100	-2	0.036929
-100	-1.9	0.039194
-100	-1.8	0.03909
-100	-1.7	0.037256
-100	-1.6	0.032539
-100	-1.5	0.028399
-100	-1.4	0.028384
-100	-1.3	0.034365
-100	-1.2	0.040459
-100	-1.1	0.052422
-100	-1	0.058235
-100	-0.9	0.061605
-100	-0.8	0.062537
-100	-0.7	0.059268
-100	-0.6	0.054157
-100	-0.5	0.044507
-100	-0.4	0.036963
-100	-0.3	0.028971
-100	-0.2	0.023012
-100	-0.1	0.019144
-100	0	0.017052
-100	0.1	0.017631
-100	0.2	0.02061
-100	0.3	0.024256
-100	0.4	0.028559
-100	0.5	0.035346
-100	0.6	0.037756
-100	0.7	0.039845
-100	0.8	0.040692
-100	0.9	0.039738
-100	1	0.037545
-100	1.1	0.035792
-100	1.2	0.03448
-100	1.3	0.032712
-100	1.4	0.030986
-100	1.5	0.028732
-100	1.6	0.026063
-100	1.7	0.024706
-100	1.8	0.023145
-100	1.9	0.021914
-100	2	0.021786
-100	2.1	0.021793
-100	2.2	0.02081
-100	2.3	0.019743
-100	2.4	0.018228
-100	2.5	0.017501
-100	2.6	0.016583
-100	2.7	0.016501
-100	2.8	0.014907
-100	2.9	0.014332
-100	3	0.012736
-100	3.1	0.011667
-100	3.2	0.0081262
-100	3.3	0.0068081
-100	3.4	0.0066057
-100	3.5	0.0069653
-100	3.6	0.0075595
-100	3.7	0.0075274
-100	3.8	0.0072429
-100	3.9	0.0067004
-100	4	0.0062409
-90	-4	0.0062512
-90	-3.9	0.0061548
-90	-3.8	0.0068436
-90	-3.7	0.0068954
-90	-3.6	0.0078695
-90	-3.5	0.0086801
-90	-3.4	0.0084575
-90	-3.3	0.0084499
-90	-3.2	0.0093211
-90	-3.1	0.012346
-90	-3	0.015933
-90	-2.9	0.019054
-90	-2.8	0.023175
-90	-2.7	0.024625
-90	-2.6	0.024994
-90	-2.5	0.026374
-90	-2.4	0.027227
-90	-2.3	0.028842
-90	-2.2	0.032446
-90	-2.1	0.034039
-90	-2	0.037007
-90	-1.9	0.037564
-90	-1.8	0.03616
-90	-1.7	0.032285
-90	-1.6	0.027304
-90	-1.5	0.026311
-90	-1.4	0.028825
-90	-1.3	0.035781
-90	-1.2	0.045095
-90	-1.1	0.053757
-90	-1	0.057824
-90	-0.9	0.061305
-90	-0.8	0.060882
-90	-0.7	0.055512
-90	-0.6	0.047787
-90	-0.5	0.038229
-90	-0.4	0.033597
-90	-0.3	0.024655
-90	-0.2	0.020443
-90	-0.1	0.017537
-90	0	0.017453
-90	0.1	0.017828
-90	0.2	0.020623
-90	0.3	0.023674
-90	0.4	0.030262
-90	0.5	0.032615
-90	0.6	0.036095
-90	0.7	0.038766
-90	0.8	0.03918
-90	0.9	0.038607
-90	1	0.036638
-90	1.1	0.035069
-90	1.2	0.034314
-90	1.3	0.03346
-90	1.4	0.030965
-90	1.5	0.028657
-90	1.6	0.027138
-90	1.7	0.024949
-90	1.8	0.023149
-90	1.9	0.022454
-90	2	0.022805
-90	2.1	0.024222
-90	2.2	0.023478
-90	2.3	0.02104
-90	2.4	0.019868
-90	2.5	0.018195
-90	2.6	0.017395
-90	2.7	0.016354
-90	2.8	0.015822
-90	2.9	0.01422
-90	3	0.013096
-90	3.1	0.0101
-90	3.2	0.0081915
-90	3.3	0.0072496
-90	3.4	0.0077828
-90	3.5	0.0081262
-90	3.6	0.0087984
-90	3.7	0.007583
-90	3.8	0.0066617
-90	3.9	0.0062149
-90	4	0.0059871
-80	-4	0.0071123
-80	-3.9	0.00711
-80	-3.8	0.0067796
-80	-3.7	0.0061338
-80	-3.6	0.0066057
-80	-3.5	0.0079289
-80	-3.4	0.010181
-80	-3.3	0.012566
-80	-3.2	0.012315
-80	-3.1	0.012032
-80	-3	0.012047
-80	-2.9	0.016044
-80	-2.8	0.020629
-80	-2.7	0.024755
-80	-2.6	0.030047
-80	-2.5	0.033758
-80	-2.4	0.033914
-80	-2.3	0.033051
-80	-2.2	0.032615
-80	-2.1	0.033659
-80	-2	0.035533
-80	-1.9	0.037605
-80	-1.8	0.037868
-80	-1.7	0.035525
-80	-1.6	0.031039
-80	-1.5	0.028746
-80	-1.4	0.030008
-80	-1.3	0.035021
-80	-1.2	0.046169
-80	-1.1	0.054101
-80	-1	0.056627
-80	-0.9	0.059757
-80	-0.8	0.059095
-80	-0.7	0.05361
-80	-0.6	0.046481
-80	-0.5	0.036854
-80	-0.4	0.027942
-80	-0.3	0.021482
-80	-0.2	0.016104
-80	-0.1	0.015133
-80	0	0.014859
-80	0.1	0.016911
-80	0.2	0.020238
-80	0.3	0.024123
-80	0.4	0.028838
-80	0.5	0.034135
-80	0.6	0.03809
-80	0.7	0.040275
-80	0.8	0.041392
-80	0.9	0.041064
-80	1	0.039708
-80	1.1	0.036963
-80	1.2	0.03475
-80	1.3	0.031668
-80	1.4	0.028302
-80	1.5	0.025133
-80	1.6	0.023524
-80	1.7	0.022948
-80	1.8	0.022969
-80	1.9	0.022833
-80	2	0.023294
-80	2.1	0.022706
-80	2.2	0.021784
-80	2.3	0.019886
-80	2.4	0.018887
-80	2.5	0.018538
-80	2.6	0.01845
-80	2.7	0.017466
-80	2.8	0.016267
-80	2.9	0.014992
-80	3	0.012357
-80	3.1	0.011522
-80	3.2	0.01021
-80	3.3	0.010312
-80	3.4	0.010499
-80	3.5	0.010508
-80	3.6	0.0092776
-80	3.7	0.0084728
-80	3.8	0.0071779
-80	3.9	0.0069351
-80	4	0.0076234
-70	-4	0.0070964
-70	-3.9	0.0060862
-70	-3.8	0.005515
-70	-3.7	0.0062564
-70	-3.6	0.0074929
-70	-3.5	0.0089152
-70	-3.4	0.010583
-70	-3.3	0.010216
-70	-3.2	0.010018
-70	-3.1	0.0096934
-70	-3	0.012623
-70	-2.9	0.016937
-70	-2.8	0.0209
-70	-2.7	0.026105
-70	-2.6	0.028439
-70	-2.5	0.02985
-70	-2.4	0.030553
-70	-2.3	0.032646
-70	-2.2	0.033323
-70	-2.1	0.035834
-70	-2	0.03733
-70	-1.9	0.037593
-70	-1.8	0.036586
-70	-1.7	0.03225
-70	-1.6	0.029486
-70	-1.5	0.028873
-70	-1.4	0.034521
-70	-1.3	0.041263
-70	-1.2	0.046741
-70	-1.1	0.053689
-70	-1	0.057162
-70	-0.9	0.058164
-70	-0.8	0.056108
-70	-0.7	0.050237
-70	-0.6	0.042433
-70	-0.5	0.036922
-70	-0.4	0.028004
-70	-0.3	0.022343
-70	-0.2	0.017696
-70	-0.1	0.0161
-70	0	0.015889
-70	0.1	0.017804
-70	0.2	0.022038
-70	0.3	0.026054
-70	0.4	0.028198
-70	0.5	0.034007
-70	0.6	0.037135
-70	0.7	0.040295
-70	0.8	0.042292
-70	0.9	0.042206
-70	1	0.04162
-70	1.1	0.040165
-70	1.2	0.038088
-70	1.3	0.035913
-70	1.4	0.033416
-70	1.5	0.031295
-70	1.6	0.029343
-70	1.7	0.027557
-70	1.8	0.025893
-70	1.9	0.025095
-70	2	0.025008
-70	2.1	0.024816
-70	2.2	0.024427
-70	2.3	0.023282
-70	2.4	0.021626
-70	2.5	0.020265
-70	2.6	0.018308
-70	2.7	0.01643
-70	2.8	0.015083
-70	2.9	0.013064
-70	3	0.012362
-70	3.1	0.011958
-70	3.2	0.011407
-70	3.3	0.010775
-70	3.4	0.0096415
-70	3.5	0.0090537
-70	3.6	0.0072362
-70	3.7	0.0072406
-70	3.8	0.0068743
-70	3.9	0.0071282
-70	4	0.0077683
-60	-4	0.0080823
-60	-3.9	0.0080763
-60	-3.8	0.0072183
-60	-3.7	0.0055907
-60	-3.6	0.0065145
-60	-3.5	0.010169
-60	-3.4	0.012899
-60	-3.3	0.014088
-60	-3.2	0.014137
-60	-3.1	0.01382
-60	-3	0.012853
-60	-2.9	0.01357
-60	-2.8	0.018445
-60	-2.7	0.023641
-60	-2.6	0.028596
-60	-2.5	0.03183
-60	-2.4	0.033892
-60	-2.3	0.033175
-60	-2.2	0.031488
-60	-2.1	0.031253
-60	-2	0.031406
-60	-1.9	0.032644
-60	-1.8	0.034636
-60	-1.7	0.034041
-60	-1.6	0.032511
-60	-1.5	0.031915
-60	-1.4	0.032382
-60	-1.3	0.037365
-60	-1.2	0.046599
-60	-1.1	0.052041
-60	-1	0.056148
-60	-0.9	0.060253
-60	-0.8	0.060153
-60	-0.7	0.053481
-60	-0.6	0.046065
-60	-0.5	0.040648
-60	-0.4	0.028048
-60	-0.3	0.020282
-60	-0.2	0.013756
-60	-0.1	0.012921
-60	0	0.013758
-60	0.1	0.016682
-60	0.2	0.020794
-60	0.3	0.026704
-60	0.4	0.032142
-60	0.5	0.038405
-60	0.6	0.042972
-60	0.7	0.044859
-60	0.8	0.045675
-60	0.9	0.045619
-60	1	0.0446
-60	1.1	0.043378
-60	1.2	0.042118
-60	1.3	0.040578
-60	1.4	0.03793
-60	1.5	0.032656
-60	1.6	0.029442
-60	1.7	0.02647
-60	1.8	0.024627
-60	1.9	0.024325
-60	2	0.025398
-60	2.1	0.0262
-60	2.2	0.026041
-60	2.3	0.023968
-60	2.4	0.021758
-60	2.5	0.018346
-60	2.6	0.015967
-60	2.7	0.015257
-60	2.8	0.015303
-60	2.9	0.01558
-60	3	0.014637
-60	3.1	0.013642
-60	3.2	0.011193
-60	3.3	0.0078695
-60	3.4	0.0074475
-60	3.5	0.0078593
-60	3.6	0.0092217
-60	3.7	0.0091213
-60	3.8	0.0091071
-60	3.9	0.0088369
-60	4	0.0071644
-50	-4	0.01082
-50	-3.9	0.0093349
-50	-3.8	0.0070667
-50	-3.7	0.0070116
-50	-3.6	0.0079391
-50	-3.5	0.011697
-50	-3.4	0.013441
-50	-3.3	0.014604
-50	-3.2	0.014666
-50	-3.1	0.014276
-50	-3	0.015558
-50	-2.9	0.019241
-50	-2.8	0.022426
-50	-2.7	0.028219
-50	-2.6	0.031547
-50	-2.5	0.033005
-50	-2.4	0.031561
-50	-2.3	0.029936
-50	-2.2	0.03008
-50	-2.1	0.032088
-50	-2	0.034375
-50	-1.9	0.036785
-50	-1.8	0.037222
-50	-1.7	0.033923
-50	-1.6	0.031045
-50	-1.5	0.028262
-50	-1.4	0.031906
-50	-1.3	0.037645
-50	-1.2	0.046626
-50	-1.1	0.054778
-50	-1	0.059021
-50	-0.9	0.062082
-50	-0.8	0.059612
-50	-0.7	0.054659
-50	-0.6	0.047611
-50	-0.5	0.036257
-50	-0.4	0.028259
-50	-0.3	0.019139
-50	-0.2	0.014806
-50	-0.1	0.0148
-50	0	0.017536
-50	0.1	0.021677
-50	0.2	0.025714
-50	0.3	0.030438
-50	0.4	0.034603
-50	0.5	0.040163
-50	0.6	0.043504
-50	0.7	0.045964
-50	0.8	0.047637
-50	0.9	0.047584
-50	1	0.047063
-50	1.1	0.045778
-50	1.2	0.043983
-50	1.3	0.041487
-50	1.4	0.037715
-50	1.5	0.033903
-50	1.6	0.031513
-50	1.7	0.028389
-50	1.8	0.026887
-50	1.9	0.026325
-50	2	0.026783
-50	2.1	0.026908
-50	2.2	0.025701
-50	2.3	0.023719
-50	2.4	0.021779
-50	2.5	0.020496
-50	2.6	0.019665
-50	2.7	0.018304
-50	2.8	0.017763
-50	2.9	0.016864
-50	3	0.016129
-50	3.1	0.014034
-50	3.2	0.011236
-50	3.3	0.0097266
-50	3.4	0.008769
-50	3.5	0.0098291
-50	3.6	0.010445
-50	3.7	0.010157
-50	3.8	0.0095337
-50	3.9	0.0092287
-50	4	0.0079898
-40	-4	0.011246
-40	-3.9	0.01093
-40	-3.8	0.0098275
-40	-3.7	0.009084
-40	-3.6	0.0094091
-40	-3.5	0.010148
-40	-3.4	0.013053
-40	-3.3	0.015457
-40	-3.2	0.015731
-40	-3.1	0.016373
-40	-3	0.017431
-40	-2.9	0.020861
-40	-2.8	0.025286
-40	-2.7	0.027539
-40	-2.6	0.031924
-40	-2.5	0.033079
-40	-2.4	0.033535
-40	-2.3	0.033469
-40	-2.2	0.033552
-40	-2.1	0.034333
-40	-2	0.035608
-40	-1.9	0.036152
-40	-1.8	0.035709
-40	-1.7	0.033314
-40	-1.6	0.03177
-40	-1.5	0.031286
-40	-1.4	0.033985
-40	-1.3	0.03774
-40	-1.2	0.048571
-40	-1.1	0.053852
-40	-1	0.057727
-40	-0.9	0.060082
-40	-0.8	0.05956
-40	-0.7	0.055433
-40	-0.6	0.047633
-40	-0.5	0.041564
-40	-0.4	0.031603
-40	-0.3	0.022363
-40	-0.2	0.017298
-40	-0.1	0.015719
-40	0	0.016426
-40	0.1	0.019631
-40	0.2	0.022912
-40	0.3	0.029524
-40	0.4	0.034608
-40	0.5	0.039016
-40	0.6	0.045917
-40	0.7	0.051122
-40	0.8	0.053451
-40	0.9	0.054511
-40	1	0.053064
-40	1.1	0.051226
-40	1.2	0.047542
-40	1.3	0.044326
-40	1.4	0.04099
-40	1.5	0.03917
-40	1.6	0.037401
-40	1.7	0.035705
-40	1.8	0.034216
-40	1.9	0.031397
-40	2	0.029404
-40	2.1	0.028096
-40	2.2	0.026969
-40	2.3	0.025636
-40	2.4	0.024846
-40	2.5	0.024291
-40	2.6	0.022748
-40	2.7	0.021827
-40	2.8	0.019556
-40	2.9	0.015988
-40	3	0.013584
-40	3.1	0.011807
-40	3.2	0.010973
-40	3.3	0.010859
-40	3.4	0.011358
-40	3.5	0.011538
-40	3.6	0.010509
-40	3.7	0.0088003
-40	3.8	0.0082954
-40	3.9	0.0080883
-40	4	0.0086558
-30	-4	0.0099711
-30	-3.9	0.009695
-30	-3.8	0.0082935
-30	-3.7	0.0087172
-30	-3.6	0.010574
-30	-3.5	0.012052
-30	-3.4	0.013017
-30	-3.3	0.013269
-30	-3.2	0.013538
-30	-3.1	0.013807
-30	-3	0.017335
-30	-2.9	0.021751
-30	-2.8	0.02579
-30	-2.7	0.02911
-30	-2.6	0.030163
-30	-2.5	0.031232
-30	-2.4	0.031459
-30	-2.3	0.031674
-30	-2.2	0.033115
-30	-2.1	0.034643
-30	-2	0.036098
-30	-1.9	0.037153
-30	-1.8	0.035706
-30	-1.7	0.034248
-30	-1.6	0.031389
-30	-1.5	0.030417
-30	-1.4	0.03364
-30	-1.3	0.040017
-30	-1.2	0.048402
-30	-1.1	0.055372
-30	-1	0.058637
-30	-0.9	0.059614
-30	-0.8	0.057943
-30	-0.7	0.053835
-30	-0.6	0.04393
-30	-0.5	0.035836
-30	-0.4	0.028195
-30	-0.3	0.020317
-30	-0.2	0.017715
-30	-0.1	0.01697
-30	0	0.018267
-30	0.1	0.021946
-30	0.2	0.025475
-30	0.3	0.032176
-30	0.4	0.036145
-30	0.5	0.041293
-30	0.6	0.045499
-30	0.7	0.049118
-30	0.8	0.05213
-30	0.9	0.053323
-30	1	0.053282
-30	1.1	0.052646
-30	1.2	0.050659
-30	1.3	0.047105
-30	1.4	0.044088
-30	1.5	0.040277
-30	1.6	0.037239
-30	1.7	0.035639
-30	1.8	0.032719
-30	1.9	0.031853
-30	2	0.030568
-30	2.1	0.030248
-30	2.2	0.027772
-30	2.3	0.026187
-30	2.4	0.023237
-30	2.5	0.023258
-30	2.6	0.022785
-30	2.7	0.021335
-30	2.8	0.019784
-30	2.9	0.017902
-30	3	0.015648
-30	3.1	0.014127
-30	3.2	0.01276
-30	3.3	0.012359
-30	3.4	0.01197
-30	3.5	0.011804
-30	3.6	0.010885
-30	3.7	0.0095827
-30	3.8	0.0077182
-30	3.9	0.0075123
-30	4	0.0083846
-20	-4	0.010835
-20	-3.9	0.010868
-20	-3.8	0.0099159
-20	-3.7	0.0097416
-20	-3.6	0.00988
-20	-3.5	0.011573
-20	-3.4	0.013569
-20	-3.3	0.016319
-20	-3.2	0.017442
-20	-3.1	0.017538
-20	-3	0.017015
-20	-2.9	0.018892
-20	-2.8	0.022151
-20	-2.7	0.026748
-20	-2.6	0.033564
-20	-2.5	0.035171
-20	-2.4	0.035441
-20	-2.3	0.034152
-20	-2.2	0.032492
-20	-2.1	0.032639
-20	-2	0.034173
-20	-1.9	0.03556
-20	-1.8	0.036122
-20	-1.7	0.035066
-20	-1.6	0.033353
-20	-1.5	0.03227
-20	-1.4	0.033955
-20	-1.3	0.038751
-20	-1.2	0.045656
-20	-1.1	0.050946
-20	-1	0.056724
-20	-0.9	0.059279
-20	-0.8	0.058558
-20	-0.7	0.055582
-20	-0.6	0.048354
-20	-0.5	0.039775
-20	-0.4	0.031603
-20	-0.3	0.020933
-20	-0.2	0.015645
-20	-0.1	0.016818
-20	0	0.019725
-20	0.1	0.025404
-20	0.2	0.027054
-20	0.3	0.031634
-20	0.4	0.037461
-20	0.5	0.040321
-20	0.6	0.044523
-20	0.7	0.048504
-20	0.8	0.053238
-20	0.9	0.05547
-20	1	0.05606
-20	1.1	0.055059
-20	1.2	0.052935
-20	1.3	0.048682
-20	1.4	0.04429
-20	1.5	0.037881
-20	1.6	0.034977
-20	1.7	0.032643
-20	1.8	0.031867
-20	1.9	0.031861
-20	2	0.03223
-20	2.1	0.031333
-20	2.2	0.030296
-20	2.3	0.027557
-20	2.4	0.025297
-20	2.5	0.02403
-20	2.6	0.022656
-20	2.7	0.021875
-20	2.8	0.020943
-20	2.9	0.019793
-20	3	0.01753
-20	3.1	0.015603
-20	3.2	0.014453
-20	3.3	0.013477
-20	3.4	0.013246
-20	3.5	0.013802
-20	3.6	0.014239
-20	3.7	0.01328
-20	3.8	0.011878
-20	3.9	0.011736
-20	4	0.011729
-10	-4	0.01002
-10	-3.9	0.010396
-10	-3.8	0.0097017
-10	-3.7	0.0081003
-10	-3.6	0.0076951
-10	-3.5	0.010224
-10	-3.4	0.012469
-10	-3.3	0.014938
-10	-3.2	0.016119
-10	-3.1	0.015904
-10	-3	0.016064
-10	-2.9	0.017609
-10	-2.8	0.019791
-10	-2.7	0.022799
-10	-2.6	0.027232
-10	-2.5	0.032177
-10	-2.4	0.034337
-10	-2.3	0.035098
-10	-2.2	0.034062
-10	-2.1	0.032232
-10	-2	0.031225
-10	-1.9	0.03203
-10	-1.8	0.033409
-10	-1.7	0.034895
-10	-1.6	0.034591
-10	-1.5	0.03394
-10	-1.4	0.034264
-10	-1.3	0.038975
-10	-1.2	0.04587
-10	-1.1	0.053496
-10	-1	0.055921
-10	-0.9	0.060087
-10	-0.8	0.059718
-10	-0.7	0.056879
-10	-0.6	0.048885
-10	-0.5	0.040846
-10	-0.4	0.030115
-10	-0.3	0.02295
-10	-0.2	0.015057
-10	-0.1	0.013024
-10	0	0.016628
-10	0.1	0.02083
-10	0.2	0.026332
-10	0.3	0.031292
-10	0.4	0.039361
-10	0.5	0.043605
-10	0.6	0.048308
-10	0.7	0.053071
-10	0.8	0.056772
-10	0.9	0.058879
-10	1	0.059023
-10	1.1	0.058329
-10	1.2	0.054254
-10	1.3	0.049489
-10	1.4	0.044549
-10	1.5	0.041337
-10	1.6	0.03551
-10	1.7	0.033019
-10	1.8	0.031169
-10	1.9	0.030429
-10	2	0.029311
-10	2.1	0.02893
-10	2.2	0.026878
-10	2.3	0.02474
-10	2.4	0.022305
-10	2.5	0.020627
-10	2.6	0.019629
-10	2.7	0.01861
-10	2.8	0.017244
-10	2.9	0.016038
-10	3	0.014096
-10	3.1	0.012976
-10	3.2	0.011279
-10	3.3	0.010333
-10	3.4	0.0099954
-10	3.5	0.010285
-10	3.6	0.0098127
-10	3.7	0.0089478
-10	3.8	0.0075936
-10	3.9	0.0077516
-10	4	0.0068743
0	-4	0.010418
0	-3.9	0.010811
0	-3.8	0.010052
0	-3.7	0.0082818
0	-3.6	0.0069677
0	-3.5	0.0081836
0	-3.4	0.0098734
0	-3.3	0.012967
0	-3.2	0.015104
0	-3.1	0.015558
0	-3	0.015615
0	-2.9	0.016038
0	-2.8	0.017232
0	-2.7	0.021579
0	-2.6	0.025609
0	-2.5	0.030754
0	-2.4	0.034074
0	-2.3	0.035295
0	-2.2	0.033838
0	-2.1	0.032137
0	-2	0.032525
0	-1.9	0.033552
0	-1.8	0.034501
0	-1.7	0.03464
0	-1.6	0.033983
0	-1.5	0.033358
0	-1.4	0.034957
0	-1.3	0.038502
0	-1.2	0.043759
0	-1.1	0.052301
0	-1	0.057002
0	-0.9	0.05913
0	-0.8	0.05899
0	-0.7	0.05567
0	-0.6	0.050087
0	-0.5	0.040032
0	-0.4	0.032703
0	-0.3	0.024248
0	-0.2	0.015714
0	-0.1	0.013569
0	0	0.015065
0	0.1	0.021173
0	0.2	0.024635
0	0.3	0.027683
0	0.4	0.034216
0	0.5	0.041523
0	0.6	0.046309
0	0.7	0.050209
0	0.8	0.053899
0	0.9	0.055984
0	1	0.055513
0	1.1	0.05392
0	1.2	0.049232
0	1.3	0.046384
0	1.4	0.042963
0	1.5	0.03852
0	1.6	0.035661
0	1.7	0.033743
0	1.8	0.031957
0	1.9	0.030186
0	2	0.028859
0	2.1	0.027251
0	2.2	0.026116
0	2.3	0.024296
0	2.4	0.022681
0	2.5	0.022103
0	2.6	0.021824
0	2.7	0.020928
0	2.8	0.019611
0	2.9	0.017259
0	3	0.015651
0	3.1	0.014506
0	3.2	0.012987
0	3.3	0.012037
0	3.4	0.012017
0	3.5	0.011399
0	3.6	0.0098816
0	3.7	0.0085355
0	3.8	0.0073426
0	3.9	0.0071869
0	4	0.007935
10	-4	0.0077807
10	-3.9	0.0086034
10	-3.8	0.0092881
10	-3.7	0.0090018
10	-3.6	0.0088314
10	-3.5	0.0088534
10	-3.4	0.0092497
10	-3.3	0.010443
10	-3.2	0.011548
10	-3.1	0.012352
10	-3	0.014085
10	-2.9	0.016158
10	-2.8	0.018134
10	-2.7	0.022162
10	-2.6	0.025062
10	-2.5	0.027726
10	-2.4	0.028471
10	-2.3	0.028648
10	-2.2	0.028792
10	-2.1	0.029398
10	-2	0.030952
10	-1.9	0.031831
10	-1.8	0.032602
10	-1.7	0.032271
10	-1.6	0.030461
10	-1.5	0.029497
10	-1.4	0.031858
10	-1.3	0.035382
10	-1.2	0.04312
10	-1.1	0.04893
10	-1	0.05638
10	-0.9	0.05962
10	-0.8	0.059591
10	-0.7	0.055213
10	-0.6	0.049467
10	-0.5	0.040019
10	-0.4	0.029324
10	-0.3	0.024447
10	-0.2	0.016459
10	-0.1	0.014208
10	0	0.01649
10	0.1	0.018385
10	0.2	0.021373
10	0.3	0.025528
10	0.4	0.032509
10	0.5	0.038265
10	0.6	0.042971
10	0.7	0.047934
10	0.8	0.051537
10	0.9	0.053291
10	1	0.05398
10	1.1	0.052301
10	1.2	0.050084
10	1.3	0.045392
10	1.4	0.0422
10	1.5	0.038754
10	1.6	0.036527
10	1.7	0.034455
10	1.8	0.032915
10	1.9	0.031793
10	2	0.029875
10	2.1	0.028125
10	2.2	0.026529
10	2.3	0.025334
10	2.4	0.023551
10	2.5	0.022805
10	2.6	0.022429
10	2.7	0.021579
10	2.8	0.01992
10	2.9	0.017572
10	3	0.015963
10	3.1	0.014285
10	3.2	0.012363
10	3.3	0.01124
10	3.4	0.010671
10	3.5	0.010004
10	3.6	0.010015
10	3.7	0.0087782
10	3.8	0.0079126
10	3.9	0.0076762
10	4	0.0081262
20	-4	0.010013
20	-3.9	0.0101
20	-3.8	0.0092985
20	-3.7	0.0080342
20	-3.6	0.0064196
20	-3.5	0.0065021
20	-3.4	0.0077745
20	-3.3	0.0094297
20	-3.2	0.010389
20	-3.1	0.011471
20	-3	0.012091
20	-2.9	0.013351
20	-2.8	0.015253
20	-2.7	0.02028
20	-2.6	0.023246
20	-2.5	0.026212
20	-2.4	0.027825
20	-2.3	0.027913
20	-2.2	0.02731
20	-2.1	0.026472
20	-2	0.027247
20	-1.9	0.030063
20	-1.8	0.031814
20	-1.7	0.032307
20	-1.6	0.030883
20	-1.5	0.02845
20	-1.4	0.028741
20	-1.3	0.034113
20	-1.2	0.039283
20	-1.1	0.047194
20	-1	0.054773
20	-0.9	0.060195
20	-0.8	0.060564
20	-0.7	0.057033
20	-0.6	0.04909
20	-0.5	0.039188
20	-0.4	0.033348
20	-0.3	0.022362
20	-0.2	0.01396
20	-0.1	0.011832
20	0	0.01283
20	0.1	0.01523
20	0.2	0.01969
20	0.3	0.023476
20	0.4	0.028543
20	0.5	0.037077
20	0.6	0.042124
20	0.7	0.048221
20	0.8	0.05105
20	0.9	0.05225
20	1	0.051808
20	1.1	0.049835
20	1.2	0.047144
20	1.3	0.044079
20	1.4	0.041276
20	1.5	0.038316
20	1.6	0.034424
20	1.7	0.031518
20	1.8	0.028847
20	1.9	0.02715
20	2	0.026472
20	2.1	0.026623
20	2.2	0.026176
20	2.3	0.02549
20	2.4	0.024226
20	2.5	0.021923
20	2.6	0.020328
20	2.7	0.01897
20	2.8	0.018812
20	2.9	0.018221
20	3	0.016953
20	3.1	0.014841
20	3.2	0.012486
20	3.3	0.010282
20	3.4	0.0081282
20	3.5	0.0085827
20	3.6	0.0089604
20	3.7	0.0095878
20	3.8	0.0096717
20	3.9	0.0093367
20	4	0.008154
30	-4	0.0071756
30	-3.9	0.0068152
30	-3.8	0.0064497
30	-3.7	0.006517
30	-3.6	0.0071779
30	-3.5	0.0077683
30	-3.4	0.0080563
30	-3.3	0.0080823
30	-3.2	0.0080683
30	-3.1	0.0082525
30	-3	0.0095641
30	-2.9	0.011523
30	-2.8	0.013985
30	-2.7	0.017514
30	-2.6	0.020703
30	-2.5	0.023672
30	-2.4	0.026092
30	-2.3	0.027075
30	-2.2	0.026813
30	-2.1	0.027147
30	-2	0.028393
30	-1.9	0.030444
30	-1.8	0.03356
30	-1.7	0.033568
30	-1.6	0.030989
30	-1.5	0.029583
30	-1.4	0.030746
30	-1.3	0.033522
30	-1.2	0.043769
30	-1.1	0.050456
30	-1	0.0573
30	-0.9	0.061396
30	-0.8	0.061017
30	-0.7	0.058537
30	-0.6	0.050505
30	-0.5	0.042098
30	-0.4	0.033522
30	-0.3	0.022101
30	-0.2	0.014676
30	-0.1	0.011064
30	0	0.011897
30	0.1	0.013314
30	0.2	0.0165
30	0.3	0.021307
30	0.4	0.029857
30	0.5	0.037715
30	0.6	0.04235
30	0.7	0.04719
30	0.8	0.050228
30	0.9	0.050936
30	1	0.049871
30	1.1	0.048033
30	1.2	0.046675
30	1.3	0.044071
30	1.4	0.04053
30	1.5	0.036326
30	1.6	0.035165
30	1.7	0.031733
30	1.8	0.029258
30	1.9	0.027525
30	2	0.026788
30	2.1	0.026112
30	2.2	0.025761
30	2.3	0.024176
30	2.4	0.022374
30	2.5	0.020889
30	2.6	0.019559
30	2.7	0.018918
30	2.8	0.018266
30	2.9	0.017623
30	3	0.016403
30	3.1	0.014536
30	3.2	0.012183
30	3.3	0.010102
30	3.4	0.0089784
30	3.5	0.0084307
30	3.6	0.0078839
30	3.7	0.0076846
30	3.8	0.0071032
30	3.9	0.0065096
30	4	0.0059925
40	-4	0.0074562
40	-3.9	0.0069862
40	-3.8	0.006559
40	-3.7	0.0071214
40	-3.6	0.007336
40	-3.5	0.0082446
40	-3.4	0.0088259
40	-3.3	0.0093436
40	-3.2	0.0099614
40	-3.1	0.010149
40	-3	0.010801
40	-2.9	0.011733
40	-2.8	0.013771
40	-2.7	0.018064
40	-2.6	0.021632
40	-2.5	0.024825
40	-2.4	0.027307
40	-2.3	0.028862
40	-2.2	0.028733
40	-2.1	0.028029
40	-2	0.028621
40	-1.9	0.029235
40	-1.8	0.032177
40	-1.7	0.032619
40	-1.6	0.032476
40	-1.5	0.030967
40	-1.4	0.030844
40	-1.3	0.034079
40	-1.2	0.039755
40	-1.1	0.04598
40	-1	0.051696
40	-0.9	0.056921
40	-0.8	0.05801
40	-0.7	0.0564
40	-0.6	0.049487
40	-0.5	0.041956
40	-0.4	0.033865
40	-0.3	0.024542
40	-0.2	0.016762
40	-0.1	0.012971
40	0	0.012078
40	0.1	0.013272
40	0.2	0.016948
40	0.3	0.020945
40	0.4	0.026141
40	0.5	0.032368
40	0.6	0.038447
40	0.7	0.044629
40	0.8	0.047554
40	0.9	0.051246
40	1	0.05149
40	1.1	0.05014
40	1.2	0.04618
40	1.3	0.044053
40	1.4	0.039019
40	1.5	0.035907
40	1.6	0.032651
40	1.7	0.031235
40	1.8	0.030146
40	1.9	0.029098
40	2	0.02863
40	2.1	0.027134
40	2.2	0.025845
40	2.3	0.024813
40	2.4	0.024174
40	2.5	0.023432
40	2.6	0.022865
40	2.7	0.021391
40	2.8	0.020202
40	2.9	0.017205
40	3	0.015139
40	3.1	0.013697
40	3.2	0.01277
40	3.3	0.012553
40	3.4	0.012159
40	3.5	0.011503
40	3.6	0.010438
40	3.7	0.0086838
40	3.8	0.0082014
40	3.9	0.0078962
40	4	0.0079776
50	-4	0.007737
50	-3.9	0.0076191
50	-3.8	0.0078531
50	-3.7	0.0082427
50	-3.6	0.0082935
50	-3.5	0.0079228
50	-3.4	0.0081142
50	-3.3	0.0084326
50	-3.2	0.0094963
50	-3.1	0.012104
50	-3	0.012977
50	-2.9	0.013216
50	-2.8	0.014944
50	-2.7	0.016367
50	-2.6	0.019024
50	-2.5	0.023043
50	-2.4	0.026362
50	-2.3	0.028855
50	-2.2	0.032287
50	-2.1	0.032886
50	-2	0.03193
50	-1.9	0.031174
50	-1.8	0.030703
50	-1.7	0.030476
50	-1.6	0.031219
50	-1.5	0.031999
50	-1.4	0.033236
50	-1.3	0.03672
50	-1.2	0.040466
50	-1.1	0.047572
50	-1	0.052909
50	-0.9	0.056364
50	-0.8	0.057107
50	-0.7	0.054288
50	-0.6	0.04995
50	-0.5	0.042943
50	-0.4	0.037116
50	-0.3	0.026965
50	-0.2	0.021535
50	-0.1	0.017202
50	0	0.013639
50	0.1	0.013479
50	0.2	0.014834
50	0.3	0.017825
50	0.4	0.023905
50	0.5	0.027726
50	0.6	0.035771
50	0.7	0.039378
50	0.8	0.0469
50	0.9	0.04905
50	1	0.050531
50	1.1	0.050281
50	1.2	0.048324
50	1.3	0.045869
50	1.4	0.040525
50	1.5	0.038195
50	1.6	0.034873
50	1.7	0.03219
50	1.8	0.030381
50	1.9	0.030062
50	2	0.029659
50	2.1	0.028997
50	2.2	0.02855
50	2.3	0.028429
50	2.4	0.027334
50	2.5	0.025506
50	2.6	0.024072
50	2.7	0.021674
50	2.8	0.019915
50	2.9	0.015849
50	3	0.014144
50	3.1	0.012471
50	3.2	0.012286
50	3.3	0.011859
50	3.4	0.010534
50	3.5	0.0097648
50	3.6	0.0083981
50	3.7	0.0070139
50	3.8	0.0060194
50	3.9	0.0059383
50	4	0.0070001
60	-4	0.0062227
60	-3.9	0.0074518
60	-3.8	0.0080039
60	-3.7	0.007816
60	-3.6	0.0073294
60	-3.5	0.0064996
60	-3.4	0.0057447
60	-3.3	0.0070918
60	-3.2	0.0089712
60	-3.1	0.011467
60	-3	0.012228
60	-2.9	0.0119
60	-2.8	0.012031
60	-2.7	0.013146
60	-2.6	0.017215
60	-2.5	0.021637
60	-2.4	0.024733
60	-2.3	0.027465
60	-2.2	0.029068
60	-2.1	0.030038
60	-2	0.029323
60	-1.9	0.028505
60	-1.8	0.028845
60	-1.7	0.030235
60	-1.6	0.032071
60	-1.5	0.033962
60	-1.4	0.034393
60	-1.3	0.036263
60	-1.2	0.040138
60	-1.1	0.047137
60	-1	0.054013
60	-0.9	0.060704
60	-0.8	0.062807
60	-0.7	0.062317
60	-0.6	0.057894
60	-0.5	0.048781
60	-0.4	0.039622
60	-0.3	0.029686
60	-0.2	0.019584
60	-0.1	0.014917
60	0	0.012514
60	0.1	0.012095
60	0.2	0.013883
60	0.3	0.018755
60	0.4	0.024665
60	0.5	0.031057
60	0.6	0.039441
60	0.7	0.046925
60	0.8	0.050378
60	0.9	0.053721
60	1	0.054474
60	1.1	0.053527
60	1.2	0.051306
60	1.3	0.048611
60	1.4	0.044777
60	1.5	0.041077
60	1.6	0.037294
60	1.7	0.031214
60	1.8	0.028332
60	1.9	0.027016
60	2	0.027715
60	2.1	0.028185
60	2.2	0.028224
60	2.3	0.028144
60	2.4	0.02627
60	2.5	0.022174
60	2.6	0.019992
60	2.7	0.01684
60	2.8	0.015832
60	2.9	0.01563
60	3	0.014973
60	3.1	0.014205
60	3.2	0.012782
60	3.3	0.011458
60	3.4	0.007653
60	3.5	0.0061575
60	3.6	0.0062796
60	3.7	0.0066545
60	3.8	0.0076951
60	3.9	0.0070804
60	4	0.0070918
70	-4	0.0079309
70	-3.9	0.0083363
70	-3.8	0.0089838
70	-3.7	0.0087024
70	-3.6	0.0080422
70	-3.5	0.0076466
70	-3.4	0.0074432
70	-3.3	0.0082466
70	-3.2	0.0098685
70	-3.1	0.011718
70	-3	0.012869
70	-2.9	0.013388
70	-2.8	0.015372
70	-2.7	0.017183
70	-2.6	0.022237
70	-2.5	0.026555
70	-2.4	0.027739
70	-2.3	0.029174
70	-2.2	0.029451
70	-2.1	0.029673
70	-2	0.030278
70	-1.9	0.031614
70	-1.8	0.033281
70	-1.7	0.034
70	-1.6	0.033105
70	-1.5	0.032085
70	-1.4	0.03113
70	-1.3	0.033879
70	-1.2	0.039238
70	-1.1	0.045992
70	-1	0.054521
70	-0.9	0.058516
70	-0.8	0.060314
70	-0.7	0.058064
70	-0.6	0.056285
70	-0.5	0.045865
70	-0.4	0.038531
70	-0.3	0.027361
70	-0.2	0.021179
70	-0.1	0.015771
70	0	0.014797
70	0.1	0.014855
70	0.2	0.017721
70	0.3	0.020298
70	0.4	0.025896
70	0.5	0.028315
70	0.6	0.036352
70	0.7	0.042203
70	0.8	0.046875
70	0.9	0.051673
70	1	0.052775
70	1.1	0.053062
70	1.2	0.051357
70	1.3	0.046996
70	1.4	0.043683
70	1.5	0.038744
70	1.6	0.034364
70	1.7	0.031566
70	1.8	0.030862
70	1.9	0.031232
70	2	0.03082
70	2.1	0.029862
70	2.2	0.02857
70	2.3	0.027409
70	2.4	0.025784
70	2.5	0.024445
70	2.6	0.023589
70	2.7	0.023619
70	2.8	0.023429
70	2.9	0.022433
70	3	0.020194
70	3.1	0.018578
70	3.2	0.015604
70	3.3	0.012747
70	3.4	0.010756
70	3.5	0.010229
70	3.6	0.010401
70	3.7	0.010552
70	3.8	0.010417
70	3.9	0.0099517
70	4	0.0084918
80	-4	0.0094519
80	-3.9	0.011183
80	-3.8	0.0116
80	-3.7	0.010342
80	-3.6	0.0089043
80	-3.5	0.0074497
80	-3.4	0.007789
80	-3.3	0.0092968
80	-3.2	0.011617
80	-3.1	0.013117
80	-3	0.01368
80	-2.9	0.01463
80	-2.8	0.016028
80	-2.7	0.018968
80	-2.6	0.02292
80	-2.5	0.027258
80	-2.4	0.029278
80	-2.3	0.030064
80	-2.2	0.029542
80	-2.1	0.028849
80	-2	0.028783
80	-1.9	0.030449
80	-1.8	0.03245
80	-1.7	0.033348
80	-1.6	0.033685
80	-1.5	0.03294
80	-1.4	0.031168
80	-1.3	0.032398
80	-1.2	0.035829
80	-1.1	0.044656
80	-1	0.04959
80	-0.9	0.05707
80	-0.8	0.060132
80	-0.7	0.059795
80	-0.6	0.056143
80	-0.5	0.051063
80	-0.4	0.042992
80	-0.3	0.034679
80	-0.2	0.022863
80	-0.1	0.015622
80	0	0.014285
80	0.1	0.014466
80	0.2	0.015811
80	0.3	0.019703
80	0.4	0.025161
80	0.5	0.032746
80	0.6	0.039036
80	0.7	0.04599
80	0.8	0.049744
80	0.9	0.054799
80	1	0.055937
80	1.1	0.054212
80	1.2	0.052246
80	1.3	0.048143
80	1.4	0.043071
80	1.5	0.038812
80	1.6	0.036391
80	1.7	0.034178
80	1.8	0.032701
80	1.9	0.031465
80	2	0.02995
80	2.1	0.027984
80	2.2	0.026018
80	2.3	0.025102
80	2.4	0.024707
80	2.5	0.024347
80	2.6	0.024149
80	2.7	0.023086
80	2.8	0.022034
80	2.9	0.019092
80	3	0.016401
80	3.1	0.014652
80	3.2	0.013027
80	3.3	0.012549
80	3.4	0.012323
80	3.5	0.012245
80	3.6	0.012195
80	3.7	0.011091
80	3.8	0.0089514
80	3.9	0.0084096
80	4	0.0086949
90	-4	0.0098209
90	-3.9	0.010633
90	-3.8	0.0098061
90	-3.7	0.0082093
90	-3.6	0.0075102
90	-3.5	0.007069
90	-3.4	0.0086165
90	-3.3	0.010914
90	-3.2	0.012004
90	-3.1	0.012297
90	-3	0.013139
90	-2.9	0.013365
90	-2.8	0.015542
90	-2.7	0.019799
90	-2.6	0.025282
90	-2.5	0.028102
90	-2.4	0.030593
90	-2.3	0.031005
90	-2.2	0.029845
90	-2.1	0.029375
90	-2	0.029861
90	-1.9	0.032088
90	-1.8	0.034695
90	-1.7	0.034753
90	-1.6	0.03411
90	-1.5	0.031847
90	-1.4	0.030329
90	-1.3	0.033367
90	-1.2	0.039357
90	-1.1	0.044828
90	-1	0.052039
90	-0.9	0.056596
90	-0.8	0.058
90	-0.7	0.057171
90	-0.6	0.054877
90	-0.5	0.045038
90	-0.4	0.041914
90	-0.3	0.03136
90	-0.2	0.020793
90	-0.1	0.016613
90	0	0.014396
90	0.1	0.015211
90	0.2	0.016224
90	0.3	0.02157
90	0.4	0.027863
90	0.5	0.032753
90	0.6	0.038628
90	0.7	0.045353
90	0.8	0.04936
90	0.9	0.051453
90	1	0.052998
90	1.1	0.052833
90	1.2	0.05092
90	1.3	0.048098
90	1.4	0.045156
90	1.5	0.041059
90	1.6	0.038208
90	1.7	0.034079
90	1.8	0.033123
90	1.9	0.032757
90	2	0.032632
90	2.1	0.031999
90	2.2	0.031548
90	2.3	0.030227
90	2.4	0.0293
90	2.5	0.027749
90	2.6	0.026541
90	2.7	0.024823
90	2.8	0.023872
90	2.9	0.022475
90	3	0.018982
90	3.1	0.017832
90	3.2	0.014926
90	3.3	0.01426
90	3.4	0.013203
90	3.5	0.012557
90	3.6	0.012598
90	3.7	0.012147
90	3.8	0.011268
90	3.9	0.0098718
90	4	0.0092235
100	-4	0.0084861
100	-3.9	0.0085525
100	-3.8	0.0084652
100	-3.7	0.0083595
100	-3.6	0.0081955
100	-3.5	0.0090501
100	-3.4	0.0098308
100	-3.3	0.011311
100	-3.2	0.011885
100	-3.1	0.012449
100	-3	0.01306
100	-2.9	0.014375
100	-2.8	0.016818
100	-2.7	0.019842
100	-2.6	0.024034
100	-2.5	0.028191
100	-2.4	0.030335
100	-2.3	0.032245
100	-2.2	0.032768
100	-2.1	0.032866
100	-2	0.032959
100	-1.9	0.034078
100	-1.8	0.034691
100	-1.7	0.035179
100	-1.6	0.034685
100	-1.5	0.033231
100	-1.4	0.032228
100	-1.3	0.033762
100	-1.2	0.038332
100	-1.1	0.04502
100	-1	0.050879
100	-0.9	0.055591
100	-0.8	0.058294
100	-0.7	0.05692
100	-0.6	0.05457
100	-0.5	0.047375
100	-0.4	0.039828
100	-0.3	0.030399
100	-0.2	0.023753
100	-0.1	0.01893
100	0	0.015557
100	0.1	0.014732
100	0.2	0.016635
100	0.3	0.019149
100	0.4	0.02342
100	0.5	0.033621
100	0.6	0.039387
100	0.7	0.045224
100	0.8	0.051762
100	0.9	0.054452
100	1	0.056132
100	1.1	0.055991
100	1.2	0.053233
100	1.3	0.048985
100	1.4	0.044269
100	1.5	0.040026
100	1.6	0.037491
100	1.7	0.033508
100	1.8	0.032353
100	1.9	0.032123
100	2	0.032914
100	2.1	0.033032
100	2.2	0.032155
100	2.3	0.030688
100	2.4	0.02991
100	2.5	0.027432
100	2.6	0.025944
100	2.7	0.023462
100	2.8	0.021787
100	2.9	0.020559
100	3	0.019364
100	3.1	0.016933
100	3.2	0.01568
100	3.3	0.01435
100	3.4	0.011808
100	3.5	0.010415
100	3.6	0.0095692
100	3.7	0.0085374
100	3.8	0.0087984
100	3.9	0.0088351
100	4	0.0087154
110	-4	0.0078346
110	-3.9	0.0082486
110	-3.8	0.0089784
110	-3.7	0.0082309
110	-3.6	0.0076445
110	-3.5	0.0071936
110	-3.4	0.0076382
110	-3.3	0.0092217
110	-3.2	0.01166
110	-3.1	0.012906
110	-3	0.012899
110	-2.9	0.013509
110	-2.8	0.014518
110	-2.7	0.016435
110	-2.6	0.022031
110	-2.5	0.026932
110	-2.4	0.030954
110	-2.3	0.03417
110	-2.2	0.03452
110	-2.1	0.0337
110	-2	0.032676
110	-1.9	0.032078
110	-1.8	0.033065
110	-1.7	0.033851
110	-1.6	0.033898
110	-1.5	0.032509
110	-1.4	0.031433
110	-1.3	0.032027
110	-1.2	0.035547
110	-1.1	0.040652
110	-1	0.046777
110	-0.9	0.05156
110	-0.8	0.055726
110	-0.7	0.055885
110	-0.6	0.052049
110	-0.5	0.047944
110	-0.4	0.040407
110	-0.3	0.029463
110	-0.2	0.023197
110	-0.1	0.017813
110	0	0.015477
110	0.1	0.013812
110	0.2	0.015522
110	0.3	0.019956
110	0.4	0.024594
110	0.5	0.031687
110	0.6	0.039679
110	0.7	0.04525
110	0.8	0.051497
110	0.9	0.054946
110	1	0.055581
110	1.1	0.053637
110	1.2	0.049981
110	1.3	0.047433
110	1.4	0.042552
110	1.5	0.039516
110	1.6	0.035604
110	1.7	0.034838
110	1.8	0.031934
110	1.9	0.031275
110	2	0.03103
110	2.1	0.030479
110	2.2	0.029884
110	2.3	0.028913
110	2.4	0.027864
110	2.5	0.026226
110	2.6	0.024201
110	2.7	0.021092
110	2.8	0.019027
110	2.9	0.016974
110	3	0.016523
110	3.1	0.01479
110	3.2	0.014211
110	3.3	0.013441
110	3.4	0.012998
110	3.5	0.0095827
110	3.6	0.0089134
110	3.7	0.0072851
110	3.8	0.0067629
110	3.9	0.0063994
110	4	0.0060835
120	-4	0.007508
120	-3.9	0.0067939
120	-3.8	0.0070735
120	-3.7	0.0063893
120	-3.6	0.0063512
120	-3.5	0.0065566
120	-3.4	0.0066884
120	-3.3	0.0077307
120	-3.2	0.0081282
120	-3.1	0.009608
120	-3	0.011352
120	-2.9	0.012227
120	-2.8	0.015076
120	-2.7	0.016438
120	-2.6	0.019244
120	-2.5	0.023385
120	-2.4	0.027356
120	-2.3	0.029207
120	-2.2	0.031998
120	-2.1	0.033377
120	-2	0.033636
120	-1.9	0.034052
120	-1.8	0.033799
120	-1.7	0.033029
120	-1.6	0.032075
120	-1.5	0.030286
120	-1.4	0.030165
120	-1.3	0.031061
120	-1.2	0.036525
120	-1.1	0.040174
120	-1	0.048139
120	-0.9	0.05207
120	-0.8	0.054374
120	-0.7	0.054344
120	-0.6	0.051375
120	-0.5	0.045794
120	-0.4	0.037611
120	-0.3	0.030007
120	-0.2	0.020947
120	-0.1	0.017092
120	0	0.014209
120	0.1	0.012979
120	0.2	0.014475
120	0.3	0.019105
120	0.4	0.022698
120	0.5	0.030484
120	0.6	0.038959
120	0.7	0.04567
120	0.8	0.049328
120	0.9	0.051404
120	1	0.051688
120	1.1	0.051073
120	1.2	0.0489
120	1.3	0.04572
120	1.4	0.04345
120	1.5	0.040712
120	1.6	0.035825
120	1.7	0.033854
120	1.8	0.03075
120	1.9	0.030024
120	2	0.030277
120	2.1	0.030245
120	2.2	0.029985
120	2.3	0.02824
120	2.4	0.026864
120	2.5	0.024912
120	2.6	0.02203
120	2.7	0.020166
120	2.8	0.018517
120	2.9	0.017471
120	3	0.015218
120	3.1	0.013839
120	3.2	0.012135
120	3.3	0.010404
120	3.4	0.0098406
120	3.5	0.0090876
120	3.6	0.0089424
120	3.7	0.008311
120	3.8	0.0075638
120	3.9	0.0066057
120	4	0.006259
130	-4	0.0080923
130	-3.9	0.008946
130	-3.8	0.0086184
130	-3.7	0.0081619
130	-3.6	0.0068907
130	-3.5	0.0063817
130	-3.4	0.00697
130	-3.3	0.0076445
130	-3.2	0.0089838
130	-3.1	0.0094365
130	-3	0.0095201
130	-2.9	0.010689
130	-2.8	0.01375
130	-2.7	0.01907
130	-2.6	0.02371
130	-2.5	0.026743
130	-2.4	0.02895
130	-2.3	0.029869
130	-2.2	0.030199
130	-2.1	0.03188
130	-2	0.033988
130	-1.9	0.036464
130	-1.8	0.037709
130	-1.7	0.037427
130	-1.6	0.034355
130	-1.5	0.029364
130	-1.4	0.026899
130	-1.3	0.027079
130	-1.2	0.033153
130	-1.1	0.040698
130	-1	0.050353
130	-0.9	0.055459
130	-0.8	0.056326
130	-0.7	0.054335
130	-0.6	0.047881
130	-0.5	0.039312
130	-0.4	0.029728
130	-0.3	0.026344
130	-0.2	0.016956
130	-0.1	0.015173
130	0	0.014789
130	0.1	0.015979
130	0.2	0.019449
130	0.3	0.024054
130	0.4	0.029081
130	0.5	0.036189
130	0.6	0.041184
130	0.7	0.044548
130	0.8	0.047745
130	0.9	0.048541
130	1	0.049061
130	1.1	0.047566
130	1.2	0.045652
130	1.3	0.040706
130	1.4	0.037481
130	1.5	0.032061
130	1.6	0.027985
130	1.7	0.027235
130	1.8	0.026929
130	1.9	0.027735
130	2	0.02879
130	2.1	0.028435
130	2.2	0.026427
130	2.3	0.024903
130	2.4	0.023809
130	2.5	0.023242
130	2.6	0.023001
130	2.7	0.02315
130	2.8	0.022616
130	2.9	0.02144
130	3	0.017453
130	3.1	0.014538
130	3.2	0.01259
130	3.3	0.011232
130	3.4	0.012265
130	3.5	0.012747
130	3.6	0.012155
130	3.7	0.011314
130	3.8	0.0088607
130	3.9	0.0074994
130	4	0.0071644
140	-4	0.0076064
140	-3.9	0.00922
140	-3.8	0.0094622
140	-3.7	0.0093695
140	-3.6	0.0076635
140	-3.5	0.006635
140	-3.4	0.0063002
140	-3.3	0.0069839
140	-3.2	0.008469
140	-3.1	0.0096298
140	-3	0.010893
140	-2.9	0.011837
140	-2.8	0.014643
140	-2.7	0.018235
140	-2.6	0.02224
140	-2.5	0.025201
140	-2.4	0.02755
140	-2.3	0.028769
140	-2.2	0.02971
140	-2.1	0.031567
140	-2	0.034805
140	-1.9	0.037247
140	-1.8	0.039886
140	-1.7	0.03852
140	-1.6	0.033771
140	-1.5	0.028273
140	-1.4	0.025722
140	-1.3	0.026954
140	-1.2	0.034383
140	-1.1	0.039764
140	-1	0.050337
140	-0.9	0.05523
140	-0.8	0.05596
140	-0.7	0.052367
140	-0.6	0.048569
140	-0.5	0.041886
140	-0.4	0.033071
140	-0.3	0.026576
140	-0.2	0.018211
140	-0.1	0.014926
140	0	0.014267
140	0.1	0.014358
140	0.2	0.015846
140	0.3	0.023611
140	0.4	0.026968
140	0.5	0.035026
140	0.6	0.04142
140	0.7	0.04608
140	0.8	0.048862
140	0.9	0.04852
140	1	0.047226
140	1.1	0.044539
140	1.2	0.039496
140	1.3	0.036909
140	1.4	0.034117
140	1.5	0.030861
140	1.6	0.029556
140	1.7	0.027251
140	1.8	0.026558
140	1.9	0.025469
140	2	0.025463
140	2.1	0.024502
140	2.2	0.024045
140	2.3	0.023238
140	2.4	0.022368
140	2.5	0.021615
140	2.6	0.020326
140	2.7	0.018825
140	2.8	0.01803
140	2.9	0.01643
140	3	0.015155
140	3.1	0.012728
140	3.2	0.010535
140	3.3	0.0088661
140	3.4	0.0081678
140	3.5	0.0071891
140	3.6	0.0070895
140	3.7	0.007347
140	3.8	0.0078428
140	3.9	0.0076888
140	4	0.0074388
150	-4	0.0078654
150	-3.9	0.0090626
150	-3.8	0.0087947
150	-3.7	0.0078634
150	-3.6	0.0063181
150	-3.5	0.0055355
150	-3.4	0.0071418
150	-3.3	0.0078263
150	-3.2	0.0081915
150	-3.1	0.0080261
150	-3	0.0075958
150	-2.9	0.009675
150	-2.8	0.01285
150	-2.7	0.018797
150	-2.6	0.023066
150	-2.5	0.027742
150	-2.4	0.028896
150	-2.3	0.02962
150	-2.2	0.029986
150	-2.1	0.030401
150	-2	0.03296
150	-1.9	0.035418
150	-1.8	0.038584
150	-1.7	0.038481
150	-1.6	0.035231
150	-1.5	0.029975
150	-1.4	0.025475
150	-1.3	0.024993
150	-1.2	0.03356
150	-1.1	0.04119
150	-1	0.049884
150	-0.9	0.055464
150	-0.8	0.057318
150	-0.7	0.055931
150	-0.6	0.048506
150	-0.5	0.043306
150	-0.4	0.033374
150	-0.3	0.023588
150	-0.2	0.018539
150	-0.1	0.015264
150	0	0.014375
150	0.1	0.015302
150	0.2	0.018128
150	0.3	0.02483
150	0.4	0.02938
150	0.5	0.036348
150	0.6	0.043387
150	0.7	0.046276
150	0.8	0.04778
150	0.9	0.046231
150	1	0.043394
150	1.1	0.041282
150	1.2	0.035118
150	1.3	0.033478
150	1.4	0.031119
150	1.5	0.029268
150	1.6	0.026567
150	1.7	0.024556
150	1.8	0.022414
150	1.9	0.021959
150	2	0.022156
150	2.1	0.022745
150	2.2	0.02305
150	2.3	0.022977
150	2.4	0.021531
150	2.5	0.018576
150	2.6	0.016475
150	2.7	0.015672
150	2.8	0.014969
150	2.9	0.015126
150	3	0.014859
150	3.1	0.014061
150	3.2	0.011958
150	3.3	0.010356
150	3.4	0.007225
150	3.5	0.0066545
150	3.6	0.0069281
150	3.7	0.0087394
150	3.8	0.0092462
150	3.9	0.0083711
150	4	0.0066081
160	-4	0.010181
160	-3.9	0.010105
160	-3.8	0.0092287
160	-3.7	0.0077412
160	-3.6	0.0060702
160	-3.5	0.0075595
160	-3.4	0.0095116
160	-3.3	0.010581
160	-3.2	0.01042
160	-3.1	0.0098324
160	-3	0.008732
160	-2.9	0.010698
160	-2.8	0.018005
160	-2.7	0.021963
160	-2.6	0.028144
160	-2.5	0.029925
160	-2.4	0.032561
160	-2.3	0.033233
160	-2.2	0.033166
160	-2.1	0.033979
160	-2	0.037296
160	-1.9	0.03999
160	-1.8	0.042154
160	-1.7	0.040786
160	-1.6	0.037111
160	-1.5	0.02884
160	-1.4	0.026124
160	-1.3	0.026893
160	-1.2	0.032631
160	-1.1	0.04129
160	-1	0.051569
160	-0.9	0.055512
160	-0.8	0.056882
160	-0.7	0.055738
160	-0.6	0.048401
160	-0.5	0.044263
160	-0.4	0.033683
160	-0.3	0.024535
160	-0.2	0.020595
160	-0.1	0.018625
160	0	0.018208
160	0.1	0.018858
160	0.2	0.022314
160	0.3	0.025804
160	0.4	0.030845
160	0.5	0.034653
160	0.6	0.041158
160	0.7	0.043235
160	0.8	0.044106
160	0.9	0.043776
160	1	0.043142
160	1.1	0.040425
160	1.2	0.037394
160	1.3	0.034138
160	1.4	0.031108
160	1.5	0.028359
160	1.6	0.024186
160	1.7	0.022054
160	1.8	0.02061
160	1.9	0.020876
160	2	0.021558
160	2.1	0.021977
160	2.2	0.022143
160	2.3	0.021606
160	2.4	0.02058
160	2.5	0.018415
160	2.6	0.016771
160	2.7	0.015762
160	2.8	0.014548
160	2.9	0.013321
160	3	0.011829
160	3.1	0.010538
160	3.2	0.009554
160	3.3	0.0085089
160	3.4	0.00711
160	3.5	0.0066569
160	3.6	0.0069047
160	3.7	0.0070231
160	3.8	0.0064597
160	3.9	0.0059274
160	4	0.0055003
170	-4	0.0094639
170	-3.9	0.0093003
170	-3.8	0.0077056
170	-3.7	0.0066496
170	-3.6	0.0064722
170	-3.5	0.0067676
170	-3.4	0.009302
170	-3.3	0.010415
170	-3.2	0.00969
170	-3.1	0.0085412
170	-3	0.0080181
170	-2.9	0.011626
170	-2.8	0.016211
170	-2.7	0.022986
170	-2.6	0.026126
170	-2.5	0.030375
170	-2.4	0.032221
170	-2.3	0.032998
170	-2.2	0.03362
170	-2.1	0.035181
170	-2	0.038389
170	-1.9	0.041027
170	-1.8	0.041594
170	-1.7	0.03886
170	-1.6	0.033794
170	-1.5	0.02913
170	-1.4	0.025491
170	-1.3	0.027236
170	-1.2	0.033471
170	-1.1	0.044294
170	-1	0.052648
170	-0.9	0.056018
170	-0.8	0.057113
170	-0.7	0.054331
170	-0.6	0.049082
170	-0.5	0.044364
170	-0.4	0.03329
170	-0.3	0.028897
170	-0.2	0.023434
170	-0.1	0.02071
170	0	0.02031
170	0.1	0.021025
170	0.2	0.025036
170	0.3	0.027909
170	0.4	0.03317
170	0.5	0.038748
170	0.6	0.042699
170	0.7	0.043958
170	0.8	0.04398
170	0.9	0.042986
170	1	0.040617
170	1.1	0.037194
170	1.2	0.032622
170	1.3	0.030408
170	1.4	0.02887
170	1.5	0.02693
170	1.6	0.024711
170	1.7	0.022907
170	1.8	0.02194
170	1.9	0.021078
170	2	0.021098
170	2.1	0.021272
170	2.2	0.021455
170	2.3	0.021356
170	2.4	0.020936
170	2.5	0.018776
170	2.6	0.018
170	2.7	0.015408
170	2.8	0.013772
170	2.9	0.011512
170	3	0.010506
170	3.1	0.010662
170	3.2	0.0095928
170	3.3	0.0091567
170	3.4	0.0083479
170	3.5	0.0076403
170	3.6	0.0066956
170	3.7	0.005691
170	3.8	0.005142
170	3.9	0.0057447
170	4	0.0061863
180	-4	0.008373
180	-3.9	0.0086857
180	-3.8	0.0086596
180	-3.7	0.0069908
180	-3.6	0.0054145
180	-3.5	0.0070415
180	-3.4	0.0087966
180	-3.3	0.010472
180	-3.2	0.012191
180	-3.1	0.011632
180	-3	0.011755
180	-2.9	0.013296
180	-2.8	0.015477
180	-2.7	0.022644
180	-2.6	0.027074
180	-2.5	0.030209
180	-2.4	0.0335
180	-2.3	0.035493
180	-2.2	0.035987
180	-2.1	0.037144
180	-2	0.038133
180	-1.9	0.039593
180	-1.8	0.039604
180	-1.7	0.038772
180	-1.6	0.035433
180	-1.5	0.030522
180	-1.4	0.026991
180	-1.3	0.029572
180	-1.2	0.03516
180	-1.1	0.043686
180	-1	0.051307
180	-0.9	0.055612
180	-0.8	0.059302
180	-0.7	0.057636
180	-0.6	0.052798
180	-0.5	0.044373
180	-0.4	0.038736
180	-0.3	0.029015
180	-0.2	0.0255
180	-0.1	0.022293
180	0	0.020649
180	0.1	0.020009
180	0.2	0.021855
180	0.3	0.026178
180	0.4	0.032273
180	0.5	0.038279
180	0.6	0.042301
180	0.7	0.046195
180	0.8	0.0474
180	0.9	0.046758
180	1	0.043629
180	1.1	0.039911
180	1.2	0.035846
180	1.3	0.032926
180	1.4	0.030957
180	1.5	0.02828
180	1.6	0.025999
180	1.7	0.024196
180	1.8	0.022444
180	1.9	0.021319
180	2	0.020572
180	2.1	0.020352
180	2.2	0.020306
180	2.3	0.019818
180	2.4	0.018513
180	2.5	0.016582
180	2.6	0.015063
180	2.7	0.013407
180	2.8	0.011392
180	2.9	0.010108
180	3	0.0097499
180	3.1	0.0088862
180	3.2	0.0085108
180	3.3	0.0074149
180	3.4	0.0066884
180	3.5	0.0062538
180	3.6	0.0055878
180	3.7	0.0050018
180	3.8	0.0046327
180	3.9	0.0059682
180	4	0.0061915
 
Uniformity Ratio =0.75296
