12-Dec-2017
6:56
TXR  007935 RM428 R24
33511B Function Generator
SN =Agilent Technologies,33511B,MY52301476,3.05-1.19-2.00-52-00
freq =+9.230000000000000E+06
burstmode =TRIG
burstN =+6.000000000000000E+01
voltage =+1.5000000000000E-01
 
DSO-X 2022A Oscilloscope
SN =AGILENT TECHNOLOGIES,DSO-X 2022A,MY54310921,02.41.2015102200
probe =+1.0000000E+00
scale =+500.0E-09
position =+19.900000E-06
range =+1.60E+00
units =VOLT
points =+2000
pointmode =NORM
format =BYTE
acqtype =NORM
trigsource =EXT
coupling =AC
 
-180	-4	0.0076656
-180	-3.9	0.0089261
-180	-3.8	0.010024
-180	-3.7	0.0099257
-180	-3.6	0.0090251
-180	-3.5	0.0078572
-180	-3.4	0.0079105
-180	-3.3	0.0079635
-180	-3.2	0.0080663
-180	-3.1	0.0085108
-180	-3	0.0086427
-180	-2.9	0.0091248
-180	-2.8	0.011213
-180	-2.7	0.01454
-180	-2.6	0.018977
-180	-2.5	0.022722
-180	-2.4	0.026109
-180	-2.3	0.027508
-180	-2.2	0.027815
-180	-2.1	0.028037
-180	-2	0.028838
-180	-1.9	0.031461
-180	-1.8	0.034449
-180	-1.7	0.035132
-180	-1.6	0.033661
-180	-1.5	0.030319
-180	-1.4	0.024541
-180	-1.3	0.022459
-180	-1.2	0.025574
-180	-1.1	0.03776
-180	-1	0.046292
-180	-0.9	0.055415
-180	-0.8	0.058425
-180	-0.7	0.060357
-180	-0.6	0.05686
-180	-0.5	0.050839
-180	-0.4	0.040562
-180	-0.3	0.033032
-180	-0.2	0.023012
-180	-0.1	0.017413
-180	0	0.015218
-180	0.1	0.013786
-180	0.2	0.014397
-180	0.3	0.017961
-180	0.4	0.025522
-180	0.5	0.031888
-180	0.6	0.039406
-180	0.7	0.045065
-180	0.8	0.050787
-180	0.9	0.052155
-180	1	0.051682
-180	1.1	0.048282
-180	1.2	0.045621
-180	1.3	0.041815
-180	1.4	0.03749
-180	1.5	0.035537
-180	1.6	0.03372
-180	1.7	0.032507
-180	1.8	0.031877
-180	1.9	0.031385
-180	2	0.031405
-180	2.1	0.03122
-180	2.2	0.02998
-180	2.3	0.028126
-180	2.4	0.026334
-180	2.5	0.023265
-180	2.6	0.020716
-180	2.7	0.018862
-180	2.8	0.017205
-180	2.9	0.016834
-180	3	0.015088
-180	3.1	0.014208
-180	3.2	0.012587
-180	3.3	0.010558
-180	3.4	0.010633
-180	3.5	0.010314
-180	3.6	0.010844
-180	3.7	0.011566
-180	3.8	0.011547
-180	3.9	0.010736
-180	4	0.0097416
-170	-4	0.0081083
-170	-3.9	0.0095641
-170	-3.8	0.010899
-170	-3.7	0.010102
-170	-3.6	0.0089152
-170	-3.5	0.007325
-170	-3.4	0.0073558
-170	-3.3	0.0087819
-170	-3.2	0.0096264
-170	-3.1	0.010597
-170	-3	0.0096499
-170	-2.9	0.0099061
-170	-2.8	0.011135
-170	-2.7	0.014387
-170	-2.6	0.02003
-170	-2.5	0.023469
-170	-2.4	0.026903
-170	-2.3	0.028354
-170	-2.2	0.029208
-170	-2.1	0.029962
-170	-2	0.031112
-170	-1.9	0.032564
-170	-1.8	0.034053
-170	-1.7	0.033882
-170	-1.6	0.031419
-170	-1.5	0.027465
-170	-1.4	0.024661
-170	-1.3	0.02554
-170	-1.2	0.030297
-170	-1.1	0.038546
-170	-1	0.048704
-170	-0.9	0.053504
-170	-0.8	0.05807
-170	-0.7	0.058131
-170	-0.6	0.053483
-170	-0.5	0.047277
-170	-0.4	0.04137
-170	-0.3	0.030251
-170	-0.2	0.023066
-170	-0.1	0.018395
-170	0	0.015822
-170	0.1	0.014848
-170	0.2	0.01565
-170	0.3	0.019546
-170	0.4	0.02314
-170	0.5	0.03085
-170	0.6	0.037368
-170	0.7	0.043445
-170	0.8	0.049004
-170	0.9	0.051453
-170	1	0.052352
-170	1.1	0.050353
-170	1.2	0.047213
-170	1.3	0.043101
-170	1.4	0.038275
-170	1.5	0.036371
-170	1.6	0.034451
-170	1.7	0.034339
-170	1.8	0.03488
-170	1.9	0.03522
-170	2	0.034962
-170	2.1	0.032985
-170	2.2	0.030778
-170	2.3	0.027832
-170	2.4	0.026453
-170	2.5	0.025321
-170	2.6	0.022644
-170	2.7	0.021016
-170	2.8	0.018678
-170	2.9	0.016485
-170	3	0.013468
-170	3.1	0.012052
-170	3.2	0.011279
-170	3.3	0.011718
-170	3.4	0.011882
-170	3.5	0.010924
-170	3.6	0.010086
-170	3.7	0.0090501
-170	3.8	0.0082093
-170	3.9	0.0083498
-170	4	0.008946
-160	-4	0.0085996
-160	-3.9	0.0094827
-160	-3.8	0.0093799
-160	-3.7	0.0082014
-160	-3.6	0.0066908
-160	-3.5	0.0057895
-160	-3.4	0.007583
-160	-3.3	0.0099598
-160	-3.2	0.011405
-160	-3.1	0.012413
-160	-3	0.010894
-160	-2.9	0.010222
-160	-2.8	0.01009
-160	-2.7	0.014319
-160	-2.6	0.019477
-160	-2.5	0.022345
-160	-2.4	0.027051
-160	-2.3	0.030371
-160	-2.2	0.032465
-160	-2.1	0.032674
-160	-2	0.0323
-160	-1.9	0.032175
-160	-1.8	0.032773
-160	-1.7	0.033233
-160	-1.6	0.032552
-160	-1.5	0.030619
-160	-1.4	0.027582
-160	-1.3	0.027097
-160	-1.2	0.029924
-160	-1.1	0.040357
-160	-1	0.046589
-160	-0.9	0.054143
-160	-0.8	0.058358
-160	-0.7	0.059351
-160	-0.6	0.056091
-160	-0.5	0.05033
-160	-0.4	0.040035
-160	-0.3	0.032978
-160	-0.2	0.024111
-160	-0.1	0.018908
-160	0	0.01613
-160	0.1	0.014209
-160	0.2	0.01478
-160	0.3	0.018627
-160	0.4	0.025282
-160	0.5	0.029881
-160	0.6	0.03927
-160	0.7	0.045468
-160	0.8	0.051526
-160	0.9	0.054295
-160	1	0.054476
-160	1.1	0.0526
-160	1.2	0.048402
-160	1.3	0.044763
-160	1.4	0.041072
-160	1.5	0.037247
-160	1.6	0.035931
-160	1.7	0.033703
-160	1.8	0.032278
-160	1.9	0.031821
-160	2	0.031593
-160	2.1	0.031118
-160	2.2	0.030089
-160	2.3	0.028491
-160	2.4	0.025908
-160	2.5	0.022426
-160	2.6	0.020149
-160	2.7	0.016376
-160	2.8	0.014449
-160	2.9	0.013717
-160	3	0.01246
-160	3.1	0.01152
-160	3.2	0.010616
-160	3.3	0.0094331
-160	3.4	0.0083614
-160	3.5	0.0076488
-160	3.6	0.0078469
-160	3.7	0.0079635
-160	3.8	0.0085013
-160	3.9	0.0082857
-160	4	0.0081659
-150	-4	0.009248
-150	-3.9	0.009416
-150	-3.8	0.0096666
-150	-3.7	0.0088296
-150	-3.6	0.0079959
-150	-3.5	0.0074627
-150	-3.4	0.007816
-150	-3.3	0.0098225
-150	-3.2	0.012208
-150	-3.1	0.012442
-150	-3	0.012319
-150	-2.9	0.011833
-150	-2.8	0.012795
-150	-2.7	0.016338
-150	-2.6	0.022061
-150	-2.5	0.024477
-150	-2.4	0.029385
-150	-2.3	0.031087
-150	-2.2	0.032403
-150	-2.1	0.032577
-150	-2	0.032276
-150	-1.9	0.032416
-150	-1.8	0.032854
-150	-1.7	0.033118
-150	-1.6	0.032524
-150	-1.5	0.030305
-150	-1.4	0.028933
-150	-1.3	0.028376
-150	-1.2	0.031587
-150	-1.1	0.038205
-150	-1	0.048124
-150	-0.9	0.054065
-150	-0.8	0.058931
-150	-0.7	0.059991
-150	-0.6	0.056939
-150	-0.5	0.050104
-150	-0.4	0.044374
-150	-0.3	0.036798
-150	-0.2	0.028022
-150	-0.1	0.021965
-150	0	0.016107
-150	0.1	0.014997
-150	0.2	0.014814
-150	0.3	0.017787
-150	0.4	0.0237
-150	0.5	0.032361
-150	0.6	0.03875
-150	0.7	0.046247
-150	0.8	0.050875
-150	0.9	0.05331
-150	1	0.053335
-150	1.1	0.05098
-150	1.2	0.048892
-150	1.3	0.044385
-150	1.4	0.040902
-150	1.5	0.037234
-150	1.6	0.034836
-150	1.7	0.033088
-150	1.8	0.032476
-150	1.9	0.031698
-150	2	0.03166
-150	2.1	0.031328
-150	2.2	0.029713
-150	2.3	0.027383
-150	2.4	0.026324
-150	2.5	0.023845
-150	2.6	0.019889
-150	2.7	0.016719
-150	2.8	0.01483
-150	2.9	0.014231
-150	3	0.013004
-150	3.1	0.012587
-150	3.2	0.011657
-150	3.3	0.010707
-150	3.4	0.0095743
-150	3.5	0.0081222
-150	3.6	0.0073161
-150	3.7	0.0075595
-150	3.8	0.0081262
-150	3.9	0.0093919
-150	4	0.010081
-140	-4	0.010949
-140	-3.9	0.011152
-140	-3.8	0.0097034
-140	-3.7	0.007617
-140	-3.6	0.006886
-140	-3.5	0.0084823
-140	-3.4	0.011759
-140	-3.3	0.012496
-140	-3.2	0.012909
-140	-3.1	0.011471
-140	-3	0.0096566
-140	-2.9	0.012178
-140	-2.8	0.015775
-140	-2.7	0.022382
-140	-2.6	0.026923
-140	-2.5	0.02892
-140	-2.4	0.02994
-140	-2.3	0.029347
-140	-2.2	0.029501
-140	-2.1	0.031409
-140	-2	0.033915
-140	-1.9	0.035806
-140	-1.8	0.037679
-140	-1.7	0.037205
-140	-1.6	0.034679
-140	-1.5	0.029672
-140	-1.4	0.026657
-140	-1.3	0.027769
-140	-1.2	0.035984
-140	-1.1	0.04283
-140	-1	0.052259
-140	-0.9	0.059304
-140	-0.8	0.063052
-140	-0.7	0.062275
-140	-0.6	0.057921
-140	-0.5	0.04863
-140	-0.4	0.040415
-140	-0.3	0.032596
-140	-0.2	0.022508
-140	-0.1	0.018066
-140	0	0.016339
-140	0.1	0.016208
-140	0.2	0.017386
-140	0.3	0.021726
-140	0.4	0.026624
-140	0.5	0.034176
-140	0.6	0.040111
-140	0.7	0.04559
-140	0.8	0.047829
-140	0.9	0.050084
-140	1	0.05037
-140	1.1	0.04902
-140	1.2	0.046568
-140	1.3	0.04271
-140	1.4	0.038975
-140	1.5	0.036645
-140	1.6	0.034534
-140	1.7	0.033672
-140	1.8	0.033754
-140	1.9	0.033901
-140	2	0.033801
-140	2.1	0.032367
-140	2.2	0.029909
-140	2.3	0.026496
-140	2.4	0.024951
-140	2.5	0.022755
-140	2.6	0.021399
-140	2.7	0.019949
-140	2.8	0.018422
-140	2.9	0.017103
-140	3	0.013855
-140	3.1	0.011396
-140	3.2	0.010568
-140	3.3	0.010446
-140	3.4	0.011322
-140	3.5	0.01165
-140	3.6	0.010857
-140	3.7	0.010157
-140	3.8	0.0095523
-140	3.9	0.0095692
-140	4	0.0085865
-130	-4	0.010345
-130	-3.9	0.011219
-130	-3.8	0.011093
-130	-3.7	0.011295
-130	-3.6	0.010148
-130	-3.5	0.0099695
-130	-3.4	0.010045
-130	-3.3	0.010475
-130	-3.2	0.01119
-130	-3.1	0.011752
-130	-3	0.012902
-130	-2.9	0.015449
-130	-2.8	0.018573
-130	-2.7	0.022621
-130	-2.6	0.026395
-130	-2.5	0.029251
-130	-2.4	0.031203
-130	-2.3	0.032014
-130	-2.2	0.032511
-130	-2.1	0.033739
-130	-2	0.035725
-130	-1.9	0.037178
-130	-1.8	0.037692
-130	-1.7	0.036757
-130	-1.6	0.033913
-130	-1.5	0.031391
-130	-1.4	0.02887
-130	-1.3	0.031845
-130	-1.2	0.036321
-130	-1.1	0.045909
-130	-1	0.054156
-130	-0.9	0.060572
-130	-0.8	0.062573
-130	-0.7	0.060835
-130	-0.6	0.053973
-130	-0.5	0.048915
-130	-0.4	0.039719
-130	-0.3	0.031273
-130	-0.2	0.025513
-130	-0.1	0.020704
-130	0	0.018371
-130	0.1	0.018014
-130	0.2	0.020681
-130	0.3	0.025367
-130	0.4	0.031473
-130	0.5	0.039197
-130	0.6	0.043755
-130	0.7	0.047889
-130	0.8	0.05175
-130	0.9	0.052642
-130	1	0.052267
-130	1.1	0.0499
-130	1.2	0.047104
-130	1.3	0.041379
-130	1.4	0.038688
-130	1.5	0.036382
-130	1.6	0.035024
-130	1.7	0.03419
-130	1.8	0.03357
-130	1.9	0.033328
-130	2	0.032167
-130	2.1	0.02984
-130	2.2	0.027087
-130	2.3	0.025446
-130	2.4	0.023727
-130	2.5	0.022053
-130	2.6	0.021115
-130	2.7	0.020138
-130	2.8	0.018502
-130	2.9	0.015374
-130	3	0.013525
-130	3.1	0.010933
-130	3.2	0.010741
-130	3.3	0.011453
-130	3.4	0.011844
-130	3.5	0.011009
-130	3.6	0.0095607
-130	3.7	0.0088406
-130	3.8	0.0076466
-130	3.9	0.0073887
-130	4	0.0075659
-120	-4	0.012625
-120	-3.9	0.013848
-120	-3.8	0.013177
-120	-3.7	0.01152
-120	-3.6	0.0085525
-120	-3.5	0.0078695
-120	-3.4	0.010113
-120	-3.3	0.013453
-120	-3.2	0.015762
-120	-3.1	0.016132
-120	-3	0.015328
-120	-2.9	0.015487
-120	-2.8	0.01926
-120	-2.7	0.024329
-120	-2.6	0.027529
-120	-2.5	0.034097
-120	-2.4	0.035986
-120	-2.3	0.036379
-120	-2.2	0.035888
-120	-2.1	0.0356
-120	-2	0.037029
-120	-1.9	0.04015
-120	-1.8	0.041422
-120	-1.7	0.041373
-120	-1.6	0.038243
-120	-1.5	0.034678
-120	-1.4	0.031391
-120	-1.3	0.034188
-120	-1.2	0.045063
-120	-1.1	0.050692
-120	-1	0.06213
-120	-0.9	0.065702
-120	-0.8	0.066955
-120	-0.7	0.063879
-120	-0.6	0.054155
-120	-0.5	0.046876
-120	-0.4	0.03476
-120	-0.3	0.026895
-120	-0.2	0.022202
-120	-0.1	0.018065
-120	0	0.017653
-120	0.1	0.019789
-120	0.2	0.025689
-120	0.3	0.029309
-120	0.4	0.035934
-120	0.5	0.043382
-120	0.6	0.047719
-120	0.7	0.05274
-120	0.8	0.054265
-120	0.9	0.053802
-120	1	0.052163
-120	1.1	0.049174
-120	1.2	0.045538
-120	1.3	0.041568
-120	1.4	0.037608
-120	1.5	0.035011
-120	1.6	0.033185
-120	1.7	0.032424
-120	1.8	0.031991
-120	1.9	0.032152
-120	2	0.030447
-120	2.1	0.028907
-120	2.2	0.027191
-120	2.3	0.025603
-120	2.4	0.024472
-120	2.5	0.023535
-120	2.6	0.0225
-120	2.7	0.021301
-120	2.8	0.019668
-120	2.9	0.017067
-120	3	0.014089
-120	3.1	0.012297
-120	3.2	0.012076
-120	3.3	0.013195
-120	3.4	0.013595
-120	3.5	0.01323
-120	3.6	0.012461
-120	3.7	0.011505
-120	3.8	0.010505
-120	3.9	0.010132
-120	4	0.011282
-110	-4	0.011951
-110	-3.9	0.012886
-110	-3.8	0.012761
-110	-3.7	0.010329
-110	-3.6	0.0093936
-110	-3.5	0.0086109
-110	-3.4	0.010514
-110	-3.3	0.013619
-110	-3.2	0.014955
-110	-3.1	0.015398
-110	-3	0.015032
-110	-2.9	0.016226
-110	-2.8	0.02079
-110	-2.7	0.024671
-110	-2.6	0.030635
-110	-2.5	0.034892
-110	-2.4	0.036513
-110	-2.3	0.037071
-110	-2.2	0.036984
-110	-2.1	0.037316
-110	-2	0.039456
-110	-1.9	0.040251
-110	-1.8	0.041055
-110	-1.7	0.039504
-110	-1.6	0.036241
-110	-1.5	0.034006
-110	-1.4	0.034446
-110	-1.3	0.040276
-110	-1.2	0.046753
-110	-1.1	0.052687
-110	-1	0.060891
-110	-0.9	0.065453
-110	-0.8	0.06518
-110	-0.7	0.061254
-110	-0.6	0.057128
-110	-0.5	0.046171
-110	-0.4	0.039397
-110	-0.3	0.030836
-110	-0.2	0.024509
-110	-0.1	0.019932
-110	0	0.018903
-110	0.1	0.01985
-110	0.2	0.022509
-110	0.3	0.027204
-110	0.4	0.03478
-110	0.5	0.043519
-110	0.6	0.047826
-110	0.7	0.055098
-110	0.8	0.057405
-110	0.9	0.057512
-110	1	0.05662
-110	1.1	0.053377
-110	1.2	0.047921
-110	1.3	0.04287
-110	1.4	0.038916
-110	1.5	0.036475
-110	1.6	0.035068
-110	1.7	0.035427
-110	1.8	0.035802
-110	1.9	0.035726
-110	2	0.034124
-110	2.1	0.030184
-110	2.2	0.028059
-110	2.3	0.025452
-110	2.4	0.024061
-110	2.5	0.021957
-110	2.6	0.020841
-110	2.7	0.019617
-110	2.8	0.018153
-110	2.9	0.01504
-110	3	0.012589
-110	3.1	0.010718
-110	3.2	0.010033
-110	3.3	0.010769
-110	3.4	0.010511
-110	3.5	0.0094656
-110	3.6	0.0089442
-110	3.7	0.0087819
-110	3.8	0.0084575
-110	3.9	0.008148
-110	4	0.0079898
-100	-4	0.0091284
-100	-3.9	0.0091637
-100	-3.8	0.0090108
-100	-3.7	0.0086801
-100	-3.6	0.0089928
-100	-3.5	0.0091743
-100	-3.4	0.010446
-100	-3.3	0.012033
-100	-3.2	0.013002
-100	-3.1	0.014316
-100	-3	0.015011
-100	-2.9	0.015918
-100	-2.8	0.018394
-100	-2.7	0.023711
-100	-2.6	0.029712
-100	-2.5	0.033841
-100	-2.4	0.037409
-100	-2.3	0.039616
-100	-2.2	0.040321
-100	-2.1	0.040701
-100	-2	0.040712
-100	-1.9	0.041161
-100	-1.8	0.041138
-100	-1.7	0.040069
-100	-1.6	0.038788
-100	-1.5	0.03728
-100	-1.4	0.037389
-100	-1.3	0.042911
-100	-1.2	0.048596
-100	-1.1	0.056742
-100	-1	0.062676
-100	-0.9	0.067388
-100	-0.8	0.067254
-100	-0.7	0.061506
-100	-0.6	0.057207
-100	-0.5	0.047893
-100	-0.4	0.039061
-100	-0.3	0.028939
-100	-0.2	0.024135
-100	-0.1	0.019925
-100	0	0.018368
-100	0.1	0.018856
-100	0.2	0.022679
-100	0.3	0.027742
-100	0.4	0.034618
-100	0.5	0.042752
-100	0.6	0.049798
-100	0.7	0.056038
-100	0.8	0.057335
-100	0.9	0.058208
-100	1	0.057651
-100	1.1	0.053691
-100	1.2	0.04966
-100	1.3	0.046296
-100	1.4	0.042784
-100	1.5	0.04043
-100	1.6	0.038513
-100	1.7	0.037348
-100	1.8	0.03732
-100	1.9	0.037009
-100	2	0.035344
-100	2.1	0.03247
-100	2.2	0.029268
-100	2.3	0.026163
-100	2.4	0.023514
-100	2.5	0.020394
-100	2.6	0.018342
-100	2.7	0.016917
-100	2.8	0.016067
-100	2.9	0.014919
-100	3	0.013679
-100	3.1	0.011718
-100	3.2	0.011062
-100	3.3	0.0103
-100	3.4	0.0096633
-100	3.5	0.0080983
-100	3.6	0.0079959
-100	3.7	0.0085657
-100	3.8	0.0094485
-100	3.9	0.0095286
-100	4	0.0088497
-90	-4	0.011405
-90	-3.9	0.010874
-90	-3.8	0.0095048
-90	-3.7	0.0080322
-90	-3.6	0.0080181
-90	-3.5	0.0098767
-90	-3.4	0.01354
-90	-3.3	0.014035
-90	-3.2	0.013864
-90	-3.1	0.012253
-90	-3	0.012246
-90	-2.9	0.015002
-90	-2.8	0.021787
-90	-2.7	0.028175
-90	-2.6	0.033008
-90	-2.5	0.035833
-90	-2.4	0.036638
-90	-2.3	0.037401
-90	-2.2	0.037464
-90	-2.1	0.038518
-90	-2	0.040037
-90	-1.9	0.041225
-90	-1.8	0.040878
-90	-1.7	0.038837
-90	-1.6	0.036628
-90	-1.5	0.033897
-90	-1.4	0.034695
-90	-1.3	0.042928
-90	-1.2	0.051428
-90	-1.1	0.059761
-90	-1	0.065905
-90	-0.9	0.070079
-90	-0.8	0.068282
-90	-0.7	0.0635
-90	-0.6	0.05424
-90	-0.5	0.045297
-90	-0.4	0.032798
-90	-0.3	0.028662
-90	-0.2	0.020783
-90	-0.1	0.019002
-90	0	0.018582
-90	0.1	0.020386
-90	0.2	0.024396
-90	0.3	0.030302
-90	0.4	0.037307
-90	0.5	0.044215
-90	0.6	0.053417
-90	0.7	0.056375
-90	0.8	0.057442
-90	0.9	0.056698
-90	1	0.054761
-90	1.1	0.051602
-90	1.2	0.04814
-90	1.3	0.043097
-90	1.4	0.041292
-90	1.5	0.039803
-90	1.6	0.037771
-90	1.7	0.036141
-90	1.8	0.03547
-90	1.9	0.034784
-90	2	0.033477
-90	2.1	0.031488
-90	2.2	0.029659
-90	2.3	0.02813
-90	2.4	0.026629
-90	2.5	0.023005
-90	2.6	0.020194
-90	2.7	0.018746
-90	2.8	0.01809
-90	2.9	0.016936
-90	3	0.016295
-90	3.1	0.014334
-90	3.2	0.012991
-90	3.3	0.011784
-90	3.4	0.010241
-90	3.5	0.0096012
-90	3.6	0.0089061
-90	3.7	0.009227
-90	3.8	0.010033
-90	3.9	0.0096248
-90	4	0.0092811
-80	-4	0.010698
-80	-3.9	0.010575
-80	-3.8	0.0097549
-80	-3.7	0.0090018
-80	-3.6	0.0086259
-80	-3.5	0.0095252
-80	-3.4	0.01099
-80	-3.3	0.011988
-80	-3.2	0.012939
-80	-3.1	0.013176
-80	-3	0.014205
-80	-2.9	0.017246
-80	-2.8	0.02291
-80	-2.7	0.02808
-80	-2.6	0.032316
-80	-2.5	0.035894
-80	-2.4	0.037596
-80	-2.3	0.038202
-80	-2.2	0.039021
-80	-2.1	0.040317
-80	-2	0.043141
-80	-1.9	0.043748
-80	-1.8	0.04169
-80	-1.7	0.039289
-80	-1.6	0.034896
-80	-1.5	0.034352
-80	-1.4	0.037667
-80	-1.3	0.042861
-80	-1.2	0.05222
-80	-1.1	0.060856
-80	-1	0.065796
-80	-0.9	0.066465
-80	-0.8	0.062733
-80	-0.7	0.057448
-80	-0.6	0.048654
-80	-0.5	0.040919
-80	-0.4	0.031388
-80	-0.3	0.024723
-80	-0.2	0.020696
-80	-0.1	0.018484
-80	0	0.018641
-80	0.1	0.021345
-80	0.2	0.026634
-80	0.3	0.034295
-80	0.4	0.041401
-80	0.5	0.045711
-80	0.6	0.051514
-80	0.7	0.054943
-80	0.8	0.055898
-80	0.9	0.055374
-80	1	0.054089
-80	1.1	0.051142
-80	1.2	0.045177
-80	1.3	0.041862
-80	1.4	0.039622
-80	1.5	0.037983
-80	1.6	0.035952
-80	1.7	0.035224
-80	1.8	0.034453
-80	1.9	0.033896
-80	2	0.032453
-80	2.1	0.029381
-80	2.2	0.02699
-80	2.3	0.025346
-80	2.4	0.022884
-80	2.5	0.021623
-80	2.6	0.018967
-80	2.7	0.01699
-80	2.8	0.015987
-80	2.9	0.013732
-80	3	0.011882
-80	3.1	0.010249
-80	3.2	0.0095844
-80	3.3	0.0099403
-80	3.4	0.009608
-80	3.5	0.0093055
-80	3.6	0.0086147
-80	3.7	0.0085582
-80	3.8	0.0086577
-80	3.9	0.0087098
-80	4	0.0078139
-70	-4	0.012192
-70	-3.9	0.011314
-70	-3.8	0.0092759
-70	-3.7	0.0078757
-70	-3.6	0.0075402
-70	-3.5	0.0090982
-70	-3.4	0.0097747
-70	-3.3	0.0093902
-70	-3.2	0.008526
-70	-3.1	0.010215
-70	-3	0.015411
-70	-2.9	0.020326
-70	-2.8	0.022784
-70	-2.7	0.026637
-70	-2.6	0.028433
-70	-2.5	0.029437
-70	-2.4	0.030656
-70	-2.3	0.033323
-70	-2.2	0.037036
-70	-2.1	0.039885
-70	-2	0.041938
-70	-1.9	0.042436
-70	-1.8	0.039282
-70	-1.7	0.036221
-70	-1.6	0.03088
-70	-1.5	0.030676
-70	-1.4	0.034785
-70	-1.3	0.047865
-70	-1.2	0.054351
-70	-1.1	0.061905
-70	-1	0.068452
-70	-0.9	0.06692
-70	-0.8	0.061453
-70	-0.7	0.055134
-70	-0.6	0.042959
-70	-0.5	0.033652
-70	-0.4	0.025135
-70	-0.3	0.020363
-70	-0.2	0.017255
-70	-0.1	0.017216
-70	0	0.018732
-70	0.1	0.021689
-70	0.2	0.028397
-70	0.3	0.03563
-70	0.4	0.041833
-70	0.5	0.047812
-70	0.6	0.050533
-70	0.7	0.053203
-70	0.8	0.052284
-70	0.9	0.050522
-70	1	0.048346
-70	1.1	0.044763
-70	1.2	0.040625
-70	1.3	0.039513
-70	1.4	0.037399
-70	1.5	0.035851
-70	1.6	0.035277
-70	1.7	0.033317
-70	1.8	0.032205
-70	1.9	0.031058
-70	2	0.030048
-70	2.1	0.028204
-70	2.2	0.026304
-70	2.3	0.025341
-70	2.4	0.023109
-70	2.5	0.020605
-70	2.6	0.018997
-70	2.7	0.017381
-70	2.8	0.01641
-70	2.9	0.015485
-70	3	0.014072
-70	3.1	0.012581
-70	3.2	0.011919
-70	3.3	0.01192
-70	3.4	0.011917
-70	3.5	0.011898
-70	3.6	0.010869
-70	3.7	0.010463
-70	3.8	0.010007
-70	3.9	0.0091796
-70	4	0.0084096
-60	-4	0.011088
-60	-3.9	0.010494
-60	-3.8	0.008654
-60	-3.7	0.0073843
-60	-3.6	0.0068766
-60	-3.5	0.0084537
-60	-3.4	0.010013
-60	-3.3	0.011282
-60	-3.2	0.010337
-60	-3.1	0.0098028
-60	-3	0.011084
-60	-2.9	0.017382
-60	-2.8	0.022167
-60	-2.7	0.027964
-60	-2.6	0.032284
-60	-2.5	0.032679
-60	-2.4	0.032423
-60	-2.3	0.03286
-60	-2.2	0.035289
-60	-2.1	0.037594
-60	-2	0.040002
-60	-1.9	0.040568
-60	-1.8	0.037542
-60	-1.7	0.033422
-60	-1.6	0.029102
-60	-1.5	0.027955
-60	-1.4	0.035447
-60	-1.3	0.041936
-60	-1.2	0.054428
-60	-1.1	0.059077
-60	-1	0.063707
-60	-0.9	0.063973
-60	-0.8	0.059116
-60	-0.7	0.050078
-60	-0.6	0.043546
-60	-0.5	0.03305
-60	-0.4	0.025236
-60	-0.3	0.018408
-60	-0.2	0.01608
-60	-0.1	0.015785
-60	0	0.017357
-60	0.1	0.020825
-60	0.2	0.027127
-60	0.3	0.03283
-60	0.4	0.040643
-60	0.5	0.04881
-60	0.6	0.051276
-60	0.7	0.053092
-60	0.8	0.052306
-60	0.9	0.049112
-60	1	0.044981
-60	1.1	0.040122
-60	1.2	0.036566
-60	1.3	0.03384
-60	1.4	0.031362
-60	1.5	0.030961
-60	1.6	0.030543
-60	1.7	0.029994
-60	1.8	0.029422
-60	1.9	0.028943
-60	2	0.027312
-60	2.1	0.025726
-60	2.2	0.023854
-60	2.3	0.023019
-60	2.4	0.0221
-60	2.5	0.02075
-60	2.6	0.019501
-60	2.7	0.017369
-60	2.8	0.014013
-60	2.9	0.012258
-60	3	0.010162
-60	3.1	0.0095014
-60	3.2	0.009735
-60	3.3	0.01063
-60	3.4	0.011131
-60	3.5	0.011024
-60	3.6	0.010345
-60	3.7	0.0090644
-60	3.8	0.0081142
-60	3.9	0.0078077
-60	4	0.0076043
-50	-4	0.011575
-50	-3.9	0.010094
-50	-3.8	0.0085051
-50	-3.7	0.0071914
-50	-3.6	0.0074908
-50	-3.5	0.0087745
-50	-3.4	0.0098783
-50	-3.3	0.0097846
-50	-3.2	0.0089025
-50	-3.1	0.0094091
-50	-3	0.012269
-50	-2.9	0.016553
-50	-2.8	0.022432
-50	-2.7	0.024982
-50	-2.6	0.027635
-50	-2.5	0.029538
-50	-2.4	0.03124
-50	-2.3	0.033936
-50	-2.2	0.036377
-50	-2.1	0.037857
-50	-2	0.038429
-50	-1.9	0.037064
-50	-1.8	0.032993
-50	-1.7	0.028888
-50	-1.6	0.02521
-50	-1.5	0.025364
-50	-1.4	0.032054
-50	-1.3	0.045456
-50	-1.2	0.052657
-50	-1.1	0.060108
-50	-1	0.06197
-50	-0.9	0.060625
-50	-0.8	0.053516
-50	-0.7	0.047509
-50	-0.6	0.038611
-50	-0.5	0.027879
-50	-0.4	0.022046
-50	-0.3	0.017469
-50	-0.2	0.015452
-50	-0.1	0.014966
-50	0	0.01584
-50	0.1	0.019256
-50	0.2	0.025208
-50	0.3	0.033002
-50	0.4	0.038674
-50	0.5	0.042969
-50	0.6	0.046509
-50	0.7	0.04831
-50	0.8	0.047842
-50	0.9	0.046776
-50	1	0.044232
-50	1.1	0.040785
-50	1.2	0.038012
-50	1.3	0.034952
-50	1.4	0.033254
-50	1.5	0.032274
-50	1.6	0.031614
-50	1.7	0.031195
-50	1.8	0.030948
-50	1.9	0.030744
-50	2	0.028565
-50	2.1	0.027589
-50	2.2	0.025014
-50	2.3	0.022862
-50	2.4	0.020595
-50	2.5	0.018123
-50	2.6	0.015492
-50	2.7	0.014188
-50	2.8	0.012751
-50	2.9	0.011996
-50	3	0.010906
-50	3.1	0.010127
-50	3.2	0.010094
-50	3.3	0.010891
-50	3.4	0.0096315
-50	3.5	0.0092287
-50	3.6	0.0086484
-50	3.7	0.0087468
-50	3.8	0.0093885
-50	3.9	0.0091319
-50	4	0.0087782
-40	-4	0.011531
-40	-3.9	0.010205
-40	-3.8	0.0064447
-40	-3.7	0.0053935
-40	-3.6	0.0075016
-40	-3.5	0.0091813
-40	-3.4	0.011009
-40	-3.3	0.010688
-40	-3.2	0.0090822
-40	-3.1	0.006886
-40	-3	0.010037
-40	-2.9	0.014065
-40	-2.8	0.022432
-40	-2.7	0.027858
-40	-2.6	0.030834
-40	-2.5	0.031525
-40	-2.4	0.030864
-40	-2.3	0.030534
-40	-2.2	0.031658
-40	-2.1	0.034158
-40	-2	0.035757
-40	-1.9	0.036092
-40	-1.8	0.033595
-40	-1.7	0.027001
-40	-1.6	0.022428
-40	-1.5	0.022063
-40	-1.4	0.028626
-40	-1.3	0.040697
-40	-1.2	0.051056
-40	-1.1	0.057011
-40	-1	0.061207
-40	-0.9	0.061714
-40	-0.8	0.053824
-40	-0.7	0.048056
-40	-0.6	0.039355
-40	-0.5	0.031352
-40	-0.4	0.02088
-40	-0.3	0.016759
-40	-0.2	0.014757
-40	-0.1	0.014248
-40	0	0.014786
-40	0.1	0.0176
-40	0.2	0.025377
-40	0.3	0.030655
-40	0.4	0.03634
-40	0.5	0.042816
-40	0.6	0.047137
-40	0.7	0.049116
-40	0.8	0.04853
-40	0.9	0.046391
-40	1	0.044103
-40	1.1	0.03937
-40	1.2	0.035844
-40	1.3	0.032604
-40	1.4	0.030493
-40	1.5	0.029669
-40	1.6	0.028942
-40	1.7	0.02879
-40	1.8	0.029283
-40	1.9	0.029072
-40	2	0.027276
-40	2.1	0.025934
-40	2.2	0.023228
-40	2.3	0.02121
-40	2.4	0.019994
-40	2.5	0.017954
-40	2.6	0.016117
-40	2.7	0.015409
-40	2.8	0.014739
-40	2.9	0.013204
-40	3	0.011658
-40	3.1	0.010665
-40	3.2	0.010078
-40	3.3	0.0094895
-40	3.4	0.0089116
-40	3.5	0.0084823
-40	3.6	0.0083711
-40	3.7	0.0086053
-40	3.8	0.0090591
-40	3.9	0.0091
-40	4	0.0081162
-30	-4	0.0096783
-30	-3.9	0.0086931
-30	-3.8	0.0075209
-30	-3.7	0.0075659
-30	-3.6	0.0086446
-30	-3.5	0.010626
-30	-3.4	0.010736
-30	-3.3	0.0099322
-30	-3.2	0.006613
-30	-3.1	0.0074018
-30	-3	0.01443
-30	-2.9	0.019162
-30	-2.8	0.024919
-30	-2.7	0.029293
-30	-2.6	0.029852
-30	-2.5	0.029138
-30	-2.4	0.029469
-30	-2.3	0.031353
-30	-2.2	0.033898
-30	-2.1	0.035679
-30	-2	0.036138
-30	-1.9	0.034194
-30	-1.8	0.028914
-30	-1.7	0.024244
-30	-1.6	0.017873
-30	-1.5	0.020113
-30	-1.4	0.02677
-30	-1.3	0.039172
-30	-1.2	0.049982
-30	-1.1	0.054794
-30	-1	0.057983
-30	-0.9	0.056849
-30	-0.8	0.04892
-30	-0.7	0.041981
-30	-0.6	0.033848
-30	-0.5	0.026258
-30	-0.4	0.019724
-30	-0.3	0.017085
-30	-0.2	0.014924
-30	-0.1	0.014864
-30	0	0.01556
-30	0.1	0.019301
-30	0.2	0.024595
-30	0.3	0.029237
-30	0.4	0.035544
-30	0.5	0.04175
-30	0.6	0.044196
-30	0.7	0.045871
-30	0.8	0.044721
-30	0.9	0.042642
-30	1	0.038023
-30	1.1	0.03575
-30	1.2	0.029341
-30	1.3	0.026546
-30	1.4	0.025483
-30	1.5	0.025798
-30	1.6	0.027286
-30	1.7	0.02846
-30	1.8	0.029063
-30	1.9	0.028586
-30	2	0.02685
-30	2.1	0.02471
-30	2.2	0.022311
-30	2.3	0.020264
-30	2.4	0.019378
-30	2.5	0.017968
-30	2.6	0.017035
-30	2.7	0.01554
-30	2.8	0.014319
-30	2.9	0.013033
-30	3	0.012266
-30	3.1	0.011942
-30	3.2	0.011733
-30	3.3	0.011664
-30	3.4	0.011219
-30	3.5	0.010676
-30	3.6	0.010141
-30	3.7	0.010273
-30	3.8	0.010309
-30	3.9	0.01005
-30	4	0.0093003
-20	-4	0.012805
-20	-3.9	0.011229
-20	-3.8	0.0084154
-20	-3.7	0.0067269
-20	-3.6	0.0070484
-20	-3.5	0.0089134
-20	-3.4	0.010322
-20	-3.3	0.010434
-20	-3.2	0.0091901
-20	-3.1	0.0085393
-20	-3	0.012795
-20	-2.9	0.016975
-20	-2.8	0.022774
-20	-2.7	0.027357
-20	-2.6	0.030866
-20	-2.5	0.032029
-20	-2.4	0.031842
-20	-2.3	0.031456
-20	-2.2	0.031412
-20	-2.1	0.031587
-20	-2	0.031659
-20	-1.9	0.030688
-20	-1.8	0.027096
-20	-1.7	0.023986
-20	-1.6	0.020346
-20	-1.5	0.020938
-20	-1.4	0.027704
-20	-1.3	0.03927
-20	-1.2	0.045424
-20	-1.1	0.052727
-20	-1	0.056137
-20	-0.9	0.054841
-20	-0.8	0.051433
-20	-0.7	0.043721
-20	-0.6	0.037156
-20	-0.5	0.027078
-20	-0.4	0.022279
-20	-0.3	0.016772
-20	-0.2	0.014659
-20	-0.1	0.013338
-20	0	0.014361
-20	0.1	0.016849
-20	0.2	0.023144
-20	0.3	0.030877
-20	0.4	0.037903
-20	0.5	0.044328
-20	0.6	0.047689
-20	0.7	0.049048
-20	0.8	0.048475
-20	0.9	0.044958
-20	1	0.042262
-20	1.1	0.037871
-20	1.2	0.03321
-20	1.3	0.03126
-20	1.4	0.030396
-20	1.5	0.030007
-20	1.6	0.030591
-20	1.7	0.030415
-20	1.8	0.029941
-20	1.9	0.029054
-20	2	0.026684
-20	2.1	0.024004
-20	2.2	0.022103
-20	2.3	0.020194
-20	2.4	0.017383
-20	2.5	0.01502
-20	2.6	0.013484
-20	2.7	0.012282
-20	2.8	0.011015
-20	2.9	0.010183
-20	3	0.0092497
-20	3.1	0.0085752
-20	3.2	0.0084728
-20	3.3	0.0079857
-20	3.4	0.0078036
-20	3.5	0.0073668
-20	3.6	0.0072674
-20	3.7	0.0067724
-20	3.8	0.0071981
-20	3.9	0.0065935
-20	4	0.0058423
-10	-4	0.013972
-10	-3.9	0.012528
-10	-3.8	0.010229
-10	-3.7	0.0081876
-10	-3.6	0.0080281
-10	-3.5	0.0084728
-10	-3.4	0.0086875
-10	-3.3	0.0084956
-10	-3.2	0.0082564
-10	-3.1	0.00967
-10	-3	0.014521
-10	-2.9	0.019084
-10	-2.8	0.023563
-10	-2.7	0.02691
-10	-2.6	0.029862
-10	-2.5	0.030631
-10	-2.4	0.030154
-10	-2.3	0.030613
-10	-2.2	0.032367
-10	-2.1	0.033925
-10	-2	0.034766
-10	-1.9	0.033493
-10	-1.8	0.026606
-10	-1.7	0.021211
-10	-1.6	0.016705
-10	-1.5	0.018663
-10	-1.4	0.029283
-10	-1.3	0.035175
-10	-1.2	0.046981
-10	-1.1	0.053333
-10	-1	0.056821
-10	-0.9	0.05642
-10	-0.8	0.052472
-10	-0.7	0.045144
-10	-0.6	0.034191
-10	-0.5	0.0246
-10	-0.4	0.02013
-10	-0.3	0.014837
-10	-0.2	0.012989
-10	-0.1	0.013109
-10	0	0.014375
-10	0.1	0.018325
-10	0.2	0.024448
-10	0.3	0.030842
-10	0.4	0.038127
-10	0.5	0.043461
-10	0.6	0.046774
-10	0.7	0.048051
-10	0.8	0.046793
-10	0.9	0.042395
-10	1	0.039072
-10	1.1	0.032404
-10	1.2	0.029781
-10	1.3	0.026328
-10	1.4	0.026158
-10	1.5	0.026485
-10	1.6	0.026869
-10	1.7	0.027149
-10	1.8	0.026525
-10	1.9	0.025586
-10	2	0.024151
-10	2.1	0.023501
-10	2.2	0.022223
-10	2.3	0.022051
-10	2.4	0.01992
-10	2.5	0.018574
-10	2.6	0.01625
-10	2.7	0.013137
-10	2.8	0.010734
-10	2.9	0.0099679
-10	3	0.009234
-10	3.1	0.0099857
-10	3.2	0.010318
-10	3.3	0.010871
-10	3.4	0.010103
-10	3.5	0.0096399
-10	3.6	0.0088971
-10	3.7	0.0082583
-10	3.8	0.0082759
-10	3.9	0.0087246
-10	4	0.0084575
0	-4	0.013133
0	-3.9	0.012462
0	-3.8	0.010443
0	-3.7	0.0088989
0	-3.6	0.0072896
0	-3.5	0.0075209
0	-3.4	0.0081361
0	-3.3	0.0078962
0	-3.2	0.0083013
0	-3.1	0.0101
0	-3	0.012245
0	-2.9	0.018411
0	-2.8	0.02143
0	-2.7	0.024883
0	-2.6	0.027981
0	-2.5	0.030152
0	-2.4	0.031175
0	-2.3	0.03253
0	-2.2	0.033658
0	-2.1	0.034744
0	-2	0.034882
0	-1.9	0.033974
0	-1.8	0.028618
0	-1.7	0.023817
0	-1.6	0.017533
0	-1.5	0.017402
0	-1.4	0.024426
0	-1.3	0.034144
0	-1.2	0.044976
0	-1.1	0.051831
0	-1	0.055902
0	-0.9	0.056146
0	-0.8	0.052633
0	-0.7	0.048337
0	-0.6	0.041398
0	-0.5	0.034045
0	-0.4	0.023802
0	-0.3	0.018988
0	-0.2	0.015271
0	-0.1	0.013332
0	0	0.013868
0	0.1	0.016509
0	0.2	0.021662
0	0.3	0.028799
0	0.4	0.034938
0	0.5	0.043134
0	0.6	0.046594
0	0.7	0.049564
0	0.8	0.049785
0	0.9	0.046324
0	1	0.043211
0	1.1	0.038224
0	1.2	0.033157
0	1.3	0.030365
0	1.4	0.03003
0	1.5	0.031218
0	1.6	0.032718
0	1.7	0.03314
0	1.8	0.03236
0	1.9	0.030569
0	2	0.029221
0	2.1	0.025409
0	2.2	0.023804
0	2.3	0.022202
0	2.4	0.020858
0	2.5	0.019837
0	2.6	0.017663
0	2.7	0.015346
0	2.8	0.01285
0	2.9	0.011601
0	3	0.010958
0	3.1	0.010353
0	3.2	0.01034
0	3.3	0.010197
0	3.4	0.0096616
0	3.5	0.0091443
0	3.6	0.0092427
0	3.7	0.0091584
0	3.8	0.0094605
0	3.9	0.0093695
0	4	0.0087708
10	-4	0.014286
10	-3.9	0.013006
10	-3.8	0.011017
10	-3.7	0.0083827
10	-3.6	0.0079898
10	-3.5	0.0094588
10	-3.4	0.010135
10	-3.3	0.0092567
10	-3.2	0.007634
10	-3.1	0.0069118
10	-3	0.010548
10	-2.9	0.017246
10	-2.8	0.024957
10	-2.7	0.028475
10	-2.6	0.030421
10	-2.5	0.031077
10	-2.4	0.031215
10	-2.3	0.03281
10	-2.2	0.034227
10	-2.1	0.036703
10	-2	0.038142
10	-1.9	0.036707
10	-1.8	0.03077
10	-1.7	0.023398
10	-1.6	0.018036
10	-1.5	0.016626
10	-1.4	0.023641
10	-1.3	0.037797
10	-1.2	0.04993
10	-1.1	0.056281
10	-1	0.058825
10	-0.9	0.058196
10	-0.8	0.053988
10	-0.7	0.045919
10	-0.6	0.035752
10	-0.5	0.030032
10	-0.4	0.023728
10	-0.3	0.016674
10	-0.2	0.015295
10	-0.1	0.014612
10	0	0.015655
10	0.1	0.018488
10	0.2	0.023703
10	0.3	0.02929
10	0.4	0.038163
10	0.5	0.043121
10	0.6	0.047374
10	0.7	0.049209
10	0.8	0.048347
10	0.9	0.04498
10	1	0.041247
10	1.1	0.03574
10	1.2	0.031678
10	1.3	0.029543
10	1.4	0.02884
10	1.5	0.029971
10	1.6	0.031668
10	1.7	0.032496
10	1.8	0.032507
10	1.9	0.032109
10	2	0.030288
10	2.1	0.028298
10	2.2	0.025665
10	2.3	0.023729
10	2.4	0.021719
10	2.5	0.019838
10	2.6	0.018082
10	2.7	0.015747
10	2.8	0.014608
10	2.9	0.013578
10	3	0.012511
10	3.1	0.011909
10	3.2	0.011091
10	3.3	0.010883
10	3.4	0.010427
10	3.5	0.010603
10	3.6	0.010213
10	3.7	0.01027
10	3.8	0.010545
10	3.9	0.0095861
10	4	0.0087005
20	-4	0.0131
20	-3.9	0.011181
20	-3.8	0.0093609
20	-3.7	0.0067509
20	-3.6	0.0066301
20	-3.5	0.0088369
20	-3.4	0.010073
20	-3.3	0.0098652
20	-3.2	0.0076276
20	-3.1	0.0061601
20	-3	0.0065935
20	-2.9	0.012766
20	-2.8	0.020778
20	-2.7	0.027662
20	-2.6	0.031683
20	-2.5	0.033147
20	-2.4	0.033351
20	-2.3	0.032313
20	-2.2	0.032287
20	-2.1	0.033061
20	-2	0.035789
20	-1.9	0.036349
20	-1.8	0.034585
20	-1.7	0.030368
20	-1.6	0.023831
20	-1.5	0.019956
20	-1.4	0.022482
20	-1.3	0.033603
20	-1.2	0.047886
20	-1.1	0.054993
20	-1	0.060712
20	-0.9	0.06154
20	-0.8	0.057689
20	-0.7	0.049565
20	-0.6	0.043459
20	-0.5	0.034391
20	-0.4	0.025741
20	-0.3	0.019877
20	-0.2	0.016228
20	-0.1	0.014641
20	0	0.014211
20	0.1	0.016529
20	0.2	0.024512
20	0.3	0.032375
20	0.4	0.038367
20	0.5	0.044919
20	0.6	0.049534
20	0.7	0.051545
20	0.8	0.050645
20	0.9	0.046746
20	1	0.044553
20	1.1	0.041456
20	1.2	0.038147
20	1.3	0.035295
20	1.4	0.033512
20	1.5	0.033274
20	1.6	0.033191
20	1.7	0.032697
20	1.8	0.032952
20	1.9	0.032622
20	2	0.032185
20	2.1	0.029767
20	2.2	0.025575
20	2.3	0.023205
20	2.4	0.020103
20	2.5	0.016661
20	2.6	0.014349
20	2.7	0.013473
20	2.8	0.013159
20	2.9	0.012367
20	3	0.010986
20	3.1	0.009976
20	3.2	0.0088862
20	3.3	0.0089568
20	3.4	0.010211
20	3.5	0.010654
20	3.6	0.010234
20	3.7	0.010087
20	3.8	0.0091936
20	3.9	0.0085601
20	4	0.0078757
30	-4	0.014471
30	-3.9	0.014127
30	-3.8	0.011481
30	-3.7	0.0094057
30	-3.6	0.0084211
30	-3.5	0.0093902
30	-3.4	0.011087
30	-3.3	0.0098456
30	-3.2	0.0086577
30	-3.1	0.0061889
30	-3	0.0074908
30	-2.9	0.013374
30	-2.8	0.019523
30	-2.7	0.023462
30	-2.6	0.028004
30	-2.5	0.029152
30	-2.4	0.029919
30	-2.3	0.031507
30	-2.2	0.034022
30	-2.1	0.03664
30	-2	0.038054
30	-1.9	0.037718
30	-1.8	0.03386
30	-1.7	0.029177
30	-1.6	0.021635
30	-1.5	0.018976
30	-1.4	0.022463
30	-1.3	0.034063
30	-1.2	0.047811
30	-1.1	0.052726
30	-1	0.058744
30	-0.9	0.060157
30	-0.8	0.055128
30	-0.7	0.049985
30	-0.6	0.038456
30	-0.5	0.032149
30	-0.4	0.02166
30	-0.3	0.017017
30	-0.2	0.015006
30	-0.1	0.015224
30	0	0.015959
30	0.1	0.018927
30	0.2	0.024279
30	0.3	0.031676
30	0.4	0.037188
30	0.5	0.045108
30	0.6	0.048151
30	0.7	0.049721
30	0.8	0.048338
30	0.9	0.045377
30	1	0.040871
30	1.1	0.038033
30	1.2	0.033895
30	1.3	0.032924
30	1.4	0.033073
30	1.5	0.03451
30	1.6	0.035694
30	1.7	0.035536
30	1.8	0.034784
30	1.9	0.033449
30	2	0.032164
30	2.1	0.030883
30	2.2	0.02832
30	2.3	0.025693
30	2.4	0.024242
30	2.5	0.020266
30	2.6	0.017246
30	2.7	0.01592
30	2.8	0.014568
30	2.9	0.014798
30	3	0.014457
30	3.1	0.014062
30	3.2	0.012848
30	3.3	0.011698
30	3.4	0.011315
30	3.5	0.011007
30	3.6	0.010807
30	3.7	0.01143
30	3.8	0.012025
30	3.9	0.012589
30	4	0.012423
40	-4	0.014549
40	-3.9	0.013696
40	-3.8	0.012578
40	-3.7	0.01174
40	-3.6	0.011423
40	-3.5	0.011359
40	-3.4	0.010584
40	-3.3	0.010037
40	-3.2	0.0084613
40	-3.1	0.0065738
40	-3	0.0079594
40	-2.9	0.010415
40	-2.8	0.016385
40	-2.7	0.020888
40	-2.6	0.024821
40	-2.5	0.02768
40	-2.4	0.03005
40	-2.3	0.031437
40	-2.2	0.034848
40	-2.1	0.036695
40	-2	0.038859
40	-1.9	0.038735
40	-1.8	0.035891
40	-1.7	0.031036
40	-1.6	0.024015
40	-1.5	0.020651
40	-1.4	0.02431
40	-1.3	0.029019
40	-1.2	0.039442
40	-1.1	0.047845
40	-1	0.054861
40	-0.9	0.056564
40	-0.8	0.054503
40	-0.7	0.051017
40	-0.6	0.041297
40	-0.5	0.036163
40	-0.4	0.028098
40	-0.3	0.02164
40	-0.2	0.016193
40	-0.1	0.014866
40	0	0.014579
40	0.1	0.015662
40	0.2	0.020326
40	0.3	0.028228
40	0.4	0.035603
40	0.5	0.041784
40	0.6	0.045933
40	0.7	0.050304
40	0.8	0.050753
40	0.9	0.048724
40	1	0.045398
40	1.1	0.039926
40	1.2	0.037334
40	1.3	0.035012
40	1.4	0.034752
40	1.5	0.037412
40	1.6	0.039075
40	1.7	0.040239
40	1.8	0.039259
40	1.9	0.0371
40	2	0.034078
40	2.1	0.030607
40	2.2	0.02685
40	2.3	0.025142
40	2.4	0.022787
40	2.5	0.020106
40	2.6	0.018407
40	2.7	0.014683
40	2.8	0.012562
40	2.9	0.011472
40	3	0.011229
40	3.1	0.011832
40	3.2	0.012168
40	3.3	0.012517
40	3.4	0.012005
40	3.5	0.011516
40	3.6	0.010968
40	3.7	0.010817
40	3.8	0.0099533
40	3.9	0.010443
40	4	0.010337
50	-4	0.012488
50	-3.9	0.014246
50	-3.8	0.014528
50	-3.7	0.014528
50	-3.6	0.013328
50	-3.5	0.01243
50	-3.4	0.010808
50	-3.3	0.0092059
50	-3.2	0.0083207
50	-3.1	0.007347
50	-3	0.006886
50	-2.9	0.0079776
50	-2.8	0.011164
50	-2.7	0.014317
50	-2.6	0.021942
50	-2.5	0.026548
50	-2.4	0.031088
50	-2.3	0.032558
50	-2.2	0.035574
50	-2.1	0.037171
50	-2	0.038056
50	-1.9	0.037908
50	-1.8	0.036651
50	-1.7	0.033448
50	-1.6	0.028115
50	-1.5	0.021822
50	-1.4	0.022189
50	-1.3	0.028867
50	-1.2	0.03824
50	-1.1	0.048955
50	-1	0.055903
50	-0.9	0.057616
50	-0.8	0.056239
50	-0.7	0.048452
50	-0.6	0.04148
50	-0.5	0.034421
50	-0.4	0.027237
50	-0.3	0.021585
50	-0.2	0.017348
50	-0.1	0.015626
50	0	0.014086
50	0.1	0.015021
50	0.2	0.018723
50	0.3	0.024745
50	0.4	0.033799
50	0.5	0.041647
50	0.6	0.046951
50	0.7	0.050671
50	0.8	0.050575
50	0.9	0.047619
50	1	0.043436
50	1.1	0.039942
50	1.2	0.037202
50	1.3	0.035917
50	1.4	0.035638
50	1.5	0.036586
50	1.6	0.037241
50	1.7	0.038296
50	1.8	0.037735
50	1.9	0.035527
50	2	0.03316
50	2.1	0.030942
50	2.2	0.028235
50	2.3	0.025183
50	2.4	0.021578
50	2.5	0.019493
50	2.6	0.016348
50	2.7	0.014917
50	2.8	0.013071
50	2.9	0.012134
50	3	0.011042
50	3.1	0.010653
50	3.2	0.010657
50	3.3	0.01097
50	3.4	0.010818
50	3.5	0.011399
50	3.6	0.011456
50	3.7	0.01121
50	3.8	0.0099711
50	3.9	0.0089315
50	4	0.0084154
60	-4	0.01469
60	-3.9	0.015459
60	-3.8	0.01473
60	-3.7	0.013648
60	-3.6	0.011833
60	-3.5	0.010578
60	-3.4	0.010583
60	-3.3	0.010409
60	-3.2	0.010024
60	-3.1	0.0076825
60	-3	0.006336
60	-2.9	0.0079289
60	-2.8	0.013718
60	-2.7	0.017997
60	-2.6	0.022362
60	-2.5	0.025311
60	-2.4	0.026774
60	-2.3	0.028974
60	-2.2	0.032579
60	-2.1	0.035855
60	-2	0.038018
60	-1.9	0.039142
60	-1.8	0.037978
60	-1.7	0.035236
60	-1.6	0.026823
60	-1.5	0.022129
60	-1.4	0.019839
60	-1.3	0.02434
60	-1.2	0.036642
60	-1.1	0.044239
60	-1	0.052181
60	-0.9	0.057117
60	-0.8	0.057089
60	-0.7	0.052155
60	-0.6	0.047213
60	-0.5	0.036846
60	-0.4	0.030489
60	-0.3	0.021816
60	-0.2	0.017141
60	-0.1	0.014832
60	0	0.013807
60	0.1	0.013891
60	0.2	0.016947
60	0.3	0.022744
60	0.4	0.029605
60	0.5	0.035688
60	0.6	0.043682
60	0.7	0.046588
60	0.8	0.047488
60	0.9	0.046658
60	1	0.04386
60	1.1	0.04069
60	1.2	0.037121
60	1.3	0.036497
60	1.4	0.03578
60	1.5	0.036835
60	1.6	0.038096
60	1.7	0.039628
60	1.8	0.039343
60	1.9	0.038478
60	2	0.036536
60	2.1	0.034286
60	2.2	0.031708
60	2.3	0.02823
60	2.4	0.023995
60	2.5	0.020638
60	2.6	0.018694
60	2.7	0.015943
60	2.8	0.013882
60	2.9	0.012071
60	3	0.011813
60	3.1	0.011958
60	3.2	0.013018
60	3.3	0.013004
60	3.4	0.012892
60	3.5	0.012837
60	3.6	0.012909
60	3.7	0.012215
60	3.8	0.011776
60	3.9	0.011426
60	4	0.011676
70	-4	0.014856
70	-3.9	0.015333
70	-3.8	0.014287
70	-3.7	0.013502
70	-3.6	0.012279
70	-3.5	0.010645
70	-3.4	0.010303
70	-3.3	0.010196
70	-3.2	0.0096147
70	-3.1	0.0080301
70	-3	0.0068507
70	-2.9	0.0076191
70	-2.8	0.011298
70	-2.7	0.015625
70	-2.6	0.020915
70	-2.5	0.024334
70	-2.4	0.02798
70	-2.3	0.030442
70	-2.2	0.031584
70	-2.1	0.03422
70	-2	0.035236
70	-1.9	0.035498
70	-1.8	0.034955
70	-1.7	0.032008
70	-1.6	0.027964
70	-1.5	0.020195
70	-1.4	0.017899
70	-1.3	0.020748
70	-1.2	0.030099
70	-1.1	0.043132
70	-1	0.047424
70	-0.9	0.052821
70	-0.8	0.053145
70	-0.7	0.050717
70	-0.6	0.043556
70	-0.5	0.038428
70	-0.4	0.032868
70	-0.3	0.02459
70	-0.2	0.021316
70	-0.1	0.017757
70	0	0.015284
70	0.1	0.014211
70	0.2	0.016293
70	0.3	0.021003
70	0.4	0.028133
70	0.5	0.037552
70	0.6	0.042841
70	0.7	0.045874
70	0.8	0.047931
70	0.9	0.046711
70	1	0.044163
70	1.1	0.039517
70	1.2	0.036809
70	1.3	0.035256
70	1.4	0.034496
70	1.5	0.035052
70	1.6	0.036877
70	1.7	0.038584
70	1.8	0.039129
70	1.9	0.038192
70	2	0.036757
70	2.1	0.033277
70	2.2	0.03056
70	2.3	0.027124
70	2.4	0.023559
70	2.5	0.019766
70	2.6	0.018454
70	2.7	0.016209
70	2.8	0.014233
70	2.9	0.012062
70	3	0.011468
70	3.1	0.010903
70	3.2	0.01152
70	3.3	0.012075
70	3.4	0.012216
70	3.5	0.012319
70	3.6	0.011864
70	3.7	0.011245
70	3.8	0.010542
70	3.9	0.010759
70	4	0.011589
80	-4	0.014247
80	-3.9	0.014467
80	-3.8	0.013398
80	-3.7	0.011959
80	-3.6	0.010381
80	-3.5	0.0093246
80	-3.4	0.0097565
80	-3.3	0.011004
80	-3.2	0.011243
80	-3.1	0.010058
80	-3	0.0078098
80	-2.9	0.006313
80	-2.8	0.010842
80	-2.7	0.015598
80	-2.6	0.020826
80	-2.5	0.025375
80	-2.4	0.027146
80	-2.3	0.028852
80	-2.2	0.030664
80	-2.1	0.034048
80	-2	0.035127
80	-1.9	0.035559
80	-1.8	0.035418
80	-1.7	0.033329
80	-1.6	0.029164
80	-1.5	0.024178
80	-1.4	0.020741
80	-1.3	0.022112
80	-1.2	0.029523
80	-1.1	0.03935
80	-1	0.046762
80	-0.9	0.049437
80	-0.8	0.051873
80	-0.7	0.050342
80	-0.6	0.045419
80	-0.5	0.03943
80	-0.4	0.032562
80	-0.3	0.025612
80	-0.2	0.020625
80	-0.1	0.01754
80	0	0.015262
80	0.1	0.014052
80	0.2	0.016375
80	0.3	0.021583
80	0.4	0.02615
80	0.5	0.036762
80	0.6	0.04188
80	0.7	0.045329
80	0.8	0.04586
80	0.9	0.045343
80	1	0.04179
80	1.1	0.040737
80	1.2	0.037457
80	1.3	0.035631
80	1.4	0.033932
80	1.5	0.03416
80	1.6	0.035366
80	1.7	0.03615
80	1.8	0.036518
80	1.9	0.036859
80	2	0.036588
80	2.1	0.034834
80	2.2	0.031845
80	2.3	0.028493
80	2.4	0.024177
80	2.5	0.020209
80	2.6	0.015886
80	2.7	0.014198
80	2.8	0.012948
80	2.9	0.012748
80	3	0.012348
80	3.1	0.011592
80	3.2	0.011213
80	3.3	0.010199
80	3.4	0.010451
80	3.5	0.010865
80	3.6	0.011334
80	3.7	0.011219
80	3.8	0.011328
80	3.9	0.011306
80	4	0.011446
90	-4	0.012719
90	-3.9	0.013207
90	-3.8	0.012815
90	-3.7	0.011505
90	-3.6	0.0089766
90	-3.5	0.0076993
90	-3.4	0.008152
90	-3.3	0.0097466
90	-3.2	0.010604
90	-3.1	0.0099387
90	-3	0.0086427
90	-2.9	0.0057362
90	-2.8	0.0079146
90	-2.7	0.014067
90	-2.6	0.019923
90	-2.5	0.025095
90	-2.4	0.027815
90	-2.3	0.029929
90	-2.2	0.030985
90	-2.1	0.031565
90	-2	0.03234
90	-1.9	0.033313
90	-1.8	0.034117
90	-1.7	0.03347
90	-1.6	0.029613
90	-1.5	0.023766
90	-1.4	0.020006
90	-1.3	0.020955
90	-1.2	0.026883
90	-1.1	0.034382
90	-1	0.044913
90	-0.9	0.051197
90	-0.8	0.052581
90	-0.7	0.051241
90	-0.6	0.044647
90	-0.5	0.039567
90	-0.4	0.031416
90	-0.3	0.026478
90	-0.2	0.021112
90	-0.1	0.016333
90	0	0.014907
90	0.1	0.014197
90	0.2	0.01625
90	0.3	0.022123
90	0.4	0.028974
90	0.5	0.036355
90	0.6	0.040911
90	0.7	0.045049
90	0.8	0.046463
90	0.9	0.045931
90	1	0.04361
90	1.1	0.040907
90	1.2	0.0377
90	1.3	0.034401
90	1.4	0.033098
90	1.5	0.031581
90	1.6	0.032597
90	1.7	0.033593
90	1.8	0.035035
90	1.9	0.03552
90	2	0.035541
90	2.1	0.033547
90	2.2	0.031204
90	2.3	0.026463
90	2.4	0.02285
90	2.5	0.018921
90	2.6	0.016773
90	2.7	0.014879
90	2.8	0.013548
90	2.9	0.012774
90	3	0.011121
90	3.1	0.009665
90	3.2	0.009169
90	3.3	0.0097532
90	3.4	0.010967
90	3.5	0.012285
90	3.6	0.012461
90	3.7	0.01123
90	3.8	0.01066
90	3.9	0.010156
90	4	0.0097133
100	-4	0.011766
100	-3.9	0.012641
100	-3.8	0.013108
100	-3.7	0.012009
100	-3.6	0.011002
100	-3.5	0.009481
100	-3.4	0.0090591
100	-3.3	0.0091884
100	-3.2	0.0096934
100	-3.1	0.0091619
100	-3	0.0079635
100	-2.9	0.0070667
100	-2.8	0.0093176
100	-2.7	0.014117
100	-2.6	0.018001
100	-2.5	0.022911
100	-2.4	0.026899
100	-2.3	0.028205
100	-2.2	0.030058
100	-2.1	0.031051
100	-2	0.031918
100	-1.9	0.032807
100	-1.8	0.033361
100	-1.7	0.033026
100	-1.6	0.030428
100	-1.5	0.025858
100	-1.4	0.02107
100	-1.3	0.018129
100	-1.2	0.023146
100	-1.1	0.033839
100	-1	0.041289
100	-0.9	0.048069
100	-0.8	0.05276
100	-0.7	0.052394
100	-0.6	0.048404
100	-0.5	0.0431
100	-0.4	0.036206
100	-0.3	0.029363
100	-0.2	0.022784
100	-0.1	0.018394
100	0	0.014591
100	0.1	0.013602
100	0.2	0.014761
100	0.3	0.018198
100	0.4	0.025761
100	0.5	0.032544
100	0.6	0.040295
100	0.7	0.04453
100	0.8	0.048155
100	0.9	0.048142
100	1	0.046527
100	1.1	0.04248
100	1.2	0.039803
100	1.3	0.035397
100	1.4	0.032134
100	1.5	0.031124
100	1.6	0.031929
100	1.7	0.03345
100	1.8	0.034536
100	1.9	0.034734
100	2	0.034412
100	2.1	0.032414
100	2.2	0.03066
100	2.3	0.027228
100	2.4	0.024394
100	2.5	0.021445
100	2.6	0.018664
100	2.7	0.016065
100	2.8	0.013958
100	2.9	0.011799
100	3	0.011087
100	3.1	0.010041
100	3.2	0.0098308
100	3.3	0.0095861
100	3.4	0.01044
100	3.5	0.010483
100	3.6	0.010031
100	3.7	0.009608
100	3.8	0.0093436
100	3.9	0.0097945
100	4	0.0097133
110	-4	0.01076
110	-3.9	0.011629
110	-3.8	0.012467
110	-3.7	0.012213
110	-3.6	0.011736
110	-3.5	0.0092776
110	-3.4	0.0075338
110	-3.3	0.0068247
110	-3.2	0.0067557
110	-3.1	0.0068034
110	-3	0.0072607
110	-2.9	0.0091514
110	-2.8	0.010741
110	-2.7	0.015376
110	-2.6	0.019647
110	-2.5	0.022335
110	-2.4	0.024847
110	-2.3	0.026448
110	-2.2	0.028644
110	-2.1	0.03026
110	-2	0.032709
110	-1.9	0.033868
110	-1.8	0.03403
110	-1.7	0.03329
110	-1.6	0.028433
110	-1.5	0.024437
110	-1.4	0.020928
110	-1.3	0.019337
110	-1.2	0.023218
110	-1.1	0.033286
110	-1	0.040311
110	-0.9	0.047981
110	-0.8	0.053801
110	-0.7	0.054287
110	-0.6	0.051902
110	-0.5	0.047204
110	-0.4	0.040299
110	-0.3	0.032067
110	-0.2	0.024831
110	-0.1	0.019264
110	0	0.016858
110	0.1	0.014377
110	0.2	0.013948
110	0.3	0.01873
110	0.4	0.02466
110	0.5	0.032033
110	0.6	0.040953
110	0.7	0.044736
110	0.8	0.04945
110	0.9	0.050047
110	1	0.048534
110	1.1	0.044837
110	1.2	0.041963
110	1.3	0.038645
110	1.4	0.035347
110	1.5	0.033938
110	1.6	0.033838
110	1.7	0.034747
110	1.8	0.035372
110	1.9	0.03526
110	2	0.034682
110	2.1	0.033367
110	2.2	0.030827
110	2.3	0.027992
110	2.4	0.024579
110	2.5	0.021727
110	2.6	0.019296
110	2.7	0.016407
110	2.8	0.013395
110	2.9	0.011795
110	3	0.010427
110	3.1	0.008507
110	3.2	0.0082053
110	3.3	0.0085582
110	3.4	0.009989
110	3.5	0.011126
110	3.6	0.011388
110	3.7	0.010924
110	3.8	0.010162
110	3.9	0.0093592
110	4	0.0092794
120	-4	0.011522
120	-3.9	0.011896
120	-3.8	0.011578
120	-3.7	0.010712
120	-3.6	0.0085146
120	-3.5	0.0079309
120	-3.4	0.0078428
120	-3.3	0.0083614
120	-3.2	0.0084728
120	-3.1	0.0077703
120	-3	0.0064171
120	-2.9	0.0069118
120	-2.8	0.010733
120	-2.7	0.014068
120	-2.6	0.018545
120	-2.5	0.020446
120	-2.4	0.022559
120	-2.3	0.024714
120	-2.2	0.02658
120	-2.1	0.028912
120	-2	0.031162
120	-1.9	0.032936
120	-1.8	0.033761
120	-1.7	0.032733
120	-1.6	0.028648
120	-1.5	0.024563
120	-1.4	0.020326
120	-1.3	0.019755
120	-1.2	0.025751
120	-1.1	0.032864
120	-1	0.041694
120	-0.9	0.049454
120	-0.8	0.053964
120	-0.7	0.054682
120	-0.6	0.051766
120	-0.5	0.044096
120	-0.4	0.039013
120	-0.3	0.031162
120	-0.2	0.023911
120	-0.1	0.018109
120	0	0.015809
120	0.1	0.014476
120	0.2	0.014129
120	0.3	0.017803
120	0.4	0.024793
120	0.5	0.030614
120	0.6	0.035172
120	0.7	0.044886
120	0.8	0.048451
120	0.9	0.049751
120	1	0.047669
120	1.1	0.045741
120	1.2	0.041948
120	1.3	0.037491
120	1.4	0.034069
120	1.5	0.033539
120	1.6	0.033104
120	1.7	0.033647
120	1.8	0.034829
120	1.9	0.035313
120	2	0.034234
120	2.1	0.033169
120	2.2	0.031346
120	2.3	0.028634
120	2.4	0.025111
120	2.5	0.023045
120	2.6	0.020381
120	2.7	0.018677
120	2.8	0.015656
120	2.9	0.013198
120	3	0.011701
120	3.1	0.010186
120	3.2	0.0090644
120	3.3	0.0089243
120	3.4	0.0097117
120	3.5	0.010515
120	3.6	0.01097
120	3.7	0.010673
120	3.8	0.0095269
120	3.9	0.0089043
120	4	0.0088916
130	-4	0.0080903
130	-3.9	0.0092881
130	-3.8	0.010276
130	-3.7	0.010154
130	-3.6	0.0089874
130	-3.5	0.0075872
130	-3.4	0.0067581
130	-3.3	0.0066496
130	-3.2	0.0079207
130	-3.1	0.0087117
130	-3	0.0082915
130	-2.9	0.0073294
130	-2.8	0.0082857
130	-2.7	0.012213
130	-2.6	0.015999
130	-2.5	0.021196
130	-2.4	0.024686
130	-2.3	0.028358
130	-2.2	0.03041
130	-2.1	0.031863
130	-2	0.033054
130	-1.9	0.033377
130	-1.8	0.033027
130	-1.7	0.031791
130	-1.6	0.02999
130	-1.5	0.025959
130	-1.4	0.023122
130	-1.3	0.022221
130	-1.2	0.027084
130	-1.1	0.035804
130	-1	0.044709
130	-0.9	0.049486
130	-0.8	0.054081
130	-0.7	0.056066
130	-0.6	0.053633
130	-0.5	0.046835
130	-0.4	0.039893
130	-0.3	0.031475
130	-0.2	0.026249
130	-0.1	0.02074
130	0	0.016537
130	0.1	0.014636
130	0.2	0.015161
130	0.3	0.019662
130	0.4	0.026551
130	0.5	0.031668
130	0.6	0.041462
130	0.7	0.046188
130	0.8	0.051132
130	0.9	0.051975
130	1	0.051324
130	1.1	0.048329
130	1.2	0.044985
130	1.3	0.041635
130	1.4	0.037593
130	1.5	0.033996
130	1.6	0.033138
130	1.7	0.03327
130	1.8	0.034298
130	1.9	0.034444
130	2	0.034279
130	2.1	0.033402
130	2.2	0.031161
130	2.3	0.028218
130	2.4	0.025366
130	2.5	0.0225
130	2.6	0.020884
130	2.7	0.018129
130	2.8	0.01556
130	2.9	0.014013
130	3	0.013135
130	3.1	0.01155
130	3.2	0.010334
130	3.3	0.010278
130	3.4	0.010623
130	3.5	0.011052
130	3.6	0.010985
130	3.7	0.010423
130	3.8	0.010033
130	3.9	0.010246
130	4	0.010899
140	-4	0.0086652
140	-3.9	0.009116
140	-3.8	0.0092462
140	-3.7	0.0091124
140	-3.6	0.007787
140	-3.5	0.0067962
140	-3.4	0.006369
140	-3.3	0.0069281
140	-3.2	0.0077161
140	-3.1	0.0087172
140	-3	0.008148
140	-2.9	0.0074583
140	-2.8	0.0074627
140	-2.7	0.0098521
140	-2.6	0.016872
140	-2.5	0.021274
140	-2.4	0.025516
140	-2.3	0.028825
140	-2.2	0.030022
140	-2.1	0.030547
140	-2	0.030079
140	-1.9	0.029803
140	-1.8	0.029954
140	-1.7	0.030602
140	-1.6	0.030464
140	-1.5	0.028932
140	-1.4	0.025698
140	-1.3	0.023362
140	-1.2	0.026842
140	-1.1	0.033854
140	-1	0.041037
140	-0.9	0.051443
140	-0.8	0.054895
140	-0.7	0.057974
140	-0.6	0.056073
140	-0.5	0.051487
140	-0.4	0.043784
140	-0.3	0.036359
140	-0.2	0.026371
140	-0.1	0.020815
140	0	0.015878
140	0.1	0.014929
140	0.2	0.014135
140	0.3	0.016034
140	0.4	0.025757
140	0.5	0.032031
140	0.6	0.040687
140	0.7	0.047734
140	0.8	0.052949
140	0.9	0.055802
140	1	0.055187
140	1.1	0.052912
140	1.2	0.049298
140	1.3	0.044446
140	1.4	0.0403
140	1.5	0.036344
140	1.6	0.035204
140	1.7	0.034499
140	1.8	0.034566
140	1.9	0.034878
140	2	0.034612
140	2.1	0.034201
140	2.2	0.03213
140	2.3	0.0301
140	2.4	0.026683
140	2.5	0.023668
140	2.6	0.019838
140	2.7	0.016415
140	2.8	0.013992
140	2.9	0.012569
140	3	0.011886
140	3.1	0.010404
140	3.2	0.0099792
140	3.3	0.009373
140	3.4	0.008769
140	3.5	0.0084384
140	3.6	0.0083961
140	3.7	0.0085089
140	3.8	0.008562
140	3.9	0.0084728
140	4	0.0086053
150	-4	0.0085374
150	-3.9	0.0088204
150	-3.8	0.0096264
150	-3.7	0.009537
150	-3.6	0.0087024
150	-3.5	0.0075979
150	-3.4	0.0066155
150	-3.3	0.0067629
150	-3.2	0.0083071
150	-3.1	0.0090573
150	-3	0.0089098
150	-2.9	0.0080883
150	-2.8	0.0080402
150	-2.7	0.011048
150	-2.6	0.015984
150	-2.5	0.021151
150	-2.4	0.0259
150	-2.3	0.028303
150	-2.2	0.0308
150	-2.1	0.031732
150	-2	0.032069
150	-1.9	0.031974
150	-1.8	0.031354
150	-1.7	0.03103
150	-1.6	0.029773
150	-1.5	0.027487
150	-1.4	0.025077
150	-1.3	0.024116
150	-1.2	0.025719
150	-1.1	0.033212
150	-1	0.045092
150	-0.9	0.050232
150	-0.8	0.056707
150	-0.7	0.058354
150	-0.6	0.057114
150	-0.5	0.05243
150	-0.4	0.042126
150	-0.3	0.036114
150	-0.2	0.028027
150	-0.1	0.021028
150	0	0.016788
150	0.1	0.014488
150	0.2	0.014192
150	0.3	0.017247
150	0.4	0.024117
150	0.5	0.02912
150	0.6	0.038577
150	0.7	0.044935
150	0.8	0.052054
150	0.9	0.055145
150	1	0.055607
150	1.1	0.052847
150	1.2	0.050407
150	1.3	0.045688
150	1.4	0.041564
150	1.5	0.036527
150	1.6	0.034901
150	1.7	0.03467
150	1.8	0.035154
150	1.9	0.035396
150	2	0.035795
150	2.1	0.03525
150	2.2	0.032831
150	2.3	0.030614
150	2.4	0.026533
150	2.5	0.02405
150	2.6	0.020901
150	2.7	0.018752
150	2.8	0.016113
150	2.9	0.014764
150	3	0.013412
150	3.1	0.011901
150	3.2	0.01029
150	3.3	0.0098947
150	3.4	0.0097
150	3.5	0.010135
150	3.6	0.0099028
150	3.7	0.0099695
150	3.8	0.0098996
150	3.9	0.0093764
150	4	0.0096967
160	-4	0.0080039
160	-3.9	0.0091866
160	-3.8	0.0093712
160	-3.7	0.0086652
160	-3.6	0.007617
160	-3.5	0.0071168
160	-3.4	0.0072138
160	-3.3	0.0076021
160	-3.2	0.0082505
160	-3.1	0.0080863
160	-3	0.0080019
160	-2.9	0.0073799
160	-2.8	0.0091954
160	-2.7	0.012676
160	-2.6	0.016384
160	-2.5	0.02075
160	-2.4	0.024366
160	-2.3	0.026349
160	-2.2	0.027443
160	-2.1	0.029269
160	-2	0.031125
160	-1.9	0.032588
160	-1.8	0.033377
160	-1.7	0.033027
160	-1.6	0.031187
160	-1.5	0.027382
160	-1.4	0.023292
160	-1.3	0.022129
160	-1.2	0.028324
160	-1.1	0.033861
160	-1	0.044088
160	-0.9	0.053437
160	-0.8	0.057098
160	-0.7	0.058135
160	-0.6	0.055121
160	-0.5	0.048303
160	-0.4	0.041531
160	-0.3	0.033401
160	-0.2	0.024476
160	-0.1	0.021227
160	0	0.016914
160	0.1	0.014933
160	0.2	0.014398
160	0.3	0.01708
160	0.4	0.020593
160	0.5	0.027442
160	0.6	0.036398
160	0.7	0.043585
160	0.8	0.048588
160	0.9	0.052761
160	1	0.052834
160	1.1	0.052279
160	1.2	0.049638
160	1.3	0.045972
160	1.4	0.041135
160	1.5	0.037391
160	1.6	0.03592
160	1.7	0.03519
160	1.8	0.034747
160	1.9	0.034543
160	2	0.034642
160	2.1	0.034553
160	2.2	0.032862
160	2.3	0.030862
160	2.4	0.028894
160	2.5	0.026343
160	2.6	0.023646
160	2.7	0.022581
160	2.8	0.018713
160	2.9	0.015495
160	3	0.013707
160	3.1	0.012697
160	3.2	0.01183
160	3.3	0.010918
160	3.4	0.011228
160	3.5	0.011561
160	3.6	0.011306
160	3.7	0.010738
160	3.8	0.0096767
160	3.9	0.009328
160	4	0.0097084
170	-4	0.0074018
170	-3.9	0.00967
170	-3.8	0.010738
170	-3.7	0.010989
170	-3.6	0.0097698
170	-3.5	0.0076572
170	-3.4	0.0065984
170	-3.3	0.0072317
170	-3.2	0.008227
170	-3.1	0.0088497
170	-3	0.0090698
170	-2.9	0.0088241
170	-2.8	0.0098225
170	-2.7	0.012358
170	-2.6	0.016543
170	-2.5	0.021389
170	-2.4	0.025604
170	-2.3	0.027083
170	-2.2	0.027587
170	-2.1	0.028028
170	-2	0.029061
170	-1.9	0.030181
170	-1.8	0.031173
170	-1.7	0.031265
170	-1.6	0.029723
170	-1.5	0.027382
170	-1.4	0.024759
170	-1.3	0.023125
170	-1.2	0.026648
170	-1.1	0.031299
170	-1	0.044226
170	-0.9	0.051304
170	-0.8	0.057294
170	-0.7	0.059716
170	-0.6	0.058175
170	-0.5	0.052745
170	-0.4	0.041951
170	-0.3	0.035009
170	-0.2	0.027559
170	-0.1	0.019349
170	0	0.014987
170	0.1	0.01404
170	0.2	0.013581
170	0.3	0.015476
170	0.4	0.024115
170	0.5	0.030724
170	0.6	0.037683
170	0.7	0.045862
170	0.8	0.051019
170	0.9	0.054183
170	1	0.053243
170	1.1	0.052037
170	1.2	0.048958
170	1.3	0.044057
170	1.4	0.038066
170	1.5	0.035922
170	1.6	0.034301
170	1.7	0.033715
170	1.8	0.033475
170	1.9	0.032867
170	2	0.032634
170	2.1	0.031996
170	2.2	0.030576
170	2.3	0.028138
170	2.4	0.025656
170	2.5	0.024115
170	2.6	0.022104
170	2.7	0.020707
170	2.8	0.01838
170	2.9	0.017048
170	3	0.015379
170	3.1	0.01376
170	3.2	0.011345
170	3.3	0.009554
170	3.4	0.0097482
170	3.5	0.010555
170	3.6	0.012175
170	3.7	0.01232
170	3.8	0.01208
170	3.9	0.011078
170	4	0.010323
180	-4	0.0078942
180	-3.9	0.0091213
180	-3.8	0.0095116
180	-3.7	0.0093298
180	-3.6	0.008154
180	-3.5	0.007617
180	-3.4	0.0070024
180	-3.3	0.0074951
180	-3.2	0.0078366
180	-3.1	0.0080763
180	-3	0.0082093
180	-2.9	0.0087505
180	-2.8	0.011672
180	-2.7	0.014985
180	-2.6	0.018836
180	-2.5	0.023921
180	-2.4	0.026522
180	-2.3	0.027019
180	-2.2	0.0272
180	-2.1	0.027204
180	-2	0.029754
180	-1.9	0.030902
180	-1.8	0.034037
180	-1.7	0.034481
180	-1.6	0.032721
180	-1.5	0.029372
180	-1.4	0.025821
180	-1.3	0.023195
180	-1.2	0.02496
180	-1.1	0.035138
180	-1	0.043834
180	-0.9	0.052732
180	-0.8	0.059603
180	-0.7	0.060581
180	-0.6	0.055553
180	-0.5	0.049741
180	-0.4	0.041578
180	-0.3	0.029806
180	-0.2	0.023689
180	-0.1	0.016839
180	0	0.014623
180	0.1	0.013997
180	0.2	0.014296
180	0.3	0.016787
180	0.4	0.021129
180	0.5	0.032219
180	0.6	0.040383
180	0.7	0.046477
180	0.8	0.050482
180	0.9	0.052948
180	1	0.052488
180	1.1	0.050087
180	1.2	0.046905
180	1.3	0.042863
180	1.4	0.038933
180	1.5	0.034229
180	1.6	0.032945
180	1.7	0.031906
180	1.8	0.031177
180	1.9	0.031519
180	2	0.031397
180	2.1	0.031156
180	2.2	0.030008
180	2.3	0.027449
180	2.4	0.025926
180	2.5	0.023431
180	2.6	0.020539
180	2.7	0.018685
180	2.8	0.017484
180	2.9	0.016253
180	3	0.014965
180	3.1	0.013463
180	3.2	0.011799
180	3.3	0.010021
180	3.4	0.0098636
180	3.5	0.010211
180	3.6	0.011204
180	3.7	0.011226
180	3.8	0.010471
180	3.9	0.0099354
180	4	0.0090412
 
Uniformity Ratio =0.65418
