08-Jan-2018
7:3
TXR  008014 RM428 R24
33511B Function Generator
SN =Agilent Technologies,33511B,MY52301476,3.05-1.19-2.00-52-00
freq =+9.280000000000000E+06
burstmode =TRIG
burstN =+6.000000000000000E+01
voltage =+1.5000000000000E-01
 
DSO-X 2022A Oscilloscope
SN =AGILENT TECHNOLOGIES,DSO-X 2022A,MY54310921,02.41.2015102200
probe =+1.0000000E+00
scale =+500.0E-09
position =+19.900000E-06
range =+1.60E+00
units =VOLT
points =+2000
pointmode =NORM
format =BYTE
acqtype =NORM
trigsource =EXT
coupling =AC
 
-180	-4	0.0087579
-180	-3.9	0.0099094
-180	-3.8	0.010202
-180	-3.7	0.0094022
-180	-3.6	0.008732
-180	-3.5	0.0075016
-180	-3.4	0.0079797
-180	-3.3	0.009469
-180	-3.2	0.010558
-180	-3.1	0.010908
-180	-3	0.0105
-180	-2.9	0.0099045
-180	-2.8	0.010454
-180	-2.7	0.01425
-180	-2.6	0.018627
-180	-2.5	0.023422
-180	-2.4	0.026984
-180	-2.3	0.02799
-180	-2.2	0.028086
-180	-2.1	0.026794
-180	-2	0.026639
-180	-1.9	0.027019
-180	-1.8	0.029639
-180	-1.7	0.031869
-180	-1.6	0.032989
-180	-1.5	0.031794
-180	-1.4	0.027152
-180	-1.3	0.022029
-180	-1.2	0.020135
-180	-1.1	0.023315
-180	-1	0.033514
-180	-0.9	0.042588
-180	-0.8	0.053691
-180	-0.7	0.057529
-180	-0.6	0.060408
-180	-0.5	0.056856
-180	-0.4	0.052606
-180	-0.3	0.043421
-180	-0.2	0.03346
-180	-0.1	0.02481
-180	0	0.018976
-180	0.1	0.016185
-180	0.2	0.015342
-180	0.3	0.017841
-180	0.4	0.020677
-180	0.5	0.026662
-180	0.6	0.036218
-180	0.7	0.041541
-180	0.8	0.046177
-180	0.9	0.050759
-180	1	0.052709
-180	1.1	0.053131
-180	1.2	0.050959
-180	1.3	0.047094
-180	1.4	0.043982
-180	1.5	0.042008
-180	1.6	0.038694
-180	1.7	0.036605
-180	1.8	0.035412
-180	1.9	0.034758
-180	2	0.033931
-180	2.1	0.03266
-180	2.2	0.030529
-180	2.3	0.028354
-180	2.4	0.026147
-180	2.5	0.024093
-180	2.6	0.021604
-180	2.7	0.018959
-180	2.8	0.018496
-180	2.9	0.018188
-180	3	0.015807
-180	3.1	0.014419
-180	3.2	0.010996
-180	3.3	0.0098341
-180	3.4	0.0084956
-180	3.5	0.0088039
-180	3.6	0.010227
-180	3.7	0.010862
-180	3.8	0.010607
-180	3.9	0.0093781
-180	4	0.0087929
-170	-4	0.010047
-170	-3.9	0.010396
-170	-3.8	0.010127
-170	-3.7	0.0096934
-170	-3.6	0.0087671
-170	-3.5	0.0086894
-170	-3.4	0.0091443
-170	-3.3	0.010103
-170	-3.2	0.011189
-170	-3.1	0.01199
-170	-3	0.012502
-170	-2.9	0.012501
-170	-2.8	0.013159
-170	-2.7	0.016012
-170	-2.6	0.019537
-170	-2.5	0.024176
-170	-2.4	0.027093
-170	-2.3	0.031277
-170	-2.2	0.032336
-170	-2.1	0.032845
-170	-2	0.033065
-170	-1.9	0.033309
-170	-1.8	0.033615
-170	-1.7	0.034118
-170	-1.6	0.033692
-170	-1.5	0.032705
-170	-1.4	0.030021
-170	-1.3	0.026131
-170	-1.2	0.025896
-170	-1.1	0.029291
-170	-1	0.036767
-170	-0.9	0.047499
-170	-0.8	0.052959
-170	-0.7	0.057848
-170	-0.6	0.058584
-170	-0.5	0.056459
-170	-0.4	0.052161
-170	-0.3	0.042882
-170	-0.2	0.033923
-170	-0.1	0.027923
-170	0	0.021061
-170	0.1	0.017867
-170	0.2	0.016328
-170	0.3	0.018342
-170	0.4	0.021483
-170	0.5	0.027585
-170	0.6	0.03411
-170	0.7	0.043264
-170	0.8	0.04821
-170	0.9	0.052006
-170	1	0.053821
-170	1.1	0.053856
-170	1.2	0.051486
-170	1.3	0.048841
-170	1.4	0.046366
-170	1.5	0.044402
-170	1.6	0.041562
-170	1.7	0.03949
-170	1.8	0.037069
-170	1.9	0.036377
-170	2	0.034715
-170	2.1	0.032531
-170	2.2	0.030543
-170	2.3	0.028723
-170	2.4	0.026597
-170	2.5	0.023336
-170	2.6	0.019832
-170	2.7	0.01768
-170	2.8	0.016466
-170	2.9	0.015452
-170	3	0.014192
-170	3.1	0.011686
-170	3.2	0.011158
-170	3.3	0.010251
-170	3.4	0.0093263
-170	3.5	0.0078098
-170	3.6	0.0075787
-170	3.7	0.0080623
-170	3.8	0.0084038
-170	3.9	0.0085506
-170	4	0.007935
-160	-4	0.0092881
-160	-3.9	0.010508
-160	-3.8	0.010598
-160	-3.7	0.0099922
-160	-3.6	0.008146
-160	-3.5	0.0069653
-160	-3.4	0.0074865
-160	-3.3	0.01029
-160	-3.2	0.011976
-160	-3.1	0.013982
-160	-3	0.013882
-160	-2.9	0.012711
-160	-2.8	0.013007
-160	-2.7	0.015576
-160	-2.6	0.020384
-160	-2.5	0.026675
-160	-2.4	0.028794
-160	-2.3	0.031683
-160	-2.2	0.032356
-160	-2.1	0.031791
-160	-2	0.031831
-160	-1.9	0.032718
-160	-1.8	0.034832
-160	-1.7	0.037205
-160	-1.6	0.037247
-160	-1.5	0.036446
-160	-1.4	0.029833
-160	-1.3	0.027004
-160	-1.2	0.026857
-160	-1.1	0.033816
-160	-1	0.042338
-160	-0.9	0.052139
-160	-0.8	0.059687
-160	-0.7	0.062661
-160	-0.6	0.062953
-160	-0.5	0.058932
-160	-0.4	0.050643
-160	-0.3	0.040727
-160	-0.2	0.033571
-160	-0.1	0.024313
-160	0	0.019055
-160	0.1	0.016918
-160	0.2	0.017204
-160	0.3	0.019503
-160	0.4	0.024636
-160	0.5	0.032236
-160	0.6	0.041235
-160	0.7	0.045061
-160	0.8	0.050361
-160	0.9	0.052697
-160	1	0.053535
-160	1.1	0.05308
-160	1.2	0.049591
-160	1.3	0.047877
-160	1.4	0.045446
-160	1.5	0.044265
-160	1.6	0.041446
-160	1.7	0.038852
-160	1.8	0.036498
-160	1.9	0.035099
-160	2	0.032847
-160	2.1	0.031802
-160	2.2	0.03109
-160	2.3	0.030881
-160	2.4	0.028801
-160	2.5	0.02699
-160	2.6	0.023939
-160	2.7	0.020971
-160	2.8	0.018472
-160	2.9	0.017169
-160	3	0.01509
-160	3.1	0.014873
-160	3.2	0.014046
-160	3.3	0.013822
-160	3.4	0.011766
-160	3.5	0.01073
-160	3.6	0.010219
-160	3.7	0.0098406
-160	3.8	0.0093626
-160	3.9	0.0096482
-160	4	0.010045
-150	-4	0.0084
-150	-3.9	0.010108
-150	-3.8	0.010784
-150	-3.7	0.010176
-150	-3.6	0.0082974
-150	-3.5	0.0069746
-150	-3.4	0.0077349
-150	-3.3	0.0097797
-150	-3.2	0.012297
-150	-3.1	0.013835
-150	-3	0.013532
-150	-2.9	0.01244
-150	-2.8	0.011559
-150	-2.7	0.01479
-150	-2.6	0.020126
-150	-2.5	0.025925
-150	-2.4	0.029469
-150	-2.3	0.033629
-150	-2.2	0.0346
-150	-2.1	0.034556
-150	-2	0.035432
-150	-1.9	0.036955
-150	-1.8	0.040158
-150	-1.7	0.041281
-150	-1.6	0.041392
-150	-1.5	0.037754
-150	-1.4	0.032339
-150	-1.3	0.028708
-150	-1.2	0.03008
-150	-1.1	0.036485
-150	-1	0.050235
-150	-0.9	0.05912
-150	-0.8	0.062521
-150	-0.7	0.06546
-150	-0.6	0.061715
-150	-0.5	0.056486
-150	-0.4	0.047019
-150	-0.3	0.036054
-150	-0.2	0.027991
-150	-0.1	0.020185
-150	0	0.0166
-150	0.1	0.015263
-150	0.2	0.015459
-150	0.3	0.018482
-150	0.4	0.023047
-150	0.5	0.031041
-150	0.6	0.03997
-150	0.7	0.042952
-150	0.8	0.04803
-150	0.9	0.051354
-150	1	0.052372
-150	1.1	0.051272
-150	1.2	0.048554
-150	1.3	0.047079
-150	1.4	0.044458
-150	1.5	0.041777
-150	1.6	0.038456
-150	1.7	0.034731
-150	1.8	0.03292
-150	1.9	0.03017
-150	2	0.02927
-150	2.1	0.028613
-150	2.2	0.027937
-150	2.3	0.026649
-150	2.4	0.025176
-150	2.5	0.022497
-150	2.6	0.020593
-150	2.7	0.017867
-150	2.8	0.015365
-150	2.9	0.014403
-150	3	0.013457
-150	3.1	0.012419
-150	3.2	0.011456
-150	3.3	0.010287
-150	3.4	0.0091919
-150	3.5	0.0087302
-150	3.6	0.0079999
-150	3.7	0.007816
-150	3.8	0.0074735
-150	3.9	0.0065368
-150	4	0.0057867
-140	-4	0.0092217
-140	-3.9	0.0097449
-140	-3.8	0.01052
-140	-3.7	0.010137
-140	-3.6	0.0095116
-140	-3.5	0.009084
-140	-3.4	0.0098406
-140	-3.3	0.0123
-140	-3.2	0.012734
-140	-3.1	0.013628
-140	-3	0.013785
-140	-2.9	0.013598
-140	-2.8	0.015167
-140	-2.7	0.018061
-140	-2.6	0.022601
-140	-2.5	0.025867
-140	-2.4	0.031407
-140	-2.3	0.033591
-140	-2.2	0.035232
-140	-2.1	0.036234
-140	-2	0.036943
-140	-1.9	0.037902
-140	-1.8	0.038891
-140	-1.7	0.039358
-140	-1.6	0.038332
-140	-1.5	0.035197
-140	-1.4	0.03078
-140	-1.3	0.029182
-140	-1.2	0.030411
-140	-1.1	0.036447
-140	-1	0.046408
-140	-0.9	0.052802
-140	-0.8	0.059368
-140	-0.7	0.061917
-140	-0.6	0.059777
-140	-0.5	0.053842
-140	-0.4	0.043942
-140	-0.3	0.035855
-140	-0.2	0.029987
-140	-0.1	0.022736
-140	0	0.018926
-140	0.1	0.016507
-140	0.2	0.016241
-140	0.3	0.017833
-140	0.4	0.022565
-140	0.5	0.029553
-140	0.6	0.033606
-140	0.7	0.04341
-140	0.8	0.04681
-140	0.9	0.050634
-140	1	0.051268
-140	1.1	0.050253
-140	1.2	0.048276
-140	1.3	0.045772
-140	1.4	0.04204
-140	1.5	0.040143
-140	1.6	0.037243
-140	1.7	0.036096
-140	1.8	0.033723
-140	1.9	0.032282
-140	2	0.0309
-140	2.1	0.029289
-140	2.2	0.027734
-140	2.3	0.025129
-140	2.4	0.02306
-140	2.5	0.021103
-140	2.6	0.019985
-140	2.7	0.019404
-140	2.8	0.017835
-140	2.9	0.015509
-140	3	0.014155
-140	3.1	0.012493
-140	3.2	0.010451
-140	3.3	0.0088204
-140	3.4	0.0086614
-140	3.5	0.0095743
-140	3.6	0.01009
-140	3.7	0.0096967
-140	3.8	0.0090876
-140	3.9	0.0079756
-140	4	0.0077014
-130	-4	0.0095404
-130	-3.9	0.010535
-130	-3.8	0.010842
-130	-3.7	0.009811
-130	-3.6	0.0089766
-130	-3.5	0.0093141
-130	-3.4	0.010783
-130	-3.3	0.011543
-130	-3.2	0.012464
-130	-3.1	0.012587
-130	-3	0.012771
-130	-2.9	0.013859
-130	-2.8	0.016907
-130	-2.7	0.020639
-130	-2.6	0.026289
-130	-2.5	0.03051
-130	-2.4	0.033009
-130	-2.3	0.034144
-130	-2.2	0.034891
-130	-2.1	0.03554
-130	-2	0.037219
-130	-1.9	0.039775
-130	-1.8	0.041927
-130	-1.7	0.042571
-130	-1.6	0.040964
-130	-1.5	0.036534
-130	-1.4	0.030758
-130	-1.3	0.02924
-130	-1.2	0.032888
-130	-1.1	0.044845
-130	-1	0.051328
-130	-0.9	0.058308
-130	-0.8	0.061464
-130	-0.7	0.061779
-130	-0.6	0.058008
-130	-0.5	0.051138
-130	-0.4	0.044402
-130	-0.3	0.033493
-130	-0.2	0.026043
-130	-0.1	0.020484
-130	0	0.0176
-130	0.1	0.016928
-130	0.2	0.017857
-130	0.3	0.021849
-130	0.4	0.025946
-130	0.5	0.031453
-130	0.6	0.036084
-130	0.7	0.041042
-130	0.8	0.044041
-130	0.9	0.045991
-130	1	0.046441
-130	1.1	0.045542
-130	1.2	0.043213
-130	1.3	0.041418
-130	1.4	0.040272
-130	1.5	0.037679
-130	1.6	0.034532
-130	1.7	0.032794
-130	1.8	0.031673
-130	1.9	0.031171
-130	2	0.03058
-130	2.1	0.03049
-130	2.2	0.029464
-130	2.3	0.027625
-130	2.4	0.024843
-130	2.5	0.022373
-130	2.6	0.020931
-130	2.7	0.020137
-130	2.8	0.020141
-130	2.9	0.019255
-130	3	0.017988
-130	3.1	0.015663
-130	3.2	0.013419
-130	3.3	0.011716
-130	3.4	0.010931
-130	3.5	0.011436
-130	3.6	0.012376
-130	3.7	0.012596
-130	3.8	0.011614
-130	3.9	0.0098963
-130	4	0.0091989
-120	-4	0.011904
-120	-3.9	0.013248
-120	-3.8	0.013655
-120	-3.7	0.012695
-120	-3.6	0.010492
-120	-3.5	0.0097283
-120	-3.4	0.010915
-120	-3.3	0.014141
-120	-3.2	0.015344
-120	-3.1	0.015547
-120	-3	0.014424
-120	-2.9	0.014338
-120	-2.8	0.016907
-120	-2.7	0.021937
-120	-2.6	0.029403
-120	-2.5	0.032459
-120	-2.4	0.035193
-120	-2.3	0.03567
-120	-2.2	0.035348
-120	-2.1	0.035191
-120	-2	0.037264
-120	-1.9	0.039694
-120	-1.8	0.041756
-120	-1.7	0.042176
-120	-1.6	0.040967
-120	-1.5	0.034732
-120	-1.4	0.029152
-120	-1.3	0.028458
-120	-1.2	0.033999
-120	-1.1	0.044128
-120	-1	0.056299
-120	-0.9	0.059596
-120	-0.8	0.063458
-120	-0.7	0.062013
-120	-0.6	0.057033
-120	-0.5	0.049741
-120	-0.4	0.043231
-120	-0.3	0.031218
-120	-0.2	0.023763
-120	-0.1	0.020452
-120	0	0.016522
-120	0.1	0.015422
-120	0.2	0.018073
-120	0.3	0.020687
-120	0.4	0.025508
-120	0.5	0.034339
-120	0.6	0.040879
-120	0.7	0.042831
-120	0.8	0.045811
-120	0.9	0.046482
-120	1	0.046236
-120	1.1	0.043301
-120	1.2	0.041715
-120	1.3	0.039959
-120	1.4	0.037836
-120	1.5	0.035312
-120	1.6	0.032735
-120	1.7	0.030373
-120	1.8	0.028995
-120	1.9	0.027618
-120	2	0.026101
-120	2.1	0.025425
-120	2.2	0.025445
-120	2.3	0.024948
-120	2.4	0.02317
-120	2.5	0.021616
-120	2.6	0.019615
-120	2.7	0.018691
-120	2.8	0.017204
-120	2.9	0.015367
-120	3	0.013761
-120	3.1	0.011969
-120	3.2	0.010765
-120	3.3	0.009554
-120	3.4	0.0081441
-120	3.5	0.0079695
-120	3.6	0.0083032
-120	3.7	0.0090323
-120	3.8	0.0086894
-120	3.9	0.0078304
-120	4	0.0075145
-110	-4	0.010449
-110	-3.9	0.01099
-110	-3.8	0.010468
-110	-3.7	0.0089442
-110	-3.6	0.0086652
-110	-3.5	0.0088862
-110	-3.4	0.011084
-110	-3.3	0.012605
-110	-3.2	0.013509
-110	-3.1	0.013774
-110	-3	0.013357
-110	-2.9	0.013558
-110	-2.8	0.016949
-110	-2.7	0.019939
-110	-2.6	0.025811
-110	-2.5	0.029941
-110	-2.4	0.032682
-110	-2.3	0.034728
-110	-2.2	0.036473
-110	-2.1	0.037693
-110	-2	0.038729
-110	-1.9	0.040871
-110	-1.8	0.040922
-110	-1.7	0.039145
-110	-1.6	0.036774
-110	-1.5	0.030551
-110	-1.4	0.02894
-110	-1.3	0.033108
-110	-1.2	0.039243
-110	-1.1	0.048197
-110	-1	0.055419
-110	-0.9	0.060707
-110	-0.8	0.063084
-110	-0.7	0.060866
-110	-0.6	0.056646
-110	-0.5	0.042695
-110	-0.4	0.036199
-110	-0.3	0.024629
-110	-0.2	0.019262
-110	-0.1	0.016488
-110	0	0.014034
-110	0.1	0.013427
-110	0.2	0.015413
-110	0.3	0.020447
-110	0.4	0.026046
-110	0.5	0.033164
-110	0.6	0.04007
-110	0.7	0.042345
-110	0.8	0.043906
-110	0.9	0.044498
-110	1	0.043742
-110	1.1	0.040188
-110	1.2	0.037565
-110	1.3	0.035552
-110	1.4	0.033528
-110	1.5	0.029992
-110	1.6	0.028291
-110	1.7	0.02682
-110	1.8	0.025553
-110	1.9	0.025208
-110	2	0.024544
-110	2.1	0.024701
-110	2.2	0.023715
-110	2.3	0.022975
-110	2.4	0.021357
-110	2.5	0.019152
-110	2.6	0.017727
-110	2.7	0.017
-110	2.8	0.016268
-110	2.9	0.015334
-110	3	0.013263
-110	3.1	0.012784
-110	3.2	0.010856
-110	3.3	0.0096214
-110	3.4	0.0093661
-110	3.5	0.010315
-110	3.6	0.011246
-110	3.7	0.010836
-110	3.8	0.0095218
-110	3.9	0.0085676
-110	4	0.007714
-100	-4	0.01109
-100	-3.9	0.010124
-100	-3.8	0.0086838
-100	-3.7	0.0077849
-100	-3.6	0.0090769
-100	-3.5	0.011097
-100	-3.4	0.013828
-100	-3.3	0.014313
-100	-3.2	0.014119
-100	-3.1	0.013222
-100	-3	0.012423
-100	-2.9	0.015404
-100	-2.8	0.021072
-100	-2.7	0.024031
-100	-2.6	0.031567
-100	-2.5	0.034932
-100	-2.4	0.036142
-100	-2.3	0.036963
-100	-2.2	0.03739
-100	-2.1	0.038164
-100	-2	0.040232
-100	-1.9	0.04173
-100	-1.8	0.041995
-100	-1.7	0.03996
-100	-1.6	0.03659
-100	-1.5	0.032636
-100	-1.4	0.031192
-100	-1.3	0.034722
-100	-1.2	0.041579
-100	-1.1	0.048626
-100	-1	0.058106
-100	-0.9	0.063037
-100	-0.8	0.063994
-100	-0.7	0.059
-100	-0.6	0.054636
-100	-0.5	0.044759
-100	-0.4	0.035452
-100	-0.3	0.028272
-100	-0.2	0.020614
-100	-0.1	0.016123
-100	0	0.014198
-100	0.1	0.014646
-100	0.2	0.01625
-100	0.3	0.020458
-100	0.4	0.02609
-100	0.5	0.034303
-100	0.6	0.039814
-100	0.7	0.042349
-100	0.8	0.044788
-100	0.9	0.045482
-100	1	0.044521
-100	1.1	0.042008
-100	1.2	0.040552
-100	1.3	0.037472
-100	1.4	0.035203
-100	1.5	0.032577
-100	1.6	0.031576
-100	1.7	0.02988
-100	1.8	0.029513
-100	1.9	0.027869
-100	2	0.027035
-100	2.1	0.02622
-100	2.2	0.025284
-100	2.3	0.024694
-100	2.4	0.022202
-100	2.5	0.020781
-100	2.6	0.01965
-100	2.7	0.018161
-100	2.8	0.015542
-100	2.9	0.013668
-100	3	0.011093
-100	3.1	0.010053
-100	3.2	0.009963
-100	3.3	0.0095235
-100	3.4	0.0090358
-100	3.5	0.0092007
-100	3.6	0.008344
-100	3.7	0.0079391
-100	3.8	0.0065714
-100	3.9	0.0067676
-100	4	0.0070047
-90	-4	0.010821
-90	-3.9	0.011045
-90	-3.8	0.0096967
-90	-3.7	0.008594
-90	-3.6	0.008146
-90	-3.5	0.0098258
-90	-3.4	0.011326
-90	-3.3	0.012768
-90	-3.2	0.013824
-90	-3.1	0.013478
-90	-3	0.012983
-90	-2.9	0.014554
-90	-2.8	0.017186
-90	-2.7	0.022502
-90	-2.6	0.028875
-90	-2.5	0.033475
-90	-2.4	0.037006
-90	-2.3	0.037881
-90	-2.2	0.03859
-90	-2.1	0.039627
-90	-2	0.04026
-90	-1.9	0.040742
-90	-1.8	0.039823
-90	-1.7	0.036478
-90	-1.6	0.034026
-90	-1.5	0.030783
-90	-1.4	0.030762
-90	-1.3	0.036844
-90	-1.2	0.045069
-90	-1.1	0.054405
-90	-1	0.059438
-90	-0.9	0.061674
-90	-0.8	0.061392
-90	-0.7	0.056326
-90	-0.6	0.048885
-90	-0.5	0.042166
-90	-0.4	0.03192
-90	-0.3	0.023267
-90	-0.2	0.017143
-90	-0.1	0.014299
-90	0	0.012567
-90	0.1	0.014049
-90	0.2	0.015488
-90	0.3	0.021095
-90	0.4	0.027153
-90	0.5	0.033811
-90	0.6	0.039146
-90	0.7	0.043896
-90	0.8	0.044814
-90	0.9	0.045698
-90	1	0.044807
-90	1.1	0.042855
-90	1.2	0.041244
-90	1.3	0.038389
-90	1.4	0.035474
-90	1.5	0.032856
-90	1.6	0.030394
-90	1.7	0.029233
-90	1.8	0.028091
-90	1.9	0.027861
-90	2	0.026989
-90	2.1	0.026402
-90	2.2	0.026208
-90	2.3	0.023742
-90	2.4	0.022454
-90	2.5	0.020461
-90	2.6	0.018709
-90	2.7	0.01668
-90	2.8	0.01568
-90	2.9	0.014192
-90	3	0.013186
-90	3.1	0.012333
-90	3.2	0.011173
-90	3.3	0.0099126
-90	3.4	0.0083071
-90	3.5	0.0076762
-90	3.6	0.0072496
-90	3.7	0.0071123
-90	3.8	0.0070415
-90	3.9	0.0074018
-90	4	0.0078428
-80	-4	0.011422
-80	-3.9	0.011898
-80	-3.8	0.010832
-80	-3.7	0.0090323
-80	-3.6	0.0081659
-80	-3.5	0.010673
-80	-3.4	0.011834
-80	-3.3	0.014508
-80	-3.2	0.015356
-80	-3.1	0.015
-80	-3	0.014687
-80	-2.9	0.017747
-80	-2.8	0.021233
-80	-2.7	0.026595
-80	-2.6	0.031343
-80	-2.5	0.034128
-80	-2.4	0.036434
-80	-2.3	0.036976
-80	-2.2	0.036965
-80	-2.1	0.037507
-80	-2	0.037727
-80	-1.9	0.038186
-80	-1.8	0.037733
-80	-1.7	0.03584
-80	-1.6	0.032657
-80	-1.5	0.030299
-80	-1.4	0.029884
-80	-1.3	0.035143
-80	-1.2	0.04569
-80	-1.1	0.054742
-80	-1	0.063876
-80	-0.9	0.066754
-80	-0.8	0.066792
-80	-0.7	0.063543
-80	-0.6	0.053349
-80	-0.5	0.042602
-80	-0.4	0.03335
-80	-0.3	0.019883
-80	-0.2	0.01478
-80	-0.1	0.011502
-80	0	0.012373
-80	0.1	0.01371
-80	0.2	0.018506
-80	0.3	0.024611
-80	0.4	0.033057
-80	0.5	0.040611
-80	0.6	0.04581
-80	0.7	0.04896
-80	0.8	0.049332
-80	0.9	0.046783
-80	1	0.045257
-80	1.1	0.040585
-80	1.2	0.037795
-80	1.3	0.035614
-80	1.4	0.033417
-80	1.5	0.031823
-80	1.6	0.027526
-80	1.7	0.026027
-80	1.8	0.024494
-80	1.9	0.023734
-80	2	0.023592
-80	2.1	0.024558
-80	2.2	0.025116
-80	2.3	0.024586
-80	2.4	0.022242
-80	2.5	0.019593
-80	2.6	0.017298
-80	2.7	0.015211
-80	2.8	0.014174
-80	2.9	0.012956
-80	3	0.012367
-80	3.1	0.011771
-80	3.2	0.011138
-80	3.3	0.0096516
-80	3.4	0.0084709
-80	3.5	0.008311
-80	3.6	0.0088094
-80	3.7	0.0092532
-80	3.8	0.0088643
-80	3.9	0.0086015
-80	4	0.0080883
-70	-4	0.010055
-70	-3.9	0.010333
-70	-3.8	0.010833
-70	-3.7	0.011058
-70	-3.6	0.011189
-70	-3.5	0.010863
-70	-3.4	0.011284
-70	-3.3	0.011451
-70	-3.2	0.01285
-70	-3.1	0.015406
-70	-3	0.017633
-70	-2.9	0.020397
-70	-2.8	0.023659
-70	-2.7	0.028648
-70	-2.6	0.031111
-70	-2.5	0.035543
-70	-2.4	0.03734
-70	-2.3	0.03906
-70	-2.2	0.041194
-70	-2.1	0.042001
-70	-2	0.042051
-70	-1.9	0.040428
-70	-1.8	0.036861
-70	-1.7	0.03249
-70	-1.6	0.030523
-70	-1.5	0.028206
-70	-1.4	0.033073
-70	-1.3	0.042709
-70	-1.2	0.04709
-70	-1.1	0.057219
-70	-1	0.060968
-70	-0.9	0.06117
-70	-0.8	0.059375
-70	-0.7	0.054215
-70	-0.6	0.045632
-70	-0.5	0.03809
-70	-0.4	0.027257
-70	-0.3	0.021281
-70	-0.2	0.016305
-70	-0.1	0.01435
-70	0	0.015086
-70	0.1	0.017952
-70	0.2	0.023138
-70	0.3	0.027281
-70	0.4	0.031235
-70	0.5	0.036929
-70	0.6	0.041832
-70	0.7	0.046365
-70	0.8	0.046819
-70	0.9	0.046674
-70	1	0.04453
-70	1.1	0.042488
-70	1.2	0.038132
-70	1.3	0.034635
-70	1.4	0.032867
-70	1.5	0.031425
-70	1.6	0.030256
-70	1.7	0.030515
-70	1.8	0.03016
-70	1.9	0.029087
-70	2	0.027531
-70	2.1	0.025651
-70	2.2	0.023866
-70	2.3	0.023637
-70	2.4	0.022697
-70	2.5	0.022237
-70	2.6	0.021082
-70	2.7	0.019864
-70	2.8	0.01671
-70	2.9	0.015496
-70	3	0.012013
-70	3.1	0.010698
-70	3.2	0.010668
-70	3.3	0.011686
-70	3.4	0.011029
-70	3.5	0.010555
-70	3.6	0.0099436
-70	3.7	0.009989
-70	3.8	0.0099322
-70	3.9	0.0090269
-70	4	0.0091936
-60	-4	0.011614
-60	-3.9	0.0106
-60	-3.8	0.0091813
-60	-3.7	0.0082014
-60	-3.6	0.0093919
-60	-3.5	0.011243
-60	-3.4	0.013686
-60	-3.3	0.014141
-60	-3.2	0.013478
-60	-3.1	0.012913
-60	-3	0.016283
-60	-2.9	0.018887
-60	-2.8	0.02397
-60	-2.7	0.03032
-60	-2.6	0.035146
-60	-2.5	0.037505
-60	-2.4	0.038242
-60	-2.3	0.03828
-60	-2.2	0.038304
-60	-2.1	0.038364
-60	-2	0.039247
-60	-1.9	0.03938
-60	-1.8	0.038128
-60	-1.7	0.034423
-60	-1.6	0.030277
-60	-1.5	0.028425
-60	-1.4	0.032626
-60	-1.3	0.038946
-60	-1.2	0.050053
-60	-1.1	0.058752
-60	-1	0.063735
-60	-0.9	0.064343
-60	-0.8	0.060841
-60	-0.7	0.055336
-60	-0.6	0.046802
-60	-0.5	0.035849
-60	-0.4	0.023078
-60	-0.3	0.014843
-60	-0.2	0.01327
-60	-0.1	0.01356
-60	0	0.015646
-60	0.1	0.018821
-60	0.2	0.02549
-60	0.3	0.030415
-60	0.4	0.036818
-60	0.5	0.041534
-60	0.6	0.047729
-60	0.7	0.049766
-60	0.8	0.049399
-60	0.9	0.047823
-60	1	0.045389
-60	1.1	0.040262
-60	1.2	0.036316
-60	1.3	0.0328
-60	1.4	0.030995
-60	1.5	0.029991
-60	1.6	0.029939
-60	1.7	0.029568
-60	1.8	0.029487
-60	1.9	0.028659
-60	2	0.026188
-60	2.1	0.024447
-60	2.2	0.023343
-60	2.3	0.023098
-60	2.4	0.023594
-60	2.5	0.02319
-60	2.6	0.022585
-60	2.7	0.020983
-60	2.8	0.018519
-60	2.9	0.014437
-60	3	0.01198
-60	3.1	0.011572
-60	3.2	0.012674
-60	3.3	0.013843
-60	3.4	0.013997
-60	3.5	0.010923
-60	3.6	0.0096633
-60	3.7	0.0082662
-60	3.8	0.0085714
-60	3.9	0.0089982
-60	4	0.010339
-50	-4	0.011736
-50	-3.9	0.011381
-50	-3.8	0.0087819
-50	-3.7	0.0079248
-50	-3.6	0.0076951
-50	-3.5	0.0088387
-50	-3.4	0.010707
-50	-3.3	0.011924
-50	-3.2	0.01189
-50	-3.1	0.011126
-50	-3	0.014
-50	-2.9	0.01756
-50	-2.8	0.024802
-50	-2.7	0.030186
-50	-2.6	0.03529
-50	-2.5	0.037292
-50	-2.4	0.037315
-50	-2.3	0.036536
-50	-2.2	0.035831
-50	-2.1	0.036663
-50	-2	0.039039
-50	-1.9	0.040728
-50	-1.8	0.040073
-50	-1.7	0.035295
-50	-1.6	0.02964
-50	-1.5	0.027903
-50	-1.4	0.033151
-50	-1.3	0.043735
-50	-1.2	0.052202
-50	-1.1	0.059506
-50	-1	0.063678
-50	-0.9	0.064014
-50	-0.8	0.058889
-50	-0.7	0.053008
-50	-0.6	0.040686
-50	-0.5	0.033783
-50	-0.4	0.021119
-50	-0.3	0.012977
-50	-0.2	0.011756
-50	-0.1	0.013076
-50	0	0.016286
-50	0.1	0.020413
-50	0.2	0.024334
-50	0.3	0.03182
-50	0.4	0.038726
-50	0.5	0.043735
-50	0.6	0.047659
-50	0.7	0.048945
-50	0.8	0.048764
-50	0.9	0.046513
-50	1	0.043781
-50	1.1	0.03919
-50	1.2	0.034455
-50	1.3	0.030427
-50	1.4	0.028078
-50	1.5	0.026406
-50	1.6	0.025498
-50	1.7	0.025388
-50	1.8	0.025761
-50	1.9	0.025741
-50	2	0.024816
-50	2.1	0.023914
-50	2.2	0.022809
-50	2.3	0.022659
-50	2.4	0.021965
-50	2.5	0.020828
-50	2.6	0.0197
-50	2.7	0.018387
-50	2.8	0.016327
-50	2.9	0.013718
-50	3	0.012091
-50	3.1	0.010821
-50	3.2	0.011296
-50	3.3	0.011734
-50	3.4	0.011597
-50	3.5	0.010888
-50	3.6	0.010418
-50	3.7	0.0098914
-50	3.8	0.0089279
-50	3.9	0.0090555
-50	4	0.0090787
-40	-4	0.0096214
-40	-3.9	0.0088259
-40	-3.8	0.0077056
-40	-3.7	0.0074432
-40	-3.6	0.008562
-40	-3.5	0.0094194
-40	-3.4	0.011228
-40	-3.3	0.011771
-40	-3.2	0.011676
-40	-3.1	0.012167
-40	-3	0.01565
-40	-2.9	0.020382
-40	-2.8	0.025878
-40	-2.7	0.031925
-40	-2.6	0.035655
-40	-2.5	0.037107
-40	-2.4	0.037602
-40	-2.3	0.038124
-40	-2.2	0.039118
-40	-2.1	0.040895
-40	-2	0.041821
-40	-1.9	0.041191
-40	-1.8	0.038246
-40	-1.7	0.033558
-40	-1.6	0.029547
-40	-1.5	0.029433
-40	-1.4	0.034628
-40	-1.3	0.042946
-40	-1.2	0.053512
-40	-1.1	0.058534
-40	-1	0.062578
-40	-0.9	0.062337
-40	-0.8	0.058135
-40	-0.7	0.049654
-40	-0.6	0.038181
-40	-0.5	0.027439
-40	-0.4	0.020997
-40	-0.3	0.013418
-40	-0.2	0.012257
-40	-0.1	0.012393
-40	0	0.014563
-40	0.1	0.019595
-40	0.2	0.023205
-40	0.3	0.033334
-40	0.4	0.039761
-40	0.5	0.046159
-40	0.6	0.049823
-40	0.7	0.051799
-40	0.8	0.050765
-40	0.9	0.048249
-40	1	0.045014
-40	1.1	0.041724
-40	1.2	0.038256
-40	1.3	0.035765
-40	1.4	0.033229
-40	1.5	0.032388
-40	1.6	0.029944
-40	1.7	0.028397
-40	1.8	0.02753
-40	1.9	0.027148
-40	2	0.026478
-40	2.1	0.024934
-40	2.2	0.02361
-40	2.3	0.022797
-40	2.4	0.020606
-40	2.5	0.018397
-40	2.6	0.016496
-40	2.7	0.014561
-40	2.8	0.013291
-40	2.9	0.012076
-40	3	0.011042
-40	3.1	0.010111
-40	3.2	0.0093936
-40	3.3	0.0088952
-40	3.4	0.0079979
-40	3.5	0.0078757
-40	3.6	0.0070872
-40	3.7	0.0076191
-40	3.8	0.0082525
-40	3.9	0.0082993
-40	4	0.0080382
-30	-4	0.010871
-30	-3.9	0.010238
-30	-3.8	0.0086278
-30	-3.7	0.0073426
-30	-3.6	0.0080322
-30	-3.5	0.0095472
-30	-3.4	0.010987
-30	-3.3	0.011474
-30	-3.2	0.011311
-30	-3.1	0.011683
-30	-3	0.015087
-30	-2.9	0.017839
-30	-2.8	0.024367
-30	-2.7	0.029797
-30	-2.6	0.032789
-30	-2.5	0.037007
-30	-2.4	0.038146
-30	-2.3	0.039741
-30	-2.2	0.040433
-30	-2.1	0.04187
-30	-2	0.041929
-30	-1.9	0.040489
-30	-1.8	0.036087
-30	-1.7	0.031577
-30	-1.6	0.028575
-30	-1.5	0.030051
-30	-1.4	0.033955
-30	-1.3	0.044835
-30	-1.2	0.051398
-30	-1.1	0.056874
-30	-1	0.059075
-30	-0.9	0.058545
-30	-0.8	0.052011
-30	-0.7	0.044258
-30	-0.6	0.034882
-30	-0.5	0.028676
-30	-0.4	0.019218
-30	-0.3	0.014991
-30	-0.2	0.013732
-30	-0.1	0.014905
-30	0	0.016903
-30	0.1	0.020505
-30	0.2	0.02597
-30	0.3	0.03046
-30	0.4	0.039681
-30	0.5	0.043077
-30	0.6	0.045931
-30	0.7	0.048226
-30	0.8	0.048388
-30	0.9	0.047748
-30	1	0.045273
-30	1.1	0.043171
-30	1.2	0.040605
-30	1.3	0.035218
-30	1.4	0.033697
-30	1.5	0.0322
-30	1.6	0.030518
-30	1.7	0.029749
-30	1.8	0.029751
-30	1.9	0.030765
-30	2	0.029976
-30	2.1	0.028536
-30	2.2	0.026051
-30	2.3	0.024673
-30	2.4	0.021656
-30	2.5	0.019752
-30	2.6	0.017629
-30	2.7	0.016721
-30	2.8	0.015836
-30	2.9	0.014796
-30	3	0.013013
-30	3.1	0.011443
-30	3.2	0.011045
-30	3.3	0.010298
-30	3.4	0.0096934
-30	3.5	0.0085865
-30	3.6	0.0079472
-30	3.7	0.0080723
-30	3.8	0.0085127
-30	3.9	0.0083071
-30	4	0.0076825
-20	-4	0.010728
-20	-3.9	0.0090751
-20	-3.8	0.0072161
-20	-3.7	0.0079492
-20	-3.6	0.0095116
-20	-3.5	0.010865
-20	-3.4	0.011615
-20	-3.3	0.010485
-20	-3.2	0.0091213
-20	-3.1	0.011088
-20	-3	0.014194
-20	-2.9	0.022376
-20	-2.8	0.02777
-20	-2.7	0.031697
-20	-2.6	0.034778
-20	-2.5	0.035928
-20	-2.4	0.036312
-20	-2.3	0.037734
-20	-2.2	0.040002
-20	-2.1	0.042727
-20	-2	0.042919
-20	-1.9	0.041688
-20	-1.8	0.036726
-20	-1.7	0.032083
-20	-1.6	0.027232
-20	-1.5	0.02832
-20	-1.4	0.035237
-20	-1.3	0.040947
-20	-1.2	0.053065
-20	-1.1	0.057634
-20	-1	0.058744
-20	-0.9	0.056396
-20	-0.8	0.051488
-20	-0.7	0.039515
-20	-0.6	0.032777
-20	-0.5	0.022027
-20	-0.4	0.0171
-20	-0.3	0.013404
-20	-0.2	0.012455
-20	-0.1	0.014501
-20	0	0.01536
-20	0.1	0.022443
-20	0.2	0.025681
-20	0.3	0.033809
-20	0.4	0.037646
-20	0.5	0.043818
-20	0.6	0.046789
-20	0.7	0.047281
-20	0.8	0.045522
-20	0.9	0.043794
-20	1	0.041379
-20	1.1	0.039969
-20	1.2	0.037502
-20	1.3	0.035569
-20	1.4	0.034125
-20	1.5	0.032187
-20	1.6	0.031281
-20	1.7	0.029595
-20	1.8	0.029256
-20	1.9	0.029172
-20	2	0.029069
-20	2.1	0.028132
-20	2.2	0.026569
-20	2.3	0.025649
-20	2.4	0.024912
-20	2.5	0.022341
-20	2.6	0.019667
-20	2.7	0.017025
-20	2.8	0.015671
-20	2.9	0.014838
-20	3	0.013195
-20	3.1	0.012471
-20	3.2	0.011958
-20	3.3	0.011687
-20	3.4	0.0097648
-20	3.5	0.0087524
-20	3.6	0.0075808
-20	3.7	0.0074062
-20	3.8	0.0083459
-20	3.9	0.0090448
-20	4	0.0088952
-10	-4	0.014948
-10	-3.9	0.013066
-10	-3.8	0.0099354
-10	-3.7	0.0069746
-10	-3.6	0.0076551
-10	-3.5	0.010295
-10	-3.4	0.011538
-10	-3.3	0.012432
-10	-3.2	0.012136
-10	-3.1	0.011534
-10	-3	0.013475
-10	-2.9	0.018893
-10	-2.8	0.025169
-10	-2.7	0.028768
-10	-2.6	0.034151
-10	-2.5	0.035528
-10	-2.4	0.036467
-10	-2.3	0.036723
-10	-2.2	0.037967
-10	-2.1	0.039913
-10	-2	0.041049
-10	-1.9	0.040452
-10	-1.8	0.035687
-10	-1.7	0.032182
-10	-1.6	0.026163
-10	-1.5	0.026503
-10	-1.4	0.033974
-10	-1.3	0.041302
-10	-1.2	0.049687
-10	-1.1	0.054255
-10	-1	0.056424
-10	-0.9	0.05437
-10	-0.8	0.050412
-10	-0.7	0.040349
-10	-0.6	0.031739
-10	-0.5	0.02413
-10	-0.4	0.017175
-10	-0.3	0.012835
-10	-0.2	0.0124
-10	-0.1	0.012889
-10	0	0.016155
-10	0.1	0.021394
-10	0.2	0.028892
-10	0.3	0.032684
-10	0.4	0.039581
-10	0.5	0.045507
-10	0.6	0.047998
-10	0.7	0.048423
-10	0.8	0.046956
-10	0.9	0.043551
-10	1	0.039076
-10	1.1	0.036167
-10	1.2	0.03268
-10	1.3	0.029767
-10	1.4	0.028282
-10	1.5	0.02794
-10	1.6	0.027576
-10	1.7	0.028119
-10	1.8	0.027541
-10	1.9	0.026879
-10	2	0.025925
-10	2.1	0.024533
-10	2.2	0.023207
-10	2.3	0.022245
-10	2.4	0.020917
-10	2.5	0.019978
-10	2.6	0.01843
-10	2.7	0.015689
-10	2.8	0.014653
-10	2.9	0.011678
-10	3	0.010309
-10	3.1	0.009416
-10	3.2	0.009234
-10	3.3	0.0093971
-10	3.4	0.0095962
-10	3.5	0.0092637
-10	3.6	0.0093953
-10	3.7	0.008373
-10	3.8	0.0083324
-10	3.9	0.0078222
-10	4	0.0078263
0	-4	0.011844
0	-3.9	0.010824
0	-3.8	0.0090858
0	-3.7	0.0091284
0	-3.6	0.0098324
0	-3.5	0.010884
0	-3.4	0.010983
0	-3.3	0.010113
0	-3.2	0.00922
0	-3.1	0.011402
0	-3	0.014944
0	-2.9	0.019798
0	-2.8	0.026854
0	-2.7	0.029957
0	-2.6	0.034104
0	-2.5	0.035204
0	-2.4	0.035602
0	-2.3	0.036023
0	-2.2	0.037689
0	-2.1	0.040692
0	-2	0.042435
0	-1.9	0.042687
0	-1.8	0.037783
0	-1.7	0.033109
0	-1.6	0.02466
0	-1.5	0.024546
0	-1.4	0.02895
0	-1.3	0.038525
0	-1.2	0.048943
0	-1.1	0.055602
0	-1	0.057545
0	-0.9	0.055915
0	-0.8	0.04936
0	-0.7	0.041443
0	-0.6	0.029095
0	-0.5	0.022823
0	-0.4	0.015697
0	-0.3	0.012004
0	-0.2	0.011071
0	-0.1	0.011769
0	0	0.014782
0	0.1	0.019242
0	0.2	0.026174
0	0.3	0.03543
0	0.4	0.040147
0	0.5	0.045516
0	0.6	0.048169
0	0.7	0.049779
0	0.8	0.048528
0	0.9	0.044881
0	1	0.039991
0	1.1	0.037188
0	1.2	0.034271
0	1.3	0.032245
0	1.4	0.030289
0	1.5	0.030054
0	1.6	0.029514
0	1.7	0.028284
0	1.8	0.02818
0	1.9	0.027725
0	2	0.027608
0	2.1	0.02761
0	2.2	0.026775
0	2.3	0.025479
0	2.4	0.02344
0	2.5	0.021889
0	2.6	0.018301
0	2.7	0.015886
0	2.8	0.014518
0	2.9	0.013478
0	3	0.012853
0	3.1	0.011026
0	3.2	0.010589
0	3.3	0.010049
0	3.4	0.0097962
0	3.5	0.010451
0	3.6	0.01079
0	3.7	0.010923
0	3.8	0.010734
0	3.9	0.0095726
0	4	0.0083653
10	-4	0.0091584
10	-3.9	0.0089892
10	-3.8	0.0083518
10	-3.7	0.0083304
10	-3.6	0.0080523
10	-3.5	0.0083904
10	-3.4	0.0085165
10	-3.3	0.0088149
10	-3.2	0.0075552
10	-3.1	0.0078942
10	-3	0.01117
10	-2.9	0.016427
10	-2.8	0.021583
10	-2.7	0.026091
10	-2.6	0.030074
10	-2.5	0.032714
10	-2.4	0.033984
10	-2.3	0.035162
10	-2.2	0.035906
10	-2.1	0.037839
10	-2	0.040014
10	-1.9	0.04126
10	-1.8	0.040321
10	-1.7	0.035693
10	-1.6	0.02856
10	-1.5	0.025842
10	-1.4	0.029426
10	-1.3	0.034217
10	-1.2	0.048023
10	-1.1	0.052976
10	-1	0.05546
10	-0.9	0.05401
10	-0.8	0.049591
10	-0.7	0.042307
10	-0.6	0.033294
10	-0.5	0.026621
10	-0.4	0.017567
10	-0.3	0.014664
10	-0.2	0.012582
10	-0.1	0.011966
10	0	0.012824
10	0.1	0.01861
10	0.2	0.023706
10	0.3	0.029209
10	0.4	0.035865
10	0.5	0.040843
10	0.6	0.04553
10	0.7	0.047529
10	0.8	0.047383
10	0.9	0.046648
10	1	0.042635
10	1.1	0.040524
10	1.2	0.03736
10	1.3	0.033827
10	1.4	0.031414
10	1.5	0.029949
10	1.6	0.029677
10	1.7	0.030753
10	1.8	0.031131
10	1.9	0.031111
10	2	0.029369
10	2.1	0.028608
10	2.2	0.023522
10	2.3	0.022118
10	2.4	0.019464
10	2.5	0.018828
10	2.6	0.017362
10	2.7	0.016009
10	2.8	0.01376
10	2.9	0.012239
10	3	0.0097217
10	3.1	0.0087431
10	3.2	0.0079817
10	3.3	0.0089369
10	3.4	0.010276
10	3.5	0.010613
10	3.6	0.0098077
10	3.7	0.0072785
10	3.8	0.0082053
10	3.9	0.0079979
10	4	0.008594
20	-4	0.012528
20	-3.9	0.011939
20	-3.8	0.009989
20	-3.7	0.0086726
20	-3.6	0.0081659
20	-3.5	0.0086838
20	-3.4	0.0099175
20	-3.3	0.010811
20	-3.2	0.011155
20	-3.1	0.0099841
20	-3	0.010842
20	-2.9	0.016546
20	-2.8	0.021585
20	-2.7	0.026441
20	-2.6	0.030536
20	-2.5	0.033123
20	-2.4	0.034974
20	-2.3	0.035933
20	-2.2	0.036732
20	-2.1	0.038487
20	-2	0.039689
20	-1.9	0.039396
20	-1.8	0.037002
20	-1.7	0.033208
20	-1.6	0.028405
20	-1.5	0.025004
20	-1.4	0.029092
20	-1.3	0.034238
20	-1.2	0.042378
20	-1.1	0.051665
20	-1	0.055131
20	-0.9	0.054551
20	-0.8	0.051267
20	-0.7	0.043562
20	-0.6	0.034272
20	-0.5	0.02859
20	-0.4	0.019798
20	-0.3	0.016036
20	-0.2	0.01325
20	-0.1	0.012419
20	0	0.013355
20	0.1	0.014868
20	0.2	0.022604
20	0.3	0.030213
20	0.4	0.037606
20	0.5	0.042236
20	0.6	0.047237
20	0.7	0.048658
20	0.8	0.047995
20	0.9	0.045756
20	1	0.042297
20	1.1	0.039841
20	1.2	0.036467
20	1.3	0.034204
20	1.4	0.03243
20	1.5	0.031111
20	1.6	0.030499
20	1.7	0.02991
20	1.8	0.029049
20	1.9	0.027637
20	2	0.026732
20	2.1	0.02679
20	2.2	0.026019
20	2.3	0.024255
20	2.4	0.023235
20	2.5	0.020946
20	2.6	0.017197
20	2.7	0.014632
20	2.8	0.011682
20	2.9	0.010026
20	3	0.010445
20	3.1	0.010651
20	3.2	0.01109
20	3.3	0.01029
20	3.4	0.010004
20	3.5	0.0085355
20	3.6	0.0079675
20	3.7	0.0081678
20	3.8	0.0076361
20	3.9	0.0093643
20	4	0.010465
30	-4	0.011012
30	-3.9	0.011611
30	-3.8	0.010965
30	-3.7	0.0094656
30	-3.6	0.007467
30	-3.5	0.0075295
30	-3.4	0.0081975
30	-3.3	0.0099987
30	-3.2	0.010002
30	-3.1	0.01009
30	-3	0.010659
30	-2.9	0.012249
30	-2.8	0.01676
30	-2.7	0.022324
30	-2.6	0.02772
30	-2.5	0.032724
30	-2.4	0.035183
30	-2.3	0.036773
30	-2.2	0.037524
30	-2.1	0.037875
30	-2	0.039105
30	-1.9	0.039136
30	-1.8	0.037696
30	-1.7	0.035549
30	-1.6	0.032007
30	-1.5	0.028391
30	-1.4	0.028623
30	-1.3	0.033154
30	-1.2	0.041143
30	-1.1	0.046645
30	-1	0.052517
30	-0.9	0.055472
30	-0.8	0.051281
30	-0.7	0.048808
30	-0.6	0.041145
30	-0.5	0.032698
30	-0.4	0.023964
30	-0.3	0.02035
30	-0.2	0.018242
30	-0.1	0.016167
30	0	0.015326
30	0.1	0.01652
30	0.2	0.02465
30	0.3	0.032254
30	0.4	0.036968
30	0.5	0.043856
30	0.6	0.046709
30	0.7	0.048139
30	0.8	0.047631
30	0.9	0.045319
30	1	0.043391
30	1.1	0.040908
30	1.2	0.039108
30	1.3	0.037568
30	1.4	0.035916
30	1.5	0.033554
30	1.6	0.03204
30	1.7	0.032341
30	1.8	0.032698
30	1.9	0.032936
30	2	0.032473
30	2.1	0.031677
30	2.2	0.029971
30	2.3	0.026283
30	2.4	0.022891
30	2.5	0.019931
30	2.6	0.018693
30	2.7	0.016601
30	2.8	0.015656
30	2.9	0.014096
30	3	0.012876
30	3.1	0.011725
30	3.2	0.010629
30	3.3	0.010276
30	3.4	0.0097034
30	3.5	0.0097283
30	3.6	0.0095472
30	3.7	0.0090662
30	3.8	0.0086071
30	3.9	0.0092672
30	4	0.010229
40	-4	0.010078
40	-3.9	0.011285
40	-3.8	0.011617
40	-3.7	0.01073
40	-3.6	0.008448
40	-3.5	0.0067125
40	-3.4	0.0072607
40	-3.3	0.0088497
40	-3.2	0.010364
40	-3.1	0.0099403
40	-3	0.0090929
40	-2.9	0.011096
40	-2.8	0.015218
40	-2.7	0.021674
40	-2.6	0.026695
40	-2.5	0.03301
40	-2.4	0.03434
40	-2.3	0.034887
40	-2.2	0.034762
40	-2.1	0.035119
40	-2	0.037986
40	-1.9	0.039861
40	-1.8	0.040074
40	-1.7	0.038156
40	-1.6	0.03086
40	-1.5	0.026986
40	-1.4	0.025176
40	-1.3	0.029704
40	-1.2	0.040031
40	-1.1	0.049729
40	-1	0.057525
40	-0.9	0.059772
40	-0.8	0.057877
40	-0.7	0.052431
40	-0.6	0.045772
40	-0.5	0.033734
40	-0.4	0.02552
40	-0.3	0.020541
40	-0.2	0.017774
40	-0.1	0.016296
40	0	0.01501
40	0.1	0.016024
40	0.2	0.022424
40	0.3	0.030899
40	0.4	0.039598
40	0.5	0.045879
40	0.6	0.050438
40	0.7	0.051017
40	0.8	0.049871
40	0.9	0.047497
40	1	0.04507
40	1.1	0.040049
40	1.2	0.037216
40	1.3	0.034898
40	1.4	0.033188
40	1.5	0.031197
40	1.6	0.02986
40	1.7	0.029965
40	1.8	0.0308
40	1.9	0.030514
40	2	0.030468
40	2.1	0.029654
40	2.2	0.028376
40	2.3	0.025584
40	2.4	0.022493
40	2.5	0.020897
40	2.6	0.019243
40	2.7	0.017166
40	2.8	0.015329
40	2.9	0.013224
40	3	0.011909
40	3.1	0.010331
40	3.2	0.0092077
40	3.3	0.0091796
40	3.4	0.0084937
40	3.5	0.0089007
40	3.6	0.0088952
40	3.7	0.0087819
40	3.8	0.0093471
40	3.9	0.010251
40	4	0.011378
50	-4	0.011396
50	-3.9	0.013019
50	-3.8	0.013564
50	-3.7	0.012104
50	-3.6	0.0098275
50	-3.5	0.0082623
50	-3.4	0.0080783
50	-3.3	0.0091018
50	-3.2	0.011339
50	-3.1	0.011119
50	-3	0.010039
50	-2.9	0.01145
50	-2.8	0.013382
50	-2.7	0.020296
50	-2.6	0.025069
50	-2.5	0.031031
50	-2.4	0.033596
50	-2.3	0.034974
50	-2.2	0.035053
50	-2.1	0.035566
50	-2	0.036152
50	-1.9	0.038056
50	-1.8	0.038724
50	-1.7	0.037761
50	-1.6	0.033224
50	-1.5	0.028153
50	-1.4	0.025613
50	-1.3	0.026646
50	-1.2	0.036977
50	-1.1	0.044676
50	-1	0.053181
50	-0.9	0.05792
50	-0.8	0.058786
50	-0.7	0.055304
50	-0.6	0.048803
50	-0.5	0.041354
50	-0.4	0.033298
50	-0.3	0.02595
50	-0.2	0.021051
50	-0.1	0.018112
50	0	0.015526
50	0.1	0.015218
50	0.2	0.018022
50	0.3	0.022444
50	0.4	0.030728
50	0.5	0.040821
50	0.6	0.046947
50	0.7	0.05083
50	0.8	0.052338
50	0.9	0.051653
50	1	0.049925
50	1.1	0.044581
50	1.2	0.040555
50	1.3	0.037558
50	1.4	0.03443
50	1.5	0.032522
50	1.6	0.032496
50	1.7	0.032529
50	1.8	0.033837
50	1.9	0.033707
50	2	0.032635
50	2.1	0.03126
50	2.2	0.02943
50	2.3	0.026559
50	2.4	0.024912
50	2.5	0.022059
50	2.6	0.020658
50	2.7	0.018436
50	2.8	0.016036
50	2.9	0.013615
50	3	0.011447
50	3.1	0.0097896
50	3.2	0.0092007
50	3.3	0.0086409
50	3.4	0.008507
50	3.5	0.0084307
50	3.6	0.0084994
50	3.7	0.0080422
50	3.8	0.0076297
50	3.9	0.0081401
50	4	0.008594
60	-4	0.010569
60	-3.9	0.011836
60	-3.8	0.011935
60	-3.7	0.01081
60	-3.6	0.0079207
60	-3.5	0.006698
60	-3.4	0.0070918
60	-3.3	0.0084537
60	-3.2	0.0087061
60	-3.1	0.0086857
60	-3	0.0085469
60	-2.9	0.0092532
60	-2.8	0.012262
60	-2.7	0.019377
60	-2.6	0.023711
60	-2.5	0.028664
60	-2.4	0.031064
60	-2.3	0.031531
60	-2.2	0.031065
60	-2.1	0.03044
60	-2	0.032149
60	-1.9	0.034219
60	-1.8	0.035738
60	-1.7	0.03649
60	-1.6	0.033562
60	-1.5	0.028579
60	-1.4	0.022534
60	-1.3	0.024417
60	-1.2	0.032366
60	-1.1	0.042782
60	-1	0.053794
60	-0.9	0.06099
60	-0.8	0.063534
60	-0.7	0.060758
60	-0.6	0.055126
60	-0.5	0.042494
60	-0.4	0.036246
60	-0.3	0.024715
60	-0.2	0.018976
60	-0.1	0.01601
60	0	0.015267
60	0.1	0.014559
60	0.2	0.019027
60	0.3	0.021993
60	0.4	0.030739
60	0.5	0.041867
60	0.6	0.047671
60	0.7	0.052723
60	0.8	0.053836
60	0.9	0.050615
60	1	0.046778
60	1.1	0.043767
60	1.2	0.037712
60	1.3	0.034411
60	1.4	0.033428
60	1.5	0.03367
60	1.6	0.033398
60	1.7	0.033462
60	1.8	0.032762
60	1.9	0.031602
60	2	0.031201
60	2.1	0.03022
60	2.2	0.029967
60	2.3	0.029555
60	2.4	0.027685
60	2.5	0.025738
60	2.6	0.023691
60	2.7	0.021895
60	2.8	0.018509
60	2.9	0.01606
60	3	0.014065
60	3.1	0.011863
60	3.2	0.011058
60	3.3	0.0094997
60	3.4	0.0096616
60	3.5	0.010224
60	3.6	0.010472
60	3.7	0.010948
60	3.8	0.010881
60	3.9	0.010153
60	4	0.010525
70	-4	0.01107
70	-3.9	0.012344
70	-3.8	0.012838
70	-3.7	0.011902
70	-3.6	0.0099257
70	-3.5	0.0090501
70	-3.4	0.0092182
70	-3.3	0.010047
70	-3.2	0.010468
70	-3.1	0.0090911
70	-3	0.0083266
70	-2.9	0.0087228
70	-2.8	0.013843
70	-2.7	0.017684
70	-2.6	0.022336
70	-2.5	0.025987
70	-2.4	0.028952
70	-2.3	0.030687
70	-2.2	0.032219
70	-2.1	0.03434
70	-2	0.037443
70	-1.9	0.038124
70	-1.8	0.038266
70	-1.7	0.036823
70	-1.6	0.034002
70	-1.5	0.029695
70	-1.4	0.025842
70	-1.3	0.0255
70	-1.2	0.032023
70	-1.1	0.040913
70	-1	0.049395
70	-0.9	0.054303
70	-0.8	0.05823
70	-0.7	0.05799
70	-0.6	0.0535
70	-0.5	0.046861
70	-0.4	0.038895
70	-0.3	0.031405
70	-0.2	0.026076
70	-0.1	0.022217
70	0	0.01957
70	0.1	0.018244
70	0.2	0.018352
70	0.3	0.023124
70	0.4	0.02715
70	0.5	0.032527
70	0.6	0.039535
70	0.7	0.044495
70	0.8	0.049231
70	0.9	0.050416
70	1	0.049437
70	1.1	0.046385
70	1.2	0.042655
70	1.3	0.041193
70	1.4	0.038447
70	1.5	0.035961
70	1.6	0.034967
70	1.7	0.03588
70	1.8	0.037355
70	1.9	0.038054
70	2	0.037881
70	2.1	0.037265
70	2.2	0.034915
70	2.3	0.032094
70	2.4	0.028878
70	2.5	0.024829
70	2.6	0.023271
70	2.7	0.021546
70	2.8	0.020344
70	2.9	0.018521
70	3	0.016036
70	3.1	0.014394
70	3.2	0.011796
70	3.3	0.011272
70	3.4	0.01097
70	3.5	0.010604
70	3.6	0.011007
70	3.7	0.011328
70	3.8	0.011081
70	3.9	0.010908
70	4	0.010629
80	-4	0.01099
80	-3.9	0.010475
80	-3.8	0.01063
80	-3.7	0.010917
80	-3.6	0.010943
80	-3.5	0.010362
80	-3.4	0.0095099
80	-3.3	0.0086259
80	-3.2	0.0090358
80	-3.1	0.0096633
80	-3	0.0097962
80	-2.9	0.01001
80	-2.8	0.011017
80	-2.7	0.014148
80	-2.6	0.01841
80	-2.5	0.023848
80	-2.4	0.027333
80	-2.3	0.03077
80	-2.2	0.033112
80	-2.1	0.033555
80	-2	0.033513
80	-1.9	0.032837
80	-1.8	0.032025
80	-1.7	0.031539
80	-1.6	0.030698
80	-1.5	0.028271
80	-1.4	0.025363
80	-1.3	0.024394
80	-1.2	0.027218
80	-1.1	0.035658
80	-1	0.042091
80	-0.9	0.047743
80	-0.8	0.055011
80	-0.7	0.056089
80	-0.6	0.055463
80	-0.5	0.050363
80	-0.4	0.044298
80	-0.3	0.037858
80	-0.2	0.031576
80	-0.1	0.026139
80	0	0.022004
80	0.1	0.019111
80	0.2	0.016873
80	0.3	0.017529
80	0.4	0.024531
80	0.5	0.033782
80	0.6	0.040345
80	0.7	0.048263
80	0.8	0.051025
80	0.9	0.052995
80	1	0.050563
80	1.1	0.048185
80	1.2	0.044241
80	1.3	0.039744
80	1.4	0.036939
80	1.5	0.034717
80	1.6	0.033882
80	1.7	0.034509
80	1.8	0.035247
80	1.9	0.035632
80	2	0.035713
80	2.1	0.034876
80	2.2	0.033898
80	2.3	0.031365
80	2.4	0.028662
80	2.5	0.025101
80	2.6	0.022789
80	2.7	0.020408
80	2.8	0.016645
80	2.9	0.013919
80	3	0.012818
80	3.1	0.010682
80	3.2	0.0097433
80	3.3	0.0091813
80	3.4	0.0087061
80	3.5	0.0083672
80	3.6	0.0080322
80	3.7	0.0075595
80	3.8	0.0074951
80	3.9	0.007933
80	4	0.00801
90	-4	0.013055
90	-3.9	0.013684
90	-3.8	0.013839
90	-3.7	0.012708
90	-3.6	0.010891
90	-3.5	0.0096867
90	-3.4	0.0092427
90	-3.3	0.0094228
90	-3.2	0.0097813
90	-3.1	0.0099289
90	-3	0.009255
90	-2.9	0.0090822
90	-2.8	0.0090215
90	-2.7	0.012071
90	-2.6	0.016583
90	-2.5	0.022004
90	-2.4	0.027375
90	-2.3	0.02943
90	-2.2	0.031267
90	-2.1	0.031956
90	-2	0.032655
90	-1.9	0.033845
90	-1.8	0.034217
90	-1.7	0.03346
90	-1.6	0.032048
90	-1.5	0.028972
90	-1.4	0.026371
90	-1.3	0.024723
90	-1.2	0.027449
90	-1.1	0.036443
90	-1	0.041293
90	-0.9	0.051467
90	-0.8	0.054665
90	-0.7	0.056247
90	-0.6	0.054781
90	-0.5	0.049173
90	-0.4	0.042869
90	-0.3	0.037526
90	-0.2	0.031675
90	-0.1	0.027133
90	0	0.025008
90	0.1	0.022005
90	0.2	0.018895
90	0.3	0.019094
90	0.4	0.025565
90	0.5	0.032608
90	0.6	0.037888
90	0.7	0.043567
90	0.8	0.048394
90	0.9	0.050573
90	1	0.049256
90	1.1	0.046375
90	1.2	0.042119
90	1.3	0.040006
90	1.4	0.037859
90	1.5	0.035545
90	1.6	0.034189
90	1.7	0.033774
90	1.8	0.033878
90	1.9	0.034146
90	2	0.034818
90	2.1	0.035211
90	2.2	0.034557
90	2.3	0.032466
90	2.4	0.029925
90	2.5	0.026743
90	2.6	0.022093
90	2.7	0.018084
90	2.8	0.016279
90	2.9	0.01361
90	3	0.011932
90	3.1	0.011053
90	3.2	0.0097962
90	3.3	0.0088862
90	3.4	0.0087265
90	3.5	0.0079492
90	3.6	0.0081083
90	3.7	0.007617
90	3.8	0.0077056
90	3.9	0.0077683
90	4	0.0076699
100	-4	0.011058
100	-3.9	0.011508
100	-3.8	0.012578
100	-3.7	0.013208
100	-3.6	0.012973
100	-3.5	0.01222
100	-3.4	0.010036
100	-3.3	0.0089297
100	-3.2	0.0088223
100	-3.1	0.0090893
100	-3	0.0097549
100	-2.9	0.010326
100	-2.8	0.011116
100	-2.7	0.012611
100	-2.6	0.015445
100	-2.5	0.020279
100	-2.4	0.022489
100	-2.3	0.025337
100	-2.2	0.028547
100	-2.1	0.030369
100	-2	0.031535
100	-1.9	0.032785
100	-1.8	0.032686
100	-1.7	0.031665
100	-1.6	0.030134
100	-1.5	0.025881
100	-1.4	0.022757
100	-1.3	0.021313
100	-1.2	0.022602
100	-1.1	0.030637
100	-1	0.037232
100	-0.9	0.047113
100	-0.8	0.053935
100	-0.7	0.056279
100	-0.6	0.055826
100	-0.5	0.052402
100	-0.4	0.045449
100	-0.3	0.040582
100	-0.2	0.031617
100	-0.1	0.024254
100	0	0.021889
100	0.1	0.018454
100	0.2	0.016072
100	0.3	0.016646
100	0.4	0.020366
100	0.5	0.027283
100	0.6	0.032888
100	0.7	0.043142
100	0.8	0.049953
100	0.9	0.052342
100	1	0.052527
100	1.1	0.049831
100	1.2	0.045758
100	1.3	0.039326
100	1.4	0.036653
100	1.5	0.0324
100	1.6	0.031058
100	1.7	0.031851
100	1.8	0.033662
100	1.9	0.034764
100	2	0.034792
100	2.1	0.034063
100	2.2	0.032645
100	2.3	0.030546
100	2.4	0.027878
100	2.5	0.025576
100	2.6	0.023976
100	2.7	0.021995
100	2.8	0.019372
100	2.9	0.016694
100	3	0.013801
100	3.1	0.01181
100	3.2	0.010392
100	3.3	0.0089206
100	3.4	0.00972
100	3.5	0.0099598
100	3.6	0.0099436
100	3.7	0.0090036
100	3.8	0.0079105
100	3.9	0.0071598
100	4	0.0072228
110	-4	0.0097648
110	-3.9	0.010607
110	-3.8	0.01209
110	-3.7	0.01263
110	-3.6	0.012864
110	-3.5	0.010676
110	-3.4	0.0093159
110	-3.3	0.0080181
110	-3.2	0.0078572
110	-3.1	0.0084613
110	-3	0.0088333
110	-2.9	0.0079736
110	-2.8	0.0073668
110	-2.7	0.0079166
110	-2.6	0.012809
110	-2.5	0.017085
110	-2.4	0.021732
110	-2.3	0.026629
110	-2.2	0.027836
110	-2.1	0.028065
110	-2	0.027905
110	-1.9	0.028282
110	-1.8	0.029619
110	-1.7	0.030887
110	-1.6	0.031447
110	-1.5	0.028065
110	-1.4	0.024367
110	-1.3	0.019821
110	-1.2	0.020631
110	-1.1	0.02608
110	-1	0.037118
110	-0.9	0.046176
110	-0.8	0.052361
110	-0.7	0.055701
110	-0.6	0.055102
110	-0.5	0.048505
110	-0.4	0.043278
110	-0.3	0.038767
110	-0.2	0.031314
110	-0.1	0.02518
110	0	0.021802
110	0.1	0.018243
110	0.2	0.017322
110	0.3	0.016394
110	0.4	0.020137
110	0.5	0.026541
110	0.6	0.034811
110	0.7	0.039145
110	0.8	0.042955
110	0.9	0.046161
110	1	0.046299
110	1.1	0.044588
110	1.2	0.042745
110	1.3	0.040634
110	1.4	0.037577
110	1.5	0.034301
110	1.6	0.030539
110	1.7	0.030023
110	1.8	0.030641
110	1.9	0.031582
110	2	0.033453
110	2.1	0.034797
110	2.2	0.035088
110	2.3	0.032504
110	2.4	0.030429
110	2.5	0.026723
110	2.6	0.024554
110	2.7	0.022417
110	2.8	0.020602
110	2.9	0.020122
110	3	0.018132
110	3.1	0.015341
110	3.2	0.013466
110	3.3	0.011635
110	3.4	0.0096934
110	3.5	0.0095065
110	3.6	0.010774
110	3.7	0.010616
110	3.8	0.010638
110	3.9	0.010471
110	4	0.010753
120	-4	0.0090036
120	-3.9	0.0092846
120	-3.8	0.010138
120	-3.7	0.011248
120	-3.6	0.010863
120	-3.5	0.010517
120	-3.4	0.0099257
120	-3.3	0.0088204
120	-3.2	0.0079146
120	-3.1	0.00748
120	-3	0.0071711
120	-2.9	0.0075274
120	-2.8	0.0081757
120	-2.7	0.0096783
120	-2.6	0.013092
120	-2.5	0.017587
120	-2.4	0.020371
120	-2.3	0.023742
120	-2.2	0.024428
120	-2.1	0.024193
120	-2	0.024505
120	-1.9	0.025611
120	-1.8	0.026543
120	-1.7	0.02776
120	-1.6	0.027264
120	-1.5	0.024933
120	-1.4	0.021009
120	-1.3	0.018157
120	-1.2	0.017978
120	-1.1	0.021199
120	-1	0.031348
120	-0.9	0.041715
120	-0.8	0.04935
120	-0.7	0.053784
120	-0.6	0.053781
120	-0.5	0.050714
120	-0.4	0.045421
120	-0.3	0.03791
120	-0.2	0.029615
120	-0.1	0.023094
120	0	0.019939
120	0.1	0.016257
120	0.2	0.014716
120	0.3	0.014186
120	0.4	0.01605
120	0.5	0.023903
120	0.6	0.031166
120	0.7	0.038734
120	0.8	0.045022
120	0.9	0.047308
120	1	0.047472
120	1.1	0.044402
120	1.2	0.042549
120	1.3	0.039208
120	1.4	0.034964
120	1.5	0.030756
120	1.6	0.030157
120	1.7	0.030968
120	1.8	0.031472
120	1.9	0.031697
120	2	0.031702
120	2.1	0.031423
120	2.2	0.030682
120	2.3	0.029167
120	2.4	0.027839
120	2.5	0.025881
120	2.6	0.024275
120	2.7	0.021874
120	2.8	0.018316
120	2.9	0.016274
120	3	0.014028
120	3.1	0.013151
120	3.2	0.0123
120	3.3	0.01063
120	3.4	0.010186
120	3.5	0.0089676
120	3.6	0.0083401
120	3.7	0.0082289
120	3.8	0.0085222
120	3.9	0.0097
120	4	0.010979
130	-4	0.0098308
130	-3.9	0.011236
130	-3.8	0.011398
130	-3.7	0.011151
130	-3.6	0.0094758
130	-3.5	0.0085846
130	-3.4	0.0075252
130	-3.3	0.0073338
130	-3.2	0.007369
130	-3.1	0.0075808
130	-3	0.0071553
130	-2.9	0.0061732
130	-2.8	0.0075744
130	-2.7	0.0099175
130	-2.6	0.014602
130	-2.5	0.016897
130	-2.4	0.020827
130	-2.3	0.023942
130	-2.2	0.024563
130	-2.1	0.02453
130	-2	0.025025
130	-1.9	0.025598
130	-1.8	0.026589
130	-1.7	0.027186
130	-1.6	0.02728
130	-1.5	0.024695
130	-1.4	0.021281
130	-1.3	0.017156
130	-1.2	0.017435
130	-1.1	0.022258
130	-1	0.030668
130	-0.9	0.039663
130	-0.8	0.046352
130	-0.7	0.051694
130	-0.6	0.052639
130	-0.5	0.048385
130	-0.4	0.044434
130	-0.3	0.038479
130	-0.2	0.030546
130	-0.1	0.025336
130	0	0.019992
130	0.1	0.017678
130	0.2	0.016171
130	0.3	0.014757
130	0.4	0.016962
130	0.5	0.025553
130	0.6	0.028395
130	0.7	0.037451
130	0.8	0.04155
130	0.9	0.046054
130	1	0.046646
130	1.1	0.045262
130	1.2	0.042428
130	1.3	0.039655
130	1.4	0.036387
130	1.5	0.032574
130	1.6	0.031352
130	1.7	0.030698
130	1.8	0.030591
130	1.9	0.030424
130	2	0.03135
130	2.1	0.031868
130	2.2	0.03165
130	2.3	0.030085
130	2.4	0.027312
130	2.5	0.024743
130	2.6	0.022382
130	2.7	0.020521
130	2.8	0.017275
130	2.9	0.016408
130	3	0.014665
130	3.1	0.012791
130	3.2	0.010116
130	3.3	0.0091637
130	3.4	0.0083865
130	3.5	0.0075402
130	3.6	0.0080281
130	3.7	0.0086782
130	3.8	0.0087468
130	3.9	0.0091989
130	4	0.0082112
140	-4	0.0086614
140	-3.9	0.0097863
140	-3.8	0.011176
140	-3.7	0.011432
140	-3.6	0.010234
140	-3.5	0.0090893
140	-3.4	0.0068954
140	-3.3	0.0064722
140	-3.2	0.0065344
140	-3.1	0.0082014
140	-3	0.0098439
140	-2.9	0.0098077
140	-2.8	0.0082954
140	-2.7	0.0087117
140	-2.6	0.011248
140	-2.5	0.016437
140	-2.4	0.019954
140	-2.3	0.024684
140	-2.2	0.026926
140	-2.1	0.027063
140	-2	0.027721
140	-1.9	0.028006
140	-1.8	0.028379
140	-1.7	0.028528
140	-1.6	0.02781
140	-1.5	0.02555
140	-1.4	0.021517
140	-1.3	0.018282
140	-1.2	0.018959
140	-1.1	0.023097
140	-1	0.032119
140	-0.9	0.039382
140	-0.8	0.046811
140	-0.7	0.051095
140	-0.6	0.051074
140	-0.5	0.047584
140	-0.4	0.041599
140	-0.3	0.037222
140	-0.2	0.030369
140	-0.1	0.025095
140	0	0.021397
140	0.1	0.019424
140	0.2	0.017172
140	0.3	0.016197
140	0.4	0.018363
140	0.5	0.024259
140	0.6	0.029927
140	0.7	0.037354
140	0.8	0.041615
140	0.9	0.045754
140	1	0.046922
140	1.1	0.046307
140	1.2	0.043457
140	1.3	0.041368
140	1.4	0.038119
140	1.5	0.036312
140	1.6	0.033852
140	1.7	0.032846
140	1.8	0.032727
140	1.9	0.033155
140	2	0.033957
140	2.1	0.033946
140	2.2	0.032291
140	2.3	0.031407
140	2.4	0.028599
140	2.5	0.025887
140	2.6	0.024349
140	2.7	0.021674
140	2.8	0.019768
140	2.9	0.017663
140	3	0.014864
140	3.1	0.013045
140	3.2	0.010679
140	3.3	0.0094895
140	3.4	0.0093902
140	3.5	0.0099305
140	3.6	0.010078
140	3.7	0.0098193
140	3.8	0.0095031
140	3.9	0.0087616
140	4	0.0082329
150	-4	0.0078819
150	-3.9	0.0087339
150	-3.8	0.009373
150	-3.7	0.0087487
150	-3.6	0.0081242
150	-3.5	0.0066106
150	-3.4	0.0062097
150	-3.3	0.0067125
150	-3.2	0.0067986
150	-3.1	0.0071282
150	-3	0.0067269
150	-2.9	0.0067509
150	-2.8	0.0075574
150	-2.7	0.010146
150	-2.6	0.013213
150	-2.5	0.016837
150	-2.4	0.020999
150	-2.3	0.023244
150	-2.2	0.024555
150	-2.1	0.025473
150	-2	0.025793
150	-1.9	0.026693
150	-1.8	0.028533
150	-1.7	0.029185
150	-1.6	0.028664
150	-1.5	0.025639
150	-1.4	0.023886
150	-1.3	0.019108
150	-1.2	0.019302
150	-1.1	0.024452
150	-1	0.032914
150	-0.9	0.040546
150	-0.8	0.04783
150	-0.7	0.051693
150	-0.6	0.052526
150	-0.5	0.0488
150	-0.4	0.045139
150	-0.3	0.035346
150	-0.2	0.029686
150	-0.1	0.023874
150	0	0.019908
150	0.1	0.01776
150	0.2	0.015349
150	0.3	0.015231
150	0.4	0.019533
150	0.5	0.02368
150	0.6	0.030124
150	0.7	0.035438
150	0.8	0.041656
150	0.9	0.044754
150	1	0.047558
150	1.1	0.047532
150	1.2	0.045424
150	1.3	0.042936
150	1.4	0.040748
150	1.5	0.039054
150	1.6	0.037211
150	1.7	0.034905
150	1.8	0.032982
150	1.9	0.03246
150	2	0.032258
150	2.1	0.032256
150	2.2	0.0321
150	2.3	0.031599
150	2.4	0.0302
150	2.5	0.025786
150	2.6	0.024521
150	2.7	0.019217
150	2.8	0.0173
150	2.9	0.015035
150	3	0.01346
150	3.1	0.011755
150	3.2	0.011263
150	3.3	0.0098914
150	3.4	0.0092375
150	3.5	0.0080442
150	3.6	0.0079979
150	3.7	0.0079268
150	3.8	0.007886
150	3.9	0.0077203
150	4	0.0076783
160	-4	0.0079289
160	-3.9	0.0096096
160	-3.8	0.01046
160	-3.7	0.009911
160	-3.6	0.0097648
160	-3.5	0.0070277
160	-3.4	0.0058451
160	-3.3	0.006181
160	-3.2	0.0074929
160	-3.1	0.0094605
160	-3	0.0098456
160	-2.9	0.0093816
160	-2.8	0.0086689
160	-2.7	0.010378
160	-2.6	0.01374
160	-2.5	0.019609
160	-2.4	0.022767
160	-2.3	0.026655
160	-2.2	0.027206
160	-2.1	0.025946
160	-2	0.024705
160	-1.9	0.024534
160	-1.8	0.025572
160	-1.7	0.027672
160	-1.6	0.028544
160	-1.5	0.028242
160	-1.4	0.026177
160	-1.3	0.021764
160	-1.2	0.018743
160	-1.1	0.021377
160	-1	0.030731
160	-0.9	0.041639
160	-0.8	0.049417
160	-0.7	0.055214
160	-0.6	0.057026
160	-0.5	0.054816
160	-0.4	0.048064
160	-0.3	0.03988
160	-0.2	0.030099
160	-0.1	0.025199
160	0	0.018429
160	0.1	0.014254
160	0.2	0.013461
160	0.3	0.014632
160	0.4	0.018458
160	0.5	0.026588
160	0.6	0.03271
160	0.7	0.039787
160	0.8	0.04667
160	0.9	0.04925
160	1	0.051051
160	1.1	0.050462
160	1.2	0.048241
160	1.3	0.045448
160	1.4	0.042077
160	1.5	0.038721
160	1.6	0.035962
160	1.7	0.034826
160	1.8	0.033085
160	1.9	0.032242
160	2	0.031755
160	2.1	0.031311
160	2.2	0.030581
160	2.3	0.028606
160	2.4	0.02651
160	2.5	0.022722
160	2.6	0.020566
160	2.7	0.018034
160	2.8	0.016181
160	2.9	0.014829
160	3	0.014237
160	3.1	0.013573
160	3.2	0.012559
160	3.3	0.010267
160	3.4	0.0092933
160	3.5	0.0083304
160	3.6	0.008014
160	3.7	0.0081122
160	3.8	0.0081401
160	3.9	0.0087708
160	4	0.0084346
170	-4	0.0070621
170	-3.9	0.0075252
170	-3.8	0.0077349
170	-3.7	0.0078346
170	-3.6	0.0077579
170	-3.5	0.0073228
170	-3.4	0.0070208
170	-3.3	0.0070484
170	-3.2	0.0076128
170	-3.1	0.0081262
170	-3	0.0083672
170	-2.9	0.0094091
170	-2.8	0.011171
170	-2.7	0.012904
170	-2.6	0.016232
170	-2.5	0.019681
170	-2.4	0.02381
170	-2.3	0.025588
170	-2.2	0.027415
170	-2.1	0.02888
170	-2	0.029558
170	-1.9	0.030895
170	-1.8	0.032973
170	-1.7	0.03359
170	-1.6	0.03261
170	-1.5	0.030518
170	-1.4	0.026069
170	-1.3	0.021757
170	-1.2	0.021247
170	-1.1	0.026059
170	-1	0.032614
170	-0.9	0.046888
170	-0.8	0.052267
170	-0.7	0.05632
170	-0.6	0.056815
170	-0.5	0.053802
170	-0.4	0.045564
170	-0.3	0.037275
170	-0.2	0.031142
170	-0.1	0.024845
170	0	0.019864
170	0.1	0.016964
170	0.2	0.015986
170	0.3	0.016546
170	0.4	0.02048
170	0.5	0.024143
170	0.6	0.032826
170	0.7	0.03942
170	0.8	0.043847
170	0.9	0.049711
170	1	0.050461
170	1.1	0.051373
170	1.2	0.050061
170	1.3	0.047447
170	1.4	0.044861
170	1.5	0.041882
170	1.6	0.03839
170	1.7	0.036767
170	1.8	0.034917
170	1.9	0.034724
170	2	0.034576
170	2.1	0.034255
170	2.2	0.032446
170	2.3	0.030041
170	2.4	0.028146
170	2.5	0.024113
170	2.6	0.022287
170	2.7	0.020287
170	2.8	0.019352
170	2.9	0.018711
170	3	0.016562
170	3.1	0.014315
170	3.2	0.011147
170	3.3	0.010013
170	3.4	0.0091124
170	3.5	0.0092863
170	3.6	0.009665
170	3.7	0.010108
170	3.8	0.0099012
170	3.9	0.0097183
170	4	0.0089676
180	-4	0.0084403
180	-3.9	0.0098456
180	-3.8	0.010094
180	-3.7	0.0094929
180	-3.6	0.0084804
180	-3.5	0.0072205
180	-3.4	0.0079085
180	-3.3	0.009
180	-3.2	0.010486
180	-3.1	0.010962
180	-3	0.010973
180	-2.9	0.009976
180	-2.8	0.011053
180	-2.7	0.014463
180	-2.6	0.019041
180	-2.5	0.023229
180	-2.4	0.026159
180	-2.3	0.027403
180	-2.2	0.027358
180	-2.1	0.026279
180	-2	0.026355
180	-1.9	0.028289
180	-1.8	0.030527
180	-1.7	0.032796
180	-1.6	0.033091
180	-1.5	0.031741
180	-1.4	0.025898
180	-1.3	0.02015
180	-1.2	0.019573
180	-1.1	0.025547
180	-1	0.03173
180	-0.9	0.043451
180	-0.8	0.054094
180	-0.7	0.059546
180	-0.6	0.059766
180	-0.5	0.056344
180	-0.4	0.049539
180	-0.3	0.040163
180	-0.2	0.033361
180	-0.1	0.025581
180	0	0.019289
180	0.1	0.016402
180	0.2	0.01617
180	0.3	0.017973
180	0.4	0.021857
180	0.5	0.027649
180	0.6	0.03492
180	0.7	0.039832
180	0.8	0.046494
180	0.9	0.049988
180	1	0.052091
180	1.1	0.052021
180	1.2	0.049255
180	1.3	0.045772
180	1.4	0.043399
180	1.5	0.040629
180	1.6	0.038667
180	1.7	0.03627
180	1.8	0.035394
180	1.9	0.034892
180	2	0.034232
180	2.1	0.033132
180	2.2	0.031567
180	2.3	0.029097
180	2.4	0.027036
180	2.5	0.024491
180	2.6	0.021347
180	2.7	0.019664
180	2.8	0.018749
180	2.9	0.018512
180	3	0.016584
180	3.1	0.013671
180	3.2	0.01111
180	3.3	0.0095506
180	3.4	0.009715
180	3.5	0.0092445
180	3.6	0.010561
180	3.7	0.011184
180	3.8	0.011154
180	3.9	0.010015
180	4	0.008769
 
Uniformity Ratio =0.72624
