10-Jan-2018
6:36
TXR  008060 RM428 R24
33511B Function Generator
SN =Agilent Technologies,33511B,MY52301476,3.05-1.19-2.00-52-00
freq =+9.280000000000000E+06
burstmode =TRIG
burstN =+6.000000000000000E+01
voltage =+1.5000000000000E-01
 
DSO-X 2022A Oscilloscope
SN =AGILENT TECHNOLOGIES,DSO-X 2022A,MY54310921,02.41.2015102200
probe =+1.0000000E+00
scale =+500.0E-09
position =+19.900000E-06
range =+1.60E+00
units =VOLT
points =+2000
pointmode =NORM
format =BYTE
acqtype =NORM
trigsource =EXT
coupling =AC
 
-180	-4	0.0074843
-180	-3.9	0.0080221
-180	-3.8	0.010205
-180	-3.7	0.012131
-180	-3.6	0.012921
-180	-3.5	0.01362
-180	-3.4	0.013166
-180	-3.3	0.012108
-180	-3.2	0.011615
-180	-3.1	0.01141
-180	-3	0.011832
-180	-2.9	0.012273
-180	-2.8	0.011656
-180	-2.7	0.009665
-180	-2.6	0.0076509
-180	-2.5	0.0067221
-180	-2.4	0.0094946
-180	-2.3	0.012337
-180	-2.2	0.01638
-180	-2.1	0.019677
-180	-2	0.021934
-180	-1.9	0.023627
-180	-1.8	0.0259
-180	-1.7	0.030215
-180	-1.6	0.034006
-180	-1.5	0.03805
-180	-1.4	0.039535
-180	-1.3	0.037793
-180	-1.2	0.033113
-180	-1.1	0.024252
-180	-1	0.01349
-180	-0.9	0.011197
-180	-0.8	0.017976
-180	-0.7	0.028223
-180	-0.6	0.042166
-180	-0.5	0.04765
-180	-0.4	0.050628
-180	-0.3	0.05095
-180	-0.2	0.048366
-180	-0.1	0.045225
-180	0	0.042308
-180	0.1	0.038635
-180	0.2	0.037048
-180	0.3	0.035551
-180	0.4	0.035036
-180	0.5	0.034097
-180	0.6	0.03286
-180	0.7	0.032785
-180	0.8	0.032691
-180	0.9	0.031276
-180	1	0.029591
-180	1.1	0.028361
-180	1.2	0.024838
-180	1.3	0.022593
-180	1.4	0.017967
-180	1.5	0.016862
-180	1.6	0.017907
-180	1.7	0.021158
-180	1.8	0.023844
-180	1.9	0.026429
-180	2	0.03018
-180	2.1	0.030644
-180	2.2	0.029797
-180	2.3	0.028814
-180	2.4	0.026398
-180	2.5	0.024032
-180	2.6	0.019865
-180	2.7	0.017283
-180	2.8	0.015277
-180	2.9	0.013708
-180	3	0.010159
-180	3.1	0.0078139
-180	3.2	0.0060835
-180	3.3	0.0053995
-180	3.4	0.0065021
-180	3.5	0.0074843
-180	3.6	0.0086614
-180	3.7	0.0092305
-180	3.8	0.010021
-180	3.9	0.010589
-180	4	0.010135
-170	-4	0.0078942
-170	-3.9	0.008425
-170	-3.8	0.0090305
-170	-3.7	0.01021
-170	-3.6	0.011617
-170	-3.5	0.012932
-170	-3.4	0.013141
-170	-3.3	0.013338
-170	-3.2	0.012289
-170	-3.1	0.011675
-170	-3	0.010674
-170	-2.9	0.0098061
-170	-2.8	0.0088552
-170	-2.7	0.0070713
-170	-2.6	0.0060382
-170	-2.5	0.0063078
-170	-2.4	0.0089351
-170	-2.3	0.011415
-170	-2.2	0.015706
-170	-2.1	0.019188
-170	-2	0.021858
-170	-1.9	0.025741
-170	-1.8	0.031412
-170	-1.7	0.036016
-170	-1.6	0.03805
-170	-1.5	0.040245
-170	-1.4	0.039292
-170	-1.3	0.033083
-170	-1.2	0.025684
-170	-1.1	0.018628
-170	-1	0.0091177
-170	-0.9	0.013835
-170	-0.8	0.025595
-170	-0.7	0.036772
-170	-0.6	0.045957
-170	-0.5	0.051085
-170	-0.4	0.05218
-170	-0.3	0.048318
-170	-0.2	0.045537
-170	-0.1	0.039609
-170	0	0.037293
-170	0.1	0.034863
-170	0.2	0.034182
-170	0.3	0.033825
-170	0.4	0.034023
-170	0.5	0.032794
-170	0.6	0.031586
-170	0.7	0.031662
-170	0.8	0.03162
-170	0.9	0.03097
-170	1	0.030208
-170	1.1	0.029535
-170	1.2	0.025844
-170	1.3	0.022409
-170	1.4	0.021038
-170	1.5	0.021379
-170	1.6	0.022007
-170	1.7	0.02329
-170	1.8	0.025329
-170	1.9	0.027159
-170	2	0.02814
-170	2.1	0.02765
-170	2.2	0.02654
-170	2.3	0.025676
-170	2.4	0.023883
-170	2.5	0.022154
-170	2.6	0.018974
-170	2.7	0.01609
-170	2.8	0.01335
-170	2.9	0.010154
-170	3	0.0073668
-170	3.1	0.0048907
-170	3.2	0.0053965
-170	3.3	0.0061021
-170	3.4	0.0069304
-170	3.5	0.0081242
-170	3.6	0.0079918
-170	3.7	0.0082525
-170	3.8	0.0093799
-170	3.9	0.0088149
-170	4	0.0087135
-160	-4	0.0086726
-160	-3.9	0.010565
-160	-3.8	0.012353
-160	-3.7	0.01345
-160	-3.6	0.013825
-160	-3.5	0.013129
-160	-3.4	0.011168
-160	-3.3	0.0101
-160	-3.2	0.0098439
-160	-3.1	0.011058
-160	-3	0.012278
-160	-2.9	0.012502
-160	-2.8	0.011676
-160	-2.7	0.0077182
-160	-2.6	0.006014
-160	-2.5	0.0075252
-160	-2.4	0.012207
-160	-2.3	0.016405
-160	-2.2	0.019664
-160	-2.1	0.021035
-160	-2	0.022536
-160	-1.9	0.025118
-160	-1.8	0.029276
-160	-1.7	0.033177
-160	-1.6	0.037572
-160	-1.5	0.038634
-160	-1.4	0.035802
-160	-1.3	0.029313
-160	-1.2	0.020949
-160	-1.1	0.01155
-160	-1	0.009234
-160	-0.9	0.018941
-160	-0.8	0.028985
-160	-0.7	0.037433
-160	-0.6	0.043283
-160	-0.5	0.045894
-160	-0.4	0.045375
-160	-0.3	0.042189
-160	-0.2	0.038659
-160	-0.1	0.036283
-160	0	0.033463
-160	0.1	0.03149
-160	0.2	0.030236
-160	0.3	0.029277
-160	0.4	0.028551
-160	0.5	0.027426
-160	0.6	0.026185
-160	0.7	0.026071
-160	0.8	0.025292
-160	0.9	0.024205
-160	1	0.024135
-160	1.1	0.022953
-160	1.2	0.02055
-160	1.3	0.018673
-160	1.4	0.017263
-160	1.5	0.015728
-160	1.6	0.01447
-160	1.7	0.015377
-160	1.8	0.020028
-160	1.9	0.022883
-160	2	0.025615
-160	2.1	0.027208
-160	2.2	0.027704
-160	2.3	0.02745
-160	2.4	0.024497
-160	2.5	0.021917
-160	2.6	0.01901
-160	2.7	0.016558
-160	2.8	0.013751
-160	2.9	0.012621
-160	3	0.01061
-160	3.1	0.008639
-160	3.2	0.0061863
-160	3.3	0.0066932
-160	3.4	0.0079044
-160	3.5	0.0085996
-160	3.6	0.0096382
-160	3.7	0.010591
-160	3.8	0.011456
-160	3.9	0.010031
-160	4	0.0091496
-150	-4	0.0072116
-150	-3.9	0.007693
-150	-3.8	0.0087616
-150	-3.7	0.0096382
-150	-3.6	0.010229
-150	-3.5	0.010186
-150	-3.4	0.0097565
-150	-3.3	0.0098143
-150	-3.2	0.0095624
-150	-3.1	0.010143
-150	-3	0.010525
-150	-2.9	0.0095827
-150	-2.8	0.0081659
-150	-2.7	0.006522
-150	-2.6	0.0062175
-150	-2.5	0.0091514
-150	-2.4	0.012944
-150	-2.3	0.018064
-150	-2.2	0.021741
-150	-2.1	0.02389
-150	-2	0.024886
-150	-1.9	0.02785
-150	-1.8	0.031127
-150	-1.7	0.03368
-150	-1.6	0.037059
-150	-1.5	0.037231
-150	-1.4	0.034317
-150	-1.3	0.028173
-150	-1.2	0.017369
-150	-1.1	0.012464
-150	-1	0.011193
-150	-0.9	0.022591
-150	-0.8	0.033825
-150	-0.7	0.041103
-150	-0.6	0.048819
-150	-0.5	0.050333
-150	-0.4	0.048128
-150	-0.3	0.043065
-150	-0.2	0.037852
-150	-0.1	0.032351
-150	0	0.028004
-150	0.1	0.026197
-150	0.2	0.025556
-150	0.3	0.025645
-150	0.4	0.024575
-150	0.5	0.024119
-150	0.6	0.02504
-150	0.7	0.026986
-150	0.8	0.027994
-150	0.9	0.028969
-150	1	0.029815
-150	1.1	0.028177
-150	1.2	0.026037
-150	1.3	0.023771
-150	1.4	0.021749
-150	1.5	0.020499
-150	1.6	0.019559
-150	1.7	0.020364
-150	1.8	0.022302
-150	1.9	0.023868
-150	2	0.024453
-150	2.1	0.024672
-150	2.2	0.024823
-150	2.3	0.023662
-150	2.4	0.021191
-150	2.5	0.018635
-150	2.6	0.015423
-150	2.7	0.012488
-150	2.8	0.010057
-150	2.9	0.0082348
-150	3	0.006313
-150	3.1	0.0056995
-150	3.2	0.0052968
-150	3.3	0.0057221
-150	3.4	0.0054353
-150	3.5	0.0062847
-150	3.6	0.0070116
-150	3.7	0.0086427
-150	3.8	0.009043
-150	3.9	0.0081083
-150	4	0.0079918
-140	-4	0.0089188
-140	-3.9	0.011122
-140	-3.8	0.013729
-140	-3.7	0.01401
-140	-3.6	0.013205
-140	-3.5	0.011097
-140	-3.4	0.0088296
-140	-3.3	0.0084499
-140	-3.2	0.010229
-140	-3.1	0.012046
-140	-3	0.013041
-140	-2.9	0.011704
-140	-2.8	0.0086614
-140	-2.7	0.0057839
-140	-2.6	0.0078263
-140	-2.5	0.012969
-140	-2.4	0.019048
-140	-2.3	0.021121
-140	-2.2	0.023687
-140	-2.1	0.023868
-140	-2	0.024169
-140	-1.9	0.025841
-140	-1.8	0.030102
-140	-1.7	0.033787
-140	-1.6	0.037084
-140	-1.5	0.036406
-140	-1.4	0.034026
-140	-1.3	0.025249
-140	-1.2	0.013968
-140	-1.1	0.009665
-140	-1	0.016687
-140	-0.9	0.028449
-140	-0.8	0.038404
-140	-0.7	0.045413
-140	-0.6	0.048782
-140	-0.5	0.047906
-140	-0.4	0.043848
-140	-0.3	0.038305
-140	-0.2	0.03136
-140	-0.1	0.024837
-140	0	0.020831
-140	0.1	0.018148
-140	0.2	0.017684
-140	0.3	0.01698
-140	0.4	0.017127
-140	0.5	0.019597
-140	0.6	0.022454
-140	0.7	0.026578
-140	0.8	0.02843
-140	0.9	0.031449
-140	1	0.03165
-140	1.1	0.030134
-140	1.2	0.027159
-140	1.3	0.025397
-140	1.4	0.023267
-140	1.5	0.02173
-140	1.6	0.020703
-140	1.7	0.020949
-140	1.8	0.022142
-140	1.9	0.02275
-140	2	0.023076
-140	2.1	0.023293
-140	2.2	0.023402
-140	2.3	0.022747
-140	2.4	0.020905
-140	2.5	0.019742
-140	2.6	0.017078
-140	2.7	0.014887
-140	2.8	0.012719
-140	2.9	0.010379
-140	3	0.0076678
-140	3.1	0.0070415
-140	3.2	0.0058062
-140	3.3	0.0052106
-140	3.4	0.006517
-140	3.5	0.0064597
-140	3.6	0.0078839
-140	3.7	0.0081023
-140	3.8	0.0081856
-140	3.9	0.0078552
-140	4	0.008423
-130	-4	0.0092985
-130	-3.9	0.010301
-130	-3.8	0.01023
-130	-3.7	0.010292
-130	-3.6	0.0098521
-130	-3.5	0.0094125
-130	-3.4	0.0097067
-130	-3.3	0.0099954
-130	-3.2	0.010526
-130	-3.1	0.010778
-130	-3	0.0098734
-130	-2.9	0.0085695
-130	-2.8	0.0071485
-130	-2.7	0.0084785
-130	-2.6	0.010591
-130	-2.5	0.014391
-130	-2.4	0.01698
-130	-2.3	0.018481
-130	-2.2	0.020043
-130	-2.1	0.022792
-130	-2	0.026966
-130	-1.9	0.030393
-130	-1.8	0.034707
-130	-1.7	0.037526
-130	-1.6	0.03793
-130	-1.5	0.034858
-130	-1.4	0.028565
-130	-1.3	0.021415
-130	-1.2	0.015166
-130	-1.1	0.016276
-130	-1	0.02183
-130	-0.9	0.029255
-130	-0.8	0.039215
-130	-0.7	0.045276
-130	-0.6	0.047771
-130	-0.5	0.045945
-130	-0.4	0.042425
-130	-0.3	0.036427
-130	-0.2	0.02724
-130	-0.1	0.021046
-130	0	0.016971
-130	0.1	0.013674
-130	0.2	0.013414
-130	0.3	0.013417
-130	0.4	0.015128
-130	0.5	0.018976
-130	0.6	0.02384
-130	0.7	0.026974
-130	0.8	0.030693
-130	0.9	0.034053
-130	1	0.03615
-130	1.1	0.035539
-130	1.2	0.034469
-130	1.3	0.032078
-130	1.4	0.029378
-130	1.5	0.026493
-130	1.6	0.02472
-130	1.7	0.024695
-130	1.8	0.025026
-130	1.9	0.025201
-130	2	0.024531
-130	2.1	0.023855
-130	2.2	0.022948
-130	2.3	0.021062
-130	2.4	0.018415
-130	2.5	0.016127
-130	2.6	0.014093
-130	2.7	0.011787
-130	2.8	0.0087745
-130	2.9	0.00711
-130	3	0.0059438
-130	3.1	0.0056995
-130	3.2	0.0050596
-130	3.3	0.0054353
-130	3.4	0.0050755
-130	3.5	0.0049334
-130	3.6	0.0055442
-130	3.7	0.0060968
-130	3.8	0.0063716
-130	3.9	0.0065096
-130	4	0.0071418
-120	-4	0.0078304
-120	-3.9	0.00969
-120	-3.8	0.010818
-120	-3.7	0.010958
-120	-3.6	0.01034
-120	-3.5	0.0087819
-120	-3.4	0.0080743
-120	-3.3	0.0084937
-120	-3.2	0.0093211
-120	-3.1	0.0097978
-120	-3	0.0096332
-120	-2.9	0.0091355
-120	-2.8	0.0086184
-120	-2.7	0.0096917
-120	-2.6	0.011692
-120	-2.5	0.014775
-120	-2.4	0.017629
-120	-2.3	0.019292
-120	-2.2	0.021011
-120	-2.1	0.023719
-120	-2	0.027118
-120	-1.9	0.031193
-120	-1.8	0.034501
-120	-1.7	0.038248
-120	-1.6	0.038837
-120	-1.5	0.036084
-120	-1.4	0.032189
-120	-1.3	0.026049
-120	-1.2	0.022057
-120	-1.1	0.023831
-120	-1	0.029485
-120	-0.9	0.037172
-120	-0.8	0.042235
-120	-0.7	0.045275
-120	-0.6	0.045522
-120	-0.5	0.041945
-120	-0.4	0.036255
-120	-0.3	0.030816
-120	-0.2	0.024159
-120	-0.1	0.01867
-120	0	0.013857
-120	0.1	0.012993
-120	0.2	0.012327
-120	0.3	0.012421
-120	0.4	0.014297
-120	0.5	0.019033
-120	0.6	0.024284
-120	0.7	0.027524
-120	0.8	0.033267
-120	0.9	0.035443
-120	1	0.037023
-120	1.1	0.037224
-120	1.2	0.036146
-120	1.3	0.035059
-120	1.4	0.032702
-120	1.5	0.031096
-120	1.6	0.028801
-120	1.7	0.028177
-120	1.8	0.028165
-120	1.9	0.027781
-120	2	0.027252
-120	2.1	0.027171
-120	2.2	0.026663
-120	2.3	0.02389
-120	2.4	0.020769
-120	2.5	0.018647
-120	2.6	0.015849
-120	2.7	0.013699
-120	2.8	0.012223
-120	2.9	0.010463
-120	3	0.0096466
-120	3.1	0.0078962
-120	3.2	0.0063792
-120	3.3	0.0051982
-120	3.4	0.0057136
-120	3.5	0.0062149
-120	3.6	0.0069677
-120	3.7	0.0070162
-120	3.8	0.0067581
-120	3.9	0.0057447
-120	4	0.0054974
-110	-4	0.010328
-110	-3.9	0.0097449
-110	-3.8	0.0093263
-110	-3.7	0.0082466
-110	-3.6	0.0088039
-110	-3.5	0.01024
-110	-3.4	0.011996
-110	-3.3	0.012482
-110	-3.2	0.011822
-110	-3.1	0.010829
-110	-3	0.0085525
-110	-2.9	0.0076488
-110	-2.8	0.0087024
-110	-2.7	0.012888
-110	-2.6	0.016264
-110	-2.5	0.018605
-110	-2.4	0.01968
-110	-2.3	0.019686
-110	-2.2	0.020279
-110	-2.1	0.022037
-110	-2	0.025313
-110	-1.9	0.029788
-110	-1.8	0.03509
-110	-1.7	0.03788
-110	-1.6	0.037912
-110	-1.5	0.034002
-110	-1.4	0.029484
-110	-1.3	0.024734
-110	-1.2	0.02341
-110	-1.1	0.028041
-110	-1	0.035004
-110	-0.9	0.041255
-110	-0.8	0.046626
-110	-0.7	0.049077
-110	-0.6	0.048104
-110	-0.5	0.044016
-110	-0.4	0.036722
-110	-0.3	0.032746
-110	-0.2	0.024534
-110	-0.1	0.017862
-110	0	0.013761
-110	0.1	0.012232
-110	0.2	0.01253
-110	0.3	0.013681
-110	0.4	0.018287
-110	0.5	0.021121
-110	0.6	0.028127
-110	0.7	0.031478
-110	0.8	0.038058
-110	0.9	0.040598
-110	1	0.041032
-110	1.1	0.040009
-110	1.2	0.038475
-110	1.3	0.036259
-110	1.4	0.033884
-110	1.5	0.031917
-110	1.6	0.031322
-110	1.7	0.03177
-110	1.8	0.031159
-110	1.9	0.029325
-110	2	0.028029
-110	2.1	0.026965
-110	2.2	0.025394
-110	2.3	0.023862
-110	2.4	0.021802
-110	2.5	0.020248
-110	2.6	0.018856
-110	2.7	0.016088
-110	2.8	0.014146
-110	2.9	0.012581
-110	3	0.011447
-110	3.1	0.010632
-110	3.2	0.0098341
-110	3.3	0.0095014
-110	3.4	0.0090323
-110	3.5	0.0096449
-110	3.6	0.0095557
-110	3.7	0.0092252
-110	3.8	0.0088752
-110	3.9	0.0080783
-110	4	0.0081262
-100	-4	0.0073821
-100	-3.9	0.0086427
-100	-3.8	0.0090947
-100	-3.7	0.0095455
-100	-3.6	0.0093141
-100	-3.5	0.0094793
-100	-3.4	0.010883
-100	-3.3	0.011499
-100	-3.2	0.012695
-100	-3.1	0.012994
-100	-3	0.011967
-100	-2.9	0.010763
-100	-2.8	0.010356
-100	-2.7	0.013455
-100	-2.6	0.016289
-100	-2.5	0.020494
-100	-2.4	0.022798
-100	-2.3	0.024021
-100	-2.2	0.025024
-100	-2.1	0.026228
-100	-2	0.02875
-100	-1.9	0.032481
-100	-1.8	0.037685
-100	-1.7	0.038975
-100	-1.6	0.039668
-100	-1.5	0.037119
-100	-1.4	0.034376
-100	-1.3	0.029622
-100	-1.2	0.028426
-100	-1.1	0.031096
-100	-1	0.036546
-100	-0.9	0.044113
-100	-0.8	0.048534
-100	-0.7	0.052393
-100	-0.6	0.050105
-100	-0.5	0.046921
-100	-0.4	0.041096
-100	-0.3	0.032926
-100	-0.2	0.02502
-100	-0.1	0.019252
-100	0	0.013701
-100	0.1	0.012608
-100	0.2	0.012839
-100	0.3	0.016906
-100	0.4	0.018676
-100	0.5	0.023961
-100	0.6	0.02893
-100	0.7	0.035057
-100	0.8	0.042065
-100	0.9	0.044242
-100	1	0.046994
-100	1.1	0.046957
-100	1.2	0.045955
-100	1.3	0.044277
-100	1.4	0.040973
-100	1.5	0.036055
-100	1.6	0.033517
-100	1.7	0.031824
-100	1.8	0.030715
-100	1.9	0.0297
-100	2	0.029224
-100	2.1	0.028762
-100	2.2	0.026475
-100	2.3	0.023362
-100	2.4	0.020757
-100	2.5	0.01897
-100	2.6	0.017961
-100	2.7	0.016866
-100	2.8	0.01496
-100	2.9	0.013764
-100	3	0.012824
-100	3.1	0.010592
-100	3.2	0.0085279
-100	3.3	0.0076635
-100	3.4	0.0085127
-100	3.5	0.0093332
-100	3.6	0.010047
-100	3.7	0.0088314
-100	3.8	0.0080623
-100	3.9	0.007583
-100	4	0.0072339
-90	-4	0.009043
-90	-3.9	0.0097482
-90	-3.8	0.0095962
-90	-3.7	0.0086596
-90	-3.6	0.0081102
-90	-3.5	0.0083149
-90	-3.4	0.009893
-90	-3.3	0.011342
-90	-3.2	0.012938
-90	-3.1	0.014434
-90	-3	0.0151
-90	-2.9	0.014788
-90	-2.8	0.014692
-90	-2.7	0.016024
-90	-2.6	0.01782
-90	-2.5	0.021732
-90	-2.4	0.024301
-90	-2.3	0.024757
-90	-2.2	0.024923
-90	-2.1	0.026369
-90	-2	0.028251
-90	-1.9	0.033007
-90	-1.8	0.036888
-90	-1.7	0.039043
-90	-1.6	0.038972
-90	-1.5	0.037162
-90	-1.4	0.035442
-90	-1.3	0.034799
-90	-1.2	0.036684
-90	-1.1	0.040808
-90	-1	0.046551
-90	-0.9	0.051527
-90	-0.8	0.05396
-90	-0.7	0.055181
-90	-0.6	0.053204
-90	-0.5	0.047992
-90	-0.4	0.040972
-90	-0.3	0.030202
-90	-0.2	0.023431
-90	-0.1	0.01546
-90	0	0.012974
-90	0.1	0.012518
-90	0.2	0.014805
-90	0.3	0.017114
-90	0.4	0.022391
-90	0.5	0.025864
-90	0.6	0.032
-90	0.7	0.037009
-90	0.8	0.04243
-90	0.9	0.045778
-90	1	0.047095
-90	1.1	0.047043
-90	1.2	0.045657
-90	1.3	0.043679
-90	1.4	0.040601
-90	1.5	0.037965
-90	1.6	0.036053
-90	1.7	0.034277
-90	1.8	0.032408
-90	1.9	0.030834
-90	2	0.029694
-90	2.1	0.028154
-90	2.2	0.026435
-90	2.3	0.024952
-90	2.4	0.023589
-90	2.5	0.022606
-90	2.6	0.021147
-90	2.7	0.01873
-90	2.8	0.017298
-90	2.9	0.015942
-90	3	0.015128
-90	3.1	0.01363
-90	3.2	0.011726
-90	3.3	0.011226
-90	3.4	0.010665
-90	3.5	0.010322
-90	3.6	0.0095472
-90	3.7	0.0084499
-90	3.8	0.0074605
-90	3.9	0.0080603
-90	4	0.0078716
-80	-4	0.0089261
-80	-3.9	0.01035
-80	-3.8	0.010713
-80	-3.7	0.0095894
-80	-3.6	0.007294
-80	-3.5	0.0072785
-80	-3.4	0.0086968
-80	-3.3	0.011953
-80	-3.2	0.014061
-80	-3.1	0.015665
-80	-3	0.015603
-80	-2.9	0.013507
-80	-2.8	0.012988
-80	-2.7	0.015008
-80	-2.6	0.01873
-80	-2.5	0.022773
-80	-2.4	0.02563
-80	-2.3	0.027117
-80	-2.2	0.027383
-80	-2.1	0.026915
-80	-2	0.027624
-80	-1.9	0.029102
-80	-1.8	0.032726
-80	-1.7	0.036786
-80	-1.6	0.039755
-80	-1.5	0.040334
-80	-1.4	0.039432
-80	-1.3	0.038835
-80	-1.2	0.039903
-80	-1.1	0.044351
-80	-1	0.049319
-80	-0.9	0.053263
-80	-0.8	0.058196
-80	-0.7	0.058979
-80	-0.6	0.05623
-80	-0.5	0.050347
-80	-0.4	0.041017
-80	-0.3	0.035127
-80	-0.2	0.023152
-80	-0.1	0.017383
-80	0	0.015517
-80	0.1	0.016563
-80	0.2	0.019282
-80	0.3	0.021555
-80	0.4	0.026335
-80	0.5	0.031603
-80	0.6	0.036832
-80	0.7	0.045253
-80	0.8	0.048858
-80	0.9	0.052738
-80	1	0.053792
-80	1.1	0.053391
-80	1.2	0.051783
-80	1.3	0.048734
-80	1.4	0.045416
-80	1.5	0.040947
-80	1.6	0.03772
-80	1.7	0.035867
-80	1.8	0.034001
-80	1.9	0.032667
-80	2	0.031567
-80	2.1	0.030367
-80	2.2	0.028214
-80	2.3	0.025788
-80	2.4	0.024803
-80	2.5	0.022809
-80	2.6	0.021744
-80	2.7	0.020078
-80	2.8	0.019545
-80	2.9	0.018633
-80	3	0.017792
-80	3.1	0.01628
-80	3.2	0.014928
-80	3.3	0.013768
-80	3.4	0.01243
-80	3.5	0.011759
-80	3.6	0.011348
-80	3.7	0.010841
-80	3.8	0.010479
-80	3.9	0.010535
-80	4	0.010575
-70	-4	0.0089152
-70	-3.9	0.011061
-70	-3.8	0.012154
-70	-3.7	0.01212
-70	-3.6	0.011621
-70	-3.5	0.011189
-70	-3.4	0.01198
-70	-3.3	0.013648
-70	-3.2	0.015642
-70	-3.1	0.016592
-70	-3	0.017066
-70	-2.9	0.016525
-70	-2.8	0.016431
-70	-2.7	0.018313
-70	-2.6	0.020381
-70	-2.5	0.023303
-70	-2.4	0.02535
-70	-2.3	0.026652
-70	-2.2	0.027072
-70	-2.1	0.027412
-70	-2	0.027888
-70	-1.9	0.029315
-70	-1.8	0.031599
-70	-1.7	0.033759
-70	-1.6	0.035588
-70	-1.5	0.036263
-70	-1.4	0.037159
-70	-1.3	0.03852
-70	-1.2	0.040477
-70	-1.1	0.045355
-70	-1	0.050669
-70	-0.9	0.055283
-70	-0.8	0.057898
-70	-0.7	0.057958
-70	-0.6	0.055035
-70	-0.5	0.049477
-70	-0.4	0.041788
-70	-0.3	0.03414
-70	-0.2	0.0251
-70	-0.1	0.019941
-70	0	0.017829
-70	0.1	0.018928
-70	0.2	0.021352
-70	0.3	0.024912
-70	0.4	0.028328
-70	0.5	0.034299
-70	0.6	0.039353
-70	0.7	0.045117
-70	0.8	0.048715
-70	0.9	0.052907
-70	1	0.054265
-70	1.1	0.054395
-70	1.2	0.052394
-70	1.3	0.049667
-70	1.4	0.045929
-70	1.5	0.042296
-70	1.6	0.038475
-70	1.7	0.036692
-70	1.8	0.035202
-70	1.9	0.033766
-70	2	0.032908
-70	2.1	0.031961
-70	2.2	0.030535
-70	2.3	0.027743
-70	2.4	0.025774
-70	2.5	0.023482
-70	2.6	0.022847
-70	2.7	0.021879
-70	2.8	0.02064
-70	2.9	0.019715
-70	3	0.017543
-70	3.1	0.016384
-70	3.2	0.01466
-70	3.3	0.013112
-70	3.4	0.01302
-70	3.5	0.013221
-70	3.6	0.012969
-70	3.7	0.011829
-70	3.8	0.011233
-70	3.9	0.010284
-70	4	0.009302
-60	-4	0.010018
-60	-3.9	0.010805
-60	-3.8	0.010511
-60	-3.7	0.0104
-60	-3.6	0.010933
-60	-3.5	0.011896
-60	-3.4	0.013734
-60	-3.3	0.014751
-60	-3.2	0.016472
-60	-3.1	0.01778
-60	-3	0.018723
-60	-2.9	0.01984
-60	-2.8	0.021042
-60	-2.7	0.022465
-60	-2.6	0.024244
-60	-2.5	0.026836
-60	-2.4	0.027715
-60	-2.3	0.028441
-60	-2.2	0.029156
-60	-2.1	0.02967
-60	-2	0.031398
-60	-1.9	0.033744
-60	-1.8	0.03583
-60	-1.7	0.037506
-60	-1.6	0.037767
-60	-1.5	0.038236
-60	-1.4	0.039209
-60	-1.3	0.041646
-60	-1.2	0.046327
-60	-1.1	0.049631
-60	-1	0.053183
-60	-0.9	0.057106
-60	-0.8	0.058999
-60	-0.7	0.059039
-60	-0.6	0.056374
-60	-0.5	0.051592
-60	-0.4	0.045699
-60	-0.3	0.037153
-60	-0.2	0.029662
-60	-0.1	0.024035
-60	0	0.022691
-60	0.1	0.022941
-60	0.2	0.024789
-60	0.3	0.026514
-60	0.4	0.030187
-60	0.5	0.034648
-60	0.6	0.038674
-60	0.7	0.042271
-60	0.8	0.050694
-60	0.9	0.054169
-60	1	0.056321
-60	1.1	0.057946
-60	1.2	0.057173
-60	1.3	0.054135
-60	1.4	0.050179
-60	1.5	0.044742
-60	1.6	0.042754
-60	1.7	0.040906
-60	1.8	0.039894
-60	1.9	0.038533
-60	2	0.037789
-60	2.1	0.035753
-60	2.2	0.033229
-60	2.3	0.029993
-60	2.4	0.028694
-60	2.5	0.028314
-60	2.6	0.028135
-60	2.7	0.027274
-60	2.8	0.024763
-60	2.9	0.022863
-60	3	0.020116
-60	3.1	0.018429
-60	3.2	0.016168
-60	3.3	0.015573
-60	3.4	0.015786
-60	3.5	0.015722
-60	3.6	0.014676
-60	3.7	0.012131
-60	3.8	0.010999
-60	3.9	0.010449
-60	4	0.010445
-50	-4	0.010066
-50	-3.9	0.010492
-50	-3.8	0.011007
-50	-3.7	0.011862
-50	-3.6	0.012943
-50	-3.5	0.013521
-50	-3.4	0.014016
-50	-3.3	0.014218
-50	-3.2	0.014933
-50	-3.1	0.016919
-50	-3	0.01976
-50	-2.9	0.021727
-50	-2.8	0.023069
-50	-2.7	0.023924
-50	-2.6	0.025115
-50	-2.5	0.026441
-50	-2.4	0.028247
-50	-2.3	0.029195
-50	-2.2	0.028988
-50	-2.1	0.029052
-50	-2	0.0297
-50	-1.9	0.031768
-50	-1.8	0.034237
-50	-1.7	0.036816
-50	-1.6	0.038338
-50	-1.5	0.039096
-50	-1.4	0.040522
-50	-1.3	0.042451
-50	-1.2	0.045575
-50	-1.1	0.05049
-50	-1	0.054977
-50	-0.9	0.057082
-50	-0.8	0.059878
-50	-0.7	0.059449
-50	-0.6	0.056343
-50	-0.5	0.052048
-50	-0.4	0.046783
-50	-0.3	0.037966
-50	-0.2	0.02895
-50	-0.1	0.026245
-50	0	0.022091
-50	0.1	0.022142
-50	0.2	0.024425
-50	0.3	0.028366
-50	0.4	0.031764
-50	0.5	0.036312
-50	0.6	0.04199
-50	0.7	0.04883
-50	0.8	0.054335
-50	0.9	0.057679
-50	1	0.058623
-50	1.1	0.057979
-50	1.2	0.056139
-50	1.3	0.052296
-50	1.4	0.047074
-50	1.5	0.043772
-50	1.6	0.042556
-50	1.7	0.041784
-50	1.8	0.040838
-50	1.9	0.038694
-50	2	0.036999
-50	2.1	0.034974
-50	2.2	0.031415
-50	2.3	0.029086
-50	2.4	0.027811
-50	2.5	0.027912
-50	2.6	0.027905
-50	2.7	0.026808
-50	2.8	0.024767
-50	2.9	0.022138
-50	3	0.020478
-50	3.1	0.018115
-50	3.2	0.017422
-50	3.3	0.016364
-50	3.4	0.015474
-50	3.5	0.014883
-50	3.6	0.013379
-50	3.7	0.011315
-50	3.8	0.010086
-50	3.9	0.010028
-50	4	0.010462
-40	-4	0.0092689
-40	-3.9	0.010141
-40	-3.8	0.010407
-40	-3.7	0.01065
-40	-3.6	0.010917
-40	-3.5	0.012199
-40	-3.4	0.014349
-40	-3.3	0.016432
-40	-3.2	0.019259
-40	-3.1	0.020034
-40	-3	0.02019
-40	-2.9	0.019981
-40	-2.8	0.020977
-40	-2.7	0.023866
-40	-2.6	0.026387
-40	-2.5	0.029093
-40	-2.4	0.031717
-40	-2.3	0.032002
-40	-2.2	0.031783
-40	-2.1	0.031807
-40	-2	0.032366
-40	-1.9	0.034234
-40	-1.8	0.036608
-40	-1.7	0.038559
-40	-1.6	0.039594
-40	-1.5	0.041443
-40	-1.4	0.04311
-40	-1.3	0.044559
-40	-1.2	0.047807
-40	-1.1	0.05323
-40	-1	0.057943
-40	-0.9	0.06203
-40	-0.8	0.064054
-40	-0.7	0.063815
-40	-0.6	0.05965
-40	-0.5	0.052994
-40	-0.4	0.044753
-40	-0.3	0.038358
-40	-0.2	0.031142
-40	-0.1	0.027453
-40	0	0.027042
-40	0.1	0.028166
-40	0.2	0.030738
-40	0.3	0.033301
-40	0.4	0.036197
-40	0.5	0.040094
-40	0.6	0.044428
-40	0.7	0.051295
-40	0.8	0.055798
-40	0.9	0.059669
-40	1	0.061638
-40	1.1	0.061797
-40	1.2	0.059885
-40	1.3	0.05718
-40	1.4	0.051229
-40	1.5	0.044979
-40	1.6	0.043162
-40	1.7	0.042051
-40	1.8	0.041813
-40	1.9	0.040882
-40	2	0.039999
-40	2.1	0.03812
-40	2.2	0.03431
-40	2.3	0.031406
-40	2.4	0.028875
-40	2.5	0.028852
-40	2.6	0.029117
-40	2.7	0.029159
-40	2.8	0.027309
-40	2.9	0.025707
-40	3	0.02302
-40	3.1	0.020086
-40	3.2	0.018349
-40	3.3	0.017445
-40	3.4	0.017723
-40	3.5	0.017546
-40	3.6	0.016863
-40	3.7	0.014725
-40	3.8	0.012148
-40	3.9	0.011499
-40	4	0.011769
-30	-4	0.010665
-30	-3.9	0.011116
-30	-3.8	0.010915
-30	-3.7	0.01011
-30	-3.6	0.0094878
-30	-3.5	0.010354
-30	-3.4	0.013248
-30	-3.3	0.015819
-30	-3.2	0.018259
-30	-3.1	0.02017
-30	-3	0.020158
-30	-2.9	0.019531
-30	-2.8	0.019224
-30	-2.7	0.021099
-30	-2.6	0.024742
-30	-2.5	0.02866
-30	-2.4	0.031377
-30	-2.3	0.032933
-30	-2.2	0.032048
-30	-2.1	0.030467
-30	-2	0.029233
-30	-1.9	0.029152
-30	-1.8	0.032225
-30	-1.7	0.036009
-30	-1.6	0.039463
-30	-1.5	0.040974
-30	-1.4	0.042218
-30	-1.3	0.045267
-30	-1.2	0.049044
-30	-1.1	0.055113
-30	-1	0.059686
-30	-0.9	0.066094
-30	-0.8	0.06904
-30	-0.7	0.06821
-30	-0.6	0.063215
-30	-0.5	0.054183
-30	-0.4	0.046002
-30	-0.3	0.035996
-30	-0.2	0.027973
-30	-0.1	0.023391
-30	0	0.023393
-30	0.1	0.025548
-30	0.2	0.027679
-30	0.3	0.032794
-30	0.4	0.038427
-30	0.5	0.046525
-30	0.6	0.052819
-30	0.7	0.056969
-30	0.8	0.061052
-30	0.9	0.063482
-30	1	0.06266
-30	1.1	0.061304
-30	1.2	0.058156
-30	1.3	0.054376
-30	1.4	0.051133
-30	1.5	0.047536
-30	1.6	0.043553
-30	1.7	0.04132
-30	1.8	0.0379
-30	1.9	0.034853
-30	2	0.033315
-30	2.1	0.032633
-30	2.2	0.032315
-30	2.3	0.031311
-30	2.4	0.030287
-30	2.5	0.029452
-30	2.6	0.02862
-30	2.7	0.026428
-30	2.8	0.024975
-30	2.9	0.02259
-30	3	0.020425
-30	3.1	0.019093
-30	3.2	0.017423
-30	3.3	0.016681
-30	3.4	0.016035
-30	3.5	0.01528
-30	3.6	0.015116
-30	3.7	0.014354
-30	3.8	0.013155
-30	3.9	0.012337
-30	4	0.011789
-20	-4	0.0074388
-20	-3.9	0.0082171
-20	-3.8	0.0088149
-20	-3.7	0.0090126
-20	-3.6	0.0095928
-20	-3.5	0.010226
-20	-3.4	0.011752
-20	-3.3	0.014902
-20	-3.2	0.017206
-20	-3.1	0.018773
-20	-3	0.01941
-20	-2.9	0.019963
-20	-2.8	0.02117
-20	-2.7	0.024231
-20	-2.6	0.026902
-20	-2.5	0.030098
-20	-2.4	0.031774
-20	-2.3	0.032577
-20	-2.2	0.032399
-20	-2.1	0.032162
-20	-2	0.032794
-20	-1.9	0.034416
-20	-1.8	0.036153
-20	-1.7	0.03846
-20	-1.6	0.040825
-20	-1.5	0.041544
-20	-1.4	0.043813
-20	-1.3	0.048403
-20	-1.2	0.052339
-20	-1.1	0.059619
-20	-1	0.065261
-20	-0.9	0.069315
-20	-0.8	0.06975
-20	-0.7	0.067844
-20	-0.6	0.062588
-20	-0.5	0.053746
-20	-0.4	0.043588
-20	-0.3	0.035685
-20	-0.2	0.028418
-20	-0.1	0.02641
-20	0	0.026791
-20	0.1	0.028534
-20	0.2	0.031154
-20	0.3	0.034771
-20	0.4	0.040646
-20	0.5	0.046602
-20	0.6	0.052198
-20	0.7	0.058133
-20	0.8	0.062308
-20	0.9	0.064124
-20	1	0.064078
-20	1.1	0.062178
-20	1.2	0.05917
-20	1.3	0.055208
-20	1.4	0.053161
-20	1.5	0.049038
-20	1.6	0.045696
-20	1.7	0.043061
-20	1.8	0.041207
-20	1.9	0.038015
-20	2	0.036137
-20	2.1	0.034752
-20	2.2	0.033996
-20	2.3	0.032528
-20	2.4	0.030522
-20	2.5	0.029174
-20	2.6	0.027366
-20	2.7	0.025182
-20	2.8	0.024274
-20	2.9	0.022546
-20	3	0.021173
-20	3.1	0.019949
-20	3.2	0.018047
-20	3.3	0.015613
-20	3.4	0.014585
-20	3.5	0.013044
-20	3.6	0.011826
-20	3.7	0.01124
-20	3.8	0.010094
-20	3.9	0.009608
-20	4	0.0087228
-10	-4	0.0090179
-10	-3.9	0.011434
-10	-3.8	0.012674
-10	-3.7	0.012578
-10	-3.6	0.01109
-10	-3.5	0.0088771
-10	-3.4	0.0096399
-10	-3.3	0.01409
-10	-3.2	0.017631
-10	-3.1	0.022211
-10	-3	0.023326
-10	-2.9	0.023386
-10	-2.8	0.022473
-10	-2.7	0.022713
-10	-2.6	0.026403
-10	-2.5	0.030215
-10	-2.4	0.034819
-10	-2.3	0.037104
-10	-2.2	0.036662
-10	-2.1	0.033196
-10	-2	0.031291
-10	-1.9	0.032071
-10	-1.8	0.034303
-10	-1.7	0.040306
-10	-1.6	0.042838
-10	-1.5	0.044813
-10	-1.4	0.046023
-10	-1.3	0.047072
-10	-1.2	0.050017
-10	-1.1	0.054957
-10	-1	0.061396
-10	-0.9	0.06621
-10	-0.8	0.069283
-10	-0.7	0.068912
-10	-0.6	0.064983
-10	-0.5	0.057801
-10	-0.4	0.048371
-10	-0.3	0.036366
-10	-0.2	0.029909
-10	-0.1	0.025483
-10	0	0.026377
-10	0.1	0.029033
-10	0.2	0.033544
-10	0.3	0.037582
-10	0.4	0.043024
-10	0.5	0.048707
-10	0.6	0.055852
-10	0.7	0.060768
-10	0.8	0.063683
-10	0.9	0.065698
-10	1	0.065513
-10	1.1	0.063569
-10	1.2	0.060237
-10	1.3	0.056345
-10	1.4	0.051495
-10	1.5	0.04657
-10	1.6	0.043192
-10	1.7	0.039547
-10	1.8	0.037667
-10	1.9	0.035815
-10	2	0.034554
-10	2.1	0.03324
-10	2.2	0.032161
-10	2.3	0.030016
-10	2.4	0.027927
-10	2.5	0.027155
-10	2.6	0.025531
-10	2.7	0.025075
-10	2.8	0.024129
-10	2.9	0.023715
-10	3	0.022915
-10	3.1	0.020925
-10	3.2	0.019102
-10	3.3	0.017589
-10	3.4	0.015923
-10	3.5	0.015092
-10	3.6	0.013905
-10	3.7	0.013402
-10	3.8	0.012176
-10	3.9	0.011398
-10	4	0.010937
0	-4	0.009537
0	-3.9	0.010865
0	-3.8	0.011071
0	-3.7	0.01155
0	-3.6	0.011797
0	-3.5	0.012563
0	-3.4	0.013338
0	-3.3	0.014663
0	-3.2	0.017425
0	-3.1	0.019294
0	-3	0.020558
0	-2.9	0.021632
0	-2.8	0.022376
0	-2.7	0.024006
0	-2.6	0.027868
0	-2.5	0.031917
0	-2.4	0.034455
0	-2.3	0.035015
0	-2.2	0.034073
0	-2.1	0.033039
0	-2	0.032782
0	-1.9	0.034158
0	-1.8	0.038048
0	-1.7	0.039452
0	-1.6	0.042144
0	-1.5	0.042902
0	-1.4	0.044068
0	-1.3	0.047323
0	-1.2	0.052393
0	-1.1	0.056462
0	-1	0.062951
0	-0.9	0.066805
0	-0.8	0.069202
0	-0.7	0.06884
0	-0.6	0.064167
0	-0.5	0.054958
0	-0.4	0.047683
0	-0.3	0.039352
0	-0.2	0.030246
0	-0.1	0.027635
0	0	0.026987
0	0.1	0.027831
0	0.2	0.030156
0	0.3	0.0338
0	0.4	0.03815
0	0.5	0.045429
0	0.6	0.051016
0	0.7	0.055904
0	0.8	0.061536
0	0.9	0.064076
0	1	0.064121
0	1.1	0.06363
0	1.2	0.060765
0	1.3	0.056027
0	1.4	0.052082
0	1.5	0.048788
0	1.6	0.046575
0	1.7	0.042375
0	1.8	0.040133
0	1.9	0.03864
0	2	0.036355
0	2.1	0.034859
0	2.2	0.03313
0	2.3	0.031704
0	2.4	0.031174
0	2.5	0.030057
0	2.6	0.0297
0	2.7	0.029024
0	2.8	0.027469
0	2.9	0.025142
0	3	0.023233
0	3.1	0.020905
0	3.2	0.01936
0	3.3	0.017371
0	3.4	0.0162
0	3.5	0.015997
0	3.6	0.015545
0	3.7	0.013794
0	3.8	0.012444
0	3.9	0.011576
0	4	0.0097316
10	-4	0.0072205
10	-3.9	0.008012
10	-3.8	0.0092024
10	-3.7	0.0101
10	-3.6	0.01224
10	-3.5	0.013603
10	-3.4	0.014473
10	-3.3	0.014457
10	-3.2	0.014664
10	-3.1	0.015746
10	-3	0.017503
10	-2.9	0.019595
10	-2.8	0.021843
10	-2.7	0.024349
10	-2.6	0.02777
10	-2.5	0.030062
10	-2.4	0.03246
10	-2.3	0.033014
10	-2.2	0.03283
10	-2.1	0.032642
10	-2	0.032989
10	-1.9	0.034226
10	-1.8	0.036896
10	-1.7	0.038369
10	-1.6	0.040098
10	-1.5	0.040722
10	-1.4	0.041752
10	-1.3	0.044601
10	-1.2	0.049325
10	-1.1	0.055238
10	-1	0.062791
10	-0.9	0.068069
10	-0.8	0.071606
10	-0.7	0.070958
10	-0.6	0.065616
10	-0.5	0.057726
10	-0.4	0.048731
10	-0.3	0.040379
10	-0.2	0.031257
10	-0.1	0.026652
10	0	0.025351
10	0.1	0.025931
10	0.2	0.028489
10	0.3	0.032312
10	0.4	0.036479
10	0.5	0.042337
10	0.6	0.049083
10	0.7	0.056237
10	0.8	0.060748
10	0.9	0.062986
10	1	0.063686
10	1.1	0.062112
10	1.2	0.058453
10	1.3	0.054197
10	1.4	0.05092
10	1.5	0.048991
10	1.6	0.044894
10	1.7	0.042384
10	1.8	0.039743
10	1.9	0.036113
10	2	0.034291
10	2.1	0.033265
10	2.2	0.033094
10	2.3	0.033387
10	2.4	0.032944
10	2.5	0.032157
10	2.6	0.03038
10	2.7	0.027639
10	2.8	0.02629
10	2.9	0.024928
10	3	0.02353
10	3.1	0.022208
10	3.2	0.021002
10	3.3	0.018757
10	3.4	0.016675
10	3.5	0.015603
10	3.6	0.014623
10	3.7	0.01442
10	3.8	0.01412
10	3.9	0.013264
10	4	0.012714
20	-4	0.008016
20	-3.9	0.0085298
20	-3.8	0.0089315
20	-3.7	0.0092252
20	-3.6	0.0087782
20	-3.5	0.0092968
20	-3.4	0.010328
20	-3.3	0.012581
20	-3.2	0.015219
20	-3.1	0.017462
20	-3	0.020163
20	-2.9	0.021174
20	-2.8	0.021657
20	-2.7	0.02243
20	-2.6	0.02512
20	-2.5	0.02848
20	-2.4	0.032591
20	-2.3	0.034985
20	-2.2	0.034772
20	-2.1	0.032435
20	-2	0.030342
20	-1.9	0.030267
20	-1.8	0.033434
20	-1.7	0.036452
20	-1.6	0.040517
20	-1.5	0.042455
20	-1.4	0.042639
20	-1.3	0.04418
20	-1.2	0.046483
20	-1.1	0.052449
20	-1	0.058656
20	-0.9	0.065656
20	-0.8	0.069767
20	-0.7	0.070452
20	-0.6	0.066071
20	-0.5	0.058434
20	-0.4	0.049208
20	-0.3	0.03859
20	-0.2	0.02641
20	-0.1	0.022755
20	0	0.021472
20	0.1	0.024155
20	0.2	0.026544
20	0.3	0.029853
20	0.4	0.036666
20	0.5	0.043223
20	0.6	0.050026
20	0.7	0.057564
20	0.8	0.062481
20	0.9	0.065773
20	1	0.068541
20	1.1	0.067278
20	1.2	0.065674
20	1.3	0.061304
20	1.4	0.053165
20	1.5	0.04965
20	1.6	0.045216
20	1.7	0.040769
20	1.8	0.038542
20	1.9	0.036716
20	2	0.035804
20	2.1	0.033479
20	2.2	0.031754
20	2.3	0.029481
20	2.4	0.027887
20	2.5	0.026847
20	2.6	0.026282
20	2.7	0.026296
20	2.8	0.025329
20	2.9	0.024258
20	3	0.022996
20	3.1	0.020757
20	3.2	0.018615
20	3.3	0.017061
20	3.4	0.015587
20	3.5	0.014747
20	3.6	0.014317
20	3.7	0.013186
20	3.8	0.012092
20	3.9	0.010609
20	4	0.0097764
30	-4	0.0073865
30	-3.9	0.007568
30	-3.8	0.009295
30	-3.7	0.010728
30	-3.6	0.011885
30	-3.5	0.012027
30	-3.4	0.012553
30	-3.3	0.013615
30	-3.2	0.015745
30	-3.1	0.018607
30	-3	0.020401
30	-2.9	0.02181
30	-2.8	0.022283
30	-2.7	0.022504
30	-2.6	0.023977
30	-2.5	0.026281
30	-2.4	0.030385
30	-2.3	0.032735
30	-2.2	0.034652
30	-2.1	0.034217
30	-2	0.032917
30	-1.9	0.030527
30	-1.8	0.029718
30	-1.7	0.031679
30	-1.6	0.034672
30	-1.5	0.03867
30	-1.4	0.040862
30	-1.3	0.042075
30	-1.2	0.04479
30	-1.1	0.049372
30	-1	0.053768
30	-0.9	0.059091
30	-0.8	0.065237
30	-0.7	0.066067
30	-0.6	0.06446
30	-0.5	0.05895
30	-0.4	0.052623
30	-0.3	0.038174
30	-0.2	0.031766
30	-0.1	0.022966
30	0	0.019688
30	0.1	0.019526
30	0.2	0.022162
30	0.3	0.025249
30	0.4	0.028705
30	0.5	0.034391
30	0.6	0.04299
30	0.7	0.050351
30	0.8	0.059318
30	0.9	0.064495
30	1	0.066831
30	1.1	0.066005
30	1.2	0.063653
30	1.3	0.058173
30	1.4	0.053474
30	1.5	0.050246
30	1.6	0.045064
30	1.7	0.041586
30	1.8	0.03871
30	1.9	0.036815
30	2	0.034099
30	2.1	0.031596
30	2.2	0.030222
30	2.3	0.029414
30	2.4	0.028519
30	2.5	0.027487
30	2.6	0.026312
30	2.7	0.025423
30	2.8	0.023971
30	2.9	0.022244
30	3	0.02109
30	3.1	0.020473
30	3.2	0.019634
30	3.3	0.018221
30	3.4	0.01697
30	3.5	0.015778
30	3.6	0.014623
30	3.7	0.013584
30	3.8	0.012834
30	3.9	0.012346
30	4	0.01202
40	-4	0.0066739
40	-3.9	0.0074388
40	-3.8	0.0081142
40	-3.7	0.0082505
40	-3.6	0.0080823
40	-3.5	0.0078552
40	-3.4	0.0082759
40	-3.3	0.010062
40	-3.2	0.011683
40	-3.1	0.014397
40	-3	0.016569
40	-2.9	0.017933
40	-2.8	0.017668
40	-2.7	0.017172
40	-2.6	0.017992
40	-2.5	0.021583
40	-2.4	0.026498
40	-2.3	0.029492
40	-2.2	0.031859
40	-2.1	0.032372
40	-2	0.031012
40	-1.9	0.029687
40	-1.8	0.0281
40	-1.7	0.02853
40	-1.6	0.03103
40	-1.5	0.034403
40	-1.4	0.037528
40	-1.3	0.040291
40	-1.2	0.04328
40	-1.1	0.046067
40	-1	0.048286
40	-0.9	0.05437
40	-0.8	0.060431
40	-0.7	0.06239
40	-0.6	0.061051
40	-0.5	0.057664
40	-0.4	0.04956
40	-0.3	0.036542
40	-0.2	0.026743
40	-0.1	0.017405
40	0	0.01346
40	0.1	0.014268
40	0.2	0.016712
40	0.3	0.020699
40	0.4	0.024784
40	0.5	0.032538
40	0.6	0.039679
40	0.7	0.04793
40	0.8	0.055711
40	0.9	0.061872
40	1	0.063962
40	1.1	0.065096
40	1.2	0.063296
40	1.3	0.059836
40	1.4	0.055828
40	1.5	0.052628
40	1.6	0.046212
40	1.7	0.042296
40	1.8	0.04007
40	1.9	0.03665
40	2	0.035222
40	2.1	0.03154
40	2.2	0.029498
40	2.3	0.027856
40	2.4	0.02629
40	2.5	0.024761
40	2.6	0.023443
40	2.7	0.022568
40	2.8	0.022322
40	2.9	0.020465
40	3	0.019376
40	3.1	0.017511
40	3.2	0.015982
40	3.3	0.015224
40	3.4	0.013743
40	3.5	0.013541
40	3.6	0.013309
40	3.7	0.012708
40	3.8	0.011419
40	3.9	0.0089874
40	4	0.0086819
50	-4	0.006669
50	-3.9	0.0071689
50	-3.8	0.0091549
50	-3.7	0.010295
50	-3.6	0.010016
50	-3.5	0.0093453
50	-3.4	0.0088223
50	-3.3	0.0094554
50	-3.2	0.011962
50	-3.1	0.014261
50	-3	0.016786
50	-2.9	0.018562
50	-2.8	0.018731
50	-2.7	0.01833
50	-2.6	0.018863
50	-2.5	0.020927
50	-2.4	0.023348
50	-2.3	0.026268
50	-2.2	0.028272
50	-2.1	0.028838
50	-2	0.02849
50	-1.9	0.027778
50	-1.8	0.028262
50	-1.7	0.029839
50	-1.6	0.031758
50	-1.5	0.034504
50	-1.4	0.03612
50	-1.3	0.036531
50	-1.2	0.038026
50	-1.1	0.040799
50	-1	0.04396
50	-0.9	0.05005
50	-0.8	0.055048
50	-0.7	0.057765
50	-0.6	0.057713
50	-0.5	0.054356
50	-0.4	0.046174
50	-0.3	0.034876
50	-0.2	0.027005
50	-0.1	0.016859
50	0	0.011027
50	0.1	0.011371
50	0.2	0.01443
50	0.3	0.01789
50	0.4	0.022182
50	0.5	0.02805
50	0.6	0.034627
50	0.7	0.041929
50	0.8	0.048587
50	0.9	0.054101
50	1	0.056874
50	1.1	0.059473
50	1.2	0.059292
50	1.3	0.057368
50	1.4	0.054352
50	1.5	0.05105
50	1.6	0.044217
50	1.7	0.040459
50	1.8	0.036311
50	1.9	0.033515
50	2	0.032368
50	2.1	0.030937
50	2.2	0.029866
50	2.3	0.029453
50	2.4	0.027614
50	2.5	0.025686
50	2.6	0.023888
50	2.7	0.023127
50	2.8	0.02258
50	2.9	0.022303
50	3	0.021154
50	3.1	0.020367
50	3.2	0.018915
50	3.3	0.017645
50	3.4	0.016372
50	3.5	0.015394
50	3.6	0.015516
50	3.7	0.015274
50	3.8	0.014738
50	3.9	0.012742
50	4	0.011815
60	-4	0.0058754
60	-3.9	0.0081282
60	-3.8	0.009116
60	-3.7	0.0091708
60	-3.6	0.0088003
60	-3.5	0.0080201
60	-3.4	0.007935
60	-3.3	0.0079979
60	-3.2	0.010331
60	-3.1	0.011841
60	-3	0.013134
60	-2.9	0.014247
60	-2.8	0.015368
60	-2.7	0.016556
60	-2.6	0.018696
60	-2.5	0.020846
60	-2.4	0.02339
60	-2.3	0.025329
60	-2.2	0.026286
60	-2.1	0.025959
60	-2	0.025112
60	-1.9	0.025458
60	-1.8	0.02664
60	-1.7	0.029854
60	-1.6	0.031725
60	-1.5	0.032627
60	-1.4	0.03247
60	-1.3	0.031919
60	-1.2	0.032847
60	-1.1	0.0348
60	-1	0.040577
60	-0.9	0.044614
60	-0.8	0.050144
60	-0.7	0.05217
60	-0.6	0.052046
60	-0.5	0.048977
60	-0.4	0.040058
60	-0.3	0.034745
60	-0.2	0.023888
60	-0.1	0.017345
60	0	0.0096583
60	0.1	0.0081817
60	0.2	0.010815
60	0.3	0.01372
60	0.4	0.018206
60	0.5	0.022981
60	0.6	0.029504
60	0.7	0.033933
60	0.8	0.039688
60	0.9	0.045422
60	1	0.051407
60	1.1	0.054009
60	1.2	0.057251
60	1.3	0.057148
60	1.4	0.054871
60	1.5	0.050882
60	1.6	0.04572
60	1.7	0.039245
60	1.8	0.034989
60	1.9	0.03348
60	2	0.033975
60	2.1	0.034328
60	2.2	0.033829
60	2.3	0.03154
60	2.4	0.02907
60	2.5	0.024594
60	2.6	0.0217
60	2.7	0.021557
60	2.8	0.022569
60	2.9	0.022991
60	3	0.022253
60	3.1	0.01981
60	3.2	0.017006
60	3.3	0.014066
60	3.4	0.013086
60	3.5	0.012621
60	3.6	0.01393
60	3.7	0.014808
60	3.8	0.013235
60	3.9	0.011593
60	4	0.0091443
70	-4	0.0052106
70	-3.9	0.0076403
70	-3.8	0.0088168
70	-3.7	0.010561
70	-3.6	0.01021
70	-3.5	0.00944
70	-3.4	0.0083692
70	-3.3	0.0083401
70	-3.2	0.0097416
70	-3.1	0.0119
70	-3	0.013314
70	-2.9	0.013857
70	-2.8	0.0142
70	-2.7	0.013799
70	-2.6	0.014514
70	-2.5	0.016984
70	-2.4	0.019011
70	-2.3	0.021519
70	-2.2	0.023704
70	-2.1	0.024704
70	-2	0.024106
70	-1.9	0.022713
70	-1.8	0.022395
70	-1.7	0.022601
70	-1.6	0.024373
70	-1.5	0.026001
70	-1.4	0.02827
70	-1.3	0.028315
70	-1.2	0.028513
70	-1.1	0.030756
70	-1	0.033219
70	-0.9	0.039079
70	-0.8	0.046203
70	-0.7	0.049513
70	-0.6	0.050745
70	-0.5	0.049488
70	-0.4	0.044481
70	-0.3	0.03793
70	-0.2	0.028397
70	-0.1	0.019132
70	0	0.012455
70	0.1	0.0068223
70	0.2	0.0091743
70	0.3	0.011705
70	0.4	0.014565
70	0.5	0.017268
70	0.6	0.023038
70	0.7	0.03089
70	0.8	0.036117
70	0.9	0.044067
70	1	0.049498
70	1.1	0.053265
70	1.2	0.055222
70	1.3	0.053853
70	1.4	0.051427
70	1.5	0.047991
70	1.6	0.043664
70	1.7	0.039131
70	1.8	0.036035
70	1.9	0.033357
70	2	0.03186
70	2.1	0.029681
70	2.2	0.027131
70	2.3	0.025655
70	2.4	0.024586
70	2.5	0.023162
70	2.6	0.021959
70	2.7	0.020939
70	2.8	0.020818
70	2.9	0.019874
70	3	0.01866
70	3.1	0.01657
70	3.2	0.014825
70	3.3	0.01348
70	3.4	0.011943
70	3.5	0.011413
70	3.6	0.011363
70	3.7	0.011693
70	3.8	0.011416
70	3.9	0.010832
70	4	0.010961
80	-4	0.0047225
80	-3.9	0.0059492
80	-3.8	0.0072138
80	-3.7	0.008225
80	-3.6	0.0078716
80	-3.5	0.0072205
80	-3.4	0.0057051
80	-3.3	0.0058782
80	-3.2	0.0077537
80	-3.1	0.0098538
80	-3	0.012131
80	-2.9	0.012595
80	-2.8	0.012198
80	-2.7	0.010742
80	-2.6	0.010232
80	-2.5	0.011705
80	-2.4	0.015448
80	-2.3	0.020168
80	-2.2	0.022325
80	-2.1	0.023178
80	-2	0.022603
80	-1.9	0.021798
80	-1.8	0.022736
80	-1.7	0.024659
80	-1.6	0.027864
80	-1.5	0.029945
80	-1.4	0.029865
80	-1.3	0.028084
80	-1.2	0.026293
80	-1.1	0.027543
80	-1	0.030776
80	-0.9	0.036164
80	-0.8	0.042765
80	-0.7	0.047394
80	-0.6	0.048613
80	-0.5	0.047533
80	-0.4	0.042772
80	-0.3	0.035525
80	-0.2	0.02749
80	-0.1	0.018112
80	0	0.010627
80	0.1	0.006559
80	0.2	0.0089532
80	0.3	0.011909
80	0.4	0.014029
80	0.5	0.017732
80	0.6	0.020796
80	0.7	0.027477
80	0.8	0.032833
80	0.9	0.040061
80	1	0.043575
80	1.1	0.047779
80	1.2	0.05066
80	1.3	0.050922
80	1.4	0.049221
80	1.5	0.047283
80	1.6	0.042984
80	1.7	0.038818
80	1.8	0.034264
80	1.9	0.031671
80	2	0.030697
80	2.1	0.030258
80	2.2	0.028997
80	2.3	0.027782
80	2.4	0.026987
80	2.5	0.025064
80	2.6	0.021882
80	2.7	0.019279
80	2.8	0.018563
80	2.9	0.018331
80	3	0.017878
80	3.1	0.016777
80	3.2	0.015704
80	3.3	0.013909
80	3.4	0.012715
80	3.5	0.012564
80	3.6	0.01243
80	3.7	0.012648
80	3.8	0.013383
80	3.9	0.013309
80	4	0.012043
90	-4	0.0065492
90	-3.9	0.0057643
90	-3.8	0.0058478
90	-3.7	0.0060248
90	-3.6	0.0062512
90	-3.5	0.0066569
90	-3.4	0.0067748
90	-3.3	0.0067509
90	-3.2	0.0075317
90	-3.1	0.0077098
90	-3	0.0085695
90	-2.9	0.009328
90	-2.8	0.009675
90	-2.7	0.0095523
90	-2.6	0.010039
90	-2.5	0.011516
90	-2.4	0.013264
90	-2.3	0.015466
90	-2.2	0.017466
90	-2.1	0.01856
90	-2	0.019582
90	-1.9	0.020305
90	-1.8	0.021758
90	-1.7	0.023827
90	-1.6	0.025851
90	-1.5	0.027768
90	-1.4	0.027786
90	-1.3	0.026716
90	-1.2	0.024834
90	-1.1	0.023577
90	-1	0.024961
90	-0.9	0.028222
90	-0.8	0.035879
90	-0.7	0.04054
90	-0.6	0.044713
90	-0.5	0.045364
90	-0.4	0.042339
90	-0.3	0.038352
90	-0.2	0.028497
90	-0.1	0.021542
90	0	0.014741
90	0.1	0.010445
90	0.2	0.0075252
90	0.3	0.0079207
90	0.4	0.010274
90	0.5	0.013603
90	0.6	0.019556
90	0.7	0.025313
90	0.8	0.031899
90	0.9	0.036267
90	1	0.04238
90	1.1	0.044605
90	1.2	0.047685
90	1.3	0.047826
90	1.4	0.046722
90	1.5	0.045228
90	1.6	0.043871
90	1.7	0.040428
90	1.8	0.036921
90	1.9	0.034993
90	2	0.032896
90	2.1	0.031799
90	2.2	0.031264
90	2.3	0.029039
90	2.4	0.028046
90	2.5	0.026714
90	2.6	0.023537
90	2.7	0.021107
90	2.8	0.017809
90	2.9	0.017289
90	3	0.016544
90	3.1	0.015598
90	3.2	0.01407
90	3.3	0.012967
90	3.4	0.011372
90	3.5	0.010973
90	3.6	0.009963
90	3.7	0.0094451
90	3.8	0.0098094
90	3.9	0.0098488
90	4	0.0090964
100	-4	0.0066593
100	-3.9	0.0066811
100	-3.8	0.0071531
100	-3.7	0.0076276
100	-3.6	0.0077265
100	-3.5	0.0073117
100	-3.4	0.00677
100	-3.3	0.0065195
100	-3.2	0.0064472
100	-3.1	0.0082368
100	-3	0.0094417
100	-2.9	0.010928
100	-2.8	0.010878
100	-2.7	0.0096666
100	-2.6	0.0085695
100	-2.5	0.0084918
100	-2.4	0.010683
100	-2.3	0.013736
100	-2.2	0.017312
100	-2.1	0.021486
100	-2	0.022986
100	-1.9	0.024543
100	-1.8	0.025344
100	-1.7	0.025954
100	-1.6	0.027056
100	-1.5	0.028252
100	-1.4	0.028536
100	-1.3	0.028141
100	-1.2	0.027105
100	-1.1	0.025241
100	-1	0.024513
100	-0.9	0.025938
100	-0.8	0.03117
100	-0.7	0.0358
100	-0.6	0.040093
100	-0.5	0.043704
100	-0.4	0.043858
100	-0.3	0.042829
100	-0.2	0.036467
100	-0.1	0.029105
100	0	0.024194
100	0.1	0.019325
100	0.2	0.013912
100	0.3	0.010184
100	0.4	0.0085412
100	0.5	0.0082642
100	0.6	0.012559
100	0.7	0.019392
100	0.8	0.025353
100	0.9	0.033499
100	1	0.039102
100	1.1	0.043146
100	1.2	0.045269
100	1.3	0.045022
100	1.4	0.043296
100	1.5	0.041388
100	1.6	0.040578
100	1.7	0.038384
100	1.8	0.037617
100	1.9	0.036928
100	2	0.036344
100	2.1	0.035411
100	2.2	0.033626
100	2.3	0.031688
100	2.4	0.029913
100	2.5	0.026811
100	2.6	0.023774
100	2.7	0.020561
100	2.8	0.018551
100	2.9	0.016319
100	3	0.014124
100	3.1	0.012217
100	3.2	0.011151
100	3.3	0.0099289
100	3.4	0.0091319
100	3.5	0.009234
100	3.6	0.0090036
100	3.7	0.0091213
100	3.8	0.0087265
100	3.9	0.0086502
100	4	0.0079187
110	-4	0.0062512
110	-3.9	0.0066617
110	-3.8	0.0068247
110	-3.7	0.0073338
110	-3.6	0.0085525
110	-3.5	0.0090537
110	-3.4	0.0088479
110	-3.3	0.0088076
110	-3.2	0.0085506
110	-3.1	0.0088843
110	-3	0.0095557
110	-2.9	0.0094502
110	-2.8	0.0093228
110	-2.7	0.008507
110	-2.6	0.0075915
110	-2.5	0.0067221
110	-2.4	0.0088934
110	-2.3	0.012924
110	-2.2	0.015696
110	-2.1	0.01954
110	-2	0.021169
110	-1.9	0.022969
110	-1.8	0.024534
110	-1.7	0.026012
110	-1.6	0.027963
110	-1.5	0.030463
110	-1.4	0.031243
110	-1.3	0.030787
110	-1.2	0.028564
110	-1.1	0.025022
110	-1	0.022819
110	-0.9	0.022157
110	-0.8	0.024764
110	-0.7	0.033355
110	-0.6	0.038918
110	-0.5	0.043159
110	-0.4	0.045488
110	-0.3	0.043535
110	-0.2	0.039458
110	-0.1	0.035408
110	0	0.026232
110	0.1	0.02054
110	0.2	0.016462
110	0.3	0.012852
110	0.4	0.01092
110	0.5	0.010273
110	0.6	0.0124
110	0.7	0.017305
110	0.8	0.025515
110	0.9	0.03009
110	1	0.037393
110	1.1	0.040071
110	1.2	0.042053
110	1.3	0.041851
110	1.4	0.039974
110	1.5	0.038414
110	1.6	0.036713
110	1.7	0.035306
110	1.8	0.034657
110	1.9	0.034059
110	2	0.034029
110	2.1	0.033142
110	2.2	0.032501
110	2.3	0.030912
110	2.4	0.028721
110	2.5	0.027085
110	2.6	0.024947
110	2.7	0.021641
110	2.8	0.018792
110	2.9	0.016037
110	3	0.015108
110	3.1	0.011953
110	3.2	0.010995
110	3.3	0.010221
110	3.4	0.010856
110	3.5	0.010595
110	3.6	0.010642
110	3.7	0.0095269
110	3.8	0.009116
110	3.9	0.008955
110	4	0.0088643
120	-4	0.0062899
120	-3.9	0.0057249
120	-3.8	0.0061889
120	-3.7	0.0070941
120	-3.6	0.0095506
120	-3.5	0.010987
120	-3.4	0.011281
120	-3.3	0.010647
120	-3.2	0.0092024
120	-3.1	0.0086931
120	-3	0.0090161
120	-2.9	0.0093953
120	-2.8	0.0098996
120	-2.7	0.0091319
120	-2.6	0.0086689
120	-2.5	0.0080019
120	-2.4	0.0088807
120	-2.3	0.012031
120	-2.2	0.015765
120	-2.1	0.018171
120	-2	0.021187
120	-1.9	0.023126
120	-1.8	0.02575
120	-1.7	0.028446
120	-1.6	0.031807
120	-1.5	0.035239
120	-1.4	0.035976
120	-1.3	0.035194
120	-1.2	0.030129
120	-1.1	0.024602
120	-1	0.019057
120	-0.9	0.019255
120	-0.8	0.022804
120	-0.7	0.032375
120	-0.6	0.040384
120	-0.5	0.044095
120	-0.4	0.046766
120	-0.3	0.045974
120	-0.2	0.043049
120	-0.1	0.037439
120	0	0.032068
120	0.1	0.026525
120	0.2	0.021088
120	0.3	0.017258
120	0.4	0.015217
120	0.5	0.014217
120	0.6	0.015986
120	0.7	0.020162
120	0.8	0.023911
120	0.9	0.029772
120	1	0.034578
120	1.1	0.037571
120	1.2	0.038599
120	1.3	0.03844
120	1.4	0.036967
120	1.5	0.034391
120	1.6	0.032351
120	1.7	0.031681
120	1.8	0.030588
120	1.9	0.031028
120	2	0.031614
120	2.1	0.033492
120	2.2	0.033794
120	2.3	0.032883
120	2.4	0.03106
120	2.5	0.02881
120	2.6	0.025323
120	2.7	0.023405
120	2.8	0.019139
120	2.9	0.017346
120	3	0.01571
120	3.1	0.013013
120	3.2	0.010309
120	3.3	0.0089856
120	3.4	0.0081955
120	3.5	0.008227
120	3.6	0.0083168
120	3.7	0.0083091
120	3.8	0.0084556
120	3.9	0.0090144
120	4	0.0089658
130	-4	0.0070001
130	-3.9	0.0076741
130	-3.8	0.0089261
130	-3.7	0.010662
130	-3.6	0.012055
130	-3.5	0.012598
130	-3.4	0.012224
130	-3.3	0.010933
130	-3.2	0.0098077
130	-3.1	0.0094673
130	-3	0.0093953
130	-2.9	0.0096917
130	-2.8	0.0094365
130	-2.7	0.00801
130	-2.6	0.0069862
130	-2.5	0.0075317
130	-2.4	0.010273
130	-2.3	0.013688
130	-2.2	0.016443
130	-2.1	0.018495
130	-2	0.019504
130	-1.9	0.020671
130	-1.8	0.023262
130	-1.7	0.027439
130	-1.6	0.034088
130	-1.5	0.037212
130	-1.4	0.039529
130	-1.3	0.038256
130	-1.2	0.034527
130	-1.1	0.024194
130	-1	0.020238
130	-0.9	0.016526
130	-0.8	0.021889
130	-0.7	0.029446
130	-0.6	0.040585
130	-0.5	0.047571
130	-0.4	0.049383
130	-0.3	0.049586
130	-0.2	0.046651
130	-0.1	0.042816
130	0	0.034779
130	0.1	0.030441
130	0.2	0.02587
130	0.3	0.022505
130	0.4	0.020999
130	0.5	0.020103
130	0.6	0.020511
130	0.7	0.022882
130	0.8	0.026896
130	0.9	0.031508
130	1	0.033548
130	1.1	0.035201
130	1.2	0.034779
130	1.3	0.032342
130	1.4	0.029872
130	1.5	0.02734
130	1.6	0.027001
130	1.7	0.027374
130	1.8	0.028535
130	1.9	0.030649
130	2	0.032579
130	2.1	0.034098
130	2.2	0.033395
130	2.3	0.032639
130	2.4	0.031969
130	2.5	0.029608
130	2.6	0.02732
130	2.7	0.023998
130	2.8	0.021367
130	2.9	0.019236
130	3	0.016288
130	3.1	0.014364
130	3.2	0.012795
130	3.3	0.011212
130	3.4	0.010211
130	3.5	0.0095709
130	3.6	0.0092829
130	3.7	0.0094656
130	3.8	0.0099273
130	3.9	0.010921
130	4	0.011043
140	-4	0.0071756
140	-3.9	0.0063792
140	-3.8	0.0078346
140	-3.7	0.0099776
140	-3.6	0.012729
140	-3.5	0.014122
140	-3.4	0.013466
140	-3.3	0.012204
140	-3.2	0.010621
140	-3.1	0.010076
140	-3	0.01176
140	-2.9	0.012907
140	-2.8	0.013739
140	-2.7	0.011978
140	-2.6	0.010042
140	-2.5	0.0068294
140	-2.4	0.0067557
140	-2.3	0.011433
140	-2.2	0.016274
140	-2.1	0.020349
140	-2	0.022794
140	-1.9	0.024302
140	-1.8	0.026586
140	-1.7	0.029664
140	-1.6	0.034509
140	-1.5	0.037197
140	-1.4	0.040366
140	-1.3	0.040397
140	-1.2	0.036005
140	-1.1	0.029223
140	-1	0.023166
140	-0.9	0.014909
140	-0.8	0.017466
140	-0.7	0.028316
140	-0.6	0.036117
140	-0.5	0.043442
140	-0.4	0.048188
140	-0.3	0.050188
140	-0.2	0.048959
140	-0.1	0.046598
140	0	0.041898
140	0.1	0.03896
140	0.2	0.034097
140	0.3	0.030572
140	0.4	0.028369
140	0.5	0.0261
140	0.6	0.024891
140	0.7	0.026027
140	0.8	0.029502
140	0.9	0.030413
140	1	0.032242
140	1.1	0.032696
140	1.2	0.032691
140	1.3	0.031293
140	1.4	0.027637
140	1.5	0.026708
140	1.6	0.025924
140	1.7	0.026158
140	1.8	0.026811
140	1.9	0.028314
140	2	0.031423
140	2.1	0.032671
140	2.2	0.033499
140	2.3	0.03352
140	2.4	0.032571
140	2.5	0.030777
140	2.6	0.027187
140	2.7	0.022566
140	2.8	0.019015
140	2.9	0.016582
140	3	0.014303
140	3.1	0.01253
140	3.2	0.010548
140	3.3	0.0086409
140	3.4	0.0067652
140	3.5	0.006412
140	3.6	0.0070277
140	3.7	0.0088643
140	3.8	0.0095354
140	3.9	0.010847
140	4	0.010141
150	-4	0.0090501
150	-3.9	0.0099484
150	-3.8	0.012936
150	-3.7	0.014649
150	-3.6	0.015061
150	-3.5	0.01454
150	-3.4	0.012659
150	-3.3	0.011465
150	-3.2	0.011341
150	-3.1	0.012596
150	-3	0.014926
150	-2.9	0.015693
150	-2.8	0.015354
150	-2.7	0.012551
150	-2.6	0.008272
150	-2.5	0.0063538
150	-2.4	0.0084994
150	-2.3	0.01428
150	-2.2	0.018496
150	-2.1	0.020603
150	-2	0.02204
150	-1.9	0.022564
150	-1.8	0.025188
150	-1.7	0.03152
150	-1.6	0.036616
150	-1.5	0.040344
150	-1.4	0.043089
150	-1.3	0.042844
150	-1.2	0.039315
150	-1.1	0.031165
150	-1	0.02029
150	-0.9	0.011636
150	-0.8	0.012978
150	-0.7	0.023066
150	-0.6	0.034183
150	-0.5	0.042937
150	-0.4	0.048046
150	-0.3	0.051094
150	-0.2	0.049818
150	-0.1	0.04756
150	0	0.043694
150	0.1	0.039427
150	0.2	0.036416
150	0.3	0.033965
150	0.4	0.03202
150	0.5	0.030465
150	0.6	0.029745
150	0.7	0.0299
150	0.8	0.030962
150	0.9	0.031991
150	1	0.031938
150	1.1	0.031296
150	1.2	0.030166
150	1.3	0.027449
150	1.4	0.023852
150	1.5	0.022319
150	1.6	0.022638
150	1.7	0.024788
150	1.8	0.02651
150	1.9	0.029123
150	2	0.031486
150	2.1	0.032958
150	2.2	0.033298
150	2.3	0.032535
150	2.4	0.031936
150	2.5	0.029528
150	2.6	0.028084
150	2.7	0.024482
150	2.8	0.021817
150	2.9	0.018165
150	3	0.013714
150	3.1	0.011639
150	3.2	0.010888
150	3.3	0.0093643
150	3.4	0.0091053
150	3.5	0.0096046
150	3.6	0.0095048
150	3.7	0.0092497
150	3.8	0.0093799
150	3.9	0.01002
150	4	0.010577
160	-4	0.010437
160	-3.9	0.010202
160	-3.8	0.011215
160	-3.7	0.013648
160	-3.6	0.015426
160	-3.5	0.016202
160	-3.4	0.015678
160	-3.3	0.014234
160	-3.2	0.01176
160	-3.1	0.01147
160	-3	0.012223
160	-2.9	0.013538
160	-2.8	0.013832
160	-2.7	0.012928
160	-2.6	0.0097416
160	-2.5	0.0077056
160	-2.4	0.007454
160	-2.3	0.010353
160	-2.2	0.016007
160	-2.1	0.020811
160	-2	0.024588
160	-1.9	0.027405
160	-1.8	0.029792
160	-1.7	0.033119
160	-1.6	0.035982
160	-1.5	0.038833
160	-1.4	0.040433
160	-1.3	0.039953
160	-1.2	0.035716
160	-1.1	0.025558
160	-1	0.016339
160	-0.9	0.0095404
160	-0.8	0.015079
160	-0.7	0.02517
160	-0.6	0.032948
160	-0.5	0.044727
160	-0.4	0.049191
160	-0.3	0.051031
160	-0.2	0.051006
160	-0.1	0.050303
160	0	0.047921
160	0.1	0.045982
160	0.2	0.043179
160	0.3	0.040293
160	0.4	0.037532
160	0.5	0.034237
160	0.6	0.032697
160	0.7	0.030174
160	0.8	0.029743
160	0.9	0.029682
160	1	0.029218
160	1.1	0.02862
160	1.2	0.027008
160	1.3	0.025317
160	1.4	0.021872
160	1.5	0.02131
160	1.6	0.022289
160	1.7	0.024394
160	1.8	0.026691
160	1.9	0.03015
160	2	0.033731
160	2.1	0.034845
160	2.2	0.034532
160	2.3	0.033866
160	2.4	0.032403
160	2.5	0.029437
160	2.6	0.025681
160	2.7	0.0218
160	2.8	0.019328
160	2.9	0.016432
160	3	0.012048
160	3.1	0.0088186
160	3.2	0.008154
160	3.3	0.0067485
160	3.4	0.0061967
160	3.5	0.0073382
160	3.6	0.0077807
160	3.7	0.0083285
160	3.8	0.009428
160	3.9	0.0098373
160	4	0.010041
170	-4	0.0086763
170	-3.9	0.0084842
170	-3.8	0.0099175
170	-3.7	0.011604
170	-3.6	0.013607
170	-3.5	0.013975
170	-3.4	0.013288
170	-3.3	0.012051
170	-3.2	0.010694
170	-3.1	0.010897
170	-3	0.011341
170	-2.9	0.012837
170	-2.8	0.012682
170	-2.7	0.011362
170	-2.6	0.0086147
170	-2.5	0.0065861
170	-2.4	0.0077495
170	-2.3	0.01143
170	-2.2	0.016423
170	-2.1	0.020245
170	-2	0.022099
170	-1.9	0.023778
170	-1.8	0.026084
170	-1.7	0.030326
170	-1.6	0.035852
170	-1.5	0.040113
170	-1.4	0.043085
170	-1.3	0.042544
170	-1.2	0.038668
170	-1.1	0.026097
170	-1	0.01708
170	-0.9	0.010138
170	-0.8	0.017194
170	-0.7	0.026175
170	-0.6	0.037335
170	-0.5	0.048628
170	-0.4	0.05223
170	-0.3	0.052086
170	-0.2	0.050196
170	-0.1	0.047877
170	0	0.044378
170	0.1	0.041406
170	0.2	0.03661
170	0.3	0.035543
170	0.4	0.034063
170	0.5	0.032356
170	0.6	0.030487
170	0.7	0.030821
170	0.8	0.031278
170	0.9	0.031426
170	1	0.031306
170	1.1	0.030524
170	1.2	0.027401
170	1.3	0.024238
170	1.4	0.021835
170	1.5	0.020355
170	1.6	0.020699
170	1.7	0.021487
170	1.8	0.023659
170	1.9	0.026623
170	2	0.028982
170	2.1	0.03016
170	2.2	0.030355
170	2.3	0.029857
170	2.4	0.028281
170	2.5	0.024328
170	2.6	0.021049
170	2.7	0.018798
170	2.8	0.014017
170	2.9	0.012399
170	3	0.0096332
170	3.1	0.0086726
170	3.2	0.0076297
170	3.3	0.0067748
170	3.4	0.0064972
170	3.5	0.0071644
170	3.6	0.0078469
170	3.7	0.0085921
170	3.8	0.0094724
170	3.9	0.00972
170	4	0.0086745
180	-4	0.0076909
180	-3.9	0.0086109
180	-3.8	0.010781
180	-3.7	0.012563
180	-3.6	0.013424
180	-3.5	0.013906
180	-3.4	0.013397
180	-3.3	0.012784
180	-3.2	0.012379
180	-3.1	0.013167
180	-3	0.013544
180	-2.9	0.013667
180	-2.8	0.012435
180	-2.7	0.010353
180	-2.6	0.0070415
180	-2.5	0.0064271
180	-2.4	0.010254
180	-2.3	0.013575
180	-2.2	0.017188
180	-2.1	0.020717
180	-2	0.022806
180	-1.9	0.024545
180	-1.8	0.028827
180	-1.7	0.031462
180	-1.6	0.035617
180	-1.5	0.039011
180	-1.4	0.039579
180	-1.3	0.034327
180	-1.2	0.028266
180	-1.1	0.018635
180	-1	0.010502
180	-0.9	0.011319
180	-0.8	0.021344
180	-0.7	0.03059
180	-0.6	0.037118
180	-0.5	0.044913
180	-0.4	0.046946
180	-0.3	0.046529
180	-0.2	0.045191
180	-0.1	0.042391
180	0	0.039669
180	0.1	0.037199
180	0.2	0.03633
180	0.3	0.035505
180	0.4	0.034614
180	0.5	0.033149
180	0.6	0.031812
180	0.7	0.03123
180	0.8	0.029886
180	0.9	0.028331
180	1	0.027488
180	1.1	0.025477
180	1.2	0.024031
180	1.3	0.020983
180	1.4	0.01801
180	1.5	0.016962
180	1.6	0.017073
180	1.7	0.018964
180	1.8	0.021767
180	1.9	0.025035
180	2	0.028601
180	2.1	0.029973
180	2.2	0.030654
180	2.3	0.029882
180	2.4	0.028345
180	2.5	0.024634
180	2.6	0.021036
180	2.7	0.017791
180	2.8	0.015677
180	2.9	0.01362
180	3	0.011398
180	3.1	0.0090876
180	3.2	0.0068413
180	3.3	0.0065836
180	3.4	0.0061232
180	3.5	0.0082779
180	3.6	0.0094622
180	3.7	0.010495
180	3.8	0.011163
180	3.9	0.010931
180	4	0.0092042
 
Uniformity Ratio =0.36198
