12-Dec-2017
13:27
TXR  007947 RM428 R24
33511B Function Generator
SN =Agilent Technologies,33511B,MY52301476,3.05-1.19-2.00-52-00
freq =+9.240000000000000E+06
burstmode =TRIG
burstN =+6.000000000000000E+01
voltage =+1.5000000000000E-01
 
DSO-X 2022A Oscilloscope
SN =AGILENT TECHNOLOGIES,DSO-X 2022A,MY54310921,02.41.2015102200
probe =+1.0000000E+00
scale =+500.0E-09
position =+19.900000E-06
range =+1.60E+00
units =VOLT
points =+2000
pointmode =NORM
format =BYTE
acqtype =NORM
trigsource =EXT
coupling =AC
 
-180	-4	0.010103
-180	-3.9	0.010878
-180	-3.8	0.011791
-180	-3.7	0.013863
-180	-3.6	0.01497
-180	-3.5	0.016008
-180	-3.4	0.015347
-180	-3.3	0.013454
-180	-3.2	0.012118
-180	-3.1	0.011799
-180	-3	0.012844
-180	-2.9	0.012988
-180	-2.8	0.011848
-180	-2.7	0.0089712
-180	-2.6	0.0081083
-180	-2.5	0.011223
-180	-2.4	0.016859
-180	-2.3	0.022796
-180	-2.2	0.028553
-180	-2.1	0.030121
-180	-2	0.03178
-180	-1.9	0.036191
-180	-1.8	0.037969
-180	-1.7	0.042207
-180	-1.6	0.046074
-180	-1.5	0.047009
-180	-1.4	0.045243
-180	-1.3	0.039393
-180	-1.2	0.032041
-180	-1.1	0.024191
-180	-1	0.021537
-180	-0.9	0.031811
-180	-0.8	0.040251
-180	-0.7	0.049689
-180	-0.6	0.057443
-180	-0.5	0.058622
-180	-0.4	0.054735
-180	-0.3	0.051687
-180	-0.2	0.042295
-180	-0.1	0.030588
-180	0	0.025196
-180	0.1	0.020447
-180	0.2	0.018251
-180	0.3	0.016988
-180	0.4	0.016362
-180	0.5	0.017745
-180	0.6	0.023814
-180	0.7	0.029042
-180	0.8	0.034221
-180	0.9	0.038932
-180	1	0.04348
-180	1.1	0.04499
-180	1.2	0.043338
-180	1.3	0.041889
-180	1.4	0.038771
-180	1.5	0.034405
-180	1.6	0.031655
-180	1.7	0.029022
-180	1.8	0.028528
-180	1.9	0.02897
-180	2	0.029827
-180	2.1	0.030816
-180	2.2	0.031477
-180	2.3	0.030555
-180	2.4	0.028028
-180	2.5	0.024685
-180	2.6	0.020752
-180	2.7	0.017415
-180	2.8	0.016067
-180	2.9	0.014086
-180	3	0.013763
-180	3.1	0.013065
-180	3.2	0.011446
-180	3.3	0.0090358
-180	3.4	0.0070552
-180	3.5	0.0068977
-180	3.6	0.0076741
-180	3.7	0.0091036
-180	3.8	0.010466
-180	3.9	0.0097731
-180	4	0.0096264
-170	-4	0.010161
-170	-3.9	0.010292
-170	-3.8	0.011288
-170	-3.7	0.012648
-170	-3.6	0.013319
-170	-3.5	0.013542
-170	-3.4	0.011879
-170	-3.3	0.011311
-170	-3.2	0.010256
-170	-3.1	0.010309
-170	-3	0.010877
-170	-2.9	0.011049
-170	-2.8	0.010095
-170	-2.7	0.0094057
-170	-2.6	0.0087228
-170	-2.5	0.011245
-170	-2.4	0.015991
-170	-2.3	0.022286
-170	-2.2	0.027178
-170	-2.1	0.02996
-170	-2	0.033089
-170	-1.9	0.037365
-170	-1.8	0.040438
-170	-1.7	0.042246
-170	-1.6	0.044953
-170	-1.5	0.044555
-170	-1.4	0.042448
-170	-1.3	0.035729
-170	-1.2	0.027811
-170	-1.1	0.022482
-170	-1	0.026335
-170	-0.9	0.033174
-170	-0.8	0.042321
-170	-0.7	0.050114
-170	-0.6	0.056753
-170	-0.5	0.056742
-170	-0.4	0.053675
-170	-0.3	0.045276
-170	-0.2	0.039232
-170	-0.1	0.028578
-170	0	0.022441
-170	0.1	0.019388
-170	0.2	0.017069
-170	0.3	0.016208
-170	0.4	0.015039
-170	0.5	0.017995
-170	0.6	0.022413
-170	0.7	0.027856
-170	0.8	0.03401
-170	0.9	0.039799
-170	1	0.043274
-170	1.1	0.043889
-170	1.2	0.043072
-170	1.3	0.040617
-170	1.4	0.038845
-170	1.5	0.033671
-170	1.6	0.03098
-170	1.7	0.02768
-170	1.8	0.02754
-170	1.9	0.027778
-170	2	0.028132
-170	2.1	0.028769
-170	2.2	0.029975
-170	2.3	0.029815
-170	2.4	0.027947
-170	2.5	0.025346
-170	2.6	0.022179
-170	2.7	0.021046
-170	2.8	0.018235
-170	2.9	0.016123
-170	3	0.013928
-170	3.1	0.012023
-170	3.2	0.011351
-170	3.3	0.009675
-170	3.4	0.0092217
-170	3.5	0.010081
-170	3.6	0.01104
-170	3.7	0.010719
-170	3.8	0.009857
-170	3.9	0.0098406
-170	4	0.0099224
-160	-4	0.0099517
-160	-3.9	0.0098225
-160	-3.8	0.011034
-160	-3.7	0.01206
-160	-3.6	0.013433
-160	-3.5	0.013449
-160	-3.4	0.012055
-160	-3.3	0.010417
-160	-3.2	0.0088789
-160	-3.1	0.0093419
-160	-3	0.010833
-160	-2.9	0.012016
-160	-2.8	0.011388
-160	-2.7	0.0080201
-160	-2.6	0.0069351
-160	-2.5	0.011923
-160	-2.4	0.017803
-160	-2.3	0.025464
-160	-2.2	0.029839
-160	-2.1	0.033311
-160	-2	0.035944
-160	-1.9	0.036604
-160	-1.8	0.037244
-160	-1.7	0.039731
-160	-1.6	0.041307
-160	-1.5	0.042136
-160	-1.4	0.039832
-160	-1.3	0.037209
-160	-1.2	0.029791
-160	-1.1	0.022768
-160	-1	0.023636
-160	-0.9	0.034263
-160	-0.8	0.041924
-160	-0.7	0.052134
-160	-0.6	0.058981
-160	-0.5	0.058984
-160	-0.4	0.055722
-160	-0.3	0.046205
-160	-0.2	0.041512
-160	-0.1	0.029925
-160	0	0.023594
-160	0.1	0.019629
-160	0.2	0.018322
-160	0.3	0.016297
-160	0.4	0.015311
-160	0.5	0.020266
-160	0.6	0.025377
-160	0.7	0.034391
-160	0.8	0.039396
-160	0.9	0.045839
-160	1	0.04799
-160	1.1	0.047327
-160	1.2	0.043634
-160	1.3	0.040252
-160	1.4	0.03684
-160	1.5	0.032591
-160	1.6	0.030007
-160	1.7	0.029196
-160	1.8	0.028681
-160	1.9	0.028742
-160	2	0.028837
-160	2.1	0.028251
-160	2.2	0.027865
-160	2.3	0.027113
-160	2.4	0.024699
-160	2.5	0.02324
-160	2.6	0.020935
-160	2.7	0.019286
-160	2.8	0.015996
-160	2.9	0.012969
-160	3	0.011348
-160	3.1	0.0097879
-160	3.2	0.008313
-160	3.3	0.0083865
-160	3.4	0.0094365
-160	3.5	0.010805
-160	3.6	0.011291
-160	3.7	0.010016
-160	3.8	0.00878
-160	3.9	0.0074994
-160	4	0.0078325
-150	-4	0.0094758
-150	-3.9	0.010824
-150	-3.8	0.011774
-150	-3.7	0.013583
-150	-3.6	0.013573
-150	-3.5	0.012075
-150	-3.4	0.010087
-150	-3.3	0.0090341
-150	-3.2	0.0082662
-150	-3.1	0.0089694
-150	-3	0.010946
-150	-2.9	0.010078
-150	-2.8	0.0079959
-150	-2.7	0.0079797
-150	-2.6	0.0080683
-150	-2.5	0.012989
-150	-2.4	0.020076
-150	-2.3	0.024842
-150	-2.2	0.02906
-150	-2.1	0.031256
-150	-2	0.032675
-150	-1.9	0.035155
-150	-1.8	0.036338
-150	-1.7	0.038609
-150	-1.6	0.040503
-150	-1.5	0.040371
-150	-1.4	0.038116
-150	-1.3	0.034267
-150	-1.2	0.026679
-150	-1.1	0.020747
-150	-1	0.023487
-150	-0.9	0.03779
-150	-0.8	0.045907
-150	-0.7	0.054123
-150	-0.6	0.059839
-150	-0.5	0.059566
-150	-0.4	0.052187
-150	-0.3	0.046156
-150	-0.2	0.040289
-150	-0.1	0.027134
-150	0	0.021858
-150	0.1	0.017491
-150	0.2	0.015495
-150	0.3	0.014412
-150	0.4	0.015389
-150	0.5	0.020052
-150	0.6	0.027516
-150	0.7	0.034702
-150	0.8	0.040762
-150	0.9	0.045361
-150	1	0.047038
-150	1.1	0.045721
-150	1.2	0.042888
-150	1.3	0.038179
-150	1.4	0.03714
-150	1.5	0.032665
-150	1.6	0.030908
-150	1.7	0.030827
-150	1.8	0.03121
-150	1.9	0.031197
-150	2	0.030633
-150	2.1	0.030232
-150	2.2	0.029503
-150	2.3	0.028555
-150	2.4	0.026819
-150	2.5	0.025339
-150	2.6	0.023693
-150	2.7	0.021266
-150	2.8	0.018557
-150	2.9	0.015063
-150	3	0.011573
-150	3.1	0.0105
-150	3.2	0.0094536
-150	3.3	0.0096365
-150	3.4	0.0098636
-150	3.5	0.0096046
-150	3.6	0.0093003
-150	3.7	0.008955
-150	3.8	0.0093695
-150	3.9	0.008469
-150	4	0.0090911
-140	-4	0.010505
-140	-3.9	0.011815
-140	-3.8	0.012567
-140	-3.7	0.012008
-140	-3.6	0.011656
-140	-3.5	0.011011
-140	-3.4	0.010927
-140	-3.3	0.011361
-140	-3.2	0.011498
-140	-3.1	0.011007
-140	-3	0.0092532
-140	-2.9	0.0077787
-140	-2.8	0.0075467
-140	-2.7	0.0082329
-140	-2.6	0.014177
-140	-2.5	0.017278
-140	-2.4	0.022406
-140	-2.3	0.024738
-140	-2.2	0.026945
-140	-2.1	0.029195
-140	-2	0.030965
-140	-1.9	0.033492
-140	-1.8	0.037261
-140	-1.7	0.039803
-140	-1.6	0.040379
-140	-1.5	0.036648
-140	-1.4	0.034807
-140	-1.3	0.024999
-140	-1.2	0.019673
-140	-1.1	0.020764
-140	-1	0.027765
-140	-0.9	0.038664
-140	-0.8	0.049057
-140	-0.7	0.054532
-140	-0.6	0.058076
-140	-0.5	0.056131
-140	-0.4	0.050318
-140	-0.3	0.044479
-140	-0.2	0.035991
-140	-0.1	0.027833
-140	0	0.02296
-140	0.1	0.019761
-140	0.2	0.017382
-140	0.3	0.016498
-140	0.4	0.017112
-140	0.5	0.020536
-140	0.6	0.029111
-140	0.7	0.03369
-140	0.8	0.041087
-140	0.9	0.045464
-140	1	0.048388
-140	1.1	0.047707
-140	1.2	0.044433
-140	1.3	0.041711
-140	1.4	0.036431
-140	1.5	0.031285
-140	1.6	0.029815
-140	1.7	0.029741
-140	1.8	0.03078
-140	1.9	0.033107
-140	2	0.034468
-140	2.1	0.03432
-140	2.2	0.033366
-140	2.3	0.030892
-140	2.4	0.02749
-140	2.5	0.023939
-140	2.6	0.021976
-140	2.7	0.019903
-140	2.8	0.018161
-140	2.9	0.015875
-140	3	0.014702
-140	3.1	0.011545
-140	3.2	0.01024
-140	3.3	0.0089622
-140	3.4	0.0093971
-140	3.5	0.010151
-140	3.6	0.011147
-140	3.7	0.011594
-140	3.8	0.011308
-140	3.9	0.010047
-140	4	0.010317
-130	-4	0.0090018
-130	-3.9	0.010002
-130	-3.8	0.011468
-130	-3.7	0.012506
-130	-3.6	0.012883
-130	-3.5	0.011771
-130	-3.4	0.010226
-130	-3.3	0.007935
-130	-3.2	0.0077056
-130	-3.1	0.0078531
-130	-3	0.0081341
-130	-2.9	0.0079736
-130	-2.8	0.0080322
-130	-2.7	0.0099565
-130	-2.6	0.014818
-130	-2.5	0.017465
-130	-2.4	0.021818
-130	-2.3	0.025467
-130	-2.2	0.029124
-130	-2.1	0.031053
-130	-2	0.032247
-130	-1.9	0.033435
-130	-1.8	0.035497
-130	-1.7	0.036388
-130	-1.6	0.036451
-130	-1.5	0.034739
-130	-1.4	0.032777
-130	-1.3	0.024442
-130	-1.2	0.02186
-130	-1.1	0.022967
-130	-1	0.029275
-130	-0.9	0.039289
-130	-0.8	0.051764
-130	-0.7	0.056736
-130	-0.6	0.0593
-130	-0.5	0.057205
-130	-0.4	0.051081
-130	-0.3	0.042949
-130	-0.2	0.031829
-130	-0.1	0.02506
-130	0	0.019503
-130	0.1	0.016873
-130	0.2	0.015457
-130	0.3	0.014553
-130	0.4	0.016704
-130	0.5	0.022709
-130	0.6	0.033702
-130	0.7	0.041225
-130	0.8	0.044336
-130	0.9	0.050413
-130	1	0.051066
-130	1.1	0.047838
-130	1.2	0.043969
-130	1.3	0.039602
-130	1.4	0.034268
-130	1.5	0.031584
-130	1.6	0.030716
-130	1.7	0.032102
-130	1.8	0.03332
-130	1.9	0.034533
-130	2	0.034316
-130	2.1	0.033697
-130	2.2	0.032015
-130	2.3	0.029555
-130	2.4	0.027659
-130	2.5	0.024488
-130	2.6	0.022218
-130	2.7	0.019916
-130	2.8	0.018165
-130	2.9	0.01429
-130	3	0.012972
-130	3.1	0.010595
-130	3.2	0.0095438
-130	3.3	0.0088698
-130	3.4	0.0088406
-130	3.5	0.0082152
-130	3.6	0.0093661
-130	3.7	0.01032
-130	3.8	0.010635
-130	3.9	0.010633
-130	4	0.010786
-120	-4	0.0098849
-120	-3.9	0.011698
-120	-3.8	0.013379
-120	-3.7	0.012998
-120	-3.6	0.010943
-120	-3.5	0.0098373
-120	-3.4	0.0083634
-120	-3.3	0.0082779
-120	-3.2	0.0091018
-120	-3.1	0.0092689
-120	-3	0.009554
-120	-2.9	0.0075979
-120	-2.8	0.007737
-120	-2.7	0.0098865
-120	-2.6	0.015761
-120	-2.5	0.021583
-120	-2.4	0.025361
-120	-2.3	0.027211
-120	-2.2	0.028072
-120	-2.1	0.028286
-120	-2	0.029584
-120	-1.9	0.03288
-120	-1.8	0.035798
-120	-1.7	0.037602
-120	-1.6	0.037244
-120	-1.5	0.031584
-120	-1.4	0.027535
-120	-1.3	0.019784
-120	-1.2	0.019348
-120	-1.1	0.023871
-120	-1	0.036101
-120	-0.9	0.045976
-120	-0.8	0.052848
-120	-0.7	0.057497
-120	-0.6	0.056905
-120	-0.5	0.053759
-120	-0.4	0.047298
-120	-0.3	0.037005
-120	-0.2	0.028318
-120	-0.1	0.023704
-120	0	0.018935
-120	0.1	0.016228
-120	0.2	0.015992
-120	0.3	0.017407
-120	0.4	0.021534
-120	0.5	0.029248
-120	0.6	0.035227
-120	0.7	0.042226
-120	0.8	0.047632
-120	0.9	0.049752
-120	1	0.049667
-120	1.1	0.046274
-120	1.2	0.04166
-120	1.3	0.038499
-120	1.4	0.031619
-120	1.5	0.028888
-120	1.6	0.028915
-120	1.7	0.030699
-120	1.8	0.032892
-120	1.9	0.035324
-120	2	0.035044
-120	2.1	0.033653
-120	2.2	0.031839
-120	2.3	0.029531
-120	2.4	0.025669
-120	2.5	0.023665
-120	2.6	0.021758
-120	2.7	0.019831
-120	2.8	0.017582
-120	2.9	0.015347
-120	3	0.013162
-120	3.1	0.011183
-120	3.2	0.0095235
-120	3.3	0.0089351
-120	3.4	0.0089315
-120	3.5	0.0094434
-120	3.6	0.0098193
-120	3.7	0.010514
-120	3.8	0.010844
-120	3.9	0.010859
-120	4	0.011618
-110	-4	0.012215
-110	-3.9	0.012813
-110	-3.8	0.012207
-110	-3.7	0.011312
-110	-3.6	0.0082348
-110	-3.5	0.0071891
-110	-3.4	0.0073602
-110	-3.3	0.0078387
-110	-3.2	0.0087856
-110	-3.1	0.009554
-110	-3	0.0087246
-110	-2.9	0.007818
-110	-2.8	0.0082427
-110	-2.7	0.010431
-110	-2.6	0.016322
-110	-2.5	0.020549
-110	-2.4	0.024572
-110	-2.3	0.026547
-110	-2.2	0.028339
-110	-2.1	0.028721
-110	-2	0.029826
-110	-1.9	0.031939
-110	-1.8	0.034334
-110	-1.7	0.034463
-110	-1.6	0.034364
-110	-1.5	0.029271
-110	-1.4	0.025727
-110	-1.3	0.020974
-110	-1.2	0.023098
-110	-1.1	0.029036
-110	-1	0.042058
-110	-0.9	0.048174
-110	-0.8	0.055197
-110	-0.7	0.057563
-110	-0.6	0.054503
-110	-0.5	0.048483
-110	-0.4	0.038745
-110	-0.3	0.03548
-110	-0.2	0.025128
-110	-0.1	0.021075
-110	0	0.019105
-110	0.1	0.016345
-110	0.2	0.015901
-110	0.3	0.017709
-110	0.4	0.023085
-110	0.5	0.032524
-110	0.6	0.037684
-110	0.7	0.0428
-110	0.8	0.047064
-110	0.9	0.048629
-110	1	0.046383
-110	1.1	0.044157
-110	1.2	0.040413
-110	1.3	0.036044
-110	1.4	0.033234
-110	1.5	0.03218
-110	1.6	0.031894
-110	1.7	0.03314
-110	1.8	0.035147
-110	1.9	0.035967
-110	2	0.035838
-110	2.1	0.034535
-110	2.2	0.033363
-110	2.3	0.030275
-110	2.4	0.025685
-110	2.5	0.02326
-110	2.6	0.021414
-110	2.7	0.019116
-110	2.8	0.016692
-110	2.9	0.013936
-110	3	0.012104
-110	3.1	0.010079
-110	3.2	0.010274
-110	3.3	0.010659
-110	3.4	0.011477
-110	3.5	0.011864
-110	3.6	0.011747
-110	3.7	0.010695
-110	3.8	0.010175
-110	3.9	0.0093055
-110	4	0.0094502
-100	-4	0.0094554
-100	-3.9	0.010457
-100	-3.8	0.010747
-100	-3.7	0.010798
-100	-3.6	0.010345
-100	-3.5	0.0090804
-100	-3.4	0.0088058
-100	-3.3	0.0089532
-100	-3.2	0.009665
-100	-3.1	0.0093349
-100	-3	0.0086949
-100	-2.9	0.0070781
-100	-2.8	0.0077807
-100	-2.7	0.012302
-100	-2.6	0.017075
-100	-2.5	0.021193
-100	-2.4	0.025406
-100	-2.3	0.027534
-100	-2.2	0.02895
-100	-2.1	0.031453
-100	-2	0.033295
-100	-1.9	0.034569
-100	-1.8	0.035397
-100	-1.7	0.034361
-100	-1.6	0.03175
-100	-1.5	0.026852
-100	-1.4	0.023575
-100	-1.3	0.021585
-100	-1.2	0.025407
-100	-1.1	0.034998
-100	-1	0.046566
-100	-0.9	0.052155
-100	-0.8	0.054521
-100	-0.7	0.054326
-100	-0.6	0.050483
-100	-0.5	0.042688
-100	-0.4	0.036677
-100	-0.3	0.028875
-100	-0.2	0.025893
-100	-0.1	0.022
-100	0	0.019512
-100	0.1	0.017137
-100	0.2	0.016958
-100	0.3	0.023038
-100	0.4	0.026664
-100	0.5	0.034708
-100	0.6	0.042011
-100	0.7	0.046732
-100	0.8	0.048742
-100	0.9	0.047641
-100	1	0.044264
-100	1.1	0.041867
-100	1.2	0.037545
-100	1.3	0.035065
-100	1.4	0.033178
-100	1.5	0.032192
-100	1.6	0.03233
-100	1.7	0.032741
-100	1.8	0.033063
-100	1.9	0.033112
-100	2	0.03267
-100	2.1	0.032276
-100	2.2	0.031341
-100	2.3	0.029406
-100	2.4	0.025936
-100	2.5	0.023377
-100	2.6	0.019393
-100	2.7	0.015517
-100	2.8	0.011804
-100	2.9	0.009857
-100	3	0.0090394
-100	3.1	0.0099695
-100	3.2	0.01006
-100	3.3	0.0102
-100	3.4	0.0094502
-100	3.5	0.0083363
-100	3.6	0.0077056
-100	3.7	0.0077098
-100	3.8	0.0087135
-100	3.9	0.010018
-100	4	0.010426
-90	-4	0.011852
-90	-3.9	0.011749
-90	-3.8	0.011917
-90	-3.7	0.010511
-90	-3.6	0.0091796
-90	-3.5	0.0087708
-90	-3.4	0.0094895
-90	-3.3	0.010008
-90	-3.2	0.010888
-90	-3.1	0.010303
-90	-3	0.0091248
-90	-2.9	0.008507
-90	-2.8	0.0095624
-90	-2.7	0.015
-90	-2.6	0.020308
-90	-2.5	0.024044
-90	-2.4	0.027187
-90	-2.3	0.028691
-90	-2.2	0.030012
-90	-2.1	0.031431
-90	-2	0.032259
-90	-1.9	0.033817
-90	-1.8	0.033712
-90	-1.7	0.033202
-90	-1.6	0.028137
-90	-1.5	0.025038
-90	-1.4	0.020642
-90	-1.3	0.021915
-90	-1.2	0.02645
-90	-1.1	0.03944
-90	-1	0.044419
-90	-0.9	0.050156
-90	-0.8	0.053035
-90	-0.7	0.052528
-90	-0.6	0.048671
-90	-0.5	0.044086
-90	-0.4	0.036425
-90	-0.3	0.027944
-90	-0.2	0.023343
-90	-0.1	0.020377
-90	0	0.018353
-90	0.1	0.015999
-90	0.2	0.016761
-90	0.3	0.020882
-90	0.4	0.027122
-90	0.5	0.035941
-90	0.6	0.04498
-90	0.7	0.049496
-90	0.8	0.051403
-90	0.9	0.050525
-90	1	0.046572
-90	1.1	0.042543
-90	1.2	0.03744
-90	1.3	0.032808
-90	1.4	0.031938
-90	1.5	0.03311
-90	1.6	0.034903
-90	1.7	0.037467
-90	1.8	0.03788
-90	1.9	0.037086
-90	2	0.03463
-90	2.1	0.031608
-90	2.2	0.029386
-90	2.3	0.02739
-90	2.4	0.023371
-90	2.5	0.021654
-90	2.6	0.019825
-90	2.7	0.016431
-90	2.8	0.012056
-90	2.9	0.010197
-90	3	0.0092707
-90	3.1	0.0092724
-90	3.2	0.010055
-90	3.3	0.010052
-90	3.4	0.0094039
-90	3.5	0.0089079
-90	3.6	0.0081876
-90	3.7	0.0080703
-90	3.8	0.0081935
-90	3.9	0.0089405
-90	4	0.0093574
-80	-4	0.010945
-80	-3.9	0.011151
-80	-3.8	0.010584
-80	-3.7	0.009735
-80	-3.6	0.0086502
-80	-3.5	0.0089874
-80	-3.4	0.0090822
-80	-3.3	0.0090269
-80	-3.2	0.008507
-80	-3.1	0.0077014
-80	-3	0.0077077
-80	-2.9	0.0094997
-80	-2.8	0.012426
-80	-2.7	0.016406
-80	-2.6	0.020563
-80	-2.5	0.023917
-80	-2.4	0.025332
-80	-2.3	0.0263
-80	-2.2	0.027267
-80	-2.1	0.02848
-80	-2	0.031108
-80	-1.9	0.03261
-80	-1.8	0.033024
-80	-1.7	0.031758
-80	-1.6	0.026482
-80	-1.5	0.021048
-80	-1.4	0.019267
-80	-1.3	0.022939
-80	-1.2	0.033341
-80	-1.1	0.039812
-80	-1	0.048613
-80	-0.9	0.05215
-80	-0.8	0.052521
-80	-0.7	0.048481
-80	-0.6	0.045245
-80	-0.5	0.038347
-80	-0.4	0.031674
-80	-0.3	0.025813
-80	-0.2	0.021937
-80	-0.1	0.01933
-80	0	0.017386
-80	0.1	0.017526
-80	0.2	0.019725
-80	0.3	0.027247
-80	0.4	0.032342
-80	0.5	0.041493
-80	0.6	0.044773
-80	0.7	0.047681
-80	0.8	0.049072
-80	0.9	0.047904
-80	1	0.044745
-80	1.1	0.038173
-80	1.2	0.035122
-80	1.3	0.033223
-80	1.4	0.030739
-80	1.5	0.030788
-80	1.6	0.031586
-80	1.7	0.034859
-80	1.8	0.03639
-80	1.9	0.036511
-80	2	0.035546
-80	2.1	0.032639
-80	2.2	0.029858
-80	2.3	0.025151
-80	2.4	0.022546
-80	2.5	0.018991
-80	2.6	0.017127
-80	2.7	0.017017
-80	2.8	0.014254
-80	2.9	0.012973
-80	3	0.010207
-80	3.1	0.0082954
-80	3.2	0.008225
-80	3.3	0.0096466
-80	3.4	0.010674
-80	3.5	0.011661
-80	3.6	0.01269
-80	3.7	0.01166
-80	3.8	0.0096046
-80	3.9	0.0079085
-80	4	0.0081421
-70	-4	0.011555
-70	-3.9	0.011571
-70	-3.8	0.01013
-70	-3.7	0.0078284
-70	-3.6	0.005809
-70	-3.5	0.0065071
-70	-3.4	0.0078201
-70	-3.3	0.0086465
-70	-3.2	0.0091301
-70	-3.1	0.0068625
-70	-3	0.0061469
-70	-2.9	0.0097433
-70	-2.8	0.013904
-70	-2.7	0.019033
-70	-2.6	0.021791
-70	-2.5	0.023841
-70	-2.4	0.023297
-70	-2.3	0.022899
-70	-2.2	0.022774
-70	-2.1	0.02488
-70	-2	0.029557
-70	-1.9	0.032092
-70	-1.8	0.033208
-70	-1.7	0.030276
-70	-1.6	0.024684
-70	-1.5	0.019002
-70	-1.4	0.017613
-70	-1.3	0.023221
-70	-1.2	0.033883
-70	-1.1	0.045058
-70	-1	0.053112
-70	-0.9	0.056244
-70	-0.8	0.055258
-70	-0.7	0.050139
-70	-0.6	0.043267
-70	-0.5	0.036631
-70	-0.4	0.027084
-70	-0.3	0.020392
-70	-0.2	0.017459
-70	-0.1	0.015336
-70	0	0.014991
-70	0.1	0.017626
-70	0.2	0.022279
-70	0.3	0.028671
-70	0.4	0.036539
-70	0.5	0.04511
-70	0.6	0.049347
-70	0.7	0.050819
-70	0.8	0.049393
-70	0.9	0.044174
-70	1	0.037737
-70	1.1	0.034885
-70	1.2	0.030582
-70	1.3	0.03039
-70	1.4	0.030655
-70	1.5	0.032292
-70	1.6	0.032958
-70	1.7	0.034407
-70	1.8	0.034969
-70	1.9	0.034814
-70	2	0.033528
-70	2.1	0.032715
-70	2.2	0.029834
-70	2.3	0.027674
-70	2.4	0.022636
-70	2.5	0.02013
-70	2.6	0.017329
-70	2.7	0.014869
-70	2.8	0.01335
-70	2.9	0.012312
-70	3	0.011403
-70	3.1	0.010899
-70	3.2	0.0089712
-70	3.3	0.0081955
-70	3.4	0.0081063
-70	3.5	0.0091319
-70	3.6	0.010577
-70	3.7	0.011697
-70	3.8	0.010653
-70	3.9	0.0099143
-70	4	0.0097034
-60	-4	0.011366
-60	-3.9	0.011718
-60	-3.8	0.010917
-60	-3.7	0.0092898
-60	-3.6	0.0080683
-60	-3.5	0.007818
-60	-3.4	0.0096917
-60	-3.3	0.010039
-60	-3.2	0.0097433
-60	-3.1	0.0084211
-60	-3	0.0081678
-60	-2.9	0.012898
-60	-2.8	0.017155
-60	-2.7	0.020402
-60	-2.6	0.024856
-60	-2.5	0.025739
-60	-2.4	0.025636
-60	-2.3	0.025539
-60	-2.2	0.026754
-60	-2.1	0.02963
-60	-2	0.032117
-60	-1.9	0.033077
-60	-1.8	0.0318
-60	-1.7	0.028669
-60	-1.6	0.022492
-60	-1.5	0.019054
-60	-1.4	0.020683
-60	-1.3	0.027493
-60	-1.2	0.037319
-60	-1.1	0.043145
-60	-1	0.05032
-60	-0.9	0.051759
-60	-0.8	0.05081
-60	-0.7	0.04644
-60	-0.6	0.041686
-60	-0.5	0.031601
-60	-0.4	0.02652
-60	-0.3	0.020961
-60	-0.2	0.017577
-60	-0.1	0.016873
-60	0	0.016659
-60	0.1	0.020562
-60	0.2	0.025813
-60	0.3	0.033888
-60	0.4	0.041185
-60	0.5	0.046578
-60	0.6	0.049068
-60	0.7	0.050376
-60	0.8	0.048784
-60	0.9	0.047535
-60	1	0.041303
-60	1.1	0.035459
-60	1.2	0.031309
-60	1.3	0.029197
-60	1.4	0.028523
-60	1.5	0.030112
-60	1.6	0.03271
-60	1.7	0.034419
-60	1.8	0.035019
-60	1.9	0.03371
-60	2	0.030989
-60	2.1	0.029013
-60	2.2	0.02473
-60	2.3	0.022165
-60	2.4	0.019823
-60	2.5	0.018987
-60	2.6	0.017782
-60	2.7	0.015217
-60	2.8	0.0125
-60	2.9	0.010184
-60	3	0.0085184
-60	3.1	0.0079146
-60	3.2	0.0089946
-60	3.3	0.010151
-60	3.4	0.010471
-60	3.5	0.010943
-60	3.6	0.011128
-60	3.7	0.010534
-60	3.8	0.010757
-60	3.9	0.0094758
-60	4	0.0097383
-50	-4	0.011793
-50	-3.9	0.011569
-50	-3.8	0.01009
-50	-3.7	0.0070895
-50	-3.6	0.0059682
-50	-3.5	0.0082388
-50	-3.4	0.010082
-50	-3.3	0.010823
-50	-3.2	0.010364
-50	-3.1	0.0085657
-50	-3	0.0080923
-50	-2.9	0.010418
-50	-2.8	0.01427
-50	-2.7	0.019494
-50	-2.6	0.024284
-50	-2.5	0.026721
-50	-2.4	0.02789
-50	-2.3	0.028692
-50	-2.2	0.028917
-50	-2.1	0.029333
-50	-2	0.030316
-50	-1.9	0.030964
-50	-1.8	0.030486
-50	-1.7	0.028574
-50	-1.6	0.023736
-50	-1.5	0.021324
-50	-1.4	0.02468
-50	-1.3	0.031884
-50	-1.2	0.039883
-50	-1.1	0.047903
-50	-1	0.05189
-50	-0.9	0.053916
-50	-0.8	0.050854
-50	-0.7	0.048596
-50	-0.6	0.040297
-50	-0.5	0.032976
-50	-0.4	0.028496
-50	-0.3	0.02196
-50	-0.2	0.018905
-50	-0.1	0.017532
-50	0	0.018024
-50	0.1	0.021588
-50	0.2	0.028492
-50	0.3	0.034297
-50	0.4	0.043113
-50	0.5	0.046883
-50	0.6	0.052055
-50	0.7	0.053003
-50	0.8	0.05191
-50	0.9	0.049647
-50	1	0.044557
-50	1.1	0.037916
-50	1.2	0.034476
-50	1.3	0.033314
-50	1.4	0.034102
-50	1.5	0.035217
-50	1.6	0.037143
-50	1.7	0.03799
-50	1.8	0.037928
-50	1.9	0.035673
-50	2	0.034018
-50	2.1	0.031378
-50	2.2	0.028076
-50	2.3	0.025412
-50	2.4	0.02157
-50	2.5	0.019622
-50	2.6	0.016364
-50	2.7	0.014121
-50	2.8	0.012611
-50	2.9	0.011222
-50	3	0.010823
-50	3.1	0.010863
-50	3.2	0.011142
-50	3.3	0.010948
-50	3.4	0.010197
-50	3.5	0.0095675
-50	3.6	0.0098734
-50	3.7	0.010186
-50	3.8	0.010531
-50	3.9	0.010857
-50	4	0.010957
-40	-4	0.0090341
-40	-3.9	0.0081579
-40	-3.8	0.0067293
-40	-3.7	0.0057811
-40	-3.6	0.0060755
-40	-3.5	0.0076403
-40	-3.4	0.0095404
-40	-3.3	0.0096147
-40	-3.2	0.0085374
-40	-3.1	0.007818
-40	-3	0.0086801
-40	-2.9	0.01109
-40	-2.8	0.01525
-40	-2.7	0.019855
-40	-2.6	0.023898
-40	-2.5	0.026653
-40	-2.4	0.027028
-40	-2.3	0.026899
-40	-2.2	0.027207
-40	-2.1	0.02832
-40	-2	0.031153
-40	-1.9	0.033493
-40	-1.8	0.032383
-40	-1.7	0.029616
-40	-1.6	0.025268
-40	-1.5	0.021827
-40	-1.4	0.026363
-40	-1.3	0.036378
-40	-1.2	0.042273
-40	-1.1	0.049076
-40	-1	0.055033
-40	-0.9	0.055602
-40	-0.8	0.052699
-40	-0.7	0.045049
-40	-0.6	0.041293
-40	-0.5	0.032507
-40	-0.4	0.026488
-40	-0.3	0.020215
-40	-0.2	0.017987
-40	-0.1	0.017446
-40	0	0.019081
-40	0.1	0.023673
-40	0.2	0.029299
-40	0.3	0.039876
-40	0.4	0.045927
-40	0.5	0.052591
-40	0.6	0.055794
-40	0.7	0.055711
-40	0.8	0.052733
-40	0.9	0.047407
-40	1	0.04105
-40	1.1	0.037215
-40	1.2	0.034067
-40	1.3	0.033039
-40	1.4	0.032517
-40	1.5	0.032427
-40	1.6	0.032603
-40	1.7	0.032882
-40	1.8	0.033724
-40	1.9	0.033698
-40	2	0.033302
-40	2.1	0.032296
-40	2.2	0.029977
-40	2.3	0.026189
-40	2.4	0.021954
-40	2.5	0.01893
-40	2.6	0.014276
-40	2.7	0.011738
-40	2.8	0.01026
-40	2.9	0.010844
-40	3	0.01159
-40	3.1	0.011751
-40	3.2	0.011225
-40	3.3	0.010548
-40	3.4	0.010049
-40	3.5	0.009302
-40	3.6	0.0088515
-40	3.7	0.0091231
-40	3.8	0.0097067
-40	3.9	0.010354
-40	4	0.011272
-30	-4	0.0087708
-30	-3.9	0.0082427
-30	-3.8	0.0062071
-30	-3.7	0.0055704
-30	-3.6	0.0059247
-30	-3.5	0.008148
-30	-3.4	0.0087283
-30	-3.3	0.0089206
-30	-3.2	0.008639
-30	-3.1	0.0078819
-30	-3	0.0093695
-30	-2.9	0.012652
-30	-2.8	0.016012
-30	-2.7	0.021325
-30	-2.6	0.025134
-30	-2.5	0.026695
-30	-2.4	0.027457
-30	-2.3	0.027357
-30	-2.2	0.027542
-30	-2.1	0.029474
-30	-2	0.031094
-30	-1.9	0.031979
-30	-1.8	0.030483
-30	-1.7	0.028465
-30	-1.6	0.025908
-30	-1.5	0.024972
-30	-1.4	0.028115
-30	-1.3	0.037234
-30	-1.2	0.046382
-30	-1.1	0.050349
-30	-1	0.057898
-30	-0.9	0.059924
-30	-0.8	0.05763
-30	-0.7	0.049219
-30	-0.6	0.044514
-30	-0.5	0.031992
-30	-0.4	0.028795
-30	-0.3	0.023299
-30	-0.2	0.019962
-30	-0.1	0.01852
-30	0	0.019629
-30	0.1	0.024684
-30	0.2	0.033053
-30	0.3	0.042526
-30	0.4	0.050252
-30	0.5	0.056423
-30	0.6	0.059435
-30	0.7	0.058995
-30	0.8	0.056718
-30	0.9	0.052143
-30	1	0.045999
-30	1.1	0.041872
-30	1.2	0.037383
-30	1.3	0.036768
-30	1.4	0.036601
-30	1.5	0.037029
-30	1.6	0.037963
-30	1.7	0.038708
-30	1.8	0.039683
-30	1.9	0.038945
-30	2	0.036592
-30	2.1	0.03353
-30	2.2	0.030537
-30	2.3	0.026522
-30	2.4	0.021289
-30	2.5	0.019452
-30	2.6	0.016945
-30	2.7	0.015209
-30	2.8	0.01345
-30	2.9	0.011782
-30	3	0.011196
-30	3.1	0.011363
-30	3.2	0.011749
-30	3.3	0.012054
-30	3.4	0.01176
-30	3.5	0.010591
-30	3.6	0.01021
-30	3.7	0.0096214
-30	3.8	0.0088186
-30	3.9	0.0089206
-30	4	0.0092059
-20	-4	0.0088898
-20	-3.9	0.0086446
-20	-3.8	0.0074562
-20	-3.7	0.0058699
-20	-3.6	0.0071214
-20	-3.5	0.0081836
-20	-3.4	0.0094502
-20	-3.3	0.0093072
-20	-3.2	0.0089748
-20	-3.1	0.009685
-20	-3	0.012062
-20	-2.9	0.016715
-20	-2.8	0.019881
-20	-2.7	0.023388
-20	-2.6	0.026113
-20	-2.5	0.026949
-20	-2.4	0.027342
-20	-2.3	0.027231
-20	-2.2	0.027966
-20	-2.1	0.029094
-20	-2	0.030676
-20	-1.9	0.03228
-20	-1.8	0.031652
-20	-1.7	0.029699
-20	-1.6	0.025498
-20	-1.5	0.023558
-20	-1.4	0.027935
-20	-1.3	0.037212
-20	-1.2	0.04285
-20	-1.1	0.054087
-20	-1	0.058698
-20	-0.9	0.059988
-20	-0.8	0.058034
-20	-0.7	0.052786
-20	-0.6	0.040672
-20	-0.5	0.035378
-20	-0.4	0.027186
-20	-0.3	0.02136
-20	-0.2	0.017728
-20	-0.1	0.018048
-20	0	0.020288
-20	0.1	0.024819
-20	0.2	0.034946
-20	0.3	0.040426
-20	0.4	0.049144
-20	0.5	0.055584
-20	0.6	0.058907
-20	0.7	0.060086
-20	0.8	0.058443
-20	0.9	0.055026
-20	1	0.048657
-20	1.1	0.041474
-20	1.2	0.036076
-20	1.3	0.033887
-20	1.4	0.034008
-20	1.5	0.034909
-20	1.6	0.036786
-20	1.7	0.037853
-20	1.8	0.037555
-20	1.9	0.036174
-20	2	0.033187
-20	2.1	0.029341
-20	2.2	0.026665
-20	2.3	0.023609
-20	2.4	0.021057
-20	2.5	0.019932
-20	2.6	0.01864
-20	2.7	0.017195
-20	2.8	0.014527
-20	2.9	0.011848
-20	3	0.010847
-20	3.1	0.0099387
-20	3.2	0.0099208
-20	3.3	0.010092
-20	3.4	0.010827
-20	3.5	0.010811
-20	3.6	0.010936
-20	3.7	0.011289
-20	3.8	0.011005
-20	3.9	0.010949
-20	4	0.010289
-10	-4	0.0097333
-10	-3.9	0.0090448
-10	-3.8	0.0081718
-10	-3.7	0.0065541
-10	-3.6	0.006313
-10	-3.5	0.0081718
-10	-3.4	0.0094211
-10	-3.3	0.0096566
-10	-3.2	0.0095455
-10	-3.1	0.010629
-10	-3	0.01324
-10	-2.9	0.016426
-10	-2.8	0.019844
-10	-2.7	0.022922
-10	-2.6	0.025265
-10	-2.5	0.025956
-10	-2.4	0.027004
-10	-2.3	0.027063
-10	-2.2	0.027171
-10	-2.1	0.02719
-10	-2	0.02801
-10	-1.9	0.029869
-10	-1.8	0.029834
-10	-1.7	0.028669
-10	-1.6	0.025118
-10	-1.5	0.024534
-10	-1.4	0.027135
-10	-1.3	0.034892
-10	-1.2	0.045196
-10	-1.1	0.051981
-10	-1	0.058809
-10	-0.9	0.060823
-10	-0.8	0.057792
-10	-0.7	0.054157
-10	-0.6	0.044146
-10	-0.5	0.038113
-10	-0.4	0.029819
-10	-0.3	0.022869
-10	-0.2	0.018498
-10	-0.1	0.017398
-10	0	0.019564
-10	0.1	0.02202
-10	0.2	0.029984
-10	0.3	0.038495
-10	0.4	0.047134
-10	0.5	0.055383
-10	0.6	0.060094
-10	0.7	0.061869
-10	0.8	0.060442
-10	0.9	0.055766
-10	1	0.051945
-10	1.1	0.044198
-10	1.2	0.040576
-10	1.3	0.038037
-10	1.4	0.037407
-10	1.5	0.038281
-10	1.6	0.039015
-10	1.7	0.038571
-10	1.8	0.037753
-10	1.9	0.036368
-10	2	0.034501
-10	2.1	0.031809
-10	2.2	0.02797
-10	2.3	0.026636
-10	2.4	0.024132
-10	2.5	0.021498
-10	2.6	0.019336
-10	2.7	0.017017
-10	2.8	0.015068
-10	2.9	0.012174
-10	3	0.011002
-10	3.1	0.010378
-10	3.2	0.010421
-10	3.3	0.010543
-10	3.4	0.010437
-10	3.5	0.010826
-10	3.6	0.010824
-10	3.7	0.011139
-10	3.8	0.010639
-10	3.9	0.010311
-10	4	0.0093816
0	-4	0.0090573
0	-3.9	0.0083556
0	-3.8	0.0079938
0	-3.7	0.0073448
0	-3.6	0.0078942
0	-3.5	0.0089333
0	-3.4	0.0093592
0	-3.3	0.0094142
0	-3.2	0.0092252
0	-3.1	0.010052
0	-3	0.013037
0	-2.9	0.018069
0	-2.8	0.020629
0	-2.7	0.024023
0	-2.6	0.026216
0	-2.5	0.026584
0	-2.4	0.026826
0	-2.3	0.028609
0	-2.2	0.030143
0	-2.1	0.033132
0	-2	0.034684
0	-1.9	0.034481
0	-1.8	0.032498
0	-1.7	0.027539
0	-1.6	0.024776
0	-1.5	0.024388
0	-1.4	0.028181
0	-1.3	0.036013
0	-1.2	0.047124
0	-1.1	0.053795
0	-1	0.057896
0	-0.9	0.058971
0	-0.8	0.055
0	-0.7	0.050442
0	-0.6	0.04358
0	-0.5	0.03554
0	-0.4	0.025826
0	-0.3	0.022194
0	-0.2	0.019559
0	-0.1	0.019117
0	0	0.020879
0	0.1	0.02358
0	0.2	0.030983
0	0.3	0.036149
0	0.4	0.04807
0	0.5	0.052106
0	0.6	0.057171
0	0.7	0.057922
0	0.8	0.057086
0	0.9	0.054403
0	1	0.049455
0	1.1	0.042094
0	1.2	0.038593
0	1.3	0.036136
0	1.4	0.034239
0	1.5	0.034994
0	1.6	0.037424
0	1.7	0.039137
0	1.8	0.039086
0	1.9	0.038229
0	2	0.035731
0	2.1	0.031637
0	2.2	0.029913
0	2.3	0.026882
0	2.4	0.025127
0	2.5	0.023432
0	2.6	0.022396
0	2.7	0.019842
0	2.8	0.017355
0	2.9	0.013634
0	3	0.011871
0	3.1	0.012108
0	3.2	0.012847
0	3.3	0.013378
0	3.4	0.013137
0	3.5	0.012392
0	3.6	0.011774
0	3.7	0.011086
0	3.8	0.011558
0	3.9	0.011682
0	4	0.01193
10	-4	0.010927
10	-3.9	0.010414
10	-3.8	0.0077599
10	-3.7	0.0053514
10	-3.6	0.0065071
10	-3.5	0.0084671
10	-3.4	0.010483
10	-3.3	0.012203
10	-3.2	0.011097
10	-3.1	0.0094929
10	-3	0.0082388
10	-2.9	0.011792
10	-2.8	0.017205
10	-2.7	0.022197
10	-2.6	0.026278
10	-2.5	0.029093
10	-2.4	0.02898
10	-2.3	0.026872
10	-2.2	0.026178
10	-2.1	0.027929
10	-2	0.030563
10	-1.9	0.032429
10	-1.8	0.033728
10	-1.7	0.032511
10	-1.6	0.028514
10	-1.5	0.025505
10	-1.4	0.027625
10	-1.3	0.034207
10	-1.2	0.043308
10	-1.1	0.055487
10	-1	0.0592
10	-0.9	0.061427
10	-0.8	0.059956
10	-0.7	0.054867
10	-0.6	0.044422
10	-0.5	0.037363
10	-0.4	0.026211
10	-0.3	0.021259
10	-0.2	0.018286
10	-0.1	0.017061
10	0	0.017886
10	0.1	0.022001
10	0.2	0.02659
10	0.3	0.037766
10	0.4	0.045938
10	0.5	0.05293
10	0.6	0.058108
10	0.7	0.060552
10	0.8	0.059675
10	0.9	0.055077
10	1	0.048221
10	1.1	0.044806
10	1.2	0.041438
10	1.3	0.037556
10	1.4	0.035272
10	1.5	0.035592
10	1.6	0.036187
10	1.7	0.036749
10	1.8	0.036851
10	1.9	0.036309
10	2	0.033898
10	2.1	0.033195
10	2.2	0.029194
10	2.3	0.026843
10	2.4	0.024938
10	2.5	0.022159
10	2.6	0.018719
10	2.7	0.01734
10	2.8	0.014619
10	2.9	0.012706
10	3	0.011834
10	3.1	0.012054
10	3.2	0.011674
10	3.3	0.011142
10	3.4	0.010587
10	3.5	0.0094673
10	3.6	0.0086128
10	3.7	0.0085298
10	3.8	0.0085902
10	3.9	0.0090251
10	4	0.010664
20	-4	0.010421
20	-3.9	0.010412
20	-3.8	0.0095945
20	-3.7	0.0070001
20	-3.6	0.006412
20	-3.5	0.0065763
20	-3.4	0.0094417
20	-3.3	0.011049
20	-3.2	0.01143
20	-3.1	0.011033
20	-3	0.010071
20	-2.9	0.010968
20	-2.8	0.013199
20	-2.7	0.018953
20	-2.6	0.023031
20	-2.5	0.027967
20	-2.4	0.030918
20	-2.3	0.031456
20	-2.2	0.030993
20	-2.1	0.030541
20	-2	0.031058
20	-1.9	0.031879
20	-1.8	0.032462
20	-1.7	0.03145
20	-1.6	0.028384
20	-1.5	0.026449
20	-1.4	0.028592
20	-1.3	0.033246
20	-1.2	0.041132
20	-1.1	0.052054
20	-1	0.055553
20	-0.9	0.057604
20	-0.8	0.056866
20	-0.7	0.052814
20	-0.6	0.041905
20	-0.5	0.036083
20	-0.4	0.026088
20	-0.3	0.02329
20	-0.2	0.019366
20	-0.1	0.017543
20	0	0.016376
20	0.1	0.019296
20	0.2	0.025715
20	0.3	0.032401
20	0.4	0.038498
20	0.5	0.049055
20	0.6	0.054588
20	0.7	0.056714
20	0.8	0.057372
20	0.9	0.054745
20	1	0.051847
20	1.1	0.047218
20	1.2	0.044718
20	1.3	0.039863
20	1.4	0.038597
20	1.5	0.036985
20	1.6	0.03654
20	1.7	0.036405
20	1.8	0.036296
20	1.9	0.035999
20	2	0.034442
20	2.1	0.032366
20	2.2	0.031115
20	2.3	0.028851
20	2.4	0.025495
20	2.5	0.02223
20	2.6	0.019229
20	2.7	0.015018
20	2.8	0.013153
20	2.9	0.011281
20	3	0.011163
20	3.1	0.011543
20	3.2	0.011417
20	3.3	0.01058
20	3.4	0.009515
20	3.5	0.0085695
20	3.6	0.0068907
20	3.7	0.0068129
20	3.8	0.0071981
20	3.9	0.0078613
20	4	0.0086521
30	-4	0.011558
30	-3.9	0.01143
30	-3.8	0.0094929
30	-3.7	0.0072807
30	-3.6	0.0072093
30	-3.5	0.0087763
30	-3.4	0.011077
30	-3.3	0.012889
30	-3.2	0.012672
30	-3.1	0.010742
30	-3	0.0086968
30	-2.9	0.0092811
30	-2.8	0.014907
30	-2.7	0.020351
30	-2.6	0.025057
30	-2.5	0.026953
30	-2.4	0.026752
30	-2.3	0.02618
30	-2.2	0.026709
30	-2.1	0.029526
30	-2	0.033344
30	-1.9	0.034806
30	-1.8	0.035885
30	-1.7	0.03143
30	-1.6	0.028642
30	-1.5	0.024713
30	-1.4	0.026217
30	-1.3	0.034648
30	-1.2	0.041933
30	-1.1	0.048304
30	-1	0.057498
30	-0.9	0.058869
30	-0.8	0.057772
30	-0.7	0.052162
30	-0.6	0.041971
30	-0.5	0.031894
30	-0.4	0.026811
30	-0.3	0.020364
30	-0.2	0.016887
30	-0.1	0.014816
30	0	0.014805
30	0.1	0.017077
30	0.2	0.022443
30	0.3	0.027853
30	0.4	0.03796
30	0.5	0.041848
30	0.6	0.047907
30	0.7	0.05194
30	0.8	0.053091
30	0.9	0.051439
30	1	0.047984
30	1.1	0.043352
30	1.2	0.038761
30	1.3	0.035368
30	1.4	0.033045
30	1.5	0.033197
30	1.6	0.03365
30	1.7	0.034776
30	1.8	0.035568
30	1.9	0.035307
30	2	0.033742
30	2.1	0.030979
30	2.2	0.0299
30	2.3	0.027331
30	2.4	0.025186
30	2.5	0.023919
30	2.6	0.021167
30	2.7	0.018488
30	2.8	0.016597
30	2.9	0.014923
30	3	0.013619
30	3.1	0.013351
30	3.2	0.013576
30	3.3	0.013252
30	3.4	0.012902
30	3.5	0.01206
30	3.6	0.011422
30	3.7	0.010748
30	3.8	0.010936
30	3.9	0.010688
30	4	0.01082
40	-4	0.011295
40	-3.9	0.0117
40	-3.8	0.010222
40	-3.7	0.0094861
40	-3.6	0.0082642
40	-3.5	0.0091425
40	-3.4	0.01011
40	-3.3	0.012365
40	-3.2	0.011263
40	-3.1	0.0099906
40	-3	0.0087874
40	-2.9	0.011258
40	-2.8	0.015638
40	-2.7	0.020295
40	-2.6	0.024142
40	-2.5	0.026533
40	-2.4	0.027172
40	-2.3	0.027107
40	-2.2	0.027948
40	-2.1	0.030072
40	-2	0.032941
40	-1.9	0.034542
40	-1.8	0.03609
40	-1.7	0.034176
40	-1.6	0.031227
40	-1.5	0.025577
40	-1.4	0.024288
40	-1.3	0.026686
40	-1.2	0.039718
40	-1.1	0.046837
40	-1	0.054698
40	-0.9	0.057467
40	-0.8	0.05603
40	-0.7	0.050406
40	-0.6	0.045394
40	-0.5	0.035234
40	-0.4	0.028285
40	-0.3	0.022991
40	-0.2	0.01889
40	-0.1	0.015999
40	0	0.015626
40	0.1	0.016014
40	0.2	0.019841
40	0.3	0.023888
40	0.4	0.032333
40	0.5	0.037714
40	0.6	0.043346
40	0.7	0.047407
40	0.8	0.049946
40	0.9	0.049815
40	1	0.0489
40	1.1	0.045995
40	1.2	0.041847
40	1.3	0.03772
40	1.4	0.034454
40	1.5	0.033271
40	1.6	0.032916
40	1.7	0.033707
40	1.8	0.034643
40	1.9	0.035633
40	2	0.035668
40	2.1	0.034367
40	2.2	0.031741
40	2.3	0.029961
40	2.4	0.028408
40	2.5	0.024133
40	2.6	0.022651
40	2.7	0.020814
40	2.8	0.019246
40	2.9	0.017045
40	3	0.014571
40	3.1	0.011792
40	3.2	0.01144
40	3.3	0.012199
40	3.4	0.013108
40	3.5	0.012852
40	3.6	0.012515
40	3.7	0.012586
40	3.8	0.012127
40	3.9	0.011392
40	4	0.010252
50	-4	0.0094502
50	-3.9	0.010557
50	-3.8	0.010703
50	-3.7	0.0099452
50	-3.6	0.0092147
50	-3.5	0.008274
50	-3.4	0.0088369
50	-3.3	0.0087653
50	-3.2	0.0084537
50	-3.1	0.0083013
50	-3	0.0081994
50	-2.9	0.0090179
50	-2.8	0.011203
50	-2.7	0.014742
50	-2.6	0.018791
50	-2.5	0.02077
50	-2.4	0.023439
50	-2.3	0.02474
50	-2.2	0.025796
50	-2.1	0.027525
50	-2	0.029424
50	-1.9	0.032059
50	-1.8	0.034003
50	-1.7	0.033812
50	-1.6	0.031032
50	-1.5	0.026069
50	-1.4	0.025154
50	-1.3	0.028489
50	-1.2	0.036396
50	-1.1	0.040854
50	-1	0.049268
50	-0.9	0.055693
50	-0.8	0.058108
50	-0.7	0.055364
50	-0.6	0.051517
50	-0.5	0.042111
50	-0.4	0.03415
50	-0.3	0.025133
50	-0.2	0.018123
50	-0.1	0.014854
50	0	0.014407
50	0.1	0.013941
50	0.2	0.015471
50	0.3	0.019137
50	0.4	0.028041
50	0.5	0.033677
50	0.6	0.041656
50	0.7	0.048778
50	0.8	0.051159
50	0.9	0.051017
50	1	0.049643
50	1.1	0.045124
50	1.2	0.040971
50	1.3	0.038348
50	1.4	0.035673
50	1.5	0.034878
50	1.6	0.034529
50	1.7	0.034157
50	1.8	0.034244
50	1.9	0.034029
50	2	0.033842
50	2.1	0.032338
50	2.2	0.029917
50	2.3	0.02824
50	2.4	0.025276
50	2.5	0.023049
50	2.6	0.020853
50	2.7	0.01821
50	2.8	0.0163
50	2.9	0.015573
50	3	0.013974
50	3.1	0.012308
50	3.2	0.010359
50	3.3	0.0098094
50	3.4	0.0088424
50	3.5	0.0089694
50	3.6	0.0095979
50	3.7	0.0099159
50	3.8	0.011154
50	3.9	0.010976
50	4	0.0098011
60	-4	0.0092445
60	-3.9	0.010356
60	-3.8	0.01078
60	-3.7	0.010748
60	-3.6	0.0093747
60	-3.5	0.0089532
60	-3.4	0.0096934
60	-3.3	0.00972
60	-3.2	0.01155
60	-3.1	0.011847
60	-3	0.0103
60	-2.9	0.0089694
60	-2.8	0.011088
60	-2.7	0.01414
60	-2.6	0.02041
60	-2.5	0.023275
60	-2.4	0.026154
60	-2.3	0.027289
60	-2.2	0.028573
60	-2.1	0.030212
60	-2	0.031153
60	-1.9	0.033536
60	-1.8	0.035145
60	-1.7	0.035086
60	-1.6	0.033776
60	-1.5	0.028926
60	-1.4	0.026527
60	-1.3	0.026072
60	-1.2	0.031106
60	-1.1	0.037715
60	-1	0.048039
60	-0.9	0.054706
60	-0.8	0.058133
60	-0.7	0.057332
60	-0.6	0.054093
60	-0.5	0.046139
60	-0.4	0.035595
60	-0.3	0.028099
60	-0.2	0.022665
60	-0.1	0.016965
60	0	0.016092
60	0.1	0.014497
60	0.2	0.014525
60	0.3	0.018357
60	0.4	0.024735
60	0.5	0.029394
60	0.6	0.037727
60	0.7	0.04509
60	0.8	0.04939
60	0.9	0.050089
60	1	0.050232
60	1.1	0.048193
60	1.2	0.04393
60	1.3	0.040034
60	1.4	0.036333
60	1.5	0.033488
60	1.6	0.032432
60	1.7	0.032368
60	1.8	0.033696
60	1.9	0.034774
60	2	0.03509
60	2.1	0.033972
60	2.2	0.030993
60	2.3	0.027409
60	2.4	0.025711
60	2.5	0.022324
60	2.6	0.020748
60	2.7	0.019808
60	2.8	0.018918
60	2.9	0.016894
60	3	0.01493
60	3.1	0.011949
60	3.2	0.0095167
60	3.3	0.008857
60	3.4	0.0095099
60	3.5	0.010578
60	3.6	0.010958
60	3.7	0.011213
60	3.8	0.010865
60	3.9	0.0091761
60	4	0.0082034
70	-4	0.010968
70	-3.9	0.011547
70	-3.8	0.011489
70	-3.7	0.01075
70	-3.6	0.0099679
70	-3.5	0.0094485
70	-3.4	0.0093643
70	-3.3	0.010138
70	-3.2	0.011142
70	-3.1	0.010946
70	-3	0.0099825
70	-2.9	0.0096197
70	-2.8	0.009839
70	-2.7	0.012933
70	-2.6	0.017345
70	-2.5	0.020688
70	-2.4	0.024141
70	-2.3	0.026488
70	-2.2	0.027838
70	-2.1	0.029012
70	-2	0.03173
70	-1.9	0.033908
70	-1.8	0.036781
70	-1.7	0.037984
70	-1.6	0.037087
70	-1.5	0.033867
70	-1.4	0.027267
70	-1.3	0.026459
70	-1.2	0.029401
70	-1.1	0.038192
70	-1	0.044918
70	-0.9	0.053124
70	-0.8	0.057299
70	-0.7	0.058718
70	-0.6	0.055426
70	-0.5	0.050151
70	-0.4	0.040935
70	-0.3	0.033119
70	-0.2	0.023506
70	-0.1	0.018436
70	0	0.015985
70	0.1	0.015278
70	0.2	0.014812
70	0.3	0.017342
70	0.4	0.019895
70	0.5	0.026176
70	0.6	0.036206
70	0.7	0.041003
70	0.8	0.046145
70	0.9	0.049579
70	1	0.050029
70	1.1	0.047949
70	1.2	0.043419
70	1.3	0.040499
70	1.4	0.036654
70	1.5	0.034887
70	1.6	0.032589
70	1.7	0.031773
70	1.8	0.032091
70	1.9	0.03234
70	2	0.032263
70	2.1	0.031333
70	2.2	0.030153
70	2.3	0.02927
70	2.4	0.028356
70	2.5	0.025105
70	2.6	0.022639
70	2.7	0.020975
70	2.8	0.017512
70	2.9	0.015229
70	3	0.013199
70	3.1	0.01231
70	3.2	0.011611
70	3.3	0.011489
70	3.4	0.011478
70	3.5	0.010697
70	3.6	0.0098373
70	3.7	0.0094656
70	3.8	0.0096834
70	3.9	0.0092305
70	4	0.008469
80	-4	0.009924
80	-3.9	0.011273
80	-3.8	0.011235
80	-3.7	0.010199
80	-3.6	0.009778
80	-3.5	0.0083401
80	-3.4	0.0078449
80	-3.3	0.008955
80	-3.2	0.011589
80	-3.1	0.011543
80	-3	0.011803
80	-2.9	0.010943
80	-2.8	0.0093349
80	-2.7	0.011285
80	-2.6	0.015598
80	-2.5	0.019789
80	-2.4	0.023952
80	-2.3	0.026766
80	-2.2	0.028779
80	-2.1	0.03
80	-2	0.031485
80	-1.9	0.034546
80	-1.8	0.037525
80	-1.7	0.03856
80	-1.6	0.037672
80	-1.5	0.035113
80	-1.4	0.031501
80	-1.3	0.027989
80	-1.2	0.029437
80	-1.1	0.032817
80	-1	0.045469
80	-0.9	0.053623
80	-0.8	0.056327
80	-0.7	0.060636
80	-0.6	0.058451
80	-0.5	0.055804
80	-0.4	0.044421
80	-0.3	0.035339
80	-0.2	0.026273
80	-0.1	0.02136
80	0	0.017691
80	0.1	0.015545
80	0.2	0.01488
80	0.3	0.016882
80	0.4	0.020514
80	0.5	0.024895
80	0.6	0.035228
80	0.7	0.040976
80	0.8	0.04555
80	0.9	0.048686
80	1	0.050236
80	1.1	0.049862
80	1.2	0.045172
80	1.3	0.0415
80	1.4	0.039226
80	1.5	0.036197
80	1.6	0.034556
80	1.7	0.033964
80	1.8	0.033771
80	1.9	0.033853
80	2	0.032371
80	2.1	0.032083
80	2.2	0.031419
80	2.3	0.032009
80	2.4	0.030975
80	2.5	0.028934
80	2.6	0.025744
80	2.7	0.022922
80	2.8	0.017995
80	2.9	0.016052
80	3	0.0126
80	3.1	0.01263
80	3.2	0.013878
80	3.3	0.014544
80	3.4	0.014035
80	3.5	0.011334
80	3.6	0.0098357
80	3.7	0.0083285
80	3.8	0.0084613
80	3.9	0.0086838
80	4	0.0091831
90	-4	0.0087283
90	-3.9	0.010557
90	-3.8	0.012024
90	-3.7	0.01145
90	-3.6	0.010574
90	-3.5	0.0087671
90	-3.4	0.0075274
90	-3.3	0.0086484
90	-3.2	0.010224
90	-3.1	0.011784
90	-3	0.011924
90	-2.9	0.010673
90	-2.8	0.0087874
90	-2.7	0.0091
90	-2.6	0.014471
90	-2.5	0.019823
90	-2.4	0.024129
90	-2.3	0.027894
90	-2.2	0.029441
90	-2.1	0.03017
90	-2	0.030638
90	-1.9	0.031937
90	-1.8	0.035394
90	-1.7	0.037157
90	-1.6	0.038284
90	-1.5	0.036893
90	-1.4	0.032576
90	-1.3	0.028282
90	-1.2	0.026268
90	-1.1	0.032257
90	-1	0.040657
90	-0.9	0.048904
90	-0.8	0.054394
90	-0.7	0.06016
90	-0.6	0.061785
90	-0.5	0.059447
90	-0.4	0.051197
90	-0.3	0.041436
90	-0.2	0.034665
90	-0.1	0.025498
90	0	0.018529
90	0.1	0.015561
90	0.2	0.014809
90	0.3	0.015222
90	0.4	0.0171
90	0.5	0.020979
90	0.6	0.029122
90	0.7	0.036101
90	0.8	0.04313
90	0.9	0.048095
90	1	0.051503
90	1.1	0.051293
90	1.2	0.047779
90	1.3	0.044756
90	1.4	0.040518
90	1.5	0.036042
90	1.6	0.033114
90	1.7	0.031684
90	1.8	0.031556
90	1.9	0.032104
90	2	0.031234
90	2.1	0.030129
90	2.2	0.029709
90	2.3	0.02852
90	2.4	0.02717
90	2.5	0.025368
90	2.6	0.02324
90	2.7	0.022654
90	2.8	0.020066
90	2.9	0.018056
90	3	0.016257
90	3.1	0.01355
90	3.2	0.012386
90	3.3	0.01102
90	3.4	0.010724
90	3.5	0.010632
90	3.6	0.010728
90	3.7	0.010692
90	3.8	0.0097183
90	3.9	0.0089532
90	4	0.0080683
100	-4	0.0087598
100	-3.9	0.010958
100	-3.8	0.012746
100	-3.7	0.01376
100	-3.6	0.012376
100	-3.5	0.011031
100	-3.4	0.009862
100	-3.3	0.0097333
100	-3.2	0.011158
100	-3.1	0.012962
100	-3	0.012774
100	-2.9	0.011326
100	-2.8	0.0096281
100	-2.7	0.0096248
100	-2.6	0.014466
100	-2.5	0.017485
100	-2.4	0.024553
100	-2.3	0.028256
100	-2.2	0.02958
100	-2.1	0.030206
100	-2	0.030736
100	-1.9	0.033344
100	-1.8	0.035771
100	-1.7	0.040167
100	-1.6	0.041644
100	-1.5	0.042061
100	-1.4	0.038788
100	-1.3	0.031169
100	-1.2	0.026801
100	-1.1	0.026897
100	-1	0.032386
100	-0.9	0.044098
100	-0.8	0.05518
100	-0.7	0.060206
100	-0.6	0.063892
100	-0.5	0.06324
100	-0.4	0.056459
100	-0.3	0.049211
100	-0.2	0.040241
100	-0.1	0.027194
100	0	0.021133
100	0.1	0.017683
100	0.2	0.016443
100	0.3	0.0172
100	0.4	0.018716
100	0.5	0.024189
100	0.6	0.028972
100	0.7	0.036857
100	0.8	0.042776
100	0.9	0.047239
100	1	0.050569
100	1.1	0.051762
100	1.2	0.050157
100	1.3	0.047173
100	1.4	0.041398
100	1.5	0.036159
100	1.6	0.030238
100	1.7	0.029256
100	1.8	0.028656
100	1.9	0.030833
100	2	0.031569
100	2.1	0.032333
100	2.2	0.031939
100	2.3	0.030014
100	2.4	0.028041
100	2.5	0.02428
100	2.6	0.022891
100	2.7	0.02235
100	2.8	0.02157
100	2.9	0.02058
100	3	0.019092
100	3.1	0.016809
100	3.2	0.01359
100	3.3	0.011871
100	3.4	0.010923
100	3.5	0.011266
100	3.6	0.012767
100	3.7	0.012913
100	3.8	0.012262
100	3.9	0.01141
100	4	0.010902
110	-4	0.0095962
110	-3.9	0.010734
110	-3.8	0.011867
110	-3.7	0.012004
110	-3.6	0.01225
110	-3.5	0.011052
110	-3.4	0.010381
110	-3.3	0.010311
110	-3.2	0.0099028
110	-3.1	0.010222
110	-3	0.0094502
110	-2.9	0.0084269
110	-2.8	0.008732
110	-2.7	0.0093799
110	-2.6	0.013806
110	-2.5	0.017109
110	-2.4	0.021028
110	-2.3	0.023809
110	-2.2	0.025828
110	-2.1	0.026596
110	-2	0.028084
110	-1.9	0.032022
110	-1.8	0.036505
110	-1.7	0.040997
110	-1.6	0.042177
110	-1.5	0.041491
110	-1.4	0.037779
110	-1.3	0.030719
110	-1.2	0.025034
110	-1.1	0.026317
110	-1	0.029636
110	-0.9	0.041434
110	-0.8	0.049658
110	-0.7	0.059686
110	-0.6	0.061981
110	-0.5	0.061731
110	-0.4	0.058241
110	-0.3	0.051588
110	-0.2	0.043848
110	-0.1	0.031817
110	0	0.025669
110	0.1	0.019628
110	0.2	0.016755
110	0.3	0.016766
110	0.4	0.017555
110	0.5	0.01942
110	0.6	0.025047
110	0.7	0.034765
110	0.8	0.038075
110	0.9	0.044538
110	1	0.05044
110	1.1	0.052099
110	1.2	0.050124
110	1.3	0.048272
110	1.4	0.043725
110	1.5	0.04048
110	1.6	0.035078
110	1.7	0.032936
110	1.8	0.031753
110	1.9	0.032427
110	2	0.032603
110	2.1	0.03266
110	2.2	0.032249
110	2.3	0.031956
110	2.4	0.0302
110	2.5	0.027936
110	2.6	0.025194
110	2.7	0.024231
110	2.8	0.021671
110	2.9	0.019703
110	3	0.018222
110	3.1	0.01655
110	3.2	0.014469
110	3.3	0.011759
110	3.4	0.010636
110	3.5	0.0092619
110	3.6	0.0099582
110	3.7	0.0098291
110	3.8	0.010719
110	3.9	0.01061
110	4	0.010137
120	-4	0.0091919
120	-3.9	0.010664
120	-3.8	0.012482
120	-3.7	0.013004
120	-3.6	0.012596
120	-3.5	0.010736
120	-3.4	0.009989
120	-3.3	0.010384
120	-3.2	0.011328
120	-3.1	0.012434
120	-3	0.01231
120	-2.9	0.011369
120	-2.8	0.0096063
120	-2.7	0.0098963
120	-2.6	0.011522
120	-2.5	0.015866
120	-2.4	0.02097
120	-2.3	0.025179
120	-2.2	0.027054
120	-2.1	0.028897
120	-2	0.030909
120	-1.9	0.033716
120	-1.8	0.036324
120	-1.7	0.040989
120	-1.6	0.042139
120	-1.5	0.042787
120	-1.4	0.039873
120	-1.3	0.035171
120	-1.2	0.027728
120	-1.1	0.024
120	-1	0.02582
120	-0.9	0.034729
120	-0.8	0.045073
120	-0.7	0.055503
120	-0.6	0.060128
120	-0.5	0.061162
120	-0.4	0.058616
120	-0.3	0.048676
120	-0.2	0.044335
120	-0.1	0.033733
120	0	0.024958
120	0.1	0.020536
120	0.2	0.017195
120	0.3	0.017257
120	0.4	0.017986
120	0.5	0.019647
120	0.6	0.02336
120	0.7	0.030533
120	0.8	0.037377
120	0.9	0.042226
120	1	0.046853
120	1.1	0.04976
120	1.2	0.0503
120	1.3	0.04808
120	1.4	0.043102
120	1.5	0.038547
120	1.6	0.03439
120	1.7	0.030801
120	1.8	0.030039
120	1.9	0.031103
120	2	0.032892
120	2.1	0.034096
120	2.2	0.033864
120	2.3	0.031673
120	2.4	0.029343
120	2.5	0.026554
120	2.6	0.024755
120	2.7	0.022953
120	2.8	0.022124
120	2.9	0.021324
120	3	0.019704
120	3.1	0.017484
120	3.2	0.014913
120	3.3	0.012724
120	3.4	0.011107
120	3.5	0.010492
120	3.6	0.010827
120	3.7	0.012549
120	3.8	0.012972
120	3.9	0.013033
120	4	0.011907
130	-4	0.0075915
130	-3.9	0.0077932
130	-3.8	0.0099647
130	-3.7	0.012623
130	-3.6	0.013589
130	-3.5	0.012893
130	-3.4	0.011334
130	-3.3	0.0096264
130	-3.2	0.0078778
130	-3.1	0.0085013
130	-3	0.0097167
130	-2.9	0.011481
130	-2.8	0.010595
130	-2.7	0.0086652
130	-2.6	0.0083981
130	-2.5	0.011523
130	-2.4	0.016632
130	-2.3	0.019855
130	-2.2	0.026478
130	-2.1	0.029208
130	-2	0.031916
130	-1.9	0.033159
130	-1.8	0.035025
130	-1.7	0.036957
130	-1.6	0.037864
130	-1.5	0.039166
130	-1.4	0.038564
130	-1.3	0.036487
130	-1.2	0.032218
130	-1.1	0.027272
130	-1	0.025487
130	-0.9	0.033103
130	-0.8	0.043591
130	-0.7	0.048295
130	-0.6	0.059611
130	-0.5	0.062422
130	-0.4	0.061689
130	-0.3	0.054577
130	-0.2	0.048302
130	-0.1	0.037365
130	0	0.025981
130	0.1	0.020269
130	0.2	0.015389
130	0.3	0.014256
130	0.4	0.014328
130	0.5	0.016527
130	0.6	0.022942
130	0.7	0.030834
130	0.8	0.038431
130	0.9	0.04404
130	1	0.049116
130	1.1	0.052846
130	1.2	0.051793
130	1.3	0.048072
130	1.4	0.046463
130	1.5	0.041074
130	1.6	0.037243
130	1.7	0.034173
130	1.8	0.031703
130	1.9	0.031083
130	2	0.030126
130	2.1	0.029663
130	2.2	0.028927
130	2.3	0.028061
130	2.4	0.026692
130	2.5	0.025101
130	2.6	0.022616
130	2.7	0.019926
130	2.8	0.017998
130	2.9	0.01649
130	3	0.014471
130	3.1	0.01169
130	3.2	0.011113
130	3.3	0.0094605
130	3.4	0.0089568
130	3.5	0.0085089
130	3.6	0.0083266
130	3.7	0.0077745
130	3.8	0.0079187
130	3.9	0.0075616
130	4	0.0079166
140	-4	0.0091231
140	-3.9	0.010458
140	-3.8	0.010982
140	-3.7	0.01115
140	-3.6	0.010351
140	-3.5	0.0091761
140	-3.4	0.0082662
140	-3.3	0.0089098
140	-3.2	0.0094827
140	-3.1	0.010523
140	-3	0.011433
140	-2.9	0.011049
140	-2.8	0.010817
140	-2.7	0.0087561
140	-2.6	0.0083942
140	-2.5	0.0089243
140	-2.4	0.014211
140	-2.3	0.018645
140	-2.2	0.022982
140	-2.1	0.026871
140	-2	0.030738
140	-1.9	0.034387
140	-1.8	0.036844
140	-1.7	0.040052
140	-1.6	0.043722
140	-1.5	0.043927
140	-1.4	0.04328
140	-1.3	0.039117
140	-1.2	0.032569
140	-1.1	0.027368
140	-1	0.027046
140	-0.9	0.034027
140	-0.8	0.039681
140	-0.7	0.051666
140	-0.6	0.056479
140	-0.5	0.059129
140	-0.4	0.057009
140	-0.3	0.051995
140	-0.2	0.045742
140	-0.1	0.034362
140	0	0.026571
140	0.1	0.020215
140	0.2	0.017424
140	0.3	0.015767
140	0.4	0.015549
140	0.5	0.017064
140	0.6	0.021832
140	0.7	0.026354
140	0.8	0.032955
140	0.9	0.040056
140	1	0.044889
140	1.1	0.048138
140	1.2	0.047758
140	1.3	0.046899
140	1.4	0.043728
140	1.5	0.040538
140	1.6	0.036883
140	1.7	0.03478
140	1.8	0.03337
140	1.9	0.030801
140	2	0.029867
140	2.1	0.029402
140	2.2	0.029464
140	2.3	0.029952
140	2.4	0.029703
140	2.5	0.028457
140	2.6	0.026607
140	2.7	0.023826
140	2.8	0.020022
140	2.9	0.01645
140	3	0.012617
140	3.1	0.010325
140	3.2	0.010703
140	3.3	0.010772
140	3.4	0.011324
140	3.5	0.010957
140	3.6	0.010805
140	3.7	0.0096466
140	3.8	0.0082486
140	3.9	0.0077245
140	4	0.0069816
150	-4	0.0090982
150	-3.9	0.01026
150	-3.8	0.012513
150	-3.7	0.012533
150	-3.6	0.012505
150	-3.5	0.01161
150	-3.4	0.010336
150	-3.3	0.010543
150	-3.2	0.010835
150	-3.1	0.011622
150	-3	0.01205
150	-2.9	0.011743
150	-2.8	0.010124
150	-2.7	0.0085108
150	-2.6	0.0091248
150	-2.5	0.011441
150	-2.4	0.015731
150	-2.3	0.019111
150	-2.2	0.023643
150	-2.1	0.026351
150	-2	0.029518
150	-1.9	0.034085
150	-1.8	0.03915
150	-1.7	0.043122
150	-1.6	0.044752
150	-1.5	0.044932
150	-1.4	0.041515
150	-1.3	0.037845
150	-1.2	0.02984
150	-1.1	0.024281
150	-1	0.023776
150	-0.9	0.028931
150	-0.8	0.036235
150	-0.7	0.045447
150	-0.6	0.053156
150	-0.5	0.055641
150	-0.4	0.054496
150	-0.3	0.049309
150	-0.2	0.044001
150	-0.1	0.036561
150	0	0.03041
150	0.1	0.021403
150	0.2	0.017844
150	0.3	0.016819
150	0.4	0.0154
150	0.5	0.015719
150	0.6	0.018452
150	0.7	0.025349
150	0.8	0.030189
150	0.9	0.03595
150	1	0.04119
150	1.1	0.044273
150	1.2	0.045694
150	1.3	0.044956
150	1.4	0.042757
150	1.5	0.039642
150	1.6	0.03578
150	1.7	0.031499
150	1.8	0.030173
150	1.9	0.029082
150	2	0.029101
150	2.1	0.029373
150	2.2	0.029481
150	2.3	0.029182
150	2.4	0.027634
150	2.5	0.026296
150	2.6	0.023462
150	2.7	0.021072
150	2.8	0.019822
150	2.9	0.018245
150	3	0.0162
150	3.1	0.013309
150	3.2	0.01217
150	3.3	0.010753
150	3.4	0.010345
150	3.5	0.010429
150	3.6	0.010793
150	3.7	0.0109
150	3.8	0.010883
150	3.9	0.010438
150	4	0.01006
160	-4	0.0091142
160	-3.9	0.0094451
160	-3.8	0.01109
160	-3.7	0.012692
160	-3.6	0.013562
160	-3.5	0.014024
160	-3.4	0.01352
160	-3.3	0.012387
160	-3.2	0.012243
160	-3.1	0.012316
160	-3	0.013478
160	-2.9	0.014106
160	-2.8	0.012571
160	-2.7	0.010833
160	-2.6	0.0084403
160	-2.5	0.010695
160	-2.4	0.015126
160	-2.3	0.020105
160	-2.2	0.02648
160	-2.1	0.029664
160	-2	0.031393
160	-1.9	0.034028
160	-1.8	0.036242
160	-1.7	0.039205
160	-1.6	0.042678
160	-1.5	0.044564
160	-1.4	0.04294
160	-1.3	0.039976
160	-1.2	0.032711
160	-1.1	0.023143
160	-1	0.021957
160	-0.9	0.030071
160	-0.8	0.038365
160	-0.7	0.045719
160	-0.6	0.052104
160	-0.5	0.056243
160	-0.4	0.055329
160	-0.3	0.047601
160	-0.2	0.040972
160	-0.1	0.032775
160	0	0.02776
160	0.1	0.022212
160	0.2	0.016868
160	0.3	0.015545
160	0.4	0.014771
160	0.5	0.015526
160	0.6	0.018946
160	0.7	0.023657
160	0.8	0.029949
160	0.9	0.035434
160	1	0.042119
160	1.1	0.044269
160	1.2	0.044559
160	1.3	0.042873
160	1.4	0.040464
160	1.5	0.037063
160	1.6	0.032471
160	1.7	0.028449
160	1.8	0.028096
160	1.9	0.028372
160	2	0.029526
160	2.1	0.030678
160	2.2	0.030556
160	2.3	0.02975
160	2.4	0.027893
160	2.5	0.025096
160	2.6	0.021749
160	2.7	0.019089
160	2.8	0.017312
160	2.9	0.016426
160	3	0.014996
160	3.1	0.013845
160	3.2	0.012338
160	3.3	0.010148
160	3.4	0.008545
160	3.5	0.0079105
160	3.6	0.007888
160	3.7	0.0091602
160	3.8	0.0096583
160	3.9	0.010227
160	4	0.0092881
170	-4	0.0089134
170	-3.9	0.010029
170	-3.8	0.012128
170	-3.7	0.013698
170	-3.6	0.014364
170	-3.5	0.014641
170	-3.4	0.014028
170	-3.3	0.012936
170	-3.2	0.011802
170	-3.1	0.010924
170	-3	0.011002
170	-2.9	0.010847
170	-2.8	0.010361
170	-2.7	0.0091813
170	-2.6	0.0089658
170	-2.5	0.011083
170	-2.4	0.015022
170	-2.3	0.021022
170	-2.2	0.024615
170	-2.1	0.027679
170	-2	0.031086
170	-1.9	0.033782
170	-1.8	0.037409
170	-1.7	0.040183
170	-1.6	0.042995
170	-1.5	0.043285
170	-1.4	0.042364
170	-1.3	0.039026
170	-1.2	0.032035
170	-1.1	0.022847
170	-1	0.020437
170	-0.9	0.026862
170	-0.8	0.03391
170	-0.7	0.044096
170	-0.6	0.054861
170	-0.5	0.056997
170	-0.4	0.055219
170	-0.3	0.048357
170	-0.2	0.04426
170	-0.1	0.033301
170	0	0.024967
170	0.1	0.019541
170	0.2	0.015978
170	0.3	0.014898
170	0.4	0.013868
170	0.5	0.01403
170	0.6	0.017954
170	0.7	0.025412
170	0.8	0.033453
170	0.9	0.03966
170	1	0.04392
170	1.1	0.046872
170	1.2	0.046041
170	1.3	0.043688
170	1.4	0.036797
170	1.5	0.032298
170	1.6	0.029062
170	1.7	0.026333
170	1.8	0.026762
170	1.9	0.027324
170	2	0.028076
170	2.1	0.027683
170	2.2	0.027253
170	2.3	0.026142
170	2.4	0.024871
170	2.5	0.023177
170	2.6	0.021236
170	2.7	0.020132
170	2.8	0.018906
170	2.9	0.017283
170	3	0.013596
170	3.1	0.011793
170	3.2	0.010872
170	3.3	0.010161
170	3.4	0.0092515
170	3.5	0.0093764
170	3.6	0.0089279
170	3.7	0.0093107
170	3.8	0.0098225
170	3.9	0.010426
170	4	0.010757
180	-4	0.0095658
180	-3.9	0.0097117
180	-3.8	0.010951
180	-3.7	0.013489
180	-3.6	0.014719
180	-3.5	0.014843
180	-3.4	0.014253
180	-3.3	0.013066
180	-3.2	0.011748
180	-3.1	0.011614
180	-3	0.012264
180	-2.9	0.012211
180	-2.8	0.011314
180	-2.7	0.009213
180	-2.6	0.0085431
180	-2.5	0.01192
180	-2.4	0.016908
180	-2.3	0.022262
180	-2.2	0.026399
180	-2.1	0.02847
180	-2	0.030964
180	-1.9	0.033521
180	-1.8	0.036926
180	-1.7	0.042662
180	-1.6	0.045034
180	-1.5	0.045176
180	-1.4	0.042219
180	-1.3	0.035227
180	-1.2	0.027752
180	-1.1	0.022874
180	-1	0.021794
180	-0.9	0.030798
180	-0.8	0.040579
180	-0.7	0.047207
180	-0.6	0.053855
180	-0.5	0.056001
180	-0.4	0.054227
180	-0.3	0.049046
180	-0.2	0.040153
180	-0.1	0.033081
180	0	0.026495
180	0.1	0.02044
180	0.2	0.017409
180	0.3	0.016557
180	0.4	0.015863
180	0.5	0.01668
180	0.6	0.021347
180	0.7	0.025972
180	0.8	0.029922
180	0.9	0.035824
180	1	0.041762
180	1.1	0.04381
180	1.2	0.043291
180	1.3	0.042058
180	1.4	0.039268
180	1.5	0.033933
180	1.6	0.030758
180	1.7	0.028476
180	1.8	0.02831
180	1.9	0.028783
180	2	0.029981
180	2.1	0.031372
180	2.2	0.031272
180	2.3	0.029981
180	2.4	0.02729
180	2.5	0.025006
180	2.6	0.021083
180	2.7	0.018207
180	2.8	0.015635
180	2.9	0.014925
180	3	0.01345
180	3.1	0.012321
180	3.2	0.011345
180	3.3	0.0086596
180	3.4	0.0068389
180	3.5	0.0064322
180	3.6	0.0074865
180	3.7	0.0094263
180	3.8	0.0098225
180	3.9	0.00988
180	4	0.0090982
 
Uniformity Ratio =0.78208
