08-Jan-2018
6:48
TXR  008013 RM428 R24
33511B Function Generator
SN =Agilent Technologies,33511B,MY52301476,3.05-1.19-2.00-52-00
freq =+9.290000000000000E+06
burstmode =TRIG
burstN =+6.000000000000000E+01
voltage =+1.5000000000000E-01
 
DSO-X 2022A Oscilloscope
SN =AGILENT TECHNOLOGIES,DSO-X 2022A,MY54310921,02.41.2015102200
probe =+1.0000000E+00
scale =+500.0E-09
position =+19.900000E-06
range =+1.60E+00
units =VOLT
points =+2000
pointmode =NORM
format =BYTE
acqtype =NORM
trigsource =EXT
coupling =AC
 
-180	-4	0.0065615
-180	-3.9	0.0086446
-180	-3.8	0.0097532
-180	-3.7	0.010276
-180	-3.6	0.009532
-180	-3.5	0.0076488
-180	-3.4	0.0059165
-180	-3.3	0.0059898
-180	-3.2	0.0082093
-180	-3.1	0.0088843
-180	-3	0.0097466
-180	-2.9	0.0094383
-180	-2.8	0.010215
-180	-2.7	0.013758
-180	-2.6	0.019292
-180	-2.5	0.02377
-180	-2.4	0.028848
-180	-2.3	0.030897
-180	-2.2	0.0308
-180	-2.1	0.02928
-180	-2	0.02763
-180	-1.9	0.026848
-180	-1.8	0.027289
-180	-1.7	0.028486
-180	-1.6	0.028058
-180	-1.5	0.026396
-180	-1.4	0.023877
-180	-1.3	0.02049
-180	-1.2	0.022905
-180	-1.1	0.026852
-180	-1	0.037231
-180	-0.9	0.04225
-180	-0.8	0.046745
-180	-0.7	0.048815
-180	-0.6	0.045884
-180	-0.5	0.040605
-180	-0.4	0.035004
-180	-0.3	0.028656
-180	-0.2	0.024105
-180	-0.1	0.017801
-180	0	0.015114
-180	0.1	0.015084
-180	0.2	0.017455
-180	0.3	0.021326
-180	0.4	0.024401
-180	0.5	0.031289
-180	0.6	0.034145
-180	0.7	0.039115
-180	0.8	0.040849
-180	0.9	0.041314
-180	1	0.039015
-180	1.1	0.038076
-180	1.2	0.036462
-180	1.3	0.034444
-180	1.4	0.03188
-180	1.5	0.029013
-180	1.6	0.027081
-180	1.7	0.026866
-180	1.8	0.026445
-180	1.9	0.026236
-180	2	0.026583
-180	2.1	0.026241
-180	2.2	0.025637
-180	2.3	0.02355
-180	2.4	0.020996
-180	2.5	0.018936
-180	2.6	0.017903
-180	2.7	0.016223
-180	2.8	0.015266
-180	2.9	0.014772
-180	3	0.013522
-180	3.1	0.01246
-180	3.2	0.010497
-180	3.3	0.010251
-180	3.4	0.010121
-180	3.5	0.0096449
-180	3.6	0.0089315
-180	3.7	0.0081738
-180	3.8	0.0080482
-180	3.9	0.0085108
-180	4	0.008769
-170	-4	0.0084804
-170	-3.9	0.0094929
-170	-3.8	0.0099061
-170	-3.7	0.0090323
-170	-3.6	0.0082132
-170	-3.5	0.0061417
-170	-3.4	0.0065714
-170	-3.3	0.0067629
-170	-3.2	0.0088021
-170	-3.1	0.0097266
-170	-3	0.010561
-170	-2.9	0.010378
-170	-2.8	0.012576
-170	-2.7	0.014605
-170	-2.6	0.018616
-170	-2.5	0.022917
-170	-2.4	0.026621
-170	-2.3	0.027747
-170	-2.2	0.028518
-170	-2.1	0.027683
-170	-2	0.028107
-170	-1.9	0.027359
-170	-1.8	0.028189
-170	-1.7	0.027996
-170	-1.6	0.025896
-170	-1.5	0.023199
-170	-1.4	0.02076
-170	-1.3	0.01897
-170	-1.2	0.021517
-170	-1.1	0.02586
-170	-1	0.033277
-170	-0.9	0.041891
-170	-0.8	0.044223
-170	-0.7	0.047118
-170	-0.6	0.046286
-170	-0.5	0.043303
-170	-0.4	0.037451
-170	-0.3	0.027769
-170	-0.2	0.023133
-170	-0.1	0.018289
-170	0	0.015917
-170	0.1	0.01533
-170	0.2	0.016371
-170	0.3	0.019931
-170	0.4	0.026557
-170	0.5	0.032731
-170	0.6	0.034376
-170	0.7	0.040029
-170	0.8	0.042713
-170	0.9	0.042282
-170	1	0.0416
-170	1.1	0.040828
-170	1.2	0.038169
-170	1.3	0.034633
-170	1.4	0.031871
-170	1.5	0.029667
-170	1.6	0.028763
-170	1.7	0.028548
-170	1.8	0.028339
-170	1.9	0.027893
-170	2	0.02752
-170	2.1	0.027032
-170	2.2	0.024548
-170	2.3	0.021781
-170	2.4	0.019377
-170	2.5	0.017888
-170	2.6	0.016246
-170	2.7	0.015406
-170	2.8	0.014554
-170	2.9	0.01338
-170	3	0.010818
-170	3.1	0.010066
-170	3.2	0.0080181
-170	3.3	0.0074886
-170	3.4	0.0074018
-170	3.5	0.0086763
-170	3.6	0.0085241
-170	3.7	0.008488
-170	3.8	0.0083168
-170	3.9	0.0080723
-170	4	0.0076255
-160	-4	0.0077641
-160	-3.9	0.0084441
-160	-3.8	0.0092968
-160	-3.7	0.0091355
-160	-3.6	0.0083788
-160	-3.5	0.0064972
-160	-3.4	0.0058478
-160	-3.3	0.006006
-160	-3.2	0.0075744
-160	-3.1	0.0086053
-160	-3	0.0093574
-160	-2.9	0.01041
-160	-2.8	0.011921
-160	-2.7	0.014346
-160	-2.6	0.018118
-160	-2.5	0.02128
-160	-2.4	0.023692
-160	-2.3	0.026032
-160	-2.2	0.026731
-160	-2.1	0.027484
-160	-2	0.027448
-160	-1.9	0.026666
-160	-1.8	0.026013
-160	-1.7	0.025005
-160	-1.6	0.023994
-160	-1.5	0.021247
-160	-1.4	0.020868
-160	-1.3	0.019997
-160	-1.2	0.024352
-160	-1.1	0.029194
-160	-1	0.034142
-160	-0.9	0.038931
-160	-0.8	0.042699
-160	-0.7	0.045104
-160	-0.6	0.042325
-160	-0.5	0.040179
-160	-0.4	0.032672
-160	-0.3	0.027451
-160	-0.2	0.022124
-160	-0.1	0.018312
-160	0	0.015428
-160	0.1	0.015264
-160	0.2	0.016618
-160	0.3	0.01955
-160	0.4	0.02577
-160	0.5	0.02988
-160	0.6	0.034125
-160	0.7	0.03728
-160	0.8	0.040044
-160	0.9	0.040232
-160	1	0.038155
-160	1.1	0.036344
-160	1.2	0.035152
-160	1.3	0.032598
-160	1.4	0.028366
-160	1.5	0.027532
-160	1.6	0.027037
-160	1.7	0.026884
-160	1.8	0.026552
-160	1.9	0.0267
-160	2	0.026417
-160	2.1	0.025263
-160	2.2	0.022489
-160	2.3	0.020036
-160	2.4	0.018167
-160	2.5	0.017539
-160	2.6	0.016425
-160	2.7	0.01556
-160	2.8	0.013757
-160	2.9	0.011622
-160	3	0.0091425
-160	3.1	0.0072874
-160	3.2	0.006879
-160	3.3	0.007336
-160	3.4	0.0082681
-160	3.5	0.0093436
-160	3.6	0.0088039
-160	3.7	0.0078921
-160	3.8	0.0079064
-160	3.9	0.0072718
-160	4	0.0076699
-150	-4	0.0089279
-150	-3.9	0.0081381
-150	-3.8	0.007135
-150	-3.7	0.0064145
-150	-3.6	0.0065959
-150	-3.5	0.0070986
-150	-3.4	0.0070185
-150	-3.3	0.0069677
-150	-3.2	0.0064347
-150	-3.1	0.0073338
-150	-3	0.0087837
-150	-2.9	0.011566
-150	-2.8	0.014136
-150	-2.7	0.01726
-150	-2.6	0.019718
-150	-2.5	0.021069
-150	-2.4	0.022839
-150	-2.3	0.024362
-150	-2.2	0.026504
-150	-2.1	0.028995
-150	-2	0.029846
-150	-1.9	0.029933
-150	-1.8	0.028432
-150	-1.7	0.024265
-150	-1.6	0.019649
-150	-1.5	0.018232
-150	-1.4	0.01776
-150	-1.3	0.020063
-150	-1.2	0.027016
-150	-1.1	0.034424
-150	-1	0.038689
-150	-0.9	0.042597
-150	-0.8	0.043331
-150	-0.7	0.042531
-150	-0.6	0.039317
-150	-0.5	0.034504
-150	-0.4	0.029134
-150	-0.3	0.024774
-150	-0.2	0.019904
-150	-0.1	0.016925
-150	0	0.0164
-150	0.1	0.016419
-150	0.2	0.017906
-150	0.3	0.021991
-150	0.4	0.026474
-150	0.5	0.0305
-150	0.6	0.034462
-150	0.7	0.038991
-150	0.8	0.039862
-150	0.9	0.040265
-150	1	0.03767
-150	1.1	0.036696
-150	1.2	0.033847
-150	1.3	0.032132
-150	1.4	0.029801
-150	1.5	0.029492
-150	1.6	0.029598
-150	1.7	0.029753
-150	1.8	0.028774
-150	1.9	0.029068
-150	2	0.028301
-150	2.1	0.026714
-150	2.2	0.025076
-150	2.3	0.023339
-150	2.4	0.020458
-150	2.5	0.018266
-150	2.6	0.017044
-150	2.7	0.015566
-150	2.8	0.013203
-150	2.9	0.011259
-150	3	0.0097912
-150	3.1	0.0079126
-150	3.2	0.007254
-150	3.3	0.0076909
-150	3.4	0.0087265
-150	3.5	0.0091071
-150	3.6	0.0088716
-150	3.7	0.0086128
-150	3.8	0.0079716
-150	3.9	0.0075488
-150	4	0.0073051
-140	-4	0.0078036
-140	-3.9	0.0083595
-140	-3.8	0.0082798
-140	-3.7	0.0078428
-140	-3.6	0.0070254
-140	-3.5	0.0069024
-140	-3.4	0.0061496
-140	-3.3	0.0064472
-140	-3.2	0.0071418
-140	-3.1	0.0075102
-140	-3	0.007816
-140	-2.9	0.0094125
-140	-2.8	0.012627
-140	-2.7	0.016721
-140	-2.6	0.020451
-140	-2.5	0.023842
-140	-2.4	0.025941
-140	-2.3	0.026179
-140	-2.2	0.025982
-140	-2.1	0.025795
-140	-2	0.025786
-140	-1.9	0.02596
-140	-1.8	0.026063
-140	-1.7	0.02487
-140	-1.6	0.022664
-140	-1.5	0.019859
-140	-1.4	0.017739
-140	-1.3	0.020067
-140	-1.2	0.025104
-140	-1.1	0.031381
-140	-1	0.037939
-140	-0.9	0.041701
-140	-0.8	0.043256
-140	-0.7	0.041635
-140	-0.6	0.038715
-140	-0.5	0.03443
-140	-0.4	0.026459
-140	-0.3	0.021496
-140	-0.2	0.018073
-140	-0.1	0.014518
-140	0	0.01373
-140	0.1	0.014231
-140	0.2	0.017961
-140	0.3	0.022716
-140	0.4	0.029308
-140	0.5	0.032922
-140	0.6	0.036738
-140	0.7	0.038913
-140	0.8	0.039828
-140	0.9	0.03842
-140	1	0.036337
-140	1.1	0.034307
-140	1.2	0.031974
-140	1.3	0.029397
-140	1.4	0.027583
-140	1.5	0.027184
-140	1.6	0.026684
-140	1.7	0.02632
-140	1.8	0.026669
-140	1.9	0.026829
-140	2	0.027531
-140	2.1	0.026239
-140	2.2	0.024359
-140	2.3	0.022104
-140	2.4	0.019611
-140	2.5	0.018246
-140	2.6	0.01639
-140	2.7	0.015527
-140	2.8	0.014573
-140	2.9	0.013059
-140	3	0.01204
-140	3.1	0.009675
-140	3.2	0.0080943
-140	3.3	0.008274
-140	3.4	0.0087302
-140	3.5	0.0088789
-140	3.6	0.0086614
-140	3.7	0.0087079
-140	3.8	0.0086689
-140	3.9	0.0087135
-140	4	0.0083981
-130	-4	0.008955
-130	-3.9	0.0089315
-130	-3.8	0.0078139
-130	-3.7	0.0063944
-130	-3.6	0.0053845
-130	-3.5	0.0060302
-130	-3.4	0.0063538
-130	-3.3	0.0072763
-130	-3.2	0.0078675
-130	-3.1	0.0071032
-130	-3	0.0064547
-130	-2.9	0.0093781
-130	-2.8	0.012237
-130	-2.7	0.016922
-130	-2.6	0.022072
-130	-2.5	0.025516
-130	-2.4	0.027276
-130	-2.3	0.027405
-130	-2.2	0.026319
-130	-2.1	0.025424
-130	-2	0.025272
-130	-1.9	0.02573
-130	-1.8	0.025505
-130	-1.7	0.024759
-130	-1.6	0.021917
-130	-1.5	0.019778
-130	-1.4	0.019137
-130	-1.3	0.02222
-130	-1.2	0.028647
-130	-1.1	0.034799
-130	-1	0.038005
-130	-0.9	0.043348
-130	-0.8	0.043918
-130	-0.7	0.040437
-130	-0.6	0.036335
-130	-0.5	0.031354
-130	-0.4	0.025728
-130	-0.3	0.020391
-130	-0.2	0.015803
-130	-0.1	0.01411
-130	0	0.013076
-130	0.1	0.01321
-130	0.2	0.015796
-130	0.3	0.022108
-130	0.4	0.026754
-130	0.5	0.033087
-130	0.6	0.036721
-130	0.7	0.040483
-130	0.8	0.039665
-130	0.9	0.039571
-130	1	0.037616
-130	1.1	0.03562
-130	1.2	0.03474
-130	1.3	0.031292
-130	1.4	0.029575
-130	1.5	0.028565
-130	1.6	0.028013
-130	1.7	0.026956
-130	1.8	0.026492
-130	1.9	0.027157
-130	2	0.027918
-130	2.1	0.026938
-130	2.2	0.024317
-130	2.3	0.02148
-130	2.4	0.018553
-130	2.5	0.015485
-130	2.6	0.011829
-130	2.7	0.010415
-130	2.8	0.0093902
-130	2.9	0.008654
-130	3	0.0075702
-130	3.1	0.0071372
-130	3.2	0.0067986
-130	3.3	0.0062719
-130	3.4	0.0060755
-130	3.5	0.0055355
-130	3.6	0.0056625
-130	3.7	0.0053605
-130	3.8	0.0063181
-130	3.9	0.0060782
-130	4	0.0065664
-120	-4	0.0083401
-120	-3.9	0.0085846
-120	-3.8	0.0089279
-120	-3.7	0.0084728
-120	-3.6	0.0074865
-120	-3.5	0.0067724
-120	-3.4	0.005922
-120	-3.3	0.0062201
-120	-3.2	0.0065492
-120	-3.1	0.0076149
-120	-3	0.0089025
-120	-2.9	0.010379
-120	-2.8	0.012641
-120	-2.7	0.016358
-120	-2.6	0.020684
-120	-2.5	0.02269
-120	-2.4	0.025022
-120	-2.3	0.025313
-120	-2.2	0.025637
-120	-2.1	0.025596
-120	-2	0.026052
-120	-1.9	0.025712
-120	-1.8	0.023616
-120	-1.7	0.021429
-120	-1.6	0.017962
-120	-1.5	0.017449
-120	-1.4	0.019441
-120	-1.3	0.024895
-120	-1.2	0.031624
-120	-1.1	0.036028
-120	-1	0.039316
-120	-0.9	0.041172
-120	-0.8	0.040345
-120	-0.7	0.036991
-120	-0.6	0.032708
-120	-0.5	0.029011
-120	-0.4	0.023814
-120	-0.3	0.019672
-120	-0.2	0.014989
-120	-0.1	0.011763
-120	0	0.010184
-120	0.1	0.011382
-120	0.2	0.016534
-120	0.3	0.023023
-120	0.4	0.026474
-120	0.5	0.031735
-120	0.6	0.035744
-120	0.7	0.03822
-120	0.8	0.0399
-120	0.9	0.038875
-120	1	0.038022
-120	1.1	0.036779
-120	1.2	0.034122
-120	1.3	0.030815
-120	1.4	0.028705
-120	1.5	0.027614
-120	1.6	0.026938
-120	1.7	0.026256
-120	1.8	0.026777
-120	1.9	0.027373
-120	2	0.026915
-120	2.1	0.026228
-120	2.2	0.023806
-120	2.3	0.021583
-120	2.4	0.019747
-120	2.5	0.016612
-120	2.6	0.015041
-120	2.7	0.012849
-120	2.8	0.011902
-120	2.9	0.010651
-120	3	0.0089098
-120	3.1	0.0083382
-120	3.2	0.0082701
-120	3.3	0.0079878
-120	3.4	0.0076382
-120	3.5	0.0069723
-120	3.6	0.0067843
-120	3.7	0.0058062
-120	3.8	0.0059763
-120	3.9	0.0067149
-120	4	0.0073492
-110	-4	0.009116
-110	-3.9	0.0090233
-110	-3.8	0.0083576
-110	-3.7	0.0072696
-110	-3.6	0.0060862
-110	-3.5	0.0055704
-110	-3.4	0.0062744
-110	-3.3	0.0073909
-110	-3.2	0.0079898
-110	-3.1	0.0081579
-110	-3	0.0091425
-110	-2.9	0.01143
-110	-2.8	0.014832
-110	-2.7	0.018319
-110	-2.6	0.021105
-110	-2.5	0.024302
-110	-2.4	0.024667
-110	-2.3	0.024918
-110	-2.2	0.025421
-110	-2.1	0.025198
-110	-2	0.024862
-110	-1.9	0.024226
-110	-1.8	0.023193
-110	-1.7	0.018803
-110	-1.6	0.017243
-110	-1.5	0.017023
-110	-1.4	0.020552
-110	-1.3	0.026221
-110	-1.2	0.032984
-110	-1.1	0.038549
-110	-1	0.043407
-110	-0.9	0.044277
-110	-0.8	0.041501
-110	-0.7	0.038791
-110	-0.6	0.032123
-110	-0.5	0.027197
-110	-0.4	0.019537
-110	-0.3	0.014225
-110	-0.2	0.010499
-110	-0.1	0.0097962
-110	0	0.010482
-110	0.1	0.013738
-110	0.2	0.017563
-110	0.3	0.022968
-110	0.4	0.028318
-110	0.5	0.031732
-110	0.6	0.037223
-110	0.7	0.038782
-110	0.8	0.040075
-110	0.9	0.038022
-110	1	0.036264
-110	1.1	0.033308
-110	1.2	0.029872
-110	1.3	0.027954
-110	1.4	0.025976
-110	1.5	0.025755
-110	1.6	0.026784
-110	1.7	0.02724
-110	1.8	0.027617
-110	1.9	0.027121
-110	2	0.026489
-110	2.1	0.023183
-110	2.2	0.02147
-110	2.3	0.021098
-110	2.4	0.01917
-110	2.5	0.017794
-110	2.6	0.016579
-110	2.7	0.01548
-110	2.8	0.013617
-110	2.9	0.011056
-110	3	0.0087468
-110	3.1	0.0078982
-110	3.2	0.0075574
-110	3.3	0.0082896
-110	3.4	0.0091619
-110	3.5	0.0095894
-110	3.6	0.0085241
-110	3.7	0.0080843
-110	3.8	0.0078304
-110	3.9	0.0078098
-110	4	0.0082093
-100	-4	0.00682
-100	-3.9	0.0072295
-100	-3.8	0.0068625
-100	-3.7	0.0064772
-100	-3.6	0.0058699
-100	-3.5	0.0061601
-100	-3.4	0.0060382
-100	-3.3	0.007144
-100	-3.2	0.0070392
-100	-3.1	0.0083961
-100	-3	0.010483
-100	-2.9	0.013173
-100	-2.8	0.01788
-100	-2.7	0.020845
-100	-2.6	0.022997
-100	-2.5	0.023265
-100	-2.4	0.023181
-100	-2.3	0.022303
-100	-2.2	0.022662
-100	-2.1	0.023233
-100	-2	0.023324
-100	-1.9	0.023022
-100	-1.8	0.022474
-100	-1.7	0.019584
-100	-1.6	0.017924
-100	-1.5	0.018854
-100	-1.4	0.020935
-100	-1.3	0.029858
-100	-1.2	0.035055
-100	-1.1	0.041772
-100	-1	0.045655
-100	-0.9	0.045399
-100	-0.8	0.042444
-100	-0.7	0.03853
-100	-0.6	0.028859
-100	-0.5	0.0237
-100	-0.4	0.018337
-100	-0.3	0.011203
-100	-0.2	0.0086484
-100	-0.1	0.0074388
-100	0	0.0081757
-100	0.1	0.012318
-100	0.2	0.017602
-100	0.3	0.024434
-100	0.4	0.030489
-100	0.5	0.036174
-100	0.6	0.039273
-100	0.7	0.040516
-100	0.8	0.040152
-100	0.9	0.037986
-100	1	0.035349
-100	1.1	0.032773
-100	1.2	0.030998
-100	1.3	0.029298
-100	1.4	0.028611
-100	1.5	0.0281
-100	1.6	0.027607
-100	1.7	0.027457
-100	1.8	0.026495
-100	1.9	0.026625
-100	2	0.025837
-100	2.1	0.024581
-100	2.2	0.023487
-100	2.3	0.022611
-100	2.4	0.020373
-100	2.5	0.018574
-100	2.6	0.017167
-100	2.7	0.015884
-100	2.8	0.01466
-100	2.9	0.012775
-100	3	0.01107
-100	3.1	0.0094263
-100	3.2	0.0075851
-100	3.3	0.0075359
-100	3.4	0.0074083
-100	3.5	0.0088278
-100	3.6	0.0082583
-100	3.7	0.0082857
-100	3.8	0.0084211
-100	3.9	0.0077973
-100	4	0.0075445
-90	-4	0.0068318
-90	-3.9	0.007135
-90	-3.8	0.0067676
-90	-3.7	0.0055062
-90	-3.6	0.0052292
-90	-3.5	0.0057671
-90	-3.4	0.0065738
-90	-3.3	0.0069047
-90	-3.2	0.0077641
-90	-3.1	0.0083401
-90	-3	0.0097366
-90	-2.9	0.013166
-90	-2.8	0.016052
-90	-2.7	0.020145
-90	-2.6	0.021543
-90	-2.5	0.022811
-90	-2.4	0.023649
-90	-2.3	0.023467
-90	-2.2	0.022921
-90	-2.1	0.023578
-90	-2	0.023366
-90	-1.9	0.023726
-90	-1.8	0.022679
-90	-1.7	0.01978
-90	-1.6	0.01862
-90	-1.5	0.019079
-90	-1.4	0.023722
-90	-1.3	0.028188
-90	-1.2	0.036823
-90	-1.1	0.042906
-90	-1	0.045203
-90	-0.9	0.045665
-90	-0.8	0.041776
-90	-0.7	0.038146
-90	-0.6	0.03148
-90	-0.5	0.020111
-90	-0.4	0.016922
-90	-0.3	0.010479
-90	-0.2	0.008274
-90	-0.1	0.0077828
-90	0	0.0087984
-90	0.1	0.011472
-90	0.2	0.016121
-90	0.3	0.021108
-90	0.4	0.030924
-90	0.5	0.035363
-90	0.6	0.039669
-90	0.7	0.04117
-90	0.8	0.040792
-90	0.9	0.040463
-90	1	0.037924
-90	1.1	0.034744
-90	1.2	0.031878
-90	1.3	0.030608
-90	1.4	0.02894
-90	1.5	0.027992
-90	1.6	0.027662
-90	1.7	0.027715
-90	1.8	0.027569
-90	1.9	0.027703
-90	2	0.027709
-90	2.1	0.026556
-90	2.2	0.025075
-90	2.3	0.022858
-90	2.4	0.020515
-90	2.5	0.017702
-90	2.6	0.016076
-90	2.7	0.014903
-90	2.8	0.013496
-90	2.9	0.011487
-90	3	0.0093953
-90	3.1	0.0084096
-90	3.2	0.0077973
-90	3.3	0.0073865
-90	3.4	0.008014
-90	3.5	0.0087191
-90	3.6	0.0090982
-90	3.7	0.0088113
-90	3.8	0.0075638
-90	3.9	0.0066593
-90	4	0.0061679
-80	-4	0.0060033
-80	-3.9	0.0065517
-80	-3.8	0.0061338
-80	-3.7	0.0056568
-80	-3.6	0.0054472
-80	-3.5	0.0061074
-80	-3.4	0.0066423
-80	-3.3	0.0074453
-80	-3.2	0.0081619
-80	-3.1	0.0089802
-80	-3	0.012183
-80	-2.9	0.015004
-80	-2.8	0.01902
-80	-2.7	0.022551
-80	-2.6	0.024448
-80	-2.5	0.025784
-80	-2.4	0.025698
-80	-2.3	0.02553
-80	-2.2	0.024556
-80	-2.1	0.023917
-80	-2	0.024341
-80	-1.9	0.023907
-80	-1.8	0.023458
-80	-1.7	0.021745
-80	-1.6	0.021132
-80	-1.5	0.021213
-80	-1.4	0.025815
-80	-1.3	0.031351
-80	-1.2	0.038413
-80	-1.1	0.042886
-80	-1	0.04556
-80	-0.9	0.044796
-80	-0.8	0.043108
-80	-0.7	0.035556
-80	-0.6	0.028456
-80	-0.5	0.022022
-80	-0.4	0.015703
-80	-0.3	0.01117
-80	-0.2	0.0086053
-80	-0.1	0.0079492
-80	0	0.010149
-80	0.1	0.012216
-80	0.2	0.019104
-80	0.3	0.024655
-80	0.4	0.03003
-80	0.5	0.036863
-80	0.6	0.039178
-80	0.7	0.040453
-80	0.8	0.04094
-80	0.9	0.040454
-80	1	0.037952
-80	1.1	0.036983
-80	1.2	0.033852
-80	1.3	0.031833
-80	1.4	0.02859
-80	1.5	0.027807
-80	1.6	0.02779
-80	1.7	0.028084
-80	1.8	0.028076
-80	1.9	0.029443
-80	2	0.029375
-80	2.1	0.027103
-80	2.2	0.024719
-80	2.3	0.022564
-80	2.4	0.019823
-80	2.5	0.018839
-80	2.6	0.01761
-80	2.7	0.016213
-80	2.8	0.014838
-80	2.9	0.012031
-80	3	0.010647
-80	3.1	0.0096482
-80	3.2	0.0095201
-80	3.3	0.009354
-80	3.4	0.0098652
-80	3.5	0.0097582
-80	3.6	0.009139
-80	3.7	0.0074214
-80	3.8	0.0071304
-80	3.9	0.0070392
-80	4	0.007454
-70	-4	0.0063206
-70	-3.9	0.0068837
-70	-3.8	0.0060006
-70	-3.7	0.0060489
-70	-3.6	0.006118
-70	-3.5	0.0071756
-70	-3.4	0.0084709
-70	-3.3	0.0092392
-70	-3.2	0.0092165
-70	-3.1	0.0090804
-70	-3	0.010012
-70	-2.9	0.013285
-70	-2.8	0.017442
-70	-2.7	0.023156
-70	-2.6	0.025244
-70	-2.5	0.027312
-70	-2.4	0.026959
-70	-2.3	0.025335
-70	-2.2	0.022808
-70	-2.1	0.022092
-70	-2	0.021893
-70	-1.9	0.022763
-70	-1.8	0.022893
-70	-1.7	0.022307
-70	-1.6	0.021577
-70	-1.5	0.021881
-70	-1.4	0.024801
-70	-1.3	0.029969
-70	-1.2	0.034669
-70	-1.1	0.039177
-70	-1	0.042354
-70	-0.9	0.042918
-70	-0.8	0.041503
-70	-0.7	0.038243
-70	-0.6	0.030188
-70	-0.5	0.023703
-70	-0.4	0.018558
-70	-0.3	0.011302
-70	-0.2	0.0079817
-70	-0.1	0.0073426
-70	0	0.0080362
-70	0.1	0.012456
-70	0.2	0.019128
-70	0.3	0.025451
-70	0.4	0.031656
-70	0.5	0.035356
-70	0.6	0.03936
-70	0.7	0.041842
-70	0.8	0.041904
-70	0.9	0.041794
-70	1	0.040178
-70	1.1	0.037992
-70	1.2	0.03449
-70	1.3	0.032973
-70	1.4	0.03063
-70	1.5	0.029864
-70	1.6	0.027827
-70	1.7	0.026746
-70	1.8	0.025203
-70	1.9	0.02522
-70	2	0.025316
-70	2.1	0.024429
-70	2.2	0.022986
-70	2.3	0.020729
-70	2.4	0.018207
-70	2.5	0.015757
-70	2.6	0.013096
-70	2.7	0.011562
-70	2.8	0.011015
-70	2.9	0.011328
-70	3	0.010965
-70	3.1	0.010458
-70	3.2	0.0088204
-70	3.3	0.0079228
-70	3.4	0.0070941
-70	3.5	0.0063918
-70	3.6	0.0064171
-70	3.7	0.0064972
-70	3.8	0.0067748
-70	3.9	0.0071531
-70	4	0.0071146
-60	-4	0.0073272
-60	-3.9	0.0072652
-60	-3.8	0.0069816
-60	-3.7	0.0055878
-60	-3.6	0.0056138
-60	-3.5	0.0071055
-60	-3.4	0.0094707
-60	-3.3	0.010362
-60	-3.2	0.010581
-60	-3.1	0.011036
-60	-3	0.011976
-60	-2.9	0.014826
-60	-2.8	0.018171
-60	-2.7	0.020935
-60	-2.6	0.025048
-60	-2.5	0.026669
-60	-2.4	0.026968
-60	-2.3	0.025346
-60	-2.2	0.0248
-60	-2.1	0.024752
-60	-2	0.024429
-60	-1.9	0.024763
-60	-1.8	0.024317
-60	-1.7	0.023587
-60	-1.6	0.022862
-60	-1.5	0.024098
-60	-1.4	0.026893
-60	-1.3	0.029813
-60	-1.2	0.037073
-60	-1.1	0.04369
-60	-1	0.044539
-60	-0.9	0.045669
-60	-0.8	0.042528
-60	-0.7	0.039406
-60	-0.6	0.031594
-60	-0.5	0.025042
-60	-0.4	0.02033
-60	-0.3	0.013589
-60	-0.2	0.0096264
-60	-0.1	0.008223
-60	0	0.0088131
-60	0.1	0.014659
-60	0.2	0.01915
-60	0.3	0.023655
-60	0.4	0.028987
-60	0.5	0.036109
-60	0.6	0.039287
-60	0.7	0.041441
-60	0.8	0.04112
-60	0.9	0.041165
-60	1	0.040648
-60	1.1	0.039503
-60	1.2	0.037729
-60	1.3	0.03463
-60	1.4	0.032288
-60	1.5	0.030778
-60	1.6	0.029649
-60	1.7	0.028074
-60	1.8	0.027421
-60	1.9	0.027318
-60	2	0.027331
-60	2.1	0.026529
-60	2.2	0.023954
-60	2.3	0.022221
-60	2.4	0.019766
-60	2.5	0.018282
-60	2.6	0.01661
-60	2.7	0.01446
-60	2.8	0.014021
-60	2.9	0.013442
-60	3	0.012425
-60	3.1	0.010741
-60	3.2	0.0091213
-60	3.3	0.0084937
-60	3.4	0.0086165
-60	3.5	0.0081856
-60	3.6	0.0081619
-60	3.7	0.0085996
-60	3.8	0.0083459
-60	3.9	0.0087616
-60	4	0.0083091
-50	-4	0.0086446
-50	-3.9	0.0086745
-50	-3.8	0.0082642
-50	-3.7	0.0070024
-50	-3.6	0.0065121
-50	-3.5	0.008225
-50	-3.4	0.0094673
-50	-3.3	0.011499
-50	-3.2	0.011672
-50	-3.1	0.012793
-50	-3	0.013811
-50	-2.9	0.017126
-50	-2.8	0.019405
-50	-2.7	0.021938
-50	-2.6	0.026054
-50	-2.5	0.026564
-50	-2.4	0.02739
-50	-2.3	0.027466
-50	-2.2	0.026944
-50	-2.1	0.026678
-50	-2	0.027077
-50	-1.9	0.026895
-50	-1.8	0.026888
-50	-1.7	0.024864
-50	-1.6	0.023409
-50	-1.5	0.023785
-50	-1.4	0.025055
-50	-1.3	0.031123
-50	-1.2	0.037669
-50	-1.1	0.041459
-50	-1	0.043674
-50	-0.9	0.044
-50	-0.8	0.041491
-50	-0.7	0.038825
-50	-0.6	0.034928
-50	-0.5	0.029505
-50	-0.4	0.020476
-50	-0.3	0.01746
-50	-0.2	0.012074
-50	-0.1	0.010957
-50	0	0.012777
-50	0.1	0.016036
-50	0.2	0.019248
-50	0.3	0.024129
-50	0.4	0.029009
-50	0.5	0.032451
-50	0.6	0.037218
-50	0.7	0.041212
-50	0.8	0.041845
-50	0.9	0.042716
-50	1	0.041472
-50	1.1	0.03963
-50	1.2	0.036355
-50	1.3	0.032365
-50	1.4	0.029765
-50	1.5	0.02842
-50	1.6	0.028954
-50	1.7	0.029493
-50	1.8	0.029604
-50	1.9	0.028344
-50	2	0.027193
-50	2.1	0.02472
-50	2.2	0.022233
-50	2.3	0.021433
-50	2.4	0.020156
-50	2.5	0.019657
-50	2.6	0.018628
-50	2.7	0.016891
-50	2.8	0.015058
-50	2.9	0.014235
-50	3	0.013436
-50	3.1	0.012857
-50	3.2	0.012531
-50	3.3	0.012469
-50	3.4	0.012253
-50	3.5	0.01079
-50	3.6	0.0099468
-50	3.7	0.0090018
-50	3.8	0.009302
-50	3.9	0.0099776
-50	4	0.009963
-40	-4	0.0081659
-40	-3.9	0.0084518
-40	-3.8	0.008012
-40	-3.7	0.0075723
-40	-3.6	0.0078118
-40	-3.5	0.0085051
-40	-3.4	0.0088369
-40	-3.3	0.010245
-40	-3.2	0.011468
-40	-3.1	0.014466
-40	-3	0.016149
-40	-2.9	0.018457
-40	-2.8	0.020308
-40	-2.7	0.022387
-40	-2.6	0.023736
-40	-2.5	0.026137
-40	-2.4	0.02705
-40	-2.3	0.028172
-40	-2.2	0.028297
-40	-2.1	0.029557
-40	-2	0.029936
-40	-1.9	0.029268
-40	-1.8	0.028652
-40	-1.7	0.027251
-40	-1.6	0.025627
-40	-1.5	0.026547
-40	-1.4	0.028324
-40	-1.3	0.033346
-40	-1.2	0.037031
-40	-1.1	0.044024
-40	-1	0.045232
-40	-0.9	0.046893
-40	-0.8	0.045031
-40	-0.7	0.041871
-40	-0.6	0.036471
-40	-0.5	0.027174
-40	-0.4	0.021716
-40	-0.3	0.017533
-40	-0.2	0.013563
-40	-0.1	0.012408
-40	0	0.012297
-40	0.1	0.014962
-40	0.2	0.018648
-40	0.3	0.025798
-40	0.4	0.030117
-40	0.5	0.036362
-40	0.6	0.039798
-40	0.7	0.042121
-40	0.8	0.043723
-40	0.9	0.04369
-40	1	0.04242
-40	1.1	0.040315
-40	1.2	0.037869
-40	1.3	0.035459
-40	1.4	0.033363
-40	1.5	0.032035
-40	1.6	0.030764
-40	1.7	0.029691
-40	1.8	0.027921
-40	1.9	0.027334
-40	2	0.025827
-40	2.1	0.025013
-40	2.2	0.023554
-40	2.3	0.022698
-40	2.4	0.021677
-40	2.5	0.020713
-40	2.6	0.018633
-40	2.7	0.017668
-40	2.8	0.016305
-40	2.9	0.013502
-40	3	0.012155
-40	3.1	0.011389
-40	3.2	0.011051
-40	3.3	0.012007
-40	3.4	0.012637
-40	3.5	0.012549
-40	3.6	0.011112
-40	3.7	0.009811
-40	3.8	0.009043
-40	3.9	0.0086015
-40	4	0.0087339
-30	-4	0.0098193
-30	-3.9	0.0098061
-30	-3.8	0.0073974
-30	-3.7	0.0061206
-30	-3.6	0.0068507
-30	-3.5	0.0093159
-30	-3.4	0.011901
-30	-3.3	0.013563
-30	-3.2	0.013947
-30	-3.1	0.013907
-30	-3	0.013925
-30	-2.9	0.015356
-30	-2.8	0.018869
-30	-2.7	0.022358
-30	-2.6	0.027496
-30	-2.5	0.029235
-30	-2.4	0.030924
-30	-2.3	0.030168
-30	-2.2	0.030053
-30	-2.1	0.02907
-30	-2	0.029876
-30	-1.9	0.031001
-30	-1.8	0.031566
-30	-1.7	0.031412
-30	-1.6	0.030085
-30	-1.5	0.029417
-30	-1.4	0.029783
-30	-1.3	0.032443
-30	-1.2	0.038681
-30	-1.1	0.044502
-30	-1	0.048603
-30	-0.9	0.049505
-30	-0.8	0.048065
-30	-0.7	0.043864
-30	-0.6	0.03913
-30	-0.5	0.032625
-30	-0.4	0.027483
-30	-0.3	0.019653
-30	-0.2	0.016818
-30	-0.1	0.015389
-30	0	0.015954
-30	0.1	0.017921
-30	0.2	0.020794
-30	0.3	0.026532
-30	0.4	0.031265
-30	0.5	0.036119
-30	0.6	0.039652
-30	0.7	0.042519
-30	0.8	0.043023
-30	0.9	0.04241
-30	1	0.040902
-30	1.1	0.040013
-30	1.2	0.037912
-30	1.3	0.035731
-30	1.4	0.032776
-30	1.5	0.031727
-30	1.6	0.030425
-30	1.7	0.028994
-30	1.8	0.027779
-30	1.9	0.026511
-30	2	0.025274
-30	2.1	0.023921
-30	2.2	0.021595
-30	2.3	0.020711
-30	2.4	0.019835
-30	2.5	0.018998
-30	2.6	0.018065
-30	2.7	0.016909
-30	2.8	0.015993
-30	2.9	0.014014
-30	3	0.012358
-30	3.1	0.011685
-30	3.2	0.011748
-30	3.3	0.012873
-30	3.4	0.013258
-30	3.5	0.013632
-30	3.6	0.01215
-30	3.7	0.011756
-30	3.8	0.010273
-30	3.9	0.0092602
-30	4	0.0093367
-20	-4	0.0088387
-20	-3.9	0.0084499
-20	-3.8	0.0079979
-20	-3.7	0.0085317
-20	-3.6	0.010089
-20	-3.5	0.012192
-20	-3.4	0.012893
-20	-3.3	0.013589
-20	-3.2	0.013486
-20	-3.1	0.01356
-20	-3	0.015561
-20	-2.9	0.01759
-20	-2.8	0.021458
-20	-2.7	0.025888
-20	-2.6	0.02935
-20	-2.5	0.031943
-20	-2.4	0.032812
-20	-2.3	0.030939
-20	-2.2	0.030019
-20	-2.1	0.031724
-20	-2	0.03274
-20	-1.9	0.035117
-20	-1.8	0.035982
-20	-1.7	0.035048
-20	-1.6	0.032667
-20	-1.5	0.031009
-20	-1.4	0.031089
-20	-1.3	0.035623
-20	-1.2	0.038418
-20	-1.1	0.044618
-20	-1	0.049004
-20	-0.9	0.050868
-20	-0.8	0.050796
-20	-0.7	0.048001
-20	-0.6	0.043074
-20	-0.5	0.037012
-20	-0.4	0.031007
-20	-0.3	0.026969
-20	-0.2	0.022046
-20	-0.1	0.019477
-20	0	0.019087
-20	0.1	0.019862
-20	0.2	0.022598
-20	0.3	0.027239
-20	0.4	0.030685
-20	0.5	0.036344
-20	0.6	0.039681
-20	0.7	0.043085
-20	0.8	0.044321
-20	0.9	0.044222
-20	1	0.044136
-20	1.1	0.043056
-20	1.2	0.040008
-20	1.3	0.03823
-20	1.4	0.034798
-20	1.5	0.033513
-20	1.6	0.031676
-20	1.7	0.031963
-20	1.8	0.029842
-20	1.9	0.028053
-20	2	0.027527
-20	2.1	0.026116
-20	2.2	0.02369
-20	2.3	0.022717
-20	2.4	0.021294
-20	2.5	0.020356
-20	2.6	0.019514
-20	2.7	0.018113
-20	2.8	0.017364
-20	2.9	0.015707
-20	3	0.014642
-20	3.1	0.012971
-20	3.2	0.012539
-20	3.3	0.011856
-20	3.4	0.011164
-20	3.5	0.010887
-20	3.6	0.009997
-20	3.7	0.0094946
-20	3.8	0.00922
-20	3.9	0.0089243
-20	4	0.0083266
-10	-4	0.0096934
-10	-3.9	0.011061
-10	-3.8	0.011612
-10	-3.7	0.01052
-10	-3.6	0.008344
-10	-3.5	0.0089116
-10	-3.4	0.011505
-10	-3.3	0.014778
-10	-3.2	0.018387
-10	-3.1	0.019117
-10	-3	0.017645
-10	-2.9	0.016438
-10	-2.8	0.018036
-10	-2.7	0.025022
-10	-2.6	0.029564
-10	-2.5	0.035344
-10	-2.4	0.036554
-10	-2.3	0.036872
-10	-2.2	0.034498
-10	-2.1	0.033511
-10	-2	0.034247
-10	-1.9	0.035351
-10	-1.8	0.039221
-10	-1.7	0.040043
-10	-1.6	0.04047
-10	-1.5	0.039084
-10	-1.4	0.036965
-10	-1.3	0.037407
-10	-1.2	0.040681
-10	-1.1	0.046512
-10	-1	0.053062
-10	-0.9	0.058275
-10	-0.8	0.058532
-10	-0.7	0.055972
-10	-0.6	0.050936
-10	-0.5	0.04446
-10	-0.4	0.035548
-10	-0.3	0.02682
-10	-0.2	0.021285
-10	-0.1	0.019038
-10	0	0.019013
-10	0.1	0.020974
-10	0.2	0.027721
-10	0.3	0.032583
-10	0.4	0.039427
-10	0.5	0.041503
-10	0.6	0.047316
-10	0.7	0.048374
-10	0.8	0.050468
-10	0.9	0.050084
-10	1	0.049295
-10	1.1	0.046752
-10	1.2	0.045001
-10	1.3	0.041899
-10	1.4	0.039436
-10	1.5	0.034972
-10	1.6	0.030893
-10	1.7	0.029384
-10	1.8	0.02823
-10	1.9	0.027706
-10	2	0.027691
-10	2.1	0.026311
-10	2.2	0.024214
-10	2.3	0.021705
-10	2.4	0.019087
-10	2.5	0.016944
-10	2.6	0.015621
-10	2.7	0.015621
-10	2.8	0.015898
-10	2.9	0.016348
-10	3	0.015697
-10	3.1	0.013934
-10	3.2	0.012598
-10	3.3	0.010928
-10	3.4	0.010205
-10	3.5	0.0093936
-10	3.6	0.0092042
-10	3.7	0.0090269
-10	3.8	0.010013
-10	3.9	0.010132
-10	4	0.0091725
0	-4	0.0094844
0	-3.9	0.009811
0	-3.8	0.0093781
0	-3.7	0.0088406
0	-3.6	0.0091355
0	-3.5	0.010823
0	-3.4	0.012839
0	-3.3	0.014691
0	-3.2	0.015068
0	-3.1	0.015307
0	-3	0.015741
0	-2.9	0.018679
0	-2.8	0.021237
0	-2.7	0.024008
0	-2.6	0.028838
0	-2.5	0.031128
0	-2.4	0.032591
0	-2.3	0.032615
0	-2.2	0.034065
0	-2.1	0.035757
0	-2	0.037777
0	-1.9	0.039707
0	-1.8	0.040269
0	-1.7	0.040564
0	-1.6	0.039266
0	-1.5	0.037995
0	-1.4	0.037998
0	-1.3	0.041128
0	-1.2	0.043705
0	-1.1	0.049887
0	-1	0.05508
0	-0.9	0.056664
0	-0.8	0.056022
0	-0.7	0.055049
0	-0.6	0.047139
0	-0.5	0.04365
0	-0.4	0.035769
0	-0.3	0.030319
0	-0.2	0.025737
0	-0.1	0.02424
0	0	0.023528
0	0.1	0.024659
0	0.2	0.027937
0	0.3	0.032726
0	0.4	0.034942
0	0.5	0.041672
0	0.6	0.044404
0	0.7	0.047104
0	0.8	0.047629
0	0.9	0.047775
0	1	0.04667
0	1.1	0.046373
0	1.2	0.043962
0	1.3	0.042494
0	1.4	0.038958
0	1.5	0.037547
0	1.6	0.033397
0	1.7	0.03178
0	1.8	0.030017
0	1.9	0.029804
0	2	0.029277
0	2.1	0.0278
0	2.2	0.026433
0	2.3	0.025336
0	2.4	0.022696
0	2.5	0.02077
0	2.6	0.019042
0	2.7	0.018513
0	2.8	0.018112
0	2.9	0.017314
0	3	0.016163
0	3.1	0.015055
0	3.2	0.012794
0	3.3	0.011719
0	3.4	0.011278
0	3.5	0.010768
0	3.6	0.010486
0	3.7	0.010401
0	3.8	0.010186
0	3.9	0.010259
0	4	0.010119
10	-4	0.0090215
10	-3.9	0.010615
10	-3.8	0.011888
10	-3.7	0.011859
10	-3.6	0.010345
10	-3.5	0.0090964
10	-3.4	0.0097698
10	-3.3	0.013304
10	-3.2	0.017386
10	-3.1	0.018719
10	-3	0.019114
10	-2.9	0.019267
10	-2.8	0.019789
10	-2.7	0.022698
10	-2.6	0.026527
10	-2.5	0.032875
10	-2.4	0.034732
10	-2.3	0.037096
10	-2.2	0.037207
10	-2.1	0.037126
10	-2	0.0376
10	-1.9	0.039504
10	-1.8	0.040994
10	-1.7	0.042773
10	-1.6	0.043164
10	-1.5	0.042101
10	-1.4	0.039841
10	-1.3	0.040675
10	-1.2	0.044346
10	-1.1	0.051918
10	-1	0.056329
10	-0.9	0.059377
10	-0.8	0.059931
10	-0.7	0.056088
10	-0.6	0.051587
10	-0.5	0.044286
10	-0.4	0.035916
10	-0.3	0.030256
10	-0.2	0.026186
10	-0.1	0.023299
10	0	0.022338
10	0.1	0.02536
10	0.2	0.02867
10	0.3	0.032667
10	0.4	0.038658
10	0.5	0.042412
10	0.6	0.046911
10	0.7	0.04874
10	0.8	0.0494
10	0.9	0.051274
10	1	0.05012
10	1.1	0.048095
10	1.2	0.044626
10	1.3	0.041028
10	1.4	0.036089
10	1.5	0.033308
10	1.6	0.03124
10	1.7	0.030378
10	1.8	0.029229
10	1.9	0.027552
10	2	0.025816
10	2.1	0.025122
10	2.2	0.023391
10	2.3	0.021749
10	2.4	0.021039
10	2.5	0.020237
10	2.6	0.020226
10	2.7	0.019397
10	2.8	0.01756
10	2.9	0.015626
10	3	0.013588
10	3.1	0.012973
10	3.2	0.012737
10	3.3	0.012806
10	3.4	0.013609
10	3.5	0.014157
10	3.6	0.013391
10	3.7	0.012827
10	3.8	0.011011
10	3.9	0.010853
10	4	0.011245
20	-4	0.0088825
20	-3.9	0.010049
20	-3.8	0.010757
20	-3.7	0.010287
20	-3.6	0.009857
20	-3.5	0.0086652
20	-3.4	0.0092619
20	-3.3	0.011126
20	-3.2	0.014548
20	-3.1	0.015466
20	-3	0.016284
20	-2.9	0.01778
20	-2.8	0.018824
20	-2.7	0.022829
20	-2.6	0.025685
20	-2.5	0.029386
20	-2.4	0.032029
20	-2.3	0.032382
20	-2.2	0.033661
20	-2.1	0.034735
20	-2	0.035451
20	-1.9	0.038271
20	-1.8	0.040212
20	-1.7	0.040596
20	-1.6	0.040069
20	-1.5	0.038758
20	-1.4	0.038106
20	-1.3	0.039168
20	-1.2	0.044937
20	-1.1	0.047904
20	-1	0.053077
20	-0.9	0.058824
20	-0.8	0.058424
20	-0.7	0.056248
20	-0.6	0.054038
20	-0.5	0.047423
20	-0.4	0.040108
20	-0.3	0.035568
20	-0.2	0.029431
20	-0.1	0.026328
20	0	0.023635
20	0.1	0.024927
20	0.2	0.027698
20	0.3	0.032206
20	0.4	0.036524
20	0.5	0.041126
20	0.6	0.045878
20	0.7	0.048214
20	0.8	0.047683
20	0.9	0.047272
20	1	0.047159
20	1.1	0.044847
20	1.2	0.043076
20	1.3	0.041573
20	1.4	0.039847
20	1.5	0.037555
20	1.6	0.034266
20	1.7	0.031586
20	1.8	0.029786
20	1.9	0.028605
20	2	0.026436
20	2.1	0.025352
20	2.2	0.025566
20	2.3	0.024934
20	2.4	0.022555
20	2.5	0.020695
20	2.6	0.019383
20	2.7	0.018973
20	2.8	0.016824
20	2.9	0.01541
20	3	0.013159
20	3.1	0.012352
20	3.2	0.011415
20	3.3	0.010853
20	3.4	0.010546
20	3.5	0.011302
20	3.6	0.012611
20	3.7	0.011792
20	3.8	0.010727
20	3.9	0.0094263
20	4	0.0091461
30	-4	0.0083382
30	-3.9	0.0091849
30	-3.8	0.010192
30	-3.7	0.009811
30	-3.6	0.0088515
30	-3.5	0.0089043
30	-3.4	0.0098143
30	-3.3	0.011719
30	-3.2	0.014437
30	-3.1	0.015872
30	-3	0.01645
30	-2.9	0.017247
30	-2.8	0.018917
30	-2.7	0.022293
30	-2.6	0.027101
30	-2.5	0.031317
30	-2.4	0.033428
30	-2.3	0.034645
30	-2.2	0.034693
30	-2.1	0.035337
30	-2	0.036222
30	-1.9	0.039997
30	-1.8	0.0419
30	-1.7	0.042582
30	-1.6	0.042241
30	-1.5	0.040424
30	-1.4	0.03827
30	-1.3	0.039591
30	-1.2	0.041918
30	-1.1	0.048253
30	-1	0.054327
30	-0.9	0.058789
30	-0.8	0.059519
30	-0.7	0.059318
30	-0.6	0.054273
30	-0.5	0.049298
30	-0.4	0.043419
30	-0.3	0.035317
30	-0.2	0.030134
30	-0.1	0.025195
30	0	0.022488
30	0.1	0.022671
30	0.2	0.025399
30	0.3	0.029327
30	0.4	0.034398
30	0.5	0.041331
30	0.6	0.044137
30	0.7	0.046988
30	0.8	0.048042
30	0.9	0.048855
30	1	0.047946
30	1.1	0.046171
30	1.2	0.044069
30	1.3	0.042208
30	1.4	0.040175
30	1.5	0.038404
30	1.6	0.036116
30	1.7	0.033039
30	1.8	0.030881
30	1.9	0.029189
30	2	0.027904
30	2.1	0.02633
30	2.2	0.025049
30	2.3	0.024542
30	2.4	0.023453
30	2.5	0.021443
30	2.6	0.021137
30	2.7	0.020006
30	2.8	0.019399
30	2.9	0.01775
30	3	0.016253
30	3.1	0.014498
30	3.2	0.013516
30	3.3	0.012908
30	3.4	0.013001
30	3.5	0.012857
30	3.6	0.012729
30	3.7	0.012338
30	3.8	0.010502
30	3.9	0.0085601
30	4	0.0079817
40	-4	0.0082388
40	-3.9	0.0088039
40	-3.8	0.0085695
40	-3.7	0.0087468
40	-3.6	0.0084173
40	-3.5	0.0085563
40	-3.4	0.010854
40	-3.3	0.012967
40	-3.2	0.014486
40	-3.1	0.015989
40	-3	0.015967
40	-2.9	0.016304
40	-2.8	0.017388
40	-2.7	0.020441
40	-2.6	0.024115
40	-2.5	0.028863
40	-2.4	0.031787
40	-2.3	0.033096
40	-2.2	0.032931
40	-2.1	0.032547
40	-2	0.032662
40	-1.9	0.03511
40	-1.8	0.036755
40	-1.7	0.039612
40	-1.6	0.039679
40	-1.5	0.038982
40	-1.4	0.036754
40	-1.3	0.036624
40	-1.2	0.039351
40	-1.1	0.044155
40	-1	0.049003
40	-0.9	0.05599
40	-0.8	0.058371
40	-0.7	0.0578
40	-0.6	0.055901
40	-0.5	0.049578
40	-0.4	0.04251
40	-0.3	0.034586
40	-0.2	0.026715
40	-0.1	0.022262
40	0	0.020704
40	0.1	0.020315
40	0.2	0.022264
40	0.3	0.026467
40	0.4	0.029545
40	0.5	0.033887
40	0.6	0.040874
40	0.7	0.043768
40	0.8	0.046258
40	0.9	0.047816
40	1	0.047388
40	1.1	0.045468
40	1.2	0.04354
40	1.3	0.040199
40	1.4	0.038555
40	1.5	0.034944
40	1.6	0.032977
40	1.7	0.03082
40	1.8	0.029939
40	1.9	0.027994
40	2	0.025704
40	2.1	0.024199
40	2.2	0.022868
40	2.3	0.021552
40	2.4	0.020971
40	2.5	0.019229
40	2.6	0.018554
40	2.7	0.01871
40	2.8	0.017016
40	2.9	0.015213
40	3	0.014703
40	3.1	0.013771
40	3.2	0.01364
40	3.3	0.013258
40	3.4	0.013553
40	3.5	0.013043
40	3.6	0.011789
40	3.7	0.010008
40	3.8	0.0093919
40	3.9	0.0089604
40	4	0.0091602
50	-4	0.0063385
50	-3.9	0.0078839
50	-3.8	0.0087929
50	-3.7	0.0094194
50	-3.6	0.0080683
50	-3.5	0.0072607
50	-3.4	0.0087727
50	-3.3	0.0099354
50	-3.2	0.013484
50	-3.1	0.01528
50	-3	0.015791
50	-2.9	0.015377
50	-2.8	0.01521
50	-2.7	0.01707
50	-2.6	0.021549
50	-2.5	0.026347
50	-2.4	0.031576
50	-2.3	0.034207
50	-2.2	0.035328
50	-2.1	0.034045
50	-2	0.032919
50	-1.9	0.032352
50	-1.8	0.034102
50	-1.7	0.037647
50	-1.6	0.039526
50	-1.5	0.039048
50	-1.4	0.038339
50	-1.3	0.03746
50	-1.2	0.038654
50	-1.1	0.042536
50	-1	0.049068
50	-0.9	0.05422
50	-0.8	0.057151
50	-0.7	0.058508
50	-0.6	0.05419
50	-0.5	0.050372
50	-0.4	0.041736
50	-0.3	0.034642
50	-0.2	0.026352
50	-0.1	0.020764
50	0	0.017926
50	0.1	0.016874
50	0.2	0.019161
50	0.3	0.023959
50	0.4	0.029714
50	0.5	0.033538
50	0.6	0.038201
50	0.7	0.042684
50	0.8	0.044112
50	0.9	0.046646
50	1	0.046706
50	1.1	0.047143
50	1.2	0.045948
50	1.3	0.044401
50	1.4	0.042416
50	1.5	0.036494
50	1.6	0.032821
50	1.7	0.0302
50	1.8	0.027263
50	1.9	0.026757
50	2	0.026701
50	2.1	0.026573
50	2.2	0.026112
50	2.3	0.02535
50	2.4	0.022547
50	2.5	0.01936
50	2.6	0.01731
50	2.7	0.01644
50	2.8	0.016048
50	2.9	0.015001
50	3	0.014586
50	3.1	0.014131
50	3.2	0.013261
50	3.3	0.01226
50	3.4	0.011346
50	3.5	0.011238
50	3.6	0.010839
50	3.7	0.0097449
50	3.8	0.0093764
50	3.9	0.0093816
50	4	0.0086409
60	-4	0.0066399
60	-3.9	0.0078982
60	-3.8	0.0089856
60	-3.7	0.0088734
60	-3.6	0.0073404
60	-3.5	0.0072473
60	-3.4	0.0082014
60	-3.3	0.010555
60	-3.2	0.013105
60	-3.1	0.014435
60	-3	0.014792
60	-2.9	0.014556
60	-2.8	0.014899
60	-2.7	0.017008
60	-2.6	0.020261
60	-2.5	0.023043
60	-2.4	0.028105
60	-2.3	0.029518
60	-2.2	0.030569
60	-2.1	0.030656
60	-2	0.029866
60	-1.9	0.029994
60	-1.8	0.03172
60	-1.7	0.035178
60	-1.6	0.036012
60	-1.5	0.036535
60	-1.4	0.035011
60	-1.3	0.034725
60	-1.2	0.035649
60	-1.1	0.040924
60	-1	0.046502
60	-0.9	0.05212
60	-0.8	0.056395
60	-0.7	0.057485
60	-0.6	0.054447
60	-0.5	0.047673
60	-0.4	0.03974
60	-0.3	0.031375
60	-0.2	0.024684
60	-0.1	0.018064
60	0	0.015207
60	0.1	0.014433
60	0.2	0.016935
60	0.3	0.020756
60	0.4	0.024298
60	0.5	0.030749
60	0.6	0.03592
60	0.7	0.040652
60	0.8	0.043435
60	0.9	0.044891
60	1	0.045192
60	1.1	0.04535
60	1.2	0.045273
60	1.3	0.043127
60	1.4	0.040023
60	1.5	0.037863
60	1.6	0.031553
60	1.7	0.028338
60	1.8	0.025839
60	1.9	0.025692
60	2	0.025813
60	2.1	0.025117
60	2.2	0.025041
60	2.3	0.023836
60	2.4	0.021509
60	2.5	0.018122
60	2.6	0.016033
60	2.7	0.015156
60	2.8	0.01561
60	2.9	0.015673
60	3	0.015704
60	3.1	0.014418
60	3.2	0.012442
60	3.3	0.010506
60	3.4	0.0091071
60	3.5	0.0083711
60	3.6	0.0089098
60	3.7	0.0093661
60	3.8	0.0096147
60	3.9	0.0083149
60	4	0.0077224
70	-4	0.006559
70	-3.9	0.0077098
70	-3.8	0.0092985
70	-3.7	0.0093471
70	-3.6	0.0092217
70	-3.5	0.0086446
70	-3.4	0.0084115
70	-3.3	0.0087708
70	-3.2	0.0096666
70	-3.1	0.012492
70	-3	0.014391
70	-2.9	0.016461
70	-2.8	0.018177
70	-2.7	0.019295
70	-2.6	0.022537
70	-2.5	0.024633
70	-2.4	0.028071
70	-2.3	0.029148
70	-2.2	0.029968
70	-2.1	0.030332
70	-2	0.030995
70	-1.9	0.032146
70	-1.8	0.033258
70	-1.7	0.033231
70	-1.6	0.033108
70	-1.5	0.032145
70	-1.4	0.029668
70	-1.3	0.030952
70	-1.2	0.034139
70	-1.1	0.037309
70	-1	0.044447
70	-0.9	0.048957
70	-0.8	0.051892
70	-0.7	0.051448
70	-0.6	0.047465
70	-0.5	0.043699
70	-0.4	0.037316
70	-0.3	0.02896
70	-0.2	0.022561
70	-0.1	0.017104
70	0	0.014273
70	0.1	0.013668
70	0.2	0.015133
70	0.3	0.017398
70	0.4	0.02047
70	0.5	0.024056
70	0.6	0.029268
70	0.7	0.033516
70	0.8	0.037743
70	0.9	0.040597
70	1	0.041613
70	1.1	0.042335
70	1.2	0.040912
70	1.3	0.039392
70	1.4	0.03699
70	1.5	0.034646
70	1.6	0.032602
70	1.7	0.029335
70	1.8	0.028253
70	1.9	0.028009
70	2	0.02713
70	2.1	0.025779
70	2.2	0.024562
70	2.3	0.023592
70	2.4	0.022452
70	2.5	0.022048
70	2.6	0.020808
70	2.7	0.020808
70	2.8	0.01973
70	2.9	0.017978
70	3	0.016592
70	3.1	0.015952
70	3.2	0.014964
70	3.3	0.014798
70	3.4	0.013819
70	3.5	0.012554
70	3.6	0.012315
70	3.7	0.011107
70	3.8	0.0106
70	3.9	0.010211
70	4	0.0096717
80	-4	0.0072026
80	-3.9	0.0088716
80	-3.8	0.0094142
80	-3.7	0.0096264
80	-3.6	0.0081102
80	-3.5	0.0076382
80	-3.4	0.0083227
80	-3.3	0.0094963
80	-3.2	0.012217
80	-3.1	0.013625
80	-3	0.014377
80	-2.9	0.014615
80	-2.8	0.015449
80	-2.7	0.01704
80	-2.6	0.020095
80	-2.5	0.024642
80	-2.4	0.026486
80	-2.3	0.029208
80	-2.2	0.029468
80	-2.1	0.028408
80	-2	0.027302
80	-1.9	0.027665
80	-1.8	0.029178
80	-1.7	0.03133
80	-1.6	0.031897
80	-1.5	0.032484
80	-1.4	0.030283
80	-1.3	0.029436
80	-1.2	0.029969
80	-1.1	0.035434
80	-1	0.041314
80	-0.9	0.047198
80	-0.8	0.052687
80	-0.7	0.054976
80	-0.6	0.053677
80	-0.5	0.048764
80	-0.4	0.041577
80	-0.3	0.029973
80	-0.2	0.022731
80	-0.1	0.016022
80	0	0.011629
80	0.1	0.0096264
80	0.2	0.01154
80	0.3	0.014792
80	0.4	0.020844
80	0.5	0.026887
80	0.6	0.03242
80	0.7	0.036748
80	0.8	0.040222
80	0.9	0.043254
80	1	0.044355
80	1.1	0.04347
80	1.2	0.042323
80	1.3	0.039417
80	1.4	0.038271
80	1.5	0.03675
80	1.6	0.032217
80	1.7	0.027754
80	1.8	0.025753
80	1.9	0.024583
80	2	0.023537
80	2.1	0.021748
80	2.2	0.020624
80	2.3	0.020174
80	2.4	0.019203
80	2.5	0.017983
80	2.6	0.017247
80	2.7	0.017693
80	2.8	0.016929
80	2.9	0.016145
80	3	0.01456
80	3.1	0.013332
80	3.2	0.012452
80	3.3	0.012021
80	3.4	0.011907
80	3.5	0.012104
80	3.6	0.012557
80	3.7	0.012589
80	3.8	0.011917
80	3.9	0.010398
80	4	0.0090126
90	-4	0.0057221
90	-3.9	0.0067125
90	-3.8	0.0073183
90	-3.7	0.0080281
90	-3.6	0.0081102
90	-3.5	0.0075402
90	-3.4	0.0073536
90	-3.3	0.0081619
90	-3.2	0.010164
90	-3.1	0.01212
90	-3	0.013554
90	-2.9	0.014727
90	-2.8	0.015901
90	-2.7	0.017942
90	-2.6	0.021034
90	-2.5	0.024927
90	-2.4	0.028415
90	-2.3	0.030122
90	-2.2	0.030453
90	-2.1	0.030083
90	-2	0.029219
90	-1.9	0.029186
90	-1.8	0.029744
90	-1.7	0.030522
90	-1.6	0.030214
90	-1.5	0.029553
90	-1.4	0.027767
90	-1.3	0.027834
90	-1.2	0.03259
90	-1.1	0.036742
90	-1	0.042541
90	-0.9	0.046724
90	-0.8	0.051086
90	-0.7	0.05158
90	-0.6	0.050493
90	-0.5	0.044994
90	-0.4	0.038322
90	-0.3	0.030241
90	-0.2	0.022079
90	-0.1	0.014836
90	0	0.01123
90	0.1	0.0093885
90	0.2	0.011007
90	0.3	0.013861
90	0.4	0.016988
90	0.5	0.022423
90	0.6	0.026861
90	0.7	0.032186
90	0.8	0.035488
90	0.9	0.040607
90	1	0.043938
90	1.1	0.043895
90	1.2	0.043679
90	1.3	0.041127
90	1.4	0.038469
90	1.5	0.035429
90	1.6	0.032724
90	1.7	0.028853
90	1.8	0.027701
90	1.9	0.02798
90	2	0.0272
90	2.1	0.026732
90	2.2	0.025096
90	2.3	0.022713
90	2.4	0.021273
90	2.5	0.020304
90	2.6	0.020137
90	2.7	0.020493
90	2.8	0.020347
90	2.9	0.018953
90	3	0.016365
90	3.1	0.013546
90	3.2	0.011451
90	3.3	0.010893
90	3.4	0.011199
90	3.5	0.012115
90	3.6	0.012249
90	3.7	0.011879
90	3.8	0.010583
90	3.9	0.0090644
90	4	0.0077849
100	-4	0.0081817
100	-3.9	0.0090072
100	-3.8	0.0092095
100	-3.7	0.008006
100	-3.6	0.0067125
100	-3.5	0.0070346
100	-3.4	0.0082112
100	-3.3	0.012186
100	-3.2	0.01336
100	-3.1	0.014773
100	-3	0.014477
100	-2.9	0.01364
100	-2.8	0.014338
100	-2.7	0.017268
100	-2.6	0.02147
100	-2.5	0.023967
100	-2.4	0.027978
100	-2.3	0.029334
100	-2.2	0.029248
100	-2.1	0.027986
100	-2	0.026944
100	-1.9	0.025763
100	-1.8	0.026547
100	-1.7	0.027691
100	-1.6	0.02934
100	-1.5	0.028966
100	-1.4	0.027657
100	-1.3	0.026682
100	-1.2	0.029397
100	-1.1	0.035098
100	-1	0.042353
100	-0.9	0.0471
100	-0.8	0.052453
100	-0.7	0.053851
100	-0.6	0.051542
100	-0.5	0.046909
100	-0.4	0.036962
100	-0.3	0.030159
100	-0.2	0.02043
100	-0.1	0.011575
100	0	0.0093764
100	0.1	0.0083846
100	0.2	0.01225
100	0.3	0.014841
100	0.4	0.017531
100	0.5	0.023675
100	0.6	0.027614
100	0.7	0.032649
100	0.8	0.038684
100	0.9	0.041483
100	1	0.044161
100	1.1	0.045204
100	1.2	0.043945
100	1.3	0.04199
100	1.4	0.039122
100	1.5	0.036755
100	1.6	0.033197
100	1.7	0.029858
100	1.8	0.029302
100	1.9	0.027436
100	2	0.026372
100	2.1	0.025324
100	2.2	0.024171
100	2.3	0.023431
100	2.4	0.022084
100	2.5	0.021135
100	2.6	0.020579
100	2.7	0.020038
100	2.8	0.018999
100	2.9	0.017905
100	3	0.016436
100	3.1	0.015809
100	3.2	0.014189
100	3.3	0.013719
100	3.4	0.013749
100	3.5	0.013205
100	3.6	0.01263
100	3.7	0.012299
100	3.8	0.01141
100	3.9	0.0099322
100	4	0.01006
110	-4	0.0059274
110	-3.9	0.0063462
110	-3.8	0.0059165
110	-3.7	0.0067891
110	-3.6	0.007053
110	-3.5	0.0072205
110	-3.4	0.0073272
110	-3.3	0.0084
110	-3.2	0.010132
110	-3.1	0.011132
110	-3	0.012017
110	-2.9	0.012772
110	-2.8	0.013945
110	-2.7	0.01729
110	-2.6	0.019815
110	-2.5	0.023753
110	-2.4	0.026768
110	-2.3	0.028391
110	-2.2	0.028356
110	-2.1	0.028087
110	-2	0.027569
110	-1.9	0.027376
110	-1.8	0.027261
110	-1.7	0.027758
110	-1.6	0.027763
110	-1.5	0.027498
110	-1.4	0.027729
110	-1.3	0.029127
110	-1.2	0.032308
110	-1.1	0.037556
110	-1	0.041781
110	-0.9	0.048749
110	-0.8	0.051356
110	-0.7	0.052121
110	-0.6	0.048408
110	-0.5	0.043025
110	-0.4	0.038384
110	-0.3	0.027939
110	-0.2	0.022066
110	-0.1	0.014136
110	0	0.0093453
110	0.1	0.0079391
110	0.2	0.0091761
110	0.3	0.012096
110	0.4	0.016233
110	0.5	0.021269
110	0.6	0.028037
110	0.7	0.032592
110	0.8	0.036302
110	0.9	0.041199
110	1	0.04403
110	1.1	0.045542
110	1.2	0.04466
110	1.3	0.044404
110	1.4	0.042216
110	1.5	0.03885
110	1.6	0.035201
110	1.7	0.031754
110	1.8	0.030095
110	1.9	0.026908
110	2	0.025969
110	2.1	0.025663
110	2.2	0.025496
110	2.3	0.024943
110	2.4	0.023567
110	2.5	0.021917
110	2.6	0.019457
110	2.7	0.018235
110	2.8	0.016239
110	2.9	0.015188
110	3	0.014205
110	3.1	0.013049
110	3.2	0.011954
110	3.3	0.01141
110	3.4	0.010679
110	3.5	0.0097896
110	3.6	0.0087616
110	3.7	0.007358
110	3.8	0.0066033
110	3.9	0.0060248
110	4	0.0060569
120	-4	0.0062564
120	-3.9	0.0061021
120	-3.8	0.0063893
120	-3.7	0.0069118
120	-3.6	0.0070208
120	-3.5	0.0070644
120	-3.4	0.0075851
120	-3.3	0.0086763
120	-3.2	0.0092445
120	-3.1	0.010836
120	-3	0.012213
120	-2.9	0.013619
120	-2.8	0.015386
120	-2.7	0.018297
120	-2.6	0.019673
120	-2.5	0.022939
120	-2.4	0.024712
120	-2.3	0.027354
120	-2.2	0.028069
120	-2.1	0.029184
120	-2	0.029315
120	-1.9	0.028104
120	-1.8	0.027648
120	-1.7	0.026628
120	-1.6	0.026332
120	-1.5	0.026724
120	-1.4	0.026638
120	-1.3	0.02996
120	-1.2	0.034378
120	-1.1	0.037697
120	-1	0.042501
120	-0.9	0.048679
120	-0.8	0.053376
120	-0.7	0.053428
120	-0.6	0.051986
120	-0.5	0.045909
120	-0.4	0.03863
120	-0.3	0.027461
120	-0.2	0.02377
120	-0.1	0.012671
120	0	0.010221
120	0.1	0.0078942
120	0.2	0.009295
120	0.3	0.010638
120	0.4	0.01446
120	0.5	0.021524
120	0.6	0.027405
120	0.7	0.03601
120	0.8	0.040882
120	0.9	0.044195
120	1	0.045532
120	1.1	0.046085
120	1.2	0.044898
120	1.3	0.043743
120	1.4	0.042735
120	1.5	0.040321
120	1.6	0.036702
120	1.7	0.034202
120	1.8	0.031791
120	1.9	0.02968
120	2	0.028102
120	2.1	0.027658
120	2.2	0.027347
120	2.3	0.02664
120	2.4	0.024607
120	2.5	0.021971
120	2.6	0.020242
120	2.7	0.018716
120	2.8	0.017574
120	2.9	0.016826
120	3	0.015811
120	3.1	0.014502
120	3.2	0.013199
120	3.3	0.011512
120	3.4	0.010137
120	3.5	0.0096197
120	3.6	0.0089622
120	3.7	0.0088149
120	3.8	0.0079431
120	3.9	0.0077245
120	4	0.0073974
130	-4	0.0061206
130	-3.9	0.007135
130	-3.8	0.0082014
130	-3.7	0.0086315
130	-3.6	0.0085827
130	-3.5	0.0069514
130	-3.4	0.0067149
130	-3.3	0.0071869
130	-3.2	0.0086949
130	-3.1	0.011752
130	-3	0.013495
130	-2.9	0.014242
130	-2.8	0.014966
130	-2.7	0.016807
130	-2.6	0.018982
130	-2.5	0.023038
130	-2.4	0.027069
130	-2.3	0.030116
130	-2.2	0.030493
130	-2.1	0.030236
130	-2	0.028366
130	-1.9	0.026883
130	-1.8	0.026012
130	-1.7	0.026003
130	-1.6	0.02579
130	-1.5	0.025498
130	-1.4	0.024735
130	-1.3	0.024813
130	-1.2	0.028084
130	-1.1	0.034976
130	-1	0.043148
130	-0.9	0.046359
130	-0.8	0.051211
130	-0.7	0.052957
130	-0.6	0.051166
130	-0.5	0.044958
130	-0.4	0.037348
130	-0.3	0.032664
130	-0.2	0.023893
130	-0.1	0.015126
130	0	0.0092322
130	0.1	0.0083865
130	0.2	0.0094108
130	0.3	0.012083
130	0.4	0.016234
130	0.5	0.022303
130	0.6	0.028666
130	0.7	0.035071
130	0.8	0.040471
130	0.9	0.044207
130	1	0.045582
130	1.1	0.045455
130	1.2	0.04448
130	1.3	0.04306
130	1.4	0.039308
130	1.5	0.034794
130	1.6	0.033173
130	1.7	0.029219
130	1.8	0.028039
130	1.9	0.027659
130	2	0.027177
130	2.1	0.026561
130	2.2	0.025988
130	2.3	0.024611
130	2.4	0.023292
130	2.5	0.021199
130	2.6	0.019906
130	2.7	0.018521
130	2.8	0.018052
130	2.9	0.016709
130	3	0.015813
130	3.1	0.013484
130	3.2	0.011943
130	3.3	0.010813
130	3.4	0.010836
130	3.5	0.010486
130	3.6	0.010724
130	3.7	0.0097416
130	3.8	0.0093194
130	3.9	0.0083343
130	4	0.0078284
140	-4	0.0067173
140	-3.9	0.0070254
140	-3.8	0.0076909
140	-3.7	0.0077537
140	-3.6	0.0072138
140	-3.5	0.0064597
140	-3.4	0.0063002
140	-3.3	0.0067437
140	-3.2	0.0081797
140	-3.1	0.00973
140	-3	0.011213
140	-2.9	0.012319
140	-2.8	0.014324
140	-2.7	0.016804
140	-2.6	0.019552
140	-2.5	0.022755
140	-2.4	0.025427
140	-2.3	0.027212
140	-2.2	0.028354
140	-2.1	0.028474
140	-2	0.028339
140	-1.9	0.028699
140	-1.8	0.028842
140	-1.7	0.028631
140	-1.6	0.027836
140	-1.5	0.025136
140	-1.4	0.024724
140	-1.3	0.024588
140	-1.2	0.026908
140	-1.1	0.035568
140	-1	0.045257
140	-0.9	0.051017
140	-0.8	0.054356
140	-0.7	0.055289
140	-0.6	0.051555
140	-0.5	0.044185
140	-0.4	0.040073
140	-0.3	0.028661
140	-0.2	0.020033
140	-0.1	0.013942
140	0	0.0093661
140	0.1	0.0090733
140	0.2	0.0098028
140	0.3	0.012409
140	0.4	0.016016
140	0.5	0.023515
140	0.6	0.029556
140	0.7	0.036064
140	0.8	0.041072
140	0.9	0.044092
140	1	0.044156
140	1.1	0.043356
140	1.2	0.04163
140	1.3	0.040228
140	1.4	0.038084
140	1.5	0.036483
140	1.6	0.03477
140	1.7	0.032046
140	1.8	0.029601
140	1.9	0.028056
140	2	0.02788
140	2.1	0.027854
140	2.2	0.027509
140	2.3	0.027203
140	2.4	0.025552
140	2.5	0.023829
140	2.6	0.022015
140	2.7	0.01987
140	2.8	0.018771
140	2.9	0.017076
140	3	0.016073
140	3.1	0.014666
140	3.2	0.013106
140	3.3	0.011565
140	3.4	0.010345
140	3.5	0.010337
140	3.6	0.010756
140	3.7	0.012024
140	3.8	0.012171
140	3.9	0.012115
140	4	0.011725
150	-4	0.0062279
150	-3.9	0.0069931
150	-3.8	0.0076867
150	-3.7	0.0076297
150	-3.6	0.0066472
150	-3.5	0.0063487
150	-3.4	0.0061758
150	-3.3	0.0063027
150	-3.2	0.0079085
150	-3.1	0.0097383
150	-3	0.010494
150	-2.9	0.011566
150	-2.8	0.013175
150	-2.7	0.014636
150	-2.6	0.018268
150	-2.5	0.023663
150	-2.4	0.026344
150	-2.3	0.028279
150	-2.2	0.029076
150	-2.1	0.028296
150	-2	0.027838
150	-1.9	0.027718
150	-1.8	0.028152
150	-1.7	0.028724
150	-1.6	0.028026
150	-1.5	0.025589
150	-1.4	0.02369
150	-1.3	0.023294
150	-1.2	0.028197
150	-1.1	0.03379
150	-1	0.042409
150	-0.9	0.046906
150	-0.8	0.051761
150	-0.7	0.053649
150	-0.6	0.050436
150	-0.5	0.04523
150	-0.4	0.037512
150	-0.3	0.029864
150	-0.2	0.021116
150	-0.1	0.015843
150	0	0.011083
150	0.1	0.010063
150	0.2	0.011209
150	0.3	0.014413
150	0.4	0.019987
150	0.5	0.024399
150	0.6	0.032731
150	0.7	0.037956
150	0.8	0.041519
150	0.9	0.044675
150	1	0.04547
150	1.1	0.044095
150	1.2	0.042307
150	1.3	0.04048
150	1.4	0.038124
150	1.5	0.03613
150	1.6	0.032655
150	1.7	0.031556
150	1.8	0.029595
150	1.9	0.028806
150	2	0.027572
150	2.1	0.027389
150	2.2	0.026555
150	2.3	0.025355
150	2.4	0.02346
150	2.5	0.022083
150	2.6	0.0212
150	2.7	0.020696
150	2.8	0.020114
150	2.9	0.018775
150	3	0.016752
150	3.1	0.015098
150	3.2	0.012607
150	3.3	0.011074
150	3.4	0.010713
150	3.5	0.011219
150	3.6	0.011751
150	3.7	0.011963
150	3.8	0.010727
150	3.9	0.0095523
150	4	0.0083207
160	-4	0.0065096
160	-3.9	0.0069954
160	-3.8	0.0080422
160	-3.7	0.0085127
160	-3.6	0.0078839
160	-3.5	0.0069047
160	-3.4	0.0065145
160	-3.3	0.0070804
160	-3.2	0.0097034
160	-3.1	0.010653
160	-3	0.010832
160	-2.9	0.011393
160	-2.8	0.012281
160	-2.7	0.016585
160	-2.6	0.020959
160	-2.5	0.024155
160	-2.4	0.027264
160	-2.3	0.030286
160	-2.2	0.030494
160	-2.1	0.03089
160	-2	0.029808
160	-1.9	0.028679
160	-1.8	0.027915
160	-1.7	0.028161
160	-1.6	0.02693
160	-1.5	0.025422
160	-1.4	0.023761
160	-1.3	0.023562
160	-1.2	0.027163
160	-1.1	0.034399
160	-1	0.039805
160	-0.9	0.047029
160	-0.8	0.049695
160	-0.7	0.050729
160	-0.6	0.048361
160	-0.5	0.041961
160	-0.4	0.037073
160	-0.3	0.029747
160	-0.2	0.020945
160	-0.1	0.013992
160	0	0.011314
160	0.1	0.011329
160	0.2	0.013032
160	0.3	0.015494
160	0.4	0.021023
160	0.5	0.027515
160	0.6	0.032508
160	0.7	0.039231
160	0.8	0.043043
160	0.9	0.04468
160	1	0.045528
160	1.1	0.044118
160	1.2	0.042035
160	1.3	0.039001
160	1.4	0.03731
160	1.5	0.032955
160	1.6	0.030405
160	1.7	0.029682
160	1.8	0.029118
160	1.9	0.028717
160	2	0.028137
160	2.1	0.027665
160	2.2	0.026217
160	2.3	0.024522
160	2.4	0.02163
160	2.5	0.020123
160	2.6	0.01918
160	2.7	0.01816
160	2.8	0.01674
160	2.9	0.015301
160	3	0.014243
160	3.1	0.011526
160	3.2	0.009976
160	3.3	0.0095303
160	3.4	0.0098947
160	3.5	0.010094
160	3.6	0.010218
160	3.7	0.00969
160	3.8	0.0086071
160	3.9	0.0075915
160	4	0.0072696
170	-4	0.0070185
170	-3.9	0.007789
170	-3.8	0.0083091
170	-3.7	0.0081718
170	-3.6	0.0069816
170	-3.5	0.0063078
170	-3.4	0.006295
170	-3.3	0.0074366
170	-3.2	0.0087394
170	-3.1	0.0090876
170	-3	0.0093263
170	-2.9	0.009735
170	-2.8	0.011704
170	-2.7	0.014707
170	-2.6	0.019166
170	-2.5	0.021844
170	-2.4	0.027285
170	-2.3	0.029042
170	-2.2	0.029186
170	-2.1	0.029126
170	-2	0.028592
170	-1.9	0.028942
170	-1.8	0.029083
170	-1.7	0.028872
170	-1.6	0.02647
170	-1.5	0.02403
170	-1.4	0.022715
170	-1.3	0.022953
170	-1.2	0.026531
170	-1.1	0.031831
170	-1	0.039414
170	-0.9	0.044128
170	-0.8	0.048724
170	-0.7	0.049308
170	-0.6	0.047126
170	-0.5	0.041541
170	-0.4	0.035238
170	-0.3	0.026849
170	-0.2	0.021101
170	-0.1	0.017097
170	0	0.013727
170	0.1	0.013786
170	0.2	0.014781
170	0.3	0.017381
170	0.4	0.023536
170	0.5	0.029391
170	0.6	0.036522
170	0.7	0.040388
170	0.8	0.043361
170	0.9	0.045282
170	1	0.044393
170	1.1	0.042571
170	1.2	0.041069
170	1.3	0.038598
170	1.4	0.037096
170	1.5	0.032948
170	1.6	0.030981
170	1.7	0.029941
170	1.8	0.029032
170	1.9	0.028443
170	2	0.028393
170	2.1	0.028799
170	2.2	0.02808
170	2.3	0.026008
170	2.4	0.023965
170	2.5	0.02037
170	2.6	0.019121
170	2.7	0.016034
170	2.8	0.01385
170	2.9	0.013103
170	3	0.011852
170	3.1	0.011346
170	3.2	0.011122
170	3.3	0.010151
170	3.4	0.0095641
170	3.5	0.0092567
170	3.6	0.0084346
170	3.7	0.0080763
170	3.8	0.0074366
170	3.9	0.0078593
170	4	0.0081202
180	-4	0.0076149
180	-3.9	0.0094451
180	-3.8	0.011008
180	-3.7	0.010862
180	-3.6	0.0088351
180	-3.5	0.0067221
180	-3.4	0.0060516
180	-3.3	0.0074562
180	-3.2	0.010013
180	-3.1	0.011243
180	-3	0.0106
180	-2.9	0.0099257
180	-2.8	0.010256
180	-2.7	0.014116
180	-2.6	0.020153
180	-2.5	0.026119
180	-2.4	0.03106
180	-2.3	0.03255
180	-2.2	0.031816
180	-2.1	0.029283
180	-2	0.027224
180	-1.9	0.026744
180	-1.8	0.028522
180	-1.7	0.03011
180	-1.6	0.030397
180	-1.5	0.028276
180	-1.4	0.023649
180	-1.3	0.021328
180	-1.2	0.023548
180	-1.1	0.030296
180	-1	0.035232
180	-0.9	0.043675
180	-0.8	0.050281
180	-0.7	0.050802
180	-0.6	0.046633
180	-0.5	0.04255
180	-0.4	0.03625
180	-0.3	0.028027
180	-0.2	0.020566
180	-0.1	0.015603
180	0	0.013923
180	0.1	0.014587
180	0.2	0.018342
180	0.3	0.022872
180	0.4	0.025865
180	0.5	0.031168
180	0.6	0.03705
180	0.7	0.041229
180	0.8	0.043463
180	0.9	0.043276
180	1	0.041068
180	1.1	0.039279
180	1.2	0.037122
180	1.3	0.035426
180	1.4	0.032311
180	1.5	0.02809
180	1.6	0.026675
180	1.7	0.025847
180	1.8	0.025243
180	1.9	0.025794
180	2	0.025513
180	2.1	0.025515
180	2.2	0.024607
180	2.3	0.023292
180	2.4	0.021004
180	2.5	0.019233
180	2.6	0.016977
180	2.7	0.015989
180	2.8	0.015349
180	2.9	0.014305
180	3	0.012994
180	3.1	0.011773
180	3.2	0.0112
180	3.3	0.010162
180	3.4	0.010289
180	3.5	0.0097747
180	3.6	0.0089568
180	3.7	0.0083207
180	3.8	0.0077265
180	3.9	0.0080261
180	4	0.0089874
 
Uniformity Ratio =0.51514
