05-Jan-2018
7:48
TXR  008001 RM428 R24
33511B Function Generator
SN =Agilent Technologies,33511B,MY52301476,3.05-1.19-2.00-52-00
freq =+9.240000000000000E+06
burstmode =TRIG
burstN =+6.000000000000000E+01
voltage =+1.5000000000000E-01
 
DSO-X 2022A Oscilloscope
SN =AGILENT TECHNOLOGIES,DSO-X 2022A,MY54310921,02.41.2015102200
probe =+1.0000000E+00
scale =+500.0E-09
position =+19.900000E-06
range =+1.60E+00
units =VOLT
points =+2000
pointmode =NORM
format =BYTE
acqtype =NORM
trigsource =EXT
coupling =AC
 
-180	-4	0.0092863
-180	-3.9	0.011259
-180	-3.8	0.011977
-180	-3.7	0.01243
-180	-3.6	0.012162
-180	-3.5	0.012035
-180	-3.4	0.011537
-180	-3.3	0.012501
-180	-3.2	0.013385
-180	-3.1	0.013752
-180	-3	0.012581
-180	-2.9	0.010638
-180	-2.8	0.0089098
-180	-2.7	0.010446
-180	-2.6	0.014822
-180	-2.5	0.019732
-180	-2.4	0.02587
-180	-2.3	0.029558
-180	-2.2	0.031362
-180	-2.1	0.033592
-180	-2	0.036789
-180	-1.9	0.041228
-180	-1.8	0.046142
-180	-1.7	0.049478
-180	-1.6	0.050898
-180	-1.5	0.050472
-180	-1.4	0.045167
-180	-1.3	0.040694
-180	-1.2	0.032826
-180	-1.1	0.024635
-180	-1	0.026221
-180	-0.9	0.03721
-180	-0.8	0.045714
-180	-0.7	0.05245
-180	-0.6	0.0582
-180	-0.5	0.059995
-180	-0.4	0.058411
-180	-0.3	0.052062
-180	-0.2	0.045552
-180	-0.1	0.036806
-180	0	0.031173
-180	0.1	0.024205
-180	0.2	0.021052
-180	0.3	0.020422
-180	0.4	0.020815
-180	0.5	0.023929
-180	0.6	0.027722
-180	0.7	0.033686
-180	0.8	0.039626
-180	0.9	0.044006
-180	1	0.045162
-180	1.1	0.04668
-180	1.2	0.045015
-180	1.3	0.043002
-180	1.4	0.041028
-180	1.5	0.036427
-180	1.6	0.033731
-180	1.7	0.032003
-180	1.8	0.031114
-180	1.9	0.030588
-180	2	0.02966
-180	2.1	0.029147
-180	2.2	0.029281
-180	2.3	0.028944
-180	2.4	0.02738
-180	2.5	0.024856
-180	2.6	0.022778
-180	2.7	0.019408
-180	2.8	0.018436
-180	2.9	0.01642
-180	3	0.014644
-180	3.1	0.012868
-180	3.2	0.012128
-180	3.3	0.011091
-180	3.4	0.0094724
-180	3.5	0.0089784
-180	3.6	0.009685
-180	3.7	0.010468
-180	3.8	0.010572
-180	3.9	0.0099873
-180	4	0.0096633
-170	-4	0.011138
-170	-3.9	0.013419
-170	-3.8	0.013911
-170	-3.7	0.014357
-170	-3.6	0.013589
-170	-3.5	0.012303
-170	-3.4	0.01145
-170	-3.3	0.010802
-170	-3.2	0.01144
-170	-3.1	0.011443
-170	-3	0.011228
-170	-2.9	0.011053
-170	-2.8	0.010345
-170	-2.7	0.01187
-170	-2.6	0.017907
-170	-2.5	0.021703
-170	-2.4	0.026426
-170	-2.3	0.030373
-170	-2.2	0.0323
-170	-2.1	0.035265
-170	-2	0.037412
-170	-1.9	0.04169
-170	-1.8	0.045605
-170	-1.7	0.049235
-170	-1.6	0.050913
-170	-1.5	0.050239
-170	-1.4	0.046299
-170	-1.3	0.038664
-170	-1.2	0.03231
-170	-1.1	0.025846
-170	-1	0.029385
-170	-0.9	0.041346
-170	-0.8	0.046509
-170	-0.7	0.057828
-170	-0.6	0.063028
-170	-0.5	0.063298
-170	-0.4	0.058595
-170	-0.3	0.053717
-170	-0.2	0.043334
-170	-0.1	0.037523
-170	0	0.027158
-170	0.1	0.0224
-170	0.2	0.020556
-170	0.3	0.020224
-170	0.4	0.022174
-170	0.5	0.0255
-170	0.6	0.033911
-170	0.7	0.037638
-170	0.8	0.044211
-170	0.9	0.048187
-170	1	0.050744
-170	1.1	0.050125
-170	1.2	0.046466
-170	1.3	0.043527
-170	1.4	0.040643
-170	1.5	0.037178
-170	1.6	0.034298
-170	1.7	0.033198
-170	1.8	0.032759
-170	1.9	0.032116
-170	2	0.030675
-170	2.1	0.029751
-170	2.2	0.028629
-170	2.3	0.02788
-170	2.4	0.025522
-170	2.5	0.022108
-170	2.6	0.020397
-170	2.7	0.018961
-170	2.8	0.018727
-170	2.9	0.016495
-170	3	0.014407
-170	3.1	0.012178
-170	3.2	0.010134
-170	3.3	0.0082525
-170	3.4	0.0073382
-170	3.5	0.007937
-170	3.6	0.0091884
-170	3.7	0.010108
-170	3.8	0.0092322
-170	3.9	0.007787
-170	4	0.0072317
-160	-4	0.010718
-160	-3.9	0.013323
-160	-3.8	0.014814
-160	-3.7	0.01441
-160	-3.6	0.012281
-160	-3.5	0.0099338
-160	-3.4	0.0090358
-160	-3.3	0.011358
-160	-3.2	0.013724
-160	-3.1	0.015042
-160	-3	0.013378
-160	-2.9	0.011562
-160	-2.8	0.0084823
-160	-2.7	0.011508
-160	-2.6	0.017726
-160	-2.5	0.023685
-160	-2.4	0.027649
-160	-2.3	0.03242
-160	-2.2	0.033997
-160	-2.1	0.037275
-160	-2	0.040866
-160	-1.9	0.043771
-160	-1.8	0.048117
-160	-1.7	0.052393
-160	-1.6	0.052988
-160	-1.5	0.049575
-160	-1.4	0.043512
-160	-1.3	0.034529
-160	-1.2	0.026208
-160	-1.1	0.026373
-160	-1	0.037088
-160	-0.9	0.044032
-160	-0.8	0.04956
-160	-0.7	0.057291
-160	-0.6	0.057672
-160	-0.5	0.054169
-160	-0.4	0.049812
-160	-0.3	0.043045
-160	-0.2	0.037705
-160	-0.1	0.031261
-160	0	0.026635
-160	0.1	0.023921
-160	0.2	0.023644
-160	0.3	0.024674
-160	0.4	0.027298
-160	0.5	0.032302
-160	0.6	0.03737
-160	0.7	0.040221
-160	0.8	0.042942
-160	0.9	0.044844
-160	1	0.045109
-160	1.1	0.043443
-160	1.2	0.041044
-160	1.3	0.039821
-160	1.4	0.037187
-160	1.5	0.034301
-160	1.6	0.031078
-160	1.7	0.030073
-160	1.8	0.029913
-160	1.9	0.03016
-160	2	0.029974
-160	2.1	0.029954
-160	2.2	0.029903
-160	2.3	0.027579
-160	2.4	0.024798
-160	2.5	0.021809
-160	2.6	0.019968
-160	2.7	0.018098
-160	2.8	0.017256
-160	2.9	0.015327
-160	3	0.0134
-160	3.1	0.011985
-160	3.2	0.010748
-160	3.3	0.009428
-160	3.4	0.0086184
-160	3.5	0.0092252
-160	3.6	0.010734
-160	3.7	0.011232
-160	3.8	0.0097433
-160	3.9	0.0091319
-160	4	0.0087431
-150	-4	0.012655
-150	-3.9	0.013377
-150	-3.8	0.012762
-150	-3.7	0.010632
-150	-3.6	0.0093678
-150	-3.5	0.0089604
-150	-3.4	0.010818
-150	-3.3	0.012456
-150	-3.2	0.013992
-150	-3.1	0.012813
-150	-3	0.010485
-150	-2.9	0.0075808
-150	-2.8	0.008272
-150	-2.7	0.014155
-150	-2.6	0.019583
-150	-2.5	0.026137
-150	-2.4	0.029115
-150	-2.3	0.030801
-150	-2.2	0.031402
-150	-2.1	0.034084
-150	-2	0.038422
-150	-1.9	0.042088
-150	-1.8	0.045829
-150	-1.7	0.048188
-150	-1.6	0.047904
-150	-1.5	0.04493
-150	-1.4	0.037313
-150	-1.3	0.029845
-150	-1.2	0.025115
-150	-1.1	0.027705
-150	-1	0.038197
-150	-0.9	0.047656
-150	-0.8	0.052036
-150	-0.7	0.05973
-150	-0.6	0.059659
-150	-0.5	0.056741
-150	-0.4	0.049304
-150	-0.3	0.043758
-150	-0.2	0.033397
-150	-0.1	0.025688
-150	0	0.020801
-150	0.1	0.019475
-150	0.2	0.019749
-150	0.3	0.021171
-150	0.4	0.025065
-150	0.5	0.031896
-150	0.6	0.037589
-150	0.7	0.04218
-150	0.8	0.044716
-150	0.9	0.046005
-150	1	0.045552
-150	1.1	0.042868
-150	1.2	0.04167
-150	1.3	0.039879
-150	1.4	0.037786
-150	1.5	0.034586
-150	1.6	0.032877
-150	1.7	0.032134
-150	1.8	0.031091
-150	1.9	0.030433
-150	2	0.029554
-150	2.1	0.029878
-150	2.2	0.03002
-150	2.3	0.027313
-150	2.4	0.024275
-150	2.5	0.022989
-150	2.6	0.018892
-150	2.7	0.017331
-150	2.8	0.014351
-150	2.9	0.013114
-150	3	0.012518
-150	3.1	0.01272
-150	3.2	0.010942
-150	3.3	0.0089514
-150	3.4	0.0079431
-150	3.5	0.0074929
-150	3.6	0.0081381
-150	3.7	0.0091301
-150	3.8	0.0090305
-150	3.9	0.008667
-150	4	0.0094228
-140	-4	0.011669
-140	-3.9	0.01306
-140	-3.8	0.01305
-140	-3.7	0.012551
-140	-3.6	0.010492
-140	-3.5	0.0098011
-140	-3.4	0.010343
-140	-3.3	0.011491
-140	-3.2	0.013268
-140	-3.1	0.013395
-140	-3	0.010427
-140	-2.9	0.008654
-140	-2.8	0.0077703
-140	-2.7	0.012674
-140	-2.6	0.018865
-140	-2.5	0.024219
-140	-2.4	0.030589
-140	-2.3	0.03286
-140	-2.2	0.035156
-140	-2.1	0.039127
-140	-2	0.041843
-140	-1.9	0.04455
-140	-1.8	0.045646
-140	-1.7	0.046641
-140	-1.6	0.043676
-140	-1.5	0.037716
-140	-1.4	0.030528
-140	-1.3	0.025915
-140	-1.2	0.027026
-140	-1.1	0.032047
-140	-1	0.039968
-140	-0.9	0.050038
-140	-0.8	0.054572
-140	-0.7	0.056339
-140	-0.6	0.054174
-140	-0.5	0.049053
-140	-0.4	0.042567
-140	-0.3	0.035605
-140	-0.2	0.028688
-140	-0.1	0.023928
-140	0	0.021822
-140	0.1	0.02021
-140	0.2	0.020055
-140	0.3	0.023505
-140	0.4	0.026918
-140	0.5	0.031642
-140	0.6	0.037878
-140	0.7	0.04042
-140	0.8	0.044049
-140	0.9	0.044184
-140	1	0.042482
-140	1.1	0.041527
-140	1.2	0.03981
-140	1.3	0.038904
-140	1.4	0.03666
-140	1.5	0.034835
-140	1.6	0.034432
-140	1.7	0.034391
-140	1.8	0.034376
-140	1.9	0.033497
-140	2	0.033285
-140	2.1	0.033033
-140	2.2	0.032092
-140	2.3	0.029319
-140	2.4	0.02721
-140	2.5	0.02265
-140	2.6	0.020344
-140	2.7	0.018865
-140	2.8	0.016465
-140	2.9	0.014672
-140	3	0.012829
-140	3.1	0.011737
-140	3.2	0.011249
-140	3.3	0.010042
-140	3.4	0.0098979
-140	3.5	0.0098832
-140	3.6	0.010113
-140	3.7	0.01006
-140	3.8	0.0095726
-140	3.9	0.0085203
-140	4	0.0091018
-130	-4	0.01482
-130	-3.9	0.01475
-130	-3.8	0.01397
-130	-3.7	0.011086
-130	-3.6	0.00815
-130	-3.5	0.009416
-130	-3.4	0.010775
-130	-3.3	0.013224
-130	-3.2	0.01418
-130	-3.1	0.012274
-130	-3	0.0091177
-130	-2.9	0.0078366
-130	-2.8	0.011273
-130	-2.7	0.016449
-130	-2.6	0.02192
-130	-2.5	0.027923
-130	-2.4	0.029828
-130	-2.3	0.031304
-130	-2.2	0.033826
-130	-2.1	0.037158
-130	-2	0.040004
-130	-1.9	0.045022
-130	-1.8	0.047675
-130	-1.7	0.047498
-130	-1.6	0.044045
-130	-1.5	0.036754
-130	-1.4	0.026072
-130	-1.3	0.023141
-130	-1.2	0.031244
-130	-1.1	0.036959
-130	-1	0.04688
-130	-0.9	0.054441
-130	-0.8	0.060161
-130	-0.7	0.059174
-130	-0.6	0.053341
-130	-0.5	0.045654
-130	-0.4	0.036332
-130	-0.3	0.028312
-130	-0.2	0.021668
-130	-0.1	0.018381
-130	0	0.01679
-130	0.1	0.017461
-130	0.2	0.02058
-130	0.3	0.023638
-130	0.4	0.030101
-130	0.5	0.036937
-130	0.6	0.041505
-130	0.7	0.044167
-130	0.8	0.045485
-130	0.9	0.044344
-130	1	0.041506
-130	1.1	0.039585
-130	1.2	0.036119
-130	1.3	0.032495
-130	1.4	0.031464
-130	1.5	0.029173
-130	1.6	0.029268
-130	1.7	0.030242
-130	1.8	0.030609
-130	1.9	0.030143
-130	2	0.030138
-130	2.1	0.029752
-130	2.2	0.028035
-130	2.3	0.026105
-130	2.4	0.024504
-130	2.5	0.022205
-130	2.6	0.020827
-130	2.7	0.018946
-130	2.8	0.01657
-130	2.9	0.015006
-130	3	0.013314
-130	3.1	0.011961
-130	3.2	0.010644
-130	3.3	0.010667
-130	3.4	0.010865
-130	3.5	0.012039
-130	3.6	0.012431
-130	3.7	0.011541
-130	3.8	0.010639
-130	3.9	0.010138
-130	4	0.010423
-120	-4	0.013321
-120	-3.9	0.013344
-120	-3.8	0.012752
-120	-3.7	0.011251
-120	-3.6	0.0096984
-120	-3.5	0.0096616
-120	-3.4	0.010251
-120	-3.3	0.010971
-120	-3.2	0.010677
-120	-3.1	0.0095303
-120	-3	0.0080903
-120	-2.9	0.0093349
-120	-2.8	0.013822
-120	-2.7	0.01967
-120	-2.6	0.02254
-120	-2.5	0.027269
-120	-2.4	0.029858
-120	-2.3	0.03192
-120	-2.2	0.035574
-120	-2.1	0.038668
-120	-2	0.041993
-120	-1.9	0.044747
-120	-1.8	0.044634
-120	-1.7	0.040998
-120	-1.6	0.035295
-120	-1.5	0.027713
-120	-1.4	0.023802
-120	-1.3	0.027848
-120	-1.2	0.036205
-120	-1.1	0.042547
-120	-1	0.050277
-120	-0.9	0.05395
-120	-0.8	0.055659
-120	-0.7	0.053886
-120	-0.6	0.04738
-120	-0.5	0.040354
-120	-0.4	0.032279
-120	-0.3	0.028009
-120	-0.2	0.020492
-120	-0.1	0.018448
-120	0	0.017634
-120	0.1	0.018107
-120	0.2	0.022112
-120	0.3	0.026011
-120	0.4	0.029875
-120	0.5	0.036305
-120	0.6	0.040431
-120	0.7	0.042182
-120	0.8	0.043979
-120	0.9	0.043535
-120	1	0.041232
-120	1.1	0.038643
-120	1.2	0.035748
-120	1.3	0.033587
-120	1.4	0.031954
-120	1.5	0.031168
-120	1.6	0.030921
-120	1.7	0.031928
-120	1.8	0.032558
-120	1.9	0.032317
-120	2	0.031655
-120	2.1	0.030967
-120	2.2	0.028026
-120	2.3	0.024969
-120	2.4	0.02374
-120	2.5	0.020821
-120	2.6	0.018904
-120	2.7	0.017383
-120	2.8	0.014267
-120	2.9	0.013259
-120	3	0.010542
-120	3.1	0.0098472
-120	3.2	0.0099077
-120	3.3	0.010121
-120	3.4	0.010156
-120	3.5	0.010503
-120	3.6	0.010531
-120	3.7	0.0098718
-120	3.8	0.0079553
-120	3.9	0.0085393
-120	4	0.0093003
-110	-4	0.012323
-110	-3.9	0.012405
-110	-3.8	0.012091
-110	-3.7	0.011579
-110	-3.6	0.011811
-110	-3.5	0.012182
-110	-3.4	0.01227
-110	-3.3	0.011321
-110	-3.2	0.0085013
-110	-3.1	0.0075659
-110	-3	0.00967
-110	-2.9	0.014984
-110	-2.8	0.019204
-110	-2.7	0.022945
-110	-2.6	0.024214
-110	-2.5	0.025574
-110	-2.4	0.027727
-110	-2.3	0.03049
-110	-2.2	0.03371
-110	-2.1	0.038427
-110	-2	0.042715
-110	-1.9	0.043012
-110	-1.8	0.039654
-110	-1.7	0.037113
-110	-1.6	0.029519
-110	-1.5	0.023373
-110	-1.4	0.023242
-110	-1.3	0.028796
-110	-1.2	0.037118
-110	-1.1	0.046887
-110	-1	0.052425
-110	-0.9	0.054803
-110	-0.8	0.054733
-110	-0.7	0.050944
-110	-0.6	0.043422
-110	-0.5	0.037075
-110	-0.4	0.028292
-110	-0.3	0.021512
-110	-0.2	0.016834
-110	-0.1	0.014748
-110	0	0.014971
-110	0.1	0.017244
-110	0.2	0.019199
-110	0.3	0.027388
-110	0.4	0.03165
-110	0.5	0.039589
-110	0.6	0.043108
-110	0.7	0.04481
-110	0.8	0.0447
-110	0.9	0.041413
-110	1	0.039699
-110	1.1	0.036227
-110	1.2	0.034009
-110	1.3	0.033382
-110	1.4	0.033352
-110	1.5	0.03319
-110	1.6	0.034097
-110	1.7	0.034277
-110	1.8	0.033551
-110	1.9	0.032242
-110	2	0.03065
-110	2.1	0.029624
-110	2.2	0.028428
-110	2.3	0.025044
-110	2.4	0.021749
-110	2.5	0.018859
-110	2.6	0.01669
-110	2.7	0.014763
-110	2.8	0.013054
-110	2.9	0.011813
-110	3	0.01161
-110	3.1	0.010987
-110	3.2	0.0097565
-110	3.3	0.0092846
-110	3.4	0.0090233
-110	3.5	0.0095844
-110	3.6	0.011278
-110	3.7	0.011256
-110	3.8	0.010427
-110	3.9	0.0097582
-110	4	0.0093176
-100	-4	0.013955
-100	-3.9	0.01345
-100	-3.8	0.012522
-100	-3.7	0.010348
-100	-3.6	0.01065
-100	-3.5	0.011048
-100	-3.4	0.0123
-100	-3.3	0.01249
-100	-3.2	0.010126
-100	-3.1	0.007634
-100	-3	0.0080462
-100	-2.9	0.011081
-100	-2.8	0.01694
-100	-2.7	0.024407
-100	-2.6	0.027644
-100	-2.5	0.028814
-100	-2.4	0.030583
-100	-2.3	0.031911
-100	-2.2	0.035405
-100	-2.1	0.039129
-100	-2	0.041862
-100	-1.9	0.042621
-100	-1.8	0.041061
-100	-1.7	0.03286
-100	-1.6	0.030082
-100	-1.5	0.023783
-100	-1.4	0.025314
-100	-1.3	0.032481
-100	-1.2	0.042473
-100	-1.1	0.048605
-100	-1	0.054266
-100	-0.9	0.055105
-100	-0.8	0.052719
-100	-0.7	0.046826
-100	-0.6	0.039558
-100	-0.5	0.033175
-100	-0.4	0.023944
-100	-0.3	0.018378
-100	-0.2	0.014878
-100	-0.1	0.014367
-100	0	0.015968
-100	0.1	0.020888
-100	0.2	0.026688
-100	0.3	0.030897
-100	0.4	0.03846
-100	0.5	0.04162
-100	0.6	0.042854
-100	0.7	0.043206
-100	0.8	0.043018
-100	0.9	0.040932
-100	1	0.038363
-100	1.1	0.036442
-100	1.2	0.033572
-100	1.3	0.031478
-100	1.4	0.029171
-100	1.5	0.028647
-100	1.6	0.029917
-100	1.7	0.030686
-100	1.8	0.031881
-100	1.9	0.031683
-100	2	0.031036
-100	2.1	0.029111
-100	2.2	0.026165
-100	2.3	0.02288
-100	2.4	0.020495
-100	2.5	0.018718
-100	2.6	0.018701
-100	2.7	0.01805
-100	2.8	0.016963
-100	2.9	0.014958
-100	3	0.01305
-100	3.1	0.011266
-100	3.2	0.010278
-100	3.3	0.010503
-100	3.4	0.011642
-100	3.5	0.012152
-100	3.6	0.012678
-100	3.7	0.010909
-100	3.8	0.010373
-100	3.9	0.010235
-100	4	0.010692
-90	-4	0.012838
-90	-3.9	0.01097
-90	-3.8	0.0098456
-90	-3.7	0.0096583
-90	-3.6	0.010968
-90	-3.5	0.01271
-90	-3.4	0.013006
-90	-3.3	0.012666
-90	-3.2	0.009963
-90	-3.1	0.0072048
-90	-3	0.0091708
-90	-2.9	0.017006
-90	-2.8	0.020665
-90	-2.7	0.025074
-90	-2.6	0.027462
-90	-2.5	0.028596
-90	-2.4	0.029425
-90	-2.3	0.031083
-90	-2.2	0.035363
-90	-2.1	0.038017
-90	-2	0.039193
-90	-1.9	0.038866
-90	-1.8	0.034727
-90	-1.7	0.027675
-90	-1.6	0.024023
-90	-1.5	0.022334
-90	-1.4	0.030289
-90	-1.3	0.037681
-90	-1.2	0.04584
-90	-1.1	0.052839
-90	-1	0.055064
-90	-0.9	0.054279
-90	-0.8	0.048702
-90	-0.7	0.041986
-90	-0.6	0.031081
-90	-0.5	0.026342
-90	-0.4	0.018684
-90	-0.3	0.014435
-90	-0.2	0.012832
-90	-0.1	0.012127
-90	0	0.013397
-90	0.1	0.017627
-90	0.2	0.02171
-90	0.3	0.030535
-90	0.4	0.038515
-90	0.5	0.044642
-90	0.6	0.046554
-90	0.7	0.04791
-90	0.8	0.046018
-90	0.9	0.042499
-90	1	0.038519
-90	1.1	0.033687
-90	1.2	0.032386
-90	1.3	0.031812
-90	1.4	0.032225
-90	1.5	0.033571
-90	1.6	0.034906
-90	1.7	0.035417
-90	1.8	0.034239
-90	1.9	0.03278
-90	2	0.031989
-90	2.1	0.030305
-90	2.2	0.027875
-90	2.3	0.026337
-90	2.4	0.024788
-90	2.5	0.022759
-90	2.6	0.019426
-90	2.7	0.016878
-90	2.8	0.014291
-90	2.9	0.012956
-90	3	0.012828
-90	3.1	0.01327
-90	3.2	0.013354
-90	3.3	0.013127
-90	3.4	0.012518
-90	3.5	0.012729
-90	3.6	0.012092
-90	3.7	0.011496
-90	3.8	0.010712
-90	3.9	0.011381
-90	4	0.011304
-80	-4	0.011526
-80	-3.9	0.0091637
-80	-3.8	0.0079898
-80	-3.7	0.0071824
-80	-3.6	0.0086015
-80	-3.5	0.010851
-80	-3.4	0.011502
-80	-3.3	0.010977
-80	-3.2	0.0083382
-80	-3.1	0.0058671
-80	-3	0.0084613
-80	-2.9	0.016017
-80	-2.8	0.020416
-80	-2.7	0.023208
-80	-2.6	0.026731
-80	-2.5	0.028126
-80	-2.4	0.030227
-80	-2.3	0.032209
-80	-2.2	0.03521
-80	-2.1	0.036997
-80	-2	0.037481
-80	-1.9	0.036046
-80	-1.8	0.030543
-80	-1.7	0.026893
-80	-1.6	0.02423
-80	-1.5	0.025459
-80	-1.4	0.033549
-80	-1.3	0.041871
-80	-1.2	0.049953
-80	-1.1	0.052284
-80	-1	0.052748
-80	-0.9	0.04919
-80	-0.8	0.044592
-80	-0.7	0.038318
-80	-0.6	0.027871
-80	-0.5	0.022548
-80	-0.4	0.017114
-80	-0.3	0.015662
-80	-0.2	0.012979
-80	-0.1	0.012487
-80	0	0.014758
-80	0.1	0.017877
-80	0.2	0.028327
-80	0.3	0.031526
-80	0.4	0.038242
-80	0.5	0.042108
-80	0.6	0.043614
-80	0.7	0.043413
-80	0.8	0.04188
-80	0.9	0.039866
-80	1	0.037342
-80	1.1	0.036563
-80	1.2	0.035335
-80	1.3	0.034704
-80	1.4	0.03398
-80	1.5	0.034196
-80	1.6	0.035709
-80	1.7	0.036292
-80	1.8	0.036372
-80	1.9	0.03589
-80	2	0.034571
-80	2.1	0.032743
-80	2.2	0.029628
-80	2.3	0.025418
-80	2.4	0.022742
-80	2.5	0.021142
-80	2.6	0.018198
-80	2.7	0.016694
-80	2.8	0.015503
-80	2.9	0.014478
-80	3	0.013379
-80	3.1	0.012938
-80	3.2	0.012862
-80	3.3	0.012256
-80	3.4	0.012183
-80	3.5	0.012367
-80	3.6	0.012318
-80	3.7	0.011716
-80	3.8	0.011015
-80	3.9	0.010771
-80	4	0.011271
-70	-4	0.010856
-70	-3.9	0.010245
-70	-3.8	0.010312
-70	-3.7	0.010285
-70	-3.6	0.010454
-70	-3.5	0.010118
-70	-3.4	0.010021
-70	-3.3	0.0092654
-70	-3.2	0.0085752
-70	-3.1	0.0091319
-70	-3	0.011203
-70	-2.9	0.017964
-70	-2.8	0.022108
-70	-2.7	0.025625
-70	-2.6	0.027919
-70	-2.5	0.029303
-70	-2.4	0.030181
-70	-2.3	0.031003
-70	-2.2	0.033065
-70	-2.1	0.034409
-70	-2	0.035098
-70	-1.9	0.03328
-70	-1.8	0.029163
-70	-1.7	0.023475
-70	-1.6	0.022686
-70	-1.5	0.024989
-70	-1.4	0.032684
-70	-1.3	0.041832
-70	-1.2	0.04691
-70	-1.1	0.051396
-70	-1	0.051476
-70	-0.9	0.04907
-70	-0.8	0.044332
-70	-0.7	0.038505
-70	-0.6	0.028033
-70	-0.5	0.023324
-70	-0.4	0.017896
-70	-0.3	0.014168
-70	-0.2	0.01231
-70	-0.1	0.010986
-70	0	0.01629
-70	0.1	0.021434
-70	0.2	0.028399
-70	0.3	0.03727
-70	0.4	0.0428
-70	0.5	0.046961
-70	0.6	0.048883
-70	0.7	0.049053
-70	0.8	0.047379
-70	0.9	0.044082
-70	1	0.040485
-70	1.1	0.037333
-70	1.2	0.035249
-70	1.3	0.034446
-70	1.4	0.034205
-70	1.5	0.033993
-70	1.6	0.034649
-70	1.7	0.035033
-70	1.8	0.034016
-70	1.9	0.031966
-70	2	0.029619
-70	2.1	0.027964
-70	2.2	0.025031
-70	2.3	0.023085
-70	2.4	0.020473
-70	2.5	0.017645
-70	2.6	0.015909
-70	2.7	0.014531
-70	2.8	0.012431
-70	2.9	0.011795
-70	3	0.011263
-70	3.1	0.011782
-70	3.2	0.011608
-70	3.3	0.01076
-70	3.4	0.010555
-70	3.5	0.010824
-70	3.6	0.01099
-70	3.7	0.010523
-70	3.8	0.0097813
-70	3.9	0.0098308
-70	4	0.0096616
-60	-4	0.013285
-60	-3.9	0.012191
-60	-3.8	0.0094536
-60	-3.7	0.009169
-60	-3.6	0.0091036
-60	-3.5	0.010165
-60	-3.4	0.010615
-60	-3.3	0.0098636
-60	-3.2	0.0093661
-60	-3.1	0.010479
-60	-3	0.013001
-60	-2.9	0.017719
-60	-2.8	0.022531
-60	-2.7	0.024756
-60	-2.6	0.027256
-60	-2.5	0.029235
-60	-2.4	0.031375
-60	-2.3	0.03395
-60	-2.2	0.035305
-60	-2.1	0.03631
-60	-2	0.034929
-60	-1.9	0.031609
-60	-1.8	0.027949
-60	-1.7	0.024404
-60	-1.6	0.023393
-60	-1.5	0.029274
-60	-1.4	0.03759
-60	-1.3	0.043455
-60	-1.2	0.047786
-60	-1.1	0.050305
-60	-1	0.049105
-60	-0.9	0.045903
-60	-0.8	0.038512
-60	-0.7	0.033356
-60	-0.6	0.026175
-60	-0.5	0.021591
-60	-0.4	0.017433
-60	-0.3	0.015238
-60	-0.2	0.0123
-60	-0.1	0.012379
-60	0	0.01718
-60	0.1	0.022816
-60	0.2	0.028303
-60	0.3	0.03772
-60	0.4	0.043491
-60	0.5	0.04685
-60	0.6	0.047175
-60	0.7	0.046296
-60	0.8	0.044589
-60	0.9	0.04081
-60	1	0.037911
-60	1.1	0.034284
-60	1.2	0.033571
-60	1.3	0.03404
-60	1.4	0.034013
-60	1.5	0.034174
-60	1.6	0.034984
-60	1.7	0.035027
-60	1.8	0.034707
-60	1.9	0.033215
-60	2	0.030974
-60	2.1	0.029011
-60	2.2	0.027822
-60	2.3	0.024443
-60	2.4	0.021416
-60	2.5	0.019119
-60	2.6	0.01762
-60	2.7	0.016312
-60	2.8	0.01496
-60	2.9	0.01342
-60	3	0.012277
-60	3.1	0.012371
-60	3.2	0.012032
-60	3.3	0.01183
-60	3.4	0.011083
-60	3.5	0.011485
-60	3.6	0.011985
-60	3.7	0.012413
-60	3.8	0.011233
-60	3.9	0.009695
-60	4	0.0097017
-50	-4	0.01189
-50	-3.9	0.010962
-50	-3.8	0.0098143
-50	-3.7	0.010243
-50	-3.6	0.011001
-50	-3.5	0.011321
-50	-3.4	0.010719
-50	-3.3	0.0093988
-50	-3.2	0.0086745
-50	-3.1	0.011334
-50	-3	0.015281
-50	-2.9	0.018997
-50	-2.8	0.022441
-50	-2.7	0.025235
-50	-2.6	0.026314
-50	-2.5	0.027119
-50	-2.4	0.02866
-50	-2.3	0.031124
-50	-2.2	0.032893
-50	-2.1	0.034118
-50	-2	0.034078
-50	-1.9	0.031825
-50	-1.8	0.027315
-50	-1.7	0.023707
-50	-1.6	0.022516
-50	-1.5	0.026363
-50	-1.4	0.034079
-50	-1.3	0.042661
-50	-1.2	0.048612
-50	-1.1	0.052473
-50	-1	0.051822
-50	-0.9	0.048026
-50	-0.8	0.043253
-50	-0.7	0.033611
-50	-0.6	0.02652
-50	-0.5	0.019857
-50	-0.4	0.014632
-50	-0.3	0.011847
-50	-0.2	0.011141
-50	-0.1	0.012746
-50	0	0.018522
-50	0.1	0.022062
-50	0.2	0.034692
-50	0.3	0.039797
-50	0.4	0.047543
-50	0.5	0.051719
-50	0.6	0.052699
-50	0.7	0.051219
-50	0.8	0.049
-50	0.9	0.044702
-50	1	0.038917
-50	1.1	0.035584
-50	1.2	0.035645
-50	1.3	0.03695
-50	1.4	0.038153
-50	1.5	0.038202
-50	1.6	0.036963
-50	1.7	0.036095
-50	1.8	0.033274
-50	1.9	0.030631
-50	2	0.028053
-50	2.1	0.026903
-50	2.2	0.026072
-50	2.3	0.024429
-50	2.4	0.02154
-50	2.5	0.019073
-50	2.6	0.017045
-50	2.7	0.014993
-50	2.8	0.013774
-50	2.9	0.01399
-50	3	0.013949
-50	3.1	0.014144
-50	3.2	0.014727
-50	3.3	0.013694
-50	3.4	0.012466
-50	3.5	0.012054
-50	3.6	0.01204
-50	3.7	0.012591
-50	3.8	0.011972
-50	3.9	0.010804
-50	4	0.0106
-40	-4	0.010424
-40	-3.9	0.0090964
-40	-3.8	0.0091372
-40	-3.7	0.011157
-40	-3.6	0.012482
-40	-3.5	0.012567
-40	-3.4	0.011256
-40	-3.3	0.0090376
-40	-3.2	0.0084154
-40	-3.1	0.010145
-40	-3	0.01458
-40	-2.9	0.020344
-40	-2.8	0.024043
-40	-2.7	0.026953
-40	-2.6	0.027721
-40	-2.5	0.02811
-40	-2.4	0.028773
-40	-2.3	0.030801
-40	-2.2	0.033402
-40	-2.1	0.037093
-40	-2	0.03716
-40	-1.9	0.033875
-40	-1.8	0.029052
-40	-1.7	0.023444
-40	-1.6	0.023484
-40	-1.5	0.03046
-40	-1.4	0.038907
-40	-1.3	0.04859
-40	-1.2	0.052362
-40	-1.1	0.053424
-40	-1	0.049062
-40	-0.9	0.044255
-40	-0.8	0.036366
-40	-0.7	0.031343
-40	-0.6	0.021388
-40	-0.5	0.017537
-40	-0.4	0.01433
-40	-0.3	0.012725
-40	-0.2	0.012639
-40	-0.1	0.014975
-40	0	0.019617
-40	0.1	0.026717
-40	0.2	0.034721
-40	0.3	0.040739
-40	0.4	0.045506
-40	0.5	0.049975
-40	0.6	0.050208
-40	0.7	0.049309
-40	0.8	0.045725
-40	0.9	0.042015
-40	1	0.039576
-40	1.1	0.035831
-40	1.2	0.034669
-40	1.3	0.034246
-40	1.4	0.034677
-40	1.5	0.035001
-40	1.6	0.034946
-40	1.7	0.035157
-40	1.8	0.034912
-40	1.9	0.033918
-40	2	0.033028
-40	2.1	0.030046
-40	2.2	0.028487
-40	2.3	0.025962
-40	2.4	0.022549
-40	2.5	0.021121
-40	2.6	0.019769
-40	2.7	0.018143
-40	2.8	0.017328
-40	2.9	0.016327
-40	3	0.015321
-40	3.1	0.014196
-40	3.2	0.013807
-40	3.3	0.0136
-40	3.4	0.01377
-40	3.5	0.013474
-40	3.6	0.012734
-40	3.7	0.012321
-40	3.8	0.011814
-40	3.9	0.011056
-40	4	0.010986
-30	-4	0.011942
-30	-3.9	0.010199
-30	-3.8	0.0088351
-30	-3.7	0.0088952
-30	-3.6	0.012021
-30	-3.5	0.013148
-30	-3.4	0.013344
-30	-3.3	0.011936
-30	-3.2	0.0089243
-30	-3.1	0.0082073
-30	-3	0.012775
-30	-2.9	0.01881
-30	-2.8	0.023182
-30	-2.7	0.027298
-30	-2.6	0.028149
-30	-2.5	0.027544
-30	-2.4	0.027562
-30	-2.3	0.029036
-30	-2.2	0.031749
-30	-2.1	0.035132
-30	-2	0.036553
-30	-1.9	0.035425
-30	-1.8	0.031269
-30	-1.7	0.026023
-30	-1.6	0.024288
-30	-1.5	0.026614
-30	-1.4	0.03157
-30	-1.3	0.040047
-30	-1.2	0.050424
-30	-1.1	0.054406
-30	-1	0.054373
-30	-0.9	0.049912
-30	-0.8	0.042899
-30	-0.7	0.031803
-30	-0.6	0.024136
-30	-0.5	0.016984
-30	-0.4	0.012903
-30	-0.3	0.011829
-30	-0.2	0.011837
-30	-0.1	0.014172
-30	0	0.019044
-30	0.1	0.025277
-30	0.2	0.038638
-30	0.3	0.046907
-30	0.4	0.049827
-30	0.5	0.054983
-30	0.6	0.055313
-30	0.7	0.053537
-30	0.8	0.050993
-30	0.9	0.046499
-30	1	0.040496
-30	1.1	0.037635
-30	1.2	0.035862
-30	1.3	0.03546
-30	1.4	0.035264
-30	1.5	0.03504
-30	1.6	0.034841
-30	1.7	0.034364
-30	1.8	0.03342
-30	1.9	0.032522
-30	2	0.03039
-30	2.1	0.02728
-30	2.2	0.025851
-30	2.3	0.022446
-30	2.4	0.021589
-30	2.5	0.018556
-30	2.6	0.016481
-30	2.7	0.015416
-30	2.8	0.014929
-30	2.9	0.014012
-30	3	0.013451
-30	3.1	0.012833
-30	3.2	0.012436
-30	3.3	0.012458
-30	3.4	0.012376
-30	3.5	0.01241
-30	3.6	0.012576
-30	3.7	0.012784
-30	3.8	0.012528
-30	3.9	0.012232
-30	4	0.011531
-20	-4	0.0095438
-20	-3.9	0.0074083
-20	-3.8	0.0070941
-20	-3.7	0.0089928
-20	-3.6	0.011825
-20	-3.5	0.013875
-20	-3.4	0.013123
-20	-3.3	0.01187
-20	-3.2	0.008152
-20	-3.1	0.0090501
-20	-3	0.012204
-20	-2.9	0.017326
-20	-2.8	0.022581
-20	-2.7	0.025169
-20	-2.6	0.026355
-20	-2.5	0.027975
-20	-2.4	0.029002
-20	-2.3	0.031498
-20	-2.2	0.034893
-20	-2.1	0.037744
-20	-2	0.038412
-20	-1.9	0.036776
-20	-1.8	0.032541
-20	-1.7	0.027645
-20	-1.6	0.02556
-20	-1.5	0.030508
-20	-1.4	0.035461
-20	-1.3	0.042498
-20	-1.2	0.051069
-20	-1.1	0.054846
-20	-1	0.054352
-20	-0.9	0.049245
-20	-0.8	0.042246
-20	-0.7	0.032993
-20	-0.6	0.024411
-20	-0.5	0.018376
-20	-0.4	0.015156
-20	-0.3	0.014019
-20	-0.2	0.014119
-20	-0.1	0.017021
-20	0	0.022737
-20	0.1	0.028661
-20	0.2	0.035354
-20	0.3	0.041087
-20	0.4	0.049414
-20	0.5	0.050285
-20	0.6	0.051688
-20	0.7	0.049651
-20	0.8	0.047162
-20	0.9	0.043586
-20	1	0.040925
-20	1.1	0.038478
-20	1.2	0.037828
-20	1.3	0.036986
-20	1.4	0.036906
-20	1.5	0.036791
-20	1.6	0.036912
-20	1.7	0.037205
-20	1.8	0.036926
-20	1.9	0.035721
-20	2	0.03396
-20	2.1	0.030349
-20	2.2	0.02854
-20	2.3	0.025063
-20	2.4	0.02258
-20	2.5	0.021101
-20	2.6	0.019662
-20	2.7	0.018626
-20	2.8	0.017996
-20	2.9	0.016845
-20	3	0.015802
-20	3.1	0.015002
-20	3.2	0.01433
-20	3.3	0.014036
-20	3.4	0.014206
-20	3.5	0.01379
-20	3.6	0.012982
-20	3.7	0.012639
-20	3.8	0.01146
-20	3.9	0.010833
-20	4	0.010954
-10	-4	0.013296
-10	-3.9	0.011962
-10	-3.8	0.0092235
-10	-3.7	0.0086726
-10	-3.6	0.010323
-10	-3.5	0.013385
-10	-3.4	0.014964
-10	-3.3	0.01456
-10	-3.2	0.013874
-10	-3.1	0.011359
-10	-3	0.012856
-10	-2.9	0.015663
-10	-2.8	0.020987
-10	-2.7	0.02423
-10	-2.6	0.028536
-10	-2.5	0.030703
-10	-2.4	0.03246
-10	-2.3	0.033295
-10	-2.2	0.034453
-10	-2.1	0.035803
-10	-2	0.037
-10	-1.9	0.036765
-10	-1.8	0.034019
-10	-1.7	0.031308
-10	-1.6	0.028059
-10	-1.5	0.029478
-10	-1.4	0.033909
-10	-1.3	0.038464
-10	-1.2	0.047829
-10	-1.1	0.05385
-10	-1	0.054451
-10	-0.9	0.053004
-10	-0.8	0.045345
-10	-0.7	0.037706
-10	-0.6	0.03234
-10	-0.5	0.025188
-10	-0.4	0.01717
-10	-0.3	0.016068
-10	-0.2	0.014625
-10	-0.1	0.015558
-10	0	0.018759
-10	0.1	0.023274
-10	0.2	0.03334
-10	0.3	0.039574
-10	0.4	0.049197
-10	0.5	0.055497
-10	0.6	0.057585
-10	0.7	0.057263
-10	0.8	0.054633
-10	0.9	0.050653
-10	1	0.045094
-10	1.1	0.042448
-10	1.2	0.041207
-10	1.3	0.040726
-10	1.4	0.040739
-10	1.5	0.040496
-10	1.6	0.039935
-10	1.7	0.039068
-10	1.8	0.036668
-10	1.9	0.035221
-10	2	0.03359
-10	2.1	0.032365
-10	2.2	0.030284
-10	2.3	0.027039
-10	2.4	0.024527
-10	2.5	0.022626
-10	2.6	0.018084
-10	2.7	0.016482
-10	2.8	0.015217
-10	2.9	0.014817
-10	3	0.014499
-10	3.1	0.014985
-10	3.2	0.014151
-10	3.3	0.012946
-10	3.4	0.012297
-10	3.5	0.011437
-10	3.6	0.010659
-10	3.7	0.010525
-10	3.8	0.0095979
-10	3.9	0.0090893
-10	4	0.0089928
0	-4	0.013842
0	-3.9	0.011747
0	-3.8	0.0094963
0	-3.7	0.0092672
0	-3.6	0.011558
0	-3.5	0.013767
0	-3.4	0.014289
0	-3.3	0.013137
0	-3.2	0.011361
0	-3.1	0.009469
0	-3	0.010754
0	-2.9	0.018816
0	-2.8	0.023208
0	-2.7	0.028087
0	-2.6	0.030064
0	-2.5	0.030747
0	-2.4	0.030243
0	-2.3	0.030167
0	-2.2	0.033264
0	-2.1	0.035129
0	-2	0.040308
0	-1.9	0.042461
0	-1.8	0.041616
0	-1.7	0.035845
0	-1.6	0.029262
0	-1.5	0.026618
0	-1.4	0.031831
0	-1.3	0.038107
0	-1.2	0.05005
0	-1.1	0.054076
0	-1	0.057186
0	-0.9	0.05552
0	-0.8	0.047994
0	-0.7	0.042499
0	-0.6	0.031053
0	-0.5	0.025077
0	-0.4	0.018723
0	-0.3	0.016883
0	-0.2	0.016499
0	-0.1	0.018533
0	0	0.021738
0	0.1	0.029302
0	0.2	0.035184
0	0.3	0.04389
0	0.4	0.050642
0	0.5	0.054721
0	0.6	0.056329
0	0.7	0.056189
0	0.8	0.05299
0	0.9	0.049618
0	1	0.044565
0	1.1	0.042544
0	1.2	0.038912
0	1.3	0.03741
0	1.4	0.036546
0	1.5	0.035958
0	1.6	0.035844
0	1.7	0.036023
0	1.8	0.035801
0	1.9	0.035024
0	2	0.033677
0	2.1	0.029893
0	2.2	0.028515
0	2.3	0.025695
0	2.4	0.023846
0	2.5	0.021729
0	2.6	0.020514
0	2.7	0.018746
0	2.8	0.017618
0	2.9	0.016549
0	3	0.015022
0	3.1	0.014386
0	3.2	0.013582
0	3.3	0.01356
0	3.4	0.013216
0	3.5	0.012714
0	3.6	0.012541
0	3.7	0.012111
0	3.8	0.010494
0	3.9	0.0097648
0	4	0.0099614
10	-4	0.011399
10	-3.9	0.011138
10	-3.8	0.010937
10	-3.7	0.01187
10	-3.6	0.01186
10	-3.5	0.01166
10	-3.4	0.011478
10	-3.3	0.011034
10	-3.2	0.01089
10	-3.1	0.011409
10	-3	0.013238
10	-2.9	0.015197
10	-2.8	0.020048
10	-2.7	0.023315
10	-2.6	0.027535
10	-2.5	0.028671
10	-2.4	0.029195
10	-2.3	0.03056
10	-2.2	0.034965
10	-2.1	0.040142
10	-2	0.042917
10	-1.9	0.044673
10	-1.8	0.040813
10	-1.7	0.035418
10	-1.6	0.031212
10	-1.5	0.028905
10	-1.4	0.033363
10	-1.3	0.039357
10	-1.2	0.04991
10	-1.1	0.055974
10	-1	0.058633
10	-0.9	0.057391
10	-0.8	0.052608
10	-0.7	0.046009
10	-0.6	0.038343
10	-0.5	0.029792
10	-0.4	0.021281
10	-0.3	0.018859
10	-0.2	0.017646
10	-0.1	0.017941
10	0	0.021347
10	0.1	0.02645
10	0.2	0.034448
10	0.3	0.039087
10	0.4	0.047644
10	0.5	0.053828
10	0.6	0.05722
10	0.7	0.058501
10	0.8	0.056031
10	0.9	0.051619
10	1	0.048224
10	1.1	0.043045
10	1.2	0.041382
10	1.3	0.040042
10	1.4	0.040211
10	1.5	0.040689
10	1.6	0.040733
10	1.7	0.040439
10	1.8	0.038922
10	1.9	0.037997
10	2	0.036497
10	2.1	0.035101
10	2.2	0.03439
10	2.3	0.03199
10	2.4	0.027993
10	2.5	0.02524
10	2.6	0.023433
10	2.7	0.02162
10	2.8	0.020171
10	2.9	0.019249
10	3	0.018155
10	3.1	0.01701
10	3.2	0.015433
10	3.3	0.014276
10	3.4	0.013315
10	3.5	0.013876
10	3.6	0.014022
10	3.7	0.014019
10	3.8	0.013023
10	3.9	0.012115
10	4	0.010937
20	-4	0.010398
20	-3.9	0.0093781
20	-3.8	0.00972
20	-3.7	0.010657
20	-3.6	0.011268
20	-3.5	0.011246
20	-3.4	0.011403
20	-3.3	0.011212
20	-3.2	0.01089
20	-3.1	0.010587
20	-3	0.010937
20	-2.9	0.013522
20	-2.8	0.019514
20	-2.7	0.023455
20	-2.6	0.025921
20	-2.5	0.027892
20	-2.4	0.028394
20	-2.3	0.029099
20	-2.2	0.031346
20	-2.1	0.034044
20	-2	0.041649
20	-1.9	0.043127
20	-1.8	0.042093
20	-1.7	0.038562
20	-1.6	0.031817
20	-1.5	0.027619
20	-1.4	0.028405
20	-1.3	0.036891
20	-1.2	0.046228
20	-1.1	0.051994
20	-1	0.056645
20	-0.9	0.058067
20	-0.8	0.054477
20	-0.7	0.048877
20	-0.6	0.040853
20	-0.5	0.031865
20	-0.4	0.02751
20	-0.3	0.019457
20	-0.2	0.01851
20	-0.1	0.018085
20	0	0.019468
20	0.1	0.024081
20	0.2	0.030678
20	0.3	0.035879
20	0.4	0.04482
20	0.5	0.047664
20	0.6	0.05288
20	0.7	0.055418
20	0.8	0.055625
20	0.9	0.053647
20	1	0.050074
20	1.1	0.046207
20	1.2	0.041278
20	1.3	0.038879
20	1.4	0.037644
20	1.5	0.037516
20	1.6	0.038084
20	1.7	0.039067
20	1.8	0.039191
20	1.9	0.03879
20	2	0.037533
20	2.1	0.035371
20	2.2	0.03224
20	2.3	0.030036
20	2.4	0.027469
20	2.5	0.026304
20	2.6	0.024141
20	2.7	0.022102
20	2.8	0.019452
20	2.9	0.01777
20	3	0.016631
20	3.1	0.015565
20	3.2	0.014339
20	3.3	0.014173
20	3.4	0.013703
20	3.5	0.013113
20	3.6	0.012889
20	3.7	0.012452
20	3.8	0.011592
20	3.9	0.011024
20	4	0.010946
30	-4	0.012143
30	-3.9	0.011625
30	-3.8	0.01035
30	-3.7	0.0091142
30	-3.6	0.0092602
30	-3.5	0.010004
30	-3.4	0.011538
30	-3.3	0.013591
30	-3.2	0.013457
30	-3.1	0.012327
30	-3	0.010549
30	-2.9	0.0095286
30	-2.8	0.012279
30	-2.7	0.018379
30	-2.6	0.025841
30	-2.5	0.029503
30	-2.4	0.031666
30	-2.3	0.031484
30	-2.2	0.031352
30	-2.1	0.033448
30	-2	0.034456
30	-1.9	0.038149
30	-1.8	0.040156
30	-1.7	0.039435
30	-1.6	0.035561
30	-1.5	0.030536
30	-1.4	0.028853
30	-1.3	0.031952
30	-1.2	0.040041
30	-1.1	0.046109
30	-1	0.053912
30	-0.9	0.057473
30	-0.8	0.057386
30	-0.7	0.052673
30	-0.6	0.045988
30	-0.5	0.042359
30	-0.4	0.029628
30	-0.3	0.027068
30	-0.2	0.019753
30	-0.1	0.017849
30	0	0.01828
30	0.1	0.022767
30	0.2	0.027041
30	0.3	0.030723
30	0.4	0.043573
30	0.5	0.04832
30	0.6	0.053321
30	0.7	0.055683
30	0.8	0.057522
30	0.9	0.056341
30	1	0.05416
30	1.1	0.049981
30	1.2	0.046106
30	1.3	0.043944
30	1.4	0.042961
30	1.5	0.041778
30	1.6	0.04061
30	1.7	0.039608
30	1.8	0.039154
30	1.9	0.037796
30	2	0.035834
30	2.1	0.034734
30	2.2	0.033121
30	2.3	0.031477
30	2.4	0.02821
30	2.5	0.025919
30	2.6	0.023528
30	2.7	0.021281
30	2.8	0.0184
30	2.9	0.01672
30	3	0.013969
30	3.1	0.013299
30	3.2	0.012978
30	3.3	0.012342
30	3.4	0.011558
30	3.5	0.011209
30	3.6	0.010386
30	3.7	0.010312
30	3.8	0.0095337
30	3.9	0.0085921
30	4	0.0088479
40	-4	0.011248
40	-3.9	0.011736
40	-3.8	0.011312
40	-3.7	0.010154
40	-3.6	0.0083711
40	-3.5	0.0085601
40	-3.4	0.0093953
40	-3.3	0.011309
40	-3.2	0.012363
40	-3.1	0.012762
40	-3	0.010384
40	-2.9	0.0090555
40	-2.8	0.011656
40	-2.7	0.016948
40	-2.6	0.02198
40	-2.5	0.024867
40	-2.4	0.02893
40	-2.3	0.031361
40	-2.2	0.032509
40	-2.1	0.034106
40	-2	0.03574
40	-1.9	0.03779
40	-1.8	0.038439
40	-1.7	0.038274
40	-1.6	0.037139
40	-1.5	0.033412
40	-1.4	0.03011
40	-1.3	0.030104
40	-1.2	0.034773
40	-1.1	0.040794
40	-1	0.050226
40	-0.9	0.055432
40	-0.8	0.056441
40	-0.7	0.054405
40	-0.6	0.048162
40	-0.5	0.044909
40	-0.4	0.035272
40	-0.3	0.029604
40	-0.2	0.022759
40	-0.1	0.020459
40	0	0.01884
40	0.1	0.02141
40	0.2	0.023305
40	0.3	0.029746
40	0.4	0.034344
40	0.5	0.044676
40	0.6	0.047585
40	0.7	0.051855
40	0.8	0.052936
40	0.9	0.053406
40	1	0.052913
40	1.1	0.049858
40	1.2	0.047021
40	1.3	0.044507
40	1.4	0.042762
40	1.5	0.04193
40	1.6	0.039533
40	1.7	0.039036
40	1.8	0.039237
40	1.9	0.038843
40	2	0.036668
40	2.1	0.03488
40	2.2	0.032136
40	2.3	0.030838
40	2.4	0.027555
40	2.5	0.026032
40	2.6	0.024326
40	2.7	0.02296
40	2.8	0.019684
40	2.9	0.017714
40	3	0.015737
40	3.1	0.014135
40	3.2	0.01332
40	3.3	0.012953
40	3.4	0.011356
40	3.5	0.010317
40	3.6	0.009537
40	3.7	0.009
40	3.8	0.0086315
40	3.9	0.0080903
40	4	0.0080943
50	-4	0.013761
50	-3.9	0.014051
50	-3.8	0.013388
50	-3.7	0.010039
50	-3.6	0.0080241
50	-3.5	0.0081777
50	-3.4	0.010629
50	-3.3	0.01248
50	-3.2	0.013532
50	-3.1	0.01276
50	-3	0.010477
50	-2.9	0.0091884
50	-2.8	0.010952
50	-2.7	0.01692
50	-2.6	0.022999
50	-2.5	0.025619
50	-2.4	0.027548
50	-2.3	0.028898
50	-2.2	0.028892
50	-2.1	0.029974
50	-2	0.033159
50	-1.9	0.0365
50	-1.8	0.039194
50	-1.7	0.03977
50	-1.6	0.038039
50	-1.5	0.033891
50	-1.4	0.027802
50	-1.3	0.026794
50	-1.2	0.030746
50	-1.1	0.035339
50	-1	0.04823
50	-0.9	0.053997
50	-0.8	0.058809
50	-0.7	0.058349
50	-0.6	0.055091
50	-0.5	0.047806
50	-0.4	0.040106
50	-0.3	0.029966
50	-0.2	0.022482
50	-0.1	0.019484
50	0	0.01715
50	0.1	0.018805
50	0.2	0.02113
50	0.3	0.026827
50	0.4	0.033752
50	0.5	0.036688
50	0.6	0.045783
50	0.7	0.050873
50	0.8	0.052992
50	0.9	0.054132
50	1	0.052886
50	1.1	0.050848
50	1.2	0.046571
50	1.3	0.044215
50	1.4	0.040621
50	1.5	0.039279
50	1.6	0.037849
50	1.7	0.036613
50	1.8	0.037014
50	1.9	0.037189
50	2	0.036124
50	2.1	0.032673
50	2.2	0.031459
50	2.3	0.029495
50	2.4	0.025346
50	2.5	0.023723
50	2.6	0.021513
50	2.7	0.019897
50	2.8	0.019414
50	2.9	0.017215
50	3	0.016185
50	3.1	0.014724
50	3.2	0.013264
50	3.3	0.01269
50	3.4	0.011412
50	3.5	0.010292
50	3.6	0.010368
50	3.7	0.010053
50	3.8	0.0097183
50	3.9	0.0094793
50	4	0.0093488
60	-4	0.0096298
60	-3.9	0.010948
60	-3.8	0.012176
60	-3.7	0.012167
60	-3.6	0.010759
60	-3.5	0.0089152
60	-3.4	0.0089982
60	-3.3	0.0095979
60	-3.2	0.010847
60	-3.1	0.010866
60	-3	0.0096717
60	-2.9	0.0092654
60	-2.8	0.011701
60	-2.7	0.013707
60	-2.6	0.019347
60	-2.5	0.023804
60	-2.4	0.025964
60	-2.3	0.027807
60	-2.2	0.028514
60	-2.1	0.030545
60	-2	0.034092
60	-1.9	0.038014
60	-1.8	0.039974
60	-1.7	0.040866
60	-1.6	0.038736
60	-1.5	0.036071
60	-1.4	0.030392
60	-1.3	0.026434
60	-1.2	0.029512
60	-1.1	0.034623
60	-1	0.045652
60	-0.9	0.053356
60	-0.8	0.05569
60	-0.7	0.057417
60	-0.6	0.056622
60	-0.5	0.052217
60	-0.4	0.042788
60	-0.3	0.034303
60	-0.2	0.028413
60	-0.1	0.022281
60	0	0.01833
60	0.1	0.017064
60	0.2	0.018882
60	0.3	0.022999
60	0.4	0.026507
60	0.5	0.031129
60	0.6	0.038836
60	0.7	0.042299
60	0.8	0.047185
60	0.9	0.049876
60	1	0.05122
60	1.1	0.050884
60	1.2	0.047893
60	1.3	0.045357
60	1.4	0.041729
60	1.5	0.039674
60	1.6	0.037313
60	1.7	0.035484
60	1.8	0.034968
60	1.9	0.035962
60	2	0.035993
60	2.1	0.035381
60	2.2	0.03388
60	2.3	0.030973
60	2.4	0.028134
60	2.5	0.025224
60	2.6	0.023043
60	2.7	0.021366
60	2.8	0.019186
60	2.9	0.016127
60	3	0.014829
60	3.1	0.012725
60	3.2	0.010621
60	3.3	0.0098603
60	3.4	0.0097084
60	3.5	0.010028
60	3.6	0.010256
60	3.7	0.010227
60	3.8	0.010248
60	3.9	0.0085978
60	4	0.0083168
70	-4	0.010659
70	-3.9	0.011866
70	-3.8	0.012657
70	-3.7	0.013246
70	-3.6	0.012342
70	-3.5	0.011311
70	-3.4	0.0096967
70	-3.3	0.0091655
70	-3.2	0.0093971
70	-3.1	0.010345
70	-3	0.011132
70	-2.9	0.010842
70	-2.8	0.010512
70	-2.7	0.012589
70	-2.6	0.01565
70	-2.5	0.022664
70	-2.4	0.025446
70	-2.3	0.028541
70	-2.2	0.029724
70	-2.1	0.029603
70	-2	0.029883
70	-1.9	0.031885
70	-1.8	0.034105
70	-1.7	0.036328
70	-1.6	0.035633
70	-1.5	0.033289
70	-1.4	0.02755
70	-1.3	0.024447
70	-1.2	0.02346
70	-1.1	0.029461
70	-1	0.03884
70	-0.9	0.047089
70	-0.8	0.053453
70	-0.7	0.057058
70	-0.6	0.058585
70	-0.5	0.055089
70	-0.4	0.0469
70	-0.3	0.043008
70	-0.2	0.033878
70	-0.1	0.024674
70	0	0.017159
70	0.1	0.014116
70	0.2	0.013712
70	0.3	0.015032
70	0.4	0.017688
70	0.5	0.024721
70	0.6	0.031282
70	0.7	0.040661
70	0.8	0.046397
70	0.9	0.050759
70	1	0.05275
70	1.1	0.052101
70	1.2	0.048479
70	1.3	0.043081
70	1.4	0.039075
70	1.5	0.037038
70	1.6	0.03582
70	1.7	0.03506
70	1.8	0.034151
70	1.9	0.03388
70	2	0.033204
70	2.1	0.03162
70	2.2	0.028987
70	2.3	0.02739
70	2.4	0.027095
70	2.5	0.025951
70	2.6	0.024185
70	2.7	0.022542
70	2.8	0.020649
70	2.9	0.018579
70	3	0.016182
70	3.1	0.013532
70	3.2	0.011826
70	3.3	0.011572
70	3.4	0.010635
70	3.5	0.010285
70	3.6	0.0095945
70	3.7	0.0096029
70	3.8	0.010129
70	3.9	0.010701
70	4	0.01054
80	-4	0.0077119
80	-3.9	0.0097879
80	-3.8	0.010897
80	-3.7	0.011011
80	-3.6	0.010189
80	-3.5	0.0090698
80	-3.4	0.0085733
80	-3.3	0.0091514
80	-3.2	0.0098751
80	-3.1	0.010262
80	-3	0.0099517
80	-2.9	0.0082132
80	-2.8	0.0077953
80	-2.7	0.012044
80	-2.6	0.016744
80	-2.5	0.021538
80	-2.4	0.02506
80	-2.3	0.026774
80	-2.2	0.027493
80	-2.1	0.027679
80	-2	0.029142
80	-1.9	0.033779
80	-1.8	0.036672
80	-1.7	0.039499
80	-1.6	0.039679
80	-1.5	0.038683
80	-1.4	0.032859
80	-1.3	0.02704
80	-1.2	0.023353
80	-1.1	0.025125
80	-1	0.036599
80	-0.9	0.045131
80	-0.8	0.05312
80	-0.7	0.058394
80	-0.6	0.059649
80	-0.5	0.057156
80	-0.4	0.050247
80	-0.3	0.041386
80	-0.2	0.036274
80	-0.1	0.028806
80	0	0.020759
80	0.1	0.018818
80	0.2	0.015671
80	0.3	0.015346
80	0.4	0.016257
80	0.5	0.018457
80	0.6	0.025734
80	0.7	0.030208
80	0.8	0.036103
80	0.9	0.040809
80	1	0.045847
80	1.1	0.04743
80	1.2	0.046441
80	1.3	0.044922
80	1.4	0.042396
80	1.5	0.03893
80	1.6	0.035994
80	1.7	0.033919
80	1.8	0.032653
80	1.9	0.032796
80	2	0.033995
80	2.1	0.03394
80	2.2	0.033151
80	2.3	0.031738
80	2.4	0.030443
80	2.5	0.027626
80	2.6	0.024938
80	2.7	0.022297
80	2.8	0.021269
80	2.9	0.019588
80	3	0.01674
80	3.1	0.015483
80	3.2	0.013149
80	3.3	0.012103
80	3.4	0.010404
80	3.5	0.010058
80	3.6	0.0088113
80	3.7	0.0084346
80	3.8	0.0085639
80	3.9	0.0089333
80	4	0.0093298
90	-4	0.007325
90	-3.9	0.0082034
90	-3.8	0.0086652
90	-3.7	0.0094417
90	-3.6	0.0097183
90	-3.5	0.009169
90	-3.4	0.0079085
90	-3.3	0.0074301
90	-3.2	0.0078921
90	-3.1	0.0090626
90	-3	0.0096633
90	-2.9	0.0089224
90	-2.8	0.0084956
90	-2.7	0.0087929
90	-2.6	0.011646
90	-2.5	0.015537
90	-2.4	0.019875
90	-2.3	0.02388
90	-2.2	0.027153
90	-2.1	0.030542
90	-2	0.03232
90	-1.9	0.033465
90	-1.8	0.034258
90	-1.7	0.035624
90	-1.6	0.036359
90	-1.5	0.036059
90	-1.4	0.034143
90	-1.3	0.029949
90	-1.2	0.025265
90	-1.1	0.025342
90	-1	0.031545
90	-0.9	0.040793
90	-0.8	0.048466
90	-0.7	0.054484
90	-0.6	0.059894
90	-0.5	0.061418
90	-0.4	0.056224
90	-0.3	0.052087
90	-0.2	0.040615
90	-0.1	0.032703
90	0	0.023707
90	0.1	0.017031
90	0.2	0.014738
90	0.3	0.013626
90	0.4	0.012657
90	0.5	0.015756
90	0.6	0.019395
90	0.7	0.029258
90	0.8	0.038436
90	0.9	0.043017
90	1	0.046367
90	1.1	0.048871
90	1.2	0.047914
90	1.3	0.044743
90	1.4	0.041644
90	1.5	0.039701
90	1.6	0.037776
90	1.7	0.035364
90	1.8	0.033657
90	1.9	0.032851
90	2	0.032546
90	2.1	0.031524
90	2.2	0.030164
90	2.3	0.029214
90	2.4	0.02845
90	2.5	0.027328
90	2.6	0.024406
90	2.7	0.020491
90	2.8	0.018736
90	2.9	0.016108
90	3	0.01462
90	3.1	0.013423
90	3.2	0.012231
90	3.3	0.011882
90	3.4	0.011235
90	3.5	0.0095709
90	3.6	0.0085921
90	3.7	0.0078982
90	3.8	0.0077787
90	3.9	0.008594
90	4	0.0082073
100	-4	0.0075381
100	-3.9	0.0082896
100	-3.8	0.0089134
100	-3.7	0.0095167
100	-3.6	0.0097183
100	-3.5	0.009295
100	-3.4	0.0088752
100	-3.3	0.0081421
100	-3.2	0.0071032
100	-3.1	0.0082152
100	-3	0.01017
100	-2.9	0.010792
100	-2.8	0.010273
100	-2.7	0.0091231
100	-2.6	0.0088807
100	-2.5	0.011618
100	-2.4	0.017646
100	-2.3	0.02259
100	-2.2	0.029416
100	-2.1	0.032509
100	-2	0.033607
100	-1.9	0.03432
100	-1.8	0.0354
100	-1.7	0.037127
100	-1.6	0.03846
100	-1.5	0.039321
100	-1.4	0.038152
100	-1.3	0.033963
100	-1.2	0.028148
100	-1.1	0.025267
100	-1	0.027418
100	-0.9	0.036205
100	-0.8	0.045979
100	-0.7	0.055081
100	-0.6	0.05824
100	-0.5	0.061225
100	-0.4	0.058136
100	-0.3	0.052431
100	-0.2	0.041415
100	-0.1	0.03825
100	0	0.026413
100	0.1	0.020846
100	0.2	0.016842
100	0.3	0.015362
100	0.4	0.013064
100	0.5	0.013943
100	0.6	0.018896
100	0.7	0.023551
100	0.8	0.032078
100	0.9	0.03803
100	1	0.042858
100	1.1	0.044439
100	1.2	0.044943
100	1.3	0.044138
100	1.4	0.041166
100	1.5	0.039631
100	1.6	0.037519
100	1.7	0.034288
100	1.8	0.031775
100	1.9	0.030166
100	2	0.029139
100	2.1	0.02894
100	2.2	0.028317
100	2.3	0.0282
100	2.4	0.027314
100	2.5	0.026024
100	2.6	0.023189
100	2.7	0.021259
100	2.8	0.018221
100	2.9	0.01693
100	3	0.014264
100	3.1	0.011868
100	3.2	0.010002
100	3.3	0.0081361
100	3.4	0.0073051
100	3.5	0.0065096
100	3.6	0.0067724
100	3.7	0.0069954
100	3.8	0.0069537
100	3.9	0.0069351
100	4	0.0075851
110	-4	0.0096549
110	-3.9	0.0094827
110	-3.8	0.009537
110	-3.7	0.010298
110	-3.6	0.010592
110	-3.5	0.010134
110	-3.4	0.0095438
110	-3.3	0.0089982
110	-3.2	0.0087892
110	-3.1	0.0096583
110	-3	0.010656
110	-2.9	0.010872
110	-2.8	0.010124
110	-2.7	0.0091849
110	-2.6	0.010424
110	-2.5	0.015429
110	-2.4	0.02087
110	-2.3	0.024449
110	-2.2	0.028286
110	-2.1	0.031357
110	-2	0.033755
110	-1.9	0.036078
110	-1.8	0.037449
110	-1.7	0.03861
110	-1.6	0.040023
110	-1.5	0.040222
110	-1.4	0.038797
110	-1.3	0.034147
110	-1.2	0.029033
110	-1.1	0.024457
110	-1	0.027893
110	-0.9	0.034652
110	-0.8	0.044117
110	-0.7	0.053422
110	-0.6	0.058663
110	-0.5	0.062446
110	-0.4	0.06151
110	-0.3	0.054104
110	-0.2	0.046641
110	-0.1	0.039818
110	0	0.028506
110	0.1	0.021597
110	0.2	0.017082
110	0.3	0.015244
110	0.4	0.013071
110	0.5	0.011909
110	0.6	0.016112
110	0.7	0.020218
110	0.8	0.025849
110	0.9	0.035641
110	1	0.041019
110	1.1	0.045017
110	1.2	0.046191
110	1.3	0.045517
110	1.4	0.042158
110	1.5	0.039446
110	1.6	0.03618
110	1.7	0.032746
110	1.8	0.030135
110	1.9	0.029544
110	2	0.029903
110	2.1	0.029514
110	2.2	0.028923
110	2.3	0.02769
110	2.4	0.026775
110	2.5	0.024882
110	2.6	0.022872
110	2.7	0.021968
110	2.8	0.020947
110	2.9	0.019061
110	3	0.016742
110	3.1	0.015341
110	3.2	0.013477
110	3.3	0.012072
110	3.4	0.01056
110	3.5	0.0096967
110	3.6	0.0097183
110	3.7	0.0093037
110	3.8	0.0092042
110	3.9	0.0087763
110	4	0.0079126
120	-4	0.0065319
120	-3.9	0.0064497
120	-3.8	0.0078552
120	-3.7	0.010057
120	-3.6	0.012072
120	-3.5	0.012422
120	-3.4	0.011622
120	-3.3	0.010859
120	-3.2	0.0093833
120	-3.1	0.0092305
120	-3	0.0099614
120	-2.9	0.010039
120	-2.8	0.010821
120	-2.7	0.010604
120	-2.6	0.010792
120	-2.5	0.012312
120	-2.4	0.017765
120	-2.3	0.02023
120	-2.2	0.026162
120	-2.1	0.031411
120	-2	0.033427
120	-1.9	0.036301
120	-1.8	0.03888
120	-1.7	0.042892
120	-1.6	0.044606
120	-1.5	0.046063
120	-1.4	0.044471
120	-1.3	0.039193
120	-1.2	0.030875
120	-1.1	0.028411
120	-1	0.02633
120	-0.9	0.032006
120	-0.8	0.043864
120	-0.7	0.052133
120	-0.6	0.062677
120	-0.5	0.0659
120	-0.4	0.064654
120	-0.3	0.058555
120	-0.2	0.051431
120	-0.1	0.041967
120	0	0.02737
120	0.1	0.021951
120	0.2	0.017092
120	0.3	0.014648
120	0.4	0.014261
120	0.5	0.013025
120	0.6	0.015356
120	0.7	0.020971
120	0.8	0.027869
120	0.9	0.033222
120	1	0.03934
120	1.1	0.04338
120	1.2	0.045328
120	1.3	0.044035
120	1.4	0.042126
120	1.5	0.03905
120	1.6	0.035956
120	1.7	0.031384
120	1.8	0.030365
120	1.9	0.028387
120	2	0.028451
120	2.1	0.027769
120	2.2	0.02756
120	2.3	0.027721
120	2.4	0.026958
120	2.5	0.025372
120	2.6	0.023244
120	2.7	0.021635
120	2.8	0.019959
120	2.9	0.018933
120	3	0.016975
120	3.1	0.01489
120	3.2	0.013611
120	3.3	0.012217
120	3.4	0.0099614
120	3.5	0.0088698
120	3.6	0.0091177
120	3.7	0.0094707
120	3.8	0.010296
120	3.9	0.0099792
120	4	0.0084518
130	-4	0.0086763
130	-3.9	0.007693
130	-3.8	0.0088552
130	-3.7	0.010548
130	-3.6	0.013162
130	-3.5	0.015044
130	-3.4	0.014636
130	-3.3	0.013771
130	-3.2	0.011814
130	-3.1	0.010647
130	-3	0.010921
130	-2.9	0.012029
130	-2.8	0.01193
130	-2.7	0.011833
130	-2.6	0.011559
130	-2.5	0.014571
130	-2.4	0.019412
130	-2.3	0.025784
130	-2.2	0.031675
130	-2.1	0.036479
130	-2	0.037578
130	-1.9	0.038805
130	-1.8	0.0403
130	-1.7	0.043011
130	-1.6	0.045232
130	-1.5	0.046826
130	-1.4	0.046983
130	-1.3	0.044231
130	-1.2	0.03718
130	-1.1	0.029083
130	-1	0.024408
130	-0.9	0.028503
130	-0.8	0.042607
130	-0.7	0.051908
130	-0.6	0.060097
130	-0.5	0.068982
130	-0.4	0.068391
130	-0.3	0.063959
130	-0.2	0.052706
130	-0.1	0.044765
130	0	0.03345
130	0.1	0.021328
130	0.2	0.01726
130	0.3	0.016043
130	0.4	0.014226
130	0.5	0.013603
130	0.6	0.015853
130	0.7	0.024345
130	0.8	0.03245
130	0.9	0.037776
130	1	0.043432
130	1.1	0.048481
130	1.2	0.049332
130	1.3	0.046634
130	1.4	0.04245
130	1.5	0.039564
130	1.6	0.035899
130	1.7	0.032115
130	1.8	0.030279
130	1.9	0.028587
130	2	0.027103
130	2.1	0.02592
130	2.2	0.024285
130	2.3	0.024133
130	2.4	0.023882
130	2.5	0.023608
130	2.6	0.021561
130	2.7	0.020461
130	2.8	0.018591
130	2.9	0.017083
130	3	0.014293
130	3.1	0.013487
130	3.2	0.013071
130	3.3	0.013321
130	3.4	0.012042
130	3.5	0.010106
130	3.6	0.0084956
130	3.7	0.0076635
130	3.8	0.0074605
130	3.9	0.0081441
130	4	0.007617
140	-4	0.0089424
140	-3.9	0.0085978
140	-3.8	0.0095065
140	-3.7	0.011468
140	-3.6	0.013883
140	-3.5	0.014644
140	-3.4	0.014793
140	-3.3	0.014506
140	-3.2	0.013112
140	-3.1	0.012767
140	-3	0.012321
140	-2.9	0.012589
140	-2.8	0.012921
140	-2.7	0.012648
140	-2.6	0.012968
140	-2.5	0.014998
140	-2.4	0.019452
140	-2.3	0.0241
140	-2.2	0.030838
140	-2.1	0.034829
140	-2	0.039171
140	-1.9	0.042215
140	-1.8	0.042775
140	-1.7	0.044514
140	-1.6	0.045994
140	-1.5	0.046565
140	-1.4	0.04533
140	-1.3	0.041671
140	-1.2	0.03653
140	-1.1	0.032837
140	-1	0.026933
140	-0.9	0.029361
140	-0.8	0.036146
140	-0.7	0.047943
140	-0.6	0.059146
140	-0.5	0.065193
140	-0.4	0.066017
140	-0.3	0.063056
140	-0.2	0.05459
140	-0.1	0.045947
140	0	0.033941
140	0.1	0.029789
140	0.2	0.02175
140	0.3	0.018607
140	0.4	0.016368
140	0.5	0.015136
140	0.6	0.018281
140	0.7	0.022302
140	0.8	0.030079
140	0.9	0.036224
140	1	0.043479
140	1.1	0.046024
140	1.2	0.048497
140	1.3	0.047252
140	1.4	0.04588
140	1.5	0.041698
140	1.6	0.039059
140	1.7	0.033916
140	1.8	0.032159
140	1.9	0.030138
140	2	0.028994
140	2.1	0.027697
140	2.2	0.026938
140	2.3	0.027468
140	2.4	0.026961
140	2.5	0.025569
140	2.6	0.022576
140	2.7	0.019922
140	2.8	0.017632
140	2.9	0.014715
140	3	0.013597
140	3.1	0.012708
140	3.2	0.011917
140	3.3	0.010808
140	3.4	0.0086484
140	3.5	0.0073272
140	3.6	0.0063104
140	3.7	0.0069304
140	3.8	0.007583
140	3.9	0.0084269
140	4	0.0076382
150	-4	0.0090466
150	-3.9	0.0098011
150	-3.8	0.012486
150	-3.7	0.013819
150	-3.6	0.013751
150	-3.5	0.012573
150	-3.4	0.011586
150	-3.3	0.010443
150	-3.2	0.010962
150	-3.1	0.012083
150	-3	0.014201
150	-2.9	0.014561
150	-2.8	0.013667
150	-2.7	0.011738
150	-2.6	0.01118
150	-2.5	0.012853
150	-2.4	0.021906
150	-2.3	0.028959
150	-2.2	0.033136
150	-2.1	0.038297
150	-2	0.040596
150	-1.9	0.041437
150	-1.8	0.044049
150	-1.7	0.045169
150	-1.6	0.047393
150	-1.5	0.048626
150	-1.4	0.047438
150	-1.3	0.043546
150	-1.2	0.035383
150	-1.1	0.029368
150	-1	0.024592
150	-0.9	0.027623
150	-0.8	0.038832
150	-0.7	0.050256
150	-0.6	0.059439
150	-0.5	0.06457
150	-0.4	0.064853
150	-0.3	0.061209
150	-0.2	0.053488
150	-0.1	0.044538
150	0	0.037761
150	0.1	0.027033
150	0.2	0.020467
150	0.3	0.017762
150	0.4	0.01628
150	0.5	0.016851
150	0.6	0.019316
150	0.7	0.027285
150	0.8	0.035867
150	0.9	0.039077
150	1	0.046398
150	1.1	0.047871
150	1.2	0.048493
150	1.3	0.046129
150	1.4	0.042515
150	1.5	0.040639
150	1.6	0.036639
150	1.7	0.033429
150	1.8	0.03127
150	1.9	0.030496
150	2	0.029524
150	2.1	0.029224
150	2.2	0.027653
150	2.3	0.027513
150	2.4	0.02679
150	2.5	0.024738
150	2.6	0.022546
150	2.7	0.02136
150	2.8	0.020011
150	2.9	0.018048
150	3	0.015928
150	3.1	0.014551
150	3.2	0.013834
150	3.3	0.012258
150	3.4	0.011086
150	3.5	0.0098521
150	3.6	0.0089405
150	3.7	0.009725
150	3.8	0.0095472
150	3.9	0.0084823
150	4	0.0085525
160	-4	0.0097183
160	-3.9	0.010141
160	-3.8	0.010739
160	-3.7	0.011426
160	-3.6	0.011978
160	-3.5	0.011582
160	-3.4	0.010958
160	-3.3	0.010824
160	-3.2	0.011463
160	-3.1	0.013385
160	-3	0.01469
160	-2.9	0.015199
160	-2.8	0.013291
160	-2.7	0.010971
160	-2.6	0.01052
160	-2.5	0.014762
160	-2.4	0.021221
160	-2.3	0.027002
160	-2.2	0.030731
160	-2.1	0.034986
160	-2	0.039459
160	-1.9	0.042055
160	-1.8	0.046001
160	-1.7	0.048767
160	-1.6	0.050937
160	-1.5	0.051253
160	-1.4	0.050177
160	-1.3	0.046117
160	-1.2	0.035419
160	-1.1	0.029295
160	-1	0.027218
160	-0.9	0.032677
160	-0.8	0.040118
160	-0.7	0.052441
160	-0.6	0.061666
160	-0.5	0.064111
160	-0.4	0.061962
160	-0.3	0.058802
160	-0.2	0.049817
160	-0.1	0.043486
160	0	0.032704
160	0.1	0.025283
160	0.2	0.022509
160	0.3	0.020462
160	0.4	0.019441
160	0.5	0.02103
160	0.6	0.023182
160	0.7	0.030549
160	0.8	0.037446
160	0.9	0.040311
160	1	0.044841
160	1.1	0.046256
160	1.2	0.045731
160	1.3	0.044381
160	1.4	0.042831
160	1.5	0.039845
160	1.6	0.03816
160	1.7	0.033646
160	1.8	0.032239
160	1.9	0.030852
160	2	0.029438
160	2.1	0.028961
160	2.2	0.028898
160	2.3	0.028668
160	2.4	0.028273
160	2.5	0.025249
160	2.6	0.022247
160	2.7	0.021281
160	2.8	0.019483
160	2.9	0.016647
160	3	0.014578
160	3.1	0.013041
160	3.2	0.012341
160	3.3	0.0105
160	3.4	0.0093228
160	3.5	0.0087228
160	3.6	0.008846
160	3.7	0.0094314
160	3.8	0.0098456
160	3.9	0.0095861
160	4	0.008469
170	-4	0.010382
170	-3.9	0.010345
170	-3.8	0.01027
170	-3.7	0.011658
170	-3.6	0.012393
170	-3.5	0.012587
170	-3.4	0.012295
170	-3.3	0.010638
170	-3.2	0.010489
170	-3.1	0.010766
170	-3	0.011375
170	-2.9	0.011912
170	-2.8	0.011947
170	-2.7	0.011932
170	-2.6	0.013404
170	-2.5	0.015554
170	-2.4	0.020086
170	-2.3	0.026485
170	-2.2	0.030934
170	-2.1	0.034806
170	-2	0.040344
170	-1.9	0.042153
170	-1.8	0.044856
170	-1.7	0.046474
170	-1.6	0.047904
170	-1.5	0.047592
170	-1.4	0.044282
170	-1.3	0.040219
170	-1.2	0.034163
170	-1.1	0.029824
170	-1	0.027569
170	-0.9	0.031478
170	-0.8	0.043363
170	-0.7	0.052292
170	-0.6	0.062323
170	-0.5	0.06417
170	-0.4	0.063781
170	-0.3	0.058178
170	-0.2	0.053577
170	-0.1	0.0442
170	0	0.031219
170	0.1	0.026436
170	0.2	0.021818
170	0.3	0.018903
170	0.4	0.018286
170	0.5	0.019685
170	0.6	0.025366
170	0.7	0.029965
170	0.8	0.038578
170	0.9	0.044084
170	1	0.048752
170	1.1	0.050001
170	1.2	0.049238
170	1.3	0.046319
170	1.4	0.042525
170	1.5	0.03972
170	1.6	0.037582
170	1.7	0.035312
170	1.8	0.033709
170	1.9	0.032351
170	2	0.031658
170	2.1	0.030702
170	2.2	0.029282
170	2.3	0.028584
170	2.4	0.027831
170	2.5	0.026415
170	2.6	0.023687
170	2.7	0.021357
170	2.8	0.020377
170	2.9	0.017394
170	3	0.014595
170	3.1	0.013148
170	3.2	0.012221
170	3.3	0.011484
170	3.4	0.010157
170	3.5	0.0093781
170	3.6	0.0087763
170	3.7	0.0085544
170	3.8	0.008152
170	3.9	0.0084326
170	4	0.0083595
180	-4	0.01013
180	-3.9	0.011289
180	-3.8	0.012316
180	-3.7	0.012436
180	-3.6	0.012264
180	-3.5	0.011766
180	-3.4	0.01204
180	-3.3	0.013124
180	-3.2	0.013887
180	-3.1	0.014044
180	-3	0.01313
180	-2.9	0.010406
180	-2.8	0.0086875
180	-2.7	0.0092095
180	-2.6	0.01664
180	-2.5	0.020632
180	-2.4	0.024157
180	-2.3	0.029018
180	-2.2	0.030765
180	-2.1	0.033261
180	-2	0.036797
180	-1.9	0.04221
180	-1.8	0.045426
180	-1.7	0.04942
180	-1.6	0.051811
180	-1.5	0.050538
180	-1.4	0.04484
180	-1.3	0.040293
180	-1.2	0.032014
180	-1.1	0.025613
180	-1	0.027395
180	-0.9	0.035974
180	-0.8	0.047377
180	-0.7	0.052899
180	-0.6	0.058514
180	-0.5	0.058726
180	-0.4	0.056494
180	-0.3	0.051764
180	-0.2	0.045942
180	-0.1	0.03923
180	0	0.03023
180	0.1	0.026621
180	0.2	0.022779
180	0.3	0.021674
180	0.4	0.022042
180	0.5	0.025474
180	0.6	0.028215
180	0.7	0.032034
180	0.8	0.039483
180	0.9	0.041693
180	1	0.043944
180	1.1	0.045399
180	1.2	0.044737
180	1.3	0.04325
180	1.4	0.04016
180	1.5	0.036539
180	1.6	0.034217
180	1.7	0.032076
180	1.8	0.030257
180	1.9	0.029872
180	2	0.029906
180	2.1	0.029648
180	2.2	0.029267
180	2.3	0.029002
180	2.4	0.026507
180	2.5	0.02432
180	2.6	0.02229
180	2.7	0.020172
180	2.8	0.018939
180	2.9	0.01686
180	3	0.015267
180	3.1	0.013272
180	3.2	0.011665
180	3.3	0.010664
180	3.4	0.0098373
180	3.5	0.009613
180	3.6	0.010134
180	3.7	0.010124
180	3.8	0.010259
180	3.9	0.0097978
180	4	0.0093367
 
Uniformity Ratio =0.76371
