10-Jan-2018
7:53
TXR  008065 RM428 R24
33511B Function Generator
SN =Agilent Technologies,33511B,MY52301476,3.05-1.19-2.00-52-00
freq =+9.470000000000000E+06
burstmode =TRIG
burstN =+6.000000000000000E+01
voltage =+1.5000000000000E-01
 
DSO-X 2022A Oscilloscope
SN =AGILENT TECHNOLOGIES,DSO-X 2022A,MY54310921,02.41.2015102200
probe =+1.0000000E+00
scale =+500.0E-09
position =+19.900000E-06
range =+1.60E+00
units =VOLT
points =+2000
pointmode =NORM
format =BYTE
acqtype =NORM
trigsource =EXT
coupling =AC
 
-180	-4	0.0059952
-180	-3.9	0.0060782
-180	-3.8	0.0067413
-180	-3.7	0.0078737
-180	-3.6	0.0086446
-180	-3.5	0.0087856
-180	-3.4	0.0090305
-180	-3.3	0.009715
-180	-3.2	0.010924
-180	-3.1	0.012576
-180	-3	0.013065
-180	-2.9	0.013958
-180	-2.8	0.014124
-180	-2.7	0.013776
-180	-2.6	0.013238
-180	-2.5	0.013403
-180	-2.4	0.013538
-180	-2.3	0.014088
-180	-2.2	0.014991
-180	-2.1	0.014628
-180	-2	0.015014
-180	-1.9	0.017136
-180	-1.8	0.021857
-180	-1.7	0.02769
-180	-1.6	0.034032
-180	-1.5	0.037259
-180	-1.4	0.037509
-180	-1.3	0.034063
-180	-1.2	0.026881
-180	-1.1	0.021644
-180	-1	0.020328
-180	-0.9	0.02429
-180	-0.8	0.032208
-180	-0.7	0.039807
-180	-0.6	0.047538
-180	-0.5	0.050451
-180	-0.4	0.049933
-180	-0.3	0.045715
-180	-0.2	0.041952
-180	-0.1	0.038983
-180	0	0.035147
-180	0.1	0.033053
-180	0.2	0.032127
-180	0.3	0.030779
-180	0.4	0.029601
-180	0.5	0.029728
-180	0.6	0.030781
-180	0.7	0.031482
-180	0.8	0.032799
-180	0.9	0.033894
-180	1	0.03307
-180	1.1	0.030864
-180	1.2	0.027593
-180	1.3	0.026483
-180	1.4	0.026433
-180	1.5	0.026855
-180	1.6	0.028698
-180	1.7	0.032414
-180	1.8	0.035045
-180	1.9	0.035287
-180	2	0.034579
-180	2.1	0.032598
-180	2.2	0.030337
-180	2.3	0.026266
-180	2.4	0.02251
-180	2.5	0.019832
-180	2.6	0.016991
-180	2.7	0.013527
-180	2.8	0.010952
-180	2.9	0.00988
-180	3	0.0077807
-180	3.1	0.0062331
-180	3.2	0.0055267
-180	3.3	0.0049105
-180	3.4	0.0055033
-180	3.5	0.0055209
-180	3.6	0.0065689
-180	3.7	0.0066106
-180	3.8	0.0065812
-180	3.9	0.0068342
-180	4	0.0073514
-170	-4	0.0067101
-170	-3.9	0.0086184
-170	-3.8	0.010141
-170	-3.7	0.011202
-170	-3.6	0.010284
-170	-3.5	0.0095641
-170	-3.4	0.0085789
-170	-3.3	0.0085996
-170	-3.2	0.010188
-170	-3.1	0.012818
-170	-3	0.013763
-170	-2.9	0.014604
-170	-2.8	0.014591
-170	-2.7	0.013401
-170	-2.6	0.012645
-170	-2.5	0.012456
-170	-2.4	0.012949
-170	-2.3	0.015056
-170	-2.2	0.016215
-170	-2.1	0.016731
-170	-2	0.018165
-170	-1.9	0.021915
-170	-1.8	0.026409
-170	-1.7	0.032629
-170	-1.6	0.038122
-170	-1.5	0.040288
-170	-1.4	0.037545
-170	-1.3	0.032039
-170	-1.2	0.024823
-170	-1.1	0.020016
-170	-1	0.019615
-170	-0.9	0.02484
-170	-0.8	0.03524
-170	-0.7	0.041384
-170	-0.6	0.046111
-170	-0.5	0.048051
-170	-0.4	0.046602
-170	-0.3	0.043742
-170	-0.2	0.039605
-170	-0.1	0.03542
-170	0	0.031393
-170	0.1	0.030748
-170	0.2	0.029779
-170	0.3	0.028931
-170	0.4	0.028
-170	0.5	0.028427
-170	0.6	0.029304
-170	0.7	0.030447
-170	0.8	0.0318
-170	0.9	0.034285
-170	1	0.03369
-170	1.1	0.030389
-170	1.2	0.02857
-170	1.3	0.026626
-170	1.4	0.025641
-170	1.5	0.025726
-170	1.6	0.028523
-170	1.7	0.029888
-170	1.8	0.033201
-170	1.9	0.033402
-170	2	0.033106
-170	2.1	0.031841
-170	2.2	0.028314
-170	2.3	0.024797
-170	2.4	0.020792
-170	2.5	0.018267
-170	2.6	0.015307
-170	2.7	0.012709
-170	2.8	0.0098963
-170	2.9	0.008225
-170	3	0.0075915
-170	3.1	0.0069421
-170	3.2	0.0070918
-170	3.3	0.0072607
-170	3.4	0.0067891
-170	3.5	0.0070735
-170	3.6	0.0077453
-170	3.7	0.0074994
-170	3.8	0.0071282
-170	3.9	0.0080241
-170	4	0.0091619
-160	-4	0.0065787
-160	-3.9	0.0085902
-160	-3.8	0.010395
-160	-3.7	0.011046
-160	-3.6	0.010354
-160	-3.5	0.0092392
-160	-3.4	0.0078139
-160	-3.3	0.0079248
-160	-3.2	0.0097034
-160	-3.1	0.013438
-160	-3	0.01502
-160	-2.9	0.015345
-160	-2.8	0.01401
-160	-2.7	0.012174
-160	-2.6	0.010627
-160	-2.5	0.010514
-160	-2.4	0.012352
-160	-2.3	0.01533
-160	-2.2	0.016245
-160	-2.1	0.016975
-160	-2	0.018753
-160	-1.9	0.023967
-160	-1.8	0.028204
-160	-1.7	0.034738
-160	-1.6	0.04055
-160	-1.5	0.042261
-160	-1.4	0.039701
-160	-1.3	0.034866
-160	-1.2	0.027218
-160	-1.1	0.020969
-160	-1	0.0193
-160	-0.9	0.023836
-160	-0.8	0.033518
-160	-0.7	0.041789
-160	-0.6	0.046471
-160	-0.5	0.047819
-160	-0.4	0.045797
-160	-0.3	0.040854
-160	-0.2	0.037661
-160	-0.1	0.03205
-160	0	0.028514
-160	0.1	0.0276
-160	0.2	0.02753
-160	0.3	0.027711
-160	0.4	0.02853
-160	0.5	0.030128
-160	0.6	0.03217
-160	0.7	0.033453
-160	0.8	0.035538
-160	0.9	0.035518
-160	1	0.034312
-160	1.1	0.030724
-160	1.2	0.029092
-160	1.3	0.026061
-160	1.4	0.024914
-160	1.5	0.025632
-160	1.6	0.028134
-160	1.7	0.031136
-160	1.8	0.032355
-160	1.9	0.032109
-160	2	0.030759
-160	2.1	0.029669
-160	2.2	0.026689
-160	2.3	0.023012
-160	2.4	0.021515
-160	2.5	0.018039
-160	2.6	0.016371
-160	2.7	0.012659
-160	2.8	0.0099175
-160	2.9	0.0088131
-160	3	0.0091461
-160	3.1	0.010238
-160	3.2	0.010698
-160	3.3	0.010603
-160	3.4	0.010119
-160	3.5	0.01014
-160	3.6	0.0097383
-160	3.7	0.0098127
-160	3.8	0.010604
-160	3.9	0.011868
-160	4	0.012382
-150	-4	0.0051231
-150	-3.9	0.0066932
-150	-3.8	0.010796
-150	-3.7	0.012098
-150	-3.6	0.013203
-150	-3.5	0.012202
-150	-3.4	0.010285
-150	-3.3	0.0088497
-150	-3.2	0.0087413
-150	-3.1	0.010838
-150	-3	0.013634
-150	-2.9	0.014459
-150	-2.8	0.01353
-150	-2.7	0.011417
-150	-2.6	0.0088716
-150	-2.5	0.0096767
-150	-2.4	0.014665
-150	-2.3	0.018473
-150	-2.2	0.020915
-150	-2.1	0.022059
-150	-2	0.02312
-150	-1.9	0.025258
-150	-1.8	0.030427
-150	-1.7	0.036932
-150	-1.6	0.042744
-150	-1.5	0.044609
-150	-1.4	0.042234
-150	-1.3	0.036372
-150	-1.2	0.027401
-150	-1.1	0.016895
-150	-1	0.014993
-150	-0.9	0.023996
-150	-0.8	0.034019
-150	-0.7	0.044298
-150	-0.6	0.047962
-150	-0.5	0.048165
-150	-0.4	0.044621
-150	-0.3	0.040117
-150	-0.2	0.03418
-150	-0.1	0.028462
-150	0	0.025073
-150	0.1	0.023115
-150	0.2	0.022324
-150	0.3	0.022641
-150	0.4	0.02407
-150	0.5	0.028608
-150	0.6	0.033444
-150	0.7	0.035856
-150	0.8	0.037732
-150	0.9	0.038488
-150	1	0.035949
-150	1.1	0.033057
-150	1.2	0.030525
-150	1.3	0.027897
-150	1.4	0.025083
-150	1.5	0.024884
-150	1.6	0.025636
-150	1.7	0.027466
-150	1.8	0.027868
-150	1.9	0.027645
-150	2	0.026948
-150	2.1	0.025796
-150	2.2	0.023007
-150	2.3	0.019851
-150	2.4	0.018815
-150	2.5	0.01546
-150	2.6	0.013304
-150	2.7	0.011193
-150	2.8	0.0096147
-150	2.9	0.0095945
-150	3	0.0094605
-150	3.1	0.010463
-150	3.2	0.010648
-150	3.3	0.011087
-150	3.4	0.011186
-150	3.5	0.011467
-150	3.6	0.011091
-150	3.7	0.010656
-150	3.8	0.011138
-150	3.9	0.011373
-150	4	0.011503
-140	-4	0.0059736
-140	-3.9	0.0074497
-140	-3.8	0.0085355
-140	-3.7	0.0098011
-140	-3.6	0.010138
-140	-3.5	0.009816
-140	-3.4	0.0086931
-140	-3.3	0.0077973
-140	-3.2	0.0090804
-140	-3.1	0.010698
-140	-3	0.012035
-140	-2.9	0.011893
-140	-2.8	0.010367
-140	-2.7	0.0088862
-140	-2.6	0.0098701
-140	-2.5	0.011862
-140	-2.4	0.014962
-140	-2.3	0.018445
-140	-2.2	0.019711
-140	-2.1	0.021836
-140	-2	0.024905
-140	-1.9	0.027591
-140	-1.8	0.033525
-140	-1.7	0.037768
-140	-1.6	0.041961
-140	-1.5	0.043892
-140	-1.4	0.041734
-140	-1.3	0.035657
-140	-1.2	0.025332
-140	-1.1	0.017671
-140	-1	0.015899
-140	-0.9	0.023148
-140	-0.8	0.031455
-140	-0.7	0.038888
-140	-0.6	0.043853
-140	-0.5	0.04436
-140	-0.4	0.042108
-140	-0.3	0.038559
-140	-0.2	0.033488
-140	-0.1	0.02866
-140	0	0.026149
-140	0.1	0.024226
-140	0.2	0.023362
-140	0.3	0.02298
-140	0.4	0.024262
-140	0.5	0.028015
-140	0.6	0.03101
-140	0.7	0.033897
-140	0.8	0.037364
-140	0.9	0.03919
-140	1	0.038441
-140	1.1	0.036253
-140	1.2	0.033622
-140	1.3	0.029953
-140	1.4	0.025761
-140	1.5	0.025217
-140	1.6	0.026395
-140	1.7	0.027058
-140	1.8	0.02869
-140	1.9	0.028981
-140	2	0.028425
-140	2.1	0.025918
-140	2.2	0.021019
-140	2.3	0.018065
-140	2.4	0.014495
-140	2.5	0.012016
-140	2.6	0.011349
-140	2.7	0.011558
-140	2.8	0.012024
-140	2.9	0.011999
-140	3	0.012361
-140	3.1	0.012537
-140	3.2	0.013529
-140	3.3	0.014648
-140	3.4	0.015958
-140	3.5	0.016425
-140	3.6	0.015261
-140	3.7	0.014146
-140	3.8	0.012954
-140	3.9	0.012171
-140	4	0.011312
-130	-4	0.0074518
-130	-3.9	0.0087947
-130	-3.8	0.0097565
-130	-3.7	0.010358
-130	-3.6	0.0097747
-130	-3.5	0.0091142
-130	-3.4	0.0076678
-130	-3.3	0.0087911
-130	-3.2	0.0092095
-130	-3.1	0.010689
-130	-3	0.011206
-130	-2.9	0.010578
-130	-2.8	0.0091071
-130	-2.7	0.0075936
-130	-2.6	0.008227
-130	-2.5	0.012272
-130	-2.4	0.015189
-130	-2.3	0.017899
-130	-2.2	0.020942
-130	-2.1	0.022806
-130	-2	0.025565
-130	-1.9	0.028355
-130	-1.8	0.034193
-130	-1.7	0.038616
-130	-1.6	0.04218
-130	-1.5	0.043428
-130	-1.4	0.040032
-130	-1.3	0.035711
-130	-1.2	0.025951
-130	-1.1	0.017764
-130	-1	0.01524
-130	-0.9	0.02076
-130	-0.8	0.029786
-130	-0.7	0.03672
-130	-0.6	0.041012
-130	-0.5	0.041852
-130	-0.4	0.040065
-130	-0.3	0.036144
-130	-0.2	0.028185
-130	-0.1	0.024109
-130	0	0.021256
-130	0.1	0.018976
-130	0.2	0.018869
-130	0.3	0.020663
-130	0.4	0.022467
-130	0.5	0.027649
-130	0.6	0.032281
-130	0.7	0.038811
-130	0.8	0.041213
-130	0.9	0.041567
-130	1	0.039235
-130	1.1	0.036513
-130	1.2	0.030124
-130	1.3	0.025381
-130	1.4	0.022844
-130	1.5	0.022387
-130	1.6	0.023332
-130	1.7	0.025366
-130	1.8	0.026329
-130	1.9	0.02714
-130	2	0.026113
-130	2.1	0.023421
-130	2.2	0.019782
-130	2.3	0.017218
-130	2.4	0.014376
-130	2.5	0.011985
-130	2.6	0.0098324
-130	2.7	0.0093419
-130	2.8	0.0097731
-130	2.9	0.011402
-130	3	0.012733
-130	3.1	0.014047
-130	3.2	0.014545
-130	3.3	0.015494
-130	3.4	0.016074
-130	3.5	0.016502
-130	3.6	0.015932
-130	3.7	0.015709
-130	3.8	0.015292
-130	3.9	0.014591
-130	4	0.013677
-120	-4	0.0070781
-120	-3.9	0.0082876
-120	-3.8	0.0092933
-120	-3.7	0.0099663
-120	-3.6	0.0096365
-120	-3.5	0.0090448
-120	-3.4	0.0081421
-120	-3.3	0.0085089
-120	-3.2	0.0094502
-120	-3.1	0.011138
-120	-3	0.011478
-120	-2.9	0.01013
-120	-2.8	0.0086409
-120	-2.7	0.0068743
-120	-2.6	0.0073404
-120	-2.5	0.011122
-120	-2.4	0.015945
-120	-2.3	0.018443
-120	-2.2	0.019773
-120	-2.1	0.020779
-120	-2	0.022616
-120	-1.9	0.025203
-120	-1.8	0.029965
-120	-1.7	0.037063
-120	-1.6	0.04025
-120	-1.5	0.041489
-120	-1.4	0.039606
-120	-1.3	0.033808
-120	-1.2	0.026773
-120	-1.1	0.019027
-120	-1	0.015167
-120	-0.9	0.022513
-120	-0.8	0.027675
-120	-0.7	0.035968
-120	-0.6	0.039825
-120	-0.5	0.040289
-120	-0.4	0.037067
-120	-0.3	0.033311
-120	-0.2	0.027408
-120	-0.1	0.02147
-120	0	0.019003
-120	0.1	0.017538
-120	0.2	0.017754
-120	0.3	0.01917
-120	0.4	0.022584
-120	0.5	0.026962
-120	0.6	0.032803
-120	0.7	0.035257
-120	0.8	0.038932
-120	0.9	0.039191
-120	1	0.037299
-120	1.1	0.03408
-120	1.2	0.029581
-120	1.3	0.024987
-120	1.4	0.023205
-120	1.5	0.023497
-120	1.6	0.025283
-120	1.7	0.026787
-120	1.8	0.02677
-120	1.9	0.02632
-120	2	0.024064
-120	2.1	0.02045
-120	2.2	0.018187
-120	2.3	0.015092
-120	2.4	0.013148
-120	2.5	0.011736
-120	2.6	0.011144
-120	2.7	0.011722
-120	2.8	0.012929
-120	2.9	0.014747
-120	3	0.016087
-120	3.1	0.017128
-120	3.2	0.017759
-120	3.3	0.017999
-120	3.4	0.018363
-120	3.5	0.018038
-120	3.6	0.017786
-120	3.7	0.017496
-120	3.8	0.017529
-120	3.9	0.016989
-120	4	0.015966
-110	-4	0.0069491
-110	-3.9	0.0077911
-110	-3.8	0.0094536
-110	-3.7	0.010249
-110	-3.6	0.0099809
-110	-3.5	0.0087616
-110	-3.4	0.0081441
-110	-3.3	0.0087079
-110	-3.2	0.0105
-110	-3.1	0.012266
-110	-3	0.012464
-110	-2.9	0.011969
-110	-2.8	0.0093781
-110	-2.7	0.0072896
-110	-2.6	0.0080763
-110	-2.5	0.011129
-110	-2.4	0.016219
-110	-2.3	0.019099
-110	-2.2	0.020698
-110	-2.1	0.021337
-110	-2	0.024396
-110	-1.9	0.026885
-110	-1.8	0.034384
-110	-1.7	0.038191
-110	-1.6	0.041575
-110	-1.5	0.041654
-110	-1.4	0.038274
-110	-1.3	0.030231
-110	-1.2	0.024485
-110	-1.1	0.017981
-110	-1	0.013288
-110	-0.9	0.018153
-110	-0.8	0.026268
-110	-0.7	0.030802
-110	-0.6	0.036296
-110	-0.5	0.036578
-110	-0.4	0.034001
-110	-0.3	0.028543
-110	-0.2	0.02418
-110	-0.1	0.020366
-110	0	0.018547
-110	0.1	0.016687
-110	0.2	0.017026
-110	0.3	0.018667
-110	0.4	0.021026
-110	0.5	0.025848
-110	0.6	0.030384
-110	0.7	0.035548
-110	0.8	0.038132
-110	0.9	0.038782
-110	1	0.037398
-110	1.1	0.033285
-110	1.2	0.029364
-110	1.3	0.024943
-110	1.4	0.022946
-110	1.5	0.023096
-110	1.6	0.025247
-110	1.7	0.026855
-110	1.8	0.02813
-110	1.9	0.0282
-110	2	0.026805
-110	2.1	0.023278
-110	2.2	0.019845
-110	2.3	0.016663
-110	2.4	0.013994
-110	2.5	0.013193
-110	2.6	0.012866
-110	2.7	0.013743
-110	2.8	0.013777
-110	2.9	0.014498
-110	3	0.015982
-110	3.1	0.017004
-110	3.2	0.0179
-110	3.3	0.019797
-110	3.4	0.020524
-110	3.5	0.019729
-110	3.6	0.018506
-110	3.7	0.01753
-110	3.8	0.016812
-110	3.9	0.015617
-110	4	0.014543
-100	-4	0.0074994
-100	-3.9	0.0090484
-100	-3.8	0.010572
-100	-3.7	0.011383
-100	-3.6	0.01159
-100	-3.5	0.011202
-100	-3.4	0.0097978
-100	-3.3	0.0085921
-100	-3.2	0.0086034
-100	-3.1	0.0089586
-100	-3	0.0093349
-100	-2.9	0.0094125
-100	-2.8	0.008973
-100	-2.7	0.0091619
-100	-2.6	0.010132
-100	-2.5	0.010862
-100	-2.4	0.012913
-100	-2.3	0.015913
-100	-2.2	0.01866
-100	-2.1	0.021078
-100	-2	0.024502
-100	-1.9	0.028424
-100	-1.8	0.032407
-100	-1.7	0.035479
-100	-1.6	0.036748
-100	-1.5	0.036575
-100	-1.4	0.033337
-100	-1.3	0.029376
-100	-1.2	0.023074
-100	-1.1	0.018088
-100	-1	0.017314
-100	-0.9	0.021685
-100	-0.8	0.028302
-100	-0.7	0.031236
-100	-0.6	0.034663
-100	-0.5	0.035291
-100	-0.4	0.033288
-100	-0.3	0.029798
-100	-0.2	0.028252
-100	-0.1	0.023726
-100	0	0.021124
-100	0.1	0.019345
-100	0.2	0.018778
-100	0.3	0.019138
-100	0.4	0.021128
-100	0.5	0.022538
-100	0.6	0.026363
-100	0.7	0.031395
-100	0.8	0.035058
-100	0.9	0.035799
-100	1	0.034587
-100	1.1	0.03308
-100	1.2	0.029044
-100	1.3	0.027536
-100	1.4	0.026583
-100	1.5	0.028437
-100	1.6	0.029203
-100	1.7	0.03019
-100	1.8	0.030475
-100	1.9	0.029468
-100	2	0.026817
-100	2.1	0.024225
-100	2.2	0.020373
-100	2.3	0.018111
-100	2.4	0.015438
-100	2.5	0.013818
-100	2.6	0.013791
-100	2.7	0.014454
-100	2.8	0.016091
-100	2.9	0.017914
-100	3	0.019213
-100	3.1	0.019491
-100	3.2	0.019244
-100	3.3	0.019519
-100	3.4	0.018591
-100	3.5	0.017491
-100	3.6	0.015987
-100	3.7	0.015494
-100	3.8	0.014989
-100	3.9	0.013229
-100	4	0.01151
-90	-4	0.0056596
-90	-3.9	0.0071959
-90	-3.8	0.0094142
-90	-3.7	0.011405
-90	-3.6	0.012072
-90	-3.5	0.011388
-90	-3.4	0.01018
-90	-3.3	0.0077558
-90	-3.2	0.0073161
-90	-3.1	0.0087117
-90	-3	0.011232
-90	-2.9	0.012442
-90	-2.8	0.012341
-90	-2.7	0.0098816
-90	-2.6	0.0083188
-90	-2.5	0.0092585
-90	-2.4	0.011734
-90	-2.3	0.015981
-90	-2.2	0.019319
-90	-2.1	0.021771
-90	-2	0.023497
-90	-1.9	0.026154
-90	-1.8	0.02907
-90	-1.7	0.032369
-90	-1.6	0.03585
-90	-1.5	0.0363
-90	-1.4	0.03469
-90	-1.3	0.028847
-90	-1.2	0.023214
-90	-1.1	0.01663
-90	-1	0.015945
-90	-0.9	0.020316
-90	-0.8	0.027747
-90	-0.7	0.033581
-90	-0.6	0.036241
-90	-0.5	0.03782
-90	-0.4	0.035856
-90	-0.3	0.032863
-90	-0.2	0.029302
-90	-0.1	0.025651
-90	0	0.022518
-90	0.1	0.019928
-90	0.2	0.017623
-90	0.3	0.017961
-90	0.4	0.01965
-90	0.5	0.024015
-90	0.6	0.028025
-90	0.7	0.034666
-90	0.8	0.037174
-90	0.9	0.037336
-90	1	0.036078
-90	1.1	0.034659
-90	1.2	0.031422
-90	1.3	0.029572
-90	1.4	0.029033
-90	1.5	0.0306
-90	1.6	0.031342
-90	1.7	0.032477
-90	1.8	0.031477
-90	1.9	0.029511
-90	2	0.027517
-90	2.1	0.02345
-90	2.2	0.019599
-90	2.3	0.016788
-90	2.4	0.01403
-90	2.5	0.012064
-90	2.6	0.01145
-90	2.7	0.010848
-90	2.8	0.011678
-90	2.9	0.01266
-90	3	0.01425
-90	3.1	0.015324
-90	3.2	0.016503
-90	3.3	0.017251
-90	3.4	0.017384
-90	3.5	0.016188
-90	3.6	0.014413
-90	3.7	0.013547
-90	3.8	0.013327
-90	3.9	0.013006
-90	4	0.012518
-80	-4	0.007254
-80	-3.9	0.0082798
-80	-3.8	0.0093833
-80	-3.7	0.0098751
-80	-3.6	0.0094039
-80	-3.5	0.0087228
-80	-3.4	0.0085203
-80	-3.3	0.009839
-80	-3.2	0.010303
-80	-3.1	0.011482
-80	-3	0.011751
-80	-2.9	0.010621
-80	-2.8	0.009608
-80	-2.7	0.0084307
-80	-2.6	0.0083923
-80	-2.5	0.010568
-80	-2.4	0.013514
-80	-2.3	0.016764
-80	-2.2	0.018708
-80	-2.1	0.020116
-80	-2	0.021323
-80	-1.9	0.023683
-80	-1.8	0.027481
-80	-1.7	0.030428
-80	-1.6	0.032703
-80	-1.5	0.033537
-80	-1.4	0.031818
-80	-1.3	0.025857
-80	-1.2	0.022807
-80	-1.1	0.019152
-80	-1	0.021522
-80	-0.9	0.026213
-80	-0.8	0.032241
-80	-0.7	0.036706
-80	-0.6	0.039155
-80	-0.5	0.039193
-80	-0.4	0.037314
-80	-0.3	0.034783
-80	-0.2	0.031255
-80	-0.1	0.027429
-80	0	0.026126
-80	0.1	0.023644
-80	0.2	0.021979
-80	0.3	0.020636
-80	0.4	0.021635
-80	0.5	0.023796
-80	0.6	0.027277
-80	0.7	0.030971
-80	0.8	0.033529
-80	0.9	0.033402
-80	1	0.032678
-80	1.1	0.031091
-80	1.2	0.029335
-80	1.3	0.028979
-80	1.4	0.029883
-80	1.5	0.031725
-80	1.6	0.035047
-80	1.7	0.036017
-80	1.8	0.035305
-80	1.9	0.033838
-80	2	0.031603
-80	2.1	0.027253
-80	2.2	0.024519
-80	2.3	0.020007
-80	2.4	0.016845
-80	2.5	0.014332
-80	2.6	0.013362
-80	2.7	0.012346
-80	2.8	0.012922
-80	2.9	0.013711
-80	3	0.014833
-80	3.1	0.015823
-80	3.2	0.015802
-80	3.3	0.016004
-80	3.4	0.016563
-80	3.5	0.016169
-80	3.6	0.015527
-80	3.7	0.014192
-80	3.8	0.013752
-80	3.9	0.013867
-80	4	0.012969
-70	-4	0.0070507
-70	-3.9	0.0069047
-70	-3.8	0.0079044
-70	-3.7	0.0081619
-70	-3.6	0.0083537
-70	-3.5	0.0087524
-70	-3.4	0.0084346
-70	-3.3	0.0099436
-70	-3.2	0.011427
-70	-3.1	0.011858
-70	-3	0.012021
-70	-2.9	0.010923
-70	-2.8	0.0093488
-70	-2.7	0.0093211
-70	-2.6	0.010796
-70	-2.5	0.01339
-70	-2.4	0.015284
-70	-2.3	0.016255
-70	-2.2	0.017181
-70	-2.1	0.018032
-70	-2	0.020667
-70	-1.9	0.023201
-70	-1.8	0.027468
-70	-1.7	0.031114
-70	-1.6	0.034643
-70	-1.5	0.034444
-70	-1.4	0.032681
-70	-1.3	0.027865
-70	-1.2	0.024503
-70	-1.1	0.02254
-70	-1	0.024119
-70	-0.9	0.029898
-70	-0.8	0.035507
-70	-0.7	0.039793
-70	-0.6	0.041776
-70	-0.5	0.041403
-70	-0.4	0.039681
-70	-0.3	0.036985
-70	-0.2	0.033274
-70	-0.1	0.030396
-70	0	0.028282
-70	0.1	0.026143
-70	0.2	0.023479
-70	0.3	0.023154
-70	0.4	0.023922
-70	0.5	0.025929
-70	0.6	0.028735
-70	0.7	0.031734
-70	0.8	0.033226
-70	0.9	0.033437
-70	1	0.032591
-70	1.1	0.032204
-70	1.2	0.032257
-70	1.3	0.032315
-70	1.4	0.033661
-70	1.5	0.035243
-70	1.6	0.036847
-70	1.7	0.038303
-70	1.8	0.037792
-70	1.9	0.036865
-70	2	0.034641
-70	2.1	0.03081
-70	2.2	0.025272
-70	2.3	0.020657
-70	2.4	0.017207
-70	2.5	0.012984
-70	2.6	0.012253
-70	2.7	0.012833
-70	2.8	0.013292
-70	2.9	0.013413
-70	3	0.013492
-70	3.1	0.012862
-70	3.2	0.013103
-70	3.3	0.013694
-70	3.4	0.015289
-70	3.5	0.016561
-70	3.6	0.016245
-70	3.7	0.014926
-70	3.8	0.013716
-70	3.9	0.012635
-70	4	0.011088
-60	-4	0.0064019
-60	-3.9	0.0074713
-60	-3.8	0.007816
-60	-3.7	0.0081222
-60	-3.6	0.0083614
-60	-3.5	0.0080843
-60	-3.4	0.0077495
-60	-3.3	0.0086782
-60	-3.2	0.0098783
-60	-3.1	0.011605
-60	-3	0.012179
-60	-2.9	0.012086
-60	-2.8	0.011125
-60	-2.7	0.0098849
-60	-2.6	0.010074
-60	-2.5	0.01246
-60	-2.4	0.013982
-60	-2.3	0.016251
-60	-2.2	0.017162
-60	-2.1	0.017634
-60	-2	0.018705
-60	-1.9	0.02047
-60	-1.8	0.02529
-60	-1.7	0.028697
-60	-1.6	0.031701
-60	-1.5	0.034382
-60	-1.4	0.032842
-60	-1.3	0.030212
-60	-1.2	0.025911
-60	-1.1	0.0248
-60	-1	0.029466
-60	-0.9	0.034623
-60	-0.8	0.042439
-60	-0.7	0.047166
-60	-0.6	0.048577
-60	-0.5	0.048102
-60	-0.4	0.044771
-60	-0.3	0.040234
-60	-0.2	0.037136
-60	-0.1	0.033583
-60	0	0.030839
-60	0.1	0.02833
-60	0.2	0.025646
-60	0.3	0.024243
-60	0.4	0.024978
-60	0.5	0.027388
-60	0.6	0.032469
-60	0.7	0.035076
-60	0.8	0.037087
-60	0.9	0.036169
-60	1	0.034221
-60	1.1	0.032288
-60	1.2	0.032313
-60	1.3	0.033602
-60	1.4	0.036675
-60	1.5	0.040886
-60	1.6	0.043152
-60	1.7	0.044828
-60	1.8	0.042872
-60	1.9	0.040673
-60	2	0.036356
-60	2.1	0.030628
-60	2.2	0.026942
-60	2.3	0.022708
-60	2.4	0.019416
-60	2.5	0.015998
-60	2.6	0.013699
-60	2.7	0.011322
-60	2.8	0.010505
-60	2.9	0.010577
-60	3	0.011139
-60	3.1	0.011897
-60	3.2	0.012393
-60	3.3	0.012723
-60	3.4	0.013968
-60	3.5	0.014082
-60	3.6	0.014082
-60	3.7	0.013622
-60	3.8	0.013515
-60	3.9	0.013048
-60	4	0.011974
-50	-4	0.0059682
-50	-3.9	0.0062847
-50	-3.8	0.007508
-50	-3.7	0.0081659
-50	-3.6	0.0088552
-50	-3.5	0.0084096
-50	-3.4	0.0085412
-50	-3.3	0.008667
-50	-3.2	0.010251
-50	-3.1	0.01094
-50	-3	0.013177
-50	-2.9	0.014662
-50	-2.8	0.015291
-50	-2.7	0.014899
-50	-2.6	0.014099
-50	-2.5	0.014028
-50	-2.4	0.015771
-50	-2.3	0.018144
-50	-2.2	0.020053
-50	-2.1	0.020556
-50	-2	0.020601
-50	-1.9	0.022586
-50	-1.8	0.026351
-50	-1.7	0.029188
-50	-1.6	0.032031
-50	-1.5	0.032393
-50	-1.4	0.03098
-50	-1.3	0.029874
-50	-1.2	0.028048
-50	-1.1	0.02866
-50	-1	0.032741
-50	-0.9	0.037668
-50	-0.8	0.042623
-50	-0.7	0.048148
-50	-0.6	0.050355
-50	-0.5	0.050377
-50	-0.4	0.048098
-50	-0.3	0.045272
-50	-0.2	0.042044
-50	-0.1	0.037576
-50	0	0.033708
-50	0.1	0.031618
-50	0.2	0.027166
-50	0.3	0.025466
-50	0.4	0.025587
-50	0.5	0.028455
-50	0.6	0.031371
-50	0.7	0.034106
-50	0.8	0.035889
-50	0.9	0.035702
-50	1	0.034098
-50	1.1	0.03362
-50	1.2	0.033746
-50	1.3	0.035637
-50	1.4	0.038422
-50	1.5	0.040371
-50	1.6	0.042696
-50	1.7	0.043713
-50	1.8	0.042063
-50	1.9	0.041213
-50	2	0.038497
-50	2.1	0.03417
-50	2.2	0.029531
-50	2.3	0.025708
-50	2.4	0.020014
-50	2.5	0.017078
-50	2.6	0.014402
-50	2.7	0.011389
-50	2.8	0.00973
-50	2.9	0.009705
-50	3	0.0098914
-50	3.1	0.0095793
-50	3.2	0.010076
-50	3.3	0.010322
-50	3.4	0.01123
-50	3.5	0.012135
-50	3.6	0.012144
-50	3.7	0.011815
-50	3.8	0.011851
-50	3.9	0.011565
-50	4	0.011052
-40	-4	0.0046432
-40	-3.9	0.006669
-40	-3.8	0.0095421
-40	-3.7	0.010455
-40	-3.6	0.0094074
-40	-3.5	0.0073624
-40	-3.4	0.0062925
-40	-3.3	0.0061941
-40	-3.2	0.010095
-40	-3.1	0.013337
-40	-3	0.016074
-40	-2.9	0.01611
-40	-2.8	0.015176
-40	-2.7	0.013218
-40	-2.6	0.012976
-40	-2.5	0.014577
-40	-2.4	0.018234
-40	-2.3	0.02031
-40	-2.2	0.020275
-40	-2.1	0.019303
-40	-2	0.018272
-40	-1.9	0.018937
-40	-1.8	0.023113
-40	-1.7	0.028339
-40	-1.6	0.031965
-40	-1.5	0.033109
-40	-1.4	0.031796
-40	-1.3	0.029824
-40	-1.2	0.027155
-40	-1.1	0.026863
-40	-1	0.032423
-40	-0.9	0.037965
-40	-0.8	0.046923
-40	-0.7	0.053907
-40	-0.6	0.056054
-40	-0.5	0.055518
-40	-0.4	0.052901
-40	-0.3	0.04826
-40	-0.2	0.041798
-40	-0.1	0.036628
-40	0	0.033035
-40	0.1	0.030159
-40	0.2	0.027807
-40	0.3	0.027078
-40	0.4	0.027539
-40	0.5	0.029696
-40	0.6	0.0328
-40	0.7	0.034612
-40	0.8	0.036859
-40	0.9	0.036745
-40	1	0.03573
-40	1.1	0.035041
-40	1.2	0.035709
-40	1.3	0.036958
-40	1.4	0.040426
-40	1.5	0.04392
-40	1.6	0.046462
-40	1.7	0.047991
-40	1.8	0.047242
-40	1.9	0.044878
-40	2	0.040776
-40	2.1	0.036806
-40	2.2	0.029356
-40	2.3	0.026483
-40	2.4	0.023663
-40	2.5	0.018836
-40	2.6	0.014975
-40	2.7	0.011886
-40	2.8	0.0091478
-40	2.9	0.0093089
-40	3	0.010184
-40	3.1	0.011075
-40	3.2	0.01092
-40	3.3	0.010868
-40	3.4	0.011123
-40	3.5	0.010881
-40	3.6	0.010489
-40	3.7	0.0099598
-40	3.8	0.010903
-40	3.9	0.011515
-40	4	0.010804
-30	-4	0.0045695
-30	-3.9	0.0054531
-30	-3.8	0.0053695
-30	-3.7	0.0055326
-30	-3.6	0.0059952
-30	-3.5	0.0066179
-30	-3.4	0.0079472
-30	-3.3	0.0088843
-30	-3.2	0.0097433
-30	-3.1	0.010918
-30	-3	0.01168
-30	-2.9	0.01426
-30	-2.8	0.016615
-30	-2.7	0.018055
-30	-2.6	0.018371
-30	-2.5	0.018037
-30	-2.4	0.017567
-30	-2.3	0.017662
-30	-2.2	0.017543
-30	-2.1	0.017503
-30	-2	0.017919
-30	-1.9	0.01903
-30	-1.8	0.022121
-30	-1.7	0.025107
-30	-1.6	0.028845
-30	-1.5	0.029039
-30	-1.4	0.028183
-30	-1.3	0.027227
-30	-1.2	0.02899
-30	-1.1	0.032586
-30	-1	0.039265
-30	-0.9	0.045459
-30	-0.8	0.051841
-30	-0.7	0.05535
-30	-0.6	0.056391
-30	-0.5	0.054383
-30	-0.4	0.052144
-30	-0.3	0.045799
-30	-0.2	0.042134
-30	-0.1	0.038561
-30	0	0.035742
-30	0.1	0.033394
-30	0.2	0.032
-30	0.3	0.03061
-30	0.4	0.030022
-30	0.5	0.031107
-30	0.6	0.033102
-30	0.7	0.035134
-30	0.8	0.037113
-30	0.9	0.037497
-30	1	0.03604
-30	1.1	0.03504
-30	1.2	0.035344
-30	1.3	0.037101
-30	1.4	0.040103
-30	1.5	0.0444
-30	1.6	0.047598
-30	1.7	0.049014
-30	1.8	0.049275
-30	1.9	0.046272
-30	2	0.043807
-30	2.1	0.040962
-30	2.2	0.034837
-30	2.3	0.031239
-30	2.4	0.025982
-30	2.5	0.019897
-30	2.6	0.016608
-30	2.7	0.011312
-30	2.8	0.0097383
-30	2.9	0.0088607
-30	3	0.0087376
-30	3.1	0.0093695
-30	3.2	0.0094177
-30	3.3	0.009532
-30	3.4	0.0095167
-30	3.5	0.010296
-30	3.6	0.010713
-30	3.7	0.010279
-30	3.8	0.010251
-30	3.9	0.010701
-30	4	0.010514
-20	-4	0.0060489
-20	-3.9	0.0053029
-20	-3.8	0.0057979
-20	-3.7	0.0072093
-20	-3.6	0.0078284
-20	-3.5	0.0076783
-20	-3.4	0.0061443
-20	-3.3	0.0062873
-20	-3.2	0.0096147
-20	-3.1	0.013533
-20	-3	0.018479
-20	-2.9	0.020182
-20	-2.8	0.019468
-20	-2.7	0.017902
-20	-2.6	0.016105
-20	-2.5	0.015985
-20	-2.4	0.019196
-20	-2.3	0.021712
-20	-2.2	0.022455
-20	-2.1	0.020695
-20	-2	0.017238
-20	-1.9	0.016792
-20	-1.8	0.020738
-20	-1.7	0.023531
-20	-1.6	0.028622
-20	-1.5	0.030122
-20	-1.4	0.029906
-20	-1.3	0.028748
-20	-1.2	0.026985
-20	-1.1	0.027066
-20	-1	0.033711
-20	-0.9	0.040327
-20	-0.8	0.049335
-20	-0.7	0.054572
-20	-0.6	0.05699
-20	-0.5	0.056626
-20	-0.4	0.05226
-20	-0.3	0.049962
-20	-0.2	0.043098
-20	-0.1	0.040371
-20	0	0.036418
-20	0.1	0.034871
-20	0.2	0.032369
-20	0.3	0.029943
-20	0.4	0.028706
-20	0.5	0.030351
-20	0.6	0.032029
-20	0.7	0.035726
-20	0.8	0.038752
-20	0.9	0.03921
-20	1	0.037948
-20	1.1	0.036772
-20	1.2	0.036562
-20	1.3	0.039007
-20	1.4	0.040105
-20	1.5	0.045107
-20	1.6	0.048264
-20	1.7	0.050221
-20	1.8	0.050611
-20	1.9	0.048945
-20	2	0.046405
-20	2.1	0.040784
-20	2.2	0.036021
-20	2.3	0.029437
-20	2.4	0.024694
-20	2.5	0.019189
-20	2.6	0.014303
-20	2.7	0.011158
-20	2.8	0.0086502
-20	2.9	0.0063078
-20	3	0.0057419
-20	3.1	0.0061575
-20	3.2	0.0070438
-20	3.3	0.0079614
-20	3.4	0.0077265
-20	3.5	0.0075552
-20	3.6	0.007737
-20	3.7	0.0070781
-20	3.8	0.0073206
-20	3.9	0.0074843
-20	4	0.0081817
-10	-4	0.0063512
-10	-3.9	0.0060006
-10	-3.8	0.0056682
-10	-3.7	0.0059952
-10	-3.6	0.0064672
-10	-3.5	0.0070047
-10	-3.4	0.0084556
-10	-3.3	0.0099077
-10	-3.2	0.013739
-10	-3.1	0.015991
-10	-3	0.017633
-10	-2.9	0.018582
-10	-2.8	0.018537
-10	-2.7	0.018892
-10	-2.6	0.019929
-10	-2.5	0.020868
-10	-2.4	0.021228
-10	-2.3	0.02048
-10	-2.2	0.018854
-10	-2.1	0.017341
-10	-2	0.014592
-10	-1.9	0.013857
-10	-1.8	0.015955
-10	-1.7	0.019886
-10	-1.6	0.023125
-10	-1.5	0.026085
-10	-1.4	0.025679
-10	-1.3	0.023862
-10	-1.2	0.023364
-10	-1.1	0.027294
-10	-1	0.034226
-10	-0.9	0.044913
-10	-0.8	0.049736
-10	-0.7	0.055205
-10	-0.6	0.056645
-10	-0.5	0.055521
-10	-0.4	0.05266
-10	-0.3	0.048345
-10	-0.2	0.042783
-10	-0.1	0.040048
-10	0	0.036239
-10	0.1	0.033954
-10	0.2	0.032368
-10	0.3	0.029918
-10	0.4	0.02993
-10	0.5	0.031518
-10	0.6	0.034564
-10	0.7	0.037423
-10	0.8	0.039114
-10	0.9	0.03889
-10	1	0.037279
-10	1.1	0.03389
-10	1.2	0.033011
-10	1.3	0.034602
-10	1.4	0.037549
-10	1.5	0.042797
-10	1.6	0.044836
-10	1.7	0.048297
-10	1.8	0.048545
-10	1.9	0.047061
-10	2	0.043416
-10	2.1	0.039934
-10	2.2	0.034331
-10	2.3	0.029744
-10	2.4	0.025531
-10	2.5	0.020523
-10	2.6	0.016866
-10	2.7	0.013949
-10	2.8	0.0098127
-10	2.9	0.0073316
-10	3	0.0061259
-10	3.1	0.0064722
-10	3.2	0.0061364
-10	3.3	0.0064322
-10	3.4	0.0069351
-10	3.5	0.0074757
-10	3.6	0.0090179
-10	3.7	0.009234
-10	3.8	0.0090054
-10	3.9	0.0092602
-10	4	0.0098439
0	-4	0.0062097
0	-3.9	0.0059709
0	-3.8	0.0058891
0	-3.7	0.0056881
0	-3.6	0.0056166
0	-3.5	0.0067101
0	-3.4	0.0089586
0	-3.3	0.011669
0	-3.2	0.014798
0	-3.1	0.016407
0	-3	0.017025
0	-2.9	0.017047
0	-2.8	0.016856
0	-2.7	0.016772
0	-2.6	0.017391
0	-2.5	0.018725
0	-2.4	0.020694
0	-2.3	0.021492
0	-2.2	0.02101
0	-2.1	0.019384
0	-2	0.013417
0	-1.9	0.010884
0	-1.8	0.010748
0	-1.7	0.017439
0	-1.6	0.02336
0	-1.5	0.025639
0	-1.4	0.024267
0	-1.3	0.020907
0	-1.2	0.019196
0	-1.1	0.021342
0	-1	0.031959
0	-0.9	0.040664
0	-0.8	0.04674
0	-0.7	0.05326
0	-0.6	0.056347
0	-0.5	0.055879
0	-0.4	0.051423
0	-0.3	0.046778
0	-0.2	0.041534
0	-0.1	0.036373
0	0	0.033018
0	0.1	0.031579
0	0.2	0.029303
0	0.3	0.028208
0	0.4	0.028921
0	0.5	0.031128
0	0.6	0.033597
0	0.7	0.037397
0	0.8	0.038513
0	0.9	0.038696
0	1	0.036566
0	1.1	0.034529
0	1.2	0.033373
0	1.3	0.035126
0	1.4	0.039011
0	1.5	0.042111
0	1.6	0.045876
0	1.7	0.047549
0	1.8	0.047653
0	1.9	0.046347
0	2	0.042441
0	2.1	0.037984
0	2.2	0.034166
0	2.3	0.027463
0	2.4	0.024108
0	2.5	0.019728
0	2.6	0.014759
0	2.7	0.010787
0	2.8	0.007886
0	2.9	0.0059817
0	3	0.0056453
0	3.1	0.0050723
0	3.2	0.0053755
0	3.3	0.0057306
0	3.4	0.0059274
0	3.5	0.007225
0	3.6	0.0081102
0	3.7	0.0088204
0	3.8	0.0094297
0	3.9	0.0092759
0	4	0.0097499
10	-4	0.0074018
10	-3.9	0.00697
10	-3.8	0.0068907
10	-3.7	0.0065566
10	-3.6	0.006564
10	-3.5	0.0069001
10	-3.4	0.0083285
10	-3.3	0.010322
10	-3.2	0.012312
10	-3.1	0.01549
10	-3	0.017803
10	-2.9	0.020273
10	-2.8	0.022176
10	-2.7	0.022582
10	-2.6	0.022166
10	-2.5	0.02186
10	-2.4	0.021983
10	-2.3	0.022787
10	-2.2	0.022563
10	-2.1	0.0205
10	-2	0.017533
10	-1.9	0.012143
10	-1.8	0.011765
10	-1.7	0.01695
10	-1.6	0.020459
10	-1.5	0.022084
10	-1.4	0.021231
10	-1.3	0.019249
10	-1.2	0.020945
10	-1.1	0.023292
10	-1	0.031921
10	-0.9	0.039811
10	-0.8	0.046164
10	-0.7	0.049972
10	-0.6	0.052738
10	-0.5	0.053023
10	-0.4	0.050382
10	-0.3	0.046763
10	-0.2	0.044378
10	-0.1	0.040353
10	0	0.037807
10	0.1	0.035651
10	0.2	0.033324
10	0.3	0.032114
10	0.4	0.030783
10	0.5	0.030735
10	0.6	0.032542
10	0.7	0.034846
10	0.8	0.035659
10	0.9	0.03658
10	1	0.035834
10	1.1	0.033319
10	1.2	0.032135
10	1.3	0.032484
10	1.4	0.035133
10	1.5	0.039006
10	1.6	0.043116
10	1.7	0.045739
10	1.8	0.047276
10	1.9	0.046745
10	2	0.04348
10	2.1	0.039061
10	2.2	0.034927
10	2.3	0.028279
10	2.4	0.023188
10	2.5	0.018774
10	2.6	0.015641
10	2.7	0.012984
10	2.8	0.0090893
10	2.9	0.0065096
10	3	0.0060194
10	3.1	0.0054738
10	3.2	0.0065787
10	3.3	0.006698
10	3.4	0.0073492
10	3.5	0.007053
10	3.6	0.0076382
10	3.7	0.0091372
10	3.8	0.011157
10	3.9	0.012102
10	4	0.013116
20	-4	0.010807
20	-3.9	0.0088021
20	-3.8	0.0074214
20	-3.7	0.0064045
20	-3.6	0.0056824
20	-3.5	0.0066057
20	-3.4	0.0068837
20	-3.3	0.010024
20	-3.2	0.012505
20	-3.1	0.014406
20	-3	0.019132
20	-2.9	0.021687
20	-2.8	0.023064
20	-2.7	0.023955
20	-2.6	0.024084
20	-2.5	0.023377
20	-2.4	0.023501
20	-2.3	0.023871
20	-2.2	0.023551
20	-2.1	0.021327
20	-2	0.018099
20	-1.9	0.014837
20	-1.8	0.011924
20	-1.7	0.013492
20	-1.6	0.016554
20	-1.5	0.018761
20	-1.4	0.019027
20	-1.3	0.017282
20	-1.2	0.01791
20	-1.1	0.023759
20	-1	0.028668
20	-0.9	0.037824
20	-0.8	0.044081
20	-0.7	0.04856
20	-0.6	0.051915
20	-0.5	0.052008
20	-0.4	0.050085
20	-0.3	0.04596
20	-0.2	0.041116
20	-0.1	0.039016
20	0	0.036201
20	0.1	0.035438
20	0.2	0.033708
20	0.3	0.03163
20	0.4	0.030123
20	0.5	0.030369
20	0.6	0.03286
20	0.7	0.034
20	0.8	0.036281
20	0.9	0.036782
20	1	0.036624
20	1.1	0.034907
20	1.2	0.034192
20	1.3	0.034467
20	1.4	0.036456
20	1.5	0.041354
20	1.6	0.043159
20	1.7	0.044668
20	1.8	0.044452
20	1.9	0.043619
20	2	0.040749
20	2.1	0.035057
20	2.2	0.032242
20	2.3	0.028624
20	2.4	0.023305
20	2.5	0.020541
20	2.6	0.015392
20	2.7	0.010692
20	2.8	0.0074648
20	2.9	0.0059274
20	3	0.0058589
20	3.1	0.0060435
20	3.2	0.0060809
20	3.3	0.0062123
20	3.4	0.0070369
20	3.5	0.0077807
20	3.6	0.0094793
20	3.7	0.011037
20	3.8	0.012523
20	3.9	0.013447
20	4	0.012805
30	-4	0.011075
30	-3.9	0.010169
30	-3.8	0.0084632
30	-3.7	0.0077119
30	-3.6	0.0071531
30	-3.5	0.007634
30	-3.4	0.0098439
30	-3.3	0.013183
30	-3.2	0.014924
30	-3.1	0.017929
30	-3	0.021332
30	-2.9	0.022262
30	-2.8	0.023192
30	-2.7	0.023525
30	-2.6	0.023075
30	-2.5	0.022969
30	-2.4	0.023354
30	-2.3	0.02389
30	-2.2	0.023707
30	-2.1	0.021749
30	-2	0.019496
30	-1.9	0.012787
30	-1.8	0.010715
30	-1.7	0.012356
30	-1.6	0.017328
30	-1.5	0.021085
30	-1.4	0.021521
30	-1.3	0.020263
30	-1.2	0.018759
30	-1.1	0.020428
30	-1	0.027251
30	-0.9	0.032754
30	-0.8	0.043534
30	-0.7	0.047547
30	-0.6	0.050913
30	-0.5	0.051225
30	-0.4	0.049156
30	-0.3	0.044945
30	-0.2	0.040794
30	-0.1	0.038077
30	0	0.036387
30	0.1	0.034637
30	0.2	0.033395
30	0.3	0.032438
30	0.4	0.031848
30	0.5	0.0326
30	0.6	0.034135
30	0.7	0.036127
30	0.8	0.037301
30	0.9	0.036689
30	1	0.035402
30	1.1	0.033596
30	1.2	0.03158
30	1.3	0.030883
30	1.4	0.031894
30	1.5	0.035658
30	1.6	0.040313
30	1.7	0.042255
30	1.8	0.043726
30	1.9	0.043519
30	2	0.041127
30	2.1	0.03695
30	2.2	0.032926
30	2.3	0.027716
30	2.4	0.02463
30	2.5	0.019918
30	2.6	0.01639
30	2.7	0.012617
30	2.8	0.0089514
30	2.9	0.007225
30	3	0.0059138
30	3.1	0.0061285
30	3.2	0.0056022
30	3.3	0.0060649
30	3.4	0.006564
30	3.5	0.0084823
30	3.6	0.0092776
30	3.7	0.012283
30	3.8	0.015077
30	3.9	0.016098
30	4	0.016555
40	-4	0.010037
40	-3.9	0.0089712
40	-3.8	0.008148
40	-3.7	0.0075702
40	-3.6	0.0073183
40	-3.5	0.008469
40	-3.4	0.0094177
40	-3.3	0.011611
40	-3.2	0.014051
40	-3.1	0.017483
40	-3	0.020732
40	-2.9	0.022223
40	-2.8	0.024509
40	-2.7	0.025693
40	-2.6	0.026783
40	-2.5	0.027039
40	-2.4	0.027222
40	-2.3	0.026938
40	-2.2	0.025951
40	-2.1	0.023503
40	-2	0.017934
40	-1.9	0.014334
40	-1.8	0.011451
40	-1.7	0.013336
40	-1.6	0.017691
40	-1.5	0.022064
40	-1.4	0.022599
40	-1.3	0.022411
40	-1.2	0.021588
40	-1.1	0.024301
40	-1	0.027372
40	-0.9	0.035981
40	-0.8	0.043786
40	-0.7	0.047033
40	-0.6	0.050661
40	-0.5	0.051849
40	-0.4	0.049999
40	-0.3	0.046668
40	-0.2	0.04287
40	-0.1	0.040214
40	0	0.037912
40	0.1	0.036775
40	0.2	0.03464
40	0.3	0.033432
40	0.4	0.032166
40	0.5	0.03124
40	0.6	0.03256
40	0.7	0.034717
40	0.8	0.036989
40	0.9	0.037487
40	1	0.03749
40	1.1	0.03651
40	1.2	0.034544
40	1.3	0.033214
40	1.4	0.034352
40	1.5	0.036407
40	1.6	0.039794
40	1.7	0.042605
40	1.8	0.043617
40	1.9	0.042895
40	2	0.040526
40	2.1	0.03529
40	2.2	0.030346
40	2.3	0.025951
40	2.4	0.021583
40	2.5	0.017544
40	2.6	0.013389
40	2.7	0.011369
40	2.8	0.0079533
40	2.9	0.0068672
40	3	0.0067221
40	3.1	0.0069328
40	3.2	0.008012
40	3.3	0.0090537
40	3.4	0.0092811
40	3.5	0.0095286
40	3.6	0.010044
40	3.7	0.011077
40	3.8	0.012421
40	3.9	0.01355
40	4	0.01386
50	-4	0.0090161
50	-3.9	0.0095133
50	-3.8	0.0091725
50	-3.7	0.0093816
50	-3.6	0.0095962
50	-3.5	0.010318
50	-3.4	0.011894
50	-3.3	0.014069
50	-3.2	0.016134
50	-3.1	0.018412
50	-3	0.020253
50	-2.9	0.021519
50	-2.8	0.023321
50	-2.7	0.023808
50	-2.6	0.024698
50	-2.5	0.024969
50	-2.4	0.025009
50	-2.3	0.024958
50	-2.2	0.024301
50	-2.1	0.022721
50	-2	0.018671
50	-1.9	0.015196
50	-1.8	0.012342
50	-1.7	0.015304
50	-1.6	0.018862
50	-1.5	0.024524
50	-1.4	0.025127
50	-1.3	0.023301
50	-1.2	0.02192
50	-1.1	0.02321
50	-1	0.031
50	-0.9	0.036985
50	-0.8	0.043217
50	-0.7	0.048893
50	-0.6	0.053818
50	-0.5	0.053688
50	-0.4	0.052018
50	-0.3	0.04869
50	-0.2	0.045205
50	-0.1	0.041487
50	0	0.03908
50	0.1	0.038116
50	0.2	0.036814
50	0.3	0.035005
50	0.4	0.033916
50	0.5	0.032663
50	0.6	0.033155
50	0.7	0.035173
50	0.8	0.036712
50	0.9	0.037053
50	1	0.036594
50	1.1	0.034693
50	1.2	0.033157
50	1.3	0.032242
50	1.4	0.033884
50	1.5	0.037414
50	1.6	0.040688
50	1.7	0.042818
50	1.8	0.043775
50	1.9	0.043322
50	2	0.041401
50	2.1	0.035772
50	2.2	0.033146
50	2.3	0.028259
50	2.4	0.023831
50	2.5	0.01909
50	2.6	0.015292
50	2.7	0.012526
50	2.8	0.0084975
50	2.9	0.006635
50	3	0.0058478
50	3.1	0.0064497
50	3.2	0.0070941
50	3.3	0.0078201
50	3.4	0.008654
50	3.5	0.0094314
50	3.6	0.010078
50	3.7	0.011312
50	3.8	0.013039
50	3.9	0.014173
50	4	0.015595
60	-4	0.0106
60	-3.9	0.01042
60	-3.8	0.0099711
60	-3.7	0.009554
60	-3.6	0.008008
60	-3.5	0.0084975
60	-3.4	0.011048
60	-3.3	0.013955
60	-3.2	0.017575
60	-3.1	0.020141
60	-3	0.023414
60	-2.9	0.024881
60	-2.8	0.025433
60	-2.7	0.024879
60	-2.6	0.024274
60	-2.5	0.02441
60	-2.4	0.025105
60	-2.3	0.025807
60	-2.2	0.025874
60	-2.1	0.024027
60	-2	0.01889
60	-1.9	0.015558
60	-1.8	0.013516
60	-1.7	0.01674
60	-1.6	0.02373
60	-1.5	0.028449
60	-1.4	0.030975
60	-1.3	0.029974
60	-1.2	0.027941
60	-1.1	0.02824
60	-1	0.031614
60	-0.9	0.040908
60	-0.8	0.046088
60	-0.7	0.053604
60	-0.6	0.057357
60	-0.5	0.058149
60	-0.4	0.055764
60	-0.3	0.051399
60	-0.2	0.045839
60	-0.1	0.043783
60	0	0.03977
60	0.1	0.037395
60	0.2	0.034787
60	0.3	0.033557
60	0.4	0.033319
60	0.5	0.032812
60	0.6	0.033783
60	0.7	0.036771
60	0.8	0.038213
60	0.9	0.039178
60	1	0.039118
60	1.1	0.037842
60	1.2	0.036565
60	1.3	0.035271
60	1.4	0.036025
60	1.5	0.037982
60	1.6	0.040619
60	1.7	0.042398
60	1.8	0.043163
60	1.9	0.04296
60	2	0.041366
60	2.1	0.038348
60	2.2	0.033724
60	2.3	0.028953
60	2.4	0.023999
60	2.5	0.021147
60	2.6	0.016481
60	2.7	0.014553
60	2.8	0.011803
60	2.9	0.0085959
60	3	0.0061311
60	3.1	0.0063232
60	3.2	0.0067365
60	3.3	0.0073974
60	3.4	0.0096096
60	3.5	0.0098914
60	3.6	0.010387
60	3.7	0.0109
60	3.8	0.012369
60	3.9	0.014904
60	4	0.016518
70	-4	0.0078757
70	-3.9	0.0075274
70	-3.8	0.0069258
70	-3.7	0.0061627
70	-3.6	0.0061311
70	-3.5	0.0078839
70	-3.4	0.0093678
70	-3.3	0.014696
70	-3.2	0.017382
70	-3.1	0.02117
70	-3	0.02252
70	-2.9	0.023405
70	-2.8	0.023814
70	-2.7	0.024232
70	-2.6	0.02537
70	-2.5	0.02616
70	-2.4	0.026995
70	-2.3	0.026921
70	-2.2	0.02591
70	-2.1	0.022972
70	-2	0.019697
70	-1.9	0.015552
70	-1.8	0.015343
70	-1.7	0.019015
70	-1.6	0.025359
70	-1.5	0.029412
70	-1.4	0.030489
70	-1.3	0.030152
70	-1.2	0.028593
70	-1.1	0.031148
70	-1	0.036088
70	-0.9	0.040529
70	-0.8	0.049196
70	-0.7	0.055406
70	-0.6	0.058158
70	-0.5	0.058656
70	-0.4	0.055956
70	-0.3	0.051436
70	-0.2	0.049361
70	-0.1	0.043168
70	0	0.040566
70	0.1	0.037955
70	0.2	0.036869
70	0.3	0.036205
70	0.4	0.036102
70	0.5	0.035903
70	0.6	0.035871
70	0.7	0.03675
70	0.8	0.037731
70	0.9	0.038085
70	1	0.03776
70	1.1	0.036953
70	1.2	0.035931
70	1.3	0.033901
70	1.4	0.034769
70	1.5	0.036967
70	1.6	0.039487
70	1.7	0.043284
70	1.8	0.044432
70	1.9	0.045011
70	2	0.044603
70	2.1	0.041843
70	2.2	0.037675
70	2.3	0.033952
70	2.4	0.031093
70	2.5	0.025712
70	2.6	0.021862
70	2.7	0.01814
70	2.8	0.015294
70	2.9	0.011635
70	3	0.0088607
70	3.1	0.0068907
70	3.2	0.0066155
70	3.3	0.0070713
70	3.4	0.0081975
70	3.5	0.0097747
70	3.6	0.011126
70	3.7	0.012979
70	3.8	0.014331
70	3.9	0.016967
70	4	0.018196
80	-4	0.0068294
80	-3.9	0.0065836
80	-3.8	0.0066835
80	-3.7	0.0070667
80	-3.6	0.0072183
80	-3.5	0.0083401
80	-3.4	0.0091743
80	-3.3	0.011261
80	-3.2	0.013498
80	-3.1	0.016655
80	-3	0.020364
80	-2.9	0.023035
80	-2.8	0.025604
80	-2.7	0.02676
80	-2.6	0.027662
80	-2.5	0.027175
80	-2.4	0.026206
80	-2.3	0.025137
80	-2.2	0.024354
80	-2.1	0.023101
80	-2	0.021742
80	-1.9	0.019793
80	-1.8	0.019457
80	-1.7	0.022343
80	-1.6	0.026879
80	-1.5	0.03191
80	-1.4	0.036904
80	-1.3	0.038462
80	-1.2	0.038529
80	-1.1	0.039024
80	-1	0.041717
80	-0.9	0.044404
80	-0.8	0.050223
80	-0.7	0.053969
80	-0.6	0.0581
80	-0.5	0.059677
80	-0.4	0.058853
80	-0.3	0.054896
80	-0.2	0.051377
80	-0.1	0.048641
80	0	0.045881
80	0.1	0.043683
80	0.2	0.042406
80	0.3	0.040009
80	0.4	0.037481
80	0.5	0.035648
80	0.6	0.034836
80	0.7	0.035513
80	0.8	0.037587
80	0.9	0.039062
80	1	0.039557
80	1.1	0.038914
80	1.2	0.037755
80	1.3	0.037148
80	1.4	0.038058
80	1.5	0.040937
80	1.6	0.045943
80	1.7	0.048671
80	1.8	0.050525
80	1.9	0.049953
80	2	0.04904
80	2.1	0.046593
80	2.2	0.041421
80	2.3	0.03692
80	2.4	0.032298
80	2.5	0.028152
80	2.6	0.021554
80	2.7	0.015825
80	2.8	0.013058
80	2.9	0.009385
80	3	0.0071191
80	3.1	0.0065787
80	3.2	0.0065541
80	3.3	0.00697
80	3.4	0.0086521
80	3.5	0.01143
80	3.6	0.013054
80	3.7	0.01482
80	3.8	0.015914
80	3.9	0.01776
80	4	0.018312
90	-4	0.0051858
90	-3.9	0.0055965
90	-3.8	0.0050532
90	-3.7	0.0060676
90	-3.6	0.0070598
90	-3.5	0.0085563
90	-3.4	0.0097482
90	-3.3	0.011629
90	-3.2	0.014061
90	-3.1	0.01704
90	-3	0.020957
90	-2.9	0.023689
90	-2.8	0.026513
90	-2.7	0.029386
90	-2.6	0.029843
90	-2.5	0.029452
90	-2.4	0.027814
90	-2.3	0.026174
90	-2.2	0.024534
90	-2.1	0.022955
90	-2	0.02112
90	-1.9	0.020867
90	-1.8	0.022315
90	-1.7	0.025393
90	-1.6	0.029175
90	-1.5	0.035268
90	-1.4	0.037619
90	-1.3	0.038621
90	-1.2	0.037936
90	-1.1	0.038549
90	-1	0.040381
90	-0.9	0.043587
90	-0.8	0.048382
90	-0.7	0.054601
90	-0.6	0.058754
90	-0.5	0.060272
90	-0.4	0.059739
90	-0.3	0.056857
90	-0.2	0.052534
90	-0.1	0.047931
90	0	0.044281
90	0.1	0.041996
90	0.2	0.037902
90	0.3	0.036401
90	0.4	0.035251
90	0.5	0.034345
90	0.6	0.034487
90	0.7	0.035233
90	0.8	0.037266
90	0.9	0.039581
90	1	0.040545
90	1.1	0.040728
90	1.2	0.040185
90	1.3	0.03901
90	1.4	0.038811
90	1.5	0.04092
90	1.6	0.042791
90	1.7	0.046739
90	1.8	0.048076
90	1.9	0.048493
90	2	0.048096
90	2.1	0.04584
90	2.2	0.040867
90	2.3	0.03579
90	2.4	0.032344
90	2.5	0.028044
90	2.6	0.023216
90	2.7	0.020451
90	2.8	0.015408
90	2.9	0.012112
90	3	0.0093747
90	3.1	0.0070277
90	3.2	0.0067053
90	3.3	0.0068342
90	3.4	0.0074258
90	3.5	0.0087708
90	3.6	0.011215
90	3.7	0.013391
90	3.8	0.015779
90	3.9	0.018057
90	4	0.019024
100	-4	0.0052692
100	-3.9	0.0049563
100	-3.8	0.0051545
100	-3.7	0.0071259
100	-3.6	0.0081441
100	-3.5	0.0094878
100	-3.4	0.01098
100	-3.3	0.012611
100	-3.2	0.015428
100	-3.1	0.019087
100	-3	0.020925
100	-2.9	0.023404
100	-2.8	0.024542
100	-2.7	0.025766
100	-2.6	0.026408
100	-2.5	0.026269
100	-2.4	0.026049
100	-2.3	0.025666
100	-2.2	0.024924
100	-2.1	0.023598
100	-2	0.02128
100	-1.9	0.01875
100	-1.8	0.020448
100	-1.7	0.025404
100	-1.6	0.03418
100	-1.5	0.039881
100	-1.4	0.042946
100	-1.3	0.043251
100	-1.2	0.041168
100	-1.1	0.039701
100	-1	0.040592
100	-0.9	0.044411
100	-0.8	0.051506
100	-0.7	0.056031
100	-0.6	0.060276
100	-0.5	0.061181
100	-0.4	0.059573
100	-0.3	0.055424
100	-0.2	0.051808
100	-0.1	0.045849
100	0	0.043661
100	0.1	0.040297
100	0.2	0.038899
100	0.3	0.037198
100	0.4	0.035753
100	0.5	0.034872
100	0.6	0.034844
100	0.7	0.036182
100	0.8	0.037668
100	0.9	0.039044
100	1	0.039778
100	1.1	0.039271
100	1.2	0.038368
100	1.3	0.037173
100	1.4	0.037167
100	1.5	0.039167
100	1.6	0.041396
100	1.7	0.043892
100	1.8	0.046283
100	1.9	0.04729
100	2	0.047171
100	2.1	0.045183
100	2.2	0.041526
100	2.3	0.036901
100	2.4	0.033816
100	2.5	0.029114
100	2.6	0.025629
100	2.7	0.021919
100	2.8	0.01859
100	2.9	0.015547
100	3	0.011582
100	3.1	0.0080863
100	3.2	0.0068531
100	3.3	0.0057165
100	3.4	0.0069304
100	3.5	0.0078839
100	3.6	0.0092794
100	3.7	0.01073
100	3.8	0.011909
100	3.9	0.015294
100	4	0.017294
110	-4	0.0049953
110	-3.9	0.0063817
110	-3.8	0.0074929
110	-3.7	0.008006
110	-3.6	0.0079979
110	-3.5	0.0081222
110	-3.4	0.010592
110	-3.3	0.012483
110	-3.2	0.017616
110	-3.1	0.020269
110	-3	0.022027
110	-2.9	0.023199
110	-2.8	0.023269
110	-2.7	0.023427
110	-2.6	0.024123
110	-2.5	0.024907
110	-2.4	0.026298
110	-2.3	0.026941
110	-2.2	0.026314
110	-2.1	0.023067
110	-2	0.018767
110	-1.9	0.015898
110	-1.8	0.018944
110	-1.7	0.025726
110	-1.6	0.034974
110	-1.5	0.040405
110	-1.4	0.04143
110	-1.3	0.039802
110	-1.2	0.036949
110	-1.1	0.03606
110	-1	0.039179
110	-0.9	0.042884
110	-0.8	0.052208
110	-0.7	0.057933
110	-0.6	0.060453
110	-0.5	0.061589
110	-0.4	0.05877
110	-0.3	0.054072
110	-0.2	0.049196
110	-0.1	0.042908
110	0	0.038964
110	0.1	0.037051
110	0.2	0.036336
110	0.3	0.036182
110	0.4	0.036881
110	0.5	0.037869
110	0.6	0.038015
110	0.7	0.038388
110	0.8	0.038988
110	0.9	0.039146
110	1	0.038626
110	1.1	0.036932
110	1.2	0.035394
110	1.3	0.034437
110	1.4	0.034892
110	1.5	0.037158
110	1.6	0.040793
110	1.7	0.042596
110	1.8	0.043813
110	1.9	0.044245
110	2	0.043414
110	2.1	0.042558
110	2.2	0.040287
110	2.3	0.038221
110	2.4	0.035807
110	2.5	0.032764
110	2.6	0.027719
110	2.7	0.023606
110	2.8	0.019132
110	2.9	0.01567
110	3	0.012911
110	3.1	0.010483
110	3.2	0.0082896
110	3.3	0.0066155
110	3.4	0.0053605
110	3.5	0.0063994
110	3.6	0.0085222
110	3.7	0.0092654
110	3.8	0.010538
110	3.9	0.011716
110	4	0.012576
120	-4	0.004326
120	-3.9	0.0052723
120	-3.8	0.0077412
120	-3.7	0.0096616
120	-3.6	0.010378
120	-3.5	0.0098209
120	-3.4	0.0091089
120	-3.3	0.0099077
120	-3.2	0.013813
120	-3.1	0.018599
120	-3	0.022606
120	-2.9	0.0244
120	-2.8	0.024237
120	-2.7	0.022809
120	-2.6	0.021457
120	-2.5	0.021309
120	-2.4	0.022859
120	-2.3	0.024202
120	-2.2	0.02442
120	-2.1	0.022904
120	-2	0.018841
120	-1.9	0.01606
120	-1.8	0.016939
120	-1.7	0.025433
120	-1.6	0.034519
120	-1.5	0.041399
120	-1.4	0.04305
120	-1.3	0.040439
120	-1.2	0.038878
120	-1.1	0.034654
120	-1	0.034373
120	-0.9	0.039936
120	-0.8	0.047249
120	-0.7	0.055378
120	-0.6	0.060324
120	-0.5	0.061597
120	-0.4	0.060504
120	-0.3	0.055442
120	-0.2	0.049731
120	-0.1	0.044615
120	0	0.038444
120	0.1	0.035961
120	0.2	0.03355
120	0.3	0.032929
120	0.4	0.03255
120	0.5	0.03361
120	0.6	0.035777
120	0.7	0.037654
120	0.8	0.039582
120	0.9	0.040114
120	1	0.039392
120	1.1	0.037249
120	1.2	0.036052
120	1.3	0.034083
120	1.4	0.033389
120	1.5	0.035111
120	1.6	0.037787
120	1.7	0.039724
120	1.8	0.040646
120	1.9	0.041735
120	2	0.041424
120	2.1	0.038458
120	2.2	0.036567
120	2.3	0.034296
120	2.4	0.032055
120	2.5	0.027341
120	2.6	0.024882
120	2.7	0.022181
120	2.8	0.019924
120	2.9	0.015997
120	3	0.012889
120	3.1	0.011311
120	3.2	0.010031
120	3.3	0.0078304
120	3.4	0.0066763
120	3.5	0.0062357
120	3.6	0.0073558
120	3.7	0.0083188
120	3.8	0.0092933
120	3.9	0.0097962
120	4	0.010526
130	-4	0.0047294
130	-3.9	0.0053029
130	-3.8	0.0067819
130	-3.7	0.0079289
130	-3.6	0.0086465
130	-3.5	0.0087708
130	-3.4	0.0084613
130	-3.3	0.010568
130	-3.2	0.013511
130	-3.1	0.018482
130	-3	0.021869
130	-2.9	0.024122
130	-2.8	0.024286
130	-2.7	0.023734
130	-2.6	0.022558
130	-2.5	0.02192
130	-2.4	0.021987
130	-2.3	0.022884
130	-2.2	0.023143
130	-2.1	0.022258
130	-2	0.018109
130	-1.9	0.015197
130	-1.8	0.018803
130	-1.7	0.025499
130	-1.6	0.031651
130	-1.5	0.040977
130	-1.4	0.04238
130	-1.3	0.039991
130	-1.2	0.036092
130	-1.1	0.032906
130	-1	0.03254
130	-0.9	0.038344
130	-0.8	0.044629
130	-0.7	0.052977
130	-0.6	0.055598
130	-0.5	0.057042
130	-0.4	0.054184
130	-0.3	0.051258
130	-0.2	0.045764
130	-0.1	0.041836
130	0	0.036934
130	0.1	0.033946
130	0.2	0.033303
130	0.3	0.032711
130	0.4	0.032482
130	0.5	0.033395
130	0.6	0.03503
130	0.7	0.036878
130	0.8	0.03747
130	0.9	0.038077
130	1	0.037777
130	1.1	0.036584
130	1.2	0.033976
130	1.3	0.032365
130	1.4	0.032313
130	1.5	0.032943
130	1.6	0.035514
130	1.7	0.038208
130	1.8	0.040058
130	1.9	0.041553
130	2	0.04112
130	2.1	0.040002
130	2.2	0.037589
130	2.3	0.034942
130	2.4	0.031002
130	2.5	0.026638
130	2.6	0.024375
130	2.7	0.021052
130	2.8	0.018039
130	2.9	0.013877
130	3	0.011782
130	3.1	0.0096264
130	3.2	0.0073909
130	3.3	0.0056568
130	3.4	0.0052998
130	3.5	0.0054174
130	3.6	0.0061496
130	3.7	0.0077787
130	3.8	0.0097731
130	3.9	0.011457
130	4	0.013679
140	-4	0.0043148
140	-3.9	0.0053484
140	-3.8	0.0080342
140	-3.7	0.0088497
140	-3.6	0.010725
140	-3.5	0.010113
140	-3.4	0.0090323
140	-3.3	0.0091672
140	-3.2	0.012035
140	-3.1	0.015996
140	-3	0.019119
140	-2.9	0.02126
140	-2.8	0.021966
140	-2.7	0.021567
140	-2.6	0.021525
140	-2.5	0.021247
140	-2.4	0.021722
140	-2.3	0.021673
140	-2.2	0.021161
140	-2.1	0.019646
140	-2	0.01545
140	-1.9	0.014488
140	-1.8	0.016411
140	-1.7	0.024671
140	-1.6	0.030933
140	-1.5	0.038934
140	-1.4	0.041198
140	-1.3	0.039409
140	-1.2	0.035536
140	-1.1	0.031939
140	-1	0.030359
140	-0.9	0.035218
140	-0.8	0.042116
140	-0.7	0.048823
140	-0.6	0.052925
140	-0.5	0.054063
140	-0.4	0.051904
140	-0.3	0.047941
140	-0.2	0.043728
140	-0.1	0.040176
140	0	0.036272
140	0.1	0.035067
140	0.2	0.034159
140	0.3	0.033751
140	0.4	0.033439
140	0.5	0.033573
140	0.6	0.034844
140	0.7	0.035637
140	0.8	0.035777
140	0.9	0.036068
140	1	0.034906
140	1.1	0.033211
140	1.2	0.031352
140	1.3	0.029663
140	1.4	0.029547
140	1.5	0.031176
140	1.6	0.033539
140	1.7	0.035525
140	1.8	0.03793
140	1.9	0.038868
140	2	0.038334
140	2.1	0.036513
140	2.2	0.034479
140	2.3	0.032951
140	2.4	0.029143
140	2.5	0.026406
140	2.6	0.023635
140	2.7	0.020761
140	2.8	0.017377
140	2.9	0.015126
140	3	0.01214
140	3.1	0.0095031
140	3.2	0.0075702
140	3.3	0.0061889
140	3.4	0.005462
140	3.5	0.0058644
140	3.6	0.0072228
140	3.7	0.0083149
140	3.8	0.010105
140	3.9	0.011441
140	4	0.012448
150	-4	0.0056539
150	-3.9	0.0076297
150	-3.8	0.0086596
150	-3.7	0.010692
150	-3.6	0.011007
150	-3.5	0.010119
150	-3.4	0.0087042
150	-3.3	0.0082211
150	-3.2	0.01041
150	-3.1	0.014035
150	-3	0.017698
150	-2.9	0.02052
150	-2.8	0.02183
150	-2.7	0.021543
150	-2.6	0.020641
150	-2.5	0.01955
150	-2.4	0.01881
150	-2.3	0.018671
150	-2.2	0.018828
150	-2.1	0.017086
150	-2	0.014975
150	-1.9	0.013055
150	-1.8	0.018108
150	-1.7	0.025532
150	-1.6	0.033182
150	-1.5	0.037667
150	-1.4	0.039124
150	-1.3	0.037412
150	-1.2	0.031936
150	-1.1	0.02781
150	-1	0.026434
150	-0.9	0.029983
150	-0.8	0.038634
150	-0.7	0.046035
150	-0.6	0.05019
150	-0.5	0.052573
150	-0.4	0.051827
150	-0.3	0.04945
150	-0.2	0.04358
150	-0.1	0.041089
150	0	0.037172
150	0.1	0.034939
150	0.2	0.034059
150	0.3	0.033696
150	0.4	0.032721
150	0.5	0.03192
150	0.6	0.032372
150	0.7	0.033207
150	0.8	0.033518
150	0.9	0.033883
150	1	0.034299
150	1.1	0.032401
150	1.2	0.03039
150	1.3	0.029484
150	1.4	0.029218
150	1.5	0.030432
150	1.6	0.032431
150	1.7	0.034318
150	1.8	0.036383
150	1.9	0.037666
150	2	0.036267
150	2.1	0.034748
150	2.2	0.032175
150	2.3	0.029853
150	2.4	0.026402
150	2.5	0.022636
150	2.6	0.021344
150	2.7	0.018251
150	2.8	0.015546
150	2.9	0.011643
150	3	0.0099809
150	3.1	0.0076993
150	3.2	0.006014
150	3.3	0.0051199
150	3.4	0.0051827
150	3.5	0.0063002
150	3.6	0.0061732
150	3.7	0.0074886
150	3.8	0.0094177
150	3.9	0.011217
150	4	0.01194
160	-4	0.0056453
160	-3.9	0.0070964
160	-3.8	0.0083846
160	-3.7	0.0088369
160	-3.6	0.0091831
160	-3.5	0.0079187
160	-3.4	0.0079614
160	-3.3	0.0096466
160	-3.2	0.013213
160	-3.1	0.015857
160	-3	0.017806
160	-2.9	0.018163
160	-2.8	0.017724
160	-2.7	0.017176
160	-2.6	0.016587
160	-2.5	0.017112
160	-2.4	0.018031
160	-2.3	0.018168
160	-2.2	0.017008
160	-2.1	0.014962
160	-2	0.011741
160	-1.9	0.012581
160	-1.8	0.01843
160	-1.7	0.027569
160	-1.6	0.033402
160	-1.5	0.037389
160	-1.4	0.037748
160	-1.3	0.034115
160	-1.2	0.027692
160	-1.1	0.023568
160	-1	0.023327
160	-0.9	0.028358
160	-0.8	0.035475
160	-0.7	0.041395
160	-0.6	0.047783
160	-0.5	0.049388
160	-0.4	0.047872
160	-0.3	0.045911
160	-0.2	0.041357
160	-0.1	0.037123
160	0	0.033799
160	0.1	0.032039
160	0.2	0.031001
160	0.3	0.030642
160	0.4	0.029929
160	0.5	0.029986
160	0.6	0.031132
160	0.7	0.031771
160	0.8	0.032029
160	0.9	0.031931
160	1	0.032225
160	1.1	0.030678
160	1.2	0.028278
160	1.3	0.027027
160	1.4	0.027015
160	1.5	0.027919
160	1.6	0.029577
160	1.7	0.032031
160	1.8	0.034797
160	1.9	0.035707
160	2	0.034706
160	2.1	0.033725
160	2.2	0.031273
160	2.3	0.027145
160	2.4	0.024165
160	2.5	0.021522
160	2.6	0.01928
160	2.7	0.017621
160	2.8	0.014444
160	2.9	0.012375
160	3	0.0088916
160	3.1	0.0071236
160	3.2	0.0058616
160	3.3	0.0049367
160	3.4	0.0055179
160	3.5	0.0055849
160	3.6	0.0055994
160	3.7	0.007617
160	3.8	0.0090233
160	3.9	0.010529
160	4	0.011112
170	-4	0.0050628
170	-3.9	0.0057587
170	-3.8	0.0073602
170	-3.7	0.0094997
170	-3.6	0.010238
170	-3.5	0.010594
170	-3.4	0.010018
170	-3.3	0.0096382
170	-3.2	0.011017
170	-3.1	0.013825
170	-3	0.016042
170	-2.9	0.018152
170	-2.8	0.018243
170	-2.7	0.017088
170	-2.6	0.014472
170	-2.5	0.01304
170	-2.4	0.013992
170	-2.3	0.016386
170	-2.2	0.017194
170	-2.1	0.016861
170	-2	0.015031
170	-1.9	0.01463
170	-1.8	0.019784
170	-1.7	0.023955
170	-1.6	0.032606
170	-1.5	0.038009
170	-1.4	0.038984
170	-1.3	0.03493
170	-1.2	0.028323
170	-1.1	0.022723
170	-1	0.02133
170	-0.9	0.0263
170	-0.8	0.032938
170	-0.7	0.041989
170	-0.6	0.050284
170	-0.5	0.052271
170	-0.4	0.051632
170	-0.3	0.049098
170	-0.2	0.044142
170	-0.1	0.039482
170	0	0.035847
170	0.1	0.032423
170	0.2	0.030672
170	0.3	0.02851
170	0.4	0.027492
170	0.5	0.027751
170	0.6	0.029632
170	0.7	0.031546
170	0.8	0.033213
170	0.9	0.034612
170	1	0.03475
170	1.1	0.032527
170	1.2	0.029867
170	1.3	0.028416
170	1.4	0.027745
170	1.5	0.027649
170	1.6	0.028809
170	1.7	0.030869
170	1.8	0.032878
170	1.9	0.03323
170	2	0.032568
170	2.1	0.030471
170	2.2	0.028829
170	2.3	0.025072
170	2.4	0.02163
170	2.5	0.018279
170	2.6	0.016489
170	2.7	0.013967
170	2.8	0.013033
170	2.9	0.010612
170	3	0.0093609
170	3.1	0.0079248
170	3.2	0.0061206
170	3.3	0.0054234
170	3.4	0.0056625
170	3.5	0.0053575
170	3.6	0.0053302
170	3.7	0.0058506
170	3.8	0.0073799
170	3.9	0.0073426
170	4	0.0084077
180	-4	0.005553
180	-3.9	0.0063258
180	-3.8	0.0072317
180	-3.7	0.0078921
180	-3.6	0.0088076
180	-3.5	0.0093816
180	-3.4	0.0092916
180	-3.3	0.010565
180	-3.2	0.01079
180	-3.1	0.012828
180	-3	0.013558
180	-2.9	0.014168
180	-2.8	0.014801
180	-2.7	0.014032
180	-2.6	0.013647
180	-2.5	0.014001
180	-2.4	0.014119
180	-2.3	0.014508
180	-2.2	0.014816
180	-2.1	0.01428
180	-2	0.014609
180	-1.9	0.017359
180	-1.8	0.023433
180	-1.7	0.028157
180	-1.6	0.032411
180	-1.5	0.036391
180	-1.4	0.036759
180	-1.3	0.033766
180	-1.2	0.027472
180	-1.1	0.021508
180	-1	0.021028
180	-0.9	0.027161
180	-0.8	0.036
180	-0.7	0.041886
180	-0.6	0.049054
180	-0.5	0.049788
180	-0.4	0.049279
180	-0.3	0.046074
180	-0.2	0.041459
180	-0.1	0.037653
180	0	0.034124
180	0.1	0.032246
180	0.2	0.031262
180	0.3	0.030038
180	0.4	0.029136
180	0.5	0.029671
180	0.6	0.031049
180	0.7	0.031977
180	0.8	0.03333
180	0.9	0.0343
180	1	0.033779
180	1.1	0.031802
180	1.2	0.029015
180	1.3	0.027525
180	1.4	0.026201
180	1.5	0.02687
180	1.6	0.028969
180	1.7	0.032264
180	1.8	0.034507
180	1.9	0.035023
180	2	0.03391
180	2.1	0.032857
180	2.2	0.029988
180	2.3	0.026014
180	2.4	0.022943
180	2.5	0.018114
180	2.6	0.016533
180	2.7	0.013037
180	2.8	0.011687
180	2.9	0.0090858
180	3	0.0082093
180	3.1	0.0061863
180	3.2	0.0051482
180	3.3	0.0048874
180	3.4	0.0052199
180	3.5	0.0058616
180	3.6	0.0059628
180	3.7	0.0064019
180	3.8	0.0063232
180	3.9	0.0071779
180	4	0.0086128
 
Uniformity Ratio =0.48964
