02-Jan-2018
12:15
TXR  007975 RM428 R24
33511B Function Generator
SN =Agilent Technologies,33511B,MY52301476,3.05-1.19-2.00-52-00
freq =+9.220000000000000E+06
burstmode =TRIG
burstN =+6.000000000000000E+01
voltage =+1.5000000000000E-01
 
DSO-X 2022A Oscilloscope
SN =AGILENT TECHNOLOGIES,DSO-X 2022A,MY54310921,02.41.2015102200
probe =+1.0000000E+00
scale =+500.0E-09
position =+19.900000E-06
range =+1.60E+00
units =VOLT
points =+2000
pointmode =NORM
format =BYTE
acqtype =NORM
trigsource =EXT
coupling =AC
 
-180	-4	0.0087339
-180	-3.9	0.0082368
-180	-3.8	0.0065738
-180	-3.7	0.0064622
-180	-3.6	0.0084269
-180	-3.5	0.010491
-180	-3.4	0.011774
-180	-3.3	0.012055
-180	-3.2	0.012209
-180	-3.1	0.012793
-180	-3	0.01428
-180	-2.9	0.017292
-180	-2.8	0.022327
-180	-2.7	0.025131
-180	-2.6	0.027481
-180	-2.5	0.028345
-180	-2.4	0.027666
-180	-2.3	0.027278
-180	-2.2	0.027538
-180	-2.1	0.02875
-180	-2	0.029487
-180	-1.9	0.029886
-180	-1.8	0.028944
-180	-1.7	0.026773
-180	-1.6	0.025001
-180	-1.5	0.024737
-180	-1.4	0.028254
-180	-1.3	0.033337
-180	-1.2	0.041567
-180	-1.1	0.047226
-180	-1	0.05161
-180	-0.9	0.053549
-180	-0.8	0.052113
-180	-0.7	0.046975
-180	-0.6	0.042478
-180	-0.5	0.036372
-180	-0.4	0.030454
-180	-0.3	0.025337
-180	-0.2	0.022061
-180	-0.1	0.021442
-180	0	0.02276
-180	0.1	0.027573
-180	0.2	0.03389
-180	0.3	0.040139
-180	0.4	0.04626
-180	0.5	0.050525
-180	0.6	0.054136
-180	0.7	0.056262
-180	0.8	0.057004
-180	0.9	0.055717
-180	1	0.053461
-180	1.1	0.050563
-180	1.2	0.049044
-180	1.3	0.045883
-180	1.4	0.041756
-180	1.5	0.040152
-180	1.6	0.038392
-180	1.7	0.037963
-180	1.8	0.036738
-180	1.9	0.035829
-180	2	0.033986
-180	2.1	0.031235
-180	2.2	0.028536
-180	2.3	0.025238
-180	2.4	0.023479
-180	2.5	0.022194
-180	2.6	0.020992
-180	2.7	0.019233
-180	2.8	0.017277
-180	2.9	0.014991
-180	3	0.013413
-180	3.1	0.012207
-180	3.2	0.011071
-180	3.3	0.0106
-180	3.4	0.010192
-180	3.5	0.010245
-180	3.6	0.0097366
-180	3.7	0.0089243
-180	3.8	0.0087431
-180	3.9	0.0088843
-180	4	0.0084269
-170	-4	0.0080462
-170	-3.9	0.0066666
-170	-3.8	0.0065787
-170	-3.7	0.0080039
-170	-3.6	0.0092689
-170	-3.5	0.010584
-170	-3.4	0.010838
-170	-3.3	0.0098176
-170	-3.2	0.010165
-170	-3.1	0.012653
-170	-3	0.016958
-170	-2.9	0.021247
-170	-2.8	0.024895
-170	-2.7	0.026594
-170	-2.6	0.027199
-170	-2.5	0.026524
-170	-2.4	0.025896
-170	-2.3	0.026165
-170	-2.2	0.028049
-170	-2.1	0.030339
-170	-2	0.03194
-170	-1.9	0.03247
-170	-1.8	0.031103
-170	-1.7	0.027522
-170	-1.6	0.024815
-170	-1.5	0.026366
-170	-1.4	0.030553
-170	-1.3	0.038999
-170	-1.2	0.045401
-170	-1.1	0.050257
-170	-1	0.051825
-170	-0.9	0.051138
-170	-0.8	0.048114
-170	-0.7	0.041878
-170	-0.6	0.036268
-170	-0.5	0.029089
-170	-0.4	0.024638
-170	-0.3	0.020631
-170	-0.2	0.01971
-170	-0.1	0.021192
-170	0	0.024917
-170	0.1	0.029746
-170	0.2	0.035546
-170	0.3	0.042975
-170	0.4	0.045977
-170	0.5	0.05002
-170	0.6	0.052929
-170	0.7	0.054535
-170	0.8	0.055234
-170	0.9	0.055197
-170	1	0.054558
-170	1.1	0.052901
-170	1.2	0.048927
-170	1.3	0.04401
-170	1.4	0.040592
-170	1.5	0.037323
-170	1.6	0.036274
-170	1.7	0.036281
-170	1.8	0.03617
-170	1.9	0.035191
-170	2	0.033262
-170	2.1	0.029524
-170	2.2	0.02501
-170	2.3	0.022297
-170	2.4	0.021096
-170	2.5	0.020153
-170	2.6	0.020046
-170	2.7	0.018431
-170	2.8	0.016104
-170	2.9	0.013768
-170	3	0.011508
-170	3.1	0.010463
-170	3.2	0.010939
-170	3.3	0.011097
-170	3.4	0.011631
-170	3.5	0.0112
-170	3.6	0.010598
-170	3.7	0.008732
-170	3.8	0.008609
-170	3.9	0.0082837
-170	4	0.0088734
-160	-4	0.0099436
-160	-3.9	0.0094211
-160	-3.8	0.0078962
-160	-3.7	0.007225
-160	-3.6	0.0073272
-160	-3.5	0.009241
-160	-3.4	0.010517
-160	-3.3	0.012338
-160	-3.2	0.013941
-160	-3.1	0.014917
-160	-3	0.015606
-160	-2.9	0.019067
-160	-2.8	0.022245
-160	-2.7	0.025522
-160	-2.6	0.026689
-160	-2.5	0.027792
-160	-2.4	0.027774
-160	-2.3	0.027809
-160	-2.2	0.028038
-160	-2.1	0.028061
-160	-2	0.028037
-160	-1.9	0.027618
-160	-1.8	0.025964
-160	-1.7	0.02515
-160	-1.6	0.025157
-160	-1.5	0.027526
-160	-1.4	0.03066
-160	-1.3	0.036987
-160	-1.2	0.044103
-160	-1.1	0.049576
-160	-1	0.052721
-160	-0.9	0.052376
-160	-0.8	0.0496
-160	-0.7	0.042121
-160	-0.6	0.035125
-160	-0.5	0.027321
-160	-0.4	0.022697
-160	-0.3	0.017405
-160	-0.2	0.014774
-160	-0.1	0.01533
-160	0	0.01925
-160	0.1	0.024768
-160	0.2	0.032828
-160	0.3	0.039821
-160	0.4	0.045339
-160	0.5	0.050363
-160	0.6	0.0548
-160	0.7	0.05591
-160	0.8	0.056146
-160	0.9	0.05552
-160	1	0.054161
-160	1.1	0.050996
-160	1.2	0.04751
-160	1.3	0.043615
-160	1.4	0.03917
-160	1.5	0.037422
-160	1.6	0.034984
-160	1.7	0.034398
-160	1.8	0.033343
-160	1.9	0.031973
-160	2	0.029822
-160	2.1	0.027459
-160	2.2	0.02464
-160	2.3	0.023265
-160	2.4	0.022002
-160	2.5	0.020966
-160	2.6	0.019792
-160	2.7	0.018145
-160	2.8	0.016505
-160	2.9	0.013462
-160	3	0.011342
-160	3.1	0.010184
-160	3.2	0.010393
-160	3.3	0.010673
-160	3.4	0.01085
-160	3.5	0.010084
-160	3.6	0.010044
-160	3.7	0.0088789
-160	3.8	0.0090519
-160	3.9	0.0089007
-160	4	0.0094895
-150	-4	0.0087837
-150	-3.9	0.0071531
-150	-3.8	0.0062564
-150	-3.7	0.0064522
-150	-3.6	0.0081282
-150	-3.5	0.0092077
-150	-3.4	0.01103
-150	-3.3	0.011639
-150	-3.2	0.011904
-150	-3.1	0.013191
-150	-3	0.016093
-150	-2.9	0.020412
-150	-2.8	0.024425
-150	-2.7	0.02711
-150	-2.6	0.028129
-150	-2.5	0.027832
-150	-2.4	0.027695
-150	-2.3	0.028228
-150	-2.2	0.029672
-150	-2.1	0.030706
-150	-2	0.031127
-150	-1.9	0.030337
-150	-1.8	0.028176
-150	-1.7	0.025727
-150	-1.6	0.025247
-150	-1.5	0.026787
-150	-1.4	0.03403
-150	-1.3	0.040733
-150	-1.2	0.048496
-150	-1.1	0.052125
-150	-1	0.05359
-150	-0.9	0.050634
-150	-0.8	0.045388
-150	-0.7	0.039784
-150	-0.6	0.031131
-150	-0.5	0.023787
-150	-0.4	0.019026
-150	-0.3	0.014669
-150	-0.2	0.01361
-150	-0.1	0.015102
-150	0	0.018809
-150	0.1	0.025297
-150	0.2	0.031596
-150	0.3	0.038765
-150	0.4	0.041809
-150	0.5	0.047341
-150	0.6	0.050707
-150	0.7	0.053666
-150	0.8	0.054439
-150	0.9	0.054052
-150	1	0.052555
-150	1.1	0.050415
-150	1.2	0.045656
-150	1.3	0.041167
-150	1.4	0.038007
-150	1.5	0.035159
-150	1.6	0.03468
-150	1.7	0.034626
-150	1.8	0.034053
-150	1.9	0.033026
-150	2	0.030817
-150	2.1	0.02792
-150	2.2	0.024537
-150	2.3	0.023636
-150	2.4	0.022985
-150	2.5	0.021727
-150	2.6	0.020129
-150	2.7	0.016961
-150	2.8	0.014752
-150	2.9	0.012578
-150	3	0.011228
-150	3.1	0.012074
-150	3.2	0.013349
-150	3.3	0.013733
-150	3.4	0.012557
-150	3.5	0.011116
-150	3.6	0.0093781
-150	3.7	0.009354
-150	3.8	0.0099809
-150	3.9	0.010763
-150	4	0.011624
-140	-4	0.0091672
-140	-3.9	0.0078716
-140	-3.8	0.0063053
-140	-3.7	0.0061469
-140	-3.6	0.0084441
-140	-3.5	0.011251
-140	-3.4	0.013589
-140	-3.3	0.014303
-140	-3.2	0.014136
-140	-3.1	0.01339
-140	-3	0.015532
-140	-2.9	0.020065
-140	-2.8	0.024594
-140	-2.7	0.0292
-140	-2.6	0.032218
-140	-2.5	0.032143
-140	-2.4	0.029422
-140	-2.3	0.028292
-140	-2.2	0.027001
-140	-2.1	0.027224
-140	-2	0.028481
-140	-1.9	0.029475
-140	-1.8	0.02834
-140	-1.7	0.026048
-140	-1.6	0.02553
-140	-1.5	0.028189
-140	-1.4	0.033815
-140	-1.3	0.040512
-140	-1.2	0.047667
-140	-1.1	0.053255
-140	-1	0.054593
-140	-0.9	0.054059
-140	-0.8	0.049746
-140	-0.7	0.039831
-140	-0.6	0.03385
-140	-0.5	0.025106
-140	-0.4	0.018644
-140	-0.3	0.01268
-140	-0.2	0.010844
-140	-0.1	0.013575
-140	0	0.016765
-140	0.1	0.022329
-140	0.2	0.027843
-140	0.3	0.03609
-140	0.4	0.042402
-140	0.5	0.048149
-140	0.6	0.052731
-140	0.7	0.055694
-140	0.8	0.055601
-140	0.9	0.053625
-140	1	0.051983
-140	1.1	0.04838
-140	1.2	0.04401
-140	1.3	0.039128
-140	1.4	0.03628
-140	1.5	0.034822
-140	1.6	0.033823
-140	1.7	0.032232
-140	1.8	0.030954
-140	1.9	0.029923
-140	2	0.028522
-140	2.1	0.026148
-140	2.2	0.023052
-140	2.3	0.021063
-140	2.4	0.02017
-140	2.5	0.018814
-140	2.6	0.017098
-140	2.7	0.014983
-140	2.8	0.013342
-140	2.9	0.012283
-140	3	0.010268
-140	3.1	0.0090769
-140	3.2	0.0091743
-140	3.3	0.0097383
-140	3.4	0.0094519
-140	3.5	0.0084994
-140	3.6	0.0078284
-140	3.7	0.0083421
-140	3.8	0.0074127
-140	3.9	0.0070941
-140	4	0.0073073
-130	-4	0.0063512
-130	-3.9	0.0059302
-130	-3.8	0.0056881
-130	-3.7	0.0063766
-130	-3.6	0.0075766
-130	-3.5	0.0097034
-130	-3.4	0.011068
-130	-3.3	0.011687
-130	-3.2	0.011782
-130	-3.1	0.012513
-130	-3	0.014798
-130	-2.9	0.01955
-130	-2.8	0.022961
-130	-2.7	0.027902
-130	-2.6	0.030155
-130	-2.5	0.032544
-130	-2.4	0.033229
-130	-2.3	0.033086
-130	-2.2	0.032432
-130	-2.1	0.031131
-130	-2	0.030072
-130	-1.9	0.029194
-130	-1.8	0.028527
-130	-1.7	0.028408
-130	-1.6	0.029506
-130	-1.5	0.032997
-130	-1.4	0.040898
-130	-1.3	0.047027
-130	-1.2	0.054048
-130	-1.1	0.057392
-130	-1	0.057588
-130	-0.9	0.052341
-130	-0.8	0.046951
-130	-0.7	0.036773
-130	-0.6	0.030737
-130	-0.5	0.021645
-130	-0.4	0.014936
-130	-0.3	0.012359
-130	-0.2	0.010952
-130	-0.1	0.011261
-130	0	0.013409
-130	0.1	0.021552
-130	0.2	0.02994
-130	0.3	0.036182
-130	0.4	0.043579
-130	0.5	0.047918
-130	0.6	0.052362
-130	0.7	0.053768
-130	0.8	0.053407
-130	0.9	0.052432
-130	1	0.050752
-130	1.1	0.048128
-130	1.2	0.043954
-130	1.3	0.040838
-130	1.4	0.038264
-130	1.5	0.036092
-130	1.6	0.033738
-130	1.7	0.032567
-130	1.8	0.031326
-130	1.9	0.030753
-130	2	0.027699
-130	2.1	0.02588
-130	2.2	0.022624
-130	2.3	0.021335
-130	2.4	0.019982
-130	2.5	0.018103
-130	2.6	0.016418
-130	2.7	0.014916
-130	2.8	0.013503
-130	2.9	0.011698
-130	3	0.010535
-130	3.1	0.0095506
-130	3.2	0.0099906
-130	3.3	0.010216
-130	3.4	0.0098701
-130	3.5	0.0091514
-130	3.6	0.0083363
-130	3.7	0.0085393
-130	3.8	0.0084019
-130	3.9	0.0090929
-130	4	0.008448
-120	-4	0.0082348
-120	-3.9	0.007653
-120	-3.8	0.0077953
-120	-3.7	0.0081975
-120	-3.6	0.009255
-120	-3.5	0.010526
-120	-3.4	0.012156
-120	-3.3	0.013281
-120	-3.2	0.014072
-120	-3.1	0.01537
-120	-3	0.01745
-120	-2.9	0.021624
-120	-2.8	0.025357
-120	-2.7	0.029309
-120	-2.6	0.031707
-120	-2.5	0.032553
-120	-2.4	0.031642
-120	-2.3	0.030831
-120	-2.2	0.030655
-120	-2.1	0.030823
-120	-2	0.030672
-120	-1.9	0.029325
-120	-1.8	0.026835
-120	-1.7	0.025657
-120	-1.6	0.026493
-120	-1.5	0.032623
-120	-1.4	0.04272
-120	-1.3	0.049371
-120	-1.2	0.055703
-120	-1.1	0.060735
-120	-1	0.060846
-120	-0.9	0.057375
-120	-0.8	0.049272
-120	-0.7	0.039163
-120	-0.6	0.029533
-120	-0.5	0.018279
-120	-0.4	0.011587
-120	-0.3	0.010502
-120	-0.2	0.011245
-120	-0.1	0.012816
-120	0	0.015744
-120	0.1	0.02038
-120	0.2	0.027309
-120	0.3	0.035026
-120	0.4	0.043149
-120	0.5	0.050127
-120	0.6	0.054535
-120	0.7	0.055775
-120	0.8	0.055023
-120	0.9	0.052021
-120	1	0.048699
-120	1.1	0.045622
-120	1.2	0.041794
-120	1.3	0.0392
-120	1.4	0.037784
-120	1.5	0.035366
-120	1.6	0.032464
-120	1.7	0.030197
-120	1.8	0.02841
-120	1.9	0.026831
-120	2	0.026581
-120	2.1	0.02611
-120	2.2	0.025002
-120	2.3	0.023455
-120	2.4	0.020676
-120	2.5	0.017857
-120	2.6	0.016191
-120	2.7	0.014281
-120	2.8	0.01389
-120	2.9	0.014075
-120	3	0.013896
-120	3.1	0.013014
-120	3.2	0.011498
-120	3.3	0.0095827
-120	3.4	0.0085013
-120	3.5	0.0089442
-120	3.6	0.0093678
-120	3.7	0.0097714
-120	3.8	0.010055
-120	3.9	0.0096683
-120	4	0.0093902
-110	-4	0.009989
-110	-3.9	0.0080783
-110	-3.8	0.0070644
-110	-3.7	0.0068365
-110	-3.6	0.008274
-110	-3.5	0.01086
-110	-3.4	0.011295
-110	-3.3	0.011288
-110	-3.2	0.011495
-110	-3.1	0.014671
-110	-3	0.020143
-110	-2.9	0.024735
-110	-2.8	0.030998
-110	-2.7	0.033159
-110	-2.6	0.033007
-110	-2.5	0.031097
-110	-2.4	0.029979
-110	-2.3	0.03087
-110	-2.2	0.03269
-110	-2.1	0.034069
-110	-2	0.03511
-110	-1.9	0.033739
-110	-1.8	0.029512
-110	-1.7	0.027773
-110	-1.6	0.029656
-110	-1.5	0.034011
-110	-1.4	0.044432
-110	-1.3	0.053469
-110	-1.2	0.062026
-110	-1.1	0.065031
-110	-1	0.063422
-110	-0.9	0.057275
-110	-0.8	0.050254
-110	-0.7	0.037927
-110	-0.6	0.026343
-110	-0.5	0.018163
-110	-0.4	0.011119
-110	-0.3	0.010586
-110	-0.2	0.012321
-110	-0.1	0.015002
-110	0	0.017757
-110	0.1	0.022106
-110	0.2	0.028704
-110	0.3	0.034952
-110	0.4	0.041602
-110	0.5	0.04731
-110	0.6	0.05096
-110	0.7	0.052654
-110	0.8	0.053311
-110	0.9	0.052402
-110	1	0.049971
-110	1.1	0.04559
-110	1.2	0.041955
-110	1.3	0.036628
-110	1.4	0.033362
-110	1.5	0.031511
-110	1.6	0.030567
-110	1.7	0.030284
-110	1.8	0.030247
-110	1.9	0.028931
-110	2	0.0276
-110	2.1	0.025773
-110	2.2	0.024212
-110	2.3	0.022351
-110	2.4	0.020711
-110	2.5	0.019521
-110	2.6	0.017885
-110	2.7	0.016142
-110	2.8	0.014785
-110	2.9	0.013437
-110	3	0.011953
-110	3.1	0.01173
-110	3.2	0.011097
-110	3.3	0.010603
-110	3.4	0.010686
-110	3.5	0.010012
-110	3.6	0.0098127
-110	3.7	0.0098439
-110	3.8	0.0099825
-110	3.9	0.0092515
-110	4	0.0092829
-100	-4	0.0085108
-100	-3.9	0.0083343
-100	-3.8	0.008223
-100	-3.7	0.0073865
-100	-3.6	0.0069653
-100	-3.5	0.0076445
-100	-3.4	0.0096616
-100	-3.3	0.012003
-100	-3.2	0.014422
-100	-3.1	0.017059
-100	-3	0.019321
-100	-2.9	0.02339
-100	-2.8	0.024866
-100	-2.7	0.026853
-100	-2.6	0.028625
-100	-2.5	0.030213
-100	-2.4	0.031899
-100	-2.3	0.033299
-100	-2.2	0.033913
-100	-2.1	0.034265
-100	-2	0.033185
-100	-1.9	0.031174
-100	-1.8	0.029381
-100	-1.7	0.028695
-100	-1.6	0.031712
-100	-1.5	0.037601
-100	-1.4	0.047963
-100	-1.3	0.057491
-100	-1.2	0.064815
-100	-1.1	0.069314
-100	-1	0.066537
-100	-0.9	0.060665
-100	-0.8	0.053534
-100	-0.7	0.040721
-100	-0.6	0.029433
-100	-0.5	0.015748
-100	-0.4	0.011021
-100	-0.3	0.010946
-100	-0.2	0.011926
-100	-0.1	0.012455
-100	0	0.014545
-100	0.1	0.019777
-100	0.2	0.028414
-100	0.3	0.038642
-100	0.4	0.045299
-100	0.5	0.051032
-100	0.6	0.054004
-100	0.7	0.054773
-100	0.8	0.053342
-100	0.9	0.050453
-100	1	0.047712
-100	1.1	0.044635
-100	1.2	0.042473
-100	1.3	0.040139
-100	1.4	0.037889
-100	1.5	0.03464
-100	1.6	0.031854
-100	1.7	0.02999
-100	1.8	0.028216
-100	1.9	0.027953
-100	2	0.027417
-100	2.1	0.026412
-100	2.2	0.024795
-100	2.3	0.022339
-100	2.4	0.02021
-100	2.5	0.018082
-100	2.6	0.016384
-100	2.7	0.015737
-100	2.8	0.014277
-100	2.9	0.012968
-100	3	0.011422
-100	3.1	0.010087
-100	3.2	0.0099371
-100	3.3	0.010278
-100	3.4	0.010962
-100	3.5	0.011109
-100	3.6	0.010543
-100	3.7	0.0097433
-100	3.8	0.0088131
-100	3.9	0.0086502
-100	4	0.0088223
-90	-4	0.0094673
-90	-3.9	0.0086894
-90	-3.8	0.0073117
-90	-3.7	0.0060114
-90	-3.6	0.0076993
-90	-3.5	0.010483
-90	-3.4	0.011965
-90	-3.3	0.012899
-90	-3.2	0.012509
-90	-3.1	0.013509
-90	-3	0.016264
-90	-2.9	0.021574
-90	-2.8	0.028567
-90	-2.7	0.031358
-90	-2.6	0.033823
-90	-2.5	0.034167
-90	-2.4	0.033237
-90	-2.3	0.03195
-90	-2.2	0.031799
-90	-2.1	0.032242
-90	-2	0.033129
-90	-1.9	0.032889
-90	-1.8	0.031501
-90	-1.7	0.029184
-90	-1.6	0.031629
-90	-1.5	0.035642
-90	-1.4	0.045625
-90	-1.3	0.057519
-90	-1.2	0.066916
-90	-1.1	0.069381
-90	-1	0.069839
-90	-0.9	0.064871
-90	-0.8	0.055833
-90	-0.7	0.044702
-90	-0.6	0.030484
-90	-0.5	0.018865
-90	-0.4	0.012893
-90	-0.3	0.011491
-90	-0.2	0.012803
-90	-0.1	0.014367
-90	0	0.016478
-90	0.1	0.023168
-90	0.2	0.030438
-90	0.3	0.039469
-90	0.4	0.04667
-90	0.5	0.051758
-90	0.6	0.054888
-90	0.7	0.055572
-90	0.8	0.054026
-90	0.9	0.052576
-90	1	0.049421
-90	1.1	0.045829
-90	1.2	0.04129
-90	1.3	0.038226
-90	1.4	0.034818
-90	1.5	0.031976
-90	1.6	0.030122
-90	1.7	0.02904
-90	1.8	0.028621
-90	1.9	0.027352
-90	2	0.026136
-90	2.1	0.024634
-90	2.2	0.022706
-90	2.3	0.020466
-90	2.4	0.018275
-90	2.5	0.016768
-90	2.6	0.015762
-90	2.7	0.014567
-90	2.8	0.013102
-90	2.9	0.010977
-90	3	0.0092846
-90	3.1	0.0088952
-90	3.2	0.008223
-90	3.3	0.0083168
-90	3.4	0.0083227
-90	3.5	0.0081321
-90	3.6	0.0082993
-90	3.7	0.0076635
-90	3.8	0.0069885
-90	3.9	0.0067101
-90	4	0.0075787
-80	-4	0.009169
-80	-3.9	0.0072071
-80	-3.8	0.0073338
-80	-3.7	0.0085902
-80	-3.6	0.012086
-80	-3.5	0.0142
-80	-3.4	0.014051
-80	-3.3	0.012519
-80	-3.2	0.012948
-80	-3.1	0.014875
-80	-3	0.019375
-80	-2.9	0.024549
-80	-2.8	0.028652
-80	-2.7	0.033314
-80	-2.6	0.035189
-80	-2.5	0.035363
-80	-2.4	0.034816
-80	-2.3	0.0339
-80	-2.2	0.033534
-80	-2.1	0.033784
-80	-2	0.034425
-80	-1.9	0.033513
-80	-1.8	0.030745
-80	-1.7	0.028072
-80	-1.6	0.029572
-80	-1.5	0.036232
-80	-1.4	0.045329
-80	-1.3	0.055464
-80	-1.2	0.063572
-80	-1.1	0.066954
-80	-1	0.066728
-80	-0.9	0.062105
-80	-0.8	0.054025
-80	-0.7	0.041677
-80	-0.6	0.033305
-80	-0.5	0.023413
-80	-0.4	0.014435
-80	-0.3	0.0111
-80	-0.2	0.012139
-80	-0.1	0.014213
-80	0	0.017887
-80	0.1	0.020889
-80	0.2	0.027161
-80	0.3	0.036234
-80	0.4	0.041241
-80	0.5	0.048449
-80	0.6	0.051877
-80	0.7	0.054191
-80	0.8	0.054226
-80	0.9	0.051996
-80	1	0.048876
-80	1.1	0.044592
-80	1.2	0.039662
-80	1.3	0.036989
-80	1.4	0.03516
-80	1.5	0.032755
-80	1.6	0.03119
-80	1.7	0.030033
-80	1.8	0.028949
-80	1.9	0.027771
-80	2	0.026401
-80	2.1	0.025124
-80	2.2	0.023572
-80	2.3	0.022467
-80	2.4	0.020948
-80	2.5	0.019239
-80	2.6	0.016882
-80	2.7	0.015401
-80	2.8	0.014151
-80	2.9	0.013292
-80	3	0.012037
-80	3.1	0.011605
-80	3.2	0.010475
-80	3.3	0.010149
-80	3.4	0.0093072
-80	3.5	0.0088021
-80	3.6	0.0091461
-80	3.7	0.009675
-80	3.8	0.0097582
-80	3.9	0.008973
-80	4	0.0091461
-70	-4	0.0074886
-70	-3.9	0.0073228
-70	-3.8	0.0072116
-70	-3.7	0.008313
-70	-3.6	0.01018
-70	-3.5	0.011416
-70	-3.4	0.011642
-70	-3.3	0.011778
-70	-3.2	0.012328
-70	-3.1	0.014398
-70	-3	0.018297
-70	-2.9	0.022467
-70	-2.8	0.025863
-70	-2.7	0.029608
-70	-2.6	0.032497
-70	-2.5	0.034286
-70	-2.4	0.03488
-70	-2.3	0.034482
-70	-2.2	0.033363
-70	-2.1	0.032982
-70	-2	0.032655
-70	-1.9	0.030869
-70	-1.8	0.029121
-70	-1.7	0.028421
-70	-1.6	0.030367
-70	-1.5	0.036444
-70	-1.4	0.044113
-70	-1.3	0.051058
-70	-1.2	0.059422
-70	-1.1	0.063427
-70	-1	0.063054
-70	-0.9	0.058281
-70	-0.8	0.053073
-70	-0.7	0.04527
-70	-0.6	0.035074
-70	-0.5	0.024098
-70	-0.4	0.017264
-70	-0.3	0.012628
-70	-0.2	0.011289
-70	-0.1	0.012568
-70	0	0.015167
-70	0.1	0.022641
-70	0.2	0.027291
-70	0.3	0.03397
-70	0.4	0.042761
-70	0.5	0.04818
-70	0.6	0.051494
-70	0.7	0.052736
-70	0.8	0.05254
-70	0.9	0.050311
-70	1	0.046901
-70	1.1	0.042969
-70	1.2	0.040258
-70	1.3	0.037826
-70	1.4	0.036119
-70	1.5	0.034027
-70	1.6	0.031839
-70	1.7	0.030193
-70	1.8	0.029514
-70	1.9	0.028716
-70	2	0.026969
-70	2.1	0.026003
-70	2.2	0.024867
-70	2.3	0.022962
-70	2.4	0.020822
-70	2.5	0.01777
-70	2.6	0.015723
-70	2.7	0.014544
-70	2.8	0.013203
-70	2.9	0.0123
-70	3	0.011653
-70	3.1	0.011027
-70	3.2	0.01044
-70	3.3	0.0093678
-70	3.4	0.0085336
-70	3.5	0.0086015
-70	3.6	0.0086203
-70	3.7	0.0089856
-70	3.8	0.0089676
-70	3.9	0.0086427
-70	4	0.0087246
-60	-4	0.0073668
-60	-3.9	0.0066908
-60	-3.8	0.0073843
-60	-3.7	0.01085
-60	-3.6	0.012499
-60	-3.5	0.013912
-60	-3.4	0.013162
-60	-3.3	0.012208
-60	-3.2	0.011334
-60	-3.1	0.013899
-60	-3	0.019644
-60	-2.9	0.024995
-60	-2.8	0.030707
-60	-2.7	0.033557
-60	-2.6	0.033267
-60	-2.5	0.03135
-60	-2.4	0.029466
-60	-2.3	0.029292
-60	-2.2	0.031404
-60	-2.1	0.034011
-60	-2	0.034433
-60	-1.9	0.032674
-60	-1.8	0.02851
-60	-1.7	0.02501
-60	-1.6	0.026189
-60	-1.5	0.032946
-60	-1.4	0.042476
-60	-1.3	0.052189
-60	-1.2	0.059582
-60	-1.1	0.064676
-60	-1	0.066583
-60	-0.9	0.062991
-60	-0.8	0.055253
-60	-0.7	0.045584
-60	-0.6	0.032414
-60	-0.5	0.023339
-60	-0.4	0.015811
-60	-0.3	0.011953
-60	-0.2	0.013863
-60	-0.1	0.01663
-60	0	0.020616
-60	0.1	0.02506
-60	0.2	0.029507
-60	0.3	0.035184
-60	0.4	0.040636
-60	0.5	0.047411
-60	0.6	0.050272
-60	0.7	0.051791
-60	0.8	0.051237
-60	0.9	0.048825
-60	1	0.045096
-60	1.1	0.040764
-60	1.2	0.035811
-60	1.3	0.033483
-60	1.4	0.030665
-60	1.5	0.029571
-60	1.6	0.028903
-60	1.7	0.028733
-60	1.8	0.028447
-60	1.9	0.02716
-60	2	0.025914
-60	2.1	0.025133
-60	2.2	0.024485
-60	2.3	0.023338
-60	2.4	0.022062
-60	2.5	0.020738
-60	2.6	0.019395
-60	2.7	0.017877
-60	2.8	0.015454
-60	2.9	0.013925
-60	3	0.013327
-60	3.1	0.012856
-60	3.2	0.013145
-60	3.3	0.013457
-60	3.4	0.012767
-60	3.5	0.012755
-60	3.6	0.012306
-60	3.7	0.011644
-60	3.8	0.011278
-60	3.9	0.011301
-60	4	0.011667
-50	-4	0.0098258
-50	-3.9	0.0098603
-50	-3.8	0.0088515
-50	-3.7	0.0080703
-50	-3.6	0.0089838
-50	-3.5	0.010132
-50	-3.4	0.011464
-50	-3.3	0.013001
-50	-3.2	0.01476
-50	-3.1	0.016311
-50	-3	0.020696
-50	-2.9	0.024467
-50	-2.8	0.026423
-50	-2.7	0.02927
-50	-2.6	0.031073
-50	-2.5	0.033852
-50	-2.4	0.03609
-50	-2.3	0.037001
-50	-2.2	0.036096
-50	-2.1	0.034273
-50	-2	0.031475
-50	-1.9	0.029188
-50	-1.8	0.027665
-50	-1.7	0.026736
-50	-1.6	0.028318
-50	-1.5	0.03238
-50	-1.4	0.040978
-50	-1.3	0.04707
-50	-1.2	0.054571
-50	-1.1	0.058693
-50	-1	0.059293
-50	-0.9	0.057127
-50	-0.8	0.052561
-50	-0.7	0.045665
-50	-0.6	0.036939
-50	-0.5	0.02989
-50	-0.4	0.024132
-50	-0.3	0.016893
-50	-0.2	0.012571
-50	-0.1	0.014673
-50	0	0.017339
-50	0.1	0.022717
-50	0.2	0.02734
-50	0.3	0.033379
-50	0.4	0.03792
-50	0.5	0.04236
-50	0.6	0.048126
-50	0.7	0.052216
-50	0.8	0.054481
-50	0.9	0.054317
-50	1	0.050886
-50	1.1	0.047229
-50	1.2	0.041975
-50	1.3	0.037956
-50	1.4	0.035672
-50	1.5	0.034878
-50	1.6	0.035272
-50	1.7	0.035613
-50	1.8	0.034486
-50	1.9	0.03139
-50	2	0.027956
-50	2.1	0.025207
-50	2.2	0.023706
-50	2.3	0.022397
-50	2.4	0.021781
-50	2.5	0.020347
-50	2.6	0.017557
-50	2.7	0.015556
-50	2.8	0.013437
-50	2.9	0.010736
-50	3	0.009715
-50	3.1	0.011196
-50	3.2	0.011308
-50	3.3	0.011071
-50	3.4	0.0096967
-50	3.5	0.0077537
-50	3.6	0.006613
-50	3.7	0.0069561
-50	3.8	0.0080863
-50	3.9	0.0091796
-50	4	0.0093885
-40	-4	0.0088149
-40	-3.9	0.0085771
-40	-3.8	0.0084613
-40	-3.7	0.0091866
-40	-3.6	0.010457
-40	-3.5	0.010679
-40	-3.4	0.011043
-40	-3.3	0.012031
-40	-3.2	0.014899
-40	-3.1	0.018969
-40	-3	0.021326
-40	-2.9	0.0258
-40	-2.8	0.027814
-40	-2.7	0.029994
-40	-2.6	0.029793
-40	-2.5	0.02962
-40	-2.4	0.03046
-40	-2.3	0.03167
-40	-2.2	0.034379
-40	-2.1	0.035916
-40	-2	0.036332
-40	-1.9	0.033842
-40	-1.8	0.029619
-40	-1.7	0.024605
-40	-1.6	0.02447
-40	-1.5	0.027409
-40	-1.4	0.040548
-40	-1.3	0.047462
-40	-1.2	0.057482
-40	-1.1	0.061137
-40	-1	0.062114
-40	-0.9	0.059472
-40	-0.8	0.053519
-40	-0.7	0.043528
-40	-0.6	0.034316
-40	-0.5	0.026404
-40	-0.4	0.018989
-40	-0.3	0.014404
-40	-0.2	0.013121
-40	-0.1	0.014749
-40	0	0.018254
-40	0.1	0.022579
-40	0.2	0.028204
-40	0.3	0.033917
-40	0.4	0.039602
-40	0.5	0.044372
-40	0.6	0.048134
-40	0.7	0.049401
-40	0.8	0.049494
-40	0.9	0.047812
-40	1	0.044177
-40	1.1	0.040327
-40	1.2	0.035983
-40	1.3	0.033327
-40	1.4	0.031844
-40	1.5	0.030674
-40	1.6	0.030174
-40	1.7	0.029854
-40	1.8	0.028687
-40	1.9	0.027068
-40	2	0.025033
-40	2.1	0.023906
-40	2.2	0.023046
-40	2.3	0.022713
-40	2.4	0.021884
-40	2.5	0.020883
-40	2.6	0.019412
-40	2.7	0.016152
-40	2.8	0.014527
-40	2.9	0.012581
-40	3	0.011429
-40	3.1	0.011631
-40	3.2	0.012287
-40	3.3	0.011931
-40	3.4	0.0114
-40	3.5	0.0094125
-40	3.6	0.0090341
-40	3.7	0.0092497
-40	3.8	0.009373
-40	3.9	0.010232
-40	4	0.010449
-30	-4	0.0086875
-30	-3.9	0.0076825
-30	-3.8	0.007886
-30	-3.7	0.0085393
-30	-3.6	0.0097449
-30	-3.5	0.010762
-30	-3.4	0.011103
-30	-3.3	0.010912
-30	-3.2	0.012005
-30	-3.1	0.015205
-30	-3	0.020128
-30	-2.9	0.023415
-30	-2.8	0.027942
-30	-2.7	0.029764
-30	-2.6	0.031449
-30	-2.5	0.032641
-30	-2.4	0.034351
-30	-2.3	0.036083
-30	-2.2	0.036793
-30	-2.1	0.036752
-30	-2	0.034243
-30	-1.9	0.031463
-30	-1.8	0.028366
-30	-1.7	0.024396
-30	-1.6	0.025332
-30	-1.5	0.031105
-30	-1.4	0.038213
-30	-1.3	0.045529
-30	-1.2	0.050811
-30	-1.1	0.0553
-30	-1	0.054885
-30	-0.9	0.053123
-30	-0.8	0.048276
-30	-0.7	0.041073
-30	-0.6	0.034274
-30	-0.5	0.029343
-30	-0.4	0.024008
-30	-0.3	0.020002
-30	-0.2	0.017518
-30	-0.1	0.017584
-30	0	0.019778
-30	0.1	0.023205
-30	0.2	0.026857
-30	0.3	0.031509
-30	0.4	0.03576
-30	0.5	0.039173
-30	0.6	0.042894
-30	0.7	0.046655
-30	0.8	0.047495
-30	0.9	0.04798
-30	1	0.046362
-30	1.1	0.043591
-30	1.2	0.039317
-30	1.3	0.03489
-30	1.4	0.033186
-30	1.5	0.032433
-30	1.6	0.032895
-30	1.7	0.033905
-30	1.8	0.033696
-30	1.9	0.031295
-30	2	0.029349
-30	2.1	0.025673
-30	2.2	0.024242
-30	2.3	0.022888
-30	2.4	0.02246
-30	2.5	0.022015
-30	2.6	0.020874
-30	2.7	0.018792
-30	2.8	0.016062
-30	2.9	0.013648
-30	3	0.012445
-30	3.1	0.011708
-30	3.2	0.011517
-30	3.3	0.011545
-30	3.4	0.010939
-30	3.5	0.010531
-30	3.6	0.010203
-30	3.7	0.0097565
-30	3.8	0.010199
-30	3.9	0.009816
-30	4	0.0093988
-20	-4	0.0072161
-20	-3.9	0.0067293
-20	-3.8	0.0070001
-20	-3.7	0.0092322
-20	-3.6	0.011141
-20	-3.5	0.012028
-20	-3.4	0.011732
-20	-3.3	0.010775
-20	-3.2	0.010786
-20	-3.1	0.012864
-20	-3	0.017593
-20	-2.9	0.023581
-20	-2.8	0.026642
-20	-2.7	0.029362
-20	-2.6	0.030851
-20	-2.5	0.031468
-20	-2.4	0.031586
-20	-2.3	0.032113
-20	-2.2	0.033102
-20	-2.1	0.034032
-20	-2	0.033872
-20	-1.9	0.032414
-20	-1.8	0.030652
-20	-1.7	0.026352
-20	-1.6	0.023607
-20	-1.5	0.026344
-20	-1.4	0.032402
-20	-1.3	0.042216
-20	-1.2	0.050611
-20	-1.1	0.055945
-20	-1	0.057712
-20	-0.9	0.056723
-20	-0.8	0.051622
-20	-0.7	0.044104
-20	-0.6	0.037555
-20	-0.5	0.028401
-20	-0.4	0.019872
-20	-0.3	0.017094
-20	-0.2	0.015991
-20	-0.1	0.017134
-20	0	0.02003
-20	0.1	0.024274
-20	0.2	0.027212
-20	0.3	0.033249
-20	0.4	0.03933
-20	0.5	0.042927
-20	0.6	0.04625
-20	0.7	0.048507
-20	0.8	0.048599
-20	0.9	0.04775
-20	1	0.044695
-20	1.1	0.041753
-20	1.2	0.03846
-20	1.3	0.034945
-20	1.4	0.032395
-20	1.5	0.031386
-20	1.6	0.03049
-20	1.7	0.029728
-20	1.8	0.029148
-20	1.9	0.027724
-20	2	0.025627
-20	2.1	0.02348
-20	2.2	0.021902
-20	2.3	0.020904
-20	2.4	0.020117
-20	2.5	0.019164
-20	2.6	0.018233
-20	2.7	0.015784
-20	2.8	0.013686
-20	2.9	0.011554
-20	3	0.010122
-20	3.1	0.00944
-20	3.2	0.0095116
-20	3.3	0.0095404
-20	3.4	0.009302
-20	3.5	0.0089712
-20	3.6	0.0084518
-20	3.7	0.0088113
-20	3.8	0.007816
-20	3.9	0.0079959
-20	4	0.0076297
-10	-4	0.0060248
-10	-3.9	0.0061548
-10	-3.8	0.0071304
-10	-3.7	0.0084994
-10	-3.6	0.0094125
-10	-3.5	0.0094502
-10	-3.4	0.0088442
-10	-3.3	0.0083401
-10	-3.2	0.0086987
-10	-3.1	0.011894
-10	-3	0.015995
-10	-2.9	0.0212
-10	-2.8	0.025541
-10	-2.7	0.028541
-10	-2.6	0.030409
-10	-2.5	0.030342
-10	-2.4	0.031106
-10	-2.3	0.032261
-10	-2.2	0.034438
-10	-2.1	0.036935
-10	-2	0.037199
-10	-1.9	0.034816
-10	-1.8	0.032012
-10	-1.7	0.027516
-10	-1.6	0.025554
-10	-1.5	0.028845
-10	-1.4	0.034294
-10	-1.3	0.042727
-10	-1.2	0.049741
-10	-1.1	0.055073
-10	-1	0.057854
-10	-0.9	0.056701
-10	-0.8	0.051334
-10	-0.7	0.044363
-10	-0.6	0.034826
-10	-0.5	0.025934
-10	-0.4	0.020645
-10	-0.3	0.017166
-10	-0.2	0.015891
-10	-0.1	0.017739
-10	0	0.02032
-10	0.1	0.026985
-10	0.2	0.030586
-10	0.3	0.036357
-10	0.4	0.041516
-10	0.5	0.044547
-10	0.6	0.046851
-10	0.7	0.047299
-10	0.8	0.046808
-10	0.9	0.045346
-10	1	0.044311
-10	1.1	0.041133
-10	1.2	0.038977
-10	1.3	0.035784
-10	1.4	0.033075
-10	1.5	0.030852
-10	1.6	0.030242
-10	1.7	0.030502
-10	1.8	0.030393
-10	1.9	0.029889
-10	2	0.028623
-10	2.1	0.025596
-10	2.2	0.02262
-10	2.3	0.020881
-10	2.4	0.018552
-10	2.5	0.017181
-10	2.6	0.016641
-10	2.7	0.016735
-10	2.8	0.015113
-10	2.9	0.013592
-10	3	0.011951
-10	3.1	0.010211
-10	3.2	0.0091584
-10	3.3	0.0089279
-10	3.4	0.0089928
-10	3.5	0.0083304
-10	3.6	0.0079105
-10	3.7	0.0068081
-10	3.8	0.0070781
-10	3.9	0.0069211
-10	4	0.0069839
0	-4	0.0077224
0	-3.9	0.0064271
0	-3.8	0.0065714
0	-3.7	0.0074345
0	-3.6	0.0088168
0	-3.5	0.009328
0	-3.4	0.0091
0	-3.3	0.0080683
0	-3.2	0.0083421
0	-3.1	0.011969
0	-3	0.017448
0	-2.9	0.023136
0	-2.8	0.026927
0	-2.7	0.029338
0	-2.6	0.029995
0	-2.5	0.030262
0	-2.4	0.030768
0	-2.3	0.034036
0	-2.2	0.039026
0	-2.1	0.042132
0	-2	0.042331
0	-1.9	0.040172
0	-1.8	0.033415
0	-1.7	0.028422
0	-1.6	0.025021
0	-1.5	0.028364
0	-1.4	0.03531
0	-1.3	0.046062
0	-1.2	0.052158
0	-1.1	0.056777
0	-1	0.057481
0	-0.9	0.054134
0	-0.8	0.049441
0	-0.7	0.043014
0	-0.6	0.034621
0	-0.5	0.027635
0	-0.4	0.02181
0	-0.3	0.018863
0	-0.2	0.018119
0	-0.1	0.019554
0	0	0.021913
0	0.1	0.026187
0	0.2	0.029508
0	0.3	0.035373
0	0.4	0.039663
0	0.5	0.043444
0	0.6	0.045086
0	0.7	0.045841
0	0.8	0.045583
0	0.9	0.044475
0	1	0.042906
0	1.1	0.040369
0	1.2	0.037509
0	1.3	0.034756
0	1.4	0.033025
0	1.5	0.03224
0	1.6	0.032341
0	1.7	0.032189
0	1.8	0.031625
0	1.9	0.030864
0	2	0.029135
0	2.1	0.027412
0	2.2	0.025762
0	2.3	0.023841
0	2.4	0.022311
0	2.5	0.020939
0	2.6	0.019135
0	2.7	0.017645
0	2.8	0.015702
0	2.9	0.014145
0	3	0.013332
0	3.1	0.013188
0	3.2	0.01321
0	3.3	0.012602
0	3.4	0.011621
0	3.5	0.010757
0	3.6	0.0092182
0	3.7	0.0088971
0	3.8	0.0091443
0	3.9	0.009532
0	4	0.0094878
10	-4	0.01011
10	-3.9	0.0095574
10	-3.8	0.0084823
10	-3.7	0.0079979
10	-3.6	0.0075552
10	-3.5	0.0082662
10	-3.4	0.0092445
10	-3.3	0.0099565
10	-3.2	0.010679
10	-3.1	0.012373
10	-3	0.016514
10	-2.9	0.0197
10	-2.8	0.024903
10	-2.7	0.028398
10	-2.6	0.031564
10	-2.5	0.033953
10	-2.4	0.035326
10	-2.3	0.036908
10	-2.2	0.038644
10	-2.1	0.040327
10	-2	0.040775
10	-1.9	0.038693
10	-1.8	0.034503
10	-1.7	0.02982
10	-1.6	0.025745
10	-1.5	0.027258
10	-1.4	0.03514
10	-1.3	0.043258
10	-1.2	0.050753
10	-1.1	0.054695
10	-1	0.057418
10	-0.9	0.055979
10	-0.8	0.050667
10	-0.7	0.043613
10	-0.6	0.036792
10	-0.5	0.027108
10	-0.4	0.02361
10	-0.3	0.019549
10	-0.2	0.018123
10	-0.1	0.019407
10	0	0.020897
10	0.1	0.024939
10	0.2	0.029742
10	0.3	0.036261
10	0.4	0.040513
10	0.5	0.044303
10	0.6	0.048173
10	0.7	0.049419
10	0.8	0.049937
10	0.9	0.048292
10	1	0.046221
10	1.1	0.042692
10	1.2	0.039156
10	1.3	0.034538
10	1.4	0.032251
10	1.5	0.030961
10	1.6	0.030517
10	1.7	0.030439
10	1.8	0.030493
10	1.9	0.029748
10	2	0.027694
10	2.1	0.025933
10	2.2	0.02408
10	2.3	0.022202
10	2.4	0.020975
10	2.5	0.01984
10	2.6	0.017645
10	2.7	0.015841
10	2.8	0.01412
10	2.9	0.01178
10	3	0.010624
10	3.1	0.010132
10	3.2	0.010635
10	3.3	0.010438
10	3.4	0.010194
10	3.5	0.0092863
10	3.6	0.0080402
10	3.7	0.0077537
10	3.8	0.0075231
10	3.9	0.0084403
10	4	0.0089297
20	-4	0.0099175
20	-3.9	0.009234
20	-3.8	0.0078654
20	-3.7	0.0078942
20	-3.6	0.0087154
20	-3.5	0.0099387
20	-3.4	0.009385
20	-3.3	0.0088223
20	-3.2	0.0096415
20	-3.1	0.01387
20	-3	0.017428
20	-2.9	0.021906
20	-2.8	0.025882
20	-2.7	0.028307
20	-2.6	0.030122
20	-2.5	0.031651
20	-2.4	0.03392
20	-2.3	0.03744
20	-2.2	0.041141
20	-2.1	0.042636
20	-2	0.042819
20	-1.9	0.040002
20	-1.8	0.036659
20	-1.7	0.031227
20	-1.6	0.02744
20	-1.5	0.027725
20	-1.4	0.033366
20	-1.3	0.041729
20	-1.2	0.048926
20	-1.1	0.055101
20	-1	0.057429
20	-0.9	0.055402
20	-0.8	0.050409
20	-0.7	0.042895
20	-0.6	0.035719
20	-0.5	0.028692
20	-0.4	0.022304
20	-0.3	0.018585
20	-0.2	0.017877
20	-0.1	0.017924
20	0	0.020696
20	0.1	0.023267
20	0.2	0.028062
20	0.3	0.034457
20	0.4	0.038557
20	0.5	0.044111
20	0.6	0.046725
20	0.7	0.048086
20	0.8	0.04755
20	0.9	0.046202
20	1	0.043311
20	1.1	0.041354
20	1.2	0.038026
20	1.3	0.035679
20	1.4	0.03414
20	1.5	0.032617
20	1.6	0.03103
20	1.7	0.029719
20	1.8	0.028781
20	1.9	0.028103
20	2	0.026798
20	2.1	0.02496
20	2.2	0.023201
20	2.3	0.022027
20	2.4	0.020981
20	2.5	0.019648
20	2.6	0.017896
20	2.7	0.016119
20	2.8	0.014423
20	2.9	0.012899
20	3	0.010954
20	3.1	0.0093609
20	3.2	0.0090054
20	3.3	0.0086521
20	3.4	0.0083343
20	3.5	0.0082407
20	3.6	0.0079085
20	3.7	0.0074951
20	3.8	0.0075037
20	3.9	0.0069816
20	4	0.0069188
30	-4	0.01032
30	-3.9	0.0097731
30	-3.8	0.0087024
30	-3.7	0.0075037
30	-3.6	0.0073755
30	-3.5	0.0088734
30	-3.4	0.011167
30	-3.3	0.01086
30	-3.2	0.010172
30	-3.1	0.010786
30	-3	0.014868
30	-2.9	0.021147
30	-2.8	0.027106
30	-2.7	0.030296
30	-2.6	0.033361
30	-2.5	0.034454
30	-2.4	0.035667
30	-2.3	0.038046
30	-2.2	0.040185
30	-2.1	0.042416
30	-2	0.043932
30	-1.9	0.0431
30	-1.8	0.039712
30	-1.7	0.03497
30	-1.6	0.029644
30	-1.5	0.02737
30	-1.4	0.031191
30	-1.3	0.038555
30	-1.2	0.049029
30	-1.1	0.055218
30	-1	0.059148
30	-0.9	0.058543
30	-0.8	0.05332
30	-0.7	0.043571
30	-0.6	0.035312
30	-0.5	0.026507
30	-0.4	0.022503
30	-0.3	0.018022
30	-0.2	0.016812
30	-0.1	0.017189
30	0	0.020076
30	0.1	0.023913
30	0.2	0.029616
30	0.3	0.035511
30	0.4	0.040845
30	0.5	0.044777
30	0.6	0.046593
30	0.7	0.046983
30	0.8	0.045754
30	0.9	0.044134
30	1	0.042257
30	1.1	0.040675
30	1.2	0.037356
30	1.3	0.033341
30	1.4	0.030587
30	1.5	0.029414
30	1.6	0.028267
30	1.7	0.027749
30	1.8	0.027646
30	1.9	0.027897
30	2	0.026977
30	2.1	0.025315
30	2.2	0.023028
30	2.3	0.020952
30	2.4	0.019104
30	2.5	0.018384
30	2.6	0.017211
30	2.7	0.016128
30	2.8	0.014579
30	2.9	0.012467
30	3	0.010406
30	3.1	0.0093453
30	3.2	0.0086838
30	3.3	0.0090215
30	3.4	0.0096298
30	3.5	0.0091989
30	3.6	0.0080823
30	3.7	0.007568
30	3.8	0.0067724
30	3.9	0.007225
30	4	0.0073536
40	-4	0.01123
40	-3.9	0.010013
40	-3.8	0.0082857
40	-3.7	0.0072496
40	-3.6	0.0080502
40	-3.5	0.010574
40	-3.4	0.011423
40	-3.3	0.011481
40	-3.2	0.010509
40	-3.1	0.010772
40	-3	0.013832
40	-2.9	0.021163
40	-2.8	0.027567
40	-2.7	0.03193
40	-2.6	0.034896
40	-2.5	0.036093
40	-2.4	0.036061
40	-2.3	0.036795
40	-2.2	0.039609
40	-2.1	0.041734
40	-2	0.043248
40	-1.9	0.042517
40	-1.8	0.039838
40	-1.7	0.035313
40	-1.6	0.029055
40	-1.5	0.026975
40	-1.4	0.029652
40	-1.3	0.038662
40	-1.2	0.046982
40	-1.1	0.053435
40	-1	0.057671
40	-0.9	0.057944
40	-0.8	0.053409
40	-0.7	0.047942
40	-0.6	0.037207
40	-0.5	0.028212
40	-0.4	0.024084
40	-0.3	0.018073
40	-0.2	0.016771
40	-0.1	0.017319
40	0	0.019044
40	0.1	0.022448
40	0.2	0.02635
40	0.3	0.031437
40	0.4	0.037675
40	0.5	0.040885
40	0.6	0.044644
40	0.7	0.047246
40	0.8	0.047779
40	0.9	0.046416
40	1	0.045072
40	1.1	0.042179
40	1.2	0.037713
40	1.3	0.034763
40	1.4	0.03153
40	1.5	0.02953
40	1.6	0.027872
40	1.7	0.027344
40	1.8	0.027461
40	1.9	0.026974
40	2	0.026863
40	2.1	0.025898
40	2.2	0.024761
40	2.3	0.023007
40	2.4	0.020596
40	2.5	0.018907
40	2.6	0.016569
40	2.7	0.014957
40	2.8	0.013154
40	2.9	0.011833
40	3	0.010314
40	3.1	0.0093747
40	3.2	0.0090733
40	3.3	0.008225
40	3.4	0.0067028
40	3.5	0.0068436
40	3.6	0.0060782
40	3.7	0.0066399
40	3.8	0.0065984
40	3.9	0.0068034
40	4	0.0069188
50	-4	0.010149
50	-3.9	0.0091301
50	-3.8	0.0087079
50	-3.7	0.0083556
50	-3.6	0.0089424
50	-3.5	0.010309
50	-3.4	0.011113
50	-3.3	0.011212
50	-3.2	0.010891
50	-3.1	0.011141
50	-3	0.013642
50	-2.9	0.017525
50	-2.8	0.023159
50	-2.7	0.028363
50	-2.6	0.033987
50	-2.5	0.037357
50	-2.4	0.040062
50	-2.3	0.041162
50	-2.2	0.042143
50	-2.1	0.04272
50	-2	0.043614
50	-1.9	0.04271
50	-1.8	0.039757
50	-1.7	0.035387
50	-1.6	0.030936
50	-1.5	0.028602
50	-1.4	0.034276
50	-1.3	0.041208
50	-1.2	0.049318
50	-1.1	0.053029
50	-1	0.056264
50	-0.9	0.055589
50	-0.8	0.050503
50	-0.7	0.044629
50	-0.6	0.0364
50	-0.5	0.028693
50	-0.4	0.022113
50	-0.3	0.018697
50	-0.2	0.015569
50	-0.1	0.015108
50	0	0.016176
50	0.1	0.020257
50	0.2	0.023808
50	0.3	0.029534
50	0.4	0.035034
50	0.5	0.03868
50	0.6	0.04221
50	0.7	0.045332
50	0.8	0.045971
50	0.9	0.045739
50	1	0.04494
50	1.1	0.043476
50	1.2	0.039991
50	1.3	0.037689
50	1.4	0.034243
50	1.5	0.031821
50	1.6	0.030283
50	1.7	0.02853
50	1.8	0.028123
50	1.9	0.02773
50	2	0.026885
50	2.1	0.025451
50	2.2	0.02376
50	2.3	0.021747
50	2.4	0.019586
50	2.5	0.01853
50	2.6	0.016189
50	2.7	0.014976
50	2.8	0.013647
50	2.9	0.012072
50	3	0.010995
50	3.1	0.010105
50	3.2	0.0093107
50	3.3	0.008745
50	3.4	0.007935
50	3.5	0.0072295
50	3.6	0.0064947
50	3.7	0.0068057
50	3.8	0.0069607
50	3.9	0.0066859
50	4	0.0065861
60	-4	0.011399
60	-3.9	0.010933
60	-3.8	0.0085563
60	-3.7	0.0070644
60	-3.6	0.0077787
60	-3.5	0.010246
60	-3.4	0.011187
60	-3.3	0.012
60	-3.2	0.011489
60	-3.1	0.01121
60	-3	0.012447
60	-2.9	0.016771
60	-2.8	0.023221
60	-2.7	0.02756
60	-2.6	0.031582
60	-2.5	0.03572
60	-2.4	0.037319
60	-2.3	0.038405
60	-2.2	0.039067
60	-2.1	0.039605
60	-2	0.039711
60	-1.9	0.039588
60	-1.8	0.037813
60	-1.7	0.035269
60	-1.6	0.03142
60	-1.5	0.027964
60	-1.4	0.029774
60	-1.3	0.036055
60	-1.2	0.042005
60	-1.1	0.051638
60	-1	0.057115
60	-0.9	0.058208
60	-0.8	0.056292
60	-0.7	0.051947
60	-0.6	0.042487
60	-0.5	0.033892
60	-0.4	0.024851
60	-0.3	0.017585
60	-0.2	0.01413
60	-0.1	0.013063
60	0	0.012922
60	0.1	0.01404
60	0.2	0.018054
60	0.3	0.024682
60	0.4	0.032612
60	0.5	0.03727
60	0.6	0.041073
60	0.7	0.044794
60	0.8	0.046242
60	0.9	0.045426
60	1	0.043318
60	1.1	0.04143
60	1.2	0.038143
60	1.3	0.035638
60	1.4	0.032583
60	1.5	0.030865
60	1.6	0.029591
60	1.7	0.027953
60	1.8	0.027084
60	1.9	0.026564
60	2	0.025911
60	2.1	0.024664
60	2.2	0.022679
60	2.3	0.021231
60	2.4	0.019669
60	2.5	0.017978
60	2.6	0.01654
60	2.7	0.01496
60	2.8	0.013648
60	2.9	0.012645
60	3	0.011059
60	3.1	0.0088952
60	3.2	0.0085676
60	3.3	0.0086128
60	3.4	0.0081579
60	3.5	0.0083981
60	3.6	0.0078921
60	3.7	0.0072829
60	3.8	0.0079431
60	3.9	0.0071191
60	4	0.0068081
70	-4	0.011046
70	-3.9	0.011189
70	-3.8	0.010488
70	-3.7	0.0094605
70	-3.6	0.0093471
70	-3.5	0.0094622
70	-3.4	0.0097912
70	-3.3	0.010482
70	-3.2	0.011072
70	-3.1	0.01202
70	-3	0.014872
70	-2.9	0.019073
70	-2.8	0.022932
70	-2.7	0.028019
70	-2.6	0.032045
70	-2.5	0.034931
70	-2.4	0.035983
70	-2.3	0.037094
70	-2.2	0.038129
70	-2.1	0.040266
70	-2	0.041453
70	-1.9	0.042182
70	-1.8	0.040173
70	-1.7	0.035419
70	-1.6	0.03151
70	-1.5	0.028094
70	-1.4	0.029
70	-1.3	0.034852
70	-1.2	0.043316
70	-1.1	0.050463
70	-1	0.054651
70	-0.9	0.056373
70	-0.8	0.054266
70	-0.7	0.048556
70	-0.6	0.042071
70	-0.5	0.033583
70	-0.4	0.025632
70	-0.3	0.020447
70	-0.2	0.015861
70	-0.1	0.014366
70	0	0.014049
70	0.1	0.014576
70	0.2	0.018536
70	0.3	0.02351
70	0.4	0.030613
70	0.5	0.034795
70	0.6	0.039139
70	0.7	0.041957
70	0.8	0.042687
70	0.9	0.041853
70	1	0.040985
70	1.1	0.040053
70	1.2	0.038265
70	1.3	0.035606
70	1.4	0.032114
70	1.5	0.030199
70	1.6	0.027772
70	1.7	0.026939
70	1.8	0.026382
70	1.9	0.026987
70	2	0.028201
70	2.1	0.028109
70	2.2	0.025905
70	2.3	0.023583
70	2.4	0.020954
70	2.5	0.019308
70	2.6	0.018492
70	2.7	0.016741
70	2.8	0.015591
70	2.9	0.014597
70	3	0.013299
70	3.1	0.011001
70	3.2	0.0091778
70	3.3	0.0085808
70	3.4	0.0087487
70	3.5	0.0094639
70	3.6	0.0095235
70	3.7	0.0087727
70	3.8	0.0082857
70	3.9	0.0072093
70	4	0.007225
80	-4	0.011304
80	-3.9	0.011286
80	-3.8	0.010685
80	-3.7	0.0091514
80	-3.6	0.0082329
80	-3.5	0.0080883
80	-3.4	0.0094108
80	-3.3	0.010619
80	-3.2	0.012306
80	-3.1	0.013087
80	-3	0.014775
80	-2.9	0.016838
80	-2.8	0.020672
80	-2.7	0.025245
80	-2.6	0.02876
80	-2.5	0.032297
80	-2.4	0.034864
80	-2.3	0.03623
80	-2.2	0.037357
80	-2.1	0.038428
80	-2	0.038653
80	-1.9	0.03842
80	-1.8	0.036956
80	-1.7	0.0341
80	-1.6	0.02953
80	-1.5	0.027506
80	-1.4	0.027037
80	-1.3	0.031932
80	-1.2	0.039577
80	-1.1	0.046176
80	-1	0.052606
80	-0.9	0.054743
80	-0.8	0.053176
80	-0.7	0.048752
80	-0.6	0.042015
80	-0.5	0.033506
80	-0.4	0.027927
80	-0.3	0.021128
80	-0.2	0.016278
80	-0.1	0.014248
80	0	0.01268
80	0.1	0.012789
80	0.2	0.015368
80	0.3	0.022768
80	0.4	0.028931
80	0.5	0.033264
80	0.6	0.038987
80	0.7	0.042813
80	0.8	0.044109
80	0.9	0.043045
80	1	0.042119
80	1.1	0.039932
80	1.2	0.037436
80	1.3	0.035463
80	1.4	0.033519
80	1.5	0.032307
80	1.6	0.031923
80	1.7	0.030404
80	1.8	0.028296
80	1.9	0.02718
80	2	0.025959
80	2.1	0.02521
80	2.2	0.024056
80	2.3	0.023388
80	2.4	0.02274
80	2.5	0.021756
80	2.6	0.019769
80	2.7	0.017872
80	2.8	0.015544
80	2.9	0.013109
80	3	0.011388
80	3.1	0.010814
80	3.2	0.010441
80	3.3	0.010257
80	3.4	0.0099354
80	3.5	0.0094912
80	3.6	0.0082701
80	3.7	0.0066932
80	3.8	0.0070231
80	3.9	0.0077558
80	4	0.0093419
90	-4	0.010854
90	-3.9	0.011797
90	-3.8	0.011009
90	-3.7	0.010435
90	-3.6	0.0096315
90	-3.5	0.0096683
90	-3.4	0.010161
90	-3.3	0.010908
90	-3.2	0.011972
90	-3.1	0.01254
90	-3	0.014551
90	-2.9	0.0166
90	-2.8	0.020401
90	-2.7	0.024979
90	-2.6	0.028828
90	-2.5	0.032213
90	-2.4	0.034459
90	-2.3	0.036384
90	-2.2	0.037567
90	-2.1	0.038392
90	-2	0.038468
90	-1.9	0.038178
90	-1.8	0.037727
90	-1.7	0.035137
90	-1.6	0.031695
90	-1.5	0.028712
90	-1.4	0.028705
90	-1.3	0.032388
90	-1.2	0.038979
90	-1.1	0.045583
90	-1	0.050402
90	-0.9	0.053385
90	-0.8	0.051848
90	-0.7	0.046717
90	-0.6	0.039729
90	-0.5	0.033282
90	-0.4	0.027832
90	-0.3	0.022518
90	-0.2	0.018198
90	-0.1	0.016595
90	0	0.014933
90	0.1	0.014431
90	0.2	0.016745
90	0.3	0.020726
90	0.4	0.027212
90	0.5	0.032623
90	0.6	0.037782
90	0.7	0.041323
90	0.8	0.042862
90	0.9	0.042441
90	1	0.041209
90	1.1	0.040242
90	1.2	0.038695
90	1.3	0.037076
90	1.4	0.034886
90	1.5	0.033264
90	1.6	0.031866
90	1.7	0.030337
90	1.8	0.028733
90	1.9	0.028242
90	2	0.027836
90	2.1	0.027856
90	2.2	0.026852
90	2.3	0.025163
90	2.4	0.023519
90	2.5	0.021173
90	2.6	0.018954
90	2.7	0.016725
90	2.8	0.014941
90	2.9	0.013811
90	3	0.012823
90	3.1	0.011536
90	3.2	0.0099208
90	3.3	0.0090072
90	3.4	0.0083498
90	3.5	0.008156
90	3.6	0.0079309
90	3.7	0.0076403
90	3.8	0.0071282
90	3.9	0.007583
90	4	0.0074192
100	-4	0.012188
100	-3.9	0.012445
100	-3.8	0.011716
100	-3.7	0.0095082
100	-3.6	0.0074497
100	-3.5	0.0086427
100	-3.4	0.010609
100	-3.3	0.013508
100	-3.2	0.01382
100	-3.1	0.012999
100	-3	0.011484
100	-2.9	0.013921
100	-2.8	0.016525
100	-2.7	0.024897
100	-2.6	0.029072
100	-2.5	0.033383
100	-2.4	0.034713
100	-2.3	0.034418
100	-2.2	0.033856
100	-2.1	0.033891
100	-2	0.035102
100	-1.9	0.036674
100	-1.8	0.037332
100	-1.7	0.036261
100	-1.6	0.032417
100	-1.5	0.028157
100	-1.4	0.027317
100	-1.3	0.031409
100	-1.2	0.035909
100	-1.1	0.043939
100	-1	0.050593
100	-0.9	0.05542
100	-0.8	0.056431
100	-0.7	0.053067
100	-0.6	0.046862
100	-0.5	0.03914
100	-0.4	0.031709
100	-0.3	0.024047
100	-0.2	0.017502
100	-0.1	0.014798
100	0	0.01357
100	0.1	0.015007
100	0.2	0.0193
100	0.3	0.024096
100	0.4	0.029151
100	0.5	0.034371
100	0.6	0.038514
100	0.7	0.041286
100	0.8	0.043244
100	0.9	0.043044
100	1	0.042091
100	1.1	0.040371
100	1.2	0.038574
100	1.3	0.035195
100	1.4	0.032902
100	1.5	0.030441
100	1.6	0.028331
100	1.7	0.027563
100	1.8	0.027597
100	1.9	0.027986
100	2	0.02846
100	2.1	0.028681
100	2.2	0.027107
100	2.3	0.024532
100	2.4	0.022806
100	2.5	0.021086
100	2.6	0.020065
100	2.7	0.019202
100	2.8	0.018567
100	2.9	0.017783
100	3	0.016569
100	3.1	0.013869
100	3.2	0.011868
100	3.3	0.010615
100	3.4	0.010813
100	3.5	0.011561
100	3.6	0.011437
100	3.7	0.010618
100	3.8	0.010304
100	3.9	0.0094005
100	4	0.0083168
110	-4	0.0094912
110	-3.9	0.0095911
110	-3.8	0.0086819
110	-3.7	0.0087394
110	-3.6	0.0084384
110	-3.5	0.0087727
110	-3.4	0.010208
110	-3.3	0.011506
110	-3.2	0.011709
110	-3.1	0.011791
110	-3	0.01176
110	-2.9	0.013575
110	-2.8	0.019322
110	-2.7	0.023422
110	-2.6	0.027753
110	-2.5	0.030037
110	-2.4	0.032383
110	-2.3	0.032897
110	-2.2	0.033398
110	-2.1	0.033839
110	-2	0.034786
110	-1.9	0.035932
110	-1.8	0.036125
110	-1.7	0.034664
110	-1.6	0.032216
110	-1.5	0.029802
110	-1.4	0.028958
110	-1.3	0.031626
110	-1.2	0.039014
110	-1.1	0.046659
110	-1	0.05164
110	-0.9	0.05512
110	-0.8	0.055515
110	-0.7	0.052675
110	-0.6	0.048084
110	-0.5	0.039803
110	-0.4	0.033201
110	-0.3	0.02654
110	-0.2	0.0205
110	-0.1	0.017409
110	0	0.014951
110	0.1	0.015169
110	0.2	0.019183
110	0.3	0.024155
110	0.4	0.031048
110	0.5	0.035929
110	0.6	0.041472
110	0.7	0.044839
110	0.8	0.046093
110	0.9	0.045665
110	1	0.043688
110	1.1	0.042159
110	1.2	0.040576
110	1.3	0.038142
110	1.4	0.03594
110	1.5	0.034475
110	1.6	0.032443
110	1.7	0.031304
110	1.8	0.030212
110	1.9	0.02914
110	2	0.028974
110	2.1	0.028317
110	2.2	0.027205
110	2.3	0.025077
110	2.4	0.023019
110	2.5	0.021176
110	2.6	0.01988
110	2.7	0.017622
110	2.8	0.015922
110	2.9	0.014052
110	3	0.012632
110	3.1	0.011674
110	3.2	0.010047
110	3.3	0.0095167
110	3.4	0.0094946
110	3.5	0.0093124
110	3.6	0.0086203
110	3.7	0.0079472
110	3.8	0.0075252
110	3.9	0.0075424
110	4	0.0078118
120	-4	0.011389
120	-3.9	0.010468
120	-3.8	0.0097532
120	-3.7	0.0088186
120	-3.6	0.0089297
120	-3.5	0.010325
120	-3.4	0.011665
120	-3.3	0.012861
120	-3.2	0.012842
120	-3.1	0.012142
120	-3	0.011618
120	-2.9	0.013739
120	-2.8	0.018951
120	-2.7	0.023198
120	-2.6	0.028834
120	-2.5	0.031301
120	-2.4	0.033174
120	-2.3	0.03418
120	-2.2	0.035404
120	-2.1	0.036434
120	-2	0.037293
120	-1.9	0.037306
120	-1.8	0.036842
120	-1.7	0.034389
120	-1.6	0.031197
120	-1.5	0.029153
120	-1.4	0.030386
120	-1.3	0.034645
120	-1.2	0.040944
120	-1.1	0.049762
120	-1	0.053095
120	-0.9	0.055759
120	-0.8	0.055415
120	-0.7	0.052549
120	-0.6	0.045843
120	-0.5	0.041492
120	-0.4	0.034599
120	-0.3	0.028945
120	-0.2	0.023261
120	-0.1	0.020518
120	0	0.018866
120	0.1	0.019276
120	0.2	0.021668
120	0.3	0.027755
120	0.4	0.032637
120	0.5	0.038657
120	0.6	0.043161
120	0.7	0.046061
120	0.8	0.047929
120	0.9	0.047498
120	1	0.045146
120	1.1	0.042931
120	1.2	0.040297
120	1.3	0.038015
120	1.4	0.034539
120	1.5	0.033855
120	1.6	0.033168
120	1.7	0.033055
120	1.8	0.032586
120	1.9	0.031315
120	2	0.030498
120	2.1	0.030189
120	2.2	0.029082
120	2.3	0.02658
120	2.4	0.025485
120	2.5	0.023281
120	2.6	0.021546
120	2.7	0.018366
120	2.8	0.015793
120	2.9	0.014406
120	3	0.014352
120	3.1	0.013527
120	3.2	0.012971
120	3.3	0.01158
120	3.4	0.010108
120	3.5	0.0094074
120	3.6	0.0072272
120	3.7	0.0071508
120	3.8	0.0080039
120	3.9	0.0091266
120	4	0.0092707
130	-4	0.010251
130	-3.9	0.011308
130	-3.8	0.010763
130	-3.7	0.010127
130	-3.6	0.0093764
130	-3.5	0.0088204
130	-3.4	0.0095218
130	-3.3	0.010157
130	-3.2	0.010979
130	-3.1	0.011465
130	-3	0.01281
130	-2.9	0.01519
130	-2.8	0.019339
130	-2.7	0.023372
130	-2.6	0.028144
130	-2.5	0.029583
130	-2.4	0.030392
130	-2.3	0.030442
130	-2.2	0.031449
130	-2.1	0.033386
130	-2	0.035523
130	-1.9	0.036982
130	-1.8	0.037312
130	-1.7	0.035797
130	-1.6	0.032914
130	-1.5	0.029047
130	-1.4	0.029048
130	-1.3	0.033262
130	-1.2	0.040546
130	-1.1	0.048263
130	-1	0.053262
130	-0.9	0.056295
130	-0.8	0.056043
130	-0.7	0.05334
130	-0.6	0.049296
130	-0.5	0.042579
130	-0.4	0.037091
130	-0.3	0.031169
130	-0.2	0.027193
130	-0.1	0.023529
130	0	0.021807
130	0.1	0.021941
130	0.2	0.02526
130	0.3	0.031824
130	0.4	0.037741
130	0.5	0.042275
130	0.6	0.045575
130	0.7	0.047863
130	0.8	0.049042
130	0.9	0.048669
130	1	0.047901
130	1.1	0.046184
130	1.2	0.043997
130	1.3	0.041352
130	1.4	0.03888
130	1.5	0.035381
130	1.6	0.034086
130	1.7	0.033454
130	1.8	0.033626
130	1.9	0.033193
130	2	0.032051
130	2.1	0.030853
130	2.2	0.027003
130	2.3	0.02419
130	2.4	0.021458
130	2.5	0.020305
130	2.6	0.018914
130	2.7	0.017542
130	2.8	0.015753
130	2.9	0.013831
130	3	0.012294
130	3.1	0.010331
130	3.2	0.009618
130	3.3	0.0096867
130	3.4	0.0095167
130	3.5	0.0098669
130	3.6	0.0086034
130	3.7	0.0078139
130	3.8	0.0067748
130	3.9	0.0062719
130	4	0.0065517
140	-4	0.011434
140	-3.9	0.012004
140	-3.8	0.011587
140	-3.7	0.0099257
140	-3.6	0.0084537
140	-3.5	0.0079228
140	-3.4	0.0088698
140	-3.3	0.010877
140	-3.2	0.011758
140	-3.1	0.012631
140	-3	0.013859
140	-2.9	0.016228
140	-2.8	0.020172
140	-2.7	0.023406
140	-2.6	0.026702
140	-2.5	0.028403
140	-2.4	0.029052
140	-2.3	0.029424
140	-2.2	0.03015
140	-2.1	0.031677
140	-2	0.033987
140	-1.9	0.03501
140	-1.8	0.035275
140	-1.7	0.033721
140	-1.6	0.029877
140	-1.5	0.027822
140	-1.4	0.028193
140	-1.3	0.033043
140	-1.2	0.038662
140	-1.1	0.04762
140	-1	0.054827
140	-0.9	0.058762
140	-0.8	0.059157
140	-0.7	0.056302
140	-0.6	0.05035
140	-0.5	0.045564
140	-0.4	0.035471
140	-0.3	0.029581
140	-0.2	0.02535
140	-0.1	0.022789
140	0	0.022308
140	0.1	0.024619
140	0.2	0.027638
140	0.3	0.032526
140	0.4	0.040605
140	0.5	0.046472
140	0.6	0.04977
140	0.7	0.052155
140	0.8	0.052594
140	0.9	0.051082
140	1	0.048314
140	1.1	0.04612
140	1.2	0.04351
140	1.3	0.041248
140	1.4	0.039732
140	1.5	0.038451
140	1.6	0.037255
140	1.7	0.035988
140	1.8	0.03452
140	1.9	0.033141
140	2	0.031666
140	2.1	0.030023
140	2.2	0.028966
140	2.3	0.026492
140	2.4	0.025232
140	2.5	0.022881
140	2.6	0.020789
140	2.7	0.019017
140	2.8	0.017731
140	2.9	0.015967
140	3	0.014769
140	3.1	0.012671
140	3.2	0.010568
140	3.3	0.0097747
140	3.4	0.0091761
140	3.5	0.009715
140	3.6	0.0093298
140	3.7	0.008955
140	3.8	0.0084038
140	3.9	0.0068954
140	4	0.0066179
150	-4	0.011213
150	-3.9	0.010836
150	-3.8	0.010058
150	-3.7	0.0072116
150	-3.6	0.0067004
150	-3.5	0.0085393
150	-3.4	0.010645
150	-3.3	0.011678
150	-3.2	0.011533
150	-3.1	0.010491
150	-3	0.011603
150	-2.9	0.014691
150	-2.8	0.019395
150	-2.7	0.024289
150	-2.6	0.028673
150	-2.5	0.030365
150	-2.4	0.029457
150	-2.3	0.028551
150	-2.2	0.027728
150	-2.1	0.02888
150	-2	0.031979
150	-1.9	0.03438
150	-1.8	0.035261
150	-1.7	0.033441
150	-1.6	0.030626
150	-1.5	0.027045
150	-1.4	0.027416
150	-1.3	0.033552
150	-1.2	0.03993
150	-1.1	0.047471
150	-1	0.054601
150	-0.9	0.058206
150	-0.8	0.058976
150	-0.7	0.056711
150	-0.6	0.051366
150	-0.5	0.044439
150	-0.4	0.035691
150	-0.3	0.029669
150	-0.2	0.025087
150	-0.1	0.021708
150	0	0.022415
150	0.1	0.025747
150	0.2	0.031057
150	0.3	0.037029
150	0.4	0.044319
150	0.5	0.049273
150	0.6	0.050864
150	0.7	0.053555
150	0.8	0.054212
150	0.9	0.053278
150	1	0.051398
150	1.1	0.049376
150	1.2	0.046811
150	1.3	0.0445
150	1.4	0.041139
150	1.5	0.038925
150	1.6	0.03696
150	1.7	0.035731
150	1.8	0.034815
150	1.9	0.033584
150	2	0.032438
150	2.1	0.030198
150	2.2	0.028459
150	2.3	0.026043
150	2.4	0.0237
150	2.5	0.021591
150	2.6	0.020223
150	2.7	0.018516
150	2.8	0.016457
150	2.9	0.015471
150	3	0.013249
150	3.1	0.010983
150	3.2	0.0096147
150	3.3	0.0097499
150	3.4	0.010449
150	3.5	0.010474
150	3.6	0.010537
150	3.7	0.0096834
150	3.8	0.0081003
150	3.9	0.0072228
150	4	0.0073161
160	-4	0.0088278
160	-3.9	0.0086034
160	-3.8	0.0071666
160	-3.7	0.006369
160	-3.6	0.006364
160	-3.5	0.0087763
160	-3.4	0.0097978
160	-3.3	0.010738
160	-3.2	0.011031
160	-3.1	0.010537
160	-3	0.011697
160	-2.9	0.014059
160	-2.8	0.018607
160	-2.7	0.022292
160	-2.6	0.02589
160	-2.5	0.027362
160	-2.4	0.02808
160	-2.3	0.028367
160	-2.2	0.029533
160	-2.1	0.03149
160	-2	0.033871
160	-1.9	0.034422
160	-1.8	0.033198
160	-1.7	0.030331
160	-1.6	0.026058
160	-1.5	0.026452
160	-1.4	0.030749
160	-1.3	0.038173
160	-1.2	0.04564
160	-1.1	0.052038
160	-1	0.055808
160	-0.9	0.056892
160	-0.8	0.056351
160	-0.7	0.051641
160	-0.6	0.046177
160	-0.5	0.040378
160	-0.4	0.034535
160	-0.3	0.0288
160	-0.2	0.026485
160	-0.1	0.025108
160	0	0.025987
160	0.1	0.028103
160	0.2	0.032411
160	0.3	0.037454
160	0.4	0.041402
160	0.5	0.045702
160	0.6	0.049022
160	0.7	0.051674
160	0.8	0.052349
160	0.9	0.051769
160	1	0.050205
160	1.1	0.048562
160	1.2	0.045949
160	1.3	0.043801
160	1.4	0.040297
160	1.5	0.038851
160	1.6	0.038344
160	1.7	0.038282
160	1.8	0.038203
160	1.9	0.037861
160	2	0.037404
160	2.1	0.034444
160	2.2	0.032123
160	2.3	0.029194
160	2.4	0.02696
160	2.5	0.025371
160	2.6	0.023426
160	2.7	0.021608
160	2.8	0.019438
160	2.9	0.017596
160	3	0.015463
160	3.1	0.014324
160	3.2	0.013934
160	3.3	0.013299
160	3.4	0.013418
160	3.5	0.011615
160	3.6	0.0096466
160	3.7	0.0090947
160	3.8	0.0093661
160	3.9	0.0097978
160	4	0.010378
170	-4	0.0083498
170	-3.9	0.0071418
170	-3.8	0.0062976
170	-3.7	0.0062873
170	-3.6	0.0076106
170	-3.5	0.010891
170	-3.4	0.011823
170	-3.3	0.012224
170	-3.2	0.011373
170	-3.1	0.010508
170	-3	0.011165
170	-2.9	0.015731
170	-2.8	0.020092
170	-2.7	0.025637
170	-2.6	0.028723
170	-2.5	0.030158
170	-2.4	0.029839
170	-2.3	0.028244
170	-2.2	0.028175
170	-2.1	0.029915
170	-2	0.03161
170	-1.9	0.033459
170	-1.8	0.033158
170	-1.7	0.03025
170	-1.6	0.026971
170	-1.5	0.026183
170	-1.4	0.029
170	-1.3	0.034588
170	-1.2	0.041877
170	-1.1	0.049896
170	-1	0.054403
170	-0.9	0.055743
170	-0.8	0.055613
170	-0.7	0.051531
170	-0.6	0.044603
170	-0.5	0.038329
170	-0.4	0.03374
170	-0.3	0.027655
170	-0.2	0.023762
170	-0.1	0.022476
170	0	0.024241
170	0.1	0.026983
170	0.2	0.032066
170	0.3	0.037983
170	0.4	0.045534
170	0.5	0.050164
170	0.6	0.053366
170	0.7	0.055636
170	0.8	0.056457
170	0.9	0.054644
170	1	0.052267
170	1.1	0.049946
170	1.2	0.047195
170	1.3	0.044001
170	1.4	0.041722
170	1.5	0.040048
170	1.6	0.039178
170	1.7	0.037741
170	1.8	0.036525
170	1.9	0.035306
170	2	0.034342
170	2.1	0.032302
170	2.2	0.029558
170	2.3	0.026803
170	2.4	0.024663
170	2.5	0.021557
170	2.6	0.020089
170	2.7	0.017887
170	2.8	0.016045
170	2.9	0.015104
170	3	0.01425
170	3.1	0.013785
170	3.2	0.012304
170	3.3	0.011464
170	3.4	0.010474
170	3.5	0.009385
170	3.6	0.0082798
170	3.7	0.0085298
170	3.8	0.0089586
170	3.9	0.0097133
170	4	0.0092059
180	-4	0.0094245
180	-3.9	0.0084842
180	-3.8	0.0069769
180	-3.7	0.0060489
180	-3.6	0.0069398
180	-3.5	0.0093436
180	-3.4	0.010976
180	-3.3	0.0121
180	-3.2	0.012361
180	-3.1	0.012838
180	-3	0.014703
180	-2.9	0.018399
180	-2.8	0.021291
180	-2.7	0.02486
180	-2.6	0.027398
180	-2.5	0.028597
180	-2.4	0.028539
180	-2.3	0.027962
180	-2.2	0.029101
180	-2.1	0.02954
180	-2	0.030889
180	-1.9	0.030787
180	-1.8	0.029345
180	-1.7	0.026462
180	-1.6	0.024531
180	-1.5	0.024322
180	-1.4	0.029447
180	-1.3	0.033811
180	-1.2	0.041767
180	-1.1	0.048127
180	-1	0.052946
180	-0.9	0.05394
180	-0.8	0.052661
180	-0.7	0.048865
180	-0.6	0.043631
180	-0.5	0.035604
180	-0.4	0.031044
180	-0.3	0.0263
180	-0.2	0.02322
180	-0.1	0.023202
180	0	0.024512
180	0.1	0.028104
180	0.2	0.031587
180	0.3	0.038423
180	0.4	0.045035
180	0.5	0.048888
180	0.6	0.052208
180	0.7	0.054537
180	0.8	0.054803
180	0.9	0.053599
180	1	0.050913
180	1.1	0.048628
180	1.2	0.046509
180	1.3	0.042999
180	1.4	0.039107
180	1.5	0.037624
180	1.6	0.037126
180	1.7	0.036513
180	1.8	0.035046
180	1.9	0.034031
180	2	0.032969
180	2.1	0.029869
180	2.2	0.027617
180	2.3	0.025058
180	2.4	0.022544
180	2.5	0.021511
180	2.6	0.020009
180	2.7	0.018624
180	2.8	0.017127
180	2.9	0.015259
180	3	0.013933
180	3.1	0.012755
180	3.2	0.011487
180	3.3	0.01071
180	3.4	0.010814
180	3.5	0.010821
180	3.6	0.0098176
180	3.7	0.0091761
180	3.8	0.0093522
180	3.9	0.0092532
180	4	0.0091089
 
Uniformity Ratio =0.80146
