10-Jan-2018
10:54
TXR  008073 RM428 R24
33511B Function Generator
SN =Agilent Technologies,33511B,MY52301476,3.05-1.19-2.00-52-00
freq =+9.320000000000000E+06
burstmode =TRIG
burstN =+6.000000000000000E+01
voltage =+1.5000000000000E-01
 
DSO-X 2022A Oscilloscope
SN =AGILENT TECHNOLOGIES,DSO-X 2022A,MY54310921,02.41.2015102200
probe =+1.0000000E+00
scale =+500.0E-09
position =+19.900000E-06
range =+1.60E+00
units =VOLT
points =+2000
pointmode =NORM
format =BYTE
acqtype =NORM
trigsource =EXT
coupling =AC
 
-180	-4	0.0070667
-180	-3.9	0.0065787
-180	-3.8	0.0071734
-180	-3.7	0.0076
-180	-3.6	0.0077077
-180	-3.5	0.0072807
-180	-3.4	0.0067173
-180	-3.3	0.0056995
-180	-3.2	0.0052447
-180	-3.1	0.0057475
-180	-3	0.0089892
-180	-2.9	0.010519
-180	-2.8	0.012872
-180	-2.7	0.013207
-180	-2.6	0.01326
-180	-2.5	0.013565
-180	-2.4	0.014968
-180	-2.3	0.017659
-180	-2.2	0.020952
-180	-2.1	0.024432
-180	-2	0.026477
-180	-1.9	0.026753
-180	-1.8	0.02615
-180	-1.7	0.024973
-180	-1.6	0.024493
-180	-1.5	0.024969
-180	-1.4	0.02492
-180	-1.3	0.02523
-180	-1.2	0.024736
-180	-1.1	0.023161
-180	-1	0.0234
-180	-0.9	0.026351
-180	-0.8	0.033671
-180	-0.7	0.038328
-180	-0.6	0.046509
-180	-0.5	0.049468
-180	-0.4	0.048603
-180	-0.3	0.044067
-180	-0.2	0.038023
-180	-0.1	0.032764
-180	0	0.024858
-180	0.1	0.017281
-180	0.2	0.014112
-180	0.3	0.012674
-180	0.4	0.013353
-180	0.5	0.015959
-180	0.6	0.02234
-180	0.7	0.027459
-180	0.8	0.035267
-180	0.9	0.041833
-180	1	0.047385
-180	1.1	0.052227
-180	1.2	0.053319
-180	1.3	0.054729
-180	1.4	0.054152
-180	1.5	0.05098
-180	1.6	0.04645
-180	1.7	0.043326
-180	1.8	0.039955
-180	1.9	0.037383
-180	2	0.036904
-180	2.1	0.037148
-180	2.2	0.039129
-180	2.3	0.039312
-180	2.4	0.038374
-180	2.5	0.035304
-180	2.6	0.032648
-180	2.7	0.02951
-180	2.8	0.027908
-180	2.9	0.02387
-180	3	0.021237
-180	3.1	0.019864
-180	3.2	0.017812
-180	3.3	0.015429
-180	3.4	0.012714
-180	3.5	0.012205
-180	3.6	0.012628
-180	3.7	0.012873
-180	3.8	0.012275
-180	3.9	0.011512
-180	4	0.011349
-170	-4	0.0069164
-170	-3.9	0.0067004
-170	-3.8	0.0056938
-170	-3.7	0.0053514
-170	-3.6	0.0056596
-170	-3.5	0.0066155
-170	-3.4	0.007762
-170	-3.3	0.0082348
-170	-3.2	0.0084115
-170	-3.1	0.0080221
-170	-3	0.0082623
-170	-2.9	0.0096231
-170	-2.8	0.011847
-170	-2.7	0.01339
-170	-2.6	0.015085
-170	-2.5	0.016636
-170	-2.4	0.019992
-170	-2.3	0.022694
-170	-2.2	0.025035
-170	-2.1	0.026256
-170	-2	0.027045
-170	-1.9	0.027332
-170	-1.8	0.026756
-170	-1.7	0.026173
-170	-1.6	0.025986
-170	-1.5	0.025477
-170	-1.4	0.025102
-170	-1.3	0.025107
-170	-1.2	0.025705
-170	-1.1	0.026336
-170	-1	0.0298
-170	-0.9	0.034196
-170	-0.8	0.039469
-170	-0.7	0.044999
-170	-0.6	0.049832
-170	-0.5	0.050453
-170	-0.4	0.048951
-170	-0.3	0.046487
-170	-0.2	0.041414
-170	-0.1	0.033544
-170	0	0.026838
-170	0.1	0.019211
-170	0.2	0.016084
-170	0.3	0.013875
-170	0.4	0.01504
-170	0.5	0.018446
-170	0.6	0.023453
-170	0.7	0.027747
-170	0.8	0.035715
-170	0.9	0.040163
-170	1	0.048005
-170	1.1	0.05201
-170	1.2	0.055508
-170	1.3	0.057666
-170	1.4	0.056827
-170	1.5	0.05371
-170	1.6	0.04915
-170	1.7	0.043126
-170	1.8	0.039743
-170	1.9	0.037259
-170	2	0.037679
-170	2.1	0.038884
-170	2.2	0.040442
-170	2.3	0.039924
-170	2.4	0.036804
-170	2.5	0.031815
-170	2.6	0.029125
-170	2.7	0.025927
-170	2.8	0.024566
-170	2.9	0.023574
-170	3	0.022962
-170	3.1	0.021397
-170	3.2	0.018927
-170	3.3	0.015189
-170	3.4	0.012036
-170	3.5	0.011109
-170	3.6	0.011909
-170	3.7	0.012937
-170	3.8	0.012729
-170	3.9	0.012072
-170	4	0.011046
-160	-4	0.0063944
-160	-3.9	0.0072851
-160	-3.8	0.0084
-160	-3.7	0.0091213
-160	-3.6	0.0085978
-160	-3.5	0.0079105
-160	-3.4	0.0084956
-160	-3.3	0.009685
-160	-3.2	0.010512
-160	-3.1	0.010894
-160	-3	0.010877
-160	-2.9	0.010508
-160	-2.8	0.01032
-160	-2.7	0.010871
-160	-2.6	0.013162
-160	-2.5	0.015914
-160	-2.4	0.019423
-160	-2.3	0.023274
-160	-2.2	0.02601
-160	-2.1	0.02685
-160	-2	0.026773
-160	-1.9	0.02535
-160	-1.8	0.024324
-160	-1.7	0.024305
-160	-1.6	0.025325
-160	-1.5	0.026065
-160	-1.4	0.025214
-160	-1.3	0.023667
-160	-1.2	0.022475
-160	-1.1	0.022745
-160	-1	0.028825
-160	-0.9	0.034383
-160	-0.8	0.04104
-160	-0.7	0.049064
-160	-0.6	0.053963
-160	-0.5	0.055006
-160	-0.4	0.052453
-160	-0.3	0.047577
-160	-0.2	0.043578
-160	-0.1	0.032019
-160	0	0.026105
-160	0.1	0.020688
-160	0.2	0.015526
-160	0.3	0.013975
-160	0.4	0.015976
-160	0.5	0.019788
-160	0.6	0.02577
-160	0.7	0.030903
-160	0.8	0.03798
-160	0.9	0.045696
-160	1	0.051431
-160	1.1	0.052542
-160	1.2	0.055016
-160	1.3	0.055327
-160	1.4	0.053536
-160	1.5	0.048972
-160	1.6	0.045522
-160	1.7	0.041547
-160	1.8	0.037857
-160	1.9	0.036443
-160	2	0.035191
-160	2.1	0.035323
-160	2.2	0.035623
-160	2.3	0.034789
-160	2.4	0.03347
-160	2.5	0.030214
-160	2.6	0.027937
-160	2.7	0.026607
-160	2.8	0.024489
-160	2.9	0.022631
-160	3	0.021053
-160	3.1	0.019433
-160	3.2	0.01696
-160	3.3	0.013711
-160	3.4	0.011379
-160	3.5	0.010677
-160	3.6	0.011245
-160	3.7	0.011526
-160	3.8	0.011482
-160	3.9	0.011263
-160	4	0.0099728
-150	-4	0.0068057
-150	-3.9	0.0059844
-150	-3.8	0.0073139
-150	-3.7	0.0081777
-150	-3.6	0.0087708
-150	-3.5	0.0080462
-150	-3.4	0.0070231
-150	-3.3	0.0067533
-150	-3.2	0.0077745
-150	-3.1	0.010389
-150	-3	0.012772
-150	-2.9	0.013964
-150	-2.8	0.014559
-150	-2.7	0.013994
-150	-2.6	0.014745
-150	-2.5	0.017497
-150	-2.4	0.022735
-150	-2.3	0.026933
-150	-2.2	0.030354
-150	-2.1	0.031429
-150	-2	0.030421
-150	-1.9	0.028427
-150	-1.8	0.025918
-150	-1.7	0.026784
-150	-1.6	0.027527
-150	-1.5	0.029012
-150	-1.4	0.029112
-150	-1.3	0.027114
-150	-1.2	0.025089
-150	-1.1	0.025017
-150	-1	0.028736
-150	-0.9	0.035964
-150	-0.8	0.043297
-150	-0.7	0.048934
-150	-0.6	0.05257
-150	-0.5	0.053801
-150	-0.4	0.050854
-150	-0.3	0.046253
-150	-0.2	0.037746
-150	-0.1	0.029195
-150	0	0.023999
-150	0.1	0.016794
-150	0.2	0.014311
-150	0.3	0.014666
-150	0.4	0.018493
-150	0.5	0.023998
-150	0.6	0.029737
-150	0.7	0.03496
-150	0.8	0.041067
-150	0.9	0.046479
-150	1	0.050368
-150	1.1	0.052595
-150	1.2	0.053968
-150	1.3	0.053787
-150	1.4	0.049773
-150	1.5	0.047694
-150	1.6	0.042743
-150	1.7	0.039091
-150	1.8	0.035736
-150	1.9	0.034849
-150	2	0.034001
-150	2.1	0.034371
-150	2.2	0.034104
-150	2.3	0.032598
-150	2.4	0.029823
-150	2.5	0.026764
-150	2.6	0.025843
-150	2.7	0.023795
-150	2.8	0.022591
-150	2.9	0.020911
-150	3	0.018857
-150	3.1	0.017523
-150	3.2	0.015129
-150	3.3	0.012188
-150	3.4	0.009963
-150	3.5	0.0095455
-150	3.6	0.010089
-150	3.7	0.010098
-150	3.8	0.010138
-150	3.9	0.010023
-150	4	0.0091778
-140	-4	0.0067317
-140	-3.9	0.0076043
-140	-3.8	0.0091531
-140	-3.7	0.0091972
-140	-3.6	0.0086894
-140	-3.5	0.0072183
-140	-3.4	0.0057475
-140	-3.3	0.0065245
-140	-3.2	0.00971
-140	-3.1	0.011973
-140	-3	0.013133
-140	-2.9	0.014023
-140	-2.8	0.014374
-140	-2.7	0.014866
-140	-2.6	0.017172
-140	-2.5	0.019512
-140	-2.4	0.022629
-140	-2.3	0.026274
-140	-2.2	0.027836
-140	-2.1	0.028048
-140	-2	0.027601
-140	-1.9	0.026902
-140	-1.8	0.027849
-140	-1.7	0.02875
-140	-1.6	0.031043
-140	-1.5	0.031243
-140	-1.4	0.030331
-140	-1.3	0.028705
-140	-1.2	0.027675
-140	-1.1	0.029762
-140	-1	0.034596
-140	-0.9	0.042414
-140	-0.8	0.048504
-140	-0.7	0.05379
-140	-0.6	0.055713
-140	-0.5	0.054066
-140	-0.4	0.049979
-140	-0.3	0.043417
-140	-0.2	0.036651
-140	-0.1	0.02818
-140	0	0.021049
-140	0.1	0.017242
-140	0.2	0.015135
-140	0.3	0.016045
-140	0.4	0.019306
-140	0.5	0.023125
-140	0.6	0.031234
-140	0.7	0.036176
-140	0.8	0.042095
-140	0.9	0.046807
-140	1	0.049086
-140	1.1	0.050028
-140	1.2	0.050306
-140	1.3	0.049505
-140	1.4	0.046289
-140	1.5	0.04293
-140	1.6	0.040222
-140	1.7	0.036309
-140	1.8	0.0337
-140	1.9	0.032391
-140	2	0.031876
-140	2.1	0.032626
-140	2.2	0.032896
-140	2.3	0.032153
-140	2.4	0.030015
-140	2.5	0.026898
-140	2.6	0.024538
-140	2.7	0.020406
-140	2.8	0.018123
-140	2.9	0.016666
-140	3	0.015845
-140	3.1	0.015053
-140	3.2	0.013523
-140	3.3	0.012106
-140	3.4	0.010189
-140	3.5	0.0099711
-140	3.6	0.0088934
-140	3.7	0.008639
-140	3.8	0.0085601
-140	3.9	0.0091496
-140	4	0.0098947
-130	-4	0.0056881
-130	-3.9	0.0072829
-130	-3.8	0.0089712
-130	-3.7	0.009532
-130	-3.6	0.0091337
-130	-3.5	0.0067605
-130	-3.4	0.006559
-130	-3.3	0.0066642
-130	-3.2	0.010165
-130	-3.1	0.011496
-130	-3	0.012823
-130	-2.9	0.012469
-130	-2.8	0.011993
-130	-2.7	0.013327
-130	-2.6	0.015248
-130	-2.5	0.020109
-130	-2.4	0.025
-130	-2.3	0.029002
-130	-2.2	0.030043
-130	-2.1	0.029915
-130	-2	0.029538
-130	-1.9	0.028586
-130	-1.8	0.0291
-130	-1.7	0.030869
-130	-1.6	0.032064
-130	-1.5	0.031475
-130	-1.4	0.030126
-130	-1.3	0.028543
-130	-1.2	0.029405
-130	-1.1	0.033709
-130	-1	0.041334
-130	-0.9	0.045481
-130	-0.8	0.053099
-130	-0.7	0.058084
-130	-0.6	0.058328
-130	-0.5	0.054625
-130	-0.4	0.049652
-130	-0.3	0.041366
-130	-0.2	0.035428
-130	-0.1	0.023086
-130	0	0.019306
-130	0.1	0.01454
-130	0.2	0.013882
-130	0.3	0.014492
-130	0.4	0.020137
-130	0.5	0.025629
-130	0.6	0.033262
-130	0.7	0.040195
-130	0.8	0.044486
-130	0.9	0.048125
-130	1	0.04972
-130	1.1	0.049503
-130	1.2	0.04883
-130	1.3	0.046968
-130	1.4	0.044848
-130	1.5	0.040121
-130	1.6	0.038362
-130	1.7	0.036768
-130	1.8	0.035147
-130	1.9	0.033647
-130	2	0.033086
-130	2.1	0.033287
-130	2.2	0.033056
-130	2.3	0.031158
-130	2.4	0.029772
-130	2.5	0.02739
-130	2.6	0.024908
-130	2.7	0.022606
-130	2.8	0.020228
-130	2.9	0.01779
-130	3	0.016781
-130	3.1	0.015628
-130	3.2	0.014519
-130	3.3	0.013454
-130	3.4	0.011707
-130	3.5	0.011235
-130	3.6	0.010392
-130	3.7	0.0085959
-130	3.8	0.0080322
-130	3.9	0.0070598
-130	4	0.0076361
-120	-4	0.0071236
-120	-3.9	0.0084518
-120	-3.8	0.0098865
-120	-3.7	0.010114
-120	-3.6	0.009302
-120	-3.5	0.0076783
-120	-3.4	0.0074192
-120	-3.3	0.0088588
-120	-3.2	0.010951
-120	-3.1	0.012774
-120	-3	0.013633
-120	-2.9	0.014414
-120	-2.8	0.014735
-120	-2.7	0.016191
-120	-2.6	0.019154
-120	-2.5	0.023366
-120	-2.4	0.026685
-120	-2.3	0.029733
-120	-2.2	0.030791
-120	-2.1	0.031039
-120	-2	0.031387
-120	-1.9	0.032687
-120	-1.8	0.03384
-120	-1.7	0.035508
-120	-1.6	0.035423
-120	-1.5	0.033257
-120	-1.4	0.031139
-120	-1.3	0.029996
-120	-1.2	0.032937
-120	-1.1	0.037334
-120	-1	0.04735
-120	-0.9	0.054043
-120	-0.8	0.060269
-120	-0.7	0.062766
-120	-0.6	0.062102
-120	-0.5	0.057884
-120	-0.4	0.046968
-120	-0.3	0.03927
-120	-0.2	0.030225
-120	-0.1	0.021948
-120	0	0.017629
-120	0.1	0.015485
-120	0.2	0.015627
-120	0.3	0.018742
-120	0.4	0.021192
-120	0.5	0.029897
-120	0.6	0.034514
-120	0.7	0.03987
-120	0.8	0.046652
-120	0.9	0.050331
-120	1	0.051368
-120	1.1	0.050861
-120	1.2	0.04944
-120	1.3	0.04709
-120	1.4	0.043256
-120	1.5	0.038706
-120	1.6	0.036695
-120	1.7	0.035952
-120	1.8	0.035292
-120	1.9	0.033906
-120	2	0.033028
-120	2.1	0.032751
-120	2.2	0.031191
-120	2.3	0.029296
-120	2.4	0.027745
-120	2.5	0.025835
-120	2.6	0.024859
-120	2.7	0.023093
-120	2.8	0.021281
-120	2.9	0.019188
-120	3	0.01678
-120	3.1	0.014976
-120	3.2	0.013421
-120	3.3	0.012391
-120	3.4	0.011579
-120	3.5	0.011675
-120	3.6	0.011448
-120	3.7	0.0098832
-120	3.8	0.0088094
-120	3.9	0.0078716
-120	4	0.0082152
-110	-4	0.0092689
-110	-3.9	0.01058
-110	-3.8	0.010793
-110	-3.7	0.0097896
-110	-3.6	0.0079553
-110	-3.5	0.0075252
-110	-3.4	0.007404
-110	-3.3	0.010084
-110	-3.2	0.011951
-110	-3.1	0.013299
-110	-3	0.013349
-110	-2.9	0.01356
-110	-2.8	0.014596
-110	-2.7	0.016719
-110	-2.6	0.020057
-110	-2.5	0.024425
-110	-2.4	0.02764
-110	-2.3	0.029335
-110	-2.2	0.029774
-110	-2.1	0.030175
-110	-2	0.030562
-110	-1.9	0.031763
-110	-1.8	0.03527
-110	-1.7	0.036756
-110	-1.6	0.036392
-110	-1.5	0.034254
-110	-1.4	0.032349
-110	-1.3	0.032729
-110	-1.2	0.03653
-110	-1.1	0.042844
-110	-1	0.051046
-110	-0.9	0.058205
-110	-0.8	0.06017
-110	-0.7	0.060533
-110	-0.6	0.056964
-110	-0.5	0.051243
-110	-0.4	0.043972
-110	-0.3	0.031119
-110	-0.2	0.027745
-110	-0.1	0.020499
-110	0	0.015993
-110	0.1	0.015061
-110	0.2	0.01546
-110	0.3	0.018411
-110	0.4	0.02366
-110	0.5	0.029152
-110	0.6	0.035827
-110	0.7	0.040866
-110	0.8	0.044673
-110	0.9	0.04762
-110	1	0.047954
-110	1.1	0.046904
-110	1.2	0.044434
-110	1.3	0.043036
-110	1.4	0.0402
-110	1.5	0.037468
-110	1.6	0.034214
-110	1.7	0.033146
-110	1.8	0.032484
-110	1.9	0.031763
-110	2	0.031206
-110	2.1	0.030233
-110	2.2	0.02874
-110	2.3	0.027533
-110	2.4	0.024284
-110	2.5	0.022301
-110	2.6	0.021665
-110	2.7	0.020753
-110	2.8	0.01925
-110	2.9	0.01741
-110	3	0.014941
-110	3.1	0.01353
-110	3.2	0.011206
-110	3.3	0.01007
-110	3.4	0.010062
-110	3.5	0.011055
-110	3.6	0.011501
-110	3.7	0.0107
-110	3.8	0.00967
-110	3.9	0.008545
-110	4	0.0080322
-100	-4	0.011554
-100	-3.9	0.012341
-100	-3.8	0.011259
-100	-3.7	0.0089424
-100	-3.6	0.0068365
-100	-3.5	0.0076614
-100	-3.4	0.010304
-100	-3.3	0.013066
-100	-3.2	0.014239
-100	-3.1	0.013423
-100	-3	0.011711
-100	-2.9	0.011279
-100	-2.8	0.015206
-100	-2.7	0.020513
-100	-2.6	0.027173
-100	-2.5	0.031014
-100	-2.4	0.032454
-100	-2.3	0.030919
-100	-2.2	0.029525
-100	-2.1	0.029257
-100	-2	0.030025
-100	-1.9	0.036691
-100	-1.8	0.039091
-100	-1.7	0.041297
-100	-1.6	0.039414
-100	-1.5	0.03579
-100	-1.4	0.032352
-100	-1.3	0.032739
-100	-1.2	0.036796
-100	-1.1	0.048441
-100	-1	0.054598
-100	-0.9	0.063047
-100	-0.8	0.066573
-100	-0.7	0.065554
-100	-0.6	0.060048
-100	-0.5	0.053269
-100	-0.4	0.041978
-100	-0.3	0.032008
-100	-0.2	0.022661
-100	-0.1	0.017309
-100	0	0.01574
-100	0.1	0.016342
-100	0.2	0.017657
-100	0.3	0.021747
-100	0.4	0.028551
-100	0.5	0.033967
-100	0.6	0.038545
-100	0.7	0.044413
-100	0.8	0.047645
-100	0.9	0.048652
-100	1	0.048489
-100	1.1	0.047162
-100	1.2	0.045761
-100	1.3	0.043494
-100	1.4	0.042031
-100	1.5	0.039546
-100	1.6	0.037791
-100	1.7	0.035018
-100	1.8	0.032244
-100	1.9	0.030415
-100	2	0.029789
-100	2.1	0.029225
-100	2.2	0.029378
-100	2.3	0.029204
-100	2.4	0.027981
-100	2.5	0.025855
-100	2.6	0.02374
-100	2.7	0.021519
-100	2.8	0.020265
-100	2.9	0.01863
-100	3	0.017052
-100	3.1	0.015328
-100	3.2	0.013084
-100	3.3	0.011612
-100	3.4	0.0095759
-100	3.5	0.0093695
-100	3.6	0.0098979
-100	3.7	0.01058
-100	3.8	0.0098587
-100	3.9	0.0090626
-100	4	0.0080583
-90	-4	0.0093867
-90	-3.9	0.0098701
-90	-3.8	0.010378
-90	-3.7	0.010647
-90	-3.6	0.010393
-90	-3.5	0.010765
-90	-3.4	0.010807
-90	-3.3	0.01158
-90	-3.2	0.011992
-90	-3.1	0.012194
-90	-3	0.012882
-90	-2.9	0.014557
-90	-2.8	0.017152
-90	-2.7	0.020422
-90	-2.6	0.024508
-90	-2.5	0.028375
-90	-2.4	0.031391
-90	-2.3	0.033246
-90	-2.2	0.03406
-90	-2.1	0.034682
-90	-2	0.035475
-90	-1.9	0.037555
-90	-1.8	0.038788
-90	-1.7	0.039055
-90	-1.6	0.037926
-90	-1.5	0.035366
-90	-1.4	0.033902
-90	-1.3	0.036002
-90	-1.2	0.042162
-90	-1.1	0.050373
-90	-1	0.054279
-90	-0.9	0.059086
-90	-0.8	0.060477
-90	-0.7	0.057935
-90	-0.6	0.054241
-90	-0.5	0.045498
-90	-0.4	0.038639
-90	-0.3	0.030978
-90	-0.2	0.02363
-90	-0.1	0.019383
-90	0	0.017025
-90	0.1	0.0168
-90	0.2	0.018312
-90	0.3	0.02345
-90	0.4	0.027103
-90	0.5	0.035197
-90	0.6	0.038076
-90	0.7	0.043585
-90	0.8	0.049278
-90	0.9	0.049981
-90	1	0.050363
-90	1.1	0.04916
-90	1.2	0.045751
-90	1.3	0.043654
-90	1.4	0.038564
-90	1.5	0.036829
-90	1.6	0.034744
-90	1.7	0.034368
-90	1.8	0.034357
-90	1.9	0.033676
-90	2	0.033142
-90	2.1	0.030627
-90	2.2	0.028598
-90	2.3	0.026493
-90	2.4	0.023582
-90	2.5	0.021754
-90	2.6	0.020922
-90	2.7	0.020269
-90	2.8	0.018233
-90	2.9	0.015622
-90	3	0.014752
-90	3.1	0.012541
-90	3.2	0.011275
-90	3.3	0.010664
-90	3.4	0.010254
-90	3.5	0.010578
-90	3.6	0.010452
-90	3.7	0.010471
-90	3.8	0.0096164
-90	3.9	0.0095184
-90	4	0.0084785
-80	-4	0.010682
-80	-3.9	0.011689
-80	-3.8	0.011862
-80	-3.7	0.011334
-80	-3.6	0.010221
-80	-3.5	0.010519
-80	-3.4	0.011308
-80	-3.3	0.012808
-80	-3.2	0.013791
-80	-3.1	0.014325
-80	-3	0.014127
-80	-2.9	0.01493
-80	-2.8	0.018353
-80	-2.7	0.021926
-80	-2.6	0.026619
-80	-2.5	0.030756
-80	-2.4	0.033975
-80	-2.3	0.035665
-80	-2.2	0.037005
-80	-2.1	0.038441
-80	-2	0.040567
-80	-1.9	0.043041
-80	-1.8	0.044454
-80	-1.7	0.043328
-80	-1.6	0.042114
-80	-1.5	0.038586
-80	-1.4	0.037862
-80	-1.3	0.040023
-80	-1.2	0.046009
-80	-1.1	0.054351
-80	-1	0.059719
-80	-0.9	0.062668
-80	-0.8	0.062884
-80	-0.7	0.059348
-80	-0.6	0.053725
-80	-0.5	0.044841
-80	-0.4	0.036255
-80	-0.3	0.026785
-80	-0.2	0.023804
-80	-0.1	0.019528
-80	0	0.018427
-80	0.1	0.018894
-80	0.2	0.022545
-80	0.3	0.026686
-80	0.4	0.033324
-80	0.5	0.039756
-80	0.6	0.044338
-80	0.7	0.048355
-80	0.8	0.051079
-80	0.9	0.051911
-80	1	0.051001
-80	1.1	0.049695
-80	1.2	0.046759
-80	1.3	0.044339
-80	1.4	0.040255
-80	1.5	0.039102
-80	1.6	0.036186
-80	1.7	0.033953
-80	1.8	0.032449
-80	1.9	0.031168
-80	2	0.030159
-80	2.1	0.029719
-80	2.2	0.027228
-80	2.3	0.025747
-80	2.4	0.024155
-80	2.5	0.021737
-80	2.6	0.020023
-80	2.7	0.018668
-80	2.8	0.016287
-80	2.9	0.015665
-80	3	0.014284
-80	3.1	0.013209
-80	3.2	0.011565
-80	3.3	0.010194
-80	3.4	0.0099647
-80	3.5	0.0096164
-80	3.6	0.009068
-80	3.7	0.0085412
-80	3.8	0.0076064
-80	3.9	0.0078098
-80	4	0.0082466
-70	-4	0.01092
-70	-3.9	0.011326
-70	-3.8	0.011605
-70	-3.7	0.010082
-70	-3.6	0.0090947
-70	-3.5	0.0090555
-70	-3.4	0.010153
-70	-3.3	0.012545
-70	-3.2	0.014618
-70	-3.1	0.016079
-70	-3	0.016993
-70	-2.9	0.017457
-70	-2.8	0.018533
-70	-2.7	0.020766
-70	-2.6	0.025142
-70	-2.5	0.032023
-70	-2.4	0.034462
-70	-2.3	0.037871
-70	-2.2	0.038601
-70	-2.1	0.039392
-70	-2	0.040564
-70	-1.9	0.041147
-70	-1.8	0.041872
-70	-1.7	0.040796
-70	-1.6	0.039005
-70	-1.5	0.038142
-70	-1.4	0.038803
-70	-1.3	0.041866
-70	-1.2	0.047739
-70	-1.1	0.052698
-70	-1	0.056657
-70	-0.9	0.059854
-70	-0.8	0.060067
-70	-0.7	0.055506
-70	-0.6	0.050075
-70	-0.5	0.040839
-70	-0.4	0.035687
-70	-0.3	0.028808
-70	-0.2	0.022413
-70	-0.1	0.018887
-70	0	0.017346
-70	0.1	0.017302
-70	0.2	0.021417
-70	0.3	0.024192
-70	0.4	0.032168
-70	0.5	0.039642
-70	0.6	0.044554
-70	0.7	0.049175
-70	0.8	0.05189
-70	0.9	0.053071
-70	1	0.052185
-70	1.1	0.050674
-70	1.2	0.048322
-70	1.3	0.044613
-70	1.4	0.041755
-70	1.5	0.038258
-70	1.6	0.035458
-70	1.7	0.032716
-70	1.8	0.031378
-70	1.9	0.029604
-70	2	0.028671
-70	2.1	0.027977
-70	2.2	0.027638
-70	2.3	0.026045
-70	2.4	0.023116
-70	2.5	0.020812
-70	2.6	0.018296
-70	2.7	0.015889
-70	2.8	0.014338
-70	2.9	0.013342
-70	3	0.012982
-70	3.1	0.012664
-70	3.2	0.012171
-70	3.3	0.010121
-70	3.4	0.0086259
-70	3.5	0.0071463
-70	3.6	0.0067891
-70	3.7	0.0070024
-70	3.8	0.0076128
-70	3.9	0.0080843
-70	4	0.0085203
-60	-4	0.012486
-60	-3.9	0.012559
-60	-3.8	0.011559
-60	-3.7	0.010039
-60	-3.6	0.0099419
-60	-3.5	0.010555
-60	-3.4	0.011915
-60	-3.3	0.013379
-60	-3.2	0.013498
-60	-3.1	0.013339
-60	-3	0.013293
-60	-2.9	0.015684
-60	-2.8	0.018758
-60	-2.7	0.024333
-60	-2.6	0.02721
-60	-2.5	0.030975
-60	-2.4	0.034945
-60	-2.3	0.036761
-60	-2.2	0.038281
-60	-2.1	0.039728
-60	-2	0.041087
-60	-1.9	0.041932
-60	-1.8	0.041416
-60	-1.7	0.039662
-60	-1.6	0.037068
-60	-1.5	0.035751
-60	-1.4	0.038228
-60	-1.3	0.042802
-60	-1.2	0.051416
-60	-1.1	0.056208
-60	-1	0.061365
-60	-0.9	0.063228
-60	-0.8	0.06188
-60	-0.7	0.056713
-60	-0.6	0.047673
-60	-0.5	0.040679
-60	-0.4	0.031816
-60	-0.3	0.027204
-60	-0.2	0.020733
-60	-0.1	0.018931
-60	0	0.01917
-60	0.1	0.021098
-60	0.2	0.024568
-60	0.3	0.029368
-60	0.4	0.0356
-60	0.5	0.042469
-60	0.6	0.047069
-60	0.7	0.050308
-60	0.8	0.052198
-60	0.9	0.053052
-60	1	0.051716
-60	1.1	0.049492
-60	1.2	0.047158
-60	1.3	0.044718
-60	1.4	0.040602
-60	1.5	0.037498
-60	1.6	0.03265
-60	1.7	0.031765
-60	1.8	0.031226
-60	1.9	0.0302
-60	2	0.029493
-60	2.1	0.028371
-60	2.2	0.027139
-60	2.3	0.023817
-60	2.4	0.021889
-60	2.5	0.019808
-60	2.6	0.019325
-60	2.7	0.018698
-60	2.8	0.017925
-60	2.9	0.016557
-60	3	0.014136
-60	3.1	0.012587
-60	3.2	0.0099565
-60	3.3	0.009302
-60	3.4	0.0087376
-60	3.5	0.0094793
-60	3.6	0.009515
-60	3.7	0.0088862
-60	3.8	0.0076297
-60	3.9	0.0068365
-60	4	0.006801
-50	-4	0.013397
-50	-3.9	0.012414
-50	-3.8	0.011326
-50	-3.7	0.011239
-50	-3.6	0.012747
-50	-3.5	0.014745
-50	-3.4	0.015357
-50	-3.3	0.015367
-50	-3.2	0.0138
-50	-3.1	0.012418
-50	-3	0.01352
-50	-2.9	0.017197
-50	-2.8	0.023811
-50	-2.7	0.029704
-50	-2.6	0.033977
-50	-2.5	0.036188
-50	-2.4	0.036698
-50	-2.3	0.037074
-50	-2.2	0.038544
-50	-2.1	0.041397
-50	-2	0.043238
-50	-1.9	0.044863
-50	-1.8	0.04431
-50	-1.7	0.04135
-50	-1.6	0.036908
-50	-1.5	0.032263
-50	-1.4	0.032504
-50	-1.3	0.039544
-50	-1.2	0.047861
-50	-1.1	0.055541
-50	-1	0.060258
-50	-0.9	0.062046
-50	-0.8	0.060276
-50	-0.7	0.053553
-50	-0.6	0.045598
-50	-0.5	0.039279
-50	-0.4	0.031808
-50	-0.3	0.026614
-50	-0.2	0.021742
-50	-0.1	0.02023
-50	0	0.02037
-50	0.1	0.021566
-50	0.2	0.025047
-50	0.3	0.030527
-50	0.4	0.037596
-50	0.5	0.044386
-50	0.6	0.047402
-50	0.7	0.049357
-50	0.8	0.051224
-50	0.9	0.051913
-50	1	0.050679
-50	1.1	0.0485
-50	1.2	0.044489
-50	1.3	0.041416
-50	1.4	0.03704
-50	1.5	0.033098
-50	1.6	0.031456
-50	1.7	0.03055
-50	1.8	0.029699
-50	1.9	0.02889
-50	2	0.027889
-50	2.1	0.027186
-50	2.2	0.026059
-50	2.3	0.024023
-50	2.4	0.02291
-50	2.5	0.022293
-50	2.6	0.021782
-50	2.7	0.020807
-50	2.8	0.018723
-50	2.9	0.017061
-50	3	0.014451
-50	3.1	0.012059
-50	3.2	0.011232
-50	3.3	0.011271
-50	3.4	0.011349
-50	3.5	0.011523
-50	3.6	0.01116
-50	3.7	0.010227
-50	3.8	0.0091284
-50	3.9	0.009498
-50	4	0.010094
-40	-4	0.012555
-40	-3.9	0.013012
-40	-3.8	0.012017
-40	-3.7	0.0094776
-40	-3.6	0.0073294
-40	-3.5	0.009248
-40	-3.4	0.011301
-40	-3.3	0.013244
-40	-3.2	0.01382
-40	-3.1	0.013521
-40	-3	0.012539
-40	-2.9	0.014558
-40	-2.8	0.018877
-40	-2.7	0.024188
-40	-2.6	0.030213
-40	-2.5	0.032617
-40	-2.4	0.034237
-40	-2.3	0.034136
-40	-2.2	0.03436
-40	-2.1	0.036809
-40	-2	0.039548
-40	-1.9	0.042302
-40	-1.8	0.042914
-40	-1.7	0.040464
-40	-1.6	0.036278
-40	-1.5	0.03102
-40	-1.4	0.029476
-40	-1.3	0.034201
-40	-1.2	0.040877
-40	-1.1	0.051475
-40	-1	0.05692
-40	-0.9	0.060371
-40	-0.8	0.058779
-40	-0.7	0.053084
-40	-0.6	0.046761
-40	-0.5	0.037911
-40	-0.4	0.029265
-40	-0.3	0.022431
-40	-0.2	0.017624
-40	-0.1	0.017496
-40	0	0.017931
-40	0.1	0.022143
-40	0.2	0.025271
-40	0.3	0.032012
-40	0.4	0.038225
-40	0.5	0.044024
-40	0.6	0.048738
-40	0.7	0.050558
-40	0.8	0.05064
-40	0.9	0.04945
-40	1	0.045721
-40	1.1	0.041041
-40	1.2	0.038285
-40	1.3	0.035434
-40	1.4	0.030785
-40	1.5	0.028678
-40	1.6	0.025352
-40	1.7	0.02374
-40	1.8	0.021804
-40	1.9	0.020435
-40	2	0.020018
-40	2.1	0.019919
-40	2.2	0.020637
-40	2.3	0.02048
-40	2.4	0.019538
-40	2.5	0.018775
-40	2.6	0.017789
-40	2.7	0.015674
-40	2.8	0.013215
-40	2.9	0.011389
-40	3	0.0106
-40	3.1	0.01021
-40	3.2	0.01058
-40	3.3	0.01103
-40	3.4	0.010792
-40	3.5	0.010343
-40	3.6	0.0098011
-40	3.7	0.0096733
-40	3.8	0.0082034
-40	3.9	0.0078675
-40	4	0.0088771
-30	-4	0.014442
-30	-3.9	0.014795
-30	-3.8	0.01389
-30	-3.7	0.01217
-30	-3.6	0.0105
-30	-3.5	0.010939
-30	-3.4	0.01205
-30	-3.3	0.013968
-30	-3.2	0.014196
-30	-3.1	0.013431
-30	-3	0.01322
-30	-2.9	0.016431
-30	-2.8	0.019881
-30	-2.7	0.0255
-30	-2.6	0.029959
-30	-2.5	0.035792
-30	-2.4	0.038328
-30	-2.3	0.039807
-30	-2.2	0.040702
-30	-2.1	0.041922
-30	-2	0.043506
-30	-1.9	0.044548
-30	-1.8	0.043577
-30	-1.7	0.041131
-30	-1.6	0.035585
-30	-1.5	0.031574
-30	-1.4	0.030394
-30	-1.3	0.035382
-30	-1.2	0.042076
-30	-1.1	0.051052
-30	-1	0.056418
-30	-0.9	0.058682
-30	-0.8	0.0571
-30	-0.7	0.052755
-30	-0.6	0.047567
-30	-0.5	0.039527
-30	-0.4	0.032987
-30	-0.3	0.027008
-30	-0.2	0.023558
-30	-0.1	0.020688
-30	0	0.020839
-30	0.1	0.021343
-30	0.2	0.024008
-30	0.3	0.028623
-30	0.4	0.034512
-30	0.5	0.042549
-30	0.6	0.046646
-30	0.7	0.050631
-30	0.8	0.051003
-30	0.9	0.050891
-30	1	0.048695
-30	1.1	0.043711
-30	1.2	0.040245
-30	1.3	0.035219
-30	1.4	0.03161
-30	1.5	0.028948
-30	1.6	0.027512
-30	1.7	0.027621
-30	1.8	0.027539
-30	1.9	0.02599
-30	2	0.024395
-30	2.1	0.02207
-30	2.2	0.021034
-30	2.3	0.02039
-30	2.4	0.019394
-30	2.5	0.019185
-30	2.6	0.018928
-30	2.7	0.017272
-30	2.8	0.014873
-30	2.9	0.011529
-30	3	0.0097846
-30	3.1	0.0094177
-30	3.2	0.0096884
-30	3.3	0.0098061
-30	3.4	0.0091355
-30	3.5	0.0090179
-30	3.6	0.0082073
-30	3.7	0.0073448
-30	3.8	0.0071123
-30	3.9	0.0069164
-30	4	0.0071055
-20	-4	0.011365
-20	-3.9	0.012461
-20	-3.8	0.012645
-20	-3.7	0.011373
-20	-3.6	0.010336
-20	-3.5	0.0088424
-20	-3.4	0.0087892
-20	-3.3	0.0098258
-20	-3.2	0.011091
-20	-3.1	0.011074
-20	-3	0.011011
-20	-2.9	0.011657
-20	-2.8	0.014904
-20	-2.7	0.021196
-20	-2.6	0.027021
-20	-2.5	0.031879
-20	-2.4	0.035535
-20	-2.3	0.037393
-20	-2.2	0.037995
-20	-2.1	0.039305
-20	-2	0.040773
-20	-1.9	0.041666
-20	-1.8	0.041
-20	-1.7	0.037729
-20	-1.6	0.033501
-20	-1.5	0.028889
-20	-1.4	0.027212
-20	-1.3	0.032196
-20	-1.2	0.039496
-20	-1.1	0.0486
-20	-1	0.053165
-20	-0.9	0.058155
-20	-0.8	0.057533
-20	-0.7	0.053356
-20	-0.6	0.044793
-20	-0.5	0.039115
-20	-0.4	0.030213
-20	-0.3	0.021274
-20	-0.2	0.019524
-20	-0.1	0.017538
-20	0	0.017329
-20	0.1	0.019308
-20	0.2	0.022733
-20	0.3	0.028121
-20	0.4	0.033706
-20	0.5	0.040849
-20	0.6	0.0462
-20	0.7	0.048064
-20	0.8	0.049054
-20	0.9	0.048182
-20	1	0.045473
-20	1.1	0.041859
-20	1.2	0.037474
-20	1.3	0.034827
-20	1.4	0.030935
-20	1.5	0.027053
-20	1.6	0.025
-20	1.7	0.024208
-20	1.8	0.024983
-20	1.9	0.024854
-20	2	0.023731
-20	2.1	0.023017
-20	2.2	0.021145
-20	2.3	0.019442
-20	2.4	0.018129
-20	2.5	0.01608
-20	2.6	0.015334
-20	2.7	0.014649
-20	2.8	0.013418
-20	2.9	0.011934
-20	3	0.010756
-20	3.1	0.0097764
-20	3.2	0.0086875
-20	3.3	0.0074345
-20	3.4	0.0070208
-20	3.5	0.0069001
-20	3.6	0.0069234
-20	3.7	0.0073382
-20	3.8	0.0072317
-20	3.9	0.0069258
-20	4	0.0067796
-10	-4	0.013747
-10	-3.9	0.014337
-10	-3.8	0.013373
-10	-3.7	0.012084
-10	-3.6	0.01073
-10	-3.5	0.0099517
-10	-3.4	0.011495
-10	-3.3	0.012873
-10	-3.2	0.013198
-10	-3.1	0.011936
-10	-3	0.010804
-10	-2.9	0.012198
-10	-2.8	0.016523
-10	-2.7	0.02128
-10	-2.6	0.026543
-10	-2.5	0.031857
-10	-2.4	0.034139
-10	-2.3	0.036898
-10	-2.2	0.040077
-10	-2.1	0.041982
-10	-2	0.043907
-10	-1.9	0.044323
-10	-1.8	0.043614
-10	-1.7	0.039519
-10	-1.6	0.034985
-10	-1.5	0.02877
-10	-1.4	0.026124
-10	-1.3	0.028768
-10	-1.2	0.037753
-10	-1.1	0.042776
-10	-1	0.051626
-10	-0.9	0.05562
-10	-0.8	0.056292
-10	-0.7	0.051122
-10	-0.6	0.046353
-10	-0.5	0.037093
-10	-0.4	0.02963
-10	-0.3	0.024218
-10	-0.2	0.021141
-10	-0.1	0.019148
-10	0	0.018727
-10	0.1	0.020009
-10	0.2	0.023442
-10	0.3	0.024954
-10	0.4	0.030027
-10	0.5	0.033394
-10	0.6	0.038194
-10	0.7	0.042677
-10	0.8	0.04393
-10	0.9	0.044336
-10	1	0.043441
-10	1.1	0.041242
-10	1.2	0.036571
-10	1.3	0.030864
-10	1.4	0.026641
-10	1.5	0.023581
-10	1.6	0.021219
-10	1.7	0.020326
-10	1.8	0.020807
-10	1.9	0.022129
-10	2	0.022104
-10	2.1	0.021835
-10	2.2	0.020771
-10	2.3	0.019595
-10	2.4	0.018464
-10	2.5	0.016319
-10	2.6	0.015072
-10	2.7	0.014248
-10	2.8	0.012979
-10	2.9	0.012417
-10	3	0.011879
-10	3.1	0.011265
-10	3.2	0.010248
-10	3.3	0.0095201
-10	3.4	0.0081023
-10	3.5	0.0078366
-10	3.6	0.0070781
-10	3.7	0.0073492
-10	3.8	0.0078242
-10	3.9	0.0072004
-10	4	0.0075936
0	-4	0.010841
0	-3.9	0.011631
0	-3.8	0.012098
0	-3.7	0.011014
0	-3.6	0.009084
0	-3.5	0.0086222
0	-3.4	0.007762
0	-3.3	0.0084937
0	-3.2	0.0091195
0	-3.1	0.008991
0	-3	0.0089694
0	-2.9	0.0086838
0	-2.8	0.010902
0	-2.7	0.01608
0	-2.6	0.020706
0	-2.5	0.024748
0	-2.4	0.028219
0	-2.3	0.031661
0	-2.2	0.03456
0	-2.1	0.037273
0	-2	0.039362
0	-1.9	0.040885
0	-1.8	0.04137
0	-1.7	0.03982
0	-1.6	0.033884
0	-1.5	0.02805
0	-1.4	0.022424
0	-1.3	0.022091
0	-1.2	0.027607
0	-1.1	0.039358
0	-1	0.047171
0	-0.9	0.053297
0	-0.8	0.05465
0	-0.7	0.051433
0	-0.6	0.044194
0	-0.5	0.037004
0	-0.4	0.030114
0	-0.3	0.022635
0	-0.2	0.018814
0	-0.1	0.017537
0	0	0.017293
0	0.1	0.018099
0	0.2	0.019987
0	0.3	0.022817
0	0.4	0.02695
0	0.5	0.030863
0	0.6	0.036601
0	0.7	0.040133
0	0.8	0.041602
0	0.9	0.042018
0	1	0.040682
0	1.1	0.038314
0	1.2	0.033704
0	1.3	0.030957
0	1.4	0.027413
0	1.5	0.02446
0	1.6	0.021671
0	1.7	0.020236
0	1.8	0.02074
0	1.9	0.021698
0	2	0.022395
0	2.1	0.022745
0	2.2	0.021723
0	2.3	0.020812
0	2.4	0.019251
0	2.5	0.017236
0	2.6	0.016384
0	2.7	0.015712
0	2.8	0.014272
0	2.9	0.013098
0	3	0.011295
0	3.1	0.010082
0	3.2	0.0093522
0	3.3	0.0086689
0	3.4	0.0087671
0	3.5	0.0082427
0	3.6	0.0079431
0	3.7	0.0072339
0	3.8	0.0071711
0	3.9	0.0069374
0	4	0.0072138
10	-4	0.011582
10	-3.9	0.011994
10	-3.8	0.011759
10	-3.7	0.011601
10	-3.6	0.010784
10	-3.5	0.010279
10	-3.4	0.010554
10	-3.3	0.011071
10	-3.2	0.011492
10	-3.1	0.010154
10	-3	0.0088679
10	-2.9	0.008156
10	-2.8	0.010778
10	-2.7	0.017099
10	-2.6	0.022547
10	-2.5	0.025947
10	-2.4	0.029601
10	-2.3	0.032098
10	-2.2	0.034861
10	-2.1	0.037509
10	-2	0.039079
10	-1.9	0.041169
10	-1.8	0.041622
10	-1.7	0.040183
10	-1.6	0.03707
10	-1.5	0.03029
10	-1.4	0.023405
10	-1.3	0.021958
10	-1.2	0.025094
10	-1.1	0.034212
10	-1	0.046586
10	-0.9	0.051931
10	-0.8	0.053427
10	-0.7	0.052368
10	-0.6	0.048216
10	-0.5	0.042401
10	-0.4	0.036584
10	-0.3	0.028288
10	-0.2	0.023128
10	-0.1	0.020925
10	0	0.018592
10	0.1	0.017689
10	0.2	0.018121
10	0.3	0.019971
10	0.4	0.023901
10	0.5	0.029227
10	0.6	0.032867
10	0.7	0.037254
10	0.8	0.040844
10	0.9	0.041344
10	1	0.040595
10	1.1	0.038659
10	1.2	0.035513
10	1.3	0.031195
10	1.4	0.026731
10	1.5	0.024527
10	1.6	0.02238
10	1.7	0.022075
10	1.8	0.023061
10	1.9	0.024682
10	2	0.025501
10	2.1	0.025172
10	2.2	0.023708
10	2.3	0.021853
10	2.4	0.020525
10	2.5	0.019439
10	2.6	0.01779
10	2.7	0.016356
10	2.8	0.015238
10	2.9	0.01326
10	3	0.011141
10	3.1	0.0096666
10	3.2	0.0085865
10	3.3	0.0089748
10	3.4	0.008973
10	3.5	0.0086875
10	3.6	0.0081381
10	3.7	0.0071236
10	3.8	0.0065393
10	3.9	0.0063994
10	4	0.0068271
20	-4	0.011614
20	-3.9	0.01339
20	-3.8	0.013703
20	-3.7	0.013002
20	-3.6	0.010623
20	-3.5	0.0087837
20	-3.4	0.0087874
20	-3.3	0.010759
20	-3.2	0.011845
20	-3.1	0.011261
20	-3	0.0093263
20	-2.9	0.0062641
20	-2.8	0.00697
20	-2.7	0.014587
20	-2.6	0.019534
20	-2.5	0.023879
20	-2.4	0.028213
20	-2.3	0.029021
20	-2.2	0.03144
20	-2.1	0.03321
20	-2	0.03523
20	-1.9	0.039507
20	-1.8	0.041953
20	-1.7	0.042071
20	-1.6	0.039124
20	-1.5	0.034306
20	-1.4	0.024936
20	-1.3	0.017281
20	-1.2	0.0216
20	-1.1	0.031435
20	-1	0.038023
20	-0.9	0.046692
20	-0.8	0.053317
20	-0.7	0.053868
20	-0.6	0.049307
20	-0.5	0.04366
20	-0.4	0.037089
20	-0.3	0.026983
20	-0.2	0.021042
20	-0.1	0.016845
20	0	0.015701
20	0.1	0.015397
20	0.2	0.016035
20	0.3	0.01904
20	0.4	0.023863
20	0.5	0.027778
20	0.6	0.031552
20	0.7	0.038747
20	0.8	0.040361
20	0.9	0.04044
20	1	0.038758
20	1.1	0.033954
20	1.2	0.030667
20	1.3	0.026908
20	1.4	0.023541
20	1.5	0.022147
20	1.6	0.021679
20	1.7	0.021532
20	1.8	0.02147
20	1.9	0.02192
20	2	0.022614
20	2.1	0.023258
20	2.2	0.023336
20	2.3	0.022604
20	2.4	0.021986
20	2.5	0.020865
20	2.6	0.018368
20	2.7	0.016907
20	2.8	0.014581
20	2.9	0.013501
20	3	0.012328
20	3.1	0.011395
20	3.2	0.009498
20	3.3	0.0087892
20	3.4	0.0087782
20	3.5	0.0091972
20	3.6	0.0097117
20	3.7	0.0099954
20	3.8	0.0093609
20	3.9	0.0083827
20	4	0.0070369
30	-4	0.010403
30	-3.9	0.011669
30	-3.8	0.012076
30	-3.7	0.012287
30	-3.6	0.011803
30	-3.5	0.0099436
30	-3.4	0.0090591
30	-3.3	0.0091142
30	-3.2	0.010645
30	-3.1	0.011112
30	-3	0.010912
30	-2.9	0.0087191
30	-2.8	0.0071168
30	-2.7	0.010515
30	-2.6	0.016408
30	-2.5	0.021638
30	-2.4	0.025629
30	-2.3	0.029613
30	-2.2	0.031572
30	-2.1	0.034163
30	-2	0.035668
30	-1.9	0.037206
30	-1.8	0.040229
30	-1.7	0.041434
30	-1.6	0.040653
30	-1.5	0.039374
30	-1.4	0.030529
30	-1.3	0.026438
30	-1.2	0.02087
30	-1.1	0.024037
30	-1	0.031125
30	-0.9	0.04229
30	-0.8	0.048601
30	-0.7	0.052977
30	-0.6	0.053095
30	-0.5	0.05003
30	-0.4	0.043928
30	-0.3	0.034704
30	-0.2	0.027687
30	-0.1	0.022714
30	0	0.018267
30	0.1	0.015252
30	0.2	0.013926
30	0.3	0.013525
30	0.4	0.01482
30	0.5	0.022173
30	0.6	0.0276
30	0.7	0.032582
30	0.8	0.038408
30	0.9	0.041975
30	1	0.042497
30	1.1	0.040867
30	1.2	0.03866
30	1.3	0.032589
30	1.4	0.028414
30	1.5	0.024643
30	1.6	0.021507
30	1.7	0.021546
30	1.8	0.022382
30	1.9	0.024251
30	2	0.02522
30	2.1	0.024765
30	2.2	0.023237
30	2.3	0.02174
30	2.4	0.019832
30	2.5	0.017628
30	2.6	0.016992
30	2.7	0.016493
30	2.8	0.016287
30	2.9	0.014843
30	3	0.013113
30	3.1	0.010486
30	3.2	0.0083556
30	3.3	0.0070918
30	3.4	0.0079695
30	3.5	0.0094297
30	3.6	0.010148
30	3.7	0.010673
30	3.8	0.0095574
30	3.9	0.0083634
30	4	0.0070415
40	-4	0.0084365
40	-3.9	0.0088643
40	-3.8	0.010636
40	-3.7	0.01273
40	-3.6	0.013368
40	-3.5	0.01243
40	-3.4	0.010736
40	-3.3	0.0085355
40	-3.2	0.0076656
40	-3.1	0.0084019
40	-3	0.010159
40	-2.9	0.00968
40	-2.8	0.0088204
40	-2.7	0.0083518
40	-2.6	0.010734
40	-2.5	0.017334
40	-2.4	0.020513
40	-2.3	0.024675
40	-2.2	0.028165
40	-2.1	0.03026
40	-2	0.033648
40	-1.9	0.036942
40	-1.8	0.039891
40	-1.7	0.041098
40	-1.6	0.040727
40	-1.5	0.03781
40	-1.4	0.029297
40	-1.3	0.023095
40	-1.2	0.01902
40	-1.1	0.021568
40	-1	0.030107
40	-0.9	0.041488
40	-0.8	0.049978
40	-0.7	0.054471
40	-0.6	0.055487
40	-0.5	0.051038
40	-0.4	0.04641
40	-0.3	0.038047
40	-0.2	0.029442
40	-0.1	0.024208
40	0	0.017777
40	0.1	0.014887
40	0.2	0.013743
40	0.3	0.0138
40	0.4	0.017446
40	0.5	0.020278
40	0.6	0.02866
40	0.7	0.032778
40	0.8	0.036334
40	0.9	0.039308
40	1	0.040819
40	1.1	0.03917
40	1.2	0.037414
40	1.3	0.0347
40	1.4	0.029553
40	1.5	0.027453
40	1.6	0.025376
40	1.7	0.024819
40	1.8	0.025372
40	1.9	0.026872
40	2	0.027212
40	2.1	0.027159
40	2.2	0.02684
40	2.3	0.026778
40	2.4	0.026196
40	2.5	0.024191
40	2.6	0.022869
40	2.7	0.021694
40	2.8	0.019925
40	2.9	0.017224
40	3	0.014789
40	3.1	0.012933
40	3.2	0.012007
40	3.3	0.011329
40	3.4	0.0096717
40	3.5	0.0093902
40	3.6	0.0082171
40	3.7	0.0080422
40	3.8	0.0073514
40	3.9	0.0073821
40	4	0.0072496
50	-4	0.0079898
50	-3.9	0.0089061
50	-3.8	0.010591
50	-3.7	0.013763
50	-3.6	0.015262
50	-3.5	0.015166
50	-3.4	0.012964
50	-3.3	0.01024
50	-3.2	0.0081341
50	-3.1	0.0078572
50	-3	0.0097929
50	-2.9	0.011366
50	-2.8	0.011432
50	-2.7	0.0088333
50	-2.6	0.0081122
50	-2.5	0.012408
50	-2.4	0.021226
50	-2.3	0.027259
50	-2.2	0.032415
50	-2.1	0.034563
50	-2	0.035677
50	-1.9	0.036163
50	-1.8	0.036815
50	-1.7	0.03759
50	-1.6	0.03766
50	-1.5	0.037044
50	-1.4	0.033781
50	-1.3	0.030133
50	-1.2	0.02542
50	-1.1	0.022662
50	-1	0.023811
50	-0.9	0.032494
50	-0.8	0.041972
50	-0.7	0.049493
50	-0.6	0.053555
50	-0.5	0.054779
50	-0.4	0.051451
50	-0.3	0.045064
50	-0.2	0.037131
50	-0.1	0.032163
50	0	0.022857
50	0.1	0.019526
50	0.2	0.014802
50	0.3	0.013332
50	0.4	0.01448
50	0.5	0.017803
50	0.6	0.021814
50	0.7	0.030533
50	0.8	0.036953
50	0.9	0.042011
50	1	0.044111
50	1.1	0.044652
50	1.2	0.042673
50	1.3	0.038339
50	1.4	0.035036
50	1.5	0.032411
50	1.6	0.029675
50	1.7	0.027561
50	1.8	0.027344
50	1.9	0.029087
50	2	0.029936
50	2.1	0.03063
50	2.2	0.030559
50	2.3	0.030033
50	2.4	0.029075
50	2.5	0.026466
50	2.6	0.024315
50	2.7	0.021439
50	2.8	0.018487
50	2.9	0.015481
50	3	0.014004
50	3.1	0.013018
50	3.2	0.012345
50	3.3	0.011981
50	3.4	0.011129
50	3.5	0.010654
50	3.6	0.0085222
50	3.7	0.0071801
50	3.8	0.0065245
50	3.9	0.0068176
50	4	0.0072563
60	-4	0.0094793
60	-3.9	0.0098439
60	-3.8	0.010196
60	-3.7	0.010213
60	-3.6	0.0095591
60	-3.5	0.008227
60	-3.4	0.0071756
60	-3.3	0.007007
60	-3.2	0.0076234
60	-3.1	0.0085222
60	-3	0.0085051
60	-2.9	0.0084038
60	-2.8	0.0068625
60	-2.7	0.0070575
60	-2.6	0.0095878
60	-2.5	0.013906
60	-2.4	0.017557
60	-2.3	0.022059
60	-2.2	0.025537
60	-2.1	0.026681
60	-2	0.027994
60	-1.9	0.029437
60	-1.8	0.032216
60	-1.7	0.036065
60	-1.6	0.039044
60	-1.5	0.040094
60	-1.4	0.038168
60	-1.3	0.033211
60	-1.2	0.026077
60	-1.1	0.021959
60	-1	0.022019
60	-0.9	0.030505
60	-0.8	0.036653
60	-0.7	0.04594
60	-0.6	0.052215
60	-0.5	0.053765
60	-0.4	0.050532
60	-0.3	0.046584
60	-0.2	0.037443
60	-0.1	0.030006
60	0	0.023876
60	0.1	0.019656
60	0.2	0.016051
60	0.3	0.014073
60	0.4	0.013664
60	0.5	0.015356
60	0.6	0.020364
60	0.7	0.026002
60	0.8	0.034156
60	0.9	0.03689
60	1	0.040183
60	1.1	0.041235
60	1.2	0.040341
60	1.3	0.037663
60	1.4	0.035593
60	1.5	0.032791
60	1.6	0.030534
60	1.7	0.029088
60	1.8	0.028304
60	1.9	0.028604
60	2	0.029477
60	2.1	0.030105
60	2.2	0.030717
60	2.3	0.030738
60	2.4	0.029645
60	2.5	0.027238
60	2.6	0.022955
60	2.7	0.021042
60	2.8	0.018312
60	2.9	0.016817
60	3	0.01512
60	3.1	0.014556
60	3.2	0.012884
60	3.3	0.011173
60	3.4	0.0091936
60	3.5	0.0078139
60	3.6	0.0075894
60	3.7	0.0078572
60	3.8	0.0086894
60	3.9	0.0090036
60	4	0.0093592
70	-4	0.0086745
70	-3.9	0.0081441
70	-3.8	0.0092863
70	-3.7	0.011433
70	-3.6	0.01246
70	-3.5	0.012652
70	-3.4	0.011988
70	-3.3	0.0090054
70	-3.2	0.007888
70	-3.1	0.0083942
70	-3	0.01009
70	-2.9	0.012008
70	-2.8	0.011766
70	-2.7	0.010351
70	-2.6	0.0086147
70	-2.5	0.010911
70	-2.4	0.014157
70	-2.3	0.021319
70	-2.2	0.027534
70	-2.1	0.029561
70	-2	0.031082
70	-1.9	0.03118
70	-1.8	0.032466
70	-1.7	0.035055
70	-1.6	0.038014
70	-1.5	0.040404
70	-1.4	0.040109
70	-1.3	0.036861
70	-1.2	0.030791
70	-1.1	0.02567
70	-1	0.021916
70	-0.9	0.025095
70	-0.8	0.037027
70	-0.7	0.044417
70	-0.6	0.051699
70	-0.5	0.056254
70	-0.4	0.055643
70	-0.3	0.052073
70	-0.2	0.045066
70	-0.1	0.037128
70	0	0.028181
70	0.1	0.02315
70	0.2	0.016647
70	0.3	0.014608
70	0.4	0.01435
70	0.5	0.016931
70	0.6	0.020985
70	0.7	0.027508
70	0.8	0.032516
70	0.9	0.037833
70	1	0.042635
70	1.1	0.046375
70	1.2	0.046979
70	1.3	0.044764
70	1.4	0.042702
70	1.5	0.038154
70	1.6	0.0333
70	1.7	0.03086
70	1.8	0.029154
70	1.9	0.030015
70	2	0.031045
70	2.1	0.031363
70	2.2	0.03147
70	2.3	0.030714
70	2.4	0.029182
70	2.5	0.026544
70	2.6	0.024214
70	2.7	0.022728
70	2.8	0.021158
70	2.9	0.019314
70	3	0.017294
70	3.1	0.015207
70	3.2	0.012929
70	3.3	0.010351
70	3.4	0.008917
70	3.5	0.0079716
70	3.6	0.0072696
70	3.7	0.0076888
70	3.8	0.0077286
70	3.9	0.0073646
70	4	0.0073931
80	-4	0.010081
80	-3.9	0.0087024
80	-3.8	0.0082759
80	-3.7	0.010148
80	-3.6	0.011632
80	-3.5	0.012578
80	-3.4	0.01211
80	-3.3	0.011576
80	-3.2	0.010141
80	-3.1	0.0098718
80	-3	0.0094263
80	-2.9	0.0090376
80	-2.8	0.0080903
80	-2.7	0.0078737
80	-2.6	0.0095624
80	-2.5	0.011071
80	-2.4	0.014541
80	-2.3	0.018838
80	-2.2	0.023054
80	-2.1	0.026007
80	-2	0.02841
80	-1.9	0.03097
80	-1.8	0.032638
80	-1.7	0.034561
80	-1.6	0.035866
80	-1.5	0.035976
80	-1.4	0.034784
80	-1.3	0.03181
80	-1.2	0.027441
80	-1.1	0.024588
80	-1	0.023442
80	-0.9	0.027879
80	-0.8	0.034614
80	-0.7	0.042031
80	-0.6	0.049292
80	-0.5	0.053457
80	-0.4	0.054028
80	-0.3	0.052945
80	-0.2	0.047576
80	-0.1	0.042016
80	0	0.032182
80	0.1	0.022421
80	0.2	0.017231
80	0.3	0.013442
80	0.4	0.013022
80	0.5	0.013331
80	0.6	0.01609
80	0.7	0.023527
80	0.8	0.02875
80	0.9	0.033623
80	1	0.041812
80	1.1	0.045824
80	1.2	0.047391
80	1.3	0.046739
80	1.4	0.043902
80	1.5	0.040287
80	1.6	0.037043
80	1.7	0.033888
80	1.8	0.033625
80	1.9	0.034737
80	2	0.035832
80	2.1	0.035739
80	2.2	0.034786
80	2.3	0.033685
80	2.4	0.032352
80	2.5	0.029901
80	2.6	0.028402
80	2.7	0.027336
80	2.8	0.025737
80	2.9	0.023371
80	3	0.020142
80	3.1	0.017666
80	3.2	0.014272
80	3.3	0.012015
80	3.4	0.010769
80	3.5	0.010202
80	3.6	0.010191
80	3.7	0.010134
80	3.8	0.010095
80	3.9	0.0098538
80	4	0.0086203
90	-4	0.0075274
90	-3.9	0.0085146
90	-3.8	0.0098094
90	-3.7	0.013995
90	-3.6	0.015555
90	-3.5	0.01604
90	-3.4	0.01466
90	-3.3	0.012785
90	-3.2	0.010071
90	-3.1	0.0087727
90	-3	0.010028
90	-2.9	0.012055
90	-2.8	0.012396
90	-2.7	0.010679
90	-2.6	0.0079655
90	-2.5	0.0082112
90	-2.4	0.017039
90	-2.3	0.021715
90	-2.2	0.027325
90	-2.1	0.030086
90	-2	0.0322
90	-1.9	0.031481
90	-1.8	0.030256
90	-1.7	0.030755
90	-1.6	0.033445
90	-1.5	0.035396
90	-1.4	0.036713
90	-1.3	0.036328
90	-1.2	0.03328
90	-1.1	0.028433
90	-1	0.025242
90	-0.9	0.025631
90	-0.8	0.030621
90	-0.7	0.038634
90	-0.6	0.045677
90	-0.5	0.050393
90	-0.4	0.053178
90	-0.3	0.05273
90	-0.2	0.047346
90	-0.1	0.040338
90	0	0.034697
90	0.1	0.028602
90	0.2	0.020327
90	0.3	0.015276
90	0.4	0.013883
90	0.5	0.013331
90	0.6	0.014728
90	0.7	0.019198
90	0.8	0.024649
90	0.9	0.029426
90	1	0.037057
90	1.1	0.04365
90	1.2	0.047258
90	1.3	0.047693
90	1.4	0.045505
90	1.5	0.043135
90	1.6	0.037072
90	1.7	0.032595
90	1.8	0.031238
90	1.9	0.0323
90	2	0.033935
90	2.1	0.035952
90	2.2	0.037727
90	2.3	0.038345
90	2.4	0.036681
90	2.5	0.033555
90	2.6	0.030298
90	2.7	0.027842
90	2.8	0.025484
90	2.9	0.023356
90	3	0.021702
90	3.1	0.018641
90	3.2	0.017087
90	3.3	0.013797
90	3.4	0.011106
90	3.5	0.010807
90	3.6	0.01099
90	3.7	0.011439
90	3.8	0.012324
90	3.9	0.012486
90	4	0.011733
100	-4	0.007347
100	-3.9	0.0081381
100	-3.8	0.0091725
100	-3.7	0.010325
100	-3.6	0.010386
100	-3.5	0.0098044
100	-3.4	0.0078921
100	-3.3	0.006846
100	-3.2	0.006698
100	-3.1	0.0071779
100	-3	0.0077766
100	-2.9	0.0084537
100	-2.8	0.0082446
100	-2.7	0.0074366
100	-2.6	0.007933
100	-2.5	0.009893
100	-2.4	0.011867
100	-2.3	0.015123
100	-2.2	0.0166
100	-2.1	0.018096
100	-2	0.020517
100	-1.9	0.0235
100	-1.8	0.026142
100	-1.7	0.029031
100	-1.6	0.030829
100	-1.5	0.033079
100	-1.4	0.033372
100	-1.3	0.032388
100	-1.2	0.030269
100	-1.1	0.027696
100	-1	0.025057
100	-0.9	0.025186
100	-0.8	0.030311
100	-0.7	0.038738
100	-0.6	0.04526
100	-0.5	0.050839
100	-0.4	0.053416
100	-0.3	0.052605
100	-0.2	0.048545
100	-0.1	0.041109
100	0	0.0342
100	0.1	0.027893
100	0.2	0.019676
100	0.3	0.01522
100	0.4	0.012971
100	0.5	0.011957
100	0.6	0.013167
100	0.7	0.017896
100	0.8	0.022475
100	0.9	0.031278
100	1	0.038657
100	1.1	0.043605
100	1.2	0.047475
100	1.3	0.048999
100	1.4	0.047219
100	1.5	0.044502
100	1.6	0.041705
100	1.7	0.038278
100	1.8	0.036697
100	1.9	0.035357
100	2	0.035239
100	2.1	0.035638
100	2.2	0.03584
100	2.3	0.035664
100	2.4	0.034377
100	2.5	0.0325
100	2.6	0.03076
100	2.7	0.028081
100	2.8	0.023808
100	2.9	0.021486
100	3	0.018797
100	3.1	0.017068
100	3.2	0.01498
100	3.3	0.013704
100	3.4	0.010854
100	3.5	0.0089676
100	3.6	0.0077745
100	3.7	0.007325
100	3.8	0.0080301
100	3.9	0.0083052
100	4	0.0084575
110	-4	0.0077662
110	-3.9	0.008732
110	-3.8	0.0095591
110	-3.7	0.0098914
110	-3.6	0.0091408
110	-3.5	0.0091018
110	-3.4	0.0092235
110	-3.3	0.010309
110	-3.2	0.011207
110	-3.1	0.010905
110	-3	0.0091725
110	-2.9	0.0080783
110	-2.8	0.0074518
110	-2.7	0.0088369
110	-2.6	0.0097945
110	-2.5	0.011157
110	-2.4	0.011456
110	-2.3	0.012877
110	-2.2	0.014558
110	-2.1	0.0196
110	-2	0.025451
110	-1.9	0.028867
110	-1.8	0.031947
110	-1.7	0.034068
110	-1.6	0.033188
110	-1.5	0.031039
110	-1.4	0.02843
110	-1.3	0.025752
110	-1.2	0.025073
110	-1.1	0.0256
110	-1	0.027236
110	-0.9	0.029883
110	-0.8	0.032988
110	-0.7	0.037774
110	-0.6	0.042707
110	-0.5	0.047131
110	-0.4	0.049403
110	-0.3	0.050213
110	-0.2	0.048633
110	-0.1	0.04329
110	0	0.038499
110	0.1	0.029497
110	0.2	0.024812
110	0.3	0.018726
110	0.4	0.01372
110	0.5	0.012469
110	0.6	0.013209
110	0.7	0.017605
110	0.8	0.02256
110	0.9	0.030654
110	1	0.036543
110	1.1	0.045382
110	1.2	0.049382
110	1.3	0.051418
110	1.4	0.051568
110	1.5	0.049636
110	1.6	0.046387
110	1.7	0.043155
110	1.8	0.040431
110	1.9	0.039868
110	2	0.039075
110	2.1	0.038802
110	2.2	0.038163
110	2.3	0.037375
110	2.4	0.03605
110	2.5	0.034564
110	2.6	0.033149
110	2.7	0.030281
110	2.8	0.028634
110	2.9	0.024854
110	3	0.021486
110	3.1	0.017071
110	3.2	0.013731
110	3.3	0.011523
110	3.4	0.0098751
110	3.5	0.0091496
110	3.6	0.0093505
110	3.7	0.0088424
110	3.8	0.0077474
110	3.9	0.0059898
110	4	0.0055559
120	-4	0.0084652
120	-3.9	0.008146
120	-3.8	0.0079492
120	-3.7	0.0082564
120	-3.6	0.0090054
120	-3.5	0.0098947
120	-3.4	0.010191
120	-3.3	0.010254
120	-3.2	0.0092497
120	-3.1	0.0066569
120	-3	0.0054294
120	-2.9	0.0052998
120	-2.8	0.0066714
120	-2.7	0.0079716
120	-2.6	0.0086034
120	-2.5	0.0086857
120	-2.4	0.0097416
120	-2.3	0.012269
120	-2.2	0.015668
120	-2.1	0.019158
120	-2	0.021232
120	-1.9	0.024717
120	-1.8	0.025415
120	-1.7	0.026116
120	-1.6	0.026228
120	-1.5	0.025982
120	-1.4	0.025726
120	-1.3	0.025955
120	-1.2	0.026056
120	-1.1	0.025344
120	-1	0.024704
120	-0.9	0.025228
120	-0.8	0.027413
120	-0.7	0.032933
120	-0.6	0.037225
120	-0.5	0.043032
120	-0.4	0.046033
120	-0.3	0.04765
120	-0.2	0.045344
120	-0.1	0.041271
120	0	0.033147
120	0.1	0.027243
120	0.2	0.019639
120	0.3	0.015674
120	0.4	0.010832
120	0.5	0.010199
120	0.6	0.011144
120	0.7	0.013596
120	0.8	0.021707
120	0.9	0.030235
120	1	0.036968
120	1.1	0.04493
120	1.2	0.049229
120	1.3	0.051142
120	1.4	0.050306
120	1.5	0.047266
120	1.6	0.041729
120	1.7	0.038969
120	1.8	0.037364
120	1.9	0.037041
120	2	0.037404
120	2.1	0.037711
120	2.2	0.037895
120	2.3	0.037187
120	2.4	0.035641
120	2.5	0.034558
120	2.6	0.031728
120	2.7	0.02921
120	2.8	0.026213
120	2.9	0.024425
120	3	0.02003
120	3.1	0.016414
120	3.2	0.013978
120	3.3	0.010665
120	3.4	0.0095082
120	3.5	0.0088515
120	3.6	0.008448
120	3.7	0.0085032
120	3.8	0.0085676
120	3.9	0.0084937
120	4	0.0079797
130	-4	0.0061021
130	-3.9	0.0058062
130	-3.8	0.0062383
130	-3.7	0.0072851
130	-3.6	0.0081242
130	-3.5	0.009009
130	-3.4	0.0084077
130	-3.3	0.0076635
130	-3.2	0.0056253
130	-3.1	0.0055791
130	-3	0.0062667
130	-2.9	0.0071734
130	-2.8	0.0078304
130	-2.7	0.0079248
130	-2.6	0.0065046
130	-2.5	0.0060167
130	-2.4	0.008154
130	-2.3	0.012522
130	-2.2	0.017584
130	-2.1	0.02089
130	-2	0.022839
130	-1.9	0.023134
130	-1.8	0.022329
130	-1.7	0.021769
130	-1.6	0.023395
130	-1.5	0.02554
130	-1.4	0.029141
130	-1.3	0.030812
130	-1.2	0.030188
130	-1.1	0.02775
130	-1	0.024884
130	-0.9	0.024433
130	-0.8	0.028354
130	-0.7	0.035948
130	-0.6	0.043268
130	-0.5	0.048761
130	-0.4	0.050897
130	-0.3	0.050551
130	-0.2	0.046748
130	-0.1	0.041236
130	0	0.031577
130	0.1	0.021777
130	0.2	0.015234
130	0.3	0.011464
130	0.4	0.010432
130	0.5	0.011491
130	0.6	0.01214
130	0.7	0.015971
130	0.8	0.022018
130	0.9	0.031029
130	1	0.037096
130	1.1	0.044862
130	1.2	0.049749
130	1.3	0.050697
130	1.4	0.050262
130	1.5	0.047602
130	1.6	0.044602
130	1.7	0.039601
130	1.8	0.037422
130	1.9	0.035668
130	2	0.035064
130	2.1	0.036165
130	2.2	0.037536
130	2.3	0.038188
130	2.4	0.037439
130	2.5	0.035533
130	2.6	0.031406
130	2.7	0.028899
130	2.8	0.025598
130	2.9	0.023253
130	3	0.020715
130	3.1	0.019638
130	3.2	0.017355
130	3.3	0.014988
130	3.4	0.013159
130	3.5	0.010734
130	3.6	0.0091408
130	3.7	0.0094912
130	3.8	0.010543
130	3.9	0.011191
130	4	0.011167
140	-4	0.0086053
140	-3.9	0.0084173
140	-3.8	0.0070231
140	-3.7	0.0053575
140	-3.6	0.004491
140	-3.5	0.005034
140	-3.4	0.0056853
140	-3.3	0.0056824
140	-3.2	0.0059083
140	-3.1	0.0058726
140	-3	0.0062175
140	-2.9	0.0059979
140	-2.8	0.0061391
140	-2.7	0.0060328
140	-2.6	0.0058644
140	-2.5	0.0055617
140	-2.4	0.0071304
140	-2.3	0.009816
140	-2.2	0.014821
140	-2.1	0.01697
140	-2	0.018928
140	-1.9	0.020539
140	-1.8	0.021134
140	-1.7	0.021237
140	-1.6	0.021955
140	-1.5	0.023533
140	-1.4	0.024423
140	-1.3	0.024517
140	-1.2	0.023236
140	-1.1	0.020696
140	-1	0.0189
140	-0.9	0.021892
140	-0.8	0.02956
140	-0.7	0.037141
140	-0.6	0.047223
140	-0.5	0.052247
140	-0.4	0.055778
140	-0.3	0.054343
140	-0.2	0.049371
140	-0.1	0.041015
140	0	0.03372
140	0.1	0.021569
140	0.2	0.015272
140	0.3	0.010971
140	0.4	0.010654
140	0.5	0.011523
140	0.6	0.014113
140	0.7	0.018082
140	0.8	0.026323
140	0.9	0.037577
140	1	0.044315
140	1.1	0.051467
140	1.2	0.053407
140	1.3	0.053984
140	1.4	0.052323
140	1.5	0.048358
140	1.6	0.044878
140	1.7	0.041968
140	1.8	0.039873
140	1.9	0.038682
140	2	0.037837
140	2.1	0.037529
140	2.2	0.037348
140	2.3	0.03608
140	2.4	0.035308
140	2.5	0.034006
140	2.6	0.032999
140	2.7	0.032011
140	2.8	0.029118
140	2.9	0.026932
140	3	0.02384
140	3.1	0.021513
140	3.2	0.019373
140	3.3	0.015286
140	3.4	0.014013
140	3.5	0.012667
140	3.6	0.011135
140	3.7	0.0096063
140	3.8	0.0085639
140	3.9	0.0079207
140	4	0.0074301
150	-4	0.0062719
150	-3.9	0.0054591
150	-3.8	0.0052508
150	-3.7	0.0058836
150	-3.6	0.0081639
150	-3.5	0.0092462
150	-3.4	0.010429
150	-3.3	0.0099012
150	-3.2	0.008223
150	-3.1	0.0066106
150	-3	0.0046571
150	-2.9	0.0051858
150	-2.8	0.0083343
150	-2.7	0.0091936
150	-2.6	0.009139
150	-2.5	0.0087966
150	-2.4	0.0090018
150	-2.3	0.013807
150	-2.2	0.018724
150	-2.1	0.024075
150	-2	0.025541
150	-1.9	0.026999
150	-1.8	0.026147
150	-1.7	0.024703
150	-1.6	0.023738
150	-1.5	0.02389
150	-1.4	0.024755
150	-1.3	0.02542
150	-1.2	0.025949
150	-1.1	0.024763
150	-1	0.023706
150	-0.9	0.02528
150	-0.8	0.028713
150	-0.7	0.034924
150	-0.6	0.04295
150	-0.5	0.048901
150	-0.4	0.050999
150	-0.3	0.050529
150	-0.2	0.044319
150	-0.1	0.03598
150	0	0.029663
150	0.1	0.022248
150	0.2	0.014457
150	0.3	0.011119
150	0.4	0.011219
150	0.5	0.014299
150	0.6	0.016903
150	0.7	0.022641
150	0.8	0.029137
150	0.9	0.03939
150	1	0.043049
150	1.1	0.048125
150	1.2	0.052291
150	1.3	0.05321
150	1.4	0.052409
150	1.5	0.050522
150	1.6	0.046701
150	1.7	0.04158
150	1.8	0.038544
150	1.9	0.036731
150	2	0.034952
150	2.1	0.035041
150	2.2	0.036428
150	2.3	0.037148
150	2.4	0.036776
150	2.5	0.034788
150	2.6	0.032303
150	2.7	0.030438
150	2.8	0.027292
150	2.9	0.024389
150	3	0.02282
150	3.1	0.021356
150	3.2	0.019738
150	3.3	0.017142
150	3.4	0.014557
150	3.5	0.012616
150	3.6	0.010973
150	3.7	0.010998
150	3.8	0.011774
150	3.9	0.012316
150	4	0.012897
160	-4	0.0086782
160	-3.9	0.0078139
160	-3.8	0.0064296
160	-3.7	0.0061285
160	-3.6	0.0067221
160	-3.5	0.0072829
160	-3.4	0.0084918
160	-3.3	0.0078346
160	-3.2	0.0065492
160	-3.1	0.0054531
160	-3	0.0054738
160	-2.9	0.0069211
160	-2.8	0.0089351
160	-2.7	0.010777
160	-2.6	0.011161
160	-2.5	0.011565
160	-2.4	0.013146
160	-2.3	0.015416
160	-2.2	0.019241
160	-2.1	0.020938
160	-2	0.023432
160	-1.9	0.023594
160	-1.8	0.02235
160	-1.7	0.02027
160	-1.6	0.019416
160	-1.5	0.020245
160	-1.4	0.02235
160	-1.3	0.024484
160	-1.2	0.024349
160	-1.1	0.023317
160	-1	0.021251
160	-0.9	0.021607
160	-0.8	0.027357
160	-0.7	0.033988
160	-0.6	0.041359
160	-0.5	0.047123
160	-0.4	0.048905
160	-0.3	0.048237
160	-0.2	0.042715
160	-0.1	0.037474
160	0	0.026026
160	0.1	0.019374
160	0.2	0.013237
160	0.3	0.010023
160	0.4	0.010973
160	0.5	0.012913
160	0.6	0.017514
160	0.7	0.024453
160	0.8	0.029688
160	0.9	0.038292
160	1	0.043623
160	1.1	0.051243
160	1.2	0.054935
160	1.3	0.056269
160	1.4	0.055457
160	1.5	0.050852
160	1.6	0.046843
160	1.7	0.041679
160	1.8	0.03917
160	1.9	0.036868
160	2	0.035531
160	2.1	0.035661
160	2.2	0.036365
160	2.3	0.036658
160	2.4	0.034942
160	2.5	0.032351
160	2.6	0.029145
160	2.7	0.027949
160	2.8	0.023748
160	2.9	0.021178
160	3	0.019332
160	3.1	0.017652
160	3.2	0.014982
160	3.3	0.014006
160	3.4	0.011936
160	3.5	0.010568
160	3.6	0.0098209
160	3.7	0.0098373
160	3.8	0.0096549
160	3.9	0.0098849
160	4	0.0092742
170	-4	0.0075766
170	-3.9	0.0069141
170	-3.8	0.0054738
170	-3.7	0.0041933
170	-3.6	0.0057755
170	-3.5	0.007325
170	-3.4	0.0083421
170	-3.3	0.0076762
170	-3.2	0.0065689
170	-3.1	0.0053272
170	-3	0.0060915
170	-2.9	0.0080963
170	-2.8	0.011488
170	-2.7	0.012519
170	-2.6	0.012279
170	-2.5	0.01218
170	-2.4	0.012551
170	-2.3	0.017227
170	-2.2	0.019989
170	-2.1	0.025044
170	-2	0.028046
170	-1.9	0.029441
170	-1.8	0.028132
170	-1.7	0.026288
170	-1.6	0.023888
170	-1.5	0.022381
170	-1.4	0.02205
170	-1.3	0.022378
170	-1.2	0.023144
170	-1.1	0.022398
170	-1	0.023198
170	-0.9	0.026431
170	-0.8	0.032906
170	-0.7	0.041623
170	-0.6	0.047876
170	-0.5	0.053362
170	-0.4	0.0545
170	-0.3	0.051664
170	-0.2	0.045454
170	-0.1	0.039351
170	0	0.030606
170	0.1	0.020638
170	0.2	0.015521
170	0.3	0.012079
170	0.4	0.012323
170	0.5	0.016198
170	0.6	0.019471
170	0.7	0.030401
170	0.8	0.035449
170	0.9	0.043899
170	1	0.049842
170	1.1	0.056277
170	1.2	0.058242
170	1.3	0.058997
170	1.4	0.057652
170	1.5	0.053852
170	1.6	0.050587
170	1.7	0.04566
170	1.8	0.042279
170	1.9	0.039648
170	2	0.037809
170	2.1	0.037274
170	2.2	0.037126
170	2.3	0.036772
170	2.4	0.035277
170	2.5	0.033141
170	2.6	0.03254
170	2.7	0.029547
170	2.8	0.026283
170	2.9	0.025065
170	3	0.022064
170	3.1	0.019613
170	3.2	0.017547
170	3.3	0.015319
170	3.4	0.014108
170	3.5	0.012949
170	3.6	0.01273
170	3.7	0.01158
170	3.8	0.011403
170	3.9	0.0097912
170	4	0.0087468
180	-4	0.0058891
180	-3.9	0.0055326
180	-3.8	0.0065886
180	-3.7	0.0083595
180	-3.6	0.0094417
180	-3.5	0.0099338
180	-3.4	0.0074453
180	-3.3	0.0058285
180	-3.2	0.0052539
180	-3.1	0.0061338
180	-3	0.0099663
180	-2.9	0.012801
180	-2.8	0.01396
180	-2.7	0.013902
180	-2.6	0.012168
180	-2.5	0.011164
180	-2.4	0.012417
180	-2.3	0.015186
180	-2.2	0.021564
180	-2.1	0.025123
180	-2	0.02688
180	-1.9	0.027063
180	-1.8	0.026074
180	-1.7	0.024457
180	-1.6	0.023412
180	-1.5	0.023015
180	-1.4	0.023583
180	-1.3	0.024185
180	-1.2	0.023901
180	-1.1	0.022869
180	-1	0.023118
180	-0.9	0.026246
180	-0.8	0.033031
180	-0.7	0.041273
180	-0.6	0.046046
180	-0.5	0.048841
180	-0.4	0.048306
180	-0.3	0.044176
180	-0.2	0.038729
180	-0.1	0.031807
180	0	0.023679
180	0.1	0.018436
180	0.2	0.013145
180	0.3	0.012527
180	0.4	0.013285
180	0.5	0.018643
180	0.6	0.022287
180	0.7	0.026541
180	0.8	0.035856
180	0.9	0.044362
180	1	0.04829
180	1.1	0.051768
180	1.2	0.053211
180	1.3	0.053697
180	1.4	0.051701
180	1.5	0.048431
180	1.6	0.046047
180	1.7	0.04234
180	1.8	0.039448
180	1.9	0.037715
180	2	0.035888
180	2.1	0.036515
180	2.2	0.038182
180	2.3	0.038803
180	2.4	0.037936
180	2.5	0.036622
180	2.6	0.034716
180	2.7	0.030021
180	2.8	0.027542
180	2.9	0.025114
180	3	0.022626
180	3.1	0.020659
180	3.2	0.018812
180	3.3	0.015828
180	3.4	0.013571
180	3.5	0.012924
180	3.6	0.013327
180	3.7	0.013795
180	3.8	0.013266
180	3.9	0.01266
180	4	0.012621
 
Uniformity Ratio =0.65581
