13-Dec-2017
11:7
TXR  007948 RM428 R24
33511B Function Generator
SN =Agilent Technologies,33511B,MY52301476,3.05-1.19-2.00-52-00
freq =+9.270000000000000E+06
burstmode =TRIG
burstN =+6.000000000000000E+01
voltage =+1.5000000000000E-01
 
DSO-X 2022A Oscilloscope
SN =AGILENT TECHNOLOGIES,DSO-X 2022A,MY54310921,02.41.2015102200
probe =+1.0000000E+00
scale =+500.0E-09
position =+19.900000E-06
range =+1.60E+00
units =VOLT
points =+2000
pointmode =NORM
format =BYTE
acqtype =NORM
trigsource =EXT
coupling =AC
 
-180	-4	0.0066908
-180	-3.9	0.0074713
-180	-3.8	0.0081955
-180	-3.7	0.0084346
-180	-3.6	0.0078056
-180	-3.5	0.0066106
-180	-3.4	0.0060435
-180	-3.3	0.0064822
-180	-3.2	0.0077453
-180	-3.1	0.0092462
-180	-3	0.010234
-180	-2.9	0.0097466
-180	-2.8	0.009498
-180	-2.7	0.011765
-180	-2.6	0.014412
-180	-2.5	0.019345
-180	-2.4	0.024325
-180	-2.3	0.026638
-180	-2.2	0.027621
-180	-2.1	0.02725
-180	-2	0.027225
-180	-1.9	0.028191
-180	-1.8	0.029431
-180	-1.7	0.031127
-180	-1.6	0.031255
-180	-1.5	0.029712
-180	-1.4	0.026928
-180	-1.3	0.025101
-180	-1.2	0.027776
-180	-1.1	0.033276
-180	-1	0.042643
-180	-0.9	0.051499
-180	-0.8	0.056988
-180	-0.7	0.059597
-180	-0.6	0.059603
-180	-0.5	0.055782
-180	-0.4	0.044435
-180	-0.3	0.036323
-180	-0.2	0.026169
-180	-0.1	0.018173
-180	0	0.012681
-180	0.1	0.010482
-180	0.2	0.010627
-180	0.3	0.01224
-180	0.4	0.014584
-180	0.5	0.022973
-180	0.6	0.028107
-180	0.7	0.037992
-180	0.8	0.043171
-180	0.9	0.048028
-180	1	0.050458
-180	1.1	0.051642
-180	1.2	0.049931
-180	1.3	0.04687
-180	1.4	0.044104
-180	1.5	0.041919
-180	1.6	0.038863
-180	1.7	0.035918
-180	1.8	0.034922
-180	1.9	0.034582
-180	2	0.033926
-180	2.1	0.032142
-180	2.2	0.031151
-180	2.3	0.029403
-180	2.4	0.028037
-180	2.5	0.025699
-180	2.6	0.022655
-180	2.7	0.020351
-180	2.8	0.018858
-180	2.9	0.016046
-180	3	0.0147
-180	3.1	0.012164
-180	3.2	0.011193
-180	3.3	0.011088
-180	3.4	0.010781
-180	3.5	0.010548
-180	3.6	0.0098406
-180	3.7	0.0097863
-180	3.8	0.0090929
-180	3.9	0.0083498
-180	4	0.0080181
-170	-4	0.0066593
-170	-3.9	0.0078222
-170	-3.8	0.0090911
-170	-3.7	0.0099028
-170	-3.6	0.0091989
-170	-3.5	0.0074127
-170	-3.4	0.0064246
-170	-3.3	0.0070116
-170	-3.2	0.0085165
-170	-3.1	0.01065
-170	-3	0.012037
-170	-2.9	0.012295
-170	-2.8	0.012593
-170	-2.7	0.013821
-170	-2.6	0.016353
-170	-2.5	0.021534
-170	-2.4	0.026241
-170	-2.3	0.02946
-170	-2.2	0.030935
-170	-2.1	0.03108
-170	-2	0.030712
-170	-1.9	0.031424
-170	-1.8	0.032561
-170	-1.7	0.033058
-170	-1.6	0.032759
-170	-1.5	0.031657
-170	-1.4	0.029128
-170	-1.3	0.02771
-170	-1.2	0.031186
-170	-1.1	0.036427
-170	-1	0.044685
-170	-0.9	0.053743
-170	-0.8	0.059902
-170	-0.7	0.061863
-170	-0.6	0.061213
-170	-0.5	0.055011
-170	-0.4	0.044023
-170	-0.3	0.034852
-170	-0.2	0.026817
-170	-0.1	0.017772
-170	0	0.011864
-170	0.1	0.011441
-170	0.2	0.012469
-170	0.3	0.013677
-170	0.4	0.01903
-170	0.5	0.02333
-170	0.6	0.034078
-170	0.7	0.039974
-170	0.8	0.047654
-170	0.9	0.050891
-170	1	0.053647
-170	1.1	0.054251
-170	1.2	0.05247
-170	1.3	0.048871
-170	1.4	0.045187
-170	1.5	0.04286
-170	1.6	0.039992
-170	1.7	0.036271
-170	1.8	0.035049
-170	1.9	0.034835
-170	2	0.034296
-170	2.1	0.032846
-170	2.2	0.031263
-170	2.3	0.029316
-170	2.4	0.026874
-170	2.5	0.023682
-170	2.6	0.019938
-170	2.7	0.018648
-170	2.8	0.01773
-170	2.9	0.017189
-170	3	0.015962
-170	3.1	0.013785
-170	3.2	0.012174
-170	3.3	0.010122
-170	3.4	0.0095252
-170	3.5	0.00878
-170	3.6	0.0096917
-170	3.7	0.010692
-170	3.8	0.011112
-170	3.9	0.009857
-170	4	0.0087745
-160	-4	0.0074865
-160	-3.9	0.0087782
-160	-3.8	0.0094074
-160	-3.7	0.0089766
-160	-3.6	0.0085676
-160	-3.5	0.0075102
-160	-3.4	0.0075574
-160	-3.3	0.0087966
-160	-3.2	0.0093072
-160	-3.1	0.010577
-160	-3	0.011502
-160	-2.9	0.011721
-160	-2.8	0.013161
-160	-2.7	0.016604
-160	-2.6	0.020031
-160	-2.5	0.024194
-160	-2.4	0.02738
-160	-2.3	0.028753
-160	-2.2	0.029108
-160	-2.1	0.028307
-160	-2	0.029493
-160	-1.9	0.030808
-160	-1.8	0.032655
-160	-1.7	0.034197
-160	-1.6	0.033691
-160	-1.5	0.032271
-160	-1.4	0.027856
-160	-1.3	0.027068
-160	-1.2	0.029663
-160	-1.1	0.035265
-160	-1	0.047601
-160	-0.9	0.054664
-160	-0.8	0.059306
-160	-0.7	0.061391
-160	-0.6	0.059558
-160	-0.5	0.053587
-160	-0.4	0.043074
-160	-0.3	0.036453
-160	-0.2	0.021151
-160	-0.1	0.016109
-160	0	0.011573
-160	0.1	0.011113
-160	0.2	0.011847
-160	0.3	0.013478
-160	0.4	0.018521
-160	0.5	0.023306
-160	0.6	0.032426
-160	0.7	0.038771
-160	0.8	0.04451
-160	0.9	0.049822
-160	1	0.052316
-160	1.1	0.051956
-160	1.2	0.049354
-160	1.3	0.046062
-160	1.4	0.042934
-160	1.5	0.039968
-160	1.6	0.036972
-160	1.7	0.034322
-160	1.8	0.033332
-160	1.9	0.032608
-160	2	0.031034
-160	2.1	0.029103
-160	2.2	0.027993
-160	2.3	0.026362
-160	2.4	0.024158
-160	2.5	0.022971
-160	2.6	0.020705
-160	2.7	0.019094
-160	2.8	0.017865
-160	2.9	0.015965
-160	3	0.014469
-160	3.1	0.013105
-160	3.2	0.012209
-160	3.3	0.011167
-160	3.4	0.010042
-160	3.5	0.0092059
-160	3.6	0.008991
-160	3.7	0.0096147
-160	3.8	0.0095031
-160	3.9	0.0093089
-160	4	0.0089224
-150	-4	0.0066932
-150	-3.9	0.0085222
-150	-3.8	0.010218
-150	-3.7	0.010586
-150	-3.6	0.0096733
-150	-3.5	0.0083149
-150	-3.4	0.0071009
-150	-3.3	0.0078325
-150	-3.2	0.010222
-150	-3.1	0.012366
-150	-3	0.014021
-150	-2.9	0.014368
-150	-2.8	0.014596
-150	-2.7	0.015452
-150	-2.6	0.019084
-150	-2.5	0.024017
-150	-2.4	0.028432
-150	-2.3	0.031735
-150	-2.2	0.033267
-150	-2.1	0.031718
-150	-2	0.031157
-150	-1.9	0.030435
-150	-1.8	0.031371
-150	-1.7	0.0325
-150	-1.6	0.033173
-150	-1.5	0.033079
-150	-1.4	0.030699
-150	-1.3	0.029719
-150	-1.2	0.031225
-150	-1.1	0.038877
-150	-1	0.046739
-150	-0.9	0.052929
-150	-0.8	0.058878
-150	-0.7	0.061726
-150	-0.6	0.060567
-150	-0.5	0.054027
-150	-0.4	0.046666
-150	-0.3	0.036145
-150	-0.2	0.024701
-150	-0.1	0.01779
-150	0	0.012135
-150	0.1	0.011314
-150	0.2	0.011457
-150	0.3	0.013466
-150	0.4	0.018089
-150	0.5	0.024706
-150	0.6	0.033487
-150	0.7	0.044019
-150	0.8	0.048161
-150	0.9	0.051367
-150	1	0.053528
-150	1.1	0.051706
-150	1.2	0.048812
-150	1.3	0.045998
-150	1.4	0.042037
-150	1.5	0.038375
-150	1.6	0.037008
-150	1.7	0.034518
-150	1.8	0.033109
-150	1.9	0.032298
-150	2	0.030143
-150	2.1	0.027883
-150	2.2	0.026061
-150	2.3	0.024653
-150	2.4	0.022477
-150	2.5	0.020014
-150	2.6	0.018712
-150	2.7	0.017738
-150	2.8	0.017149
-150	2.9	0.01507
-150	3	0.013415
-150	3.1	0.012876
-150	3.2	0.010263
-150	3.3	0.0083498
-150	3.4	0.0080281
-150	3.5	0.0080462
-150	3.6	0.0090787
-150	3.7	0.0096281
-150	3.8	0.010113
-150	3.9	0.0095878
-150	4	0.0086987
-140	-4	0.0076951
-140	-3.9	0.0074497
-140	-3.8	0.0077077
-140	-3.7	0.0080301
-140	-3.6	0.0085279
-140	-3.5	0.0086371
-140	-3.4	0.0092042
-140	-3.3	0.010601
-140	-3.2	0.011498
-140	-3.1	0.012417
-140	-3	0.013027
-140	-2.9	0.013302
-140	-2.8	0.015416
-140	-2.7	0.017525
-140	-2.6	0.021738
-140	-2.5	0.027042
-140	-2.4	0.029711
-140	-2.3	0.032059
-140	-2.2	0.033269
-140	-2.1	0.03372
-140	-2	0.034687
-140	-1.9	0.035251
-140	-1.8	0.036062
-140	-1.7	0.036315
-140	-1.6	0.035723
-140	-1.5	0.033777
-140	-1.4	0.032088
-140	-1.3	0.032205
-140	-1.2	0.034958
-140	-1.1	0.042878
-140	-1	0.051354
-140	-0.9	0.057313
-140	-0.8	0.060714
-140	-0.7	0.059843
-140	-0.6	0.056734
-140	-0.5	0.050526
-140	-0.4	0.040187
-140	-0.3	0.032097
-140	-0.2	0.023038
-140	-0.1	0.017908
-140	0	0.014161
-140	0.1	0.012775
-140	0.2	0.014043
-140	0.3	0.017685
-140	0.4	0.022221
-140	0.5	0.028552
-140	0.6	0.037621
-140	0.7	0.041092
-140	0.8	0.04596
-140	0.9	0.048696
-140	1	0.050016
-140	1.1	0.049287
-140	1.2	0.048711
-140	1.3	0.045561
-140	1.4	0.04227
-140	1.5	0.038576
-140	1.6	0.034841
-140	1.7	0.031822
-140	1.8	0.030447
-140	1.9	0.029212
-140	2	0.028057
-140	2.1	0.027273
-140	2.2	0.026491
-140	2.3	0.025238
-140	2.4	0.022575
-140	2.5	0.020992
-140	2.6	0.019073
-140	2.7	0.018196
-140	2.8	0.016183
-140	2.9	0.014818
-140	3	0.013699
-140	3.1	0.012868
-140	3.2	0.012391
-140	3.3	0.011204
-140	3.4	0.010326
-140	3.5	0.010007
-140	3.6	0.00971
-140	3.7	0.0091637
-140	3.8	0.0082896
-140	3.9	0.0078552
-140	4	0.0083846
-130	-4	0.0069468
-130	-3.9	0.0085279
-130	-3.8	0.0097929
-130	-3.7	0.01027
-130	-3.6	0.009613
-130	-3.5	0.0084384
-130	-3.4	0.0085487
-130	-3.3	0.010934
-130	-3.2	0.012984
-130	-3.1	0.015616
-130	-3	0.016279
-130	-2.9	0.01535
-130	-2.8	0.015048
-130	-2.7	0.016965
-130	-2.6	0.021573
-130	-2.5	0.026984
-130	-2.4	0.03324
-130	-2.3	0.035608
-130	-2.2	0.036576
-130	-2.1	0.03612
-130	-2	0.035343
-130	-1.9	0.034666
-130	-1.8	0.035175
-130	-1.7	0.036633
-130	-1.6	0.037088
-130	-1.5	0.036728
-130	-1.4	0.034945
-130	-1.3	0.034853
-130	-1.2	0.037453
-130	-1.1	0.043877
-130	-1	0.049808
-130	-0.9	0.057108
-130	-0.8	0.061089
-130	-0.7	0.061689
-130	-0.6	0.058962
-130	-0.5	0.051883
-130	-0.4	0.040398
-130	-0.3	0.03316
-130	-0.2	0.025961
-130	-0.1	0.019793
-130	0	0.014108
-130	0.1	0.013108
-130	0.2	0.014608
-130	0.3	0.01837
-130	0.4	0.024274
-130	0.5	0.032422
-130	0.6	0.040298
-130	0.7	0.045246
-130	0.8	0.049733
-130	0.9	0.051059
-130	1	0.051588
-130	1.1	0.050742
-130	1.2	0.048101
-130	1.3	0.046376
-130	1.4	0.044319
-130	1.5	0.04137
-130	1.6	0.037419
-130	1.7	0.033852
-130	1.8	0.031024
-130	1.9	0.029521
-130	2	0.028244
-130	2.1	0.02756
-130	2.2	0.027025
-130	2.3	0.025851
-130	2.4	0.022947
-130	2.5	0.020724
-130	2.6	0.017371
-130	2.7	0.01548
-130	2.8	0.013747
-130	2.9	0.012484
-130	3	0.011791
-130	3.1	0.011575
-130	3.2	0.011437
-130	3.3	0.010412
-130	3.4	0.009
-130	3.5	0.0082486
-130	3.6	0.0077766
-130	3.7	0.0066763
-130	3.8	0.0062175
-130	3.9	0.0064672
-130	4	0.0066884
-120	-4	0.010982
-120	-3.9	0.011361
-120	-3.8	0.011301
-120	-3.7	0.010698
-120	-3.6	0.009963
-120	-3.5	0.010058
-120	-3.4	0.012017
-120	-3.3	0.013889
-120	-3.2	0.01573
-120	-3.1	0.016136
-120	-3	0.015772
-120	-2.9	0.016278
-120	-2.8	0.018004
-120	-2.7	0.022533
-120	-2.6	0.026135
-120	-2.5	0.030267
-120	-2.4	0.032356
-120	-2.3	0.033296
-120	-2.2	0.033262
-120	-2.1	0.034006
-120	-2	0.035612
-120	-1.9	0.036833
-120	-1.8	0.038459
-120	-1.7	0.038677
-120	-1.6	0.037885
-120	-1.5	0.03576
-120	-1.4	0.033407
-120	-1.3	0.033998
-120	-1.2	0.037841
-120	-1.1	0.04686
-120	-1	0.054433
-120	-0.9	0.060468
-120	-0.8	0.064222
-120	-0.7	0.063972
-120	-0.6	0.059424
-120	-0.5	0.048673
-120	-0.4	0.043708
-120	-0.3	0.030425
-120	-0.2	0.023785
-120	-0.1	0.017091
-120	0	0.015409
-120	0.1	0.015328
-120	0.2	0.016946
-120	0.3	0.021394
-120	0.4	0.027515
-120	0.5	0.033308
-120	0.6	0.037321
-120	0.7	0.043468
-120	0.8	0.048008
-120	0.9	0.050277
-120	1	0.050491
-120	1.1	0.048846
-120	1.2	0.047037
-120	1.3	0.04466
-120	1.4	0.041394
-120	1.5	0.039358
-120	1.6	0.036392
-120	1.7	0.03348
-120	1.8	0.031292
-120	1.9	0.029738
-120	2	0.028267
-120	2.1	0.02758
-120	2.2	0.02695
-120	2.3	0.025553
-120	2.4	0.024467
-120	2.5	0.02228
-120	2.6	0.020729
-120	2.7	0.019025
-120	2.8	0.017794
-120	2.9	0.016533
-120	3	0.01549
-120	3.1	0.014616
-120	3.2	0.013738
-120	3.3	0.012957
-120	3.4	0.011601
-120	3.5	0.010432
-120	3.6	0.010018
-120	3.7	0.0092059
-120	3.8	0.0085827
-120	3.9	0.0082388
-120	4	0.0081341
-110	-4	0.013634
-110	-3.9	0.014626
-110	-3.8	0.014496
-110	-3.7	0.012681
-110	-3.6	0.011427
-110	-3.5	0.011721
-110	-3.4	0.014017
-110	-3.3	0.016187
-110	-3.2	0.017698
-110	-3.1	0.017979
-110	-3	0.017621
-110	-2.9	0.018269
-110	-2.8	0.022696
-110	-2.7	0.026727
-110	-2.6	0.032005
-110	-2.5	0.03515
-110	-2.4	0.036753
-110	-2.3	0.037323
-110	-2.2	0.037351
-110	-2.1	0.038193
-110	-2	0.03964
-110	-1.9	0.042156
-110	-1.8	0.043207
-110	-1.7	0.042796
-110	-1.6	0.040846
-110	-1.5	0.036782
-110	-1.4	0.034901
-110	-1.3	0.036709
-110	-1.2	0.043677
-110	-1.1	0.052386
-110	-1	0.057591
-110	-0.9	0.061109
-110	-0.8	0.062371
-110	-0.7	0.060861
-110	-0.6	0.05429
-110	-0.5	0.048277
-110	-0.4	0.040185
-110	-0.3	0.032973
-110	-0.2	0.026573
-110	-0.1	0.021597
-110	0	0.018941
-110	0.1	0.019296
-110	0.2	0.021473
-110	0.3	0.026718
-110	0.4	0.030451
-110	0.5	0.03878
-110	0.6	0.042253
-110	0.7	0.048504
-110	0.8	0.050778
-110	0.9	0.052642
-110	1	0.052654
-110	1.1	0.050374
-110	1.2	0.046932
-110	1.3	0.041938
-110	1.4	0.039204
-110	1.5	0.0351
-110	1.6	0.033849
-110	1.7	0.032695
-110	1.8	0.032327
-110	1.9	0.031307
-110	2	0.02959
-110	2.1	0.027815
-110	2.2	0.02507
-110	2.3	0.023915
-110	2.4	0.022157
-110	2.5	0.021055
-110	2.6	0.019877
-110	2.7	0.018758
-110	2.8	0.017369
-110	2.9	0.015187
-110	3	0.012972
-110	3.1	0.011228
-110	3.2	0.010008
-110	3.3	0.0098472
-110	3.4	0.0095878
-110	3.5	0.01009
-110	3.6	0.00971
-110	3.7	0.0094707
-110	3.8	0.0089369
-110	3.9	0.0086633
-110	4	0.0086875
-100	-4	0.01204
-100	-3.9	0.012612
-100	-3.8	0.013176
-100	-3.7	0.01325
-100	-3.6	0.013303
-100	-3.5	0.013412
-100	-3.4	0.014304
-100	-3.3	0.015875
-100	-3.2	0.017035
-100	-3.1	0.01746
-100	-3	0.019052
-100	-2.9	0.020569
-100	-2.8	0.02446
-100	-2.7	0.028321
-100	-2.6	0.0313
-100	-2.5	0.033999
-100	-2.4	0.034942
-100	-2.3	0.036474
-100	-2.2	0.037798
-100	-2.1	0.03974
-100	-2	0.042074
-100	-1.9	0.042922
-100	-1.8	0.042709
-100	-1.7	0.041612
-100	-1.6	0.039194
-100	-1.5	0.035738
-100	-1.4	0.03604
-100	-1.3	0.039534
-100	-1.2	0.043996
-100	-1.1	0.04957
-100	-1	0.059608
-100	-0.9	0.062685
-100	-0.8	0.063172
-100	-0.7	0.06112
-100	-0.6	0.056487
-100	-0.5	0.047412
-100	-0.4	0.038869
-100	-0.3	0.033707
-100	-0.2	0.026729
-100	-0.1	0.020666
-100	0	0.019166
-100	0.1	0.019457
-100	0.2	0.022571
-100	0.3	0.027867
-100	0.4	0.032824
-100	0.5	0.038581
-100	0.6	0.045038
-100	0.7	0.047693
-100	0.8	0.050123
-100	0.9	0.051982
-100	1	0.051434
-100	1.1	0.048933
-100	1.2	0.046533
-100	1.3	0.044012
-100	1.4	0.041613
-100	1.5	0.038825
-100	1.6	0.03651
-100	1.7	0.033469
-100	1.8	0.031989
-100	1.9	0.030603
-100	2	0.028655
-100	2.1	0.027459
-100	2.2	0.026766
-100	2.3	0.025126
-100	2.4	0.023846
-100	2.5	0.022421
-100	2.6	0.020907
-100	2.7	0.0184
-100	2.8	0.016011
-100	2.9	0.014273
-100	3	0.011988
-100	3.1	0.011059
-100	3.2	0.010331
-100	3.3	0.0096449
-100	3.4	0.0090555
-100	3.5	0.0089369
-100	3.6	0.0095557
-100	3.7	0.0089007
-100	3.8	0.0084173
-100	3.9	0.0079614
-100	4	0.0078201
-90	-4	0.013575
-90	-3.9	0.012667
-90	-3.8	0.011152
-90	-3.7	0.0106
-90	-3.6	0.011909
-90	-3.5	0.0149
-90	-3.4	0.017349
-90	-3.3	0.017645
-90	-3.2	0.016816
-90	-3.1	0.016395
-90	-3	0.016933
-90	-2.9	0.021927
-90	-2.8	0.02585
-90	-2.7	0.030247
-90	-2.6	0.034248
-90	-2.5	0.036743
-90	-2.4	0.038119
-90	-2.3	0.038789
-90	-2.2	0.040175
-90	-2.1	0.042441
-90	-2	0.044978
-90	-1.9	0.047417
-90	-1.8	0.047856
-90	-1.7	0.045716
-90	-1.6	0.041892
-90	-1.5	0.037475
-90	-1.4	0.036575
-90	-1.3	0.040874
-90	-1.2	0.047101
-90	-1.1	0.057659
-90	-1	0.064757
-90	-0.9	0.066792
-90	-0.8	0.066557
-90	-0.7	0.061683
-90	-0.6	0.053842
-90	-0.5	0.045737
-90	-0.4	0.036979
-90	-0.3	0.032013
-90	-0.2	0.026352
-90	-0.1	0.022813
-90	0	0.022835
-90	0.1	0.024405
-90	0.2	0.026926
-90	0.3	0.031728
-90	0.4	0.035439
-90	0.5	0.043365
-90	0.6	0.047293
-90	0.7	0.050048
-90	0.8	0.052897
-90	0.9	0.053303
-90	1	0.052118
-90	1.1	0.048396
-90	1.2	0.045601
-90	1.3	0.042134
-90	1.4	0.037509
-90	1.5	0.035243
-90	1.6	0.033247
-90	1.7	0.032305
-90	1.8	0.031598
-90	1.9	0.030152
-90	2	0.027891
-90	2.1	0.02532
-90	2.2	0.024133
-90	2.3	0.022656
-90	2.4	0.021746
-90	2.5	0.021317
-90	2.6	0.020833
-90	2.7	0.01968
-90	2.8	0.018381
-90	2.9	0.015512
-90	3	0.013912
-90	3.1	0.012899
-90	3.2	0.012244
-90	3.3	0.011916
-90	3.4	0.011687
-90	3.5	0.011446
-90	3.6	0.011586
-90	3.7	0.010342
-90	3.8	0.0099403
-90	3.9	0.0090251
-90	4	0.0088989
-80	-4	0.012756
-80	-3.9	0.012859
-80	-3.8	0.012554
-80	-3.7	0.012268
-80	-3.6	0.012617
-80	-3.5	0.014535
-80	-3.4	0.016647
-80	-3.3	0.017557
-80	-3.2	0.017869
-80	-3.1	0.017826
-80	-3	0.017768
-80	-2.9	0.020775
-80	-2.8	0.025526
-80	-2.7	0.030551
-80	-2.6	0.034545
-80	-2.5	0.037808
-80	-2.4	0.038715
-80	-2.3	0.03983
-80	-2.2	0.041313
-80	-2.1	0.043447
-80	-2	0.046
-80	-1.9	0.047371
-80	-1.8	0.046865
-80	-1.7	0.044722
-80	-1.6	0.039997
-80	-1.5	0.03813
-80	-1.4	0.03818
-80	-1.3	0.041688
-80	-1.2	0.048891
-80	-1.1	0.058869
-80	-1	0.062383
-80	-0.9	0.065856
-80	-0.8	0.065303
-80	-0.7	0.062334
-80	-0.6	0.057057
-80	-0.5	0.049263
-80	-0.4	0.039286
-80	-0.3	0.031607
-80	-0.2	0.025038
-80	-0.1	0.021208
-80	0	0.020605
-80	0.1	0.022139
-80	0.2	0.026028
-80	0.3	0.030818
-80	0.4	0.038368
-80	0.5	0.043483
-80	0.6	0.048383
-80	0.7	0.050699
-80	0.8	0.051611
-80	0.9	0.05134
-80	1	0.05024
-80	1.1	0.047953
-80	1.2	0.045072
-80	1.3	0.043231
-80	1.4	0.04027
-80	1.5	0.03834
-80	1.6	0.03582
-80	1.7	0.035125
-80	1.8	0.033862
-80	1.9	0.032628
-80	2	0.03163
-80	2.1	0.029525
-80	2.2	0.028423
-80	2.3	0.02589
-80	2.4	0.022946
-80	2.5	0.021287
-80	2.6	0.018544
-80	2.7	0.017254
-80	2.8	0.016013
-80	2.9	0.014366
-80	3	0.013554
-80	3.1	0.011932
-80	3.2	0.011161
-80	3.3	0.010087
-80	3.4	0.0086708
-80	3.5	0.0077911
-80	3.6	0.0079979
-80	3.7	0.007849
-80	3.8	0.0080603
-80	3.9	0.0080763
-80	4	0.0077182
-70	-4	0.010993
-70	-3.9	0.010744
-70	-3.8	0.010826
-70	-3.7	0.011158
-70	-3.6	0.012563
-70	-3.5	0.013659
-70	-3.4	0.014737
-70	-3.3	0.015984
-70	-3.2	0.016403
-70	-3.1	0.017389
-70	-3	0.018577
-70	-2.9	0.020122
-70	-2.8	0.023991
-70	-2.7	0.028594
-70	-2.6	0.033357
-70	-2.5	0.038539
-70	-2.4	0.041155
-70	-2.3	0.043544
-70	-2.2	0.04501
-70	-2.1	0.046797
-70	-2	0.047921
-70	-1.9	0.048458
-70	-1.8	0.048007
-70	-1.7	0.046328
-70	-1.6	0.044354
-70	-1.5	0.042565
-70	-1.4	0.042624
-70	-1.3	0.047382
-70	-1.2	0.053208
-70	-1.1	0.060178
-70	-1	0.06527
-70	-0.9	0.066636
-70	-0.8	0.065855
-70	-0.7	0.061529
-70	-0.6	0.055469
-70	-0.5	0.048005
-70	-0.4	0.037802
-70	-0.3	0.030153
-70	-0.2	0.024394
-70	-0.1	0.023098
-70	0	0.023523
-70	0.1	0.025688
-70	0.2	0.029263
-70	0.3	0.034731
-70	0.4	0.041744
-70	0.5	0.044848
-70	0.6	0.049452
-70	0.7	0.051474
-70	0.8	0.052872
-70	0.9	0.052511
-70	1	0.051515
-70	1.1	0.049017
-70	1.2	0.046463
-70	1.3	0.042808
-70	1.4	0.039031
-70	1.5	0.036091
-70	1.6	0.033472
-70	1.7	0.031166
-70	1.8	0.03007
-70	1.9	0.02965
-70	2	0.028455
-70	2.1	0.027461
-70	2.2	0.026133
-70	2.3	0.024333
-70	2.4	0.022069
-70	2.5	0.019338
-70	2.6	0.017684
-70	2.7	0.016368
-70	2.8	0.01523
-70	2.9	0.014612
-70	3	0.014293
-70	3.1	0.013654
-70	3.2	0.013035
-70	3.3	0.010921
-70	3.4	0.0091213
-70	3.5	0.0072272
-70	3.6	0.0066859
-70	3.7	0.0066228
-70	3.8	0.007053
-70	3.9	0.0075616
-70	4	0.0075467
-60	-4	0.01121
-60	-3.9	0.011382
-60	-3.8	0.011629
-60	-3.7	0.012062
-60	-3.6	0.01217
-60	-3.5	0.014122
-60	-3.4	0.014576
-60	-3.3	0.015654
-60	-3.2	0.016275
-60	-3.1	0.016549
-60	-3	0.01715
-60	-2.9	0.021474
-60	-2.8	0.024523
-60	-2.7	0.030879
-60	-2.6	0.035206
-60	-2.5	0.038517
-60	-2.4	0.039882
-60	-2.3	0.041422
-60	-2.2	0.042874
-60	-2.1	0.045755
-60	-2	0.048886
-60	-1.9	0.050159
-60	-1.8	0.048697
-60	-1.7	0.044427
-60	-1.6	0.041519
-60	-1.5	0.038919
-60	-1.4	0.040649
-60	-1.3	0.046033
-60	-1.2	0.053798
-60	-1.1	0.062741
-60	-1	0.06593
-60	-0.9	0.067344
-60	-0.8	0.064269
-60	-0.7	0.05799
-60	-0.6	0.050874
-60	-0.5	0.040589
-60	-0.4	0.034122
-60	-0.3	0.026477
-60	-0.2	0.023071
-60	-0.1	0.022056
-60	0	0.02199
-60	0.1	0.025026
-60	0.2	0.030977
-60	0.3	0.034765
-60	0.4	0.04191
-60	0.5	0.048063
-60	0.6	0.050236
-60	0.7	0.051204
-60	0.8	0.050919
-60	0.9	0.050023
-60	1	0.047437
-60	1.1	0.045232
-60	1.2	0.043213
-60	1.3	0.039459
-60	1.4	0.037402
-60	1.5	0.033708
-60	1.6	0.031993
-60	1.7	0.031171
-60	1.8	0.030806
-60	1.9	0.030198
-60	2	0.029848
-60	2.1	0.028338
-60	2.2	0.025789
-60	2.3	0.024047
-60	2.4	0.02162
-60	2.5	0.019061
-60	2.6	0.017557
-60	2.7	0.01651
-60	2.8	0.015647
-60	2.9	0.013949
-60	3	0.012497
-60	3.1	0.011262
-60	3.2	0.010839
-60	3.3	0.0093574
-60	3.4	0.0089116
-60	3.5	0.0081579
-60	3.6	0.0076
-60	3.7	0.007254
-60	3.8	0.0070392
-60	3.9	0.0071032
-60	4	0.0073272
-50	-4	0.011763
-50	-3.9	0.012417
-50	-3.8	0.013332
-50	-3.7	0.013686
-50	-3.6	0.014165
-50	-3.5	0.014127
-50	-3.4	0.014265
-50	-3.3	0.01417
-50	-3.2	0.01456
-50	-3.1	0.015586
-50	-3	0.018885
-50	-2.9	0.023545
-50	-2.8	0.028809
-50	-2.7	0.031954
-50	-2.6	0.034082
-50	-2.5	0.035965
-50	-2.4	0.039189
-50	-2.3	0.042182
-50	-2.2	0.047085
-50	-2.1	0.05026
-50	-2	0.051098
-50	-1.9	0.050308
-50	-1.8	0.04794
-50	-1.7	0.042898
-50	-1.6	0.039673
-50	-1.5	0.037217
-50	-1.4	0.039937
-50	-1.3	0.045441
-50	-1.2	0.050906
-50	-1.1	0.05853
-50	-1	0.063263
-50	-0.9	0.064196
-50	-0.8	0.061045
-50	-0.7	0.056817
-50	-0.6	0.049847
-50	-0.5	0.042579
-50	-0.4	0.033153
-50	-0.3	0.0276
-50	-0.2	0.025133
-50	-0.1	0.023349
-50	0	0.023143
-50	0.1	0.025188
-50	0.2	0.02829
-50	0.3	0.034225
-50	0.4	0.037918
-50	0.5	0.043189
-50	0.6	0.04708
-50	0.7	0.048993
-50	0.8	0.049316
-50	0.9	0.048421
-50	1	0.046805
-50	1.1	0.041578
-50	1.2	0.038345
-50	1.3	0.036907
-50	1.4	0.034029
-50	1.5	0.032071
-50	1.6	0.031776
-50	1.7	0.031431
-50	1.8	0.030968
-50	1.9	0.030236
-50	2	0.027485
-50	2.1	0.025314
-50	2.2	0.023628
-50	2.3	0.021655
-50	2.4	0.021215
-50	2.5	0.020364
-50	2.6	0.018535
-50	2.7	0.017719
-50	2.8	0.014949
-50	2.9	0.013229
-50	3	0.010381
-50	3.1	0.00944
-50	3.2	0.0093401
-50	3.3	0.0098963
-50	3.4	0.0098881
-50	3.5	0.0097433
-50	3.6	0.0091018
-50	3.7	0.0085165
-50	3.8	0.0078982
-50	3.9	0.0070895
-50	4	0.0070231
-40	-4	0.015383
-40	-3.9	0.015095
-40	-3.8	0.013127
-40	-3.7	0.011965
-40	-3.6	0.012258
-40	-3.5	0.013514
-40	-3.4	0.01563
-40	-3.3	0.016074
-40	-3.2	0.015356
-40	-3.1	0.014703
-40	-3	0.016747
-40	-2.9	0.022634
-40	-2.8	0.0277
-40	-2.7	0.03194
-40	-2.6	0.034909
-40	-2.5	0.037642
-40	-2.4	0.039642
-40	-2.3	0.041906
-40	-2.2	0.045161
-40	-2.1	0.048206
-40	-2	0.050632
-40	-1.9	0.051272
-40	-1.8	0.048361
-40	-1.7	0.04425
-40	-1.6	0.037267
-40	-1.5	0.032732
-40	-1.4	0.035189
-40	-1.3	0.043578
-40	-1.2	0.05309
-40	-1.1	0.058812
-40	-1	0.065459
-40	-0.9	0.065941
-40	-0.8	0.062203
-40	-0.7	0.055811
-40	-0.6	0.049423
-40	-0.5	0.041214
-40	-0.4	0.031156
-40	-0.3	0.024867
-40	-0.2	0.020253
-40	-0.1	0.019753
-40	0	0.020443
-40	0.1	0.02268
-40	0.2	0.027534
-40	0.3	0.032958
-40	0.4	0.037602
-40	0.5	0.041898
-40	0.6	0.04515
-40	0.7	0.046775
-40	0.8	0.046656
-40	0.9	0.044877
-40	1	0.042547
-40	1.1	0.040074
-40	1.2	0.036635
-40	1.3	0.033696
-40	1.4	0.033029
-40	1.5	0.031633
-40	1.6	0.0309
-40	1.7	0.029068
-40	1.8	0.028219
-40	1.9	0.027017
-40	2	0.025343
-40	2.1	0.023449
-40	2.2	0.02181
-40	2.3	0.021335
-40	2.4	0.020431
-40	2.5	0.019082
-40	2.6	0.016677
-40	2.7	0.015695
-40	2.8	0.013993
-40	2.9	0.012031
-40	3	0.010238
-40	3.1	0.0091248
-40	3.2	0.0093971
-40	3.3	0.010007
-40	3.4	0.010113
-40	3.5	0.0098406
-40	3.6	0.0094383
-40	3.7	0.0088241
-40	3.8	0.0080883
-40	3.9	0.0067796
-40	4	0.0061364
-30	-4	0.013761
-30	-3.9	0.01268
-30	-3.8	0.011524
-30	-3.7	0.010839
-30	-3.6	0.011707
-30	-3.5	0.013336
-30	-3.4	0.014233
-30	-3.3	0.013671
-30	-3.2	0.013077
-30	-3.1	0.012262
-30	-3	0.015926
-30	-2.9	0.019489
-30	-2.8	0.025176
-30	-2.7	0.029503
-30	-2.6	0.032546
-30	-2.5	0.034975
-30	-2.4	0.038186
-30	-2.3	0.042459
-30	-2.2	0.046263
-30	-2.1	0.04867
-30	-2	0.050044
-30	-1.9	0.049074
-30	-1.8	0.046604
-30	-1.7	0.0412
-30	-1.6	0.035289
-30	-1.5	0.030363
-30	-1.4	0.031948
-30	-1.3	0.039808
-30	-1.2	0.049457
-30	-1.1	0.05848
-30	-1	0.062611
-30	-0.9	0.061678
-30	-0.8	0.056715
-30	-0.7	0.051577
-30	-0.6	0.043028
-30	-0.5	0.035366
-30	-0.4	0.025693
-30	-0.3	0.022654
-30	-0.2	0.018732
-30	-0.1	0.018527
-30	0	0.01909
-30	0.1	0.021207
-30	0.2	0.025279
-30	0.3	0.030565
-30	0.4	0.034038
-30	0.5	0.037539
-30	0.6	0.041357
-30	0.7	0.042496
-30	0.8	0.04264
-30	0.9	0.041204
-30	1	0.039363
-30	1.1	0.036545
-30	1.2	0.032829
-30	1.3	0.030605
-30	1.4	0.027981
-30	1.5	0.026619
-30	1.6	0.026072
-30	1.7	0.026056
-30	1.8	0.026015
-30	1.9	0.025158
-30	2	0.023401
-30	2.1	0.0216
-30	2.2	0.020714
-30	2.3	0.019712
-30	2.4	0.01888
-30	2.5	0.018052
-30	2.6	0.017515
-30	2.7	0.015952
-30	2.8	0.014943
-30	2.9	0.012627
-30	3	0.01147
-30	3.1	0.0102
-30	3.2	0.010918
-30	3.3	0.010874
-30	3.4	0.011326
-30	3.5	0.010021
-30	3.6	0.0092165
-30	3.7	0.008272
-30	3.8	0.0073602
-30	3.9	0.0070872
-30	4	0.007254
-20	-4	0.012888
-20	-3.9	0.010948
-20	-3.8	0.0093089
-20	-3.7	0.0089892
-20	-3.6	0.010626
-20	-3.5	0.012814
-20	-3.4	0.01416
-20	-3.3	0.013729
-20	-3.2	0.011907
-20	-3.1	0.010049
-20	-3	0.010804
-20	-2.9	0.016766
-20	-2.8	0.023031
-20	-2.7	0.025679
-20	-2.6	0.031022
-20	-2.5	0.035196
-20	-2.4	0.037612
-20	-2.3	0.038978
-20	-2.2	0.041311
-20	-2.1	0.044844
-20	-2	0.046881
-20	-1.9	0.047957
-20	-1.8	0.045142
-20	-1.7	0.037345
-20	-1.6	0.032179
-20	-1.5	0.027452
-20	-1.4	0.029759
-20	-1.3	0.038355
-20	-1.2	0.047511
-20	-1.1	0.05718
-20	-1	0.059874
-20	-0.9	0.060611
-20	-0.8	0.057146
-20	-0.7	0.051679
-20	-0.6	0.043029
-20	-0.5	0.033823
-20	-0.4	0.024008
-20	-0.3	0.020839
-20	-0.2	0.015899
-20	-0.1	0.01457
-20	0	0.014573
-20	0.1	0.017145
-20	0.2	0.020324
-20	0.3	0.026814
-20	0.4	0.031822
-20	0.5	0.035749
-20	0.6	0.040526
-20	0.7	0.041566
-20	0.8	0.04273
-20	0.9	0.041297
-20	1	0.039206
-20	1.1	0.035483
-20	1.2	0.032057
-20	1.3	0.028421
-20	1.4	0.025453
-20	1.5	0.024486
-20	1.6	0.023818
-20	1.7	0.02377
-20	1.8	0.024261
-20	1.9	0.024053
-20	2	0.023508
-20	2.1	0.021975
-20	2.2	0.021247
-20	2.3	0.018318
-20	2.4	0.017119
-20	2.5	0.015067
-20	2.6	0.013557
-20	2.7	0.012033
-20	2.8	0.0096934
-20	2.9	0.008562
-20	3	0.0081122
-20	3.1	0.0074214
-20	3.2	0.00677
-20	3.3	0.0065195
-20	3.4	0.0062744
-20	3.5	0.0059817
-20	3.6	0.0061496
-20	3.7	0.0065418
-20	3.8	0.0062719
-20	3.9	0.0065121
-20	4	0.0063053
-10	-4	0.0096298
-10	-3.9	0.008888
-10	-3.8	0.0090018
-10	-3.7	0.010306
-10	-3.6	0.011868
-10	-3.5	0.012409
-10	-3.4	0.012221
-10	-3.3	0.011346
-10	-3.2	0.0091213
-10	-3.1	0.0084823
-10	-3	0.010525
-10	-2.9	0.01511
-10	-2.8	0.019992
-10	-2.7	0.024862
-10	-2.6	0.0284
-10	-2.5	0.030574
-10	-2.4	0.034413
-10	-2.3	0.038414
-10	-2.2	0.041471
-10	-2.1	0.045613
-10	-2	0.047073
-10	-1.9	0.046428
-10	-1.8	0.044257
-10	-1.7	0.038428
-10	-1.6	0.031083
-10	-1.5	0.026541
-10	-1.4	0.028139
-10	-1.3	0.037315
-10	-1.2	0.046399
-10	-1.1	0.054122
-10	-1	0.057998
-10	-0.9	0.057161
-10	-0.8	0.052447
-10	-0.7	0.045731
-10	-0.6	0.036785
-10	-0.5	0.031731
-10	-0.4	0.022048
-10	-0.3	0.01653
-10	-0.2	0.014305
-10	-0.1	0.013339
-10	0	0.012964
-10	0.1	0.014623
-10	0.2	0.019248
-10	0.3	0.022507
-10	0.4	0.028955
-10	0.5	0.032024
-10	0.6	0.035967
-10	0.7	0.03727
-10	0.8	0.037903
-10	0.9	0.036658
-10	1	0.033876
-10	1.1	0.030242
-10	1.2	0.027916
-10	1.3	0.025456
-10	1.4	0.023702
-10	1.5	0.021675
-10	1.6	0.021443
-10	1.7	0.021203
-10	1.8	0.021784
-10	1.9	0.022291
-10	2	0.02245
-10	2.1	0.021764
-10	2.2	0.020129
-10	2.3	0.018653
-10	2.4	0.015089
-10	2.5	0.013017
-10	2.6	0.010863
-10	2.7	0.0091796
-10	2.8	0.0085279
-10	2.9	0.0084918
-10	3	0.0087228
-10	3.1	0.0096616
-10	3.2	0.0095878
-10	3.3	0.0085789
-10	3.4	0.0075787
-10	3.5	0.0065492
-10	3.6	0.0059628
-10	3.7	0.0062616
-10	3.8	0.0068483
-10	3.9	0.0075766
-10	4	0.0077474
0	-4	0.012058
0	-3.9	0.011989
0	-3.8	0.011351
0	-3.7	0.0093124
0	-3.6	0.0081421
0	-3.5	0.0082857
0	-3.4	0.0095607
0	-3.3	0.010409
0	-3.2	0.010186
0	-3.1	0.0089478
0	-3	0.0095201
0	-2.9	0.012974
0	-2.8	0.01702
0	-2.7	0.024131
0	-2.6	0.027653
0	-2.5	0.031581
0	-2.4	0.035155
0	-2.3	0.037815
0	-2.2	0.039141
0	-2.1	0.040506
0	-2	0.04136
0	-1.9	0.041672
0	-1.8	0.040762
0	-1.7	0.038654
0	-1.6	0.032425
0	-1.5	0.025167
0	-1.4	0.025043
0	-1.3	0.032538
0	-1.2	0.041582
0	-1.1	0.05204
0	-1	0.057696
0	-0.9	0.059851
0	-0.8	0.056122
0	-0.7	0.05214
0	-0.6	0.040646
0	-0.5	0.032574
0	-0.4	0.021546
0	-0.3	0.016112
0	-0.2	0.013122
0	-0.1	0.012258
0	0	0.010936
0	0.1	0.011413
0	0.2	0.014391
0	0.3	0.021212
0	0.4	0.026162
0	0.5	0.03097
0	0.6	0.03741
0	0.7	0.038424
0	0.8	0.038682
0	0.9	0.036817
0	1	0.033293
0	1.1	0.030894
0	1.2	0.027556
0	1.3	0.025088
0	1.4	0.024006
0	1.5	0.023081
0	1.6	0.022616
0	1.7	0.022498
0	1.8	0.022405
0	1.9	0.022109
0	2	0.02208
0	2.1	0.021376
0	2.2	0.019937
0	2.3	0.018435
0	2.4	0.015635
0	2.5	0.013534
0	2.6	0.012156
0	2.7	0.010769
0	2.8	0.010016
0	2.9	0.0090072
0	3	0.0087487
0	3.1	0.0086596
0	3.2	0.0081718
0	3.3	0.0075445
0	3.4	0.0073073
0	3.5	0.0075958
0	3.6	0.0074757
0	3.7	0.0074908
0	3.8	0.0071666
0	3.9	0.0070323
0	4	0.0066835
10	-4	0.013589
10	-3.9	0.012371
10	-3.8	0.01103
10	-3.7	0.010238
10	-3.6	0.010686
10	-3.5	0.011651
10	-3.4	0.011959
10	-3.3	0.010772
10	-3.2	0.0090036
10	-3.1	0.0080823
10	-3	0.0092933
10	-2.9	0.014265
10	-2.8	0.018327
10	-2.7	0.0238
10	-2.6	0.026486
10	-2.5	0.029573
10	-2.4	0.032713
10	-2.3	0.035337
10	-2.2	0.038833
10	-2.1	0.043155
10	-2	0.04464
10	-1.9	0.044657
10	-1.8	0.04136
10	-1.7	0.036093
10	-1.6	0.025498
10	-1.5	0.018567
10	-1.4	0.019734
10	-1.3	0.027605
10	-1.2	0.039108
10	-1.1	0.048459
10	-1	0.05521
10	-0.9	0.057565
10	-0.8	0.054693
10	-0.7	0.049854
10	-0.6	0.039958
10	-0.5	0.028586
10	-0.4	0.020334
10	-0.3	0.015496
10	-0.2	0.010839
10	-0.1	0.010303
10	0	0.009816
10	0.1	0.010475
10	0.2	0.013563
10	0.3	0.018208
10	0.4	0.022984
10	0.5	0.027778
10	0.6	0.033104
10	0.7	0.035626
10	0.8	0.036112
10	0.9	0.035405
10	1	0.03293
10	1.1	0.029864
10	1.2	0.025623
10	1.3	0.023356
10	1.4	0.021634
10	1.5	0.021525
10	1.6	0.022029
10	1.7	0.022095
10	1.8	0.021889
10	1.9	0.02193
10	2	0.021627
10	2.1	0.021372
10	2.2	0.02037
10	2.3	0.019855
10	2.4	0.018615
10	2.5	0.016792
10	2.6	0.015511
10	2.7	0.013805
10	2.8	0.011875
10	2.9	0.010995
10	3	0.0099371
10	3.1	0.009068
10	3.2	0.0088424
10	3.3	0.008006
10	3.4	0.0078901
10	3.5	0.0077953
10	3.6	0.0083827
10	3.7	0.0087505
10	3.8	0.0087061
10	3.9	0.0084652
10	4	0.0079938
20	-4	0.013106
20	-3.9	0.013784
20	-3.8	0.013113
20	-3.7	0.011051
20	-3.6	0.010245
20	-3.5	0.009537
20	-3.4	0.0092305
20	-3.3	0.0092811
20	-3.2	0.0090751
20	-3.1	0.0081321
20	-3	0.0083634
20	-2.9	0.011393
20	-2.8	0.017263
20	-2.7	0.020092
20	-2.6	0.024518
20	-2.5	0.028583
20	-2.4	0.030743
20	-2.3	0.033616
20	-2.2	0.036482
20	-2.1	0.039513
20	-2	0.040858
20	-1.9	0.041583
20	-1.8	0.039622
20	-1.7	0.034468
20	-1.6	0.026176
20	-1.5	0.019615
20	-1.4	0.019077
20	-1.3	0.024675
20	-1.2	0.034579
20	-1.1	0.047754
20	-1	0.056107
20	-0.9	0.057656
20	-0.8	0.057524
20	-0.7	0.053111
20	-0.6	0.044596
20	-0.5	0.032799
20	-0.4	0.023256
20	-0.3	0.016956
20	-0.2	0.013071
20	-0.1	0.011822
20	0	0.011328
20	0.1	0.010974
20	0.2	0.011531
20	0.3	0.01617
20	0.4	0.022343
20	0.5	0.026811
20	0.6	0.03432
20	0.7	0.03676
20	0.8	0.03846
20	0.9	0.037738
20	1	0.034924
20	1.1	0.031158
20	1.2	0.027747
20	1.3	0.025446
20	1.4	0.024981
20	1.5	0.0251
20	1.6	0.025608
20	1.7	0.025502
20	1.8	0.025213
20	1.9	0.02493
20	2	0.023892
20	2.1	0.022851
20	2.2	0.021197
20	2.3	0.020059
20	2.4	0.018498
20	2.5	0.016969
20	2.6	0.015049
20	2.7	0.012932
20	2.8	0.011541
20	2.9	0.009715
20	3	0.0086838
20	3.1	0.0078531
20	3.2	0.0083537
20	3.3	0.0081222
20	3.4	0.0084
20	3.5	0.0082759
20	3.6	0.0081242
20	3.7	0.0083207
20	3.8	0.0084632
20	3.9	0.0084594
20	4	0.0079999
30	-4	0.013972
30	-3.9	0.013662
30	-3.8	0.011883
30	-3.7	0.011094
30	-3.6	0.010762
30	-3.5	0.01139
30	-3.4	0.012369
30	-3.3	0.012225
30	-3.2	0.010322
30	-3.1	0.008311
30	-3	0.0073777
30	-2.9	0.01063
30	-2.8	0.017391
30	-2.7	0.022221
30	-2.6	0.025569
30	-2.5	0.027656
30	-2.4	0.029128
30	-2.3	0.031807
30	-2.2	0.034626
30	-2.1	0.038641
30	-2	0.043278
30	-1.9	0.044289
30	-1.8	0.043002
30	-1.7	0.034616
30	-1.6	0.028876
30	-1.5	0.019511
30	-1.4	0.017428
30	-1.3	0.024433
30	-1.2	0.032515
30	-1.1	0.043058
30	-1	0.049695
30	-0.9	0.054876
30	-0.8	0.054692
30	-0.7	0.050148
30	-0.6	0.042453
30	-0.5	0.033389
30	-0.4	0.023371
30	-0.3	0.018742
30	-0.2	0.013471
30	-0.1	0.011907
30	0	0.011527
30	0.1	0.011017
30	0.2	0.012578
30	0.3	0.016819
30	0.4	0.021154
30	0.5	0.02775
30	0.6	0.032293
30	0.7	0.037276
30	0.8	0.038737
30	0.9	0.038671
30	1	0.036372
30	1.1	0.033409
30	1.2	0.028714
30	1.3	0.025893
30	1.4	0.024378
30	1.5	0.024543
30	1.6	0.025425
30	1.7	0.026945
30	1.8	0.02755
30	1.9	0.027495
30	2	0.026978
30	2.1	0.025279
30	2.2	0.023284
30	2.3	0.021615
30	2.4	0.019933
30	2.5	0.01759
30	2.6	0.016512
30	2.7	0.01468
30	2.8	0.012794
30	2.9	0.011212
30	3	0.01009
30	3.1	0.0087635
30	3.2	0.0080623
30	3.3	0.0083904
30	3.4	0.0087929
30	3.5	0.0090982
30	3.6	0.0095014
30	3.7	0.0094485
30	3.8	0.0094895
30	3.9	0.0091989
30	4	0.008272
40	-4	0.013594
40	-3.9	0.014484
40	-3.8	0.013882
40	-3.7	0.01216
40	-3.6	0.010534
40	-3.5	0.0097
40	-3.4	0.00968
40	-3.3	0.011132
40	-3.2	0.011791
40	-3.1	0.010574
40	-3	0.0082427
40	-2.9	0.0076783
40	-2.8	0.012039
40	-2.7	0.016478
40	-2.6	0.023162
40	-2.5	0.028109
40	-2.4	0.030507
40	-2.3	0.031861
40	-2.2	0.033672
40	-2.1	0.035603
40	-2	0.03821
40	-1.9	0.040781
40	-1.8	0.041289
40	-1.7	0.038743
40	-1.6	0.031744
40	-1.5	0.027959
40	-1.4	0.021426
40	-1.3	0.020261
40	-1.2	0.028828
40	-1.1	0.039821
40	-1	0.047822
40	-0.9	0.054852
40	-0.8	0.055739
40	-0.7	0.052107
40	-0.6	0.047512
40	-0.5	0.035986
40	-0.4	0.029612
40	-0.3	0.019868
40	-0.2	0.017172
40	-0.1	0.013985
40	0	0.013146
40	0.1	0.011725
40	0.2	0.012977
40	0.3	0.01575
40	0.4	0.022212
40	0.5	0.029
40	0.6	0.037721
40	0.7	0.041181
40	0.8	0.043441
40	0.9	0.04266
40	1	0.039473
40	1.1	0.036952
40	1.2	0.030713
40	1.3	0.028626
40	1.4	0.026311
40	1.5	0.026059
40	1.6	0.026202
40	1.7	0.026731
40	1.8	0.026911
40	1.9	0.027141
40	2	0.027232
40	2.1	0.026835
40	2.2	0.02651
40	2.3	0.02506
40	2.4	0.022673
40	2.5	0.020398
40	2.6	0.016466
40	2.7	0.014719
40	2.8	0.011969
40	2.9	0.010285
40	3	0.0096264
40	3.1	0.0092147
40	3.2	0.0088643
40	3.3	0.0085487
40	3.4	0.0083149
40	3.5	0.0081777
40	3.6	0.0084556
40	3.7	0.0088094
40	3.8	0.0093971
40	3.9	0.009613
40	4	0.0094091
50	-4	0.014551
50	-3.9	0.014906
50	-3.8	0.014409
50	-3.7	0.011697
50	-3.6	0.0096248
50	-3.5	0.0088588
50	-3.4	0.009924
50	-3.3	0.011667
50	-3.2	0.012361
50	-3.1	0.011808
50	-3	0.0095387
50	-2.9	0.0068271
50	-2.8	0.0082073
50	-2.7	0.013776
50	-2.6	0.02062
50	-2.5	0.024269
50	-2.4	0.028884
50	-2.3	0.030964
50	-2.2	0.032739
50	-2.1	0.035232
50	-2	0.037976
50	-1.9	0.041501
50	-1.8	0.042556
50	-1.7	0.040015
50	-1.6	0.036017
50	-1.5	0.029277
50	-1.4	0.021737
50	-1.3	0.02218
50	-1.2	0.027782
50	-1.1	0.039296
50	-1	0.044974
50	-0.9	0.051768
50	-0.8	0.054403
50	-0.7	0.050815
50	-0.6	0.045874
50	-0.5	0.039714
50	-0.4	0.030033
50	-0.3	0.022871
50	-0.2	0.017868
50	-0.1	0.016092
50	0	0.014786
50	0.1	0.014278
50	0.2	0.015631
50	0.3	0.019506
50	0.4	0.026137
50	0.5	0.030312
50	0.6	0.035458
50	0.7	0.040122
50	0.8	0.041801
50	0.9	0.041526
50	1	0.039712
50	1.1	0.038918
50	1.2	0.035128
50	1.3	0.032626
50	1.4	0.030517
50	1.5	0.029424
50	1.6	0.028499
50	1.7	0.027646
50	1.8	0.027515
50	1.9	0.027475
50	2	0.028258
50	2.1	0.028344
50	2.2	0.028035
50	2.3	0.027004
50	2.4	0.024879
50	2.5	0.022058
50	2.6	0.018482
50	2.7	0.014746
50	2.8	0.012178
50	2.9	0.010958
50	3	0.010866
50	3.1	0.010927
50	3.2	0.010351
50	3.3	0.010384
50	3.4	0.0097133
50	3.5	0.0093124
50	3.6	0.0089712
50	3.7	0.0083266
50	3.8	0.0085639
50	3.9	0.0084326
50	4	0.0095116
60	-4	0.015146
60	-3.9	0.0153
60	-3.8	0.014456
60	-3.7	0.012344
60	-3.6	0.011239
60	-3.5	0.011164
60	-3.4	0.012176
60	-3.3	0.014072
60	-3.2	0.014204
60	-3.1	0.012221
60	-3	0.0090608
60	-2.9	0.0076972
60	-2.8	0.008769
60	-2.7	0.015154
60	-2.6	0.019491
60	-2.5	0.023859
60	-2.4	0.026245
60	-2.3	0.029108
60	-2.2	0.032196
60	-2.1	0.034925
60	-2	0.039566
60	-1.9	0.041602
60	-1.8	0.043092
60	-1.7	0.042329
60	-1.6	0.038028
60	-1.5	0.031323
60	-1.4	0.024856
60	-1.3	0.021375
60	-1.2	0.02793
60	-1.1	0.034768
60	-1	0.042361
60	-0.9	0.049241
60	-0.8	0.051078
60	-0.7	0.049243
60	-0.6	0.045545
60	-0.5	0.041292
60	-0.4	0.035596
60	-0.3	0.027829
60	-0.2	0.025023
60	-0.1	0.021413
60	0	0.018765
60	0.1	0.01775
60	0.2	0.017372
60	0.3	0.01943
60	0.4	0.025311
60	0.5	0.028508
60	0.6	0.034544
60	0.7	0.039995
60	0.8	0.043001
60	0.9	0.043512
60	1	0.042218
60	1.1	0.039957
60	1.2	0.038064
60	1.3	0.034694
60	1.4	0.033573
60	1.5	0.032501
60	1.6	0.032673
60	1.7	0.033525
60	1.8	0.034123
60	1.9	0.03476
60	2	0.035135
60	2.1	0.034041
60	2.2	0.032481
60	2.3	0.029523
60	2.4	0.026945
60	2.5	0.023789
60	2.6	0.020607
60	2.7	0.017611
60	2.8	0.014852
60	2.9	0.012264
60	3	0.011026
60	3.1	0.010722
60	3.2	0.010897
60	3.3	0.011282
60	3.4	0.011474
60	3.5	0.011225
60	3.6	0.010863
60	3.7	0.0094946
60	3.8	0.0095709
60	3.9	0.010105
60	4	0.010851
70	-4	0.012278
70	-3.9	0.013169
70	-3.8	0.013811
70	-3.7	0.014229
70	-3.6	0.014021
70	-3.5	0.013638
70	-3.4	0.012864
70	-3.3	0.013054
70	-3.2	0.012264
70	-3.1	0.011443
70	-3	0.01034
70	-2.9	0.0082544
70	-2.8	0.0087154
70	-2.7	0.010968
70	-2.6	0.016722
70	-2.5	0.020425
70	-2.4	0.023925
70	-2.3	0.026743
70	-2.2	0.029247
70	-2.1	0.031729
70	-2	0.034973
70	-1.9	0.038539
70	-1.8	0.039572
70	-1.7	0.040273
70	-1.6	0.039125
70	-1.5	0.033571
70	-1.4	0.026986
70	-1.3	0.021291
70	-1.2	0.020454
70	-1.1	0.026357
70	-1	0.037068
70	-0.9	0.043338
70	-0.8	0.048629
70	-0.7	0.050331
70	-0.6	0.048886
70	-0.5	0.044872
70	-0.4	0.037183
70	-0.3	0.032952
70	-0.2	0.025607
70	-0.1	0.022798
70	0	0.019872
70	0.1	0.017038
70	0.2	0.016349
70	0.3	0.017434
70	0.4	0.021554
70	0.5	0.028512
70	0.6	0.035082
70	0.7	0.040476
70	0.8	0.043237
70	0.9	0.045457
70	1	0.044933
70	1.1	0.042764
70	1.2	0.040367
70	1.3	0.036588
70	1.4	0.032682
70	1.5	0.031598
70	1.6	0.03097
70	1.7	0.031753
70	1.8	0.032162
70	1.9	0.032886
70	2	0.033196
70	2.1	0.032465
70	2.2	0.030148
70	2.3	0.027356
70	2.4	0.023757
70	2.5	0.021312
70	2.6	0.018853
70	2.7	0.016879
70	2.8	0.014633
70	2.9	0.013461
70	3	0.011262
70	3.1	0.0091231
70	3.2	0.0081162
70	3.3	0.0078449
70	3.4	0.0082446
70	3.5	0.0088424
70	3.6	0.0095438
70	3.7	0.009043
70	3.8	0.0089279
70	3.9	0.0090018
70	4	0.0092042
80	-4	0.011398
80	-3.9	0.013634
80	-3.8	0.015294
80	-3.7	0.01603
80	-3.6	0.015545
80	-3.5	0.013633
80	-3.4	0.012147
80	-3.3	0.011501
80	-3.2	0.011419
80	-3.1	0.012156
80	-3	0.011957
80	-2.9	0.0097233
80	-2.8	0.0079472
80	-2.7	0.0091408
80	-2.6	0.013208
80	-2.5	0.019642
80	-2.4	0.024117
80	-2.3	0.027124
80	-2.2	0.028948
80	-2.1	0.030375
80	-2	0.032907
80	-1.9	0.035246
80	-1.8	0.037579
80	-1.7	0.039031
80	-1.6	0.037789
80	-1.5	0.03594
80	-1.4	0.029826
80	-1.3	0.02245
80	-1.2	0.020007
80	-1.1	0.023641
80	-1	0.034912
80	-0.9	0.042156
80	-0.8	0.049283
80	-0.7	0.052731
80	-0.6	0.051971
80	-0.5	0.047327
80	-0.4	0.042435
80	-0.3	0.036172
80	-0.2	0.02994
80	-0.1	0.02471
80	0	0.020723
80	0.1	0.017756
80	0.2	0.01662
80	0.3	0.017209
80	0.4	0.023596
80	0.5	0.028786
80	0.6	0.033914
80	0.7	0.040587
80	0.8	0.046237
80	0.9	0.048157
80	1	0.047899
80	1.1	0.04528
80	1.2	0.041428
80	1.3	0.038236
80	1.4	0.035931
80	1.5	0.033573
80	1.6	0.033517
80	1.7	0.034724
80	1.8	0.03502
80	1.9	0.035328
80	2	0.034514
80	2.1	0.033697
80	2.2	0.031112
80	2.3	0.02776
80	2.4	0.025318
80	2.5	0.02332
80	2.6	0.02112
80	2.7	0.018783
80	2.8	0.016724
80	2.9	0.014608
80	3	0.012244
80	3.1	0.010173
80	3.2	0.0093471
80	3.3	0.0089188
80	3.4	0.0091266
80	3.5	0.010129
80	3.6	0.010063
80	3.7	0.0098472
80	3.8	0.0098472
80	3.9	0.010105
80	4	0.010161
90	-4	0.012005
90	-3.9	0.012416
90	-3.8	0.013478
90	-3.7	0.014324
90	-3.6	0.01473
90	-3.5	0.01444
90	-3.4	0.013645
90	-3.3	0.013146
90	-3.2	0.012587
90	-3.1	0.012111
90	-3	0.010654
90	-2.9	0.0089604
90	-2.8	0.0086465
90	-2.7	0.0097449
90	-2.6	0.01414
90	-2.5	0.017418
90	-2.4	0.021068
90	-2.3	0.023787
90	-2.2	0.027059
90	-2.1	0.028495
90	-2	0.032282
90	-1.9	0.035207
90	-1.8	0.037818
90	-1.7	0.038105
90	-1.6	0.0355
90	-1.5	0.032493
90	-1.4	0.027685
90	-1.3	0.021346
90	-1.2	0.020195
90	-1.1	0.023278
90	-1	0.032779
90	-0.9	0.037637
90	-0.8	0.046576
90	-0.7	0.050009
90	-0.6	0.049279
90	-0.5	0.046733
90	-0.4	0.04273
90	-0.3	0.035076
90	-0.2	0.028587
90	-0.1	0.025661
90	0	0.020763
90	0.1	0.018429
90	0.2	0.017164
90	0.3	0.017426
90	0.4	0.023492
90	0.5	0.027502
90	0.6	0.036508
90	0.7	0.043012
90	0.8	0.046875
90	0.9	0.049141
90	1	0.04776
90	1.1	0.046202
90	1.2	0.042667
90	1.3	0.038305
90	1.4	0.034228
90	1.5	0.033135
90	1.6	0.034569
90	1.7	0.035707
90	1.8	0.036552
90	1.9	0.037025
90	2	0.03643
90	2.1	0.035133
90	2.2	0.032358
90	2.3	0.029528
90	2.4	0.027173
90	2.5	0.024515
90	2.6	0.022252
90	2.7	0.019148
90	2.8	0.015554
90	2.9	0.014287
90	3	0.012495
90	3.1	0.011134
90	3.2	0.010191
90	3.3	0.0097283
90	3.4	0.0095099
90	3.5	0.010008
90	3.6	0.010311
90	3.7	0.010654
90	3.8	0.011036
90	3.9	0.011693
90	4	0.011586
100	-4	0.011799
100	-3.9	0.013391
100	-3.8	0.014311
100	-3.7	0.014664
100	-3.6	0.014262
100	-3.5	0.013359
100	-3.4	0.012734
100	-3.3	0.012599
100	-3.2	0.01265
100	-3.1	0.012241
100	-3	0.011737
100	-2.9	0.010529
100	-2.8	0.0089315
100	-2.7	0.0093107
100	-2.6	0.011629
100	-2.5	0.016927
100	-2.4	0.020154
100	-2.3	0.024019
100	-2.2	0.025838
100	-2.1	0.027184
100	-2	0.028818
100	-1.9	0.030724
100	-1.8	0.033873
100	-1.7	0.036526
100	-1.6	0.036486
100	-1.5	0.03378
100	-1.4	0.028901
100	-1.3	0.021967
100	-1.2	0.019878
100	-1.1	0.021599
100	-1	0.028355
100	-0.9	0.03473
100	-0.8	0.042088
100	-0.7	0.04506
100	-0.6	0.046718
100	-0.5	0.045229
100	-0.4	0.042719
100	-0.3	0.036379
100	-0.2	0.031687
100	-0.1	0.026861
100	0	0.023736
100	0.1	0.020344
100	0.2	0.018517
100	0.3	0.018882
100	0.4	0.020677
100	0.5	0.025118
100	0.6	0.030737
100	0.7	0.036945
100	0.8	0.042147
100	0.9	0.045868
100	1	0.046173
100	1.1	0.04554
100	1.2	0.043152
100	1.3	0.039816
100	1.4	0.034063
100	1.5	0.03166
100	1.6	0.030057
100	1.7	0.031323
100	1.8	0.031988
100	1.9	0.033417
100	2	0.035063
100	2.1	0.035244
100	2.2	0.033632
100	2.3	0.031041
100	2.4	0.027992
100	2.5	0.025043
100	2.6	0.021016
100	2.7	0.019544
100	2.8	0.018093
100	2.9	0.01652
100	3	0.01389
100	3.1	0.012136
100	3.2	0.0093678
100	3.3	0.0088241
100	3.4	0.0087727
100	3.5	0.0095844
100	3.6	0.010334
100	3.7	0.010287
100	3.8	0.010052
100	3.9	0.0099695
100	4	0.0094793
110	-4	0.00944
110	-3.9	0.011245
110	-3.8	0.013355
110	-3.7	0.014316
110	-3.6	0.013406
110	-3.5	0.01153
110	-3.4	0.0094039
110	-3.3	0.0093436
110	-3.2	0.010766
110	-3.1	0.012144
110	-3	0.012001
110	-2.9	0.010386
110	-2.8	0.0081659
110	-2.7	0.007347
110	-2.6	0.010457
110	-2.5	0.014748
110	-2.4	0.019073
110	-2.3	0.023434
110	-2.2	0.025393
110	-2.1	0.026873
110	-2	0.027285
110	-1.9	0.028566
110	-1.8	0.030262
110	-1.7	0.033158
110	-1.6	0.034329
110	-1.5	0.034019
110	-1.4	0.031524
110	-1.3	0.025318
110	-1.2	0.02053
110	-1.1	0.020721
110	-1	0.025215
110	-0.9	0.033929
110	-0.8	0.039662
110	-0.7	0.046274
110	-0.6	0.048236
110	-0.5	0.046708
110	-0.4	0.044849
110	-0.3	0.036007
110	-0.2	0.030616
110	-0.1	0.026008
110	0	0.021699
110	0.1	0.018232
110	0.2	0.016998
110	0.3	0.018134
110	0.4	0.021237
110	0.5	0.026508
110	0.6	0.035082
110	0.7	0.038452
110	0.8	0.043616
110	0.9	0.04622
110	1	0.045753
110	1.1	0.04457
110	1.2	0.042261
110	1.3	0.038283
110	1.4	0.034434
110	1.5	0.033109
110	1.6	0.032258
110	1.7	0.032508
110	1.8	0.033274
110	1.9	0.035108
110	2	0.035948
110	2.1	0.035996
110	2.2	0.034906
110	2.3	0.032644
110	2.4	0.030513
110	2.5	0.028232
110	2.6	0.023389
110	2.7	0.020554
110	2.8	0.01923
110	2.9	0.016958
110	3	0.014306
110	3.1	0.013081
110	3.2	0.011603
110	3.3	0.011467
110	3.4	0.011622
110	3.5	0.011923
110	3.6	0.012298
110	3.7	0.012356
110	3.8	0.01234
110	3.9	0.012241
110	4	0.011615
120	-4	0.0088387
120	-3.9	0.00988
120	-3.8	0.012037
120	-3.7	0.012761
120	-3.6	0.013066
120	-3.5	0.011275
120	-3.4	0.0087911
120	-3.3	0.0077787
120	-3.2	0.0094331
120	-3.1	0.010842
120	-3	0.01262
120	-2.9	0.012623
120	-2.8	0.0097183
120	-2.7	0.0072962
120	-2.6	0.00682
120	-2.5	0.0097929
120	-2.4	0.017167
120	-2.3	0.022123
120	-2.2	0.025396
120	-2.1	0.026364
120	-2	0.026111
120	-1.9	0.026691
120	-1.8	0.027884
120	-1.7	0.030022
120	-1.6	0.032238
120	-1.5	0.032863
120	-1.4	0.029725
120	-1.3	0.025866
120	-1.2	0.021205
120	-1.1	0.019597
120	-1	0.026055
120	-0.9	0.029633
120	-0.8	0.039832
120	-0.7	0.043962
120	-0.6	0.047206
120	-0.5	0.04727
120	-0.4	0.044983
120	-0.3	0.038078
120	-0.2	0.032874
120	-0.1	0.027454
120	0	0.023388
120	0.1	0.018664
120	0.2	0.016874
120	0.3	0.017057
120	0.4	0.021077
120	0.5	0.023206
120	0.6	0.031241
120	0.7	0.037928
120	0.8	0.042025
120	0.9	0.04483
120	1	0.045402
120	1.1	0.044167
120	1.2	0.040643
120	1.3	0.036755
120	1.4	0.03452
120	1.5	0.032895
120	1.6	0.032745
120	1.7	0.032786
120	1.8	0.033292
120	1.9	0.034031
120	2	0.03426
120	2.1	0.033453
120	2.2	0.032396
120	2.3	0.030891
120	2.4	0.029961
120	2.5	0.027677
120	2.6	0.025327
120	2.7	0.021442
120	2.8	0.018654
120	2.9	0.016351
120	3	0.01377
120	3.1	0.011434
120	3.2	0.010796
120	3.3	0.011243
120	3.4	0.011945
120	3.5	0.011883
120	3.6	0.011251
120	3.7	0.010095
120	3.8	0.00971
120	3.9	0.0092182
120	4	0.0093055
130	-4	0.0088789
130	-3.9	0.0099582
130	-3.8	0.011407
130	-3.7	0.01215
130	-3.6	0.01224
130	-3.5	0.011183
130	-3.4	0.0091461
130	-3.3	0.0077328
130	-3.2	0.0078098
130	-3.1	0.0092357
130	-3	0.010736
130	-2.9	0.01081
130	-2.8	0.010041
130	-2.7	0.0086502
130	-2.6	0.0082466
130	-2.5	0.01108
130	-2.4	0.015558
130	-2.3	0.020384
130	-2.2	0.02526
130	-2.1	0.02644
130	-2	0.027423
130	-1.9	0.027199
130	-1.8	0.027645
130	-1.7	0.028206
130	-1.6	0.028719
130	-1.5	0.029026
130	-1.4	0.027123
130	-1.3	0.024684
130	-1.2	0.01946
130	-1.1	0.018621
130	-1	0.022703
130	-0.9	0.029924
130	-0.8	0.040873
130	-0.7	0.045406
130	-0.6	0.048059
130	-0.5	0.048274
130	-0.4	0.045846
130	-0.3	0.041391
130	-0.2	0.032986
130	-0.1	0.027492
130	0	0.022149
130	0.1	0.017219
130	0.2	0.015172
130	0.3	0.014513
130	0.4	0.017317
130	0.5	0.024276
130	0.6	0.031346
130	0.7	0.038914
130	0.8	0.045467
130	0.9	0.04655
130	1	0.048191
130	1.1	0.046439
130	1.2	0.043252
130	1.3	0.039719
130	1.4	0.036111
130	1.5	0.035544
130	1.6	0.03488
130	1.7	0.034849
130	1.8	0.034605
130	1.9	0.035428
130	2	0.035868
130	2.1	0.035332
130	2.2	0.03348
130	2.3	0.032402
130	2.4	0.030928
130	2.5	0.029128
130	2.6	0.025362
130	2.7	0.021884
130	2.8	0.017907
130	2.9	0.015161
130	3	0.012495
130	3.1	0.011396
130	3.2	0.010252
130	3.3	0.010635
130	3.4	0.01086
130	3.5	0.010586
130	3.6	0.010106
130	3.7	0.0091301
130	3.8	0.0093833
130	3.9	0.0094827
130	4	0.0090305
140	-4	0.0068436
140	-3.9	0.0076106
140	-3.8	0.010627
140	-3.7	0.013204
140	-3.6	0.013903
140	-3.5	0.013141
140	-3.4	0.011467
140	-3.3	0.0085695
140	-3.2	0.0075209
140	-3.1	0.0093401
140	-3	0.010438
140	-2.9	0.011212
140	-2.8	0.010674
140	-2.7	0.0085506
140	-2.6	0.0095455
140	-2.5	0.012716
140	-2.4	0.017229
140	-2.3	0.022074
140	-2.2	0.024676
140	-2.1	0.026668
140	-2	0.026857
140	-1.9	0.02609
140	-1.8	0.026316
140	-1.7	0.026908
140	-1.6	0.028096
140	-1.5	0.029028
140	-1.4	0.02715
140	-1.3	0.022596
140	-1.2	0.017953
140	-1.1	0.017532
140	-1	0.021895
140	-0.9	0.03218
140	-0.8	0.038073
140	-0.7	0.045516
140	-0.6	0.048024
140	-0.5	0.047745
140	-0.4	0.045447
140	-0.3	0.040354
140	-0.2	0.03395
140	-0.1	0.025531
140	0	0.021395
140	0.1	0.017099
140	0.2	0.013744
140	0.3	0.013649
140	0.4	0.018062
140	0.5	0.022693
140	0.6	0.02932
140	0.7	0.038783
140	0.8	0.042247
140	0.9	0.044736
140	1	0.04612
140	1.1	0.04569
140	1.2	0.044061
140	1.3	0.040365
140	1.4	0.038144
140	1.5	0.033919
140	1.6	0.032918
140	1.7	0.030591
140	1.8	0.030233
140	1.9	0.031336
140	2	0.032782
140	2.1	0.032834
140	2.2	0.032041
140	2.3	0.030222
140	2.4	0.028733
140	2.5	0.024976
140	2.6	0.021048
140	2.7	0.018406
140	2.8	0.017351
140	2.9	0.015246
140	3	0.014161
140	3.1	0.012617
140	3.2	0.011661
140	3.3	0.010282
140	3.4	0.0105
140	3.5	0.0099077
140	3.6	0.010143
140	3.7	0.00971
140	3.8	0.010156
140	3.9	0.010689
140	4	0.0099647
150	-4	0.0066787
150	-3.9	0.0074821
150	-3.8	0.0090787
150	-3.7	0.011112
150	-3.6	0.012074
150	-3.5	0.011575
150	-3.4	0.0099501
150	-3.3	0.0072896
150	-3.2	0.0065836
150	-3.1	0.0074778
150	-3	0.0088752
150	-2.9	0.0099143
150	-2.8	0.0090555
150	-2.7	0.0081599
150	-2.6	0.0094108
150	-2.5	0.01521
150	-2.4	0.018289
150	-2.3	0.023713
150	-2.2	0.025219
150	-2.1	0.025789
150	-2	0.025234
150	-1.9	0.024989
150	-1.8	0.025653
150	-1.7	0.027537
150	-1.6	0.029147
150	-1.5	0.029086
150	-1.4	0.027084
150	-1.3	0.022734
150	-1.2	0.018233
150	-1.1	0.018782
150	-1	0.026284
150	-0.9	0.031348
150	-0.8	0.040319
150	-0.7	0.048739
150	-0.6	0.049989
150	-0.5	0.04937
150	-0.4	0.045781
150	-0.3	0.039628
150	-0.2	0.030344
150	-0.1	0.021815
150	0	0.017278
150	0.1	0.013019
150	0.2	0.012132
150	0.3	0.013822
150	0.4	0.017105
150	0.5	0.024563
150	0.6	0.031097
150	0.7	0.037566
150	0.8	0.042822
150	0.9	0.046448
150	1	0.047015
150	1.1	0.046135
150	1.2	0.045085
150	1.3	0.042138
150	1.4	0.037885
150	1.5	0.035645
150	1.6	0.033742
150	1.7	0.032536
150	1.8	0.032769
150	1.9	0.033863
150	2	0.035604
150	2.1	0.03627
150	2.2	0.035203
150	2.3	0.032861
150	2.4	0.031148
150	2.5	0.02798
150	2.6	0.025172
150	2.7	0.022094
150	2.8	0.020651
150	2.9	0.019571
150	3	0.017473
150	3.1	0.015491
150	3.2	0.012594
150	3.3	0.011276
150	3.4	0.010401
150	3.5	0.010959
150	3.6	0.011524
150	3.7	0.012063
150	3.8	0.012353
150	3.9	0.012388
150	4	0.011888
160	-4	0.0079003
160	-3.9	0.008446
160	-3.8	0.009169
160	-3.7	0.010183
160	-3.6	0.010194
160	-3.5	0.010257
160	-3.4	0.0085959
160	-3.3	0.0080523
160	-3.2	0.0075702
160	-3.1	0.0080221
160	-3	0.0090036
160	-2.9	0.0094263
160	-2.8	0.0093384
160	-2.7	0.0093626
160	-2.6	0.011376
160	-2.5	0.016578
160	-2.4	0.01924
160	-2.3	0.023414
160	-2.2	0.024821
160	-2.1	0.024472
160	-2	0.023882
160	-1.9	0.023134
160	-1.8	0.023843
160	-1.7	0.025911
160	-1.6	0.026849
160	-1.5	0.027032
160	-1.4	0.025083
160	-1.3	0.021942
160	-1.2	0.018718
160	-1.1	0.0209
160	-1	0.028517
160	-0.9	0.034855
160	-0.8	0.045132
160	-0.7	0.048839
160	-0.6	0.051739
160	-0.5	0.051075
160	-0.4	0.044549
160	-0.3	0.036923
160	-0.2	0.029081
160	-0.1	0.019795
160	0	0.014882
160	0.1	0.012843
160	0.2	0.010875
160	0.3	0.012479
160	0.4	0.015412
160	0.5	0.021806
160	0.6	0.029614
160	0.7	0.038536
160	0.8	0.042175
160	0.9	0.048089
160	1	0.049604
160	1.1	0.049615
160	1.2	0.046974
160	1.3	0.044194
160	1.4	0.04042
160	1.5	0.036355
160	1.6	0.034686
160	1.7	0.033359
160	1.8	0.033139
160	1.9	0.033977
160	2	0.034651
160	2.1	0.034057
160	2.2	0.032249
160	2.3	0.030168
160	2.4	0.027981
160	2.5	0.024691
160	2.6	0.022408
160	2.7	0.020811
160	2.8	0.01891
160	2.9	0.017706
160	3	0.016206
160	3.1	0.013362
160	3.2	0.011733
160	3.3	0.0098783
160	3.4	0.0093522
160	3.5	0.0097034
160	3.6	0.010113
160	3.7	0.010662
160	3.8	0.011008
160	3.9	0.011065
160	4	0.010469
170	-4	0.0080442
170	-3.9	0.0087302
170	-3.8	0.0092811
170	-3.7	0.0096683
170	-3.6	0.0095031
170	-3.5	0.0089098
170	-3.4	0.0078593
170	-3.3	0.0079979
170	-3.2	0.0087042
170	-3.1	0.010489
170	-3	0.010731
170	-2.9	0.010854
170	-2.8	0.0099647
170	-2.7	0.010818
170	-2.6	0.013144
170	-2.5	0.018904
170	-2.4	0.022282
170	-2.3	0.024973
170	-2.2	0.027609
170	-2.1	0.02813
170	-2	0.028435
170	-1.9	0.028813
170	-1.8	0.029229
170	-1.7	0.029113
170	-1.6	0.028338
170	-1.5	0.026677
170	-1.4	0.023201
170	-1.3	0.020874
170	-1.2	0.021104
170	-1.1	0.025332
170	-1	0.035219
170	-0.9	0.0426
170	-0.8	0.0479
170	-0.7	0.050662
170	-0.6	0.050898
170	-0.5	0.047229
170	-0.4	0.042306
170	-0.3	0.037168
170	-0.2	0.025475
170	-0.1	0.018828
170	0	0.013862
170	0.1	0.012001
170	0.2	0.011573
170	0.3	0.01517
170	0.4	0.018174
170	0.5	0.023584
170	0.6	0.031811
170	0.7	0.037921
170	0.8	0.042927
170	0.9	0.046056
170	1	0.047894
170	1.1	0.048329
170	1.2	0.047288
170	1.3	0.044936
170	1.4	0.042207
170	1.5	0.039562
170	1.6	0.03654
170	1.7	0.035444
170	1.8	0.035189
170	1.9	0.036176
170	2	0.037107
170	2.1	0.036999
170	2.2	0.035281
170	2.3	0.032867
170	2.4	0.029979
170	2.5	0.027499
170	2.6	0.024394
170	2.7	0.022338
170	2.8	0.020103
170	2.9	0.019575
170	3	0.016981
170	3.1	0.015849
170	3.2	0.012978
170	3.3	0.011858
170	3.4	0.010989
170	3.5	0.010962
170	3.6	0.011696
170	3.7	0.012327
170	3.8	0.012519
170	3.9	0.012308
170	4	0.011371
180	-4	0.0074301
180	-3.9	0.0076297
180	-3.8	0.0079146
180	-3.7	0.0083865
180	-3.6	0.0084652
180	-3.5	0.0073426
180	-3.4	0.0067819
180	-3.3	0.0067437
180	-3.2	0.007672
180	-3.1	0.0089478
180	-3	0.010423
180	-2.9	0.010512
180	-2.8	0.010055
180	-2.7	0.009976
180	-2.6	0.013495
180	-2.5	0.018627
180	-2.4	0.022184
180	-2.3	0.026233
180	-2.2	0.027538
180	-2.1	0.027531
180	-2	0.026635
180	-1.9	0.026441
180	-1.8	0.026656
180	-1.7	0.027642
180	-1.6	0.027847
180	-1.5	0.027119
180	-1.4	0.024955
180	-1.3	0.023138
180	-1.2	0.022845
180	-1.1	0.027756
180	-1	0.03798
180	-0.9	0.044852
180	-0.8	0.050426
180	-0.7	0.055445
180	-0.6	0.054895
180	-0.5	0.052032
180	-0.4	0.041622
180	-0.3	0.035454
180	-0.2	0.024389
180	-0.1	0.018204
180	0	0.013054
180	0.1	0.010716
180	0.2	0.010417
180	0.3	0.012261
180	0.4	0.018121
180	0.5	0.024773
180	0.6	0.031909
180	0.7	0.040052
180	0.8	0.043902
180	0.9	0.047334
180	1	0.049273
180	1.1	0.049083
180	1.2	0.046911
180	1.3	0.044636
180	1.4	0.042756
180	1.5	0.039749
180	1.6	0.037046
180	1.7	0.03408
180	1.8	0.033015
180	1.9	0.032641
180	2	0.032365
180	2.1	0.032123
180	2.2	0.031978
180	2.3	0.031055
180	2.4	0.029478
180	2.5	0.026458
180	2.6	0.022611
180	2.7	0.020808
180	2.8	0.017924
180	2.9	0.015965
180	3	0.014028
180	3.1	0.012794
180	3.2	0.012003
180	3.3	0.011624
180	3.4	0.011177
180	3.5	0.01037
180	3.6	0.010249
180	3.7	0.010289
180	3.8	0.010205
180	3.9	0.0095506
180	4	0.0093176
 
Uniformity Ratio =0.5644
