10-Jan-2018
9:31
TXR  008068 RM428 R24
33511B Function Generator
SN =Agilent Technologies,33511B,MY52301476,3.05-1.19-2.00-52-00
freq =+9.260000000000000E+06
burstmode =TRIG
burstN =+6.000000000000000E+01
voltage =+1.5000000000000E-01
 
DSO-X 2022A Oscilloscope
SN =AGILENT TECHNOLOGIES,DSO-X 2022A,MY54310921,02.41.2015102200
probe =+1.0000000E+00
scale =+500.0E-09
position =+19.900000E-06
range =+1.60E+00
units =VOLT
points =+2000
pointmode =NORM
format =BYTE
acqtype =NORM
trigsource =EXT
coupling =AC
 
-180	-4	0.0084918
-180	-3.9	0.009469
-180	-3.8	0.010662
-180	-3.7	0.011433
-180	-3.6	0.01189
-180	-3.5	0.010393
-180	-3.4	0.0089315
-180	-3.3	0.0078222
-180	-3.2	0.0082171
-180	-3.1	0.0096917
-180	-3	0.011633
-180	-2.9	0.012127
-180	-2.8	0.011482
-180	-2.7	0.01054
-180	-2.6	0.010581
-180	-2.5	0.016004
-180	-2.4	0.019775
-180	-2.3	0.026284
-180	-2.2	0.029929
-180	-2.1	0.032413
-180	-2	0.033244
-180	-1.9	0.033748
-180	-1.8	0.034191
-180	-1.7	0.035665
-180	-1.6	0.036856
-180	-1.5	0.038098
-180	-1.4	0.036311
-180	-1.3	0.033362
-180	-1.2	0.028847
-180	-1.1	0.025212
-180	-1	0.027232
-180	-0.9	0.035651
-180	-0.8	0.04756
-180	-0.7	0.053346
-180	-0.6	0.057886
-180	-0.5	0.059305
-180	-0.4	0.055813
-180	-0.3	0.051231
-180	-0.2	0.041862
-180	-0.1	0.02981
-180	0	0.02388
-180	0.1	0.017862
-180	0.2	0.012771
-180	0.3	0.012098
-180	0.4	0.012867
-180	0.5	0.016742
-180	0.6	0.021518
-180	0.7	0.025815
-180	0.8	0.031588
-180	0.9	0.040755
-180	1	0.044609
-180	1.1	0.047708
-180	1.2	0.049072
-180	1.3	0.048152
-180	1.4	0.0468
-180	1.5	0.044246
-180	1.6	0.037965
-180	1.7	0.035214
-180	1.8	0.032851
-180	1.9	0.031666
-180	2	0.030669
-180	2.1	0.030797
-180	2.2	0.031509
-180	2.3	0.031537
-180	2.4	0.030469
-180	2.5	0.028285
-180	2.6	0.02661
-180	2.7	0.025228
-180	2.8	0.023804
-180	2.9	0.021597
-180	3	0.019882
-180	3.1	0.017921
-180	3.2	0.01622
-180	3.3	0.013994
-180	3.4	0.012505
-180	3.5	0.012039
-180	3.6	0.011315
-180	3.7	0.010789
-180	3.8	0.0094793
-180	3.9	0.0079635
-180	4	0.0075445
-170	-4	0.0073821
-170	-3.9	0.0091796
-170	-3.8	0.012208
-170	-3.7	0.01514
-170	-3.6	0.015253
-170	-3.5	0.013127
-170	-3.4	0.011269
-170	-3.3	0.0099565
-170	-3.2	0.010303
-170	-3.1	0.01271
-170	-3	0.014472
-170	-2.9	0.014324
-170	-2.8	0.013275
-170	-2.7	0.012258
-170	-2.6	0.014324
-170	-2.5	0.018653
-170	-2.4	0.025904
-170	-2.3	0.031161
-170	-2.2	0.03436
-170	-2.1	0.03559
-170	-2	0.036026
-170	-1.9	0.035931
-170	-1.8	0.036428
-170	-1.7	0.037365
-170	-1.6	0.038372
-170	-1.5	0.038196
-170	-1.4	0.036682
-170	-1.3	0.031998
-170	-1.2	0.027856
-170	-1.1	0.026323
-170	-1	0.028657
-170	-0.9	0.037351
-170	-0.8	0.046735
-170	-0.7	0.052396
-170	-0.6	0.058319
-170	-0.5	0.059298
-170	-0.4	0.056983
-170	-0.3	0.050418
-170	-0.2	0.041096
-170	-0.1	0.031534
-170	0	0.02409
-170	0.1	0.018251
-170	0.2	0.01349
-170	0.3	0.013941
-170	0.4	0.015764
-170	0.5	0.021171
-170	0.6	0.024537
-170	0.7	0.027871
-170	0.8	0.034432
-170	0.9	0.040325
-170	1	0.047149
-170	1.1	0.051666
-170	1.2	0.05314
-170	1.3	0.053661
-170	1.4	0.051049
-170	1.5	0.048039
-170	1.6	0.041637
-170	1.7	0.036205
-170	1.8	0.033444
-170	1.9	0.031555
-170	2	0.031402
-170	2.1	0.03147
-170	2.2	0.031867
-170	2.3	0.03103
-170	2.4	0.029937
-170	2.5	0.027546
-170	2.6	0.025877
-170	2.7	0.024207
-170	2.8	0.022244
-170	2.9	0.02099
-170	3	0.018485
-170	3.1	0.016859
-170	3.2	0.015052
-170	3.3	0.013207
-170	3.4	0.011967
-170	3.5	0.010651
-170	3.6	0.010619
-170	3.7	0.01007
-170	3.8	0.0084365
-170	3.9	0.008008
-170	4	0.0071959
-160	-4	0.0087984
-160	-3.9	0.010317
-160	-3.8	0.011597
-160	-3.7	0.012051
-160	-3.6	0.012135
-160	-3.5	0.011474
-160	-3.4	0.010747
-160	-3.3	0.010348
-160	-3.2	0.010934
-160	-3.1	0.011233
-160	-3	0.012274
-160	-2.9	0.012473
-160	-2.8	0.012549
-160	-2.7	0.013334
-160	-2.6	0.017051
-160	-2.5	0.021554
-160	-2.4	0.026767
-160	-2.3	0.031144
-160	-2.2	0.03291
-160	-2.1	0.034027
-160	-2	0.034675
-160	-1.9	0.035862
-160	-1.8	0.037591
-160	-1.7	0.039026
-160	-1.6	0.039363
-160	-1.5	0.037259
-160	-1.4	0.033594
-160	-1.3	0.030656
-160	-1.2	0.026552
-160	-1.1	0.028475
-160	-1	0.034151
-160	-0.9	0.042695
-160	-0.8	0.050979
-160	-0.7	0.056514
-160	-0.6	0.058819
-160	-0.5	0.057892
-160	-0.4	0.053178
-160	-0.3	0.0465
-160	-0.2	0.038226
-160	-0.1	0.028135
-160	0	0.021095
-160	0.1	0.01842
-160	0.2	0.015569
-160	0.3	0.016424
-160	0.4	0.01814
-160	0.5	0.023551
-160	0.6	0.027781
-160	0.7	0.030157
-160	0.8	0.03771
-160	0.9	0.041667
-160	1	0.048343
-160	1.1	0.050858
-160	1.2	0.053408
-160	1.3	0.053379
-160	1.4	0.051126
-160	1.5	0.047093
-160	1.6	0.040716
-160	1.7	0.037157
-160	1.8	0.034243
-160	1.9	0.03273
-160	2	0.032025
-160	2.1	0.032301
-160	2.2	0.032396
-160	2.3	0.031384
-160	2.4	0.029906
-160	2.5	0.027635
-160	2.6	0.02632
-160	2.7	0.024927
-160	2.8	0.0239
-160	2.9	0.021725
-160	3	0.019914
-160	3.1	0.018013
-160	3.2	0.01535
-160	3.3	0.013551
-160	3.4	0.011478
-160	3.5	0.010965
-160	3.6	0.011336
-160	3.7	0.011026
-160	3.8	0.010178
-160	3.9	0.0093471
-160	4	0.0089892
-150	-4	0.0088843
-150	-3.9	0.010089
-150	-3.8	0.011537
-150	-3.7	0.012176
-150	-3.6	0.012319
-150	-3.5	0.012058
-150	-3.4	0.010262
-150	-3.3	0.009373
-150	-3.2	0.0094022
-150	-3.1	0.010257
-150	-3	0.012492
-150	-2.9	0.013474
-150	-2.8	0.014231
-150	-2.7	0.015613
-150	-2.6	0.017514
-150	-2.5	0.022203
-150	-2.4	0.024915
-150	-2.3	0.028115
-150	-2.2	0.031208
-150	-2.1	0.03272
-150	-2	0.033834
-150	-1.9	0.035349
-150	-1.8	0.035896
-150	-1.7	0.037074
-150	-1.6	0.037458
-150	-1.5	0.036081
-150	-1.4	0.033223
-150	-1.3	0.030263
-150	-1.2	0.027545
-150	-1.1	0.029649
-150	-1	0.036716
-150	-0.9	0.044715
-150	-0.8	0.051677
-150	-0.7	0.059518
-150	-0.6	0.061641
-150	-0.5	0.061189
-150	-0.4	0.054667
-150	-0.3	0.049583
-150	-0.2	0.036792
-150	-0.1	0.029984
-150	0	0.021682
-150	0.1	0.014239
-150	0.2	0.013685
-150	0.3	0.014774
-150	0.4	0.017376
-150	0.5	0.022012
-150	0.6	0.026415
-150	0.7	0.034272
-150	0.8	0.042266
-150	0.9	0.049378
-150	1	0.053589
-150	1.1	0.056948
-150	1.2	0.057931
-150	1.3	0.056261
-150	1.4	0.052815
-150	1.5	0.047194
-150	1.6	0.042312
-150	1.7	0.038146
-150	1.8	0.036503
-150	1.9	0.035683
-150	2	0.035439
-150	2.1	0.035729
-150	2.2	0.035368
-150	2.3	0.034039
-150	2.4	0.03113
-150	2.5	0.028374
-150	2.6	0.025944
-150	2.7	0.024334
-150	2.8	0.023411
-150	2.9	0.021473
-150	3	0.020454
-150	3.1	0.018198
-150	3.2	0.015426
-150	3.3	0.012862
-150	3.4	0.010265
-150	3.5	0.0092794
-150	3.6	0.009227
-150	3.7	0.0096516
-150	3.8	0.0095286
-150	3.9	0.0094639
-150	4	0.0092707
-140	-4	0.010494
-140	-3.9	0.0109
-140	-3.8	0.011078
-140	-3.7	0.010662
-140	-3.6	0.0099419
-140	-3.5	0.0089712
-140	-3.4	0.0090608
-140	-3.3	0.010449
-140	-3.2	0.013394
-140	-3.1	0.013852
-140	-3	0.013862
-140	-2.9	0.012796
-140	-2.8	0.012746
-140	-2.7	0.015513
-140	-2.6	0.020922
-140	-2.5	0.025243
-140	-2.4	0.028937
-140	-2.3	0.032438
-140	-2.2	0.033219
-140	-2.1	0.03335
-140	-2	0.034094
-140	-1.9	0.034753
-140	-1.8	0.036551
-140	-1.7	0.038713
-140	-1.6	0.038604
-140	-1.5	0.036846
-140	-1.4	0.032285
-140	-1.3	0.027647
-140	-1.2	0.027014
-140	-1.1	0.032458
-140	-1	0.038965
-140	-0.9	0.048765
-140	-0.8	0.05741
-140	-0.7	0.060756
-140	-0.6	0.061067
-140	-0.5	0.057865
-140	-0.4	0.05083
-140	-0.3	0.044811
-140	-0.2	0.033528
-140	-0.1	0.025916
-140	0	0.017747
-140	0.1	0.015482
-140	0.2	0.015747
-140	0.3	0.017677
-140	0.4	0.020816
-140	0.5	0.023816
-140	0.6	0.029774
-140	0.7	0.035075
-140	0.8	0.045521
-140	0.9	0.050816
-140	1	0.053911
-140	1.1	0.055881
-140	1.2	0.055914
-140	1.3	0.054296
-140	1.4	0.049344
-140	1.5	0.041453
-140	1.6	0.039586
-140	1.7	0.035153
-140	1.8	0.034084
-140	1.9	0.033841
-140	2	0.033935
-140	2.1	0.033732
-140	2.2	0.032721
-140	2.3	0.031011
-140	2.4	0.028902
-140	2.5	0.027075
-140	2.6	0.026096
-140	2.7	0.025166
-140	2.8	0.023838
-140	2.9	0.022596
-140	3	0.020317
-140	3.1	0.017918
-140	3.2	0.015122
-140	3.3	0.01373
-140	3.4	0.013176
-140	3.5	0.012636
-140	3.6	0.012135
-140	3.7	0.011158
-140	3.8	0.0098669
-140	3.9	0.0098258
-140	4	0.010457
-130	-4	0.008609
-130	-3.9	0.0098881
-130	-3.8	0.0099533
-130	-3.7	0.0093107
-130	-3.6	0.0078469
-130	-3.5	0.0063969
-130	-3.4	0.0073206
-130	-3.3	0.0092392
-130	-3.2	0.011268
-130	-3.1	0.011976
-130	-3	0.011625
-130	-2.9	0.010372
-130	-2.8	0.010429
-130	-2.7	0.013898
-130	-2.6	0.017726
-130	-2.5	0.023088
-130	-2.4	0.027488
-130	-2.3	0.030432
-130	-2.2	0.03269
-130	-2.1	0.033515
-130	-2	0.034126
-130	-1.9	0.034841
-130	-1.8	0.036154
-130	-1.7	0.037357
-130	-1.6	0.037932
-130	-1.5	0.035036
-130	-1.4	0.032604
-130	-1.3	0.029626
-130	-1.2	0.029985
-130	-1.1	0.037654
-130	-1	0.042605
-130	-0.9	0.05136
-130	-0.8	0.058037
-130	-0.7	0.062426
-130	-0.6	0.061673
-130	-0.5	0.056102
-130	-0.4	0.047009
-130	-0.3	0.036418
-130	-0.2	0.026674
-130	-0.1	0.021282
-130	0	0.015295
-130	0.1	0.013757
-130	0.2	0.013779
-130	0.3	0.017028
-130	0.4	0.020253
-130	0.5	0.026188
-130	0.6	0.033339
-130	0.7	0.040749
-130	0.8	0.047916
-130	0.9	0.051959
-130	1	0.053836
-130	1.1	0.053111
-130	1.2	0.051702
-130	1.3	0.049539
-130	1.4	0.047073
-130	1.5	0.042475
-130	1.6	0.041143
-130	1.7	0.038401
-130	1.8	0.035799
-130	1.9	0.03265
-130	2	0.030614
-130	2.1	0.030614
-130	2.2	0.031266
-130	2.3	0.031776
-130	2.4	0.031294
-130	2.5	0.029627
-130	2.6	0.026847
-130	2.7	0.023522
-130	2.8	0.020842
-130	2.9	0.017448
-130	3	0.016046
-130	3.1	0.015681
-130	3.2	0.014685
-130	3.3	0.013608
-130	3.4	0.012387
-130	3.5	0.011078
-130	3.6	0.0093764
-130	3.7	0.0085222
-130	3.8	0.007933
-130	3.9	0.0083692
-130	4	0.0087376
-120	-4	0.0088698
-120	-3.9	0.010594
-120	-3.8	0.011653
-120	-3.7	0.010561
-120	-3.6	0.0079655
-120	-3.5	0.0065689
-120	-3.4	0.0071824
-120	-3.3	0.0099289
-120	-3.2	0.01232
-120	-3.1	0.014049
-120	-3	0.01396
-120	-2.9	0.012294
-120	-2.8	0.011094
-120	-2.7	0.013053
-120	-2.6	0.018192
-120	-2.5	0.0234
-120	-2.4	0.02905
-120	-2.3	0.03254
-120	-2.2	0.033247
-120	-2.1	0.032898
-120	-2	0.03289
-120	-1.9	0.033801
-120	-1.8	0.035997
-120	-1.7	0.037251
-120	-1.6	0.03724
-120	-1.5	0.034895
-120	-1.4	0.032121
-120	-1.3	0.029462
-120	-1.2	0.030216
-120	-1.1	0.036142
-120	-1	0.045001
-120	-0.9	0.050724
-120	-0.8	0.059766
-120	-0.7	0.062277
-120	-0.6	0.061123
-120	-0.5	0.054055
-120	-0.4	0.048529
-120	-0.3	0.036155
-120	-0.2	0.025818
-120	-0.1	0.017489
-120	0	0.013475
-120	0.1	0.012829
-120	0.2	0.014113
-120	0.3	0.016924
-120	0.4	0.022908
-120	0.5	0.03104
-120	0.6	0.035748
-120	0.7	0.041857
-120	0.8	0.04998
-120	0.9	0.052898
-120	1	0.053886
-120	1.1	0.053756
-120	1.2	0.052294
-120	1.3	0.049272
-120	1.4	0.046127
-120	1.5	0.041404
-120	1.6	0.03835
-120	1.7	0.035284
-120	1.8	0.032641
-120	1.9	0.030106
-120	2	0.029207
-120	2.1	0.029145
-120	2.2	0.028847
-120	2.3	0.02762
-120	2.4	0.026326
-120	2.5	0.02468
-120	2.6	0.02321
-120	2.7	0.020271
-120	2.8	0.017324
-120	2.9	0.015604
-120	3	0.013499
-120	3.1	0.012337
-120	3.2	0.011603
-120	3.3	0.010679
-120	3.4	0.010483
-120	3.5	0.010703
-120	3.6	0.0099175
-120	3.7	0.0089098
-120	3.8	0.007789
-120	3.9	0.0070804
-120	4	0.006698
-110	-4	0.0079309
-110	-3.9	0.0089478
-110	-3.8	0.010437
-110	-3.7	0.010354
-110	-3.6	0.009498
-110	-3.5	0.0086334
-110	-3.4	0.0087542
-110	-3.3	0.0086857
-110	-3.2	0.010449
-110	-3.1	0.011594
-110	-3	0.012567
-110	-2.9	0.012996
-110	-2.8	0.01352
-110	-2.7	0.016376
-110	-2.6	0.021101
-110	-2.5	0.023719
-110	-2.4	0.028672
-110	-2.3	0.030629
-110	-2.2	0.031955
-110	-2.1	0.032138
-110	-2	0.032979
-110	-1.9	0.035441
-110	-1.8	0.037462
-110	-1.7	0.038124
-110	-1.6	0.037774
-110	-1.5	0.033671
-110	-1.4	0.029873
-110	-1.3	0.028513
-110	-1.2	0.03092
-110	-1.1	0.037376
-110	-1	0.04626
-110	-0.9	0.053828
-110	-0.8	0.059938
-110	-0.7	0.061007
-110	-0.6	0.057353
-110	-0.5	0.050201
-110	-0.4	0.042222
-110	-0.3	0.034678
-110	-0.2	0.025125
-110	-0.1	0.01681
-110	0	0.013343
-110	0.1	0.012687
-110	0.2	0.013799
-110	0.3	0.016013
-110	0.4	0.019286
-110	0.5	0.025944
-110	0.6	0.036203
-110	0.7	0.040394
-110	0.8	0.049394
-110	0.9	0.053222
-110	1	0.054711
-110	1.1	0.054264
-110	1.2	0.051888
-110	1.3	0.047827
-110	1.4	0.042738
-110	1.5	0.0387
-110	1.6	0.035861
-110	1.7	0.034119
-110	1.8	0.034213
-110	1.9	0.034246
-110	2	0.034364
-110	2.1	0.033922
-110	2.2	0.031937
-110	2.3	0.028537
-110	2.4	0.026443
-110	2.5	0.024672
-110	2.6	0.022712
-110	2.7	0.021686
-110	2.8	0.020308
-110	2.9	0.017981
-110	3	0.016441
-110	3.1	0.013472
-110	3.2	0.010931
-110	3.3	0.010146
-110	3.4	0.0097615
-110	3.5	0.010322
-110	3.6	0.010368
-110	3.7	0.0089892
-110	3.8	0.0076382
-110	3.9	0.0070621
-110	4	0.0066739
-100	-4	0.008154
-100	-3.9	0.0097283
-100	-3.8	0.010216
-100	-3.7	0.0092602
-100	-3.6	0.0087837
-100	-3.5	0.0081222
-100	-3.4	0.008545
-100	-3.3	0.0095844
-100	-3.2	0.010555
-100	-3.1	0.010971
-100	-3	0.010942
-100	-2.9	0.011049
-100	-2.8	0.012909
-100	-2.7	0.016636
-100	-2.6	0.021322
-100	-2.5	0.026782
-100	-2.4	0.029076
-100	-2.3	0.029815
-100	-2.2	0.030672
-100	-2.1	0.03142
-100	-2	0.034231
-100	-1.9	0.035765
-100	-1.8	0.039157
-100	-1.7	0.040111
-100	-1.6	0.037655
-100	-1.5	0.033875
-100	-1.4	0.030443
-100	-1.3	0.029833
-100	-1.2	0.034234
-100	-1.1	0.043245
-100	-1	0.053704
-100	-0.9	0.058571
-100	-0.8	0.061947
-100	-0.7	0.062518
-100	-0.6	0.056985
-100	-0.5	0.049585
-100	-0.4	0.041639
-100	-0.3	0.028875
-100	-0.2	0.018219
-100	-0.1	0.014054
-100	0	0.012493
-100	0.1	0.012696
-100	0.2	0.01396
-100	0.3	0.01775
-100	0.4	0.025814
-100	0.5	0.03225
-100	0.6	0.039922
-100	0.7	0.044488
-100	0.8	0.049613
-100	0.9	0.051301
-100	1	0.050655
-100	1.1	0.048966
-100	1.2	0.046642
-100	1.3	0.043594
-100	1.4	0.040036
-100	1.5	0.036988
-100	1.6	0.035209
-100	1.7	0.033852
-100	1.8	0.032438
-100	1.9	0.030919
-100	2	0.030007
-100	2.1	0.029742
-100	2.2	0.02865
-100	2.3	0.027254
-100	2.4	0.025793
-100	2.5	0.024037
-100	2.6	0.022423
-100	2.7	0.020881
-100	2.8	0.019227
-100	2.9	0.01825
-100	3	0.016232
-100	3.1	0.014891
-100	3.2	0.012358
-100	3.3	0.01083
-100	3.4	0.0096717
-100	3.5	0.0091425
-100	3.6	0.0091408
-100	3.7	0.0090911
-100	3.8	0.0090608
-100	3.9	0.0095641
-100	4	0.0093833
-90	-4	0.0075638
-90	-3.9	0.0093159
-90	-3.8	0.011062
-90	-3.7	0.011544
-90	-3.6	0.011561
-90	-3.5	0.010238
-90	-3.4	0.010365
-90	-3.3	0.010173
-90	-3.2	0.010641
-90	-3.1	0.011571
-90	-3	0.011841
-90	-2.9	0.013097
-90	-2.8	0.014881
-90	-2.7	0.018905
-90	-2.6	0.022743
-90	-2.5	0.026861
-90	-2.4	0.029457
-90	-2.3	0.033051
-90	-2.2	0.034086
-90	-2.1	0.035153
-90	-2	0.035956
-90	-1.9	0.037244
-90	-1.8	0.038264
-90	-1.7	0.039015
-90	-1.6	0.038738
-90	-1.5	0.036022
-90	-1.4	0.034316
-90	-1.3	0.032431
-90	-1.2	0.035141
-90	-1.1	0.042813
-90	-1	0.050195
-90	-0.9	0.057149
-90	-0.8	0.060404
-90	-0.7	0.059834
-90	-0.6	0.055955
-90	-0.5	0.047762
-90	-0.4	0.036054
-90	-0.3	0.027666
-90	-0.2	0.019583
-90	-0.1	0.014584
-90	0	0.012457
-90	0.1	0.012376
-90	0.2	0.013911
-90	0.3	0.017851
-90	0.4	0.0231
-90	0.5	0.031896
-90	0.6	0.03854
-90	0.7	0.046141
-90	0.8	0.050202
-90	0.9	0.052768
-90	1	0.052201
-90	1.1	0.05034
-90	1.2	0.046944
-90	1.3	0.043967
-90	1.4	0.040579
-90	1.5	0.035858
-90	1.6	0.033336
-90	1.7	0.031748
-90	1.8	0.030625
-90	1.9	0.029864
-90	2	0.029361
-90	2.1	0.029016
-90	2.2	0.028083
-90	2.3	0.025545
-90	2.4	0.023978
-90	2.5	0.021787
-90	2.6	0.01982
-90	2.7	0.017316
-90	2.8	0.014844
-90	2.9	0.014289
-90	3	0.012216
-90	3.1	0.010654
-90	3.2	0.0083188
-90	3.3	0.0076972
-90	3.4	0.0071146
-90	3.5	0.0074345
-90	3.6	0.0077599
-90	3.7	0.0078201
-90	3.8	0.0078304
-90	3.9	0.0082525
-90	4	0.0077035
-80	-4	0.010356
-80	-3.9	0.011454
-80	-3.8	0.011083
-80	-3.7	0.0095591
-80	-3.6	0.0086034
-80	-3.5	0.0086763
-80	-3.4	0.010202
-80	-3.3	0.012798
-80	-3.2	0.013601
-80	-3.1	0.013331
-80	-3	0.012981
-80	-2.9	0.012829
-80	-2.8	0.015986
-80	-2.7	0.020293
-80	-2.6	0.025086
-80	-2.5	0.029166
-80	-2.4	0.030553
-80	-2.3	0.030866
-80	-2.2	0.031288
-80	-2.1	0.033271
-80	-2	0.037161
-80	-1.9	0.039509
-80	-1.8	0.041413
-80	-1.7	0.040369
-80	-1.6	0.037743
-80	-1.5	0.032076
-80	-1.4	0.030533
-80	-1.3	0.03253
-80	-1.2	0.039044
-80	-1.1	0.045241
-80	-1	0.055625
-80	-0.9	0.059463
-80	-0.8	0.060977
-80	-0.7	0.058684
-80	-0.6	0.051814
-80	-0.5	0.04461
-80	-0.4	0.032998
-80	-0.3	0.025479
-80	-0.2	0.016992
-80	-0.1	0.014616
-80	0	0.013903
-80	0.1	0.015015
-80	0.2	0.0176
-80	0.3	0.023561
-80	0.4	0.02713
-80	0.5	0.03571
-80	0.6	0.04084
-80	0.7	0.046174
-80	0.8	0.049266
-80	0.9	0.050429
-80	1	0.049632
-80	1.1	0.047189
-80	1.2	0.043937
-80	1.3	0.039547
-80	1.4	0.037265
-80	1.5	0.033304
-80	1.6	0.031832
-80	1.7	0.030818
-80	1.8	0.030701
-80	1.9	0.03105
-80	2	0.031362
-80	2.1	0.030808
-80	2.2	0.029511
-80	2.3	0.027694
-80	2.4	0.024062
-80	2.5	0.022689
-80	2.6	0.020819
-80	2.7	0.019749
-80	2.8	0.018538
-80	2.9	0.017477
-80	3	0.015368
-80	3.1	0.01412
-80	3.2	0.011875
-80	3.3	0.010829
-80	3.4	0.010393
-80	3.5	0.010847
-80	3.6	0.011285
-80	3.7	0.011165
-80	3.8	0.010474
-80	3.9	0.010287
-80	4	0.010167
-70	-4	0.01054
-70	-3.9	0.010462
-70	-3.8	0.0095167
-70	-3.7	0.0081619
-70	-3.6	0.0070735
-70	-3.5	0.0082564
-70	-3.4	0.01027
-70	-3.3	0.012432
-70	-3.2	0.013788
-70	-3.1	0.013572
-70	-3	0.012532
-70	-2.9	0.012445
-70	-2.8	0.014575
-70	-2.7	0.019666
-70	-2.6	0.025251
-70	-2.5	0.029018
-70	-2.4	0.03111
-70	-2.3	0.032082
-70	-2.2	0.032614
-70	-2.1	0.033949
-70	-2	0.036452
-70	-1.9	0.038914
-70	-1.8	0.039962
-70	-1.7	0.039653
-70	-1.6	0.037781
-70	-1.5	0.033668
-70	-1.4	0.031838
-70	-1.3	0.032961
-70	-1.2	0.041406
-70	-1.1	0.051036
-70	-1	0.057727
-70	-0.9	0.061212
-70	-0.8	0.062855
-70	-0.7	0.061204
-70	-0.6	0.053759
-70	-0.5	0.046702
-70	-0.4	0.0343
-70	-0.3	0.025314
-70	-0.2	0.018959
-70	-0.1	0.015045
-70	0	0.013825
-70	0.1	0.014739
-70	0.2	0.018392
-70	0.3	0.023742
-70	0.4	0.030978
-70	0.5	0.040099
-70	0.6	0.044209
-70	0.7	0.04824
-70	0.8	0.050627
-70	0.9	0.050372
-70	1	0.049972
-70	1.1	0.046284
-70	1.2	0.044265
-70	1.3	0.04131
-70	1.4	0.03946
-70	1.5	0.037249
-70	1.6	0.035485
-70	1.7	0.034066
-70	1.8	0.03219
-70	1.9	0.031463
-70	2	0.030638
-70	2.1	0.029505
-70	2.2	0.028152
-70	2.3	0.026905
-70	2.4	0.02521
-70	2.5	0.022348
-70	2.6	0.020138
-70	2.7	0.018627
-70	2.8	0.016007
-70	2.9	0.014622
-70	3	0.012511
-70	3.1	0.011094
-70	3.2	0.010636
-70	3.3	0.010578
-70	3.4	0.010718
-70	3.5	0.010792
-70	3.6	0.0098603
-70	3.7	0.009169
-70	3.8	0.0081757
-70	3.9	0.0076909
-70	4	0.0079166
-60	-4	0.0099679
-60	-3.9	0.010653
-60	-3.8	0.00966
-60	-3.7	0.0093695
-60	-3.6	0.0090591
-60	-3.5	0.0089622
-60	-3.4	0.011249
-60	-3.3	0.012409
-60	-3.2	0.01407
-60	-3.1	0.01421
-60	-3	0.013445
-60	-2.9	0.013529
-60	-2.8	0.01561
-60	-2.7	0.019628
-60	-2.6	0.023732
-60	-2.5	0.0291
-60	-2.4	0.033422
-60	-2.3	0.03591
-60	-2.2	0.037735
-60	-2.1	0.038267
-60	-2	0.03887
-60	-1.9	0.039258
-60	-1.8	0.040148
-60	-1.7	0.039768
-60	-1.6	0.038139
-60	-1.5	0.036184
-60	-1.4	0.034713
-60	-1.3	0.036733
-60	-1.2	0.040281
-60	-1.1	0.047335
-60	-1	0.056009
-60	-0.9	0.059817
-60	-0.8	0.060615
-60	-0.7	0.057632
-60	-0.6	0.05153
-60	-0.5	0.045476
-60	-0.4	0.037128
-60	-0.3	0.028372
-60	-0.2	0.02283
-60	-0.1	0.018823
-60	0	0.017415
-60	0.1	0.017226
-60	0.2	0.018477
-60	0.3	0.022478
-60	0.4	0.030167
-60	0.5	0.037005
-60	0.6	0.043699
-60	0.7	0.048759
-60	0.8	0.05204
-60	0.9	0.053017
-60	1	0.05223
-60	1.1	0.050128
-60	1.2	0.045744
-60	1.3	0.043033
-60	1.4	0.03986
-60	1.5	0.036162
-60	1.6	0.035031
-60	1.7	0.034304
-60	1.8	0.033615
-60	1.9	0.033104
-60	2	0.032188
-60	2.1	0.031056
-60	2.2	0.029315
-60	2.3	0.027087
-60	2.4	0.025251
-60	2.5	0.023435
-60	2.6	0.021162
-60	2.7	0.019229
-60	2.8	0.016083
-60	2.9	0.014245
-60	3	0.011269
-60	3.1	0.010114
-60	3.2	0.01048
-60	3.3	0.010211
-60	3.4	0.010097
-60	3.5	0.0098028
-60	3.6	0.0080643
-60	3.7	0.0072317
-60	3.8	0.006893
-60	3.9	0.0076972
-60	4	0.0086371
-50	-4	0.0096549
-50	-3.9	0.009997
-50	-3.8	0.0099501
-50	-3.7	0.0093124
-50	-3.6	0.0088989
-50	-3.5	0.0094758
-50	-3.4	0.011228
-50	-3.3	0.012461
-50	-3.2	0.013471
-50	-3.1	0.012857
-50	-3	0.011848
-50	-2.9	0.012434
-50	-2.8	0.015654
-50	-2.7	0.020162
-50	-2.6	0.025167
-50	-2.5	0.028901
-50	-2.4	0.031461
-50	-2.3	0.032332
-50	-2.2	0.033226
-50	-2.1	0.03468
-50	-2	0.036263
-50	-1.9	0.037957
-50	-1.8	0.039003
-50	-1.7	0.038441
-50	-1.6	0.036127
-50	-1.5	0.032721
-50	-1.4	0.032044
-50	-1.3	0.035646
-50	-1.2	0.042012
-50	-1.1	0.049991
-50	-1	0.05679
-50	-0.9	0.062326
-50	-0.8	0.063581
-50	-0.7	0.060218
-50	-0.6	0.053175
-50	-0.5	0.04695
-50	-0.4	0.040246
-50	-0.3	0.027907
-50	-0.2	0.022387
-50	-0.1	0.018857
-50	0	0.016498
-50	0.1	0.01664
-50	0.2	0.02004
-50	0.3	0.025069
-50	0.4	0.031904
-50	0.5	0.039457
-50	0.6	0.045875
-50	0.7	0.050654
-50	0.8	0.053466
-50	0.9	0.053909
-50	1	0.051938
-50	1.1	0.049864
-50	1.2	0.047175
-50	1.3	0.045319
-50	1.4	0.041522
-50	1.5	0.039273
-50	1.6	0.03654
-50	1.7	0.035615
-50	1.8	0.034807
-50	1.9	0.033791
-50	2	0.03416
-50	2.1	0.034154
-50	2.2	0.032458
-50	2.3	0.030704
-50	2.4	0.026756
-50	2.5	0.023009
-50	2.6	0.019149
-50	2.7	0.015833
-50	2.8	0.014178
-50	2.9	0.013084
-50	3	0.013277
-50	3.1	0.012578
-50	3.2	0.011029
-50	3.3	0.0095979
-50	3.4	0.0082681
-50	3.5	0.007714
-50	3.6	0.0088515
-50	3.7	0.0098044
-50	3.8	0.0098143
-50	3.9	0.0093643
-50	4	0.0084785
-40	-4	0.012159
-40	-3.9	0.012967
-40	-3.8	0.012784
-40	-3.7	0.012426
-40	-3.6	0.011912
-40	-3.5	0.011375
-40	-3.4	0.011372
-40	-3.3	0.01194
-40	-3.2	0.012275
-40	-3.1	0.01336
-40	-3	0.015399
-40	-2.9	0.01653
-40	-2.8	0.020172
-40	-2.7	0.0228
-40	-2.6	0.026406
-40	-2.5	0.029546
-40	-2.4	0.032036
-40	-2.3	0.034156
-40	-2.2	0.03656
-40	-2.1	0.039056
-40	-2	0.040919
-40	-1.9	0.042111
-40	-1.8	0.042181
-40	-1.7	0.038807
-40	-1.6	0.036178
-40	-1.5	0.031685
-40	-1.4	0.030392
-40	-1.3	0.03402
-40	-1.2	0.043139
-40	-1.1	0.050666
-40	-1	0.05625
-40	-0.9	0.060674
-40	-0.8	0.061094
-40	-0.7	0.058823
-40	-0.6	0.052988
-40	-0.5	0.046569
-40	-0.4	0.037584
-40	-0.3	0.030314
-40	-0.2	0.026109
-40	-0.1	0.020766
-40	0	0.019555
-40	0.1	0.02021
-40	0.2	0.022082
-40	0.3	0.026665
-40	0.4	0.031472
-40	0.5	0.039526
-40	0.6	0.045085
-40	0.7	0.051316
-40	0.8	0.05405
-40	0.9	0.055021
-40	1	0.053175
-40	1.1	0.051462
-40	1.2	0.04597
-40	1.3	0.04264
-40	1.4	0.038209
-40	1.5	0.03643
-40	1.6	0.035789
-40	1.7	0.036617
-40	1.8	0.036845
-40	1.9	0.036258
-40	2	0.034918
-40	2.1	0.03234
-40	2.2	0.030439
-40	2.3	0.027593
-40	2.4	0.025378
-40	2.5	0.023814
-40	2.6	0.021875
-40	2.7	0.020339
-40	2.8	0.01774
-40	2.9	0.015032
-40	3	0.012798
-40	3.1	0.011544
-40	3.2	0.012009
-40	3.3	0.012028
-40	3.4	0.011433
-40	3.5	0.010795
-40	3.6	0.010612
-40	3.7	0.0099825
-40	3.8	0.00967
-40	3.9	0.010126
-40	4	0.010896
-30	-4	0.012487
-30	-3.9	0.012645
-30	-3.8	0.011265
-30	-3.7	0.0084307
-30	-3.6	0.0081321
-30	-3.5	0.0097962
-30	-3.4	0.012001
-30	-3.3	0.013145
-30	-3.2	0.012823
-30	-3.1	0.011526
-30	-3	0.011128
-30	-2.9	0.013316
-30	-2.8	0.0168
-30	-2.7	0.022006
-30	-2.6	0.027359
-30	-2.5	0.02963
-30	-2.4	0.030339
-30	-2.3	0.030693
-30	-2.2	0.031216
-30	-2.1	0.032819
-30	-2	0.035649
-30	-1.9	0.039208
-30	-1.8	0.040319
-30	-1.7	0.039239
-30	-1.6	0.03518
-30	-1.5	0.030235
-30	-1.4	0.027756
-30	-1.3	0.031374
-30	-1.2	0.038984
-30	-1.1	0.049402
-30	-1	0.057852
-30	-0.9	0.063621
-30	-0.8	0.065215
-30	-0.7	0.060036
-30	-0.6	0.056759
-30	-0.5	0.04773
-30	-0.4	0.036092
-30	-0.3	0.028861
-30	-0.2	0.022105
-30	-0.1	0.019419
-30	0	0.018288
-30	0.1	0.019253
-30	0.2	0.023502
-30	0.3	0.029452
-30	0.4	0.035726
-30	0.5	0.043019
-30	0.6	0.050613
-30	0.7	0.053508
-30	0.8	0.055528
-30	0.9	0.054184
-30	1	0.05182
-30	1.1	0.04673
-30	1.2	0.041329
-30	1.3	0.038372
-30	1.4	0.03587
-30	1.5	0.035377
-30	1.6	0.035436
-30	1.7	0.035942
-30	1.8	0.035972
-30	1.9	0.034409
-30	2	0.031188
-30	2.1	0.02932
-30	2.2	0.028255
-30	2.3	0.026077
-30	2.4	0.024707
-30	2.5	0.023568
-30	2.6	0.022574
-30	2.7	0.020727
-30	2.8	0.018005
-30	2.9	0.015003
-30	3	0.012274
-30	3.1	0.010874
-30	3.2	0.010314
-30	3.3	0.010709
-30	3.4	0.010688
-30	3.5	0.01117
-30	3.6	0.010845
-30	3.7	0.010647
-30	3.8	0.010342
-30	3.9	0.01007
-30	4	0.010594
-20	-4	0.013291
-20	-3.9	0.01425
-20	-3.8	0.013736
-20	-3.7	0.012403
-20	-3.6	0.010372
-20	-3.5	0.010692
-20	-3.4	0.01097
-20	-3.3	0.012205
-20	-3.2	0.013323
-20	-3.1	0.014447
-20	-3	0.013226
-20	-2.9	0.012373
-20	-2.8	0.014394
-20	-2.7	0.018863
-20	-2.6	0.026068
-20	-2.5	0.031737
-20	-2.4	0.034553
-20	-2.3	0.035007
-20	-2.2	0.034717
-20	-2.1	0.035421
-20	-2	0.03834
-20	-1.9	0.040544
-20	-1.8	0.040783
-20	-1.7	0.038327
-20	-1.6	0.033449
-20	-1.5	0.02922
-20	-1.4	0.026685
-20	-1.3	0.028671
-20	-1.2	0.037131
-20	-1.1	0.044732
-20	-1	0.051843
-20	-0.9	0.056711
-20	-0.8	0.057991
-20	-0.7	0.056793
-20	-0.6	0.052167
-20	-0.5	0.046831
-20	-0.4	0.039449
-20	-0.3	0.032478
-20	-0.2	0.025415
-20	-0.1	0.020556
-20	0	0.0189
-20	0.1	0.019803
-20	0.2	0.022897
-20	0.3	0.028783
-20	0.4	0.033925
-20	0.5	0.039687
-20	0.6	0.044718
-20	0.7	0.049786
-20	0.8	0.052263
-20	0.9	0.052678
-20	1	0.051517
-20	1.1	0.046818
-20	1.2	0.042817
-20	1.3	0.038606
-20	1.4	0.035226
-20	1.5	0.032041
-20	1.6	0.031669
-20	1.7	0.032322
-20	1.8	0.033356
-20	1.9	0.033362
-20	2	0.03204
-20	2.1	0.028443
-20	2.2	0.027112
-20	2.3	0.024467
-20	2.4	0.022125
-20	2.5	0.020816
-20	2.6	0.019273
-20	2.7	0.018829
-20	2.8	0.015613
-20	2.9	0.013281
-20	3	0.010381
-20	3.1	0.0093349
-20	3.2	0.0087265
-20	3.3	0.0087191
-20	3.4	0.0085506
-20	3.5	0.0089224
-20	3.6	0.0093712
-20	3.7	0.0095911
-20	3.8	0.0097962
-20	3.9	0.0098406
-20	4	0.0106
-10	-4	0.0095048
-10	-3.9	0.0098751
-10	-3.8	0.0090448
-10	-3.7	0.0079918
-10	-3.6	0.0076128
-10	-3.5	0.0085487
-10	-3.4	0.0097133
-10	-3.3	0.011492
-10	-3.2	0.011406
-10	-3.1	0.0099012
-10	-3	0.0087394
-10	-2.9	0.0089224
-10	-2.8	0.011342
-10	-2.7	0.016327
-10	-2.6	0.023083
-10	-2.5	0.026269
-10	-2.4	0.028096
-10	-2.3	0.029691
-10	-2.2	0.031267
-10	-2.1	0.032976
-10	-2	0.034619
-10	-1.9	0.036709
-10	-1.8	0.036887
-10	-1.7	0.035548
-10	-1.6	0.032867
-10	-1.5	0.028413
-10	-1.4	0.025572
-10	-1.3	0.026485
-10	-1.2	0.032963
-10	-1.1	0.040303
-10	-1	0.051469
-10	-0.9	0.057873
-10	-0.8	0.061633
-10	-0.7	0.059338
-10	-0.6	0.054175
-10	-0.5	0.046941
-10	-0.4	0.040655
-10	-0.3	0.028202
-10	-0.2	0.023213
-10	-0.1	0.019011
-10	0	0.01806
-10	0.1	0.018024
-10	0.2	0.020163
-10	0.3	0.023747
-10	0.4	0.030983
-10	0.5	0.036547
-10	0.6	0.042925
-10	0.7	0.048936
-10	0.8	0.050611
-10	0.9	0.050677
-10	1	0.049374
-10	1.1	0.045826
-10	1.2	0.041855
-10	1.3	0.039048
-10	1.4	0.03713
-10	1.5	0.034242
-10	1.6	0.032447
-10	1.7	0.031568
-10	1.8	0.031205
-10	1.9	0.031273
-10	2	0.0308
-10	2.1	0.030234
-10	2.2	0.029518
-10	2.3	0.027441
-10	2.4	0.025012
-10	2.5	0.020699
-10	2.6	0.01803
-10	2.7	0.014987
-10	2.8	0.012164
-10	2.9	0.01046
-10	3	0.0099094
-10	3.1	0.0098554
-10	3.2	0.0095911
-10	3.3	0.0093816
-10	3.4	0.0087246
-10	3.5	0.0085544
-10	3.6	0.0092794
-10	3.7	0.0093936
-10	3.8	0.009255
-10	3.9	0.0090733
-10	4	0.0085089
0	-4	0.01068
0	-3.9	0.011676
0	-3.8	0.011356
0	-3.7	0.0095167
0	-3.6	0.0075295
0	-3.5	0.0066835
0	-3.4	0.0079878
0	-3.3	0.010342
0	-3.2	0.010787
0	-3.1	0.010613
0	-3	0.0091036
0	-2.9	0.0074345
0	-2.8	0.0093453
0	-2.7	0.013249
0	-2.6	0.019975
0	-2.5	0.024327
0	-2.4	0.026909
0	-2.3	0.028815
0	-2.2	0.029986
0	-2.1	0.031616
0	-2	0.034656
0	-1.9	0.037549
0	-1.8	0.039087
0	-1.7	0.038034
0	-1.6	0.033503
0	-1.5	0.027068
0	-1.4	0.023702
0	-1.3	0.022883
0	-1.2	0.031271
0	-1.1	0.041184
0	-1	0.051445
0	-0.9	0.057323
0	-0.8	0.058611
0	-0.7	0.057053
0	-0.6	0.052978
0	-0.5	0.044174
0	-0.4	0.035341
0	-0.3	0.026499
0	-0.2	0.022397
0	-0.1	0.019098
0	0	0.017596
0	0.1	0.017054
0	0.2	0.017614
0	0.3	0.022423
0	0.4	0.027414
0	0.5	0.036908
0	0.6	0.043076
0	0.7	0.046367
0	0.8	0.048125
0	0.9	0.047187
0	1	0.044571
0	1.1	0.039453
0	1.2	0.035985
0	1.3	0.032516
0	1.4	0.030833
0	1.5	0.029862
0	1.6	0.030193
0	1.7	0.030434
0	1.8	0.030696
0	1.9	0.0303
0	2	0.029676
0	2.1	0.027937
0	2.2	0.026303
0	2.3	0.025251
0	2.4	0.023698
0	2.5	0.021818
0	2.6	0.018659
0	2.7	0.016121
0	2.8	0.013604
0	2.9	0.01181
0	3	0.010469
0	3.1	0.010393
0	3.2	0.010765
0	3.3	0.010296
0	3.4	0.0096197
0	3.5	0.0079187
0	3.6	0.0070804
0	3.7	0.0075317
0	3.8	0.008373
0	3.9	0.0093643
0	4	0.0091831
10	-4	0.0095692
10	-3.9	0.01111
10	-3.8	0.011643
10	-3.7	0.011491
10	-3.6	0.0097084
10	-3.5	0.008667
10	-3.4	0.008225
10	-3.3	0.0096063
10	-3.2	0.010757
10	-3.1	0.011151
10	-3	0.0097067
10	-2.9	0.0074778
10	-2.8	0.0073712
10	-2.7	0.014049
10	-2.6	0.017958
10	-2.5	0.022628
10	-2.4	0.026879
10	-2.3	0.028845
10	-2.2	0.030566
10	-2.1	0.032889
10	-2	0.033763
10	-1.9	0.03555
10	-1.8	0.036624
10	-1.7	0.035901
10	-1.6	0.033288
10	-1.5	0.028528
10	-1.4	0.021629
10	-1.3	0.020216
10	-1.2	0.027438
10	-1.1	0.03402
10	-1	0.045523
10	-0.9	0.050284
10	-0.8	0.054577
10	-0.7	0.054231
10	-0.6	0.049034
10	-0.5	0.04365
10	-0.4	0.035358
10	-0.3	0.029343
10	-0.2	0.023385
10	-0.1	0.01974
10	0	0.016651
10	0.1	0.015318
10	0.2	0.016248
10	0.3	0.018505
10	0.4	0.025415
10	0.5	0.032619
10	0.6	0.039307
10	0.7	0.043115
10	0.8	0.045724
10	0.9	0.04616
10	1	0.043029
10	1.1	0.039252
10	1.2	0.03686
10	1.3	0.031079
10	1.4	0.027792
10	1.5	0.026572
10	1.6	0.02649
10	1.7	0.027086
10	1.8	0.028149
10	1.9	0.028922
10	2	0.028508
10	2.1	0.026819
10	2.2	0.025476
10	2.3	0.023827
10	2.4	0.021679
10	2.5	0.01985
10	2.6	0.018291
10	2.7	0.015687
10	2.8	0.013248
10	2.9	0.012249
10	3	0.009213
10	3.1	0.0083576
10	3.2	0.0083692
10	3.3	0.009302
10	3.4	0.0091177
10	3.5	0.0086521
10	3.6	0.0078757
10	3.7	0.0075509
10	3.8	0.0079979
10	3.9	0.00815
10	4	0.0085996
20	-4	0.0087376
20	-3.9	0.01054
20	-3.8	0.011191
20	-3.7	0.011144
20	-3.6	0.009976
20	-3.5	0.0087265
20	-3.4	0.0087135
20	-3.3	0.0094861
20	-3.2	0.0097846
20	-3.1	0.0089676
20	-3	0.0078901
20	-2.9	0.0066374
20	-2.8	0.0082564
20	-2.7	0.012845
20	-2.6	0.015917
20	-2.5	0.020141
20	-2.4	0.023188
20	-2.3	0.025639
20	-2.2	0.028896
20	-2.1	0.031283
20	-2	0.032214
20	-1.9	0.034501
20	-1.8	0.037114
20	-1.7	0.037352
20	-1.6	0.035684
20	-1.5	0.030191
20	-1.4	0.0232
20	-1.3	0.017677
20	-1.2	0.018738
20	-1.1	0.029416
20	-1	0.039267
20	-0.9	0.045954
20	-0.8	0.052064
20	-0.7	0.05153
20	-0.6	0.048477
20	-0.5	0.044138
20	-0.4	0.035733
20	-0.3	0.03042
20	-0.2	0.02468
20	-0.1	0.020309
20	0	0.016596
20	0.1	0.014713
20	0.2	0.014203
20	0.3	0.01702
20	0.4	0.024949
20	0.5	0.028793
20	0.6	0.036385
20	0.7	0.041434
20	0.8	0.043217
20	0.9	0.043082
20	1	0.040817
20	1.1	0.038544
20	1.2	0.034589
20	1.3	0.031846
20	1.4	0.028417
20	1.5	0.025661
20	1.6	0.024369
20	1.7	0.024484
20	1.8	0.025538
20	1.9	0.02634
20	2	0.027077
20	2.1	0.026505
20	2.2	0.024111
20	2.3	0.021682
20	2.4	0.020298
20	2.5	0.016686
20	2.6	0.014261
20	2.7	0.011818
20	2.8	0.010531
20	2.9	0.0095979
20	3	0.0071123
20	3.1	0.0058368
20	3.2	0.0052539
20	3.3	0.0059871
20	3.4	0.0071327
20	3.5	0.0075744
20	3.6	0.0073426
20	3.7	0.0077203
20	3.8	0.0072026
20	3.9	0.0069839
20	4	0.0066399
30	-4	0.011586
30	-3.9	0.012611
30	-3.8	0.013171
30	-3.7	0.011902
30	-3.6	0.010386
30	-3.5	0.0093124
30	-3.4	0.010151
30	-3.3	0.011593
30	-3.2	0.011781
30	-3.1	0.010384
30	-3	0.0077495
30	-2.9	0.0062097
30	-2.8	0.0079574
30	-2.7	0.012877
30	-2.6	0.01672
30	-2.5	0.020043
30	-2.4	0.023213
30	-2.3	0.025132
30	-2.2	0.026622
30	-2.1	0.028314
30	-2	0.032037
30	-1.9	0.037063
30	-1.8	0.040504
30	-1.7	0.041456
30	-1.6	0.036808
30	-1.5	0.027858
30	-1.4	0.020432
30	-1.3	0.014084
30	-1.2	0.017595
30	-1.1	0.026482
30	-1	0.039948
30	-0.9	0.045739
30	-0.8	0.049166
30	-0.7	0.050262
30	-0.6	0.047325
30	-0.5	0.041366
30	-0.4	0.036245
30	-0.3	0.028142
30	-0.2	0.022456
30	-0.1	0.018362
30	0	0.015277
30	0.1	0.013927
30	0.2	0.014862
30	0.3	0.019172
30	0.4	0.021728
30	0.5	0.027495
30	0.6	0.033586
30	0.7	0.036096
30	0.8	0.039132
30	0.9	0.039881
30	1	0.039346
30	1.1	0.035794
30	1.2	0.033386
30	1.3	0.029857
30	1.4	0.025475
30	1.5	0.023671
30	1.6	0.023788
30	1.7	0.025235
30	1.8	0.027266
30	1.9	0.028572
30	2	0.028795
30	2.1	0.028209
30	2.2	0.026349
30	2.3	0.024237
30	2.4	0.022416
30	2.5	0.020742
30	2.6	0.01912
30	2.7	0.016728
30	2.8	0.014913
30	2.9	0.013107
30	3	0.011184
30	3.1	0.0092217
30	3.2	0.008609
30	3.3	0.0084613
30	3.4	0.009255
30	3.5	0.010106
30	3.6	0.01067
30	3.7	0.010772
30	3.8	0.010771
30	3.9	0.011081
30	4	0.01082
40	-4	0.010715
40	-3.9	0.012423
40	-3.8	0.013729
40	-3.7	0.013633
40	-3.6	0.012423
40	-3.5	0.01146
40	-3.4	0.010359
40	-3.3	0.00988
40	-3.2	0.010287
40	-3.1	0.010532
40	-3	0.0096783
40	-2.9	0.0082583
40	-2.8	0.0067891
40	-2.7	0.0098849
40	-2.6	0.013783
40	-2.5	0.02065
40	-2.4	0.023948
40	-2.3	0.027031
40	-2.2	0.029239
40	-2.1	0.030909
40	-2	0.033077
40	-1.9	0.036609
40	-1.8	0.039063
40	-1.7	0.040671
40	-1.6	0.039254
40	-1.5	0.032631
40	-1.4	0.022345
40	-1.3	0.018384
40	-1.2	0.014754
40	-1.1	0.024116
40	-1	0.03231
40	-0.9	0.041941
40	-0.8	0.047932
40	-0.7	0.051069
40	-0.6	0.049464
40	-0.5	0.046415
40	-0.4	0.040259
40	-0.3	0.034323
40	-0.2	0.02637
40	-0.1	0.021803
40	0	0.017872
40	0.1	0.014782
40	0.2	0.013909
40	0.3	0.015232
40	0.4	0.01841
40	0.5	0.023034
40	0.6	0.02982
40	0.7	0.033948
40	0.8	0.037612
40	0.9	0.039624
40	1	0.03959
40	1.1	0.038852
40	1.2	0.03562
40	1.3	0.031991
40	1.4	0.028177
40	1.5	0.026044
40	1.6	0.024234
40	1.7	0.024461
40	1.8	0.025854
40	1.9	0.027349
40	2	0.029192
40	2.1	0.028808
40	2.2	0.026707
40	2.3	0.025019
40	2.4	0.021319
40	2.5	0.018996
40	2.6	0.016506
40	2.7	0.015086
40	2.8	0.014343
40	2.9	0.012958
40	3	0.011318
40	3.1	0.0089514
40	3.2	0.0078572
40	3.3	0.0075381
40	3.4	0.0087635
40	3.5	0.0098963
40	3.6	0.0096884
40	3.7	0.0092689
40	3.8	0.0093194
40	3.9	0.0087561
40	4	0.0090215
50	-4	0.010106
50	-3.9	0.012192
50	-3.8	0.012861
50	-3.7	0.013093
50	-3.6	0.012755
50	-3.5	0.011992
50	-3.4	0.010404
50	-3.3	0.0092217
50	-3.2	0.0087098
50	-3.1	0.0097731
50	-3	0.010445
50	-2.9	0.010175
50	-2.8	0.0084575
50	-2.7	0.0060087
50	-2.6	0.012017
50	-2.5	0.019055
50	-2.4	0.023985
50	-2.3	0.030038
50	-2.2	0.032177
50	-2.1	0.033778
50	-2	0.03462
50	-1.9	0.035605
50	-1.8	0.038054
50	-1.7	0.038511
50	-1.6	0.038219
50	-1.5	0.03373
50	-1.4	0.029116
50	-1.3	0.023736
50	-1.2	0.017942
50	-1.1	0.019811
50	-1	0.028531
50	-0.9	0.038071
50	-0.8	0.045162
50	-0.7	0.051642
50	-0.6	0.052955
50	-0.5	0.050009
50	-0.4	0.042567
50	-0.3	0.036882
50	-0.2	0.029105
50	-0.1	0.022272
50	0	0.018082
50	0.1	0.015952
50	0.2	0.013121
50	0.3	0.013938
50	0.4	0.017276
50	0.5	0.022683
50	0.6	0.027583
50	0.7	0.033989
50	0.8	0.039716
50	0.9	0.040909
50	1	0.039705
50	1.1	0.037702
50	1.2	0.035833
50	1.3	0.031997
50	1.4	0.028932
50	1.5	0.027806
50	1.6	0.027102
50	1.7	0.026328
50	1.8	0.025927
50	1.9	0.026033
50	2	0.026369
50	2.1	0.027056
50	2.2	0.026796
50	2.3	0.025896
50	2.4	0.024476
50	2.5	0.022368
50	2.6	0.019779
50	2.7	0.015709
50	2.8	0.014364
50	2.9	0.011551
50	3	0.010118
50	3.1	0.0088168
50	3.2	0.0091408
50	3.3	0.0089532
50	3.4	0.0091619
50	3.5	0.0094091
50	3.6	0.0087487
50	3.7	0.0085165
50	3.8	0.0084384
50	3.9	0.008274
50	4	0.0083846
60	-4	0.011279
60	-3.9	0.014298
60	-3.8	0.016233
60	-3.7	0.015883
60	-3.6	0.013863
60	-3.5	0.01088
60	-3.4	0.0093211
60	-3.3	0.0094844
60	-3.2	0.011756
60	-3.1	0.012685
60	-3	0.012445
60	-2.9	0.010274
60	-2.8	0.0078654
60	-2.7	0.0072116
60	-2.6	0.0107
60	-2.5	0.016999
60	-2.4	0.025466
60	-2.3	0.028173
60	-2.2	0.032437
60	-2.1	0.033892
60	-2	0.034994
60	-1.9	0.037362
60	-1.8	0.040295
60	-1.7	0.042074
60	-1.6	0.042158
60	-1.5	0.040094
60	-1.4	0.032217
60	-1.3	0.021243
60	-1.2	0.016905
60	-1.1	0.018368
60	-1	0.027415
60	-0.9	0.037782
60	-0.8	0.046923
60	-0.7	0.052856
60	-0.6	0.053493
60	-0.5	0.051295
60	-0.4	0.046079
60	-0.3	0.039741
60	-0.2	0.030602
60	-0.1	0.023956
60	0	0.020125
60	0.1	0.016609
60	0.2	0.015344
60	0.3	0.014752
60	0.4	0.01616
60	0.5	0.022042
60	0.6	0.02624
60	0.7	0.033983
60	0.8	0.038908
60	0.9	0.042147
60	1	0.042491
60	1.1	0.041431
60	1.2	0.038548
60	1.3	0.036902
60	1.4	0.033286
60	1.5	0.030581
60	1.6	0.028834
60	1.7	0.027686
60	1.8	0.026926
60	1.9	0.026843
60	2	0.027933
60	2.1	0.029363
60	2.2	0.029541
60	2.3	0.028399
60	2.4	0.026605
60	2.5	0.023144
60	2.6	0.019916
60	2.7	0.017056
60	2.8	0.014902
60	2.9	0.013046
60	3	0.011017
60	3.1	0.010121
60	3.2	0.0093661
60	3.3	0.0091655
60	3.4	0.0096332
60	3.5	0.0095337
60	3.6	0.009608
60	3.7	0.0090412
60	3.8	0.0085789
60	3.9	0.0086446
60	4	0.0083904
70	-4	0.010757
70	-3.9	0.012819
70	-3.8	0.014939
70	-3.7	0.015818
70	-3.6	0.01592
70	-3.5	0.014025
70	-3.4	0.012199
70	-3.3	0.011116
70	-3.2	0.01186
70	-3.1	0.013303
70	-3	0.013186
70	-2.9	0.011527
70	-2.8	0.0080563
70	-2.7	0.0076972
70	-2.6	0.011366
70	-2.5	0.019927
70	-2.4	0.024206
70	-2.3	0.029036
70	-2.2	0.032158
70	-2.1	0.033824
70	-2	0.035191
70	-1.9	0.039344
70	-1.8	0.043227
70	-1.7	0.047298
70	-1.6	0.047217
70	-1.5	0.04305
70	-1.4	0.038775
70	-1.3	0.030491
70	-1.2	0.018438
70	-1.1	0.017581
70	-1	0.025231
70	-0.9	0.037358
70	-0.8	0.047641
70	-0.7	0.052793
70	-0.6	0.055996
70	-0.5	0.054861
70	-0.4	0.048973
70	-0.3	0.040296
70	-0.2	0.032121
70	-0.1	0.024889
70	0	0.020697
70	0.1	0.017434
70	0.2	0.016389
70	0.3	0.016829
70	0.4	0.018716
70	0.5	0.022454
70	0.6	0.025924
70	0.7	0.031262
70	0.8	0.038348
70	0.9	0.042492
70	1	0.044202
70	1.1	0.044187
70	1.2	0.042637
70	1.3	0.039024
70	1.4	0.034666
70	1.5	0.030495
70	1.6	0.027981
70	1.7	0.027435
70	1.8	0.027967
70	1.9	0.029202
70	2	0.031402
70	2.1	0.032358
70	2.2	0.031984
70	2.3	0.029938
70	2.4	0.028881
70	2.5	0.025773
70	2.6	0.021827
70	2.7	0.019275
70	2.8	0.016349
70	2.9	0.014558
70	3	0.012303
70	3.1	0.011225
70	3.2	0.010116
70	3.3	0.0096482
70	3.4	0.0093816
70	3.5	0.009234
70	3.6	0.0093626
70	3.7	0.009373
70	3.8	0.0090626
70	3.9	0.0089532
70	4	0.009498
80	-4	0.011132
80	-3.9	0.012936
80	-3.8	0.01543
80	-3.7	0.017211
80	-3.6	0.017353
80	-3.5	0.016551
80	-3.4	0.014808
80	-3.3	0.013979
80	-3.2	0.013892
80	-3.1	0.013711
80	-3	0.012795
80	-2.9	0.010613
80	-2.8	0.0088971
80	-2.7	0.0097681
80	-2.6	0.012963
80	-2.5	0.01784
80	-2.4	0.023038
80	-2.3	0.026956
80	-2.2	0.030597
80	-2.1	0.034492
80	-2	0.036305
80	-1.9	0.03856
80	-1.8	0.041403
80	-1.7	0.043876
80	-1.6	0.045788
80	-1.5	0.043992
80	-1.4	0.037999
80	-1.3	0.030645
80	-1.2	0.02418
80	-1.1	0.018319
80	-1	0.024088
80	-0.9	0.036291
80	-0.8	0.044103
80	-0.7	0.050872
80	-0.6	0.054838
80	-0.5	0.055437
80	-0.4	0.053295
80	-0.3	0.047507
80	-0.2	0.041229
80	-0.1	0.034368
80	0	0.026567
80	0.1	0.020494
80	0.2	0.01745
80	0.3	0.015732
80	0.4	0.017405
80	0.5	0.020875
80	0.6	0.026051
80	0.7	0.033813
80	0.8	0.038126
80	0.9	0.04328
80	1	0.045003
80	1.1	0.046257
80	1.2	0.045965
80	1.3	0.042417
80	1.4	0.039859
80	1.5	0.036568
80	1.6	0.034573
80	1.7	0.033567
80	1.8	0.033431
80	1.9	0.033135
80	2	0.033333
80	2.1	0.032823
80	2.2	0.030784
80	2.3	0.029503
80	2.4	0.027698
80	2.5	0.026428
80	2.6	0.024845
80	2.7	0.022267
80	2.8	0.020497
80	2.9	0.017934
80	3	0.015228
80	3.1	0.013279
80	3.2	0.011389
80	3.3	0.010359
80	3.4	0.010073
80	3.5	0.0090341
80	3.6	0.008545
80	3.7	0.0087209
80	3.8	0.0089333
80	3.9	0.01002
80	4	0.010719
90	-4	0.010015
90	-3.9	0.011314
90	-3.8	0.014004
90	-3.7	0.016567
90	-3.6	0.017559
90	-3.5	0.017798
90	-3.4	0.016297
90	-3.3	0.013726
90	-3.2	0.012458
90	-3.1	0.012159
90	-3	0.012323
90	-2.9	0.011908
90	-2.8	0.010068
90	-2.7	0.0082329
90	-2.6	0.0084365
90	-2.5	0.015985
90	-2.4	0.022938
90	-2.3	0.026904
90	-2.2	0.032191
90	-2.1	0.03562
90	-2	0.037566
90	-1.9	0.039845
90	-1.8	0.04183
90	-1.7	0.043677
90	-1.6	0.04484
90	-1.5	0.044256
90	-1.4	0.041563
90	-1.3	0.035767
90	-1.2	0.027516
90	-1.1	0.020822
90	-1	0.020635
90	-0.9	0.031776
90	-0.8	0.041225
90	-0.7	0.053064
90	-0.6	0.057214
90	-0.5	0.058061
90	-0.4	0.056286
90	-0.3	0.049489
90	-0.2	0.041613
90	-0.1	0.033407
90	0	0.027678
90	0.1	0.022133
90	0.2	0.018883
90	0.3	0.015913
90	0.4	0.016149
90	0.5	0.019152
90	0.6	0.023444
90	0.7	0.029928
90	0.8	0.037203
90	0.9	0.042
90	1	0.045084
90	1.1	0.046771
90	1.2	0.046667
90	1.3	0.044673
90	1.4	0.04028
90	1.5	0.037606
90	1.6	0.034224
90	1.7	0.031769
90	1.8	0.030871
90	1.9	0.031247
90	2	0.032357
90	2.1	0.032904
90	2.2	0.031822
90	2.3	0.029555
90	2.4	0.026682
90	2.5	0.02409
90	2.6	0.022105
90	2.7	0.021146
90	2.8	0.019616
90	2.9	0.019192
90	3	0.017591
90	3.1	0.014805
90	3.2	0.011338
90	3.3	0.0094741
90	3.4	0.0092182
90	3.5	0.01032
90	3.6	0.010971
90	3.7	0.01097
90	3.8	0.010793
90	3.9	0.010282
90	4	0.0096533
100	-4	0.01121
100	-3.9	0.013356
100	-3.8	0.015761
100	-3.7	0.017141
100	-3.6	0.017141
100	-3.5	0.01609
100	-3.4	0.014051
100	-3.3	0.012594
100	-3.2	0.013545
100	-3.1	0.015125
100	-3	0.015845
100	-2.9	0.013426
100	-2.8	0.010165
100	-2.7	0.0073974
100	-2.6	0.0097266
100	-2.5	0.015128
100	-2.4	0.020209
100	-2.3	0.025292
100	-2.2	0.029724
100	-2.1	0.032404
100	-2	0.034712
100	-1.9	0.037301
100	-1.8	0.040788
100	-1.7	0.044411
100	-1.6	0.047582
100	-1.5	0.04702
100	-1.4	0.044336
100	-1.3	0.034976
100	-1.2	0.028786
100	-1.1	0.020845
100	-1	0.025651
100	-0.9	0.030032
100	-0.8	0.039263
100	-0.7	0.051129
100	-0.6	0.056129
100	-0.5	0.058215
100	-0.4	0.056571
100	-0.3	0.051896
100	-0.2	0.044031
100	-0.1	0.035209
100	0	0.028084
100	0.1	0.022354
100	0.2	0.017193
100	0.3	0.015915
100	0.4	0.015752
100	0.5	0.017006
100	0.6	0.020896
100	0.7	0.026079
100	0.8	0.031545
100	0.9	0.038553
100	1	0.041036
100	1.1	0.045
100	1.2	0.04628
100	1.3	0.045997
100	1.4	0.043793
100	1.5	0.03977
100	1.6	0.036334
100	1.7	0.033676
100	1.8	0.03245
100	1.9	0.032439
100	2	0.033739
100	2.1	0.035045
100	2.2	0.03589
100	2.3	0.034851
100	2.4	0.032001
100	2.5	0.03042
100	2.6	0.027874
100	2.7	0.025201
100	2.8	0.023213
100	2.9	0.020562
100	3	0.018415
100	3.1	0.015839
100	3.2	0.013495
100	3.3	0.012758
100	3.4	0.011701
100	3.5	0.0117
100	3.6	0.012323
100	3.7	0.011564
100	3.8	0.011105
100	3.9	0.010939
100	4	0.011379
110	-4	0.011138
110	-3.9	0.011608
110	-3.8	0.012261
110	-3.7	0.012492
110	-3.6	0.013156
110	-3.5	0.012848
110	-3.4	0.012936
110	-3.3	0.012344
110	-3.2	0.011647
110	-3.1	0.010875
110	-3	0.010259
110	-2.9	0.010121
110	-2.8	0.0096917
110	-2.7	0.0083188
110	-2.6	0.0070484
110	-2.5	0.0080241
110	-2.4	0.013684
110	-2.3	0.020909
110	-2.2	0.025756
110	-2.1	0.030242
110	-2	0.033408
110	-1.9	0.035881
110	-1.8	0.039359
110	-1.7	0.042833
110	-1.6	0.04456
110	-1.5	0.044617
110	-1.4	0.04352
110	-1.3	0.039539
110	-1.2	0.032424
110	-1.1	0.027564
110	-1	0.02519
110	-0.9	0.028655
110	-0.8	0.037873
110	-0.7	0.046582
110	-0.6	0.05572
110	-0.5	0.059052
110	-0.4	0.057413
110	-0.3	0.053524
110	-0.2	0.04703
110	-0.1	0.037396
110	0	0.027936
110	0.1	0.022745
110	0.2	0.01924
110	0.3	0.01614
110	0.4	0.014405
110	0.5	0.015211
110	0.6	0.018192
110	0.7	0.022249
110	0.8	0.030892
110	0.9	0.038739
110	1	0.044123
110	1.1	0.045333
110	1.2	0.046299
110	1.3	0.045713
110	1.4	0.043423
110	1.5	0.040789
110	1.6	0.038449
110	1.7	0.03607
110	1.8	0.03568
110	1.9	0.034307
110	2	0.033718
110	2.1	0.033866
110	2.2	0.033528
110	2.3	0.032595
110	2.4	0.03104
110	2.5	0.028697
110	2.6	0.026273
110	2.7	0.023784
110	2.8	0.021294
110	2.9	0.018359
110	3	0.016515
110	3.1	0.014529
110	3.2	0.012526
110	3.3	0.010959
110	3.4	0.010537
110	3.5	0.010393
110	3.6	0.010468
110	3.7	0.0098258
110	3.8	0.0093194
110	3.9	0.009248
110	4	0.0090964
120	-4	0.0090036
120	-3.9	0.0089928
120	-3.8	0.010946
120	-3.7	0.012843
120	-3.6	0.014541
120	-3.5	0.014869
120	-3.4	0.013763
120	-3.3	0.012076
120	-3.2	0.010379
120	-3.1	0.010024
120	-3	0.010777
120	-2.9	0.011868
120	-2.8	0.011586
120	-2.7	0.010356
120	-2.6	0.007568
120	-2.5	0.0071576
120	-2.4	0.012993
120	-2.3	0.018769
120	-2.2	0.026144
120	-2.1	0.030182
120	-2	0.033551
120	-1.9	0.035082
120	-1.8	0.036778
120	-1.7	0.038724
120	-1.6	0.040964
120	-1.5	0.042069
120	-1.4	0.041987
120	-1.3	0.038822
120	-1.2	0.034861
120	-1.1	0.028779
120	-1	0.025477
120	-0.9	0.029303
120	-0.8	0.035798
120	-0.7	0.051205
120	-0.6	0.055951
120	-0.5	0.060576
120	-0.4	0.05862
120	-0.3	0.054891
120	-0.2	0.044257
120	-0.1	0.035283
120	0	0.026671
120	0.1	0.020959
120	0.2	0.016329
120	0.3	0.01401
120	0.4	0.012931
120	0.5	0.013636
120	0.6	0.018499
120	0.7	0.026811
120	0.8	0.03278
120	0.9	0.03922
120	1	0.043708
120	1.1	0.044924
120	1.2	0.045363
120	1.3	0.044555
120	1.4	0.043179
120	1.5	0.041194
120	1.6	0.04007
120	1.7	0.03814
120	1.8	0.036234
120	1.9	0.033816
120	2	0.032325
120	2.1	0.032072
120	2.2	0.031914
120	2.3	0.031849
120	2.4	0.031
120	2.5	0.029533
120	2.6	0.026211
120	2.7	0.023568
120	2.8	0.020222
120	2.9	0.018057
120	3	0.015736
120	3.1	0.013562
120	3.2	0.011306
120	3.3	0.010159
120	3.4	0.010141
120	3.5	0.009469
120	3.6	0.0094417
120	3.7	0.0097034
120	3.8	0.0091672
120	3.9	0.0083576
120	4	0.0074062
130	-4	0.0094228
130	-3.9	0.0094039
130	-3.8	0.010704
130	-3.7	0.012078
130	-3.6	0.013595
130	-3.5	0.014177
130	-3.4	0.013855
130	-3.3	0.013118
130	-3.2	0.012328
130	-3.1	0.011288
130	-3	0.010908
130	-2.9	0.011145
130	-2.8	0.010229
130	-2.7	0.00944
130	-2.6	0.0071236
130	-2.5	0.0076191
130	-2.4	0.011427
130	-2.3	0.018196
130	-2.2	0.023224
130	-2.1	0.027963
130	-2	0.031045
130	-1.9	0.034803
130	-1.8	0.036095
130	-1.7	0.039331
130	-1.6	0.041843
130	-1.5	0.04334
130	-1.4	0.042549
130	-1.3	0.038944
130	-1.2	0.033587
130	-1.1	0.027261
130	-1	0.025139
130	-0.9	0.030283
130	-0.8	0.038985
130	-0.7	0.048577
130	-0.6	0.054639
130	-0.5	0.05715
130	-0.4	0.055891
130	-0.3	0.049543
130	-0.2	0.045523
130	-0.1	0.035437
130	0	0.026271
130	0.1	0.022757
130	0.2	0.016688
130	0.3	0.013615
130	0.4	0.012701
130	0.5	0.013768
130	0.6	0.01745
130	0.7	0.021168
130	0.8	0.028383
130	0.9	0.03469
130	1	0.038641
130	1.1	0.041624
130	1.2	0.043926
130	1.3	0.044843
130	1.4	0.044598
130	1.5	0.043767
130	1.6	0.040693
130	1.7	0.038356
130	1.8	0.034787
130	1.9	0.030859
130	2	0.029123
130	2.1	0.029106
130	2.2	0.030257
130	2.3	0.031505
130	2.4	0.031569
130	2.5	0.03028
130	2.6	0.027012
130	2.7	0.022918
130	2.8	0.019181
130	2.9	0.017062
130	3	0.015605
130	3.1	0.014609
130	3.2	0.013178
130	3.3	0.012358
130	3.4	0.010347
130	3.5	0.0090466
130	3.6	0.0086184
130	3.7	0.0089802
130	3.8	0.0094946
130	3.9	0.0095489
130	4	0.0089025
140	-4	0.007849
140	-3.9	0.0087911
140	-3.8	0.011889
140	-3.7	0.013884
140	-3.6	0.01427
140	-3.5	0.01368
140	-3.4	0.012743
140	-3.3	0.0112
140	-3.2	0.011479
140	-3.1	0.012426
140	-3	0.012716
140	-2.9	0.012336
140	-2.8	0.0097133
140	-2.7	0.0086353
140	-2.6	0.0070254
140	-2.5	0.010293
140	-2.4	0.014288
140	-2.3	0.020043
140	-2.2	0.022756
140	-2.1	0.025208
140	-2	0.0269
140	-1.9	0.030039
140	-1.8	0.033464
140	-1.7	0.037962
140	-1.6	0.041816
140	-1.5	0.043155
140	-1.4	0.042417
140	-1.3	0.036814
140	-1.2	0.032837
140	-1.1	0.026305
140	-1	0.023571
140	-0.9	0.029141
140	-0.8	0.039311
140	-0.7	0.050832
140	-0.6	0.057031
140	-0.5	0.058432
140	-0.4	0.056843
140	-0.3	0.051472
140	-0.2	0.043947
140	-0.1	0.034095
140	0	0.024196
140	0.1	0.01788
140	0.2	0.013979
140	0.3	0.011683
140	0.4	0.011144
140	0.5	0.012405
140	0.6	0.014923
140	0.7	0.019213
140	0.8	0.026205
140	0.9	0.031532
140	1	0.036237
140	1.1	0.038263
140	1.2	0.041167
140	1.3	0.04198
140	1.4	0.040504
140	1.5	0.039588
140	1.6	0.036775
140	1.7	0.033762
140	1.8	0.030588
140	1.9	0.028824
140	2	0.029035
140	2.1	0.030552
140	2.2	0.030949
140	2.3	0.031349
140	2.4	0.029914
140	2.5	0.028877
140	2.6	0.025572
140	2.7	0.023745
140	2.8	0.020982
140	2.9	0.020156
140	3	0.019525
140	3.1	0.018172
140	3.2	0.016114
140	3.3	0.012878
140	3.4	0.010186
140	3.5	0.0090733
140	3.6	0.0089532
140	3.7	0.0094057
140	3.8	0.010386
140	3.9	0.010753
140	4	0.010638
150	-4	0.0079898
150	-3.9	0.008545
150	-3.8	0.0089658
150	-3.7	0.010359
150	-3.6	0.011649
150	-3.5	0.01205
150	-3.4	0.012011
150	-3.3	0.011212
150	-3.2	0.010627
150	-3.1	0.0098849
150	-3	0.010013
150	-2.9	0.0092654
150	-2.8	0.0083788
150	-2.7	0.00697
150	-2.6	0.007672
150	-2.5	0.0094383
150	-2.4	0.014487
150	-2.3	0.018572
150	-2.2	0.022663
150	-2.1	0.025363
150	-2	0.027456
150	-1.9	0.030428
150	-1.8	0.032973
150	-1.7	0.037767
150	-1.6	0.040487
150	-1.5	0.041991
150	-1.4	0.041142
150	-1.3	0.037459
150	-1.2	0.030406
150	-1.1	0.026004
150	-1	0.025065
150	-0.9	0.029718
150	-0.8	0.03938
150	-0.7	0.050739
150	-0.6	0.055662
150	-0.5	0.058861
150	-0.4	0.058026
150	-0.3	0.052179
150	-0.2	0.044375
150	-0.1	0.032642
150	0	0.026666
150	0.1	0.016045
150	0.2	0.011439
150	0.3	0.010281
150	0.4	0.010259
150	0.5	0.010977
150	0.6	0.014845
150	0.7	0.021983
150	0.8	0.024733
150	0.9	0.033293
150	1	0.038452
150	1.1	0.042345
150	1.2	0.044395
150	1.3	0.044049
150	1.4	0.042087
150	1.5	0.039226
150	1.6	0.037097
150	1.7	0.034666
150	1.8	0.031144
150	1.9	0.030205
150	2	0.030065
150	2.1	0.030437
150	2.2	0.029881
150	2.3	0.029836
150	2.4	0.028619
150	2.5	0.026415
150	2.6	0.024771
150	2.7	0.02209
150	2.8	0.020662
150	2.9	0.020109
150	3	0.019515
150	3.1	0.018228
150	3.2	0.015734
150	3.3	0.015001
150	3.4	0.012323
150	3.5	0.010931
150	3.6	0.0092916
150	3.7	0.0094673
150	3.8	0.0098242
150	3.9	0.010756
150	4	0.010145
160	-4	0.0094758
160	-3.9	0.010028
160	-3.8	0.010594
160	-3.7	0.011709
160	-3.6	0.012627
160	-3.5	0.012589
160	-3.4	0.011767
160	-3.3	0.011603
160	-3.2	0.010897
160	-3.1	0.010719
160	-3	0.010653
160	-2.9	0.010432
160	-2.8	0.0091796
160	-2.7	0.0080523
160	-2.6	0.0084154
160	-2.5	0.011348
160	-2.4	0.01593
160	-2.3	0.021683
160	-2.2	0.02603
160	-2.1	0.028901
160	-2	0.030771
160	-1.9	0.031764
160	-1.8	0.033506
160	-1.7	0.034749
160	-1.6	0.037432
160	-1.5	0.038576
160	-1.4	0.037512
160	-1.3	0.033836
160	-1.2	0.028884
160	-1.1	0.023634
160	-1	0.024014
160	-0.9	0.031667
160	-0.8	0.037833
160	-0.7	0.050436
160	-0.6	0.053479
160	-0.5	0.056856
160	-0.4	0.055939
160	-0.3	0.049796
160	-0.2	0.041131
160	-0.1	0.035022
160	0	0.023904
160	0.1	0.017834
160	0.2	0.011164
160	0.3	0.010087
160	0.4	0.010118
160	0.5	0.011402
160	0.6	0.016706
160	0.7	0.019
160	0.8	0.024324
160	0.9	0.031626
160	1	0.037035
160	1.1	0.040077
160	1.2	0.042544
160	1.3	0.043473
160	1.4	0.042586
160	1.5	0.041764
160	1.6	0.038299
160	1.7	0.033774
160	1.8	0.029888
160	1.9	0.028935
160	2	0.0284
160	2.1	0.029052
160	2.2	0.029692
160	2.3	0.030387
160	2.4	0.030307
160	2.5	0.028255
160	2.6	0.025538
160	2.7	0.022637
160	2.8	0.021147
160	2.9	0.019901
160	3	0.018571
160	3.1	0.017187
160	3.2	0.015559
160	3.3	0.013659
160	3.4	0.012179
160	3.5	0.0090715
160	3.6	0.0082896
160	3.7	0.0084058
160	3.8	0.0091655
160	3.9	0.0088807
160	4	0.0078613
170	-4	0.0077745
170	-3.9	0.0088333
170	-3.8	0.011352
170	-3.7	0.012332
170	-3.6	0.012848
170	-3.5	0.011386
170	-3.4	0.0095995
170	-3.3	0.0079797
170	-3.2	0.0077391
170	-3.1	0.0097133
170	-3	0.010996
170	-2.9	0.011737
170	-2.8	0.010441
170	-2.7	0.0087246
170	-2.6	0.0088278
170	-2.5	0.012096
170	-2.4	0.016695
170	-2.3	0.021558
170	-2.2	0.025985
170	-2.1	0.02921
170	-2	0.032067
170	-1.9	0.033754
170	-1.8	0.035774
170	-1.7	0.036883
170	-1.6	0.039213
170	-1.5	0.039914
170	-1.4	0.038791
170	-1.3	0.033875
170	-1.2	0.029281
170	-1.1	0.026444
170	-1	0.027814
170	-0.9	0.034163
170	-0.8	0.044139
170	-0.7	0.05306
170	-0.6	0.05782
170	-0.5	0.059133
170	-0.4	0.056397
170	-0.3	0.050454
170	-0.2	0.041316
170	-0.1	0.031572
170	0	0.022934
170	0.1	0.014747
170	0.2	0.01183
170	0.3	0.010472
170	0.4	0.01088
170	0.5	0.014805
170	0.6	0.017862
170	0.7	0.02405
170	0.8	0.028812
170	0.9	0.036747
170	1	0.041882
170	1.1	0.044942
170	1.2	0.046289
170	1.3	0.045906
170	1.4	0.045829
170	1.5	0.043583
170	1.6	0.040018
170	1.7	0.036808
170	1.8	0.033828
170	1.9	0.031927
170	2	0.029573
170	2.1	0.028943
170	2.2	0.029089
170	2.3	0.030138
170	2.4	0.030852
170	2.5	0.028899
170	2.6	0.027632
170	2.7	0.025712
170	2.8	0.023081
170	2.9	0.020503
170	3	0.018091
170	3.1	0.01639
170	3.2	0.01566
170	3.3	0.013285
170	3.4	0.011278
170	3.5	0.010665
170	3.6	0.010561
170	3.7	0.011068
170	3.8	0.010955
170	3.9	0.0095014
170	4	0.0086222
180	-4	0.0087302
180	-3.9	0.0092637
180	-3.8	0.010495
180	-3.7	0.01086
180	-3.6	0.011126
180	-3.5	0.010609
180	-3.4	0.0080843
180	-3.3	0.0080019
180	-3.2	0.0084594
180	-3.1	0.010466
180	-3	0.011912
180	-2.9	0.012603
180	-2.8	0.011749
180	-2.7	0.0099273
180	-2.6	0.010731
180	-2.5	0.014278
180	-2.4	0.019759
180	-2.3	0.02562
180	-2.2	0.030804
180	-2.1	0.032396
180	-2	0.033611
180	-1.9	0.033555
180	-1.8	0.033851
180	-1.7	0.036034
180	-1.6	0.038038
180	-1.5	0.038479
180	-1.4	0.037078
180	-1.3	0.033072
180	-1.2	0.028699
180	-1.1	0.025554
180	-1	0.029309
180	-0.9	0.036301
180	-0.8	0.047838
180	-0.7	0.053089
180	-0.6	0.058271
180	-0.5	0.059174
180	-0.4	0.056231
180	-0.3	0.050665
180	-0.2	0.04041
180	-0.1	0.032493
180	0	0.021654
180	0.1	0.017635
180	0.2	0.012903
180	0.3	0.01224
180	0.4	0.012848
180	0.5	0.017104
180	0.6	0.020322
180	0.7	0.02728
180	0.8	0.035124
180	0.9	0.040066
180	1	0.043592
180	1.1	0.047039
180	1.2	0.048698
180	1.3	0.048286
180	1.4	0.046359
180	1.5	0.043938
180	1.6	0.037869
180	1.7	0.034156
180	1.8	0.032827
180	1.9	0.030663
180	2	0.030382
180	2.1	0.030232
180	2.2	0.030873
180	2.3	0.030864
180	2.4	0.030458
180	2.5	0.027466
180	2.6	0.026153
180	2.7	0.024646
180	2.8	0.023341
180	2.9	0.020706
180	3	0.019152
180	3.1	0.017444
180	3.2	0.015691
180	3.3	0.014014
180	3.4	0.011475
180	3.5	0.011168
180	3.6	0.01086
180	3.7	0.010495
180	3.8	0.0093988
180	3.9	0.0081599
180	4	0.0073777
 
Uniformity Ratio =0.63343
