09-Jan-2018
11:7
TXR  008050 RM428 R24
33511B Function Generator
SN =Agilent Technologies,33511B,MY52301476,3.05-1.19-2.00-52-00
freq =+9.300000000000000E+06
burstmode =TRIG
burstN =+6.000000000000000E+01
voltage =+1.5000000000000E-01
 
DSO-X 2022A Oscilloscope
SN =AGILENT TECHNOLOGIES,DSO-X 2022A,MY54310921,02.41.2015102200
probe =+1.0000000E+00
scale =+500.0E-09
position =+19.900000E-06
range =+1.60E+00
units =VOLT
points =+2000
pointmode =NORM
format =BYTE
acqtype =NORM
trigsource =EXT
coupling =AC
 
-180	-4	0.0068342
-180	-3.9	0.007634
-180	-3.8	0.0094194
-180	-3.7	0.010586
-180	-3.6	0.010523
-180	-3.5	0.010392
-180	-3.4	0.0095252
-180	-3.3	0.0091213
-180	-3.2	0.0091461
-180	-3.1	0.010534
-180	-3	0.011661
-180	-2.9	0.013772
-180	-2.8	0.014766
-180	-2.7	0.016575
-180	-2.6	0.017685
-180	-2.5	0.019854
-180	-2.4	0.022093
-180	-2.3	0.025111
-180	-2.2	0.026869
-180	-2.1	0.028251
-180	-2	0.028211
-180	-1.9	0.027725
-180	-1.8	0.028024
-180	-1.7	0.029019
-180	-1.6	0.029702
-180	-1.5	0.029982
-180	-1.4	0.029318
-180	-1.3	0.028072
-180	-1.2	0.02696
-180	-1.1	0.027128
-180	-1	0.031499
-180	-0.9	0.036055
-180	-0.8	0.044283
-180	-0.7	0.050621
-180	-0.6	0.054921
-180	-0.5	0.056424
-180	-0.4	0.054729
-180	-0.3	0.04911
-180	-0.2	0.040749
-180	-0.1	0.035052
-180	0	0.028242
-180	0.1	0.019396
-180	0.2	0.015134
-180	0.3	0.014375
-180	0.4	0.015039
-180	0.5	0.018432
-180	0.6	0.024435
-180	0.7	0.029137
-180	0.8	0.037221
-180	0.9	0.041466
-180	1	0.045887
-180	1.1	0.051262
-180	1.2	0.053492
-180	1.3	0.053565
-180	1.4	0.051016
-180	1.5	0.047266
-180	1.6	0.043093
-180	1.7	0.039951
-180	1.8	0.035367
-180	1.9	0.032701
-180	2	0.031433
-180	2.1	0.031481
-180	2.2	0.031658
-180	2.3	0.031298
-180	2.4	0.029772
-180	2.5	0.027754
-180	2.6	0.026014
-180	2.7	0.023815
-180	2.8	0.022317
-180	2.9	0.019388
-180	3	0.018103
-180	3.1	0.016572
-180	3.2	0.015693
-180	3.3	0.014338
-180	3.4	0.01282
-180	3.5	0.011516
-180	3.6	0.010311
-180	3.7	0.0098669
-180	3.8	0.00969
-180	3.9	0.0089622
-180	4	0.0092985
-170	-4	0.0080201
-170	-3.9	0.010055
-170	-3.8	0.01115
-170	-3.7	0.011359
-170	-3.6	0.010868
-170	-3.5	0.0097598
-170	-3.4	0.0089748
-170	-3.3	0.0097233
-170	-3.2	0.011564
-170	-3.1	0.013817
-170	-3	0.014717
-170	-2.9	0.015136
-170	-2.8	0.014844
-170	-2.7	0.015444
-170	-2.6	0.016868
-170	-2.5	0.02192
-170	-2.4	0.025665
-170	-2.3	0.029331
-170	-2.2	0.030693
-170	-2.1	0.030452
-170	-2	0.029038
-170	-1.9	0.028886
-170	-1.8	0.030347
-170	-1.7	0.032783
-170	-1.6	0.034853
-170	-1.5	0.035565
-170	-1.4	0.034243
-170	-1.3	0.03264
-170	-1.2	0.029507
-170	-1.1	0.029382
-170	-1	0.032595
-170	-0.9	0.043857
-170	-0.8	0.047591
-170	-0.7	0.055775
-170	-0.6	0.059841
-170	-0.5	0.060988
-170	-0.4	0.056465
-170	-0.3	0.04832
-170	-0.2	0.041089
-170	-0.1	0.029622
-170	0	0.024658
-170	0.1	0.017858
-170	0.2	0.014768
-170	0.3	0.014784
-170	0.4	0.016785
-170	0.5	0.019438
-170	0.6	0.027459
-170	0.7	0.033372
-170	0.8	0.042665
-170	0.9	0.047649
-170	1	0.051641
-170	1.1	0.05551
-170	1.2	0.05627
-170	1.3	0.054783
-170	1.4	0.051671
-170	1.5	0.048275
-170	1.6	0.043796
-170	1.7	0.040827
-170	1.8	0.037169
-170	1.9	0.035625
-170	2	0.033972
-170	2.1	0.033471
-170	2.2	0.031609
-170	2.3	0.030882
-170	2.4	0.028988
-170	2.5	0.026822
-170	2.6	0.024547
-170	2.7	0.024003
-170	2.8	0.023129
-170	2.9	0.021579
-170	3	0.020355
-170	3.1	0.018863
-170	3.2	0.016459
-170	3.3	0.013943
-170	3.4	0.011578
-170	3.5	0.010709
-170	3.6	0.0098718
-170	3.7	0.0097714
-170	3.8	0.0091461
-170	3.9	0.0088643
-170	4	0.0084804
-160	-4	0.0065689
-160	-3.9	0.0074127
-160	-3.8	0.0089261
-160	-3.7	0.010267
-160	-3.6	0.010713
-160	-3.5	0.010368
-160	-3.4	0.0093246
-160	-3.3	0.0091177
-160	-3.2	0.00972
-160	-3.1	0.011896
-160	-3	0.013608
-160	-2.9	0.014653
-160	-2.8	0.014836
-160	-2.7	0.014811
-160	-2.6	0.017208
-160	-2.5	0.020674
-160	-2.4	0.024832
-160	-2.3	0.028768
-160	-2.2	0.031391
-160	-2.1	0.032051
-160	-2	0.031892
-160	-1.9	0.031518
-160	-1.8	0.032254
-160	-1.7	0.033673
-160	-1.6	0.034008
-160	-1.5	0.034187
-160	-1.4	0.033298
-160	-1.3	0.030355
-160	-1.2	0.030098
-160	-1.1	0.030423
-160	-1	0.035337
-160	-0.9	0.042662
-160	-0.8	0.050118
-160	-0.7	0.05396
-160	-0.6	0.057776
-160	-0.5	0.05615
-160	-0.4	0.052402
-160	-0.3	0.047775
-160	-0.2	0.039664
-160	-0.1	0.031505
-160	0	0.022261
-160	0.1	0.017741
-160	0.2	0.015283
-160	0.3	0.015306
-160	0.4	0.018252
-160	0.5	0.023018
-160	0.6	0.025785
-160	0.7	0.033571
-160	0.8	0.040439
-160	0.9	0.047006
-160	1	0.049706
-160	1.1	0.054047
-160	1.2	0.05503
-160	1.3	0.054364
-160	1.4	0.050477
-160	1.5	0.04643
-160	1.6	0.041888
-160	1.7	0.036817
-160	1.8	0.034897
-160	1.9	0.032494
-160	2	0.032395
-160	2.1	0.03283
-160	2.2	0.032005
-160	2.3	0.030949
-160	2.4	0.027509
-160	2.5	0.024574
-160	2.6	0.023426
-160	2.7	0.021635
-160	2.8	0.020895
-160	2.9	0.020193
-160	3	0.018895
-160	3.1	0.016761
-160	3.2	0.014869
-160	3.3	0.010757
-160	3.4	0.0095709
-160	3.5	0.0091301
-160	3.6	0.0099126
-160	3.7	0.010584
-160	3.8	0.010068
-160	3.9	0.0094861
-160	4	0.0078304
-150	-4	0.0091018
-150	-3.9	0.0095506
-150	-3.8	0.010057
-150	-3.7	0.0087302
-150	-3.6	0.0082759
-150	-3.5	0.0079979
-150	-3.4	0.0090376
-150	-3.3	0.011087
-150	-3.2	0.012673
-150	-3.1	0.01404
-150	-3	0.014681
-150	-2.9	0.013547
-150	-2.8	0.013392
-150	-2.7	0.015105
-150	-2.6	0.018784
-150	-2.5	0.022208
-150	-2.4	0.027617
-150	-2.3	0.029468
-150	-2.2	0.0312
-150	-2.1	0.031164
-150	-2	0.031123
-150	-1.9	0.03246
-150	-1.8	0.034066
-150	-1.7	0.035855
-150	-1.6	0.036994
-150	-1.5	0.036407
-150	-1.4	0.034266
-150	-1.3	0.030467
-150	-1.2	0.02964
-150	-1.1	0.031448
-150	-1	0.041154
-150	-0.9	0.047879
-150	-0.8	0.054796
-150	-0.7	0.061249
-150	-0.6	0.061353
-150	-0.5	0.059649
-150	-0.4	0.054672
-150	-0.3	0.042755
-150	-0.2	0.034755
-150	-0.1	0.029033
-150	0	0.02071
-150	0.1	0.017566
-150	0.2	0.015824
-150	0.3	0.017339
-150	0.4	0.020833
-150	0.5	0.026485
-150	0.6	0.029926
-150	0.7	0.036269
-150	0.8	0.04468
-150	0.9	0.049679
-150	1	0.053265
-150	1.1	0.05484
-150	1.2	0.055457
-150	1.3	0.053318
-150	1.4	0.048841
-150	1.5	0.044955
-150	1.6	0.039854
-150	1.7	0.034867
-150	1.8	0.032802
-150	1.9	0.031762
-150	2	0.032172
-150	2.1	0.033314
-150	2.2	0.033221
-150	2.3	0.031805
-150	2.4	0.029497
-150	2.5	0.026712
-150	2.6	0.025106
-150	2.7	0.02182
-150	2.8	0.020109
-150	2.9	0.018427
-150	3	0.01725
-150	3.1	0.016367
-150	3.2	0.014697
-150	3.3	0.012064
-150	3.4	0.01065
-150	3.5	0.0099224
-150	3.6	0.0098242
-150	3.7	0.0088588
-150	3.8	0.007937
-150	3.9	0.0076993
-150	4	0.0074105
-140	-4	0.008745
-140	-3.9	0.010686
-140	-3.8	0.010454
-140	-3.7	0.010057
-140	-3.6	0.0088186
-140	-3.5	0.007737
-140	-3.4	0.0088661
-140	-3.3	0.010854
-140	-3.2	0.013184
-140	-3.1	0.014322
-140	-3	0.013953
-140	-2.9	0.012793
-140	-2.8	0.012929
-140	-2.7	0.015118
-140	-2.6	0.020078
-140	-2.5	0.023793
-140	-2.4	0.027306
-140	-2.3	0.029961
-140	-2.2	0.031488
-140	-2.1	0.031845
-140	-2	0.031909
-140	-1.9	0.032909
-140	-1.8	0.034585
-140	-1.7	0.036084
-140	-1.6	0.035507
-140	-1.5	0.033504
-140	-1.4	0.031772
-140	-1.3	0.029437
-140	-1.2	0.030303
-140	-1.1	0.033533
-140	-1	0.04457
-140	-0.9	0.049021
-140	-0.8	0.056047
-140	-0.7	0.05895
-140	-0.6	0.057921
-140	-0.5	0.055426
-140	-0.4	0.046775
-140	-0.3	0.039136
-140	-0.2	0.031304
-140	-0.1	0.02142
-140	0	0.017594
-140	0.1	0.015746
-140	0.2	0.014665
-140	0.3	0.016542
-140	0.4	0.020946
-140	0.5	0.026968
-140	0.6	0.033974
-140	0.7	0.038742
-140	0.8	0.045118
-140	0.9	0.050399
-140	1	0.052145
-140	1.1	0.051913
-140	1.2	0.050027
-140	1.3	0.046479
-140	1.4	0.042434
-140	1.5	0.038637
-140	1.6	0.036296
-140	1.7	0.034069
-140	1.8	0.032961
-140	1.9	0.031888
-140	2	0.031319
-140	2.1	0.03078
-140	2.2	0.029869
-140	2.3	0.028555
-140	2.4	0.027255
-140	2.5	0.025763
-140	2.6	0.02441
-140	2.7	0.022282
-140	2.8	0.019302
-140	2.9	0.01709
-140	3	0.015185
-140	3.1	0.012903
-140	3.2	0.01198
-140	3.3	0.011097
-140	3.4	0.010384
-140	3.5	0.010227
-140	3.6	0.0093367
-140	3.7	0.0085412
-140	3.8	0.0081856
-140	3.9	0.0077766
-140	4	0.0080342
-130	-4	0.0097117
-130	-3.9	0.01094
-130	-3.8	0.010074
-130	-3.7	0.0090394
-130	-3.6	0.0078077
-130	-3.5	0.0062925
-130	-3.4	0.0085883
-130	-3.3	0.010246
-130	-3.2	0.012457
-130	-3.1	0.01316
-130	-3	0.012037
-130	-2.9	0.010323
-130	-2.8	0.011467
-130	-2.7	0.016075
-130	-2.6	0.022063
-130	-2.5	0.025422
-130	-2.4	0.030379
-130	-2.3	0.031427
-130	-2.2	0.031633
-130	-2.1	0.032777
-130	-2	0.035969
-130	-1.9	0.036869
-130	-1.8	0.04053
-130	-1.7	0.041652
-130	-1.6	0.039812
-130	-1.5	0.036252
-130	-1.4	0.032622
-130	-1.3	0.029608
-130	-1.2	0.031755
-130	-1.1	0.043487
-130	-1	0.048333
-130	-0.9	0.054552
-130	-0.8	0.061708
-130	-0.7	0.061796
-130	-0.6	0.058223
-130	-0.5	0.051656
-130	-0.4	0.043002
-130	-0.3	0.033172
-130	-0.2	0.028189
-130	-0.1	0.020699
-130	0	0.017456
-130	0.1	0.015728
-130	0.2	0.016259
-130	0.3	0.019957
-130	0.4	0.023321
-130	0.5	0.031756
-130	0.6	0.037649
-130	0.7	0.042973
-130	0.8	0.048185
-130	0.9	0.050164
-130	1	0.050318
-130	1.1	0.049515
-130	1.2	0.047133
-130	1.3	0.042985
-130	1.4	0.038572
-130	1.5	0.037049
-130	1.6	0.033081
-130	1.7	0.032267
-130	1.8	0.03065
-130	1.9	0.029794
-130	2	0.029321
-130	2.1	0.028018
-130	2.2	0.027022
-130	2.3	0.025523
-130	2.4	0.024162
-130	2.5	0.02274
-130	2.6	0.022335
-130	2.7	0.020846
-130	2.8	0.018156
-130	2.9	0.01632
-130	3	0.015018
-130	3.1	0.012252
-130	3.2	0.010257
-130	3.3	0.009469
-130	3.4	0.0095894
-130	3.5	0.0093747
-130	3.6	0.0077973
-130	3.7	0.0075467
-130	3.8	0.0067915
-130	3.9	0.0062512
-130	4	0.0066008
-120	-4	0.0087929
-120	-3.9	0.010298
-120	-3.8	0.010664
-120	-3.7	0.010016
-120	-3.6	0.0080803
-120	-3.5	0.0068554
-120	-3.4	0.0071236
-120	-3.3	0.0080863
-120	-3.2	0.0099582
-120	-3.1	0.0098291
-120	-3	0.0092305
-120	-2.9	0.0093505
-120	-2.8	0.010612
-120	-2.7	0.014509
-120	-2.6	0.018328
-120	-2.5	0.022166
-120	-2.4	0.025883
-120	-2.3	0.027222
-120	-2.2	0.029165
-120	-2.1	0.031179
-120	-2	0.034086
-120	-1.9	0.038323
-120	-1.8	0.040222
-120	-1.7	0.039942
-120	-1.6	0.037672
-120	-1.5	0.03318
-120	-1.4	0.028534
-120	-1.3	0.028037
-120	-1.2	0.034175
-120	-1.1	0.040263
-120	-1	0.048669
-120	-0.9	0.05704
-120	-0.8	0.062191
-120	-0.7	0.061307
-120	-0.6	0.057568
-120	-0.5	0.049936
-120	-0.4	0.040061
-120	-0.3	0.031006
-120	-0.2	0.021247
-120	-0.1	0.016002
-120	0	0.013666
-120	0.1	0.013667
-120	0.2	0.015061
-120	0.3	0.018588
-120	0.4	0.025986
-120	0.5	0.030473
-120	0.6	0.038079
-120	0.7	0.042474
-120	0.8	0.045923
-120	0.9	0.047709
-120	1	0.046709
-120	1.1	0.046227
-120	1.2	0.042517
-120	1.3	0.039968
-120	1.4	0.036537
-120	1.5	0.033189
-120	1.6	0.031633
-120	1.7	0.028923
-120	1.8	0.028279
-120	1.9	0.027248
-120	2	0.027767
-120	2.1	0.02843
-120	2.2	0.027594
-120	2.3	0.026929
-120	2.4	0.024979
-120	2.5	0.023787
-120	2.6	0.020775
-120	2.7	0.018533
-120	2.8	0.016241
-120	2.9	0.015596
-120	3	0.01452
-120	3.1	0.013091
-120	3.2	0.011152
-120	3.3	0.009705
-120	3.4	0.0087154
-120	3.5	0.0086278
-120	3.6	0.0087984
-120	3.7	0.0091372
-120	3.8	0.0088588
-120	3.9	0.0090358
-120	4	0.0089946
-110	-4	0.01144
-110	-3.9	0.012142
-110	-3.8	0.011456
-110	-3.7	0.0095945
-110	-3.6	0.0080983
-110	-3.5	0.0080402
-110	-3.4	0.0093936
-110	-3.3	0.011253
-110	-3.2	0.011492
-110	-3.1	0.010055
-110	-3	0.0080803
-110	-2.9	0.0080342
-110	-2.8	0.014705
-110	-2.7	0.018891
-110	-2.6	0.025635
-110	-2.5	0.027764
-110	-2.4	0.029373
-110	-2.3	0.029756
-110	-2.2	0.031466
-110	-2.1	0.033645
-110	-2	0.036631
-110	-1.9	0.042539
-110	-1.8	0.044388
-110	-1.7	0.043735
-110	-1.6	0.040172
-110	-1.5	0.032298
-110	-1.4	0.027463
-110	-1.3	0.027552
-110	-1.2	0.035209
-110	-1.1	0.045297
-110	-1	0.052845
-110	-0.9	0.06066
-110	-0.8	0.063226
-110	-0.7	0.060977
-110	-0.6	0.053796
-110	-0.5	0.045082
-110	-0.4	0.035535
-110	-0.3	0.02888
-110	-0.2	0.019458
-110	-0.1	0.015027
-110	0	0.014124
-110	0.1	0.014144
-110	0.2	0.0149
-110	0.3	0.018786
-110	0.4	0.022965
-110	0.5	0.032058
-110	0.6	0.037201
-110	0.7	0.043591
-110	0.8	0.046261
-110	0.9	0.046406
-110	1	0.045425
-110	1.1	0.042084
-110	1.2	0.038469
-110	1.3	0.035126
-110	1.4	0.030653
-110	1.5	0.027971
-110	1.6	0.026649
-110	1.7	0.026692
-110	1.8	0.026931
-110	1.9	0.027118
-110	2	0.027385
-110	2.1	0.027326
-110	2.2	0.025929
-110	2.3	0.023723
-110	2.4	0.021121
-110	2.5	0.020073
-110	2.6	0.018831
-110	2.7	0.017984
-110	2.8	0.017029
-110	2.9	0.015379
-110	3	0.013813
-110	3.1	0.011213
-110	3.2	0.0080783
-110	3.3	0.0072718
-110	3.4	0.0078737
-110	3.5	0.0094074
-110	3.6	0.010031
-110	3.7	0.0091584
-110	3.8	0.0081222
-110	3.9	0.0076064
-110	4	0.0072674
-100	-4	0.01111
-100	-3.9	0.012524
-100	-3.8	0.012216
-100	-3.7	0.011125
-100	-3.6	0.010304
-100	-3.5	0.0090858
-100	-3.4	0.0097117
-100	-3.3	0.010731
-100	-3.2	0.010971
-100	-3.1	0.010232
-100	-3	0.008667
-100	-2.9	0.0084823
-100	-2.8	0.012154
-100	-2.7	0.017667
-100	-2.6	0.022441
-100	-2.5	0.026212
-100	-2.4	0.02952
-100	-2.3	0.031073
-100	-2.2	0.033239
-100	-2.1	0.037274
-100	-2	0.038868
-100	-1.9	0.04303
-100	-1.8	0.043928
-100	-1.7	0.040969
-100	-1.6	0.03856
-100	-1.5	0.031179
-100	-1.4	0.026811
-100	-1.3	0.029041
-100	-1.2	0.03598
-100	-1.1	0.043483
-100	-1	0.056782
-100	-0.9	0.060333
-100	-0.8	0.061315
-100	-0.7	0.057729
-100	-0.6	0.050169
-100	-0.5	0.041225
-100	-0.4	0.029402
-100	-0.3	0.023287
-100	-0.2	0.016977
-100	-0.1	0.014077
-100	0	0.012941
-100	0.1	0.012766
-100	0.2	0.016109
-100	0.3	0.021329
-100	0.4	0.025463
-100	0.5	0.031223
-100	0.6	0.039606
-100	0.7	0.041705
-100	0.8	0.04477
-100	0.9	0.045442
-100	1	0.043807
-100	1.1	0.041082
-100	1.2	0.038015
-100	1.3	0.033743
-100	1.4	0.029701
-100	1.5	0.026849
-100	1.6	0.025104
-100	1.7	0.024797
-100	1.8	0.025183
-100	1.9	0.025821
-100	2	0.026753
-100	2.1	0.02715
-100	2.2	0.025951
-100	2.3	0.02308
-100	2.4	0.021087
-100	2.5	0.019162
-100	2.6	0.017469
-100	2.7	0.015322
-100	2.8	0.015073
-100	2.9	0.013498
-100	3	0.012316
-100	3.1	0.0091954
-100	3.2	0.0081321
-100	3.3	0.0067772
-100	3.4	0.0079655
-100	3.5	0.0083942
-100	3.6	0.0089568
-100	3.7	0.0083304
-100	3.8	0.0079431
-100	3.9	0.0078428
-100	4	0.0078757
-90	-4	0.013672
-90	-3.9	0.013107
-90	-3.8	0.010434
-90	-3.7	0.0083052
-90	-3.6	0.0080502
-90	-3.5	0.0099273
-90	-3.4	0.012167
-90	-3.3	0.013025
-90	-3.2	0.011565
-90	-3.1	0.0091901
-90	-3	0.0067819
-90	-2.9	0.010707
-90	-2.8	0.014227
-90	-2.7	0.020962
-90	-2.6	0.025062
-90	-2.5	0.02741
-90	-2.4	0.028968
-90	-2.3	0.030659
-90	-2.2	0.034533
-90	-2.1	0.03978
-90	-2	0.042916
-90	-1.9	0.045534
-90	-1.8	0.044561
-90	-1.7	0.038478
-90	-1.6	0.031701
-90	-1.5	0.026555
-90	-1.4	0.023791
-90	-1.3	0.026731
-90	-1.2	0.037686
-90	-1.1	0.046704
-90	-1	0.053004
-90	-0.9	0.05824
-90	-0.8	0.057773
-90	-0.7	0.054101
-90	-0.6	0.049465
-90	-0.5	0.038721
-90	-0.4	0.032274
-90	-0.3	0.025048
-90	-0.2	0.018763
-90	-0.1	0.017025
-90	0	0.015882
-90	0.1	0.015611
-90	0.2	0.016913
-90	0.3	0.020473
-90	0.4	0.024346
-90	0.5	0.028788
-90	0.6	0.033345
-90	0.7	0.038048
-90	0.8	0.039944
-90	0.9	0.04019
-90	1	0.038311
-90	1.1	0.036772
-90	1.2	0.033254
-90	1.3	0.02873
-90	1.4	0.027253
-90	1.5	0.02505
-90	1.6	0.024461
-90	1.7	0.024956
-90	1.8	0.026114
-90	1.9	0.027057
-90	2	0.027066
-90	2.1	0.026888
-90	2.2	0.025293
-90	2.3	0.022837
-90	2.4	0.020728
-90	2.5	0.019329
-90	2.6	0.016574
-90	2.7	0.015496
-90	2.8	0.013526
-90	2.9	0.012277
-90	3	0.0112
-90	3.1	0.0095591
-90	3.2	0.0084613
-90	3.3	0.0079513
-90	3.4	0.0082152
-90	3.5	0.007935
-90	3.6	0.0080923
-90	3.7	0.0088898
-90	3.8	0.0088971
-90	3.9	0.0094827
-90	4	0.0093678
-80	-4	0.011305
-80	-3.9	0.011737
-80	-3.8	0.011629
-80	-3.7	0.010706
-80	-3.6	0.0094177
-80	-3.5	0.0091514
-80	-3.4	0.01
-80	-3.3	0.010525
-80	-3.2	0.010151
-80	-3.1	0.0094878
-80	-3	0.0073051
-80	-2.9	0.0088259
-80	-2.8	0.012653
-80	-2.7	0.017605
-80	-2.6	0.022269
-80	-2.5	0.028198
-80	-2.4	0.032077
-80	-2.3	0.03366
-80	-2.2	0.036585
-80	-2.1	0.039442
-80	-2	0.041256
-80	-1.9	0.042014
-80	-1.8	0.040422
-80	-1.7	0.038165
-80	-1.6	0.032255
-80	-1.5	0.026826
-80	-1.4	0.023498
-80	-1.3	0.025331
-80	-1.2	0.033401
-80	-1.1	0.044643
-80	-1	0.054204
-80	-0.9	0.057903
-80	-0.8	0.057972
-80	-0.7	0.055248
-80	-0.6	0.046232
-80	-0.5	0.038845
-80	-0.4	0.029348
-80	-0.3	0.022282
-80	-0.2	0.01721
-80	-0.1	0.014882
-80	0	0.013343
-80	0.1	0.013383
-80	0.2	0.014826
-80	0.3	0.023021
-80	0.4	0.027312
-80	0.5	0.033487
-80	0.6	0.038034
-80	0.7	0.042041
-80	0.8	0.041973
-80	0.9	0.039939
-80	1	0.036947
-80	1.1	0.032935
-80	1.2	0.029174
-80	1.3	0.02725
-80	1.4	0.025645
-80	1.5	0.025265
-80	1.6	0.02547
-80	1.7	0.025367
-80	1.8	0.025343
-80	1.9	0.024693
-80	2	0.02437
-80	2.1	0.024004
-80	2.2	0.023255
-80	2.3	0.02236
-80	2.4	0.020634
-80	2.5	0.018239
-80	2.6	0.014418
-80	2.7	0.011021
-80	2.8	0.0095557
-80	2.9	0.0086745
-80	3	0.0083537
-80	3.1	0.0080382
-80	3.2	0.0079146
-80	3.3	0.0070575
-80	3.4	0.0065393
-80	3.5	0.0064572
-80	3.6	0.0067581
-80	3.7	0.0070047
-80	3.8	0.0079533
-80	3.9	0.0087079
-80	4	0.008313
-70	-4	0.012414
-70	-3.9	0.011433
-70	-3.8	0.0093557
-70	-3.7	0.007933
-70	-3.6	0.0075424
-70	-3.5	0.0089025
-70	-3.4	0.010029
-70	-3.3	0.010162
-70	-3.2	0.0088241
-70	-3.1	0.0071191
-70	-3	0.0060114
-70	-2.9	0.010251
-70	-2.8	0.016068
-70	-2.7	0.021774
-70	-2.6	0.025791
-70	-2.5	0.028596
-70	-2.4	0.030659
-70	-2.3	0.032922
-70	-2.2	0.035284
-70	-2.1	0.038723
-70	-2	0.041789
-70	-1.9	0.043643
-70	-1.8	0.042713
-70	-1.7	0.036684
-70	-1.6	0.031304
-70	-1.5	0.025902
-70	-1.4	0.020256
-70	-1.3	0.024498
-70	-1.2	0.037205
-70	-1.1	0.0434
-70	-1	0.054487
-70	-0.9	0.058741
-70	-0.8	0.057259
-70	-0.7	0.054889
-70	-0.6	0.045018
-70	-0.5	0.038827
-70	-0.4	0.027585
-70	-0.3	0.021618
-70	-0.2	0.017943
-70	-0.1	0.014948
-70	0	0.014081
-70	0.1	0.013847
-70	0.2	0.016318
-70	0.3	0.019414
-70	0.4	0.028505
-70	0.5	0.032546
-70	0.6	0.036788
-70	0.7	0.040877
-70	0.8	0.041981
-70	0.9	0.040638
-70	1	0.038693
-70	1.1	0.034624
-70	1.2	0.028704
-70	1.3	0.025519
-70	1.4	0.022924
-70	1.5	0.022152
-70	1.6	0.023085
-70	1.7	0.025026
-70	1.8	0.025431
-70	1.9	0.025797
-70	2	0.025219
-70	2.1	0.023583
-70	2.2	0.021042
-70	2.3	0.018307
-70	2.4	0.017203
-70	2.5	0.015224
-70	2.6	0.014246
-70	2.7	0.01204
-70	2.8	0.010491
-70	2.9	0.0090305
-70	3	0.0076403
-70	3.1	0.0069839
-70	3.2	0.0068365
-70	3.3	0.0069281
-70	3.4	0.0073974
-70	3.5	0.0067724
-70	3.6	0.0068883
-70	3.7	0.0064497
-70	3.8	0.0070872
-70	3.9	0.0075209
-70	4	0.008156
-60	-4	0.01102
-60	-3.9	0.010971
-60	-3.8	0.010466
-60	-3.7	0.010013
-60	-3.6	0.0091
-60	-3.5	0.0082798
-60	-3.4	0.0080983
-60	-3.3	0.0072272
-60	-3.2	0.0074518
-60	-3.1	0.0072004
-60	-3	0.0081757
-60	-2.9	0.01122
-60	-2.8	0.01563
-60	-2.7	0.019488
-60	-2.6	0.023584
-60	-2.5	0.02797
-60	-2.4	0.031346
-60	-2.3	0.035893
-60	-2.2	0.038947
-60	-2.1	0.041919
-60	-2	0.043185
-60	-1.9	0.043256
-60	-1.8	0.040813
-60	-1.7	0.035385
-60	-1.6	0.027044
-60	-1.5	0.020825
-60	-1.4	0.019296
-60	-1.3	0.026408
-60	-1.2	0.032607
-60	-1.1	0.048121
-60	-1	0.054757
-60	-0.9	0.057386
-60	-0.8	0.05764
-60	-0.7	0.053803
-60	-0.6	0.047836
-60	-0.5	0.040173
-60	-0.4	0.029897
-60	-0.3	0.024387
-60	-0.2	0.018063
-60	-0.1	0.014944
-60	0	0.014007
-60	0.1	0.013834
-60	0.2	0.01739
-60	0.3	0.019586
-60	0.4	0.026134
-60	0.5	0.031344
-60	0.6	0.03788
-60	0.7	0.042299
-60	0.8	0.043217
-60	0.9	0.041986
-60	1	0.039568
-60	1.1	0.035113
-60	1.2	0.029478
-60	1.3	0.027481
-60	1.4	0.024527
-60	1.5	0.023552
-60	1.6	0.024686
-60	1.7	0.02609
-60	1.8	0.026616
-60	1.9	0.026516
-60	2	0.026603
-60	2.1	0.025107
-60	2.2	0.023049
-60	2.3	0.021338
-60	2.4	0.018964
-60	2.5	0.016905
-60	2.6	0.015134
-60	2.7	0.014161
-60	2.8	0.011489
-60	2.9	0.009532
-60	3	0.0080563
-60	3.1	0.0076614
-60	3.2	0.00748
-60	3.3	0.0082701
-60	3.4	0.0092532
-60	3.5	0.0096432
-60	3.6	0.0098209
-60	3.7	0.0090947
-60	3.8	0.0085771
-60	3.9	0.0084785
-60	4	0.0082681
-50	-4	0.012249
-50	-3.9	0.011109
-50	-3.8	0.0090804
-50	-3.7	0.0085374
-50	-3.6	0.0086801
-50	-3.5	0.0091866
-50	-3.4	0.0089658
-50	-3.3	0.0082583
-50	-3.2	0.0069491
-50	-3.1	0.0077077
-50	-3	0.011352
-50	-2.9	0.016598
-50	-2.8	0.020082
-50	-2.7	0.024003
-50	-2.6	0.026278
-50	-2.5	0.027346
-50	-2.4	0.0291
-50	-2.3	0.031828
-50	-2.2	0.037659
-50	-2.1	0.041279
-50	-2	0.043183
-50	-1.9	0.042894
-50	-1.8	0.040812
-50	-1.7	0.034118
-50	-1.6	0.028127
-50	-1.5	0.01783
-50	-1.4	0.015933
-50	-1.3	0.02344
-50	-1.2	0.035753
-50	-1.1	0.043767
-50	-1	0.053774
-50	-0.9	0.057091
-50	-0.8	0.056073
-50	-0.7	0.052708
-50	-0.6	0.045921
-50	-0.5	0.034003
-50	-0.4	0.028983
-50	-0.3	0.022428
-50	-0.2	0.017006
-50	-0.1	0.015123
-50	0	0.014843
-50	0.1	0.015263
-50	0.2	0.017522
-50	0.3	0.020736
-50	0.4	0.027799
-50	0.5	0.033796
-50	0.6	0.039843
-50	0.7	0.041886
-50	0.8	0.040956
-50	0.9	0.038735
-50	1	0.032583
-50	1.1	0.027585
-50	1.2	0.02482
-50	1.3	0.022879
-50	1.4	0.023402
-50	1.5	0.025438
-50	1.6	0.02664
-50	1.7	0.02719
-50	1.8	0.026022
-50	1.9	0.025125
-50	2	0.023433
-50	2.1	0.023398
-50	2.2	0.023052
-50	2.3	0.022935
-50	2.4	0.021972
-50	2.5	0.019992
-50	2.6	0.017283
-50	2.7	0.01454
-50	2.8	0.011178
-50	2.9	0.0093315
-50	3	0.0080703
-50	3.1	0.0082171
-50	3.2	0.0082798
-50	3.3	0.0077807
-50	3.4	0.0079594
-50	3.5	0.0086015
-50	3.6	0.0096666
-50	3.7	0.010894
-50	3.8	0.011229
-50	3.9	0.011505
-50	4	0.010722
-40	-4	0.012948
-40	-3.9	0.011766
-40	-3.8	0.0096482
-40	-3.7	0.009227
-40	-3.6	0.0097565
-40	-3.5	0.010135
-40	-3.4	0.0095489
-40	-3.3	0.0088223
-40	-3.2	0.0072429
-40	-3.1	0.0078613
-40	-3	0.010105
-40	-2.9	0.016276
-40	-2.8	0.021937
-40	-2.7	0.025416
-40	-2.6	0.028854
-40	-2.5	0.030872
-40	-2.4	0.031693
-40	-2.3	0.034379
-40	-2.2	0.038147
-40	-2.1	0.040338
-40	-2	0.043506
-40	-1.9	0.043932
-40	-1.8	0.041087
-40	-1.7	0.032047
-40	-1.6	0.025338
-40	-1.5	0.015604
-40	-1.4	0.015523
-40	-1.3	0.024723
-40	-1.2	0.032427
-40	-1.1	0.042786
-40	-1	0.05271
-40	-0.9	0.055932
-40	-0.8	0.055306
-40	-0.7	0.05238
-40	-0.6	0.04527
-40	-0.5	0.036732
-40	-0.4	0.02748
-40	-0.3	0.020342
-40	-0.2	0.017961
-40	-0.1	0.016142
-40	0	0.015339
-40	0.1	0.01566
-40	0.2	0.018055
-40	0.3	0.021701
-40	0.4	0.029402
-40	0.5	0.034667
-40	0.6	0.040149
-40	0.7	0.042399
-40	0.8	0.043779
-40	0.9	0.042678
-40	1	0.037564
-40	1.1	0.033401
-40	1.2	0.025621
-40	1.3	0.023944
-40	1.4	0.022015
-40	1.5	0.0225
-40	1.6	0.025238
-40	1.7	0.026909
-40	1.8	0.028382
-40	1.9	0.028226
-40	2	0.026837
-40	2.1	0.025063
-40	2.2	0.023818
-40	2.3	0.021847
-40	2.4	0.019919
-40	2.5	0.018171
-40	2.6	0.016913
-40	2.7	0.014358
-40	2.8	0.012491
-40	2.9	0.010769
-40	3	0.0098505
-40	3.1	0.0095014
-40	3.2	0.0094245
-40	3.3	0.0097813
-40	3.4	0.0095995
-40	3.5	0.009725
-40	3.6	0.010465
-40	3.7	0.010645
-40	3.8	0.010835
-40	3.9	0.010676
-40	4	0.010454
-30	-4	0.014961
-30	-3.9	0.013882
-30	-3.8	0.011389
-30	-3.7	0.0097366
-30	-3.6	0.008991
-30	-3.5	0.0091301
-30	-3.4	0.010407
-30	-3.3	0.010055
-30	-3.2	0.0089892
-30	-3.1	0.0072473
-30	-3	0.0089802
-30	-2.9	0.014135
-30	-2.8	0.020287
-30	-2.7	0.026968
-30	-2.6	0.03078
-30	-2.5	0.033078
-30	-2.4	0.034095
-30	-2.3	0.035914
-30	-2.2	0.037107
-30	-2.1	0.039391
-30	-2	0.041805
-30	-1.9	0.041611
-30	-1.8	0.039714
-30	-1.7	0.03371
-30	-1.6	0.028037
-30	-1.5	0.01775
-30	-1.4	0.0144
-30	-1.3	0.020273
-30	-1.2	0.033572
-30	-1.1	0.041425
-30	-1	0.049455
-30	-0.9	0.053771
-30	-0.8	0.054375
-30	-0.7	0.050492
-30	-0.6	0.046413
-30	-0.5	0.039617
-30	-0.4	0.032816
-30	-0.3	0.024715
-30	-0.2	0.019937
-30	-0.1	0.01733
-30	0	0.015593
-30	0.1	0.015294
-30	0.2	0.016885
-30	0.3	0.021118
-30	0.4	0.024971
-30	0.5	0.035013
-30	0.6	0.039651
-30	0.7	0.043082
-30	0.8	0.045359
-30	0.9	0.044275
-30	1	0.040773
-30	1.1	0.034494
-30	1.2	0.027456
-30	1.3	0.023201
-30	1.4	0.021237
-30	1.5	0.021385
-30	1.6	0.025108
-30	1.7	0.027618
-30	1.8	0.029554
-30	1.9	0.029505
-30	2	0.028003
-30	2.1	0.025525
-30	2.2	0.023142
-30	2.3	0.021389
-30	2.4	0.020606
-30	2.5	0.019153
-30	2.6	0.017752
-30	2.7	0.014769
-30	2.8	0.01144
-30	2.9	0.0090072
-30	3	0.0071009
-30	3.1	0.0067676
-30	3.2	0.0078098
-30	3.3	0.0085089
-30	3.4	0.0083614
-30	3.5	0.0078531
-30	3.6	0.0068057
-30	3.7	0.00703
-30	3.8	0.0077245
-30	3.9	0.0088698
-30	4	0.0095337
-20	-4	0.012396
-20	-3.9	0.012249
-20	-3.8	0.01071
-20	-3.7	0.0091248
-20	-3.6	0.007467
-20	-3.5	0.0078304
-20	-3.4	0.0094194
-20	-3.3	0.0092532
-20	-3.2	0.0084115
-20	-3.1	0.0068696
-20	-3	0.0065467
-20	-2.9	0.010457
-20	-2.8	0.017221
-20	-2.7	0.02224
-20	-2.6	0.026316
-20	-2.5	0.02834
-20	-2.4	0.031782
-20	-2.3	0.032885
-20	-2.2	0.034684
-20	-2.1	0.037932
-20	-2	0.040954
-20	-1.9	0.042245
-20	-1.8	0.040853
-20	-1.7	0.037099
-20	-1.6	0.033021
-20	-1.5	0.019548
-20	-1.4	0.0171
-20	-1.3	0.021341
-20	-1.2	0.02749
-20	-1.1	0.044561
-20	-1	0.052429
-20	-0.9	0.055296
-20	-0.8	0.056207
-20	-0.7	0.051612
-20	-0.6	0.044464
-20	-0.5	0.036508
-20	-0.4	0.029333
-20	-0.3	0.02315
-20	-0.2	0.017157
-20	-0.1	0.015975
-20	0	0.015115
-20	0.1	0.015551
-20	0.2	0.017154
-20	0.3	0.022398
-20	0.4	0.03196
-20	0.5	0.038726
-20	0.6	0.043525
-20	0.7	0.044989
-20	0.8	0.045108
-20	0.9	0.04267
-20	1	0.037874
-20	1.1	0.032561
-20	1.2	0.030109
-20	1.3	0.026671
-20	1.4	0.025664
-20	1.5	0.025279
-20	1.6	0.025813
-20	1.7	0.026379
-20	1.8	0.027569
-20	1.9	0.027771
-20	2	0.027615
-20	2.1	0.026932
-20	2.2	0.025828
-20	2.3	0.023568
-20	2.4	0.020421
-20	2.5	0.018835
-20	2.6	0.015716
-20	2.7	0.012452
-20	2.8	0.011924
-20	2.9	0.00966
-20	3	0.0087191
-20	3.1	0.0084728
-20	3.2	0.0081836
-20	3.3	0.0077077
-20	3.4	0.0074972
-20	3.5	0.0074951
-20	3.6	0.0078346
-20	3.7	0.0084556
-20	3.8	0.0087172
-20	3.9	0.0089007
-20	4	0.0090929
-10	-4	0.013483
-10	-3.9	0.013911
-10	-3.8	0.013344
-10	-3.7	0.011636
-10	-3.6	0.0091936
-10	-3.5	0.0083614
-10	-3.4	0.008146
-10	-3.3	0.0091266
-10	-3.2	0.0086353
-10	-3.1	0.0077932
-10	-3	0.0067843
-10	-2.9	0.010161
-10	-2.8	0.01586
-10	-2.7	0.019952
-10	-2.6	0.024085
-10	-2.5	0.027484
-10	-2.4	0.029787
-10	-2.3	0.032207
-10	-2.2	0.034945
-10	-2.1	0.038628
-10	-2	0.041233
-10	-1.9	0.04266
-10	-1.8	0.041477
-10	-1.7	0.038551
-10	-1.6	0.029848
-10	-1.5	0.024802
-10	-1.4	0.017532
-10	-1.3	0.021845
-10	-1.2	0.028537
-10	-1.1	0.038278
-10	-1	0.047534
-10	-0.9	0.053616
-10	-0.8	0.055327
-10	-0.7	0.052906
-10	-0.6	0.048058
-10	-0.5	0.041641
-10	-0.4	0.030049
-10	-0.3	0.023447
-10	-0.2	0.018478
-10	-0.1	0.015268
-10	0	0.013992
-10	0.1	0.013336
-10	0.2	0.013712
-10	0.3	0.018931
-10	0.4	0.027155
-10	0.5	0.032077
-10	0.6	0.039889
-10	0.7	0.042759
-10	0.8	0.045882
-10	0.9	0.045293
-10	1	0.042164
-10	1.1	0.03602
-10	1.2	0.03242
-10	1.3	0.02881
-10	1.4	0.02473
-10	1.5	0.025053
-10	1.6	0.026216
-10	1.7	0.029178
-10	1.8	0.030842
-10	1.9	0.031011
-10	2	0.029593
-10	2.1	0.027765
-10	2.2	0.027205
-10	2.3	0.025385
-10	2.4	0.022272
-10	2.5	0.019595
-10	2.6	0.018042
-10	2.7	0.013979
-10	2.8	0.012772
-10	2.9	0.0091018
-10	3	0.008008
-10	3.1	0.0076783
-10	3.2	0.0079594
-10	3.3	0.0077453
-10	3.4	0.0077537
-10	3.5	0.0070986
-10	3.6	0.0072004
-10	3.7	0.007888
-10	3.8	0.0083149
-10	3.9	0.0086577
-10	4	0.0089134
0	-4	0.012666
0	-3.9	0.013479
0	-3.8	0.013235
0	-3.7	0.012366
0	-3.6	0.011011
0	-3.5	0.010458
0	-3.4	0.010219
0	-3.3	0.010134
0	-3.2	0.010364
0	-3.1	0.0095557
0	-3	0.007404
0	-2.9	0.0071259
0	-2.8	0.0090412
0	-2.7	0.015422
0	-2.6	0.0189
0	-2.5	0.023174
0	-2.4	0.025398
0	-2.3	0.027738
0	-2.2	0.03123
0	-2.1	0.035591
0	-2	0.041291
0	-1.9	0.042985
0	-1.8	0.043409
0	-1.7	0.041325
0	-1.6	0.034318
0	-1.5	0.028859
0	-1.4	0.018107
0	-1.3	0.018267
0	-1.2	0.024024
0	-1.1	0.03496
0	-1	0.046504
0	-0.9	0.052784
0	-0.8	0.054176
0	-0.7	0.050552
0	-0.6	0.045615
0	-0.5	0.038199
0	-0.4	0.029662
0	-0.3	0.02209
0	-0.2	0.016903
0	-0.1	0.014502
0	0	0.013964
0	0.1	0.0137
0	0.2	0.015072
0	0.3	0.017816
0	0.4	0.021988
0	0.5	0.029502
0	0.6	0.035076
0	0.7	0.039387
0	0.8	0.04377
0	0.9	0.045695
0	1	0.044254
0	1.1	0.041496
0	1.2	0.035815
0	1.3	0.030836
0	1.4	0.026282
0	1.5	0.022778
0	1.6	0.023196
0	1.7	0.026845
0	1.8	0.029267
0	1.9	0.03135
0	2	0.031487
0	2.1	0.028522
0	2.2	0.027094
0	2.3	0.024012
0	2.4	0.021353
0	2.5	0.019201
0	2.6	0.017882
0	2.7	0.017052
0	2.8	0.014231
0	2.9	0.010469
0	3	0.0087246
0	3.1	0.0069954
0	3.2	0.0069421
0	3.3	0.0094263
0	3.4	0.0099565
0	3.5	0.010295
0	3.6	0.0097598
0	3.7	0.0088534
0	3.8	0.008344
0	3.9	0.0084019
0	4	0.010042
10	-4	0.011103
10	-3.9	0.013198
10	-3.8	0.013589
10	-3.7	0.012966
10	-3.6	0.011955
10	-3.5	0.0099711
10	-3.4	0.0092427
10	-3.3	0.0097764
10	-3.2	0.0096365
10	-3.1	0.0087782
10	-3	0.0079574
10	-2.9	0.006846
10	-2.8	0.0081122
10	-2.7	0.01209
10	-2.6	0.016794
10	-2.5	0.020735
10	-2.4	0.022997
10	-2.3	0.025436
10	-2.2	0.028095
10	-2.1	0.029716
10	-2	0.035896
10	-1.9	0.037906
10	-1.8	0.04017
10	-1.7	0.038873
10	-1.6	0.036612
10	-1.5	0.028536
10	-1.4	0.020378
10	-1.3	0.017999
10	-1.2	0.020921
10	-1.1	0.032208
10	-1	0.044085
10	-0.9	0.050206
10	-0.8	0.055706
10	-0.7	0.054452
10	-0.6	0.049416
10	-0.5	0.040745
10	-0.4	0.033931
10	-0.3	0.022334
10	-0.2	0.01458
10	-0.1	0.012426
10	0	0.012318
10	0.1	0.011622
10	0.2	0.011992
10	0.3	0.014868
10	0.4	0.021493
10	0.5	0.029308
10	0.6	0.036994
10	0.7	0.042814
10	0.8	0.04633
10	0.9	0.046543
10	1	0.044851
10	1.1	0.038564
10	1.2	0.033819
10	1.3	0.02772
10	1.4	0.026071
10	1.5	0.02539
10	1.6	0.026497
10	1.7	0.027522
10	1.8	0.028548
10	1.9	0.028748
10	2	0.028969
10	2.1	0.028439
10	2.2	0.02725
10	2.3	0.026229
10	2.4	0.024376
10	2.5	0.021592
10	2.6	0.018782
10	2.7	0.016795
10	2.8	0.01306
10	2.9	0.011275
10	3	0.009428
10	3.1	0.0081182
10	3.2	0.0072962
10	3.3	0.006801
10	3.4	0.0075766
10	3.5	0.0077828
10	3.6	0.0094776
10	3.7	0.0094946
10	3.8	0.0099028
10	3.9	0.0094639
10	4	0.0086409
20	-4	0.01104
20	-3.9	0.012589
20	-3.8	0.013151
20	-3.7	0.013141
20	-3.6	0.011883
20	-3.5	0.0097067
20	-3.4	0.0095624
20	-3.3	0.011331
20	-3.2	0.011866
20	-3.1	0.011856
20	-3	0.009685
20	-2.9	0.0064221
20	-2.8	0.0067509
20	-2.7	0.010023
20	-2.6	0.014333
20	-2.5	0.018749
20	-2.4	0.021755
20	-2.3	0.023483
20	-2.2	0.026102
20	-2.1	0.029151
20	-2	0.031529
20	-1.9	0.036118
20	-1.8	0.038693
20	-1.7	0.038045
20	-1.6	0.034677
20	-1.5	0.031825
20	-1.4	0.02074
20	-1.3	0.018158
20	-1.2	0.021852
20	-1.1	0.03075
20	-1	0.04246
20	-0.9	0.047055
20	-0.8	0.051129
20	-0.7	0.051857
20	-0.6	0.046338
20	-0.5	0.039109
20	-0.4	0.032622
20	-0.3	0.025281
20	-0.2	0.017629
20	-0.1	0.014153
20	0	0.011892
20	0.1	0.010992
20	0.2	0.011087
20	0.3	0.013485
20	0.4	0.019767
20	0.5	0.02893
20	0.6	0.031403
20	0.7	0.039287
20	0.8	0.043181
20	0.9	0.044149
20	1	0.04326
20	1.1	0.037991
20	1.2	0.035012
20	1.3	0.028853
20	1.4	0.026467
20	1.5	0.024847
20	1.6	0.025096
20	1.7	0.026761
20	1.8	0.027628
20	1.9	0.028471
20	2	0.02852
20	2.1	0.02779
20	2.2	0.026775
20	2.3	0.025688
20	2.4	0.02455
20	2.5	0.022631
20	2.6	0.01995
20	2.7	0.018449
20	2.8	0.016949
20	2.9	0.012942
20	3	0.012078
20	3.1	0.010005
20	3.2	0.0084269
20	3.3	0.0077994
20	3.4	0.0076382
20	3.5	0.008667
20	3.6	0.0092252
20	3.7	0.009
20	3.8	0.0095014
20	3.9	0.0093384
20	4	0.0097316
30	-4	0.0099419
30	-3.9	0.011371
30	-3.8	0.012871
30	-3.7	0.014837
30	-3.6	0.014016
30	-3.5	0.012898
30	-3.4	0.010026
30	-3.3	0.0088916
30	-3.2	0.0089568
30	-3.1	0.0098291
30	-3	0.010591
30	-2.9	0.0091954
30	-2.8	0.0059601
30	-2.7	0.0076276
30	-2.6	0.011316
30	-2.5	0.017766
30	-2.4	0.022902
30	-2.3	0.025835
30	-2.2	0.027731
30	-2.1	0.029471
30	-2	0.030944
30	-1.9	0.034232
30	-1.8	0.035541
30	-1.7	0.03635
30	-1.6	0.035253
30	-1.5	0.033185
30	-1.4	0.027317
30	-1.3	0.022953
30	-1.2	0.023263
30	-1.1	0.028028
30	-1	0.036151
30	-0.9	0.04555
30	-0.8	0.049897
30	-0.7	0.052455
30	-0.6	0.050978
30	-0.5	0.043265
30	-0.4	0.039223
30	-0.3	0.026077
30	-0.2	0.020949
30	-0.1	0.017214
30	0	0.013466
30	0.1	0.011122
30	0.2	0.010389
30	0.3	0.010826
30	0.4	0.013788
30	0.5	0.023364
30	0.6	0.029058
30	0.7	0.037224
30	0.8	0.043052
30	0.9	0.045638
30	1	0.045537
30	1.1	0.044308
30	1.2	0.040618
30	1.3	0.036191
30	1.4	0.03312
30	1.5	0.028544
30	1.6	0.025844
30	1.7	0.024342
30	1.8	0.025525
30	1.9	0.028042
30	2	0.030199
30	2.1	0.030561
30	2.2	0.030411
30	2.3	0.028517
30	2.4	0.025901
30	2.5	0.022538
30	2.6	0.017723
30	2.7	0.016042
30	2.8	0.014242
30	2.9	0.012553
30	3	0.011318
30	3.1	0.0091053
30	3.2	0.0079756
30	3.3	0.0069164
30	3.4	0.0063283
30	3.5	0.0063155
30	3.6	0.0067461
30	3.7	0.006963
30	3.8	0.006886
30	3.9	0.0068483
30	4	0.0066859
40	-4	0.0069351
40	-3.9	0.0070667
40	-3.8	0.0078366
40	-3.7	0.0093089
40	-3.6	0.0097067
40	-3.5	0.0094861
40	-3.4	0.008469
40	-3.3	0.0074583
40	-3.2	0.0063766
40	-3.1	0.0070804
40	-3	0.0085108
40	-2.9	0.0087191
40	-2.8	0.0074713
40	-2.7	0.0053575
40	-2.6	0.0063232
40	-2.5	0.011342
40	-2.4	0.016472
40	-2.3	0.022496
40	-2.2	0.025425
40	-2.1	0.027398
40	-2	0.0284
40	-1.9	0.029992
40	-1.8	0.031219
40	-1.7	0.032274
40	-1.6	0.032586
40	-1.5	0.032326
40	-1.4	0.029743
40	-1.3	0.025526
40	-1.2	0.023687
40	-1.1	0.025401
40	-1	0.032854
40	-0.9	0.041386
40	-0.8	0.046328
40	-0.7	0.051821
40	-0.6	0.052733
40	-0.5	0.048966
40	-0.4	0.040883
40	-0.3	0.033913
40	-0.2	0.024135
40	-0.1	0.016659
40	0	0.014412
40	0.1	0.012147
40	0.2	0.011423
40	0.3	0.010565
40	0.4	0.011083
40	0.5	0.01647
40	0.6	0.026331
40	0.7	0.03421
40	0.8	0.040449
40	0.9	0.046836
40	1	0.048016
40	1.1	0.046663
40	1.2	0.043503
40	1.3	0.039731
40	1.4	0.034924
40	1.5	0.030464
40	1.6	0.02851
40	1.7	0.027243
40	1.8	0.027327
40	1.9	0.02872
40	2	0.029676
40	2.1	0.029649
40	2.2	0.029076
40	2.3	0.027781
40	2.4	0.02638
40	2.5	0.023237
40	2.6	0.021714
40	2.7	0.019737
40	2.8	0.017263
40	2.9	0.015296
40	3	0.01317
40	3.1	0.011279
40	3.2	0.0092445
40	3.3	0.0082289
40	3.4	0.008156
40	3.5	0.0081441
40	3.6	0.0075979
40	3.7	0.0075808
40	3.8	0.0077516
40	3.9	0.0077245
40	4	0.0076064
50	-4	0.0067629
50	-3.9	0.0087061
50	-3.8	0.0098963
50	-3.7	0.011229
50	-3.6	0.011325
50	-3.5	0.01005
50	-3.4	0.0073272
50	-3.3	0.0061679
50	-3.2	0.0053423
50	-3.1	0.0069792
50	-3	0.0085544
50	-2.9	0.0088314
50	-2.8	0.0077474
50	-2.7	0.0066569
50	-2.6	0.0078387
50	-2.5	0.013589
50	-2.4	0.017665
50	-2.3	0.023857
50	-2.2	0.025578
50	-2.1	0.026461
50	-2	0.026328
50	-1.9	0.027109
50	-1.8	0.028987
50	-1.7	0.03049
50	-1.6	0.031661
50	-1.5	0.031887
50	-1.4	0.02993
50	-1.3	0.024838
50	-1.2	0.021756
50	-1.1	0.022907
50	-1	0.030093
50	-0.9	0.039721
50	-0.8	0.048573
50	-0.7	0.054112
50	-0.6	0.056962
50	-0.5	0.054888
50	-0.4	0.049381
50	-0.3	0.039214
50	-0.2	0.02916
50	-0.1	0.017583
50	0	0.01165
50	0.1	0.01018
50	0.2	0.010432
50	0.3	0.011134
50	0.4	0.012636
50	0.5	0.017583
50	0.6	0.023581
50	0.7	0.030419
50	0.8	0.037705
50	0.9	0.046247
50	1	0.04869
50	1.1	0.049157
50	1.2	0.048251
50	1.3	0.044171
50	1.4	0.038615
50	1.5	0.034852
50	1.6	0.029769
50	1.7	0.026966
50	1.8	0.026241
50	1.9	0.027056
50	2	0.027869
50	2.1	0.028207
50	2.2	0.028241
50	2.3	0.027123
50	2.4	0.026237
50	2.5	0.023998
50	2.6	0.022612
50	2.7	0.02151
50	2.8	0.018905
50	2.9	0.016579
50	3	0.015758
50	3.1	0.0117
50	3.2	0.0099191
50	3.3	0.0089784
50	3.4	0.0077849
50	3.5	0.0075317
50	3.6	0.0079553
50	3.7	0.0077286
50	3.8	0.0075872
50	3.9	0.0068129
50	4	0.0068696
60	-4	0.0068883
60	-3.9	0.0083266
60	-3.8	0.010535
60	-3.7	0.012581
60	-3.6	0.012448
60	-3.5	0.01161
60	-3.4	0.0090573
60	-3.3	0.0076804
60	-3.2	0.007617
60	-3.1	0.009725
60	-3	0.010659
60	-2.9	0.011165
60	-2.8	0.010872
60	-2.7	0.010571
60	-2.6	0.011183
60	-2.5	0.01532
60	-2.4	0.018807
60	-2.3	0.022584
60	-2.2	0.025661
60	-2.1	0.026893
60	-2	0.026741
60	-1.9	0.025977
60	-1.8	0.026366
60	-1.7	0.027225
60	-1.6	0.028403
60	-1.5	0.029027
60	-1.4	0.027792
60	-1.3	0.024056
60	-1.2	0.02224
60	-1.1	0.021926
60	-1	0.026368
60	-0.9	0.035363
60	-0.8	0.043121
60	-0.7	0.049875
60	-0.6	0.054237
60	-0.5	0.054963
60	-0.4	0.051546
60	-0.3	0.042328
60	-0.2	0.035475
60	-0.1	0.027025
60	0	0.019324
60	0.1	0.013182
60	0.2	0.010924
60	0.3	0.011479
60	0.4	0.013266
60	0.5	0.01692
60	0.6	0.021889
60	0.7	0.028339
60	0.8	0.035437
60	0.9	0.042711
60	1	0.047187
60	1.1	0.049823
60	1.2	0.050624
60	1.3	0.048243
60	1.4	0.044786
60	1.5	0.040423
60	1.6	0.037477
60	1.7	0.032161
60	1.8	0.031247
60	1.9	0.031059
60	2	0.031616
60	2.1	0.032479
60	2.2	0.032263
60	2.3	0.031251
60	2.4	0.028602
60	2.5	0.0272
60	2.6	0.023336
60	2.7	0.021679
60	2.8	0.019987
60	2.9	0.018209
60	3	0.016338
60	3.1	0.014755
60	3.2	0.013207
60	3.3	0.010004
60	3.4	0.0090787
60	3.5	0.0071395
60	3.6	0.0074345
60	3.7	0.0074214
60	3.8	0.0083769
60	3.9	0.0084804
60	4	0.0083207
70	-4	0.0062925
70	-3.9	0.0070895
70	-3.8	0.0085412
70	-3.7	0.0094108
70	-3.6	0.010334
70	-3.5	0.010257
70	-3.4	0.0090305
70	-3.3	0.0082427
70	-3.2	0.0081063
70	-3.1	0.0089224
70	-3	0.010071
70	-2.9	0.010354
70	-2.8	0.010002
70	-2.7	0.010159
70	-2.6	0.011828
70	-2.5	0.01582
70	-2.4	0.020571
70	-2.3	0.023721
70	-2.2	0.025823
70	-2.1	0.026946
70	-2	0.026636
70	-1.9	0.026175
70	-1.8	0.027285
70	-1.7	0.028611
70	-1.6	0.029569
70	-1.5	0.030266
70	-1.4	0.029778
70	-1.3	0.02701
70	-1.2	0.024505
70	-1.1	0.024803
70	-1	0.02854
70	-0.9	0.036869
70	-0.8	0.043645
70	-0.7	0.051947
70	-0.6	0.054204
70	-0.5	0.055779
70	-0.4	0.053895
70	-0.3	0.045107
70	-0.2	0.039817
70	-0.1	0.027712
70	0	0.021537
70	0.1	0.015185
70	0.2	0.012112
70	0.3	0.011559
70	0.4	0.012971
70	0.5	0.015302
70	0.6	0.023
70	0.7	0.028197
70	0.8	0.032856
70	0.9	0.04102
70	1	0.049946
70	1.1	0.052604
70	1.2	0.054352
70	1.3	0.052904
70	1.4	0.049378
70	1.5	0.045164
70	1.6	0.037713
70	1.7	0.033477
70	1.8	0.031869
70	1.9	0.032394
70	2	0.034976
70	2.1	0.035727
70	2.2	0.035261
70	2.3	0.033517
70	2.4	0.030924
70	2.5	0.027482
70	2.6	0.023927
70	2.7	0.021973
70	2.8	0.020833
70	2.9	0.019496
70	3	0.017114
70	3.1	0.014534
70	3.2	0.012685
70	3.3	0.0095455
70	3.4	0.007933
70	3.5	0.0075338
70	3.6	0.0078572
70	3.7	0.0085676
70	3.8	0.0091337
70	3.9	0.0075145
70	4	0.0069258
80	-4	0.0074345
80	-3.9	0.0084728
80	-3.8	0.0091778
80	-3.7	0.010683
80	-3.6	0.010364
80	-3.5	0.0095337
80	-3.4	0.0092445
80	-3.3	0.0089134
80	-3.2	0.0095574
80	-3.1	0.011635
80	-3	0.012403
80	-2.9	0.012088
80	-2.8	0.012273
80	-2.7	0.012127
80	-2.6	0.013766
80	-2.5	0.016066
80	-2.4	0.020439
80	-2.3	0.024604
80	-2.2	0.026216
80	-2.1	0.027401
80	-2	0.02748
80	-1.9	0.027042
80	-1.8	0.026885
80	-1.7	0.027733
80	-1.6	0.028854
80	-1.5	0.029665
80	-1.4	0.029428
80	-1.3	0.027341
80	-1.2	0.025189
80	-1.1	0.024035
80	-1	0.027583
80	-0.9	0.036555
80	-0.8	0.040807
80	-0.7	0.051928
80	-0.6	0.05526
80	-0.5	0.05862
80	-0.4	0.057037
80	-0.3	0.051397
80	-0.2	0.046427
80	-0.1	0.040232
80	0	0.028104
80	0.1	0.019338
80	0.2	0.014528
80	0.3	0.013025
80	0.4	0.014024
80	0.5	0.016219
80	0.6	0.020517
80	0.7	0.027116
80	0.8	0.034622
80	0.9	0.041233
80	1	0.04761
80	1.1	0.051603
80	1.2	0.055893
80	1.3	0.055983
80	1.4	0.052532
80	1.5	0.050703
80	1.6	0.043177
80	1.7	0.038456
80	1.8	0.035508
80	1.9	0.035221
80	2	0.035323
80	2.1	0.035881
80	2.2	0.035871
80	2.3	0.034422
80	2.4	0.033175
80	2.5	0.030891
80	2.6	0.028222
80	2.7	0.027147
80	2.8	0.025651
80	2.9	0.024151
80	3	0.021118
80	3.1	0.018073
80	3.2	0.015625
80	3.3	0.012871
80	3.4	0.011751
80	3.5	0.010471
80	3.6	0.010786
80	3.7	0.010642
80	3.8	0.010671
80	3.9	0.0089874
80	4	0.0084823
90	-4	0.0081341
90	-3.9	0.0077328
90	-3.8	0.0083091
90	-3.7	0.008857
90	-3.6	0.0091655
90	-3.5	0.0085051
90	-3.4	0.0080201
90	-3.3	0.007935
90	-3.2	0.0086184
90	-3.1	0.010234
90	-3	0.011315
90	-2.9	0.012151
90	-2.8	0.012078
90	-2.7	0.011882
90	-2.6	0.01205
90	-2.5	0.014838
90	-2.4	0.017062
90	-2.3	0.021735
90	-2.2	0.02474
90	-2.1	0.026696
90	-2	0.027733
90	-1.9	0.027346
90	-1.8	0.027162
90	-1.7	0.027306
90	-1.6	0.02778
90	-1.5	0.028913
90	-1.4	0.028964
90	-1.3	0.027777
90	-1.2	0.026792
90	-1.1	0.025906
90	-1	0.0284
90	-0.9	0.034467
90	-0.8	0.040632
90	-0.7	0.053169
90	-0.6	0.057963
90	-0.5	0.061659
90	-0.4	0.060371
90	-0.3	0.058084
90	-0.2	0.048663
90	-0.1	0.040362
90	0	0.027679
90	0.1	0.017238
90	0.2	0.013236
90	0.3	0.011974
90	0.4	0.012808
90	0.5	0.015321
90	0.6	0.019707
90	0.7	0.025339
90	0.8	0.034676
90	0.9	0.040614
90	1	0.04909
90	1.1	0.054143
90	1.2	0.0566
90	1.3	0.05679
90	1.4	0.053809
90	1.5	0.049941
90	1.6	0.047164
90	1.7	0.043929
90	1.8	0.040775
90	1.9	0.03927
90	2	0.037356
90	2.1	0.034458
90	2.2	0.034158
90	2.3	0.034126
90	2.4	0.033623
90	2.5	0.032258
90	2.6	0.031465
90	2.7	0.028618
90	2.8	0.025488
90	2.9	0.022952
90	3	0.019707
90	3.1	0.017361
90	3.2	0.016296
90	3.3	0.014974
90	3.4	0.013787
90	3.5	0.01192
90	3.6	0.010339
90	3.7	0.0085676
90	3.8	0.0082623
90	3.9	0.0085013
90	4	0.0089874
100	-4	0.0072138
100	-3.9	0.0070827
100	-3.8	0.0064972
100	-3.7	0.0064522
100	-3.6	0.0070713
100	-3.5	0.0080482
100	-3.4	0.0077787
100	-3.3	0.007254
100	-3.2	0.0068578
100	-3.1	0.00697
100	-3	0.0089369
100	-2.9	0.01186
100	-2.8	0.013846
100	-2.7	0.014633
100	-2.6	0.01412
100	-2.5	0.013376
100	-2.4	0.013815
100	-2.3	0.016748
100	-2.2	0.021519
100	-2.1	0.026649
100	-2	0.030963
100	-1.9	0.032014
100	-1.8	0.0319
100	-1.7	0.031359
100	-1.6	0.029308
100	-1.5	0.02835
100	-1.4	0.029067
100	-1.3	0.030146
100	-1.2	0.031361
100	-1.1	0.031877
100	-1	0.032956
100	-0.9	0.035803
100	-0.8	0.041754
100	-0.7	0.050039
100	-0.6	0.057261
100	-0.5	0.062946
100	-0.4	0.063647
100	-0.3	0.061164
100	-0.2	0.055768
100	-0.1	0.044427
100	0	0.034145
100	0.1	0.023912
100	0.2	0.015848
100	0.3	0.011897
100	0.4	0.012808
100	0.5	0.014887
100	0.6	0.017653
100	0.7	0.025972
100	0.8	0.034826
100	0.9	0.043591
100	1	0.050544
100	1.1	0.057272
100	1.2	0.060374
100	1.3	0.061052
100	1.4	0.0595
100	1.5	0.055313
100	1.6	0.051956
100	1.7	0.047735
100	1.8	0.04461
100	1.9	0.04104
100	2	0.039584
100	2.1	0.036931
100	2.2	0.036184
100	2.3	0.035252
100	2.4	0.034648
100	2.5	0.033527
100	2.6	0.031613
100	2.7	0.028364
100	2.8	0.025806
100	2.9	0.022964
100	3	0.020823
100	3.1	0.019007
100	3.2	0.017214
100	3.3	0.015229
100	3.4	0.013597
100	3.5	0.012866
100	3.6	0.010795
100	3.7	0.0098636
100	3.8	0.0094536
100	3.9	0.0093816
100	4	0.0088916
110	-4	0.0056425
110	-3.9	0.0057221
110	-3.8	0.0055238
110	-3.7	0.0055907
110	-3.6	0.0064347
110	-3.5	0.0070575
110	-3.4	0.0073887
110	-3.3	0.0071846
110	-3.2	0.0067652
110	-3.1	0.0058864
110	-3	0.0067173
110	-2.9	0.0077014
110	-2.8	0.0094912
110	-2.7	0.01109
110	-2.6	0.011935
110	-2.5	0.012734
110	-2.4	0.014389
110	-2.3	0.018796
110	-2.2	0.023075
110	-2.1	0.0263
110	-2	0.028797
110	-1.9	0.029596
110	-1.8	0.030175
110	-1.7	0.030208
110	-1.6	0.0301
110	-1.5	0.03077
110	-1.4	0.03192
110	-1.3	0.032022
110	-1.2	0.031437
110	-1.1	0.030577
110	-1	0.031711
110	-0.9	0.035474
110	-0.8	0.043627
110	-0.7	0.051542
110	-0.6	0.058869
110	-0.5	0.063588
110	-0.4	0.064
110	-0.3	0.059721
110	-0.2	0.051534
110	-0.1	0.043097
110	0	0.029453
110	0.1	0.023475
110	0.2	0.01558
110	0.3	0.012719
110	0.4	0.01307
110	0.5	0.015778
110	0.6	0.018297
110	0.7	0.024056
110	0.8	0.032123
110	0.9	0.040468
110	1	0.04693
110	1.1	0.052673
110	1.2	0.057017
110	1.3	0.058677
110	1.4	0.058099
110	1.5	0.056202
110	1.6	0.05206
110	1.7	0.046852
110	1.8	0.043596
110	1.9	0.039626
110	2	0.037497
110	2.1	0.036193
110	2.2	0.036227
110	2.3	0.037026
110	2.4	0.037106
110	2.5	0.035384
110	2.6	0.033791
110	2.7	0.029459
110	2.8	0.026373
110	2.9	0.024587
110	3	0.021767
110	3.1	0.019503
110	3.2	0.017968
110	3.3	0.016739
110	3.4	0.015152
110	3.5	0.013314
110	3.6	0.01219
110	3.7	0.011477
110	3.8	0.010523
110	3.9	0.0099305
110	4	0.0096683
120	-4	0.0076212
120	-3.9	0.0055238
120	-3.8	0.0054709
120	-3.7	0.0062667
120	-3.6	0.0089351
120	-3.5	0.010293
120	-3.4	0.010322
120	-3.3	0.0098193
120	-3.2	0.008014
120	-3.1	0.0073996
120	-3	0.0083961
120	-2.9	0.009839
120	-2.8	0.011988
120	-2.7	0.013457
120	-2.6	0.014286
120	-2.5	0.015421
120	-2.4	0.018319
120	-2.3	0.021594
120	-2.2	0.025258
120	-2.1	0.02888
120	-2	0.030559
120	-1.9	0.030532
120	-1.8	0.030144
120	-1.7	0.030559
120	-1.6	0.031438
120	-1.5	0.032528
120	-1.4	0.034357
120	-1.3	0.03441
120	-1.2	0.032638
120	-1.1	0.02978
120	-1	0.029508
120	-0.9	0.032856
120	-0.8	0.044395
120	-0.7	0.051021
120	-0.6	0.059379
120	-0.5	0.062607
120	-0.4	0.064134
120	-0.3	0.059097
120	-0.2	0.052309
120	-0.1	0.043217
120	0	0.032659
120	0.1	0.024008
120	0.2	0.016747
120	0.3	0.013596
120	0.4	0.01414
120	0.5	0.015615
120	0.6	0.018811
120	0.7	0.026111
120	0.8	0.032806
120	0.9	0.041016
120	1	0.045032
120	1.1	0.052305
120	1.2	0.054702
120	1.3	0.05601
120	1.4	0.056183
120	1.5	0.053311
120	1.6	0.051143
120	1.7	0.046877
120	1.8	0.045275
120	1.9	0.041681
120	2	0.037563
120	2.1	0.036526
120	2.2	0.036642
120	2.3	0.037087
120	2.4	0.037185
120	2.5	0.035693
120	2.6	0.033632
120	2.7	0.031284
120	2.8	0.027883
120	2.9	0.026045
120	3	0.024758
120	3.1	0.023818
120	3.2	0.022467
120	3.3	0.020308
120	3.4	0.017448
120	3.5	0.014554
120	3.6	0.011864
120	3.7	0.011269
120	3.8	0.012374
120	3.9	0.012356
120	4	0.012295
130	-4	0.0072763
130	-3.9	0.0060569
130	-3.8	0.0063258
130	-3.7	0.0080583
130	-3.6	0.0096147
130	-3.5	0.010495
130	-3.4	0.010789
130	-3.3	0.0088752
130	-3.2	0.008012
130	-3.1	0.0078036
130	-3	0.0099305
130	-2.9	0.01246
130	-2.8	0.013653
130	-2.7	0.014037
130	-2.6	0.012834
130	-2.5	0.014388
130	-2.4	0.018706
130	-2.3	0.023482
130	-2.2	0.028044
130	-2.1	0.030901
130	-2	0.031581
130	-1.9	0.030377
130	-1.8	0.028104
130	-1.7	0.02751
130	-1.6	0.028227
130	-1.5	0.030827
130	-1.4	0.033215
130	-1.3	0.033645
130	-1.2	0.03146
130	-1.1	0.028204
130	-1	0.027298
130	-0.9	0.030565
130	-0.8	0.036954
130	-0.7	0.049625
130	-0.6	0.056665
130	-0.5	0.063133
130	-0.4	0.063745
130	-0.3	0.059228
130	-0.2	0.051743
130	-0.1	0.043568
130	0	0.032744
130	0.1	0.02072
130	0.2	0.01486
130	0.3	0.012352
130	0.4	0.013208
130	0.5	0.014498
130	0.6	0.019841
130	0.7	0.024449
130	0.8	0.033714
130	0.9	0.042981
130	1	0.049391
130	1.1	0.054696
130	1.2	0.056434
130	1.3	0.056281
130	1.4	0.053999
130	1.5	0.050833
130	1.6	0.046679
130	1.7	0.043146
130	1.8	0.041701
130	1.9	0.039709
130	2	0.038816
130	2.1	0.037416
130	2.2	0.035136
130	2.3	0.033902
130	2.4	0.032962
130	2.5	0.030726
130	2.6	0.029775
130	2.7	0.02848
130	2.8	0.027206
130	2.9	0.026426
130	3	0.024113
130	3.1	0.022565
130	3.2	0.021089
130	3.3	0.018604
130	3.4	0.016416
130	3.5	0.01404
130	3.6	0.012848
130	3.7	0.011766
130	3.8	0.011259
130	3.9	0.011624
130	4	0.01168
140	-4	0.0067915
140	-3.9	0.0062097
140	-3.8	0.005515
140	-3.7	0.0068813
140	-3.6	0.0074388
140	-3.5	0.007787
140	-3.4	0.0083246
140	-3.3	0.0078428
140	-3.2	0.007672
140	-3.1	0.0074366
140	-3	0.00815
140	-2.9	0.010028
140	-2.8	0.011225
140	-2.7	0.012307
140	-2.6	0.012648
140	-2.5	0.014051
140	-2.4	0.016632
140	-2.3	0.020032
140	-2.2	0.024176
140	-2.1	0.026539
140	-2	0.02888
140	-1.9	0.029762
140	-1.8	0.029676
140	-1.7	0.028926
140	-1.6	0.028922
140	-1.5	0.030083
140	-1.4	0.031404
140	-1.3	0.031665
140	-1.2	0.031099
140	-1.1	0.029779
140	-1	0.030062
140	-0.9	0.033371
140	-0.8	0.042739
140	-0.7	0.046947
140	-0.6	0.054702
140	-0.5	0.060961
140	-0.4	0.062685
140	-0.3	0.059684
140	-0.2	0.055596
140	-0.1	0.043282
140	0	0.03377
140	0.1	0.024598
140	0.2	0.01454
140	0.3	0.012192
140	0.4	0.012079
140	0.5	0.013419
140	0.6	0.017502
140	0.7	0.022097
140	0.8	0.031494
140	0.9	0.03933
140	1	0.044961
140	1.1	0.052648
140	1.2	0.056085
140	1.3	0.056831
140	1.4	0.055629
140	1.5	0.05348
140	1.6	0.049427
140	1.7	0.046756
140	1.8	0.042712
140	1.9	0.040681
140	2	0.037466
140	2.1	0.035395
140	2.2	0.034328
140	2.3	0.033646
140	2.4	0.033661
140	2.5	0.032498
140	2.6	0.031125
140	2.7	0.028867
140	2.8	0.027422
140	2.9	0.024457
140	3	0.021625
140	3.1	0.019792
140	3.2	0.018714
140	3.3	0.017682
140	3.4	0.015951
140	3.5	0.014192
140	3.6	0.012573
140	3.7	0.011487
140	3.8	0.010037
140	3.9	0.0094039
140	4	0.0098193
150	-4	0.0070093
150	-3.9	0.0066155
150	-3.8	0.0065121
150	-3.7	0.006846
150	-3.6	0.0077537
150	-3.5	0.0081441
150	-3.4	0.0081321
150	-3.3	0.0065096
150	-3.2	0.006277
150	-3.1	0.0074192
150	-3	0.0097482
150	-2.9	0.011905
150	-2.8	0.01357
150	-2.7	0.013603
150	-2.6	0.012838
150	-2.5	0.012539
150	-2.4	0.015222
150	-2.3	0.018988
150	-2.2	0.023553
150	-2.1	0.029232
150	-2	0.030409
150	-1.9	0.030325
150	-1.8	0.02913
150	-1.7	0.027873
150	-1.6	0.028429
150	-1.5	0.029854
150	-1.4	0.031316
150	-1.3	0.032242
150	-1.2	0.031554
150	-1.1	0.030033
150	-1	0.03008
150	-0.9	0.033198
150	-0.8	0.038588
150	-0.7	0.049457
150	-0.6	0.056639
150	-0.5	0.060597
150	-0.4	0.061636
150	-0.3	0.058857
150	-0.2	0.05086
150	-0.1	0.038983
150	0	0.030278
150	0.1	0.019676
150	0.2	0.014958
150	0.3	0.012244
150	0.4	0.012953
150	0.5	0.015216
150	0.6	0.019267
150	0.7	0.023846
150	0.8	0.031533
150	0.9	0.03672
150	1	0.046223
150	1.1	0.050817
150	1.2	0.054107
150	1.3	0.056851
150	1.4	0.056255
150	1.5	0.054979
150	1.6	0.051439
150	1.7	0.045224
150	1.8	0.040779
150	1.9	0.035708
150	2	0.032154
150	2.1	0.030983
150	2.2	0.031536
150	2.3	0.032595
150	2.4	0.032058
150	2.5	0.030446
150	2.6	0.028817
150	2.7	0.026836
150	2.8	0.024847
150	2.9	0.02135
150	3	0.019917
150	3.1	0.019467
150	3.2	0.018773
150	3.3	0.017771
150	3.4	0.015145
150	3.5	0.01447
150	3.6	0.013227
150	3.7	0.012391
150	3.8	0.011721
150	3.9	0.011479
150	4	0.011615
160	-4	0.0065664
160	-3.9	0.0062253
160	-3.8	0.0058616
160	-3.7	0.0060033
160	-3.6	0.0059192
160	-3.5	0.0065714
160	-3.4	0.007325
160	-3.3	0.0068648
160	-3.2	0.0065046
160	-3.1	0.0065418
160	-3	0.0075166
160	-2.9	0.0098718
160	-2.8	0.011868
160	-2.7	0.013557
160	-2.6	0.014065
160	-2.5	0.014638
160	-2.4	0.016387
160	-2.3	0.019881
160	-2.2	0.023805
160	-2.1	0.026787
160	-2	0.030275
160	-1.9	0.032084
160	-1.8	0.031657
160	-1.7	0.030708
160	-1.6	0.030185
160	-1.5	0.030158
160	-1.4	0.030501
160	-1.3	0.030888
160	-1.2	0.031427
160	-1.1	0.031586
160	-1	0.033241
160	-0.9	0.035323
160	-0.8	0.041102
160	-0.7	0.049111
160	-0.6	0.056041
160	-0.5	0.058781
160	-0.4	0.058541
160	-0.3	0.056339
160	-0.2	0.049598
160	-0.1	0.036571
160	0	0.030473
160	0.1	0.023182
160	0.2	0.01549
160	0.3	0.012035
160	0.4	0.011612
160	0.5	0.01333
160	0.6	0.018295
160	0.7	0.02484
160	0.8	0.03147
160	0.9	0.043389
160	1	0.050544
160	1.1	0.053024
160	1.2	0.055625
160	1.3	0.055686
160	1.4	0.054156
160	1.5	0.051294
160	1.6	0.047206
160	1.7	0.04452
160	1.8	0.042766
160	1.9	0.040611
160	2	0.038199
160	2.1	0.035939
160	2.2	0.034305
160	2.3	0.031876
160	2.4	0.030001
160	2.5	0.028989
160	2.6	0.028183
160	2.7	0.026954
160	2.8	0.025786
160	2.9	0.023543
160	3	0.021974
160	3.1	0.019569
160	3.2	0.017438
160	3.3	0.014771
160	3.4	0.012367
160	3.5	0.012283
160	3.6	0.011992
160	3.7	0.01165
160	3.8	0.010364
160	3.9	0.0093159
160	4	0.0084556
170	-4	0.0058974
170	-3.9	0.0057051
170	-3.8	0.0069607
170	-3.7	0.0080683
170	-3.6	0.0089351
170	-3.5	0.0082857
170	-3.4	0.0071395
170	-3.3	0.0061311
170	-3.2	0.0065566
170	-3.1	0.009811
170	-3	0.012429
170	-2.9	0.014671
170	-2.8	0.015036
170	-2.7	0.01463
170	-2.6	0.013294
170	-2.5	0.014061
170	-2.4	0.016871
170	-2.3	0.02305
170	-2.2	0.02661
170	-2.1	0.029628
170	-2	0.029959
170	-1.9	0.029327
170	-1.8	0.027775
170	-1.7	0.027451
170	-1.6	0.028867
170	-1.5	0.030968
170	-1.4	0.031711
170	-1.3	0.032971
170	-1.2	0.031554
170	-1.1	0.029794
170	-1	0.030567
170	-0.9	0.035163
170	-0.8	0.044363
170	-0.7	0.051516
170	-0.6	0.058901
170	-0.5	0.061324
170	-0.4	0.060733
170	-0.3	0.055897
170	-0.2	0.046829
170	-0.1	0.035951
170	0	0.027228
170	0.1	0.019878
170	0.2	0.013752
170	0.3	0.012237
170	0.4	0.013055
170	0.5	0.016841
170	0.6	0.021128
170	0.7	0.031706
170	0.8	0.036722
170	0.9	0.045588
170	1	0.052064
170	1.1	0.054397
170	1.2	0.055694
170	1.3	0.055279
170	1.4	0.052982
170	1.5	0.050676
170	1.6	0.047009
170	1.7	0.042418
170	1.8	0.04062
170	1.9	0.036218
170	2	0.033039
170	2.1	0.031927
170	2.2	0.031271
170	2.3	0.030931
170	2.4	0.029981
170	2.5	0.028839
170	2.6	0.027546
170	2.7	0.025053
170	2.8	0.022998
170	2.9	0.01901
170	3	0.018092
170	3.1	0.016717
170	3.2	0.015627
170	3.3	0.014925
170	3.4	0.013192
170	3.5	0.011754
170	3.6	0.010216
170	3.7	0.0090947
170	3.8	0.0083672
170	3.9	0.0087542
170	4	0.0097863
180	-4	0.0071146
180	-3.9	0.0084594
180	-3.8	0.0092707
180	-3.7	0.010899
180	-3.6	0.011131
180	-3.5	0.01044
180	-3.4	0.0097515
180	-3.3	0.0092863
180	-3.2	0.0095489
180	-3.1	0.010923
180	-3	0.01251
180	-2.9	0.013932
180	-2.8	0.015252
180	-2.7	0.01638
180	-2.6	0.017717
180	-2.5	0.020252
180	-2.4	0.022078
180	-2.3	0.026045
180	-2.2	0.027656
180	-2.1	0.027953
180	-2	0.028063
180	-1.9	0.027443
180	-1.8	0.027884
180	-1.7	0.028547
180	-1.6	0.029166
180	-1.5	0.029467
180	-1.4	0.029251
180	-1.3	0.027638
180	-1.2	0.026022
180	-1.1	0.026941
180	-1	0.030462
180	-0.9	0.03599
180	-0.8	0.043051
180	-0.7	0.049364
180	-0.6	0.05488
180	-0.5	0.056302
180	-0.4	0.054821
180	-0.3	0.049301
180	-0.2	0.040085
180	-0.1	0.033241
180	0	0.024784
180	0.1	0.020594
180	0.2	0.015973
180	0.3	0.014465
180	0.4	0.015769
180	0.5	0.017483
180	0.6	0.022983
180	0.7	0.027806
180	0.8	0.036213
180	0.9	0.042267
180	1	0.046118
180	1.1	0.051363
180	1.2	0.053067
180	1.3	0.053819
180	1.4	0.051382
180	1.5	0.046424
180	1.6	0.044842
180	1.7	0.038832
180	1.8	0.034842
180	1.9	0.032706
180	2	0.031739
180	2.1	0.031727
180	2.2	0.031704
180	2.3	0.031083
180	2.4	0.029939
180	2.5	0.028481
180	2.6	0.026225
180	2.7	0.023655
180	2.8	0.021895
180	2.9	0.020497
180	3	0.018883
180	3.1	0.017027
180	3.2	0.015706
180	3.3	0.014617
180	3.4	0.013496
180	3.5	0.01222
180	3.6	0.010783
180	3.7	0.010375
180	3.8	0.0095116
180	3.9	0.0093089
180	4	0.0089333
 
Uniformity Ratio =0.65424
