05-Jan-2018
8:51
TXR  008004 RM428 R24
33511B Function Generator
SN =Agilent Technologies,33511B,MY52301476,3.05-1.19-2.00-52-00
freq =+9.250000000000000E+06
burstmode =TRIG
burstN =+6.000000000000000E+01
voltage =+1.5000000000000E-01
 
DSO-X 2022A Oscilloscope
SN =AGILENT TECHNOLOGIES,DSO-X 2022A,MY54310921,02.41.2015102200
probe =+1.0000000E+00
scale =+500.0E-09
position =+19.900000E-06
range =+1.60E+00
units =VOLT
points =+2000
pointmode =NORM
format =BYTE
acqtype =NORM
trigsource =EXT
coupling =AC
 
-180	-4	0.012611
-180	-3.9	0.012781
-180	-3.8	0.011957
-180	-3.7	0.011115
-180	-3.6	0.0097714
-180	-3.5	0.010878
-180	-3.4	0.012046
-180	-3.3	0.014971
-180	-3.2	0.015966
-180	-3.1	0.016253
-180	-3	0.015702
-180	-2.9	0.017011
-180	-2.8	0.020056
-180	-2.7	0.025783
-180	-2.6	0.030402
-180	-2.5	0.034265
-180	-2.4	0.036841
-180	-2.3	0.038065
-180	-2.2	0.037989
-180	-2.1	0.039111
-180	-2	0.040467
-180	-1.9	0.042244
-180	-1.8	0.042677
-180	-1.7	0.04114
-180	-1.6	0.038335
-180	-1.5	0.034798
-180	-1.4	0.029716
-180	-1.3	0.030377
-180	-1.2	0.036755
-180	-1.1	0.043719
-180	-1	0.058117
-180	-0.9	0.064714
-180	-0.8	0.069351
-180	-0.7	0.071507
-180	-0.6	0.069561
-180	-0.5	0.059609
-180	-0.4	0.054205
-180	-0.3	0.043481
-180	-0.2	0.031644
-180	-0.1	0.023374
-180	0	0.018965
-180	0.1	0.018694
-180	0.2	0.020378
-180	0.3	0.022298
-180	0.4	0.025361
-180	0.5	0.028012
-180	0.6	0.033653
-180	0.7	0.038926
-180	0.8	0.041992
-180	0.9	0.048942
-180	1	0.051196
-180	1.1	0.052241
-180	1.2	0.051578
-180	1.3	0.047973
-180	1.4	0.043771
-180	1.5	0.037785
-180	1.6	0.032216
-180	1.7	0.028485
-180	1.8	0.027569
-180	1.9	0.026575
-180	2	0.026113
-180	2.1	0.025426
-180	2.2	0.022893
-180	2.3	0.021473
-180	2.4	0.018032
-180	2.5	0.017263
-180	2.6	0.017615
-180	2.7	0.018302
-180	2.8	0.017663
-180	2.9	0.016438
-180	3	0.013385
-180	3.1	0.012023
-180	3.2	0.010387
-180	3.3	0.0092042
-180	3.4	0.0094314
-180	3.5	0.010479
-180	3.6	0.010229
-180	3.7	0.0090197
-180	3.8	0.0073161
-180	3.9	0.0061469
-180	4	0.0062253
-170	-4	0.011776
-170	-3.9	0.011492
-170	-3.8	0.010271
-170	-3.7	0.010181
-170	-3.6	0.0112
-170	-3.5	0.011859
-170	-3.4	0.013724
-170	-3.3	0.014295
-170	-3.2	0.014539
-170	-3.1	0.014952
-170	-3	0.015449
-170	-2.9	0.01831
-170	-2.8	0.02322
-170	-2.7	0.027166
-170	-2.6	0.030954
-170	-2.5	0.033143
-170	-2.4	0.03477
-170	-2.3	0.036154
-170	-2.2	0.037606
-170	-2.1	0.039834
-170	-2	0.042771
-170	-1.9	0.043763
-170	-1.8	0.043699
-170	-1.7	0.039418
-170	-1.6	0.035571
-170	-1.5	0.031568
-170	-1.4	0.030305
-170	-1.3	0.033539
-170	-1.2	0.043142
-170	-1.1	0.04884
-170	-1	0.059008
-170	-0.9	0.064696
-170	-0.8	0.067642
-170	-0.7	0.066543
-170	-0.6	0.060062
-170	-0.5	0.055962
-170	-0.4	0.044564
-170	-0.3	0.036412
-170	-0.2	0.028546
-170	-0.1	0.020792
-170	0	0.018005
-170	0.1	0.018815
-170	0.2	0.020482
-170	0.3	0.02297
-170	0.4	0.02496
-170	0.5	0.028454
-170	0.6	0.031422
-170	0.7	0.037371
-170	0.8	0.04311
-170	0.9	0.046015
-170	1	0.049662
-170	1.1	0.049974
-170	1.2	0.049028
-170	1.3	0.045666
-170	1.4	0.04056
-170	1.5	0.036814
-170	1.6	0.032031
-170	1.7	0.02909
-170	1.8	0.027229
-170	1.9	0.026532
-170	2	0.025662
-170	2.1	0.023949
-170	2.2	0.021786
-170	2.3	0.019113
-170	2.4	0.017418
-170	2.5	0.016472
-170	2.6	0.017639
-170	2.7	0.017514
-170	2.8	0.016732
-170	2.9	0.014925
-170	3	0.012627
-170	3.1	0.011781
-170	3.2	0.0093401
-170	3.3	0.0088003
-170	3.4	0.0091778
-170	3.5	0.010465
-170	3.6	0.010289
-170	3.7	0.0085676
-170	3.8	0.0075616
-170	3.9	0.0065344
-170	4	0.0060248
-160	-4	0.012664
-160	-3.9	0.010937
-160	-3.8	0.01
-160	-3.7	0.009255
-160	-3.6	0.011014
-160	-3.5	0.013008
-160	-3.4	0.014185
-160	-3.3	0.01443
-160	-3.2	0.013302
-160	-3.1	0.013533
-160	-3	0.015079
-160	-2.9	0.018602
-160	-2.8	0.022553
-160	-2.7	0.027657
-160	-2.6	0.030757
-160	-2.5	0.031632
-160	-2.4	0.031831
-160	-2.3	0.031347
-160	-2.2	0.03162
-160	-2.1	0.033069
-160	-2	0.034523
-160	-1.9	0.035899
-160	-1.8	0.036236
-160	-1.7	0.034673
-160	-1.6	0.03018
-160	-1.5	0.025176
-160	-1.4	0.024755
-160	-1.3	0.028436
-160	-1.2	0.038527
-160	-1.1	0.050296
-160	-1	0.059874
-160	-0.9	0.066196
-160	-0.8	0.067851
-160	-0.7	0.065012
-160	-0.6	0.061457
-160	-0.5	0.050213
-160	-0.4	0.042238
-160	-0.3	0.031819
-160	-0.2	0.018987
-160	-0.1	0.015104
-160	0	0.013468
-160	0.1	0.015773
-160	0.2	0.016464
-160	0.3	0.019178
-160	0.4	0.022057
-160	0.5	0.027837
-160	0.6	0.033989
-160	0.7	0.039668
-160	0.8	0.04548
-160	0.9	0.046679
-160	1	0.047007
-160	1.1	0.045113
-160	1.2	0.04245
-160	1.3	0.039584
-160	1.4	0.03529
-160	1.5	0.029857
-160	1.6	0.02906
-160	1.7	0.027233
-160	1.8	0.02575
-160	1.9	0.023173
-160	2	0.021508
-160	2.1	0.019833
-160	2.2	0.018761
-160	2.3	0.018021
-160	2.4	0.01749
-160	2.5	0.017686
-160	2.6	0.017495
-160	2.7	0.016528
-160	2.8	0.014289
-160	2.9	0.01285
-160	3	0.011963
-160	3.1	0.010877
-160	3.2	0.010836
-160	3.3	0.010691
-160	3.4	0.010211
-160	3.5	0.0097366
-160	3.6	0.0088497
-160	3.7	0.0070827
-160	3.8	0.0067317
-160	3.9	0.0063614
-160	4	0.0067004
-150	-4	0.0081718
-150	-3.9	0.008154
-150	-3.8	0.0079533
-150	-3.7	0.0086278
-150	-3.6	0.0090197
-150	-3.5	0.0098685
-150	-3.4	0.01017
-150	-3.3	0.010318
-150	-3.2	0.010525
-150	-3.1	0.011636
-150	-3	0.01405
-150	-2.9	0.017925
-150	-2.8	0.022439
-150	-2.7	0.024778
-150	-2.6	0.02685
-150	-2.5	0.02842
-150	-2.4	0.030756
-150	-2.3	0.031934
-150	-2.2	0.034743
-150	-2.1	0.037624
-150	-2	0.038162
-150	-1.9	0.038085
-150	-1.8	0.036273
-150	-1.7	0.03306
-150	-1.6	0.027858
-150	-1.5	0.027243
-150	-1.4	0.030051
-150	-1.3	0.035328
-150	-1.2	0.044941
-150	-1.1	0.054776
-150	-1	0.062121
-150	-0.9	0.064655
-150	-0.8	0.065721
-150	-0.7	0.061632
-150	-0.6	0.057018
-150	-0.5	0.046319
-150	-0.4	0.035664
-150	-0.3	0.026058
-150	-0.2	0.018184
-150	-0.1	0.013566
-150	0	0.013717
-150	0.1	0.015113
-150	0.2	0.016114
-150	0.3	0.017569
-150	0.4	0.021784
-150	0.5	0.025749
-150	0.6	0.030918
-150	0.7	0.03729
-150	0.8	0.045036
-150	0.9	0.047521
-150	1	0.048785
-150	1.1	0.048423
-150	1.2	0.046581
-150	1.3	0.042242
-150	1.4	0.036529
-150	1.5	0.032038
-150	1.6	0.029049
-150	1.7	0.027428
-150	1.8	0.02681
-150	1.9	0.025925
-150	2	0.025077
-150	2.1	0.023424
-150	2.2	0.020304
-150	2.3	0.017788
-150	2.4	0.01689
-150	2.5	0.016507
-150	2.6	0.016622
-150	2.7	0.016517
-150	2.8	0.015491
-150	2.9	0.01456
-150	3	0.012591
-150	3.1	0.010259
-150	3.2	0.0091018
-150	3.3	0.0089514
-150	3.4	0.0094091
-150	3.5	0.0092619
-150	3.6	0.008917
-150	3.7	0.0078201
-150	3.8	0.0070369
-150	3.9	0.0065935
-150	4	0.0055033
-140	-4	0.0081797
-140	-3.9	0.0071801
-140	-3.8	0.0062331
-140	-3.7	0.0059465
-140	-3.6	0.0074627
-140	-3.5	0.0084804
-140	-3.4	0.0099094
-140	-3.3	0.010964
-140	-3.2	0.010331
-140	-3.1	0.0099647
-140	-3	0.012747
-140	-2.9	0.016122
-140	-2.8	0.019962
-140	-2.7	0.024813
-140	-2.6	0.027778
-140	-2.5	0.029545
-140	-2.4	0.030705
-140	-2.3	0.030848
-140	-2.2	0.031969
-140	-2.1	0.033433
-140	-2	0.034638
-140	-1.9	0.035332
-140	-1.8	0.034106
-140	-1.7	0.03171
-140	-1.6	0.027292
-140	-1.5	0.025415
-140	-1.4	0.026929
-140	-1.3	0.035973
-140	-1.2	0.047144
-140	-1.1	0.056004
-140	-1	0.064224
-140	-0.9	0.066367
-140	-0.8	0.06488
-140	-0.7	0.056284
-140	-0.6	0.049227
-140	-0.5	0.038741
-140	-0.4	0.027642
-140	-0.3	0.016929
-140	-0.2	0.010483
-140	-0.1	0.010633
-140	0	0.012179
-140	0.1	0.014287
-140	0.2	0.015926
-140	0.3	0.020532
-140	0.4	0.023554
-140	0.5	0.032778
-140	0.6	0.036692
-140	0.7	0.041741
-140	0.8	0.045499
-140	0.9	0.046556
-140	1	0.045951
-140	1.1	0.044356
-140	1.2	0.042779
-140	1.3	0.039668
-140	1.4	0.035244
-140	1.5	0.031954
-140	1.6	0.029623
-140	1.7	0.027118
-140	1.8	0.025827
-140	1.9	0.023001
-140	2	0.022715
-140	2.1	0.021944
-140	2.2	0.020938
-140	2.3	0.02048
-140	2.4	0.019931
-140	2.5	0.019546
-140	2.6	0.019156
-140	2.7	0.017744
-140	2.8	0.015438
-140	2.9	0.014237
-140	3	0.01235
-140	3.1	0.010551
-140	3.2	0.00969
-140	3.3	0.0088204
-140	3.4	0.0084994
-140	3.5	0.0090876
-140	3.6	0.0088058
-140	3.7	0.0080963
-140	3.8	0.0075402
-140	3.9	0.0075958
-140	4	0.0072093
-130	-4	0.0074908
-130	-3.9	0.0064947
-130	-3.8	0.0056824
-130	-3.7	0.006879
-130	-3.6	0.0075958
-130	-3.5	0.0094468
-130	-3.4	0.010787
-130	-3.3	0.010529
-130	-3.2	0.0096113
-130	-3.1	0.0098554
-130	-3	0.011788
-130	-2.9	0.016748
-130	-2.8	0.021455
-130	-2.7	0.026267
-130	-2.6	0.029251
-130	-2.5	0.03086
-130	-2.4	0.031035
-130	-2.3	0.031454
-130	-2.2	0.032171
-130	-2.1	0.034956
-130	-2	0.03589
-130	-1.9	0.036436
-130	-1.8	0.035293
-130	-1.7	0.031863
-130	-1.6	0.028497
-130	-1.5	0.029625
-130	-1.4	0.032565
-130	-1.3	0.04043
-130	-1.2	0.05141
-130	-1.1	0.059569
-130	-1	0.064759
-130	-0.9	0.06586
-130	-0.8	0.062966
-130	-0.7	0.052148
-130	-0.6	0.041811
-130	-0.5	0.031764
-130	-0.4	0.021515
-130	-0.3	0.012112
-130	-0.2	0.0088479
-130	-0.1	0.010386
-130	0	0.0119
-130	0.1	0.01333
-130	0.2	0.01615
-130	0.3	0.020415
-130	0.4	0.028109
-130	0.5	0.034905
-130	0.6	0.040703
-130	0.7	0.044336
-130	0.8	0.047362
-130	0.9	0.048269
-130	1	0.047004
-130	1.1	0.045673
-130	1.2	0.043826
-130	1.3	0.04104
-130	1.4	0.038417
-130	1.5	0.034648
-130	1.6	0.031189
-130	1.7	0.028197
-130	1.8	0.025608
-130	1.9	0.023694
-130	2	0.023263
-130	2.1	0.022955
-130	2.2	0.022078
-130	2.3	0.020956
-130	2.4	0.019061
-130	2.5	0.017444
-130	2.6	0.01664
-130	2.7	0.015178
-130	2.8	0.014576
-130	2.9	0.014586
-130	3	0.012917
-130	3.1	0.011298
-130	3.2	0.01023
-130	3.3	0.0090662
-130	3.4	0.0082564
-130	3.5	0.0081856
-130	3.6	0.0082583
-130	3.7	0.0077412
-130	3.8	0.0081599
-130	3.9	0.0076509
-130	4	0.0068977
-120	-4	0.0082701
-120	-3.9	0.0073821
-120	-3.8	0.0063614
-120	-3.7	0.0064747
-120	-3.6	0.008152
-120	-3.5	0.0099191
-120	-3.4	0.010741
-120	-3.3	0.010503
-120	-3.2	0.010857
-120	-3.1	0.011671
-120	-3	0.015415
-120	-2.9	0.019688
-120	-2.8	0.023792
-120	-2.7	0.026972
-120	-2.6	0.029087
-120	-2.5	0.030379
-120	-2.4	0.031229
-120	-2.3	0.032393
-120	-2.2	0.034084
-120	-2.1	0.035558
-120	-2	0.035942
-120	-1.9	0.034739
-120	-1.8	0.033216
-120	-1.7	0.02868
-120	-1.6	0.027165
-120	-1.5	0.030753
-120	-1.4	0.040378
-120	-1.3	0.047045
-120	-1.2	0.05492
-120	-1.1	0.061744
-120	-1	0.063575
-120	-0.9	0.061778
-120	-0.8	0.055442
-120	-0.7	0.045678
-120	-0.6	0.033183
-120	-0.5	0.024194
-120	-0.4	0.013723
-120	-0.3	0.0096583
-120	-0.2	0.0097681
-120	-0.1	0.0122
-120	0	0.012827
-120	0.1	0.014452
-120	0.2	0.017347
-120	0.3	0.02353
-120	0.4	0.030705
-120	0.5	0.039058
-120	0.6	0.044713
-120	0.7	0.04812
-120	0.8	0.051028
-120	0.9	0.050916
-120	1	0.048369
-120	1.1	0.045266
-120	1.2	0.042174
-120	1.3	0.037994
-120	1.4	0.034041
-120	1.5	0.031714
-120	1.6	0.029678
-120	1.7	0.02794
-120	1.8	0.027029
-120	1.9	0.026055
-120	2	0.026093
-120	2.1	0.025628
-120	2.2	0.024828
-120	2.3	0.023639
-120	2.4	0.0224
-120	2.5	0.020141
-120	2.6	0.018918
-120	2.7	0.017671
-120	2.8	0.017099
-120	2.9	0.016142
-120	3	0.015445
-120	3.1	0.01467
-120	3.2	0.013454
-120	3.3	0.012404
-120	3.4	0.011151
-120	3.5	0.0098963
-120	3.6	0.0089079
-120	3.7	0.0082171
-120	3.8	0.0086015
-120	3.9	0.0089694
-120	4	0.0092829
-110	-4	0.0091619
-110	-3.9	0.0077703
-110	-3.8	0.0065984
-110	-3.7	0.0061259
-110	-3.6	0.0090769
-110	-3.5	0.010135
-110	-3.4	0.010551
-110	-3.3	0.010169
-110	-3.2	0.0093037
-110	-3.1	0.010945
-110	-3	0.015673
-110	-2.9	0.02071
-110	-2.8	0.024906
-110	-2.7	0.028999
-110	-2.6	0.030503
-110	-2.5	0.03049
-110	-2.4	0.03115
-110	-2.3	0.03248
-110	-2.2	0.03409
-110	-2.1	0.036087
-110	-2	0.037446
-110	-1.9	0.036584
-110	-1.8	0.033749
-110	-1.7	0.03058
-110	-1.6	0.029773
-110	-1.5	0.033883
-110	-1.4	0.042873
-110	-1.3	0.051784
-110	-1.2	0.061083
-110	-1.1	0.065498
-110	-1	0.066214
-110	-0.9	0.061414
-110	-0.8	0.049768
-110	-0.7	0.039641
-110	-0.6	0.024887
-110	-0.5	0.016798
-110	-0.4	0.0098258
-110	-0.3	0.0092305
-110	-0.2	0.011973
-110	-0.1	0.013118
-110	0	0.014569
-110	0.1	0.017816
-110	0.2	0.025391
-110	0.3	0.030729
-110	0.4	0.036687
-110	0.5	0.043263
-110	0.6	0.046828
-110	0.7	0.049288
-110	0.8	0.049956
-110	0.9	0.049355
-110	1	0.04698
-110	1.1	0.045198
-110	1.2	0.040892
-110	1.3	0.038276
-110	1.4	0.034232
-110	1.5	0.030768
-110	1.6	0.028992
-110	1.7	0.027925
-110	1.8	0.027842
-110	1.9	0.027853
-110	2	0.028069
-110	2.1	0.02709
-110	2.2	0.024406
-110	2.3	0.022477
-110	2.4	0.021129
-110	2.5	0.019494
-110	2.6	0.018837
-110	2.7	0.01864
-110	2.8	0.018002
-110	2.9	0.016408
-110	3	0.015034
-110	3.1	0.013839
-110	3.2	0.012621
-110	3.3	0.01265
-110	3.4	0.012682
-110	3.5	0.013182
-110	3.6	0.012031
-110	3.7	0.011068
-110	3.8	0.010063
-110	3.9	0.0097664
-110	4	0.010002
-100	-4	0.0084038
-100	-3.9	0.0076909
-100	-3.8	0.0078634
-100	-3.7	0.0094125
-100	-3.6	0.010401
-100	-3.5	0.01078
-100	-3.4	0.010574
-100	-3.3	0.0097813
-100	-3.2	0.010486
-100	-3.1	0.014351
-100	-3	0.017845
-100	-2.9	0.024051
-100	-2.8	0.027824
-100	-2.7	0.029309
-100	-2.6	0.029703
-100	-2.5	0.029818
-100	-2.4	0.03064
-100	-2.3	0.032522
-100	-2.2	0.03473
-100	-2.1	0.036552
-100	-2	0.03653
-100	-1.9	0.033374
-100	-1.8	0.030174
-100	-1.7	0.027895
-100	-1.6	0.028039
-100	-1.5	0.034236
-100	-1.4	0.046021
-100	-1.3	0.053738
-100	-1.2	0.059011
-100	-1.1	0.063957
-100	-1	0.063105
-100	-0.9	0.057991
-100	-0.8	0.046884
-100	-0.7	0.036296
-100	-0.6	0.026344
-100	-0.5	0.015312
-100	-0.4	0.010805
-100	-0.3	0.010213
-100	-0.2	0.011908
-100	-0.1	0.012709
-100	0	0.013792
-100	0.1	0.017936
-100	0.2	0.025915
-100	0.3	0.03327
-100	0.4	0.039797
-100	0.5	0.046525
-100	0.6	0.050411
-100	0.7	0.05232
-100	0.8	0.052094
-100	0.9	0.050008
-100	1	0.047531
-100	1.1	0.044832
-100	1.2	0.042771
-100	1.3	0.041218
-100	1.4	0.038822
-100	1.5	0.036343
-100	1.6	0.033437
-100	1.7	0.031488
-100	1.8	0.029568
-100	1.9	0.028843
-100	2	0.028582
-100	2.1	0.02913
-100	2.2	0.028509
-100	2.3	0.026686
-100	2.4	0.025624
-100	2.5	0.02323
-100	2.6	0.020924
-100	2.7	0.019235
-100	2.8	0.018398
-100	2.9	0.016672
-100	3	0.015775
-100	3.1	0.014281
-100	3.2	0.013139
-100	3.3	0.012863
-100	3.4	0.011878
-100	3.5	0.012063
-100	3.6	0.011611
-100	3.7	0.011643
-100	3.8	0.010353
-100	3.9	0.010052
-100	4	0.0089874
-90	-4	0.0086931
-90	-3.9	0.0073029
-90	-3.8	0.0060328
-90	-3.7	0.0071846
-90	-3.6	0.008488
-90	-3.5	0.010426
-90	-3.4	0.011441
-90	-3.3	0.011324
-90	-3.2	0.01166
-90	-3.1	0.014599
-90	-3	0.018472
-90	-2.9	0.022963
-90	-2.8	0.026875
-90	-2.7	0.02953
-90	-2.6	0.030352
-90	-2.5	0.030561
-90	-2.4	0.030137
-90	-2.3	0.030052
-90	-2.2	0.030909
-90	-2.1	0.032422
-90	-2	0.033534
-90	-1.9	0.032714
-90	-1.8	0.030877
-90	-1.7	0.029198
-90	-1.6	0.028942
-90	-1.5	0.033821
-90	-1.4	0.042556
-90	-1.3	0.05194
-90	-1.2	0.058904
-90	-1.1	0.061297
-90	-1	0.059919
-90	-0.9	0.058007
-90	-0.8	0.046381
-90	-0.7	0.040891
-90	-0.6	0.027925
-90	-0.5	0.017755
-90	-0.4	0.011545
-90	-0.3	0.00973
-90	-0.2	0.012478
-90	-0.1	0.01385
-90	0	0.014997
-90	0.1	0.020186
-90	0.2	0.02672
-90	0.3	0.033313
-90	0.4	0.042352
-90	0.5	0.050635
-90	0.6	0.054084
-90	0.7	0.056525
-90	0.8	0.056905
-90	0.9	0.055314
-90	1	0.051544
-90	1.1	0.048512
-90	1.2	0.043111
-90	1.3	0.040159
-90	1.4	0.036903
-90	1.5	0.035036
-90	1.6	0.034287
-90	1.7	0.033833
-90	1.8	0.032872
-90	1.9	0.031168
-90	2	0.030133
-90	2.1	0.02825
-90	2.2	0.025623
-90	2.3	0.024073
-90	2.4	0.022255
-90	2.5	0.021422
-90	2.6	0.020318
-90	2.7	0.018131
-90	2.8	0.016494
-90	2.9	0.013978
-90	3	0.012871
-90	3.1	0.011751
-90	3.2	0.011576
-90	3.3	0.011519
-90	3.4	0.01155
-90	3.5	0.011301
-90	3.6	0.010639
-90	3.7	0.0097117
-90	3.8	0.009302
-90	3.9	0.0088387
-90	4	0.0083363
-80	-4	0.0085222
-80	-3.9	0.0079716
-80	-3.8	0.0067461
-80	-3.7	0.0069164
-80	-3.6	0.0087005
-80	-3.5	0.010095
-80	-3.4	0.011122
-80	-3.3	0.011417
-80	-3.2	0.011046
-80	-3.1	0.01323
-80	-3	0.017769
-80	-2.9	0.022857
-80	-2.8	0.027796
-80	-2.7	0.030572
-80	-2.6	0.032162
-80	-2.5	0.032469
-80	-2.4	0.032536
-80	-2.3	0.03271
-80	-2.2	0.034364
-80	-2.1	0.034985
-80	-2	0.034942
-80	-1.9	0.032915
-80	-1.8	0.030487
-80	-1.7	0.029282
-80	-1.6	0.031323
-80	-1.5	0.03712
-80	-1.4	0.043532
-80	-1.3	0.052227
-80	-1.2	0.057489
-80	-1.1	0.059327
-80	-1	0.057141
-80	-0.9	0.052461
-80	-0.8	0.040885
-80	-0.7	0.034344
-80	-0.6	0.024506
-80	-0.5	0.01707
-80	-0.4	0.011419
-80	-0.3	0.011355
-80	-0.2	0.01214
-80	-0.1	0.014014
-80	0	0.018274
-80	0.1	0.023806
-80	0.2	0.032277
-80	0.3	0.039782
-80	0.4	0.0476
-80	0.5	0.053933
-80	0.6	0.056612
-80	0.7	0.058157
-80	0.8	0.057954
-80	0.9	0.055133
-80	1	0.052567
-80	1.1	0.047867
-80	1.2	0.043446
-80	1.3	0.04116
-80	1.4	0.039784
-80	1.5	0.03824
-80	1.6	0.037728
-80	1.7	0.037343
-80	1.8	0.035588
-80	1.9	0.033935
-80	2	0.032045
-80	2.1	0.029562
-80	2.2	0.02767
-80	2.3	0.02589
-80	2.4	0.024186
-80	2.5	0.023147
-80	2.6	0.019438
-80	2.7	0.018071
-80	2.8	0.016386
-80	2.9	0.014925
-80	3	0.014742
-80	3.1	0.014496
-80	3.2	0.014164
-80	3.3	0.012669
-80	3.4	0.011405
-80	3.5	0.010653
-80	3.6	0.0099954
-80	3.7	0.010532
-80	3.8	0.010194
-80	3.9	0.010176
-80	4	0.0095911
-70	-4	0.0070872
-70	-3.9	0.0067245
-70	-3.8	0.0081994
-70	-3.7	0.010071
-70	-3.6	0.011936
-70	-3.5	0.011734
-70	-3.4	0.011678
-70	-3.3	0.011173
-70	-3.2	0.012641
-70	-3.1	0.01527
-70	-3	0.021173
-70	-2.9	0.025198
-70	-2.8	0.02761
-70	-2.7	0.029673
-70	-2.6	0.03062
-70	-2.5	0.030992
-70	-2.4	0.03087
-70	-2.3	0.031563
-70	-2.2	0.032275
-70	-2.1	0.032564
-70	-2	0.032258
-70	-1.9	0.030155
-70	-1.8	0.028066
-70	-1.7	0.028526
-70	-1.6	0.030923
-70	-1.5	0.037355
-70	-1.4	0.044711
-70	-1.3	0.049239
-70	-1.2	0.054878
-70	-1.1	0.0554
-70	-1	0.052105
-70	-0.9	0.044149
-70	-0.8	0.040687
-70	-0.7	0.030347
-70	-0.6	0.021935
-70	-0.5	0.016121
-70	-0.4	0.011851
-70	-0.3	0.011472
-70	-0.2	0.012289
-70	-0.1	0.015624
-70	0	0.020668
-70	0.1	0.028131
-70	0.2	0.038419
-70	0.3	0.043916
-70	0.4	0.050443
-70	0.5	0.054963
-70	0.6	0.056658
-70	0.7	0.055903
-70	0.8	0.054583
-70	0.9	0.051775
-70	1	0.047769
-70	1.1	0.044768
-70	1.2	0.04165
-70	1.3	0.039553
-70	1.4	0.038536
-70	1.5	0.03769
-70	1.6	0.037389
-70	1.7	0.036692
-70	1.8	0.035178
-70	1.9	0.033597
-70	2	0.031723
-70	2.1	0.029342
-70	2.2	0.026971
-70	2.3	0.025524
-70	2.4	0.023517
-70	2.5	0.021688
-70	2.6	0.01862
-70	2.7	0.015866
-70	2.8	0.013882
-70	2.9	0.013303
-70	3	0.013356
-70	3.1	0.012974
-70	3.2	0.012954
-70	3.3	0.012465
-70	3.4	0.012023
-70	3.5	0.010641
-70	3.6	0.010132
-70	3.7	0.0092689
-70	3.8	0.0094536
-70	3.9	0.010042
-70	4	0.010875
-60	-4	0.0067986
-60	-3.9	0.0070484
-60	-3.8	0.0088588
-60	-3.7	0.011495
-60	-3.6	0.012591
-60	-3.5	0.012143
-60	-3.4	0.0094297
-60	-3.3	0.008146
-60	-3.2	0.011841
-60	-3.1	0.016007
-60	-3	0.022563
-60	-2.9	0.025037
-60	-2.8	0.026697
-60	-2.7	0.027114
-60	-2.6	0.026305
-60	-2.5	0.025942
-60	-2.4	0.027
-60	-2.3	0.02872
-60	-2.2	0.030799
-60	-2.1	0.031942
-60	-2	0.03066
-60	-1.9	0.028154
-60	-1.8	0.023894
-60	-1.7	0.022704
-60	-1.6	0.027005
-60	-1.5	0.036633
-60	-1.4	0.045189
-60	-1.3	0.049833
-60	-1.2	0.054036
-60	-1.1	0.054544
-60	-1	0.0516
-60	-0.9	0.045388
-60	-0.8	0.034752
-60	-0.7	0.028384
-60	-0.6	0.019946
-60	-0.5	0.014335
-60	-0.4	0.012036
-60	-0.3	0.013935
-60	-0.2	0.015506
-60	-0.1	0.020335
-60	0	0.027117
-60	0.1	0.030908
-60	0.2	0.038418
-60	0.3	0.044029
-60	0.4	0.049598
-60	0.5	0.052688
-60	0.6	0.05413
-60	0.7	0.053756
-60	0.8	0.052589
-60	0.9	0.048143
-60	1	0.045426
-60	1.1	0.041637
-60	1.2	0.038316
-60	1.3	0.036061
-60	1.4	0.034783
-60	1.5	0.034959
-60	1.6	0.035318
-60	1.7	0.036518
-60	1.8	0.035801
-60	1.9	0.034227
-60	2	0.031823
-60	2.1	0.028942
-60	2.2	0.026651
-60	2.3	0.02451
-60	2.4	0.023136
-60	2.5	0.022678
-60	2.6	0.021531
-60	2.7	0.019635
-60	2.8	0.017661
-60	2.9	0.015284
-60	3	0.013794
-60	3.1	0.013448
-60	3.2	0.013916
-60	3.3	0.013794
-60	3.4	0.013614
-60	3.5	0.012427
-60	3.6	0.0114
-60	3.7	0.010552
-60	3.8	0.010738
-60	3.9	0.011118
-60	4	0.011683
-50	-4	0.009675
-50	-3.9	0.008526
-50	-3.8	0.0076635
-50	-3.7	0.0081935
-50	-3.6	0.0089315
-50	-3.5	0.0089676
-50	-3.4	0.0091478
-50	-3.3	0.0092497
-50	-3.2	0.011492
-50	-3.1	0.016016
-50	-3	0.018914
-50	-2.9	0.022186
-50	-2.8	0.025062
-50	-2.7	0.02631
-50	-2.6	0.027081
-50	-2.5	0.027466
-50	-2.4	0.027721
-50	-2.3	0.028146
-50	-2.2	0.028432
-50	-2.1	0.028991
-50	-2	0.028321
-50	-1.9	0.027312
-50	-1.8	0.024049
-50	-1.7	0.022386
-50	-1.6	0.024962
-50	-1.5	0.030686
-50	-1.4	0.035652
-50	-1.3	0.043675
-50	-1.2	0.049503
-50	-1.1	0.050411
-50	-1	0.04905
-50	-0.9	0.044809
-50	-0.8	0.036821
-50	-0.7	0.031349
-50	-0.6	0.026135
-50	-0.5	0.019995
-50	-0.4	0.014769
-50	-0.3	0.013513
-50	-0.2	0.015694
-50	-0.1	0.019514
-50	0	0.023229
-50	0.1	0.032
-50	0.2	0.038867
-50	0.3	0.043856
-50	0.4	0.049842
-50	0.5	0.052847
-50	0.6	0.054808
-50	0.7	0.055075
-50	0.8	0.052464
-50	0.9	0.051188
-50	1	0.046126
-50	1.1	0.042709
-50	1.2	0.038582
-50	1.3	0.03585
-50	1.4	0.03509
-50	1.5	0.03589
-50	1.6	0.036599
-50	1.7	0.037135
-50	1.8	0.035135
-50	1.9	0.032486
-50	2	0.02987
-50	2.1	0.026582
-50	2.2	0.024775
-50	2.3	0.021995
-50	2.4	0.021139
-50	2.5	0.019684
-50	2.6	0.017044
-50	2.7	0.016393
-50	2.8	0.013608
-50	2.9	0.01266
-50	3	0.012154
-50	3.1	0.012511
-50	3.2	0.012316
-50	3.3	0.011579
-50	3.4	0.010659
-50	3.5	0.0093211
-50	3.6	0.0089748
-50	3.7	0.0098094
-50	3.8	0.010326
-50	3.9	0.011206
-50	4	0.010799
-40	-4	0.0077391
-40	-3.9	0.0075574
-40	-3.8	0.0076741
-40	-3.7	0.0083363
-40	-3.6	0.0087671
-40	-3.5	0.0081381
-40	-3.4	0.0072362
-40	-3.3	0.0069211
-40	-3.2	0.0088515
-40	-3.1	0.012978
-40	-3	0.016838
-40	-2.9	0.020574
-40	-2.8	0.023478
-40	-2.7	0.023678
-40	-2.6	0.023124
-40	-2.5	0.022683
-40	-2.4	0.02312
-40	-2.3	0.02589
-40	-2.2	0.02661
-40	-2.1	0.028388
-40	-2	0.027501
-40	-1.9	0.02435
-40	-1.8	0.019876
-40	-1.7	0.015926
-40	-1.6	0.017519
-40	-1.5	0.024031
-40	-1.4	0.034633
-40	-1.3	0.042066
-40	-1.2	0.048074
-40	-1.1	0.050137
-40	-1	0.049541
-40	-0.9	0.045336
-40	-0.8	0.039788
-40	-0.7	0.031735
-40	-0.6	0.024414
-40	-0.5	0.018938
-40	-0.4	0.016221
-40	-0.3	0.015272
-40	-0.2	0.016478
-40	-0.1	0.020076
-40	0	0.024953
-40	0.1	0.032494
-40	0.2	0.038709
-40	0.3	0.045207
-40	0.4	0.050024
-40	0.5	0.052143
-40	0.6	0.052348
-40	0.7	0.050439
-40	0.8	0.047615
-40	0.9	0.044221
-40	1	0.04047
-40	1.1	0.036412
-40	1.2	0.034667
-40	1.3	0.034271
-40	1.4	0.034326
-40	1.5	0.034802
-40	1.6	0.035531
-40	1.7	0.035584
-40	1.8	0.034763
-40	1.9	0.032121
-40	2	0.03019
-40	2.1	0.027801
-40	2.2	0.025789
-40	2.3	0.022618
-40	2.4	0.020561
-40	2.5	0.01902
-40	2.6	0.016494
-40	2.7	0.014492
-40	2.8	0.012359
-40	2.9	0.0118
-40	3	0.011676
-40	3.1	0.011743
-40	3.2	0.011881
-40	3.3	0.011543
-40	3.4	0.01007
-40	3.5	0.0089712
-40	3.6	0.0086071
-40	3.7	0.0090054
-40	3.8	0.0097416
-40	3.9	0.011379
-40	4	0.011482
-30	-4	0.0092252
-30	-3.9	0.0082935
-30	-3.8	0.0078036
-30	-3.7	0.0079289
-30	-3.6	0.0083576
-30	-3.5	0.0084671
-30	-3.4	0.0076804
-30	-3.3	0.0067485
-30	-3.2	0.0090501
-30	-3.1	0.01256
-30	-3	0.01771
-30	-2.9	0.020297
-30	-2.8	0.022132
-30	-2.7	0.023211
-30	-2.6	0.023468
-30	-2.5	0.024282
-30	-2.4	0.025444
-30	-2.3	0.026467
-30	-2.2	0.027603
-30	-2.1	0.027172
-30	-2	0.026189
-30	-1.9	0.022384
-30	-1.8	0.016715
-30	-1.7	0.015148
-30	-1.6	0.018485
-30	-1.5	0.022102
-30	-1.4	0.03135
-30	-1.3	0.039322
-30	-1.2	0.042734
-30	-1.1	0.04687
-30	-1	0.04656
-30	-0.9	0.043022
-30	-0.8	0.038433
-30	-0.7	0.032957
-30	-0.6	0.028012
-30	-0.5	0.022799
-30	-0.4	0.018561
-30	-0.3	0.016444
-30	-0.2	0.016394
-30	-0.1	0.018657
-30	0	0.024555
-30	0.1	0.031838
-30	0.2	0.03592
-30	0.3	0.041194
-30	0.4	0.046294
-30	0.5	0.047998
-30	0.6	0.049376
-30	0.7	0.048367
-30	0.8	0.046785
-30	0.9	0.043322
-30	1	0.040797
-30	1.1	0.036536
-30	1.2	0.035201
-30	1.3	0.0349
-30	1.4	0.035776
-30	1.5	0.036742
-30	1.6	0.0377
-30	1.7	0.037951
-30	1.8	0.03644
-30	1.9	0.033163
-30	2	0.030791
-30	2.1	0.02706
-30	2.2	0.024914
-30	2.3	0.021966
-30	2.4	0.021036
-30	2.5	0.018848
-30	2.6	0.016651
-30	2.7	0.014097
-30	2.8	0.01243
-30	2.9	0.010409
-30	3	0.0095658
-30	3.1	0.0090662
-30	3.2	0.0096432
-30	3.3	0.0099452
-30	3.4	0.010023
-30	3.5	0.010234
-30	3.6	0.0094365
-30	3.7	0.0085883
-30	3.8	0.0082132
-30	3.9	0.007888
-30	4	0.0079959
-20	-4	0.0071576
-20	-3.9	0.0065096
-20	-3.8	0.0058644
-20	-3.7	0.0060729
-20	-3.6	0.007336
-20	-3.5	0.0067341
-20	-3.4	0.0065344
-20	-3.3	0.0058726
-20	-3.2	0.005462
-20	-3.1	0.006369
-20	-3	0.010389
-20	-2.9	0.013227
-20	-2.8	0.017675
-20	-2.7	0.019095
-20	-2.6	0.019774
-20	-2.5	0.019915
-20	-2.4	0.0211
-20	-2.3	0.022795
-20	-2.2	0.024856
-20	-2.1	0.026066
-20	-2	0.025892
-20	-1.9	0.023578
-20	-1.8	0.019123
-20	-1.7	0.015345
-20	-1.6	0.015164
-20	-1.5	0.022354
-20	-1.4	0.02935
-20	-1.3	0.037141
-20	-1.2	0.043585
-20	-1.1	0.047195
-20	-1	0.04694
-20	-0.9	0.0435
-20	-0.8	0.039858
-20	-0.7	0.031964
-20	-0.6	0.024194
-20	-0.5	0.020249
-20	-0.4	0.017661
-20	-0.3	0.015199
-20	-0.2	0.016014
-20	-0.1	0.019557
-20	0	0.024967
-20	0.1	0.031732
-20	0.2	0.03774
-20	0.3	0.045598
-20	0.4	0.049057
-20	0.5	0.050582
-20	0.6	0.049831
-20	0.7	0.047808
-20	0.8	0.04426
-20	0.9	0.039662
-20	1	0.034959
-20	1.1	0.032445
-20	1.2	0.031967
-20	1.3	0.032054
-20	1.4	0.033086
-20	1.5	0.03405
-20	1.6	0.03457
-20	1.7	0.035092
-20	1.8	0.034555
-20	1.9	0.032743
-20	2	0.02965
-20	2.1	0.027212
-20	2.2	0.024248
-20	2.3	0.021847
-20	2.4	0.019937
-20	2.5	0.018512
-20	2.6	0.016754
-20	2.7	0.014877
-20	2.8	0.012741
-20	2.9	0.011386
-20	3	0.0095252
-20	3.1	0.0096633
-20	3.2	0.0096499
-20	3.3	0.010015
-20	3.4	0.010627
-20	3.5	0.010774
-20	3.6	0.010108
-20	3.7	0.0088113
-20	3.8	0.0082915
-20	3.9	0.0072138
-20	4	0.007325
-10	-4	0.011164
-10	-3.9	0.0093349
-10	-3.8	0.0075787
-10	-3.7	0.0064622
-10	-3.6	0.0071553
-10	-3.5	0.0091514
-10	-3.4	0.0091672
-10	-3.3	0.0074236
-10	-3.2	0.0062071
-10	-3.1	0.0061706
-10	-3	0.011811
-10	-2.9	0.0156
-10	-2.8	0.019898
-10	-2.7	0.022095
-10	-2.6	0.02292
-10	-2.5	0.022538
-10	-2.4	0.022239
-10	-2.3	0.023054
-10	-2.2	0.024456
-10	-2.1	0.026637
-10	-2	0.027318
-10	-1.9	0.026314
-10	-1.8	0.021727
-10	-1.7	0.017206
-10	-1.6	0.015163
-10	-1.5	0.020899
-10	-1.4	0.028542
-10	-1.3	0.036534
-10	-1.2	0.043816
-10	-1.1	0.047692
-10	-1	0.047769
-10	-0.9	0.046045
-10	-0.8	0.040116
-10	-0.7	0.034466
-10	-0.6	0.02787
-10	-0.5	0.021363
-10	-0.4	0.018132
-10	-0.3	0.013359
-10	-0.2	0.013145
-10	-0.1	0.016637
-10	0	0.021992
-10	0.1	0.028812
-10	0.2	0.037841
-10	0.3	0.044694
-10	0.4	0.048289
-10	0.5	0.050091
-10	0.6	0.048654
-10	0.7	0.045912
-10	0.8	0.041958
-10	0.9	0.037578
-10	1	0.034262
-10	1.1	0.031613
-10	1.2	0.029961
-10	1.3	0.030288
-10	1.4	0.0311
-10	1.5	0.032806
-10	1.6	0.033132
-10	1.7	0.034312
-10	1.8	0.034157
-10	1.9	0.03271
-10	2	0.030919
-10	2.1	0.028067
-10	2.2	0.024907
-10	2.3	0.021787
-10	2.4	0.019038
-10	2.5	0.017205
-10	2.6	0.015606
-10	2.7	0.01301
-10	2.8	0.010249
-10	2.9	0.0089098
-10	3	0.0082564
-10	3.1	0.0077119
-10	3.2	0.007404
-10	3.3	0.0079248
-10	3.4	0.0073183
-10	3.5	0.0074865
-10	3.6	0.0076
-10	3.7	0.0074518
-10	3.8	0.0079166
-10	3.9	0.0073909
-10	4	0.0079736
0	-4	0.010589
0	-3.9	0.009009
0	-3.8	0.0077599
0	-3.7	0.0080963
0	-3.6	0.0086521
0	-3.5	0.0093401
0	-3.4	0.0086894
0	-3.3	0.0077599
0	-3.2	0.0054323
0	-3.1	0.0064897
0	-3	0.0082896
0	-2.9	0.013431
0	-2.8	0.017282
0	-2.7	0.020009
0	-2.6	0.021144
0	-2.5	0.022119
0	-2.4	0.023657
0	-2.3	0.025368
0	-2.2	0.027059
0	-2.1	0.027742
0	-2	0.027358
0	-1.9	0.02594
0	-1.8	0.020632
0	-1.7	0.014736
0	-1.6	0.013345
0	-1.5	0.019814
0	-1.4	0.031462
0	-1.3	0.03598
0	-1.2	0.041813
0	-1.1	0.044542
0	-1	0.045031
0	-0.9	0.042397
0	-0.8	0.038913
0	-0.7	0.033705
0	-0.6	0.029492
0	-0.5	0.022339
0	-0.4	0.018864
0	-0.3	0.016635
0	-0.2	0.014788
0	-0.1	0.016771
0	0	0.021609
0	0.1	0.026391
0	0.2	0.030737
0	0.3	0.03772
0	0.4	0.042941
0	0.5	0.044804
0	0.6	0.04544
0	0.7	0.044834
0	0.8	0.043098
0	0.9	0.038758
0	1	0.036747
0	1.1	0.033211
0	1.2	0.028856
0	1.3	0.028807
0	1.4	0.029208
0	1.5	0.032216
0	1.6	0.034705
0	1.7	0.036899
0	1.8	0.036963
0	1.9	0.035118
0	2	0.033311
0	2.1	0.02955
0	2.2	0.027155
0	2.3	0.023489
0	2.4	0.020671
0	2.5	0.017999
0	2.6	0.016404
0	2.7	0.012634
0	2.8	0.010535
0	2.9	0.010398
0	3	0.010955
0	3.1	0.011813
0	3.2	0.011508
0	3.3	0.010457
0	3.4	0.0089946
0	3.5	0.0082446
0	3.6	0.0088131
0	3.7	0.010545
0	3.8	0.011262
0	3.9	0.011752
0	4	0.011355
10	-4	0.010821
10	-3.9	0.0094912
10	-3.8	0.008769
10	-3.7	0.0078118
10	-3.6	0.0069141
10	-3.5	0.0070735
10	-3.4	0.0066811
10	-3.3	0.0065046
10	-3.2	0.0060033
10	-3.1	0.0068907
10	-3	0.010642
10	-2.9	0.013497
10	-2.8	0.017391
10	-2.7	0.019914
10	-2.6	0.021465
10	-2.5	0.022048
10	-2.4	0.023034
10	-2.3	0.02457
10	-2.2	0.026125
10	-2.1	0.027997
10	-2	0.02767
10	-1.9	0.026507
10	-1.8	0.02271
10	-1.7	0.017476
10	-1.6	0.013222
10	-1.5	0.015819
10	-1.4	0.025186
10	-1.3	0.036358
10	-1.2	0.043969
10	-1.1	0.048319
10	-1	0.049289
10	-0.9	0.048108
10	-0.8	0.044072
10	-0.7	0.039284
10	-0.6	0.031889
10	-0.5	0.0251
10	-0.4	0.01942
10	-0.3	0.015036
10	-0.2	0.012795
10	-0.1	0.012359
10	0	0.015202
10	0.1	0.022212
10	0.2	0.029369
10	0.3	0.037544
10	0.4	0.041839
10	0.5	0.045308
10	0.6	0.046431
10	0.7	0.045034
10	0.8	0.041872
10	0.9	0.039113
10	1	0.034805
10	1.1	0.031656
10	1.2	0.030491
10	1.3	0.030266
10	1.4	0.031313
10	1.5	0.032371
10	1.6	0.032945
10	1.7	0.033196
10	1.8	0.033001
10	1.9	0.03113
10	2	0.029142
10	2.1	0.02672
10	2.2	0.025646
10	2.3	0.022843
10	2.4	0.01976
10	2.5	0.01761
10	2.6	0.014916
10	2.7	0.012804
10	2.8	0.010664
10	2.9	0.0095962
10	3	0.0092794
10	3.1	0.0097962
10	3.2	0.0093124
10	3.3	0.0086521
10	3.4	0.0080201
10	3.5	0.0075723
10	3.6	0.0078819
10	3.7	0.0081182
10	3.8	0.0083961
10	3.9	0.0086109
10	4	0.0088552
20	-4	0.0132
20	-3.9	0.013178
20	-3.8	0.011654
20	-3.7	0.0085978
20	-3.6	0.0080523
20	-3.5	0.0081262
20	-3.4	0.0087339
20	-3.3	0.0084537
20	-3.2	0.0069537
20	-3.1	0.0059817
20	-3	0.0096583
20	-2.9	0.013968
20	-2.8	0.018148
20	-2.7	0.020327
20	-2.6	0.023118
20	-2.5	0.024233
20	-2.4	0.025339
20	-2.3	0.026637
20	-2.2	0.028712
20	-2.1	0.030475
20	-2	0.031162
20	-1.9	0.030691
20	-1.8	0.025952
20	-1.7	0.020815
20	-1.6	0.014712
20	-1.5	0.01543
20	-1.4	0.022522
20	-1.3	0.033519
20	-1.2	0.040976
20	-1.1	0.049205
20	-1	0.051612
20	-0.9	0.0505
20	-0.8	0.045163
20	-0.7	0.03872
20	-0.6	0.031776
20	-0.5	0.024772
20	-0.4	0.018383
20	-0.3	0.016732
20	-0.2	0.012991
20	-0.1	0.011557
20	0	0.014294
20	0.1	0.019537
20	0.2	0.026434
20	0.3	0.032556
20	0.4	0.039598
20	0.5	0.043459
20	0.6	0.04549
20	0.7	0.04467
20	0.8	0.042796
20	0.9	0.039586
20	1	0.035822
20	1.1	0.031874
20	1.2	0.029857
20	1.3	0.02853
20	1.4	0.028675
20	1.5	0.029826
20	1.6	0.03065
20	1.7	0.031018
20	1.8	0.030918
20	1.9	0.030295
20	2	0.028778
20	2.1	0.026626
20	2.2	0.024016
20	2.3	0.022094
20	2.4	0.018909
20	2.5	0.017683
20	2.6	0.015241
20	2.7	0.014156
20	2.8	0.012535
20	2.9	0.010883
20	3	0.0089134
20	3.1	0.008225
20	3.2	0.0079289
20	3.3	0.0081421
20	3.4	0.0097797
20	3.5	0.009675
20	3.6	0.0095709
20	3.7	0.00944
20	3.8	0.0083634
20	3.9	0.0084365
20	4	0.0082993
30	-4	0.012843
30	-3.9	0.011802
30	-3.8	0.0097466
30	-3.7	0.0075359
30	-3.6	0.0075787
30	-3.5	0.008423
30	-3.4	0.0083634
30	-3.3	0.0080603
30	-3.2	0.0065344
30	-3.1	0.0082876
30	-3	0.011626
30	-2.9	0.016564
30	-2.8	0.019984
30	-2.7	0.02361
30	-2.6	0.025895
30	-2.5	0.026426
30	-2.4	0.027586
30	-2.3	0.029332
30	-2.2	0.031853
30	-2.1	0.033076
30	-2	0.033387
30	-1.9	0.031733
30	-1.8	0.026249
30	-1.7	0.020867
30	-1.6	0.016474
30	-1.5	0.018719
30	-1.4	0.024987
30	-1.3	0.034729
30	-1.2	0.042246
30	-1.1	0.047853
30	-1	0.050335
30	-0.9	0.050046
30	-0.8	0.045468
30	-0.7	0.039602
30	-0.6	0.030908
30	-0.5	0.026576
30	-0.4	0.021278
30	-0.3	0.017468
30	-0.2	0.01324
30	-0.1	0.012056
30	0	0.011843
30	0.1	0.014405
30	0.2	0.019787
30	0.3	0.027917
30	0.4	0.029844
30	0.5	0.038038
30	0.6	0.04219
30	0.7	0.043753
30	0.8	0.044787
30	0.9	0.043594
30	1	0.040182
30	1.1	0.037207
30	1.2	0.030909
30	1.3	0.029606
30	1.4	0.0274
30	1.5	0.027648
30	1.6	0.030172
30	1.7	0.03221
30	1.8	0.033999
30	1.9	0.033654
30	2	0.032403
30	2.1	0.028901
30	2.2	0.025761
30	2.3	0.022835
30	2.4	0.020602
30	2.5	0.017736
30	2.6	0.0158
30	2.7	0.014577
30	2.8	0.012492
30	2.9	0.010786
30	3	0.0086071
30	3.1	0.0080019
30	3.2	0.0078695
30	3.3	0.0085032
30	3.4	0.0080221
30	3.5	0.0083324
30	3.6	0.0084441
30	3.7	0.0080603
30	3.8	0.0081599
30	3.9	0.0072962
30	4	0.0071959
40	-4	0.011375
40	-3.9	0.011168
40	-3.8	0.010237
40	-3.7	0.00815
40	-3.6	0.0075958
40	-3.5	0.0076699
40	-3.4	0.0082388
40	-3.3	0.0074453
40	-3.2	0.0067724
40	-3.1	0.0069769
40	-3	0.0088989
40	-2.9	0.012083
40	-2.8	0.0161
40	-2.7	0.020995
40	-2.6	0.025413
40	-2.5	0.027698
40	-2.4	0.030918
40	-2.3	0.032243
40	-2.2	0.033934
40	-2.1	0.035074
40	-2	0.034711
40	-1.9	0.03367
40	-1.8	0.028575
40	-1.7	0.023875
40	-1.6	0.019332
40	-1.5	0.019075
40	-1.4	0.025768
40	-1.3	0.035515
40	-1.2	0.041412
40	-1.1	0.047601
40	-1	0.05067
40	-0.9	0.049824
40	-0.8	0.044362
40	-0.7	0.041907
40	-0.6	0.034101
40	-0.5	0.025722
40	-0.4	0.019958
40	-0.3	0.016257
40	-0.2	0.014077
40	-0.1	0.011877
40	0	0.010691
40	0.1	0.012235
40	0.2	0.020222
40	0.3	0.023814
40	0.4	0.031439
40	0.5	0.037347
40	0.6	0.039781
40	0.7	0.042188
40	0.8	0.042836
40	0.9	0.041682
40	1	0.039511
40	1.1	0.037332
40	1.2	0.033816
40	1.3	0.031565
40	1.4	0.030908
40	1.5	0.030645
40	1.6	0.030818
40	1.7	0.030675
40	1.8	0.03063
40	1.9	0.030456
40	2	0.028941
40	2.1	0.026752
40	2.2	0.025412
40	2.3	0.023411
40	2.4	0.020996
40	2.5	0.018935
40	2.6	0.016025
40	2.7	0.01435
40	2.8	0.011911
40	2.9	0.0095082
40	3	0.0082427
40	3.1	0.0083576
40	3.2	0.0082876
40	3.3	0.007851
40	3.4	0.0080281
40	3.5	0.0078263
40	3.6	0.0081122
40	3.7	0.0081083
40	3.8	0.0084288
40	3.9	0.0086912
40	4	0.008446
50	-4	0.0098505
50	-3.9	0.0097217
50	-3.8	0.0092863
50	-3.7	0.0077391
50	-3.6	0.0070575
50	-3.5	0.0071846
50	-3.4	0.0079716
50	-3.3	0.0085431
50	-3.2	0.0078839
50	-3.1	0.0070438
50	-3	0.0085752
50	-2.9	0.012682
50	-2.8	0.021069
50	-2.7	0.024394
50	-2.6	0.028883
50	-2.5	0.03093
50	-2.4	0.031982
50	-2.3	0.032753
50	-2.2	0.033568
50	-2.1	0.034853
50	-2	0.034926
50	-1.9	0.035014
50	-1.8	0.033125
50	-1.7	0.027679
50	-1.6	0.023272
50	-1.5	0.019726
50	-1.4	0.02065
50	-1.3	0.029006
50	-1.2	0.040379
50	-1.1	0.047671
50	-1	0.053526
50	-0.9	0.055237
50	-0.8	0.052464
50	-0.7	0.046891
50	-0.6	0.040826
50	-0.5	0.028634
50	-0.4	0.021611
50	-0.3	0.018084
50	-0.2	0.013833
50	-0.1	0.012297
50	0	0.0097582
50	0.1	0.010989
50	0.2	0.015312
50	0.3	0.021309
50	0.4	0.031117
50	0.5	0.035852
50	0.6	0.04031
50	0.7	0.042959
50	0.8	0.043323
50	0.9	0.042151
50	1	0.040936
50	1.1	0.03945
50	1.2	0.036428
50	1.3	0.035412
50	1.4	0.033523
50	1.5	0.032322
50	1.6	0.031232
50	1.7	0.030085
50	1.8	0.029433
50	1.9	0.02878
50	2	0.027778
50	2.1	0.026079
50	2.2	0.023866
50	2.3	0.022609
50	2.4	0.020339
50	2.5	0.017869
50	2.6	0.016532
50	2.7	0.014647
50	2.8	0.013277
50	2.9	0.010691
50	3	0.0090787
50	3.1	0.008227
50	3.2	0.0073338
50	3.3	0.0070918
50	3.4	0.0077662
50	3.5	0.0084077
50	3.6	0.007714
50	3.7	0.0078325
50	3.8	0.0077953
50	3.9	0.0072563
50	4	0.0073206
60	-4	0.011965
60	-3.9	0.011541
60	-3.8	0.010251
60	-3.7	0.0088387
60	-3.6	0.0080563
60	-3.5	0.008274
60	-3.4	0.009328
60	-3.3	0.010172
60	-3.2	0.0098701
60	-3.1	0.0093453
60	-3	0.0099873
60	-2.9	0.013207
60	-2.8	0.021038
60	-2.7	0.024033
60	-2.6	0.029759
60	-2.5	0.032229
60	-2.4	0.033338
60	-2.3	0.034181
60	-2.2	0.035211
60	-2.1	0.036387
60	-2	0.036731
60	-1.9	0.036511
60	-1.8	0.033744
60	-1.7	0.030658
60	-1.6	0.023808
60	-1.5	0.018751
60	-1.4	0.020238
60	-1.3	0.025117
60	-1.2	0.033893
60	-1.1	0.044585
60	-1	0.051342
60	-0.9	0.054596
60	-0.8	0.053863
60	-0.7	0.050296
60	-0.6	0.045109
60	-0.5	0.038407
60	-0.4	0.02666
60	-0.3	0.020929
60	-0.2	0.016464
60	-0.1	0.011495
60	0	0.010479
60	0.1	0.010931
60	0.2	0.013323
60	0.3	0.017125
60	0.4	0.024048
60	0.5	0.028104
60	0.6	0.0358
60	0.7	0.039974
60	0.8	0.042877
60	0.9	0.044095
60	1	0.044455
60	1.1	0.043191
60	1.2	0.039915
60	1.3	0.036095
60	1.4	0.031986
60	1.5	0.030334
60	1.6	0.029133
60	1.7	0.029145
60	1.8	0.029937
60	1.9	0.030677
60	2	0.029716
60	2.1	0.027336
60	2.2	0.024304
60	2.3	0.022713
60	2.4	0.019318
60	2.5	0.016655
60	2.6	0.014978
60	2.7	0.013443
60	2.8	0.012927
60	2.9	0.010783
60	3	0.010066
60	3.1	0.0087984
60	3.2	0.0076593
60	3.3	0.0075274
60	3.4	0.0076993
60	3.5	0.0080783
60	3.6	0.0078778
60	3.7	0.0074648
60	3.8	0.007467
60	3.9	0.0081321
60	4	0.007454
70	-4	0.011316
70	-3.9	0.011259
70	-3.8	0.0095455
70	-3.7	0.0089116
70	-3.6	0.0082388
70	-3.5	0.0089025
70	-3.4	0.0091514
70	-3.3	0.0095387
70	-3.2	0.0096046
70	-3.1	0.0089676
70	-3	0.00966
70	-2.9	0.013288
70	-2.8	0.019625
70	-2.7	0.024846
70	-2.6	0.029724
70	-2.5	0.033071
70	-2.4	0.033536
70	-2.3	0.034834
70	-2.2	0.035691
70	-2.1	0.037397
70	-2	0.038978
70	-1.9	0.03951
70	-1.8	0.038554
70	-1.7	0.034177
70	-1.6	0.029325
70	-1.5	0.022162
70	-1.4	0.019481
70	-1.3	0.025308
70	-1.2	0.035913
70	-1.1	0.041736
70	-1	0.052655
70	-0.9	0.057039
70	-0.8	0.057482
70	-0.7	0.053771
70	-0.6	0.045651
70	-0.5	0.040455
70	-0.4	0.030987
70	-0.3	0.022395
70	-0.2	0.018558
70	-0.1	0.014465
70	0	0.01139
70	0.1	0.011288
70	0.2	0.012563
70	0.3	0.015401
70	0.4	0.022226
70	0.5	0.027629
70	0.6	0.033145
70	0.7	0.036359
70	0.8	0.041262
70	0.9	0.04249
70	1	0.043532
70	1.1	0.043233
70	1.2	0.040736
70	1.3	0.038309
70	1.4	0.034586
70	1.5	0.032906
70	1.6	0.029701
70	1.7	0.028122
70	1.8	0.027879
70	1.9	0.028339
70	2	0.028439
70	2.1	0.02733
70	2.2	0.02535
70	2.3	0.023934
70	2.4	0.020778
70	2.5	0.018548
70	2.6	0.016121
70	2.7	0.015785
70	2.8	0.014943
70	2.9	0.013535
70	3	0.012528
70	3.1	0.010387
70	3.2	0.0097797
70	3.3	0.0087265
70	3.4	0.0091901
70	3.5	0.0086165
70	3.6	0.0083749
70	3.7	0.0087505
70	3.8	0.0078366
70	3.9	0.0079411
70	4	0.0082818
80	-4	0.012742
80	-3.9	0.012774
80	-3.8	0.011698
80	-3.7	0.010218
80	-3.6	0.0095793
80	-3.5	0.0094125
80	-3.4	0.009783
80	-3.3	0.011064
80	-3.2	0.011582
80	-3.1	0.011334
80	-3	0.011654
80	-2.9	0.013839
80	-2.8	0.018011
80	-2.7	0.022716
80	-2.6	0.028721
80	-2.5	0.032618
80	-2.4	0.035556
80	-2.3	0.036531
80	-2.2	0.037072
80	-2.1	0.037799
80	-2	0.038753
80	-1.9	0.039772
80	-1.8	0.039633
80	-1.7	0.037114
80	-1.6	0.03334
80	-1.5	0.02527
80	-1.4	0.020014
80	-1.3	0.02295
80	-1.2	0.033485
80	-1.1	0.041202
80	-1	0.050896
80	-0.9	0.057904
80	-0.8	0.059624
80	-0.7	0.059157
80	-0.6	0.054509
80	-0.5	0.045512
80	-0.4	0.038536
80	-0.3	0.028625
80	-0.2	0.019698
80	-0.1	0.013619
80	0	0.011288
80	0.1	0.010748
80	0.2	0.012799
80	0.3	0.015086
80	0.4	0.022776
80	0.5	0.028706
80	0.6	0.036308
80	0.7	0.040198
80	0.8	0.043791
80	0.9	0.045501
80	1	0.044934
80	1.1	0.042831
80	1.2	0.041061
80	1.3	0.038943
80	1.4	0.037154
80	1.5	0.035676
80	1.6	0.034549
80	1.7	0.032847
80	1.8	0.030951
80	1.9	0.027641
80	2	0.025996
80	2.1	0.023508
80	2.2	0.022206
80	2.3	0.02185
80	2.4	0.021608
80	2.5	0.020687
80	2.6	0.018059
80	2.7	0.016766
80	2.8	0.014043
80	2.9	0.011905
80	3	0.010939
80	3.1	0.010799
80	3.2	0.011947
80	3.3	0.011578
80	3.4	0.011557
80	3.5	0.010245
80	3.6	0.0084785
80	3.7	0.0083711
80	3.8	0.0092375
80	3.9	0.0092846
80	4	0.0091778
90	-4	0.012306
90	-3.9	0.012722
90	-3.8	0.012338
90	-3.7	0.010418
90	-3.6	0.010098
90	-3.5	0.0099143
90	-3.4	0.011135
90	-3.3	0.011582
90	-3.2	0.011481
90	-3.1	0.010429
90	-3	0.010304
90	-2.9	0.012671
90	-2.8	0.018103
90	-2.7	0.024088
90	-2.6	0.027909
90	-2.5	0.030597
90	-2.4	0.03308
90	-2.3	0.034226
90	-2.2	0.035546
90	-2.1	0.037761
90	-2	0.041642
90	-1.9	0.043894
90	-1.8	0.043837
90	-1.7	0.041585
90	-1.6	0.037218
90	-1.5	0.029224
90	-1.4	0.02597
90	-1.3	0.025786
90	-1.2	0.033049
90	-1.1	0.042937
90	-1	0.049021
90	-0.9	0.056443
90	-0.8	0.059093
90	-0.7	0.057705
90	-0.6	0.053044
90	-0.5	0.045883
90	-0.4	0.03719
90	-0.3	0.02647
90	-0.2	0.021683
90	-0.1	0.01545
90	0	0.013602
90	0.1	0.012785
90	0.2	0.014346
90	0.3	0.016563
90	0.4	0.020784
90	0.5	0.02647
90	0.6	0.0334
90	0.7	0.036295
90	0.8	0.041819
90	0.9	0.044858
90	1	0.046228
90	1.1	0.046099
90	1.2	0.04484
90	1.3	0.041869
90	1.4	0.039166
90	1.5	0.03563
90	1.6	0.032825
90	1.7	0.030569
90	1.8	0.030401
90	1.9	0.030378
90	2	0.03042
90	2.1	0.029129
90	2.2	0.026528
90	2.3	0.023251
90	2.4	0.021477
90	2.5	0.019111
90	2.6	0.01876
90	2.7	0.018254
90	2.8	0.017732
90	2.9	0.016458
90	3	0.013264
90	3.1	0.01108
90	3.2	0.0092322
90	3.3	0.0096817
90	3.4	0.010909
90	3.5	0.011924
90	3.6	0.011924
90	3.7	0.010689
90	3.8	0.0096583
90	3.9	0.0079979
90	4	0.007653
100	-4	0.010633
100	-3.9	0.010769
100	-3.8	0.010472
100	-3.7	0.0096298
100	-3.6	0.0091425
100	-3.5	0.0086931
100	-3.4	0.0093401
100	-3.3	0.010549
100	-3.2	0.011164
100	-3.1	0.011036
100	-3	0.01192
100	-2.9	0.01265
100	-2.8	0.0151
100	-2.7	0.01838
100	-2.6	0.023844
100	-2.5	0.02888
100	-2.4	0.03208
100	-2.3	0.034703
100	-2.2	0.036466
100	-2.1	0.039093
100	-2	0.040643
100	-1.9	0.042081
100	-1.8	0.042769
100	-1.7	0.041412
100	-1.6	0.038062
100	-1.5	0.033408
100	-1.4	0.028345
100	-1.3	0.027093
100	-1.2	0.032045
100	-1.1	0.037828
100	-1	0.048029
100	-0.9	0.054193
100	-0.8	0.059957
100	-0.7	0.061217
100	-0.6	0.060044
100	-0.5	0.053622
100	-0.4	0.044816
100	-0.3	0.037732
100	-0.2	0.0292
100	-0.1	0.019533
100	0	0.014806
100	0.1	0.013252
100	0.2	0.013433
100	0.3	0.016385
100	0.4	0.021557
100	0.5	0.026758
100	0.6	0.035103
100	0.7	0.040305
100	0.8	0.043645
100	0.9	0.046956
100	1	0.048814
100	1.1	0.049088
100	1.2	0.047355
100	1.3	0.044491
100	1.4	0.042425
100	1.5	0.039494
100	1.6	0.036695
100	1.7	0.034945
100	1.8	0.032036
100	1.9	0.030747
100	2	0.029968
100	2.1	0.028552
100	2.2	0.026004
100	2.3	0.02438
100	2.4	0.021929
100	2.5	0.01995
100	2.6	0.018895
100	2.7	0.017558
100	2.8	0.01698
100	2.9	0.01633
100	3	0.014299
100	3.1	0.01276
100	3.2	0.010071
100	3.3	0.009248
100	3.4	0.0088369
100	3.5	0.009068
100	3.6	0.0088149
100	3.7	0.0089134
100	3.8	0.0089748
100	3.9	0.0080963
100	4	0.0073624
110	-4	0.010334
110	-3.9	0.010615
110	-3.8	0.010188
110	-3.7	0.0092007
110	-3.6	0.0086894
110	-3.5	0.0084288
110	-3.4	0.009373
110	-3.3	0.010745
110	-3.2	0.011726
110	-3.1	0.011972
110	-3	0.010909
110	-2.9	0.011206
110	-2.8	0.01241
110	-2.7	0.017187
110	-2.6	0.021573
110	-2.5	0.027528
110	-2.4	0.031585
110	-2.3	0.034824
110	-2.2	0.037286
110	-2.1	0.039145
110	-2	0.041336
110	-1.9	0.041896
110	-1.8	0.043243
110	-1.7	0.042259
110	-1.6	0.04113
110	-1.5	0.036345
110	-1.4	0.03229
110	-1.3	0.02962
110	-1.2	0.031891
110	-1.1	0.037661
110	-1	0.047293
110	-0.9	0.054354
110	-0.8	0.062363
110	-0.7	0.065172
110	-0.6	0.064812
110	-0.5	0.056204
110	-0.4	0.050364
110	-0.3	0.042415
110	-0.2	0.032336
110	-0.1	0.023175
110	0	0.016826
110	0.1	0.014718
110	0.2	0.015087
110	0.3	0.017088
110	0.4	0.019958
110	0.5	0.024719
110	0.6	0.032785
110	0.7	0.03763
110	0.8	0.042809
110	0.9	0.046472
110	1	0.048767
110	1.1	0.049427
110	1.2	0.048881
110	1.3	0.04721
110	1.4	0.045651
110	1.5	0.04222
110	1.6	0.04028
110	1.7	0.038319
110	1.8	0.034706
110	1.9	0.031599
110	2	0.029763
110	2.1	0.02799
110	2.2	0.026073
110	2.3	0.024762
110	2.4	0.023552
110	2.5	0.021754
110	2.6	0.019487
110	2.7	0.018844
110	2.8	0.017107
110	2.9	0.01584
110	3	0.014182
110	3.1	0.013294
110	3.2	0.011843
110	3.3	0.011526
110	3.4	0.011629
110	3.5	0.010641
110	3.6	0.0097183
110	3.7	0.0088424
110	3.8	0.0082368
110	3.9	0.0080482
110	4	0.0074345
120	-4	0.010098
120	-3.9	0.011506
120	-3.8	0.011945
120	-3.7	0.011396
120	-3.6	0.010333
120	-3.5	0.0089964
120	-3.4	0.0091124
120	-3.3	0.010432
120	-3.2	0.012337
120	-3.1	0.013478
120	-3	0.012696
120	-2.9	0.012196
120	-2.8	0.013737
120	-2.7	0.017425
120	-2.6	0.022622
120	-2.5	0.026604
120	-2.4	0.03245
120	-2.3	0.035992
120	-2.2	0.03906
120	-2.1	0.040377
120	-2	0.042262
120	-1.9	0.043462
120	-1.8	0.04458
120	-1.7	0.045061
120	-1.6	0.04411
120	-1.5	0.041608
120	-1.4	0.035568
120	-1.3	0.03092
120	-1.2	0.031167
120	-1.1	0.037729
120	-1	0.044809
120	-0.9	0.058143
120	-0.8	0.063741
120	-0.7	0.066951
120	-0.6	0.066748
120	-0.5	0.058697
120	-0.4	0.055359
120	-0.3	0.042576
120	-0.2	0.033238
120	-0.1	0.027631
120	0	0.019239
120	0.1	0.016736
120	0.2	0.016607
120	0.3	0.019381
120	0.4	0.022876
120	0.5	0.027162
120	0.6	0.032284
120	0.7	0.038539
120	0.8	0.04231
120	0.9	0.046832
120	1	0.048031
120	1.1	0.05005
120	1.2	0.049885
120	1.3	0.049333
120	1.4	0.046403
120	1.5	0.043951
120	1.6	0.040039
120	1.7	0.035217
120	1.8	0.031586
120	1.9	0.030461
120	2	0.029503
120	2.1	0.028961
120	2.2	0.027997
120	2.3	0.02686
120	2.4	0.025035
120	2.5	0.021804
120	2.6	0.019262
120	2.7	0.018
120	2.8	0.017696
120	2.9	0.017089
120	3	0.015915
120	3.1	0.014917
120	3.2	0.013863
120	3.3	0.012112
120	3.4	0.011002
120	3.5	0.0099126
120	3.6	0.0093037
120	3.7	0.0093141
120	3.8	0.0090018
120	3.9	0.0087653
120	4	0.0083556
130	-4	0.010525
130	-3.9	0.011732
130	-3.8	0.012004
130	-3.7	0.010954
130	-3.6	0.010653
130	-3.5	0.0097167
130	-3.4	0.010686
130	-3.3	0.012568
130	-3.2	0.013103
130	-3.1	0.012899
130	-3	0.012208
130	-2.9	0.011932
130	-2.8	0.01333
130	-2.7	0.020323
130	-2.6	0.025384
130	-2.5	0.031494
130	-2.4	0.032406
130	-2.3	0.035499
130	-2.2	0.037512
130	-2.1	0.038708
130	-2	0.042138
130	-1.9	0.045096
130	-1.8	0.047957
130	-1.7	0.049674
130	-1.6	0.048285
130	-1.5	0.044993
130	-1.4	0.035235
130	-1.3	0.032843
130	-1.2	0.033125
130	-1.1	0.037272
130	-1	0.050189
130	-0.9	0.060166
130	-0.8	0.067953
130	-0.7	0.070993
130	-0.6	0.069033
130	-0.5	0.062292
130	-0.4	0.053883
130	-0.3	0.043624
130	-0.2	0.037276
130	-0.1	0.024823
130	0	0.021705
130	0.1	0.020262
130	0.2	0.020258
130	0.3	0.022221
130	0.4	0.024954
130	0.5	0.028346
130	0.6	0.034389
130	0.7	0.039439
130	0.8	0.044208
130	0.9	0.046405
130	1	0.049083
130	1.1	0.049568
130	1.2	0.04866
130	1.3	0.046373
130	1.4	0.045312
130	1.5	0.041999
130	1.6	0.038647
130	1.7	0.035306
130	1.8	0.033677
130	1.9	0.032401
130	2	0.030195
130	2.1	0.028977
130	2.2	0.027856
130	2.3	0.026488
130	2.4	0.024471
130	2.5	0.023409
130	2.6	0.022205
130	2.7	0.021455
130	2.8	0.020898
130	2.9	0.019458
130	3	0.0184
130	3.1	0.017163
130	3.2	0.015625
130	3.3	0.01492
130	3.4	0.01384
130	3.5	0.013182
130	3.6	0.012728
130	3.7	0.011877
130	3.8	0.011067
130	3.9	0.010317
130	4	0.0099387
140	-4	0.010222
140	-3.9	0.011167
140	-3.8	0.011075
140	-3.7	0.010479
140	-3.6	0.0088149
140	-3.5	0.0087598
140	-3.4	0.009554
140	-3.3	0.012456
140	-3.2	0.013134
140	-3.1	0.012585
140	-3	0.011419
140	-2.9	0.012281
140	-2.8	0.014127
140	-2.7	0.020969
140	-2.6	0.02576
140	-2.5	0.030144
140	-2.4	0.033746
140	-2.3	0.034515
140	-2.2	0.035379
140	-2.1	0.036554
140	-2	0.041948
140	-1.9	0.043262
140	-1.8	0.04873
140	-1.7	0.049382
140	-1.6	0.045972
140	-1.5	0.041036
140	-1.4	0.03549
140	-1.3	0.032514
140	-1.2	0.033901
140	-1.1	0.045197
140	-1	0.052984
140	-0.9	0.061955
140	-0.8	0.067641
140	-0.7	0.072522
140	-0.6	0.070868
140	-0.5	0.064641
140	-0.4	0.054766
140	-0.3	0.040966
140	-0.2	0.03242
140	-0.1	0.027858
140	0	0.02225
140	0.1	0.020261
140	0.2	0.020529
140	0.3	0.022271
140	0.4	0.025443
140	0.5	0.030568
140	0.6	0.036544
140	0.7	0.041757
140	0.8	0.045651
140	0.9	0.048874
140	1	0.049306
140	1.1	0.0488
140	1.2	0.046676
140	1.3	0.044479
140	1.4	0.042249
140	1.5	0.040249
140	1.6	0.037006
140	1.7	0.033888
140	1.8	0.032145
140	1.9	0.029848
140	2	0.028675
140	2.1	0.02666
140	2.2	0.025816
140	2.3	0.025673
140	2.4	0.024877
140	2.5	0.02305
140	2.6	0.021679
140	2.7	0.021069
140	2.8	0.019648
140	2.9	0.018617
140	3	0.017777
140	3.1	0.015716
140	3.2	0.014973
140	3.3	0.01387
140	3.4	0.013041
140	3.5	0.012261
140	3.6	0.012497
140	3.7	0.012275
140	3.8	0.012127
140	3.9	0.01117
140	4	0.010523
150	-4	0.010686
150	-3.9	0.011436
150	-3.8	0.011859
150	-3.7	0.011151
150	-3.6	0.0099387
150	-3.5	0.010151
150	-3.4	0.01032
150	-3.3	0.011992
150	-3.2	0.013229
150	-3.1	0.013926
150	-3	0.013961
150	-2.9	0.013993
150	-2.8	0.015959
150	-2.7	0.019036
150	-2.6	0.024971
150	-2.5	0.03008
150	-2.4	0.033946
150	-2.3	0.035754
150	-2.2	0.037397
150	-2.1	0.038318
150	-2	0.041496
150	-1.9	0.044437
150	-1.8	0.046915
150	-1.7	0.047817
150	-1.6	0.046328
150	-1.5	0.042776
150	-1.4	0.036708
150	-1.3	0.034664
150	-1.2	0.037073
150	-1.1	0.044552
150	-1	0.054956
150	-0.9	0.064396
150	-0.8	0.070464
150	-0.7	0.072841
150	-0.6	0.070719
150	-0.5	0.064186
150	-0.4	0.056079
150	-0.3	0.045223
150	-0.2	0.036275
150	-0.1	0.0279
150	0	0.021782
150	0.1	0.020604
150	0.2	0.020481
150	0.3	0.021593
150	0.4	0.024582
150	0.5	0.029705
150	0.6	0.035339
150	0.7	0.040992
150	0.8	0.044997
150	0.9	0.047056
150	1	0.050406
150	1.1	0.050408
150	1.2	0.049612
150	1.3	0.047746
150	1.4	0.045621
150	1.5	0.041337
150	1.6	0.037485
150	1.7	0.033655
150	1.8	0.031818
150	1.9	0.029694
150	2	0.02724
150	2.1	0.026593
150	2.2	0.025605
150	2.3	0.024298
150	2.4	0.021995
150	2.5	0.020686
150	2.6	0.019869
150	2.7	0.019564
150	2.8	0.019823
150	2.9	0.019095
150	3	0.018055
150	3.1	0.016787
150	3.2	0.014986
150	3.3	0.013394
150	3.4	0.011959
150	3.5	0.010792
150	3.6	0.01108
150	3.7	0.011223
150	3.8	0.010657
150	3.9	0.0097167
150	4	0.0088679
160	-4	0.011284
160	-3.9	0.012245
160	-3.8	0.011557
160	-3.7	0.0097283
160	-3.6	0.0070598
160	-3.5	0.0075659
160	-3.4	0.008991
160	-3.3	0.012168
160	-3.2	0.013984
160	-3.1	0.013862
160	-3	0.012572
160	-2.9	0.012369
160	-2.8	0.015416
160	-2.7	0.021368
160	-2.6	0.025703
160	-2.5	0.030149
160	-2.4	0.032805
160	-2.3	0.035459
160	-2.2	0.037074
160	-2.1	0.03862
160	-2	0.041689
160	-1.9	0.043857
160	-1.8	0.045902
160	-1.7	0.045953
160	-1.6	0.044036
160	-1.5	0.040293
160	-1.4	0.034744
160	-1.3	0.032355
160	-1.2	0.034503
160	-1.1	0.040764
160	-1	0.056051
160	-0.9	0.063119
160	-0.8	0.070229
160	-0.7	0.073638
160	-0.6	0.072225
160	-0.5	0.06571
160	-0.4	0.057591
160	-0.3	0.046689
160	-0.2	0.037111
160	-0.1	0.028019
160	0	0.022538
160	0.1	0.019815
160	0.2	0.020164
160	0.3	0.021656
160	0.4	0.025332
160	0.5	0.030969
160	0.6	0.034816
160	0.7	0.038344
160	0.8	0.044068
160	0.9	0.046151
160	1	0.048392
160	1.1	0.048268
160	1.2	0.046089
160	1.3	0.044346
160	1.4	0.04272
160	1.5	0.039536
160	1.6	0.037336
160	1.7	0.034539
160	1.8	0.031267
160	1.9	0.028896
160	2	0.025709
160	2.1	0.023603
160	2.2	0.022559
160	2.3	0.022255
160	2.4	0.021393
160	2.5	0.020613
160	2.6	0.02017
160	2.7	0.0193
160	2.8	0.017336
160	2.9	0.014783
160	3	0.013377
160	3.1	0.012243
160	3.2	0.012223
160	3.3	0.012558
160	3.4	0.012453
160	3.5	0.011366
160	3.6	0.011105
160	3.7	0.0094502
160	3.8	0.007888
160	3.9	0.0070139
160	4	0.0076635
170	-4	0.010268
170	-3.9	0.010329
170	-3.8	0.0094895
170	-3.7	0.0088223
170	-3.6	0.0082034
170	-3.5	0.0093678
170	-3.4	0.011023
170	-3.3	0.013595
170	-3.2	0.014267
170	-3.1	0.013575
170	-3	0.012794
170	-2.9	0.013127
170	-2.8	0.017326
170	-2.7	0.023185
170	-2.6	0.027074
170	-2.5	0.031276
170	-2.4	0.035136
170	-2.3	0.035795
170	-2.2	0.037322
170	-2.1	0.039074
170	-2	0.039989
170	-1.9	0.041359
170	-1.8	0.04275
170	-1.7	0.042797
170	-1.6	0.041226
170	-1.5	0.036393
170	-1.4	0.032931
170	-1.3	0.031656
170	-1.2	0.03824
170	-1.1	0.041411
170	-1	0.053829
170	-0.9	0.065588
170	-0.8	0.070738
170	-0.7	0.073922
170	-0.6	0.071765
170	-0.5	0.063398
170	-0.4	0.058106
170	-0.3	0.047564
170	-0.2	0.036665
170	-0.1	0.027422
170	0	0.020956
170	0.1	0.01878
170	0.2	0.018888
170	0.3	0.020109
170	0.4	0.023098
170	0.5	0.026972
170	0.6	0.031529
170	0.7	0.036735
170	0.8	0.041154
170	0.9	0.045942
170	1	0.048069
170	1.1	0.049679
170	1.2	0.04922
170	1.3	0.048146
170	1.4	0.044733
170	1.5	0.04124
170	1.6	0.037115
170	1.7	0.033898
170	1.8	0.031382
170	1.9	0.029183
170	2	0.026913
170	2.1	0.026367
170	2.2	0.025066
170	2.3	0.023836
170	2.4	0.021185
170	2.5	0.019734
170	2.6	0.019197
170	2.7	0.019023
170	2.8	0.018482
170	2.9	0.016947
170	3	0.015476
170	3.1	0.014602
170	3.2	0.012345
170	3.3	0.01198
170	3.4	0.011235
170	3.5	0.010727
170	3.6	0.011031
170	3.7	0.0098357
170	3.8	0.0090573
170	3.9	0.0081441
170	4	0.0078346
180	-4	0.012456
180	-3.9	0.012208
180	-3.8	0.011001
180	-3.7	0.010135
180	-3.6	0.0096281
180	-3.5	0.011534
180	-3.4	0.013023
180	-3.3	0.014383
180	-3.2	0.015382
180	-3.1	0.015401
180	-3	0.014988
180	-2.9	0.015899
180	-2.8	0.019639
180	-2.7	0.02409
180	-2.6	0.03059
180	-2.5	0.033708
180	-2.4	0.036476
180	-2.3	0.0371
180	-2.2	0.037008
180	-2.1	0.037656
180	-2	0.039445
180	-1.9	0.040788
180	-1.8	0.04144
180	-1.7	0.04042
180	-1.6	0.038034
180	-1.5	0.032524
180	-1.4	0.029136
180	-1.3	0.029849
180	-1.2	0.035473
180	-1.1	0.042761
180	-1	0.056633
180	-0.9	0.066
180	-0.8	0.068286
180	-0.7	0.071004
180	-0.6	0.067905
180	-0.5	0.059202
180	-0.4	0.051477
180	-0.3	0.041463
180	-0.2	0.031184
180	-0.1	0.022794
180	0	0.018944
180	0.1	0.018869
180	0.2	0.019626
180	0.3	0.023047
180	0.4	0.023804
180	0.5	0.026592
180	0.6	0.031109
180	0.7	0.036393
180	0.8	0.043884
180	0.9	0.046895
180	1	0.050228
180	1.1	0.050945
180	1.2	0.050254
180	1.3	0.047712
180	1.4	0.043482
180	1.5	0.035955
180	1.6	0.030764
180	1.7	0.028087
180	1.8	0.026662
180	1.9	0.025846
180	2	0.025747
180	2.1	0.025067
180	2.2	0.023557
180	2.3	0.01952
180	2.4	0.017958
180	2.5	0.016884
180	2.6	0.017319
180	2.7	0.017396
180	2.8	0.017024
180	2.9	0.015468
180	3	0.013684
180	3.1	0.012384
180	3.2	0.010354
180	3.3	0.0092497
180	3.4	0.0092933
180	3.5	0.0098209
180	3.6	0.010202
180	3.7	0.0093522
180	3.8	0.0078675
180	3.9	0.0068129
180	4	0.0064045
 
Uniformity Ratio =0.58091
