04-Jan-2018
13:22
TXR  007994 RM428 R24
33511B Function Generator
SN =Agilent Technologies,33511B,MY52301476,3.05-1.19-2.00-52-00
freq =+9.280000000000000E+06
burstmode =TRIG
burstN =+6.000000000000000E+01
voltage =+1.5000000000000E-01
 
DSO-X 2022A Oscilloscope
SN =AGILENT TECHNOLOGIES,DSO-X 2022A,MY54310921,02.41.2015102200
probe =+1.0000000E+00
scale =+500.0E-09
position =+19.900000E-06
range =+1.60E+00
units =VOLT
points =+2000
pointmode =NORM
format =BYTE
acqtype =NORM
trigsource =EXT
coupling =AC
 
-180	-4	0.0074692
-180	-3.9	0.0081441
-180	-3.8	0.0089802
-180	-3.7	0.0097449
-180	-3.6	0.0092742
-180	-3.5	0.0082701
-180	-3.4	0.0070735
-180	-3.3	0.0072026
-180	-3.2	0.0085108
-180	-3.1	0.0094314
-180	-3	0.011416
-180	-2.9	0.012653
-180	-2.8	0.016373
-180	-2.7	0.018228
-180	-2.6	0.022767
-180	-2.5	0.025341
-180	-2.4	0.027764
-180	-2.3	0.031023
-180	-2.2	0.032086
-180	-2.1	0.034112
-180	-2	0.035485
-180	-1.9	0.036483
-180	-1.8	0.036403
-180	-1.7	0.034058
-180	-1.6	0.030506
-180	-1.5	0.027305
-180	-1.4	0.023854
-180	-1.3	0.024757
-180	-1.2	0.028615
-180	-1.1	0.03599
-180	-1	0.045301
-180	-0.9	0.050531
-180	-0.8	0.053457
-180	-0.7	0.052578
-180	-0.6	0.049161
-180	-0.5	0.041694
-180	-0.4	0.033605
-180	-0.3	0.025086
-180	-0.2	0.019853
-180	-0.1	0.015217
-180	0	0.012892
-180	0.1	0.012048
-180	0.2	0.012676
-180	0.3	0.014208
-180	0.4	0.01959
-180	0.5	0.026613
-180	0.6	0.032034
-180	0.7	0.037438
-180	0.8	0.040992
-180	0.9	0.042973
-180	1	0.043578
-180	1.1	0.041658
-180	1.2	0.039073
-180	1.3	0.035736
-180	1.4	0.034161
-180	1.5	0.031165
-180	1.6	0.027556
-180	1.7	0.02666
-180	1.8	0.026391
-180	1.9	0.026611
-180	2	0.026545
-180	2.1	0.026389
-180	2.2	0.026747
-180	2.3	0.026247
-180	2.4	0.024957
-180	2.5	0.021778
-180	2.6	0.020674
-180	2.7	0.018508
-180	2.8	0.017015
-180	2.9	0.014835
-180	3	0.01361
-180	3.1	0.01225
-180	3.2	0.0098011
-180	3.3	0.0086128
-180	3.4	0.0074018
-180	3.5	0.0067461
-180	3.6	0.0067772
-180	3.7	0.0074475
-180	3.8	0.0081975
-180	3.9	0.0071327
-180	4	0.0071711
-170	-4	0.011171
-170	-3.9	0.012593
-170	-3.8	0.01184
-170	-3.7	0.010254
-170	-3.6	0.0085108
-170	-3.5	0.0071801
-170	-3.4	0.0073734
-170	-3.3	0.009139
-170	-3.2	0.010528
-170	-3.1	0.011021
-170	-3	0.01178
-170	-2.9	0.013805
-170	-2.8	0.016957
-170	-2.7	0.02118
-170	-2.6	0.026471
-170	-2.5	0.030072
-170	-2.4	0.031781
-170	-2.3	0.032749
-170	-2.2	0.033002
-170	-2.1	0.033337
-170	-2	0.034918
-170	-1.9	0.036495
-170	-1.8	0.037827
-170	-1.7	0.036852
-170	-1.6	0.033705
-170	-1.5	0.02818
-170	-1.4	0.024117
-170	-1.3	0.025148
-170	-1.2	0.028454
-170	-1.1	0.039735
-170	-1	0.047929
-170	-0.9	0.051945
-170	-0.8	0.055804
-170	-0.7	0.054599
-170	-0.6	0.04889
-170	-0.5	0.042391
-170	-0.4	0.035201
-170	-0.3	0.026258
-170	-0.2	0.017847
-170	-0.1	0.014143
-170	0	0.012315
-170	0.1	0.012186
-170	0.2	0.013435
-170	0.3	0.016322
-170	0.4	0.024054
-170	0.5	0.029046
-170	0.6	0.033827
-170	0.7	0.038803
-170	0.8	0.043603
-170	0.9	0.045385
-170	1	0.04512
-170	1.1	0.042673
-170	1.2	0.040294
-170	1.3	0.037476
-170	1.4	0.034065
-170	1.5	0.030825
-170	1.6	0.027723
-170	1.7	0.026641
-170	1.8	0.026007
-170	1.9	0.025765
-170	2	0.025951
-170	2.1	0.026077
-170	2.2	0.026406
-170	2.3	0.02527
-170	2.4	0.02303
-170	2.5	0.020661
-170	2.6	0.018735
-170	2.7	0.017214
-170	2.8	0.015533
-170	2.9	0.01398
-170	3	0.012824
-170	3.1	0.011554
-170	3.2	0.010417
-170	3.3	0.0083091
-170	3.4	0.0069816
-170	3.5	0.0063436
-170	3.6	0.0065393
-170	3.7	0.0075016
-170	3.8	0.0072896
-170	3.9	0.0069351
-170	4	0.0073777
-160	-4	0.010301
-160	-3.9	0.011461
-160	-3.8	0.011481
-160	-3.7	0.0086857
-160	-3.6	0.0069164
-160	-3.5	0.0055472
-160	-3.4	0.007818
-160	-3.3	0.0098521
-160	-3.2	0.011679
-160	-3.1	0.011879
-160	-3	0.01202
-160	-2.9	0.012816
-160	-2.8	0.015133
-160	-2.7	0.020954
-160	-2.6	0.025319
-160	-2.5	0.031095
-160	-2.4	0.033009
-160	-2.3	0.03374
-160	-2.2	0.033927
-160	-2.1	0.034374
-160	-2	0.035247
-160	-1.9	0.036878
-160	-1.8	0.038201
-160	-1.7	0.03803
-160	-1.6	0.034808
-160	-1.5	0.029919
-160	-1.4	0.02655
-160	-1.3	0.027258
-160	-1.2	0.034666
-160	-1.1	0.040817
-160	-1	0.050461
-160	-0.9	0.057121
-160	-0.8	0.058406
-160	-0.7	0.057361
-160	-0.6	0.052634
-160	-0.5	0.044966
-160	-0.4	0.034877
-160	-0.3	0.025448
-160	-0.2	0.019021
-160	-0.1	0.014599
-160	0	0.012859
-160	0.1	0.013218
-160	0.2	0.014486
-160	0.3	0.019771
-160	0.4	0.025833
-160	0.5	0.028941
-160	0.6	0.035886
-160	0.7	0.039846
-160	0.8	0.042769
-160	0.9	0.045048
-160	1	0.044875
-160	1.1	0.042993
-160	1.2	0.041375
-160	1.3	0.038282
-160	1.4	0.035718
-160	1.5	0.02992
-160	1.6	0.027871
-160	1.7	0.02662
-160	1.8	0.026268
-160	1.9	0.027137
-160	2	0.028247
-160	2.1	0.028445
-160	2.2	0.027262
-160	2.3	0.024864
-160	2.4	0.022703
-160	2.5	0.019566
-160	2.6	0.018106
-160	2.7	0.017578
-160	2.8	0.016962
-160	2.9	0.015976
-160	3	0.014358
-160	3.1	0.011963
-160	3.2	0.0085506
-160	3.3	0.0069164
-160	3.4	0.0064296
-160	3.5	0.0069304
-160	3.6	0.0081401
-160	3.7	0.0078098
-160	3.8	0.0067581
-160	3.9	0.0064597
-160	4	0.0058644
-150	-4	0.010034
-150	-3.9	0.010183
-150	-3.8	0.0085865
-150	-3.7	0.0078263
-150	-3.6	0.0061653
-150	-3.5	0.0074908
-150	-3.4	0.0097648
-150	-3.3	0.011657
-150	-3.2	0.012471
-150	-3.1	0.01218
-150	-3	0.011284
-150	-2.9	0.012696
-150	-2.8	0.016694
-150	-2.7	0.022025
-150	-2.6	0.027996
-150	-2.5	0.033494
-150	-2.4	0.035555
-150	-2.3	0.036305
-150	-2.2	0.035987
-150	-2.1	0.035862
-150	-2	0.036424
-150	-1.9	0.037552
-150	-1.8	0.038353
-150	-1.7	0.037931
-150	-1.6	0.035464
-150	-1.5	0.031385
-150	-1.4	0.02697
-150	-1.3	0.027956
-150	-1.2	0.033147
-150	-1.1	0.043317
-150	-1	0.05166
-150	-0.9	0.056942
-150	-0.8	0.058716
-150	-0.7	0.056805
-150	-0.6	0.050383
-150	-0.5	0.043736
-150	-0.4	0.035198
-150	-0.3	0.024899
-150	-0.2	0.01894
-150	-0.1	0.015079
-150	0	0.013214
-150	0.1	0.013556
-150	0.2	0.015945
-150	0.3	0.020723
-150	0.4	0.027403
-150	0.5	0.032822
-150	0.6	0.040013
-150	0.7	0.043705
-150	0.8	0.045977
-150	0.9	0.047076
-150	1	0.046221
-150	1.1	0.044141
-150	1.2	0.04118
-150	1.3	0.03889
-150	1.4	0.034866
-150	1.5	0.031931
-150	1.6	0.029523
-150	1.7	0.027787
-150	1.8	0.026932
-150	1.9	0.025378
-150	2	0.024559
-150	2.1	0.023912
-150	2.2	0.023942
-150	2.3	0.023118
-150	2.4	0.0218
-150	2.5	0.021242
-150	2.6	0.020157
-150	2.7	0.01841
-150	2.8	0.016733
-150	2.9	0.013923
-150	3	0.012131
-150	3.1	0.010304
-150	3.2	0.009385
-150	3.3	0.0093194
-150	3.4	0.0093988
-150	3.5	0.0096365
-150	3.6	0.0088534
-150	3.7	0.0073952
-150	3.8	0.0066228
-150	3.9	0.0062305
-150	4	0.0066593
-140	-4	0.009328
-140	-3.9	0.0078449
-140	-3.8	0.0069071
-140	-3.7	0.0068247
-140	-3.6	0.0080703
-140	-3.5	0.010571
-140	-3.4	0.011597
-140	-3.3	0.012008
-140	-3.2	0.011848
-140	-3.1	0.01165
-140	-3	0.012594
-140	-2.9	0.015089
-140	-2.8	0.019316
-140	-2.7	0.023184
-140	-2.6	0.027627
-140	-2.5	0.031999
-140	-2.4	0.034445
-140	-2.3	0.036131
-140	-2.2	0.037419
-140	-2.1	0.039043
-140	-2	0.039602
-140	-1.9	0.039613
-140	-1.8	0.038758
-140	-1.7	0.036518
-140	-1.6	0.034516
-140	-1.5	0.031244
-140	-1.4	0.030363
-140	-1.3	0.033636
-140	-1.2	0.037924
-140	-1.1	0.045162
-140	-1	0.051143
-140	-0.9	0.055487
-140	-0.8	0.058493
-140	-0.7	0.056856
-140	-0.6	0.052171
-140	-0.5	0.044352
-140	-0.4	0.036849
-140	-0.3	0.028679
-140	-0.2	0.021626
-140	-0.1	0.017166
-140	0	0.014658
-140	0.1	0.014484
-140	0.2	0.015985
-140	0.3	0.020331
-140	0.4	0.02816
-140	0.5	0.032999
-140	0.6	0.037818
-140	0.7	0.042807
-140	0.8	0.046319
-140	0.9	0.047623
-140	1	0.047273
-140	1.1	0.045992
-140	1.2	0.044237
-140	1.3	0.041446
-140	1.4	0.039612
-140	1.5	0.034896
-140	1.6	0.032071
-140	1.7	0.029494
-140	1.8	0.026976
-140	1.9	0.026351
-140	2	0.02622
-140	2.1	0.026889
-140	2.2	0.027158
-140	2.3	0.026254
-140	2.4	0.023605
-140	2.5	0.021073
-140	2.6	0.019712
-140	2.7	0.015992
-140	2.8	0.013266
-140	2.9	0.011747
-140	3	0.010817
-140	3.1	0.010356
-140	3.2	0.0094142
-140	3.3	0.0078428
-140	3.4	0.0070964
-140	3.5	0.0066155
-140	3.6	0.0058616
-140	3.7	0.0059546
-140	3.8	0.0065046
-140	3.9	0.0065021
-140	4	0.0065145
-130	-4	0.0084077
-130	-3.9	0.0091213
-130	-3.8	0.0089134
-130	-3.7	0.008448
-130	-3.6	0.0088351
-130	-3.5	0.0093003
-130	-3.4	0.0098734
-130	-3.3	0.01124
-130	-3.2	0.012168
-130	-3.1	0.013288
-130	-3	0.014414
-130	-2.9	0.016933
-130	-2.8	0.020624
-130	-2.7	0.025222
-130	-2.6	0.029668
-130	-2.5	0.034851
-130	-2.4	0.036095
-130	-2.3	0.036829
-130	-2.2	0.036886
-130	-2.1	0.036782
-130	-2	0.037153
-130	-1.9	0.037922
-130	-1.8	0.038477
-130	-1.7	0.037836
-130	-1.6	0.034717
-130	-1.5	0.030727
-130	-1.4	0.028899
-130	-1.3	0.029897
-130	-1.2	0.035186
-130	-1.1	0.043845
-130	-1	0.052784
-130	-0.9	0.05816
-130	-0.8	0.059458
-130	-0.7	0.057814
-130	-0.6	0.050867
-130	-0.5	0.042847
-130	-0.4	0.035525
-130	-0.3	0.027456
-130	-0.2	0.020639
-130	-0.1	0.016197
-130	0	0.014949
-130	0.1	0.015334
-130	0.2	0.01897
-130	0.3	0.023721
-130	0.4	0.030877
-130	0.5	0.036316
-130	0.6	0.040381
-130	0.7	0.044572
-130	0.8	0.046791
-130	0.9	0.047647
-130	1	0.047114
-130	1.1	0.046106
-130	1.2	0.043586
-130	1.3	0.040495
-130	1.4	0.035833
-130	1.5	0.031684
-130	1.6	0.029815
-130	1.7	0.028103
-130	1.8	0.026604
-130	1.9	0.025906
-130	2	0.025831
-130	2.1	0.025406
-130	2.2	0.024663
-130	2.3	0.022986
-130	2.4	0.020518
-130	2.5	0.020011
-130	2.6	0.018837
-130	2.7	0.0174
-130	2.8	0.015153
-130	2.9	0.014508
-130	3	0.013027
-130	3.1	0.011716
-130	3.2	0.010398
-130	3.3	0.010167
-130	3.4	0.010079
-130	3.5	0.0091549
-130	3.6	0.0082427
-130	3.7	0.0074757
-130	3.8	0.0075766
-130	3.9	0.0069304
-130	4	0.0077077
-120	-4	0.0091725
-120	-3.9	0.010262
-120	-3.8	0.010741
-120	-3.7	0.010657
-120	-3.6	0.0098898
-120	-3.5	0.0090215
-120	-3.4	0.0088898
-120	-3.3	0.010946
-120	-3.2	0.01331
-120	-3.1	0.015501
-120	-3	0.018088
-120	-2.9	0.019939
-120	-2.8	0.022257
-120	-2.7	0.026701
-120	-2.6	0.029546
-120	-2.5	0.03259
-120	-2.4	0.035216
-120	-2.3	0.037874
-120	-2.2	0.039446
-120	-2.1	0.040321
-120	-2	0.040972
-120	-1.9	0.041233
-120	-1.8	0.040735
-120	-1.7	0.039027
-120	-1.6	0.035089
-120	-1.5	0.032625
-120	-1.4	0.031359
-120	-1.3	0.034027
-120	-1.2	0.038252
-120	-1.1	0.048016
-120	-1	0.056376
-120	-0.9	0.061152
-120	-0.8	0.063249
-120	-0.7	0.060849
-120	-0.6	0.054083
-120	-0.5	0.047071
-120	-0.4	0.037836
-120	-0.3	0.029396
-120	-0.2	0.019638
-120	-0.1	0.016006
-120	0	0.014693
-120	0.1	0.015865
-120	0.2	0.018837
-120	0.3	0.0243
-120	0.4	0.031723
-120	0.5	0.035627
-120	0.6	0.041229
-120	0.7	0.046658
-120	0.8	0.04939
-120	0.9	0.049908
-120	1	0.0492
-120	1.1	0.046996
-120	1.2	0.04407
-120	1.3	0.040014
-120	1.4	0.03607
-120	1.5	0.032472
-120	1.6	0.031076
-120	1.7	0.028824
-120	1.8	0.027797
-120	1.9	0.02677
-120	2	0.02617
-120	2.1	0.024991
-120	2.2	0.023684
-120	2.3	0.020614
-120	2.4	0.020109
-120	2.5	0.019142
-120	2.6	0.017789
-120	2.7	0.01632
-120	2.8	0.015512
-120	2.9	0.014407
-120	3	0.013096
-120	3.1	0.010238
-120	3.2	0.0087357
-120	3.3	0.008156
-120	3.4	0.0079857
-120	3.5	0.0082348
-120	3.6	0.008154
-120	3.7	0.007336
-120	3.8	0.0074562
-120	3.9	0.0068977
-120	4	0.006613
-110	-4	0.010854
-110	-3.9	0.011406
-110	-3.8	0.010667
-110	-3.7	0.0087653
-110	-3.6	0.008152
-110	-3.5	0.0088442
-110	-3.4	0.010985
-110	-3.3	0.013786
-110	-3.2	0.015282
-110	-3.1	0.015763
-110	-3	0.015939
-110	-2.9	0.017915
-110	-2.8	0.021836
-110	-2.7	0.026143
-110	-2.6	0.030524
-110	-2.5	0.033928
-110	-2.4	0.035747
-110	-2.3	0.036209
-110	-2.2	0.036361
-110	-2.1	0.036622
-110	-2	0.037708
-110	-1.9	0.039283
-110	-1.8	0.039662
-110	-1.7	0.03885
-110	-1.6	0.035155
-110	-1.5	0.029286
-110	-1.4	0.027921
-110	-1.3	0.031799
-110	-1.2	0.042058
-110	-1.1	0.049993
-110	-1	0.059259
-110	-0.9	0.062827
-110	-0.8	0.062748
-110	-0.7	0.060345
-110	-0.6	0.052457
-110	-0.5	0.042025
-110	-0.4	0.034041
-110	-0.3	0.024819
-110	-0.2	0.018407
-110	-0.1	0.015565
-110	0	0.014758
-110	0.1	0.01658
-110	0.2	0.021122
-110	0.3	0.025523
-110	0.4	0.028857
-110	0.5	0.037462
-110	0.6	0.041575
-110	0.7	0.045661
-110	0.8	0.047373
-110	0.9	0.047292
-110	1	0.045982
-110	1.1	0.044004
-110	1.2	0.040904
-110	1.3	0.036854
-110	1.4	0.033441
-110	1.5	0.031199
-110	1.6	0.029543
-110	1.7	0.027804
-110	1.8	0.027111
-110	1.9	0.026064
-110	2	0.025225
-110	2.1	0.024003
-110	2.2	0.022276
-110	2.3	0.021069
-110	2.4	0.020901
-110	2.5	0.020649
-110	2.6	0.019988
-110	2.7	0.018653
-110	2.8	0.017466
-110	2.9	0.015092
-110	3	0.013012
-110	3.1	0.011078
-110	3.2	0.009581
-110	3.3	0.010116
-110	3.4	0.010119
-110	3.5	0.0095827
-110	3.6	0.0085241
-110	3.7	0.007935
-110	3.8	0.0075723
-110	3.9	0.0076149
-110	4	0.0082152
-100	-4	0.0091496
-100	-3.9	0.0082486
-100	-3.8	0.0073514
-100	-3.7	0.0080462
-100	-3.6	0.0087911
-100	-3.5	0.010358
-100	-3.4	0.011409
-100	-3.3	0.012079
-100	-3.2	0.013601
-100	-3.1	0.014488
-100	-3	0.017554
-100	-2.9	0.019466
-100	-2.8	0.023009
-100	-2.7	0.026752
-100	-2.6	0.030885
-100	-2.5	0.033378
-100	-2.4	0.035616
-100	-2.3	0.037293
-100	-2.2	0.039858
-100	-2.1	0.041306
-100	-2	0.042934
-100	-1.9	0.043305
-100	-1.8	0.042366
-100	-1.7	0.039066
-100	-1.6	0.035011
-100	-1.5	0.032202
-100	-1.4	0.033162
-100	-1.3	0.037762
-100	-1.2	0.048627
-100	-1.1	0.052467
-100	-1	0.059378
-100	-0.9	0.062274
-100	-0.8	0.061673
-100	-0.7	0.056901
-100	-0.6	0.05243
-100	-0.5	0.042057
-100	-0.4	0.035298
-100	-0.3	0.026828
-100	-0.2	0.021378
-100	-0.1	0.018357
-100	0	0.017102
-100	0.1	0.017312
-100	0.2	0.020208
-100	0.3	0.023272
-100	0.4	0.026704
-100	0.5	0.031813
-100	0.6	0.037126
-100	0.7	0.04215
-100	0.8	0.045311
-100	0.9	0.046489
-100	1	0.04739
-100	1.1	0.047019
-100	1.2	0.04302
-100	1.3	0.039074
-100	1.4	0.036084
-100	1.5	0.033564
-100	1.6	0.030435
-100	1.7	0.028912
-100	1.8	0.028697
-100	1.9	0.028633
-100	2	0.028812
-100	2.1	0.027046
-100	2.2	0.025518
-100	2.3	0.023579
-100	2.4	0.022428
-100	2.5	0.020666
-100	2.6	0.019927
-100	2.7	0.019149
-100	2.8	0.017904
-100	2.9	0.016495
-100	3	0.013183
-100	3.1	0.011454
-100	3.2	0.0096415
-100	3.3	0.0097067
-100	3.4	0.0096012
-100	3.5	0.0093367
-100	3.6	0.0082818
-100	3.7	0.0076614
-100	3.8	0.0071304
-100	3.9	0.0070254
-100	4	0.0067461
-90	-4	0.011618
-90	-3.9	0.010273
-90	-3.8	0.0090161
-90	-3.7	0.0063385
-90	-3.6	0.0082564
-90	-3.5	0.012687
-90	-3.4	0.014366
-90	-3.3	0.016413
-90	-3.2	0.01631
-90	-3.1	0.014566
-90	-3	0.013252
-90	-2.9	0.015633
-90	-2.8	0.020505
-90	-2.7	0.028594
-90	-2.6	0.034707
-90	-2.5	0.037989
-90	-2.4	0.0385
-90	-2.3	0.037777
-90	-2.2	0.036989
-90	-2.1	0.036414
-90	-2	0.036939
-90	-1.9	0.039036
-90	-1.8	0.040166
-90	-1.7	0.039371
-90	-1.6	0.036311
-90	-1.5	0.033578
-90	-1.4	0.032638
-90	-1.3	0.03455
-90	-1.2	0.04328
-90	-1.1	0.052448
-90	-1	0.059289
-90	-0.9	0.063281
-90	-0.8	0.063537
-90	-0.7	0.060082
-90	-0.6	0.05202
-90	-0.5	0.041203
-90	-0.4	0.032017
-90	-0.3	0.02243
-90	-0.2	0.017539
-90	-0.1	0.014659
-90	0	0.015032
-90	0.1	0.017039
-90	0.2	0.020713
-90	0.3	0.02472
-90	0.4	0.02962
-90	0.5	0.036547
-90	0.6	0.040603
-90	0.7	0.043715
-90	0.8	0.044881
-90	0.9	0.044947
-90	1	0.044477
-90	1.1	0.041466
-90	1.2	0.040543
-90	1.3	0.035583
-90	1.4	0.033584
-90	1.5	0.029828
-90	1.6	0.028235
-90	1.7	0.026758
-90	1.8	0.025954
-90	1.9	0.025321
-90	2	0.024943
-90	2.1	0.024386
-90	2.2	0.023524
-90	2.3	0.022554
-90	2.4	0.021742
-90	2.5	0.019893
-90	2.6	0.018808
-90	2.7	0.017371
-90	2.8	0.01547
-90	2.9	0.014231
-90	3	0.012734
-90	3.1	0.011668
-90	3.2	0.011656
-90	3.3	0.011572
-90	3.4	0.011103
-90	3.5	0.0092445
-90	3.6	0.0085676
-90	3.7	0.0076021
-90	3.8	0.0073514
-90	3.9	0.0074127
-90	4	0.0082876
-80	-4	0.0095776
-80	-3.9	0.0087635
-80	-3.8	0.0076149
-80	-3.7	0.0067772
-80	-3.6	0.0077828
-80	-3.5	0.0099257
-80	-3.4	0.013039
-80	-3.3	0.014808
-80	-3.2	0.015087
-80	-3.1	0.014094
-80	-3	0.014658
-80	-2.9	0.017268
-80	-2.8	0.02174
-80	-2.7	0.027461
-80	-2.6	0.03322
-80	-2.5	0.036037
-80	-2.4	0.038047
-80	-2.3	0.038778
-80	-2.2	0.038907
-80	-2.1	0.03921
-80	-2	0.040185
-80	-1.9	0.041113
-80	-1.8	0.041951
-80	-1.7	0.040898
-80	-1.6	0.038257
-80	-1.5	0.03527
-80	-1.4	0.035511
-80	-1.3	0.039564
-80	-1.2	0.047807
-80	-1.1	0.056308
-80	-1	0.060871
-80	-0.9	0.064864
-80	-0.8	0.063894
-80	-0.7	0.059062
-80	-0.6	0.051699
-80	-0.5	0.041572
-80	-0.4	0.033345
-80	-0.3	0.025089
-80	-0.2	0.020417
-80	-0.1	0.016604
-80	0	0.015216
-80	0.1	0.016053
-80	0.2	0.021118
-80	0.3	0.023751
-80	0.4	0.030467
-80	0.5	0.034795
-80	0.6	0.040361
-80	0.7	0.042843
-80	0.8	0.043884
-80	0.9	0.043815
-80	1	0.043673
-80	1.1	0.042991
-80	1.2	0.041838
-80	1.3	0.039814
-80	1.4	0.038252
-80	1.5	0.036157
-80	1.6	0.031484
-80	1.7	0.028127
-80	1.8	0.027193
-80	1.9	0.026603
-80	2	0.026629
-80	2.1	0.026459
-80	2.2	0.025942
-80	2.3	0.024498
-80	2.4	0.022748
-80	2.5	0.020805
-80	2.6	0.018492
-80	2.7	0.016733
-80	2.8	0.015725
-80	2.9	0.014864
-80	3	0.013241
-80	3.1	0.012108
-80	3.2	0.010915
-80	3.3	0.01054
-80	3.4	0.0098176
-80	3.5	0.008846
-80	3.6	0.0085469
-80	3.7	0.0079105
-80	3.8	0.0072807
-80	3.9	0.0069024
-80	4	0.0067748
-70	-4	0.010164
-70	-3.9	0.010624
-70	-3.8	0.0099143
-70	-3.7	0.0085032
-70	-3.6	0.0088515
-70	-3.5	0.010739
-70	-3.4	0.0132
-70	-3.3	0.015382
-70	-3.2	0.015816
-70	-3.1	0.01607
-70	-3	0.017132
-70	-2.9	0.020161
-70	-2.8	0.023614
-70	-2.7	0.029997
-70	-2.6	0.03314
-70	-2.5	0.03692
-70	-2.4	0.038236
-70	-2.3	0.037993
-70	-2.2	0.038172
-70	-2.1	0.038835
-70	-2	0.039237
-70	-1.9	0.040134
-70	-1.8	0.039821
-70	-1.7	0.036816
-70	-1.6	0.034114
-70	-1.5	0.032256
-70	-1.4	0.033663
-70	-1.3	0.041739
-70	-1.2	0.047921
-70	-1.1	0.054602
-70	-1	0.060552
-70	-0.9	0.064763
-70	-0.8	0.063899
-70	-0.7	0.059597
-70	-0.6	0.054503
-70	-0.5	0.042242
-70	-0.4	0.032072
-70	-0.3	0.023115
-70	-0.2	0.019106
-70	-0.1	0.015957
-70	0	0.01547
-70	0.1	0.017104
-70	0.2	0.019768
-70	0.3	0.02483
-70	0.4	0.027506
-70	0.5	0.033396
-70	0.6	0.038414
-70	0.7	0.044225
-70	0.8	0.045707
-70	0.9	0.046281
-70	1	0.04557
-70	1.1	0.044681
-70	1.2	0.042292
-70	1.3	0.037913
-70	1.4	0.035859
-70	1.5	0.03367
-70	1.6	0.032234
-70	1.7	0.030615
-70	1.8	0.029686
-70	1.9	0.029481
-70	2	0.029198
-70	2.1	0.027981
-70	2.2	0.026636
-70	2.3	0.02516
-70	2.4	0.023958
-70	2.5	0.021661
-70	2.6	0.020542
-70	2.7	0.018173
-70	2.8	0.017363
-70	2.9	0.015201
-70	3	0.013504
-70	3.1	0.011749
-70	3.2	0.01054
-70	3.3	0.0098176
-70	3.4	0.010004
-70	3.5	0.0098193
-70	3.6	0.0089152
-70	3.7	0.0084594
-70	3.8	0.0080743
-70	3.9	0.008227
-70	4	0.0080261
-60	-4	0.0083846
-60	-3.9	0.0090466
-60	-3.8	0.0088534
-60	-3.7	0.0084671
-60	-3.6	0.0080983
-60	-3.5	0.0079898
-60	-3.4	0.0087929
-60	-3.3	0.011999
-60	-3.2	0.013216
-60	-3.1	0.015926
-60	-3	0.017072
-60	-2.9	0.019297
-60	-2.8	0.022146
-60	-2.7	0.027435
-60	-2.6	0.031534
-60	-2.5	0.035473
-60	-2.4	0.037648
-60	-2.3	0.037542
-60	-2.2	0.037525
-60	-2.1	0.037817
-60	-2	0.038644
-60	-1.9	0.03985
-60	-1.8	0.040579
-60	-1.7	0.040075
-60	-1.6	0.037339
-60	-1.5	0.0358
-60	-1.4	0.036251
-60	-1.3	0.040973
-60	-1.2	0.046728
-60	-1.1	0.055185
-60	-1	0.063166
-60	-0.9	0.066438
-60	-0.8	0.064205
-60	-0.7	0.061563
-60	-0.6	0.053552
-60	-0.5	0.042053
-60	-0.4	0.030782
-60	-0.3	0.023312
-60	-0.2	0.016941
-60	-0.1	0.014805
-60	0	0.014418
-60	0.1	0.016814
-60	0.2	0.020791
-60	0.3	0.025066
-60	0.4	0.030888
-60	0.5	0.036321
-60	0.6	0.040412
-60	0.7	0.042786
-60	0.8	0.045591
-60	0.9	0.046087
-60	1	0.046743
-60	1.1	0.046051
-60	1.2	0.04445
-60	1.3	0.04017
-60	1.4	0.037451
-60	1.5	0.032662
-60	1.6	0.029519
-60	1.7	0.027591
-60	1.8	0.027007
-60	1.9	0.027055
-60	2	0.026588
-60	2.1	0.024825
-60	2.2	0.023119
-60	2.3	0.019889
-60	2.4	0.018235
-60	2.5	0.017359
-60	2.6	0.017164
-60	2.7	0.017019
-60	2.8	0.016231
-60	2.9	0.01446
-60	3	0.0124
-60	3.1	0.0094588
-60	3.2	0.0083032
-60	3.3	0.0071756
-60	3.4	0.0085525
-60	3.5	0.0088204
-60	3.6	0.0083363
-60	3.7	0.0080019
-60	3.8	0.0072607
-60	3.9	0.0066739
-60	4	0.0068719
-50	-4	0.0072829
-50	-3.9	0.0087394
-50	-3.8	0.0093037
-50	-3.7	0.0095962
-50	-3.6	0.0093107
-50	-3.5	0.0085051
-50	-3.4	0.0082896
-50	-3.3	0.00967
-50	-3.2	0.01378
-50	-3.1	0.017445
-50	-3	0.020019
-50	-2.9	0.022896
-50	-2.8	0.024546
-50	-2.7	0.025663
-50	-2.6	0.02712
-50	-2.5	0.028656
-50	-2.4	0.032487
-50	-2.3	0.036557
-50	-2.2	0.038413
-50	-2.1	0.039098
-50	-2	0.038198
-50	-1.9	0.037306
-50	-1.8	0.035114
-50	-1.7	0.034127
-50	-1.6	0.033766
-50	-1.5	0.034776
-50	-1.4	0.038234
-50	-1.3	0.04479
-50	-1.2	0.053329
-50	-1.1	0.059438
-50	-1	0.062966
-50	-0.9	0.064133
-50	-0.8	0.061759
-50	-0.7	0.058802
-50	-0.6	0.050284
-50	-0.5	0.04275
-50	-0.4	0.030855
-50	-0.3	0.026145
-50	-0.2	0.020494
-50	-0.1	0.015958
-50	0	0.015401
-50	0.1	0.015842
-50	0.2	0.018678
-50	0.3	0.021755
-50	0.4	0.029374
-50	0.5	0.037477
-50	0.6	0.041872
-50	0.7	0.045143
-50	0.8	0.047647
-50	0.9	0.047792
-50	1	0.046488
-50	1.1	0.044746
-50	1.2	0.043829
-50	1.3	0.040457
-50	1.4	0.038711
-50	1.5	0.035412
-50	1.6	0.033512
-50	1.7	0.031027
-50	1.8	0.029016
-50	1.9	0.028102
-50	2	0.027472
-50	2.1	0.027023
-50	2.2	0.025595
-50	2.3	0.0236
-50	2.4	0.021665
-50	2.5	0.019284
-50	2.6	0.01736
-50	2.7	0.016286
-50	2.8	0.014999
-50	2.9	0.014034
-50	3	0.013069
-50	3.1	0.012143
-50	3.2	0.010016
-50	3.3	0.0084785
-50	3.4	0.0079553
-50	3.5	0.0085959
-50	3.6	0.008917
-50	3.7	0.0086801
-50	3.8	0.0081162
-50	3.9	0.007888
-50	4	0.00711
-40	-4	0.0080963
-40	-3.9	0.0083285
-40	-3.8	0.0073734
-40	-3.7	0.0075744
-40	-3.6	0.0087635
-40	-3.5	0.010157
-40	-3.4	0.010951
-40	-3.3	0.013081
-40	-3.2	0.014738
-40	-3.1	0.016261
-40	-3	0.016986
-40	-2.9	0.019429
-40	-2.8	0.022639
-40	-2.7	0.026146
-40	-2.6	0.02919
-40	-2.5	0.031883
-40	-2.4	0.032971
-40	-2.3	0.033401
-40	-2.2	0.034447
-40	-2.1	0.036003
-40	-2	0.037514
-40	-1.9	0.037749
-40	-1.8	0.035814
-40	-1.7	0.033534
-40	-1.6	0.031127
-40	-1.5	0.031611
-40	-1.4	0.03597
-40	-1.3	0.041691
-40	-1.2	0.049002
-40	-1.1	0.057092
-40	-1	0.06126
-40	-0.9	0.063501
-40	-0.8	0.061345
-40	-0.7	0.056385
-40	-0.6	0.046121
-40	-0.5	0.040274
-40	-0.4	0.029807
-40	-0.3	0.025579
-40	-0.2	0.019176
-40	-0.1	0.017043
-40	0	0.016276
-40	0.1	0.016945
-40	0.2	0.020413
-40	0.3	0.024707
-40	0.4	0.029461
-40	0.5	0.034365
-40	0.6	0.039174
-40	0.7	0.043582
-40	0.8	0.045702
-40	0.9	0.046768
-40	1	0.046341
-40	1.1	0.045031
-40	1.2	0.044442
-40	1.3	0.040398
-40	1.4	0.037421
-40	1.5	0.034576
-40	1.6	0.033699
-40	1.7	0.032784
-40	1.8	0.032003
-40	1.9	0.030781
-40	2	0.029548
-40	2.1	0.027124
-40	2.2	0.023977
-40	2.3	0.022402
-40	2.4	0.021844
-40	2.5	0.02153
-40	2.6	0.020992
-40	2.7	0.020069
-40	2.8	0.017926
-40	2.9	0.015579
-40	3	0.013667
-40	3.1	0.010619
-40	3.2	0.0094108
-40	3.3	0.0098832
-40	3.4	0.010418
-40	3.5	0.010267
-40	3.6	0.0088131
-40	3.7	0.0086371
-40	3.8	0.0071463
-40	3.9	0.0075467
-40	4	0.007789
-30	-4	0.0092637
-30	-3.9	0.0074908
-30	-3.8	0.0062693
-30	-3.7	0.0064171
-30	-3.6	0.0087929
-30	-3.5	0.011017
-30	-3.4	0.014366
-30	-3.3	0.015729
-30	-3.2	0.014783
-30	-3.1	0.012389
-30	-3	0.013229
-30	-2.9	0.01703
-30	-2.8	0.023233
-30	-2.7	0.028565
-30	-2.6	0.033681
-30	-2.5	0.035437
-30	-2.4	0.035022
-30	-2.3	0.033226
-30	-2.2	0.032153
-30	-2.1	0.033199
-30	-2	0.034663
-30	-1.9	0.03664
-30	-1.8	0.037571
-30	-1.7	0.036065
-30	-1.6	0.032648
-30	-1.5	0.031189
-30	-1.4	0.03423
-30	-1.3	0.043112
-30	-1.2	0.050623
-30	-1.1	0.059271
-30	-1	0.065467
-30	-0.9	0.066336
-30	-0.8	0.064131
-30	-0.7	0.059083
-30	-0.6	0.049414
-30	-0.5	0.037521
-30	-0.4	0.027346
-30	-0.3	0.022598
-30	-0.2	0.017055
-30	-0.1	0.016245
-30	0	0.017116
-30	0.1	0.020372
-30	0.2	0.02484
-30	0.3	0.029242
-30	0.4	0.03452
-30	0.5	0.039478
-30	0.6	0.042328
-30	0.7	0.04529
-30	0.8	0.046455
-30	0.9	0.046208
-30	1	0.045209
-30	1.1	0.043817
-30	1.2	0.042097
-30	1.3	0.038454
-30	1.4	0.036641
-30	1.5	0.033285
-30	1.6	0.03032
-30	1.7	0.029235
-30	1.8	0.027693
-30	1.9	0.027325
-30	2	0.027409
-30	2.1	0.027357
-30	2.2	0.026405
-30	2.3	0.025236
-30	2.4	0.024388
-30	2.5	0.023377
-30	2.6	0.021467
-30	2.7	0.018763
-30	2.8	0.017974
-30	2.9	0.016591
-30	3	0.014574
-30	3.1	0.013666
-30	3.2	0.013059
-30	3.3	0.013363
-30	3.4	0.012484
-30	3.5	0.011471
-30	3.6	0.0098963
-30	3.7	0.0086371
-30	3.8	0.008274
-30	3.9	0.0084346
-30	4	0.0083904
-20	-4	0.0097117
-20	-3.9	0.0093609
-20	-3.8	0.0074951
-20	-3.7	0.0056511
-20	-3.6	0.0070735
-20	-3.5	0.010249
-20	-3.4	0.013826
-20	-3.3	0.016425
-20	-3.2	0.016924
-20	-3.1	0.014453
-20	-3	0.01328
-20	-2.9	0.015685
-20	-2.8	0.021029
-20	-2.7	0.027409
-20	-2.6	0.035647
-20	-2.5	0.037575
-20	-2.4	0.037204
-20	-2.3	0.035014
-20	-2.2	0.032149
-20	-2.1	0.030037
-20	-2	0.030068
-20	-1.9	0.031694
-20	-1.8	0.033982
-20	-1.7	0.034504
-20	-1.6	0.032948
-20	-1.5	0.032269
-20	-1.4	0.033309
-20	-1.3	0.03711
-20	-1.2	0.047265
-20	-1.1	0.053257
-20	-1	0.058625
-20	-0.9	0.062297
-20	-0.8	0.06242
-20	-0.7	0.057994
-20	-0.6	0.051823
-20	-0.5	0.041303
-20	-0.4	0.036075
-20	-0.3	0.026394
-20	-0.2	0.01911
-20	-0.1	0.014713
-20	0	0.015357
-20	0.1	0.017946
-20	0.2	0.022076
-20	0.3	0.027857
-20	0.4	0.032924
-20	0.5	0.040623
-20	0.6	0.043595
-20	0.7	0.047245
-20	0.8	0.049434
-20	0.9	0.049624
-20	1	0.048761
-20	1.1	0.047089
-20	1.2	0.044413
-20	1.3	0.041487
-20	1.4	0.035794
-20	1.5	0.033833
-20	1.6	0.03067
-20	1.7	0.028765
-20	1.8	0.027784
-20	1.9	0.027249
-20	2	0.02686
-20	2.1	0.026137
-20	2.2	0.024
-20	2.3	0.022143
-20	2.4	0.020422
-20	2.5	0.01855
-20	2.6	0.017216
-20	2.7	0.01489
-20	2.8	0.013348
-20	2.9	0.012323
-20	3	0.011228
-20	3.1	0.010079
-20	3.2	0.0096583
-20	3.3	0.0097962
-20	3.4	0.0096332
-20	3.5	0.0087302
-20	3.6	0.007617
-20	3.7	0.0067053
-20	3.8	0.0060221
-20	3.9	0.0067867
-20	4	0.0071236
-10	-4	0.0095658
-10	-3.9	0.0079938
-10	-3.8	0.0071959
-10	-3.7	0.0073007
-10	-3.6	0.010358
-10	-3.5	0.012967
-10	-3.4	0.015121
-10	-3.3	0.015873
-10	-3.2	0.014766
-10	-3.1	0.013961
-10	-3	0.015102
-10	-2.9	0.019711
-10	-2.8	0.025309
-10	-2.7	0.030291
-10	-2.6	0.033141
-10	-2.5	0.033437
-10	-2.4	0.032057
-10	-2.3	0.030306
-10	-2.2	0.029761
-10	-2.1	0.030314
-10	-2	0.0316
-10	-1.9	0.0331
-10	-1.8	0.032563
-10	-1.7	0.031034
-10	-1.6	0.028854
-10	-1.5	0.02814
-10	-1.4	0.030203
-10	-1.3	0.039196
-10	-1.2	0.048389
-10	-1.1	0.053839
-10	-1	0.061806
-10	-0.9	0.063564
-10	-0.8	0.063064
-10	-0.7	0.058698
-10	-0.6	0.050953
-10	-0.5	0.041631
-10	-0.4	0.032585
-10	-0.3	0.023523
-10	-0.2	0.018764
-10	-0.1	0.016342
-10	0	0.015829
-10	0.1	0.018786
-10	0.2	0.022045
-10	0.3	0.028062
-10	0.4	0.031993
-10	0.5	0.039147
-10	0.6	0.04303
-10	0.7	0.048349
-10	0.8	0.050188
-10	0.9	0.050477
-10	1	0.049118
-10	1.1	0.047123
-10	1.2	0.043681
-10	1.3	0.040932
-10	1.4	0.037398
-10	1.5	0.035607
-10	1.6	0.034125
-10	1.7	0.03281
-10	1.8	0.031535
-10	1.9	0.029229
-10	2	0.027665
-10	2.1	0.026319
-10	2.2	0.024024
-10	2.3	0.022513
-10	2.4	0.021707
-10	2.5	0.020372
-10	2.6	0.019099
-10	2.7	0.016771
-10	2.8	0.013942
-10	2.9	0.013323
-10	3	0.011628
-10	3.1	0.010192
-10	3.2	0.0095438
-10	3.3	0.0090341
-10	3.4	0.008446
-10	3.5	0.0077203
-10	3.6	0.0061522
-10	3.7	0.0062925
-10	3.8	0.0068719
-10	3.9	0.0082289
-10	4	0.0085013
0	-4	0.0099533
0	-3.9	0.0090947
0	-3.8	0.0069421
0	-3.7	0.006412
0	-3.6	0.0075915
0	-3.5	0.0095692
0	-3.4	0.012204
0	-3.3	0.012571
0	-3.2	0.013351
0	-3.1	0.015961
0	-3	0.018214
0	-2.9	0.021831
0	-2.8	0.024926
0	-2.7	0.028362
0	-2.6	0.029933
0	-2.5	0.030339
0	-2.4	0.02967
0	-2.3	0.02952
0	-2.2	0.030495
0	-2.1	0.033559
0	-2	0.03505
0	-1.9	0.03486
0	-1.8	0.032749
0	-1.7	0.02896
0	-1.6	0.025357
0	-1.5	0.025211
0	-1.4	0.029527
0	-1.3	0.038918
0	-1.2	0.048613
0	-1.1	0.053295
0	-1	0.058508
0	-0.9	0.059233
0	-0.8	0.057767
0	-0.7	0.051658
0	-0.6	0.044746
0	-0.5	0.036026
0	-0.4	0.027072
0	-0.3	0.021961
0	-0.2	0.018861
0	-0.1	0.018336
0	0	0.019766
0	0.1	0.020775
0	0.2	0.023173
0	0.3	0.027314
0	0.4	0.029899
0	0.5	0.034248
0	0.6	0.03801
0	0.7	0.04226
0	0.8	0.045352
0	0.9	0.046539
0	1	0.046887
0	1.1	0.045473
0	1.2	0.042389
0	1.3	0.038301
0	1.4	0.03436
0	1.5	0.031482
0	1.6	0.030841
0	1.7	0.030927
0	1.8	0.031039
0	1.9	0.031057
0	2	0.029436
0	2.1	0.027653
0	2.2	0.02555
0	2.3	0.024155
0	2.4	0.023241
0	2.5	0.023253
0	2.6	0.023407
0	2.7	0.022513
0	2.8	0.019279
0	2.9	0.017633
0	3	0.014008
0	3.1	0.012544
0	3.2	0.011475
0	3.3	0.011494
0	3.4	0.010811
0	3.5	0.0097747
0	3.6	0.0086502
0	3.7	0.008667
0	3.8	0.0083981
0	3.9	0.0088058
0	4	0.0086577
10	-4	0.01107
10	-3.9	0.010007
10	-3.8	0.008545
10	-3.7	0.0067652
10	-3.6	0.0069374
10	-3.5	0.0089982
10	-3.4	0.010948
10	-3.3	0.01412
10	-3.2	0.015962
10	-3.1	0.017544
10	-3	0.018646
10	-2.9	0.019422
10	-2.8	0.021677
10	-2.7	0.023336
10	-2.6	0.026962
10	-2.5	0.029968
10	-2.4	0.031139
10	-2.3	0.030597
10	-2.2	0.029445
10	-2.1	0.027867
10	-2	0.027672
10	-1.9	0.02869
10	-1.8	0.028424
10	-1.7	0.027459
10	-1.6	0.026634
10	-1.5	0.02609
10	-1.4	0.02914
10	-1.3	0.035768
10	-1.2	0.038933
10	-1.1	0.048082
10	-1	0.052484
10	-0.9	0.056901
10	-0.8	0.057143
10	-0.7	0.053519
10	-0.6	0.050019
10	-0.5	0.04033
10	-0.4	0.028944
10	-0.3	0.02088
10	-0.2	0.01649
10	-0.1	0.013316
10	0	0.014354
10	0.1	0.016479
10	0.2	0.021698
10	0.3	0.026917
10	0.4	0.032064
10	0.5	0.038986
10	0.6	0.044426
10	0.7	0.048751
10	0.8	0.051356
10	0.9	0.052455
10	1	0.05147
10	1.1	0.049611
10	1.2	0.044278
10	1.3	0.041434
10	1.4	0.036307
10	1.5	0.033758
10	1.6	0.029872
10	1.7	0.028015
10	1.8	0.02682
10	1.9	0.026038
10	2	0.024266
10	2.1	0.023134
10	2.2	0.021043
10	2.3	0.019873
10	2.4	0.018665
10	2.5	0.01737
10	2.6	0.016902
10	2.7	0.015766
10	2.8	0.014251
10	2.9	0.012028
10	3	0.010029
10	3.1	0.0083013
10	3.2	0.0075059
10	3.3	0.0073426
10	3.4	0.0068247
10	3.5	0.0070507
10	3.6	0.0066399
10	3.7	0.0064672
10	3.8	0.0063868
10	3.9	0.0063385
10	4	0.0066228
20	-4	0.0071959
20	-3.9	0.0081994
20	-3.8	0.0077161
20	-3.7	0.0072607
20	-3.6	0.0067365
20	-3.5	0.0077161
20	-3.4	0.010156
20	-3.3	0.012013
20	-3.2	0.01335
20	-3.1	0.014673
20	-3	0.015736
20	-2.9	0.017371
20	-2.8	0.021419
20	-2.7	0.025142
20	-2.6	0.028147
20	-2.5	0.030927
20	-2.4	0.031361
20	-2.3	0.03078
20	-2.2	0.030032
20	-2.1	0.029308
20	-2	0.029522
20	-1.9	0.029954
20	-1.8	0.030063
20	-1.7	0.028127
20	-1.6	0.026274
20	-1.5	0.025752
20	-1.4	0.027784
20	-1.3	0.034074
20	-1.2	0.039765
20	-1.1	0.044117
20	-1	0.051488
20	-0.9	0.054102
20	-0.8	0.05384
20	-0.7	0.050902
20	-0.6	0.045901
20	-0.5	0.038233
20	-0.4	0.028651
20	-0.3	0.021555
20	-0.2	0.015907
20	-0.1	0.014516
20	0	0.014985
20	0.1	0.018
20	0.2	0.021565
20	0.3	0.024324
20	0.4	0.029595
20	0.5	0.033757
20	0.6	0.042242
20	0.7	0.044479
20	0.8	0.049092
20	0.9	0.050661
20	1	0.050156
20	1.1	0.044856
20	1.2	0.041823
20	1.3	0.035443
20	1.4	0.031919
20	1.5	0.029691
20	1.6	0.028322
20	1.7	0.028235
20	1.8	0.027969
20	1.9	0.027063
20	2	0.025177
20	2.1	0.022879
20	2.2	0.021013
20	2.3	0.019931
20	2.4	0.019216
20	2.5	0.018738
20	2.6	0.018146
20	2.7	0.016967
20	2.8	0.015508
20	2.9	0.013056
20	3	0.011847
20	3.1	0.010339
20	3.2	0.0093747
20	3.3	0.0079817
20	3.4	0.0076191
20	3.5	0.0069561
20	3.6	0.0064347
20	3.7	0.0066666
20	3.8	0.0069816
20	3.9	0.0074886
20	4	0.0074171
30	-4	0.0071644
30	-3.9	0.0065836
30	-3.8	0.0057615
30	-3.7	0.0054294
30	-3.6	0.0066204
30	-3.5	0.0078015
30	-3.4	0.01011
30	-3.3	0.011804
30	-3.2	0.013207
30	-3.1	0.012914
30	-3	0.011339
30	-2.9	0.011973
30	-2.8	0.015991
30	-2.7	0.022768
30	-2.6	0.026654
30	-2.5	0.029778
30	-2.4	0.029862
30	-2.3	0.028679
30	-2.2	0.026564
30	-2.1	0.026072
30	-2	0.026808
30	-1.9	0.027974
30	-1.8	0.028302
30	-1.7	0.027782
30	-1.6	0.025043
30	-1.5	0.02351
30	-1.4	0.024899
30	-1.3	0.032028
30	-1.2	0.036919
30	-1.1	0.046293
30	-1	0.051879
30	-0.9	0.055643
30	-0.8	0.055774
30	-0.7	0.052006
30	-0.6	0.043857
30	-0.5	0.035882
30	-0.4	0.028196
30	-0.3	0.019752
30	-0.2	0.015116
30	-0.1	0.012417
30	0	0.012016
30	0.1	0.013734
30	0.2	0.018966
30	0.3	0.022712
30	0.4	0.030639
30	0.5	0.034641
30	0.6	0.040692
30	0.7	0.045069
30	0.8	0.046278
30	0.9	0.047134
30	1	0.04598
30	1.1	0.043577
30	1.2	0.041067
30	1.3	0.038354
30	1.4	0.036137
30	1.5	0.033231
30	1.6	0.031173
30	1.7	0.028447
30	1.8	0.027161
30	1.9	0.026299
30	2	0.026171
30	2.1	0.025359
30	2.2	0.025028
30	2.3	0.024272
30	2.4	0.023102
30	2.5	0.019985
30	2.6	0.017218
30	2.7	0.015204
30	2.8	0.014177
30	2.9	0.013058
30	3	0.012112
30	3.1	0.011139
30	3.2	0.0097466
30	3.3	0.0088296
30	3.4	0.0068883
30	3.5	0.0071123
30	3.6	0.0073492
30	3.7	0.0071779
30	3.8	0.0076297
30	3.9	0.0076106
30	4	0.0072362
40	-4	0.0075402
40	-3.9	0.0073799
40	-3.8	0.0067341
40	-3.7	0.005631
40	-3.6	0.0053211
40	-3.5	0.0066033
40	-3.4	0.008488
40	-3.3	0.009255
40	-3.2	0.0097978
40	-3.1	0.0094895
40	-3	0.0099371
40	-2.9	0.011953
40	-2.8	0.013979
40	-2.7	0.019054
40	-2.6	0.025736
40	-2.5	0.02888
40	-2.4	0.031282
40	-2.3	0.031426
40	-2.2	0.030593
40	-2.1	0.028518
40	-2	0.028113
40	-1.9	0.028906
40	-1.8	0.030046
40	-1.7	0.029539
40	-1.6	0.028189
40	-1.5	0.025961
40	-1.4	0.02663
40	-1.3	0.030865
40	-1.2	0.036991
40	-1.1	0.045081
40	-1	0.051124
40	-0.9	0.053654
40	-0.8	0.054624
40	-0.7	0.052385
40	-0.6	0.046195
40	-0.5	0.036869
40	-0.4	0.030976
40	-0.3	0.021065
40	-0.2	0.015431
40	-0.1	0.013204
40	0	0.011988
40	0.1	0.014147
40	0.2	0.018852
40	0.3	0.023659
40	0.4	0.03007
40	0.5	0.03586
40	0.6	0.040345
40	0.7	0.045153
40	0.8	0.0466
40	0.9	0.047958
40	1	0.04814
40	1.1	0.046796
40	1.2	0.045337
40	1.3	0.041965
40	1.4	0.037421
40	1.5	0.032998
40	1.6	0.028525
40	1.7	0.02585
40	1.8	0.024869
40	1.9	0.025091
40	2	0.025345
40	2.1	0.024947
40	2.2	0.024516
40	2.3	0.02296
40	2.4	0.020955
40	2.5	0.018833
40	2.6	0.016882
40	2.7	0.015209
40	2.8	0.013738
40	2.9	0.01213
40	3	0.0099191
40	3.1	0.0087727
40	3.2	0.0074735
40	3.3	0.0074605
40	3.4	0.00711
40	3.5	0.0069094
40	3.6	0.0067796
40	3.7	0.0060994
40	3.8	0.0064045
40	3.9	0.0056138
40	4	0.0062383
50	-4	0.0071077
50	-3.9	0.0098127
50	-3.8	0.010267
50	-3.7	0.0096113
50	-3.6	0.0073536
50	-3.5	0.0050308
50	-3.4	0.0056739
50	-3.3	0.0082974
50	-3.2	0.010415
50	-3.1	0.011299
50	-3	0.011088
50	-2.9	0.011573
50	-2.8	0.013412
50	-2.7	0.01667
50	-2.6	0.0219
50	-2.5	0.027318
50	-2.4	0.030065
50	-2.3	0.031871
50	-2.2	0.030908
50	-2.1	0.028106
50	-2	0.026035
50	-1.9	0.026591
50	-1.8	0.028221
50	-1.7	0.028681
50	-1.6	0.02819
50	-1.5	0.025893
50	-1.4	0.024861
50	-1.3	0.027533
50	-1.2	0.032136
50	-1.1	0.042488
50	-1	0.047768
50	-0.9	0.052531
50	-0.8	0.05442
50	-0.7	0.05257
50	-0.6	0.047463
50	-0.5	0.039995
50	-0.4	0.030874
50	-0.3	0.021679
50	-0.2	0.014929
50	-0.1	0.010463
50	0	0.011122
50	0.1	0.015092
50	0.2	0.018081
50	0.3	0.024609
50	0.4	0.028257
50	0.5	0.034326
50	0.6	0.041022
50	0.7	0.04457
50	0.8	0.046958
50	0.9	0.048322
50	1	0.048075
50	1.1	0.044389
50	1.2	0.041388
50	1.3	0.037636
50	1.4	0.032142
50	1.5	0.028711
50	1.6	0.027264
50	1.7	0.026558
50	1.8	0.025983
50	1.9	0.025651
50	2	0.024382
50	2.1	0.022314
50	2.2	0.020572
50	2.3	0.019251
50	2.4	0.018305
50	2.5	0.017427
50	2.6	0.016928
50	2.7	0.016017
50	2.8	0.014925
50	2.9	0.012832
50	3	0.010899
50	3.1	0.009
50	3.2	0.0092217
50	3.3	0.009911
50	3.4	0.0094656
50	3.5	0.010034
50	3.6	0.0091496
50	3.7	0.0071485
50	3.8	0.0067962
50	3.9	0.0068813
50	4	0.006879
60	-4	0.0091266
60	-3.9	0.010042
60	-3.8	0.010188
60	-3.7	0.0092985
60	-3.6	0.0072004
60	-3.5	0.006181
60	-3.4	0.0068247
60	-3.3	0.0077828
60	-3.2	0.008667
60	-3.1	0.0092042
60	-3	0.0098472
60	-2.9	0.013102
60	-2.8	0.015412
60	-2.7	0.019439
60	-2.6	0.023221
60	-2.5	0.026335
60	-2.4	0.027386
60	-2.3	0.028346
60	-2.2	0.028573
60	-2.1	0.028931
60	-2	0.0298
60	-1.9	0.031029
60	-1.8	0.032524
60	-1.7	0.031694
60	-1.6	0.029253
60	-1.5	0.024897
60	-1.4	0.024382
60	-1.3	0.027973
60	-1.2	0.034462
60	-1.1	0.044411
60	-1	0.05141
60	-0.9	0.054538
60	-0.8	0.054409
60	-0.7	0.051039
60	-0.6	0.045323
60	-0.5	0.037243
60	-0.4	0.027008
60	-0.3	0.021732
60	-0.2	0.01655
60	-0.1	0.013443
60	0	0.012312
60	0.1	0.012671
60	0.2	0.01476
60	0.3	0.018735
60	0.4	0.026399
60	0.5	0.033502
60	0.6	0.040186
60	0.7	0.04398
60	0.8	0.046839
60	0.9	0.047004
60	1	0.045936
60	1.1	0.043846
60	1.2	0.04065
60	1.3	0.037366
60	1.4	0.034145
60	1.5	0.032134
60	1.6	0.030582
60	1.7	0.028985
60	1.8	0.028575
60	1.9	0.028343
60	2	0.028655
60	2.1	0.027459
60	2.2	0.025951
60	2.3	0.024844
60	2.4	0.022853
60	2.5	0.021579
60	2.6	0.019755
60	2.7	0.01813
60	2.8	0.016339
60	2.9	0.01535
60	3	0.012843
60	3.1	0.011243
60	3.2	0.0088076
60	3.3	0.0079472
60	3.4	0.0077056
60	3.5	0.0080823
60	3.6	0.0079166
60	3.7	0.0074453
60	3.8	0.0076382
60	3.9	0.0076825
60	4	0.0077849
70	-4	0.00944
70	-3.9	0.010486
70	-3.8	0.010931
70	-3.7	0.010813
70	-3.6	0.010554
70	-3.5	0.0092024
70	-3.4	0.008624
70	-3.3	0.0078077
70	-3.2	0.0072384
70	-3.1	0.0084975
70	-3	0.010002
70	-2.9	0.011958
70	-2.8	0.015318
70	-2.7	0.018088
70	-2.6	0.02075
70	-2.5	0.022681
70	-2.4	0.026312
70	-2.3	0.027443
70	-2.2	0.028312
70	-2.1	0.029082
70	-2	0.031256
70	-1.9	0.032608
70	-1.8	0.033439
70	-1.7	0.033191
70	-1.6	0.029231
70	-1.5	0.025618
70	-1.4	0.024459
70	-1.3	0.026954
70	-1.2	0.033651
70	-1.1	0.042977
70	-1	0.04796
70	-0.9	0.052805
70	-0.8	0.055246
70	-0.7	0.051616
70	-0.6	0.046012
70	-0.5	0.038769
70	-0.4	0.030204
70	-0.3	0.022792
70	-0.2	0.015875
70	-0.1	0.011782
70	0	0.011534
70	0.1	0.012535
70	0.2	0.016866
70	0.3	0.020621
70	0.4	0.028956
70	0.5	0.035062
70	0.6	0.039494
70	0.7	0.043324
70	0.8	0.046919
70	0.9	0.047008
70	1	0.046005
70	1.1	0.04443
70	1.2	0.041192
70	1.3	0.038151
70	1.4	0.035308
70	1.5	0.033999
70	1.6	0.030925
70	1.7	0.030083
70	1.8	0.027797
70	1.9	0.027338
70	2	0.027321
70	2.1	0.027408
70	2.2	0.026751
70	2.3	0.02495
70	2.4	0.02256
70	2.5	0.020812
70	2.6	0.017612
70	2.7	0.015869
70	2.8	0.014987
70	2.9	0.01377
70	3	0.012992
70	3.1	0.010042
70	3.2	0.0091778
70	3.3	0.0076
70	3.4	0.0077911
70	3.5	0.008423
70	3.6	0.0083498
70	3.7	0.0083788
70	3.8	0.0086109
70	3.9	0.0090036
70	4	0.0084422
80	-4	0.0085752
80	-3.9	0.0094091
80	-3.8	0.0106
80	-3.7	0.010908
80	-3.6	0.010114
80	-3.5	0.008624
80	-3.4	0.006879
80	-3.3	0.0067843
80	-3.2	0.0089116
80	-3.1	0.010114
80	-3	0.011855
80	-2.9	0.012215
80	-2.8	0.012996
80	-2.7	0.014419
80	-2.6	0.019832
80	-2.5	0.024056
80	-2.4	0.028066
80	-2.3	0.031304
80	-2.2	0.032619
80	-2.1	0.03231
80	-2	0.031114
80	-1.9	0.030608
80	-1.8	0.030773
80	-1.7	0.031191
80	-1.6	0.031269
80	-1.5	0.028925
80	-1.4	0.028188
80	-1.3	0.027043
80	-1.2	0.031245
80	-1.1	0.039427
80	-1	0.04812
80	-0.9	0.0529
80	-0.8	0.056538
80	-0.7	0.055736
80	-0.6	0.050039
80	-0.5	0.042178
80	-0.4	0.033398
80	-0.3	0.026896
80	-0.2	0.01929
80	-0.1	0.015703
80	0	0.013164
80	0.1	0.012653
80	0.2	0.013866
80	0.3	0.020275
80	0.4	0.024398
80	0.5	0.03544
80	0.6	0.038818
80	0.7	0.045361
80	0.8	0.048291
80	0.9	0.049242
80	1	0.048881
80	1.1	0.046983
80	1.2	0.04486
80	1.3	0.041434
80	1.4	0.036278
80	1.5	0.034045
80	1.6	0.029909
80	1.7	0.028359
80	1.8	0.027425
80	1.9	0.028431
80	2	0.030974
80	2.1	0.030892
80	2.2	0.029237
80	2.3	0.026626
80	2.4	0.023965
80	2.5	0.02101
80	2.6	0.01962
80	2.7	0.018739
80	2.8	0.018484
80	2.9	0.017725
80	3	0.016195
80	3.1	0.012464
80	3.2	0.0094125
80	3.3	0.0077433
80	3.4	0.0078716
80	3.5	0.0095218
80	3.6	0.010471
80	3.7	0.0097316
80	3.8	0.0095962
80	3.9	0.0087061
80	4	0.00815
90	-4	0.01116
90	-3.9	0.010811
90	-3.8	0.010993
90	-3.7	0.011051
90	-3.6	0.010162
90	-3.5	0.009515
90	-3.4	0.0086353
90	-3.3	0.0083788
90	-3.2	0.009675
90	-3.1	0.01089
90	-3	0.011625
90	-2.9	0.011436
90	-2.8	0.010955
90	-2.7	0.013672
90	-2.6	0.019044
90	-2.5	0.024871
90	-2.4	0.028007
90	-2.3	0.032862
90	-2.2	0.033446
90	-2.1	0.032869
90	-2	0.031599
90	-1.9	0.030944
90	-1.8	0.030685
90	-1.7	0.030207
90	-1.6	0.029632
90	-1.5	0.028355
90	-1.4	0.027419
90	-1.3	0.027928
90	-1.2	0.031722
90	-1.1	0.038169
90	-1	0.045013
90	-0.9	0.051502
90	-0.8	0.053727
90	-0.7	0.054249
90	-0.6	0.051056
90	-0.5	0.0469
90	-0.4	0.03668
90	-0.3	0.028254
90	-0.2	0.023827
90	-0.1	0.018622
90	0	0.015893
90	0.1	0.013521
90	0.2	0.01313
90	0.3	0.015496
90	0.4	0.021926
90	0.5	0.027134
90	0.6	0.036197
90	0.7	0.044388
90	0.8	0.050071
90	0.9	0.051236
90	1	0.051432
90	1.1	0.04976
90	1.2	0.046851
90	1.3	0.042792
90	1.4	0.039333
90	1.5	0.036981
90	1.6	0.036033
90	1.7	0.034124
90	1.8	0.03274
90	1.9	0.031228
90	2	0.031004
90	2.1	0.030776
90	2.2	0.029802
90	2.3	0.02825
90	2.4	0.026537
90	2.5	0.024645
90	2.6	0.02199
90	2.7	0.018974
90	2.8	0.01607
90	2.9	0.014058
90	3	0.011868
90	3.1	0.010455
90	3.2	0.0097631
90	3.3	0.0092024
90	3.4	0.0086708
90	3.5	0.0074757
90	3.6	0.0069421
90	3.7	0.0063462
90	3.8	0.0065566
90	3.9	0.0071077
90	4	0.0066447
100	-4	0.0089496
100	-3.9	0.0098636
100	-3.8	0.01065
100	-3.7	0.010993
100	-3.6	0.0096281
100	-3.5	0.0078222
100	-3.4	0.0075359
100	-3.3	0.0075209
100	-3.2	0.009139
100	-3.1	0.010689
100	-3	0.01034
100	-2.9	0.0092585
100	-2.8	0.0093194
100	-2.7	0.011491
100	-2.6	0.017952
100	-2.5	0.021934
100	-2.4	0.029124
100	-2.3	0.031817
100	-2.2	0.033196
100	-2.1	0.032648
100	-2	0.031962
100	-1.9	0.031247
100	-1.8	0.032137
100	-1.7	0.032832
100	-1.6	0.032942
100	-1.5	0.031409
100	-1.4	0.028929
100	-1.3	0.027425
100	-1.2	0.030621
100	-1.1	0.034972
100	-1	0.044257
100	-0.9	0.053371
100	-0.8	0.057173
100	-0.7	0.056704
100	-0.6	0.051704
100	-0.5	0.045633
100	-0.4	0.036638
100	-0.3	0.027526
100	-0.2	0.019601
100	-0.1	0.016068
100	0	0.01472
100	0.1	0.013411
100	0.2	0.014886
100	0.3	0.016395
100	0.4	0.02427
100	0.5	0.033158
100	0.6	0.038719
100	0.7	0.045195
100	0.8	0.047158
100	0.9	0.048646
100	1	0.047804
100	1.1	0.04612
100	1.2	0.044049
100	1.3	0.040894
100	1.4	0.037821
100	1.5	0.034914
100	1.6	0.033562
100	1.7	0.031668
100	1.8	0.029592
100	1.9	0.029254
100	2	0.029932
100	2.1	0.030669
100	2.2	0.030607
100	2.3	0.029518
100	2.4	0.028047
100	2.5	0.025881
100	2.6	0.023373
100	2.7	0.021184
100	2.8	0.019148
100	2.9	0.016015
100	3	0.015119
100	3.1	0.013294
100	3.2	0.011705
100	3.3	0.01097
100	3.4	0.009515
100	3.5	0.0091443
100	3.6	0.0086558
100	3.7	0.008148
100	3.8	0.0081856
100	3.9	0.0085582
100	4	0.008313
110	-4	0.0095962
110	-3.9	0.011762
110	-3.8	0.012936
110	-3.7	0.012948
110	-3.6	0.011837
110	-3.5	0.010382
110	-3.4	0.007849
110	-3.3	0.0078695
110	-3.2	0.0087653
110	-3.1	0.010505
110	-3	0.010775
110	-2.9	0.010403
110	-2.8	0.010662
110	-2.7	0.01266
110	-2.6	0.017598
110	-2.5	0.023025
110	-2.4	0.027696
110	-2.3	0.029978
110	-2.2	0.030809
110	-2.1	0.030224
110	-2	0.029057
110	-1.9	0.029946
110	-1.8	0.031115
110	-1.7	0.031851
110	-1.6	0.030927
110	-1.5	0.028238
110	-1.4	0.024894
110	-1.3	0.023776
110	-1.2	0.029763
110	-1.1	0.035788
110	-1	0.044041
110	-0.9	0.050713
110	-0.8	0.0534
110	-0.7	0.055044
110	-0.6	0.052862
110	-0.5	0.045149
110	-0.4	0.036619
110	-0.3	0.027758
110	-0.2	0.021146
110	-0.1	0.016538
110	0	0.013429
110	0.1	0.012746
110	0.2	0.01388
110	0.3	0.016561
110	0.4	0.022492
110	0.5	0.026852
110	0.6	0.035184
110	0.7	0.043137
110	0.8	0.046584
110	0.9	0.049012
110	1	0.049298
110	1.1	0.04756
110	1.2	0.044589
110	1.3	0.040908
110	1.4	0.036397
110	1.5	0.032608
110	1.6	0.030065
110	1.7	0.028404
110	1.8	0.027897
110	1.9	0.027861
110	2	0.028869
110	2.1	0.029082
110	2.2	0.028597
110	2.3	0.028581
110	2.4	0.027525
110	2.5	0.025001
110	2.6	0.023474
110	2.7	0.020623
110	2.8	0.019674
110	2.9	0.017017
110	3	0.016163
110	3.1	0.013924
110	3.2	0.012567
110	3.3	0.01145
110	3.4	0.010688
110	3.5	0.0099403
110	3.6	0.0091089
110	3.7	0.0088094
110	3.8	0.0089586
110	3.9	0.0088351
110	4	0.0085336
120	-4	0.0077766
120	-3.9	0.010445
120	-3.8	0.011886
120	-3.7	0.012457
120	-3.6	0.0112
120	-3.5	0.0093609
120	-3.4	0.0076297
120	-3.3	0.0066399
120	-3.2	0.0064447
120	-3.1	0.0079817
120	-3	0.0093141
120	-2.9	0.010018
120	-2.8	0.010571
120	-2.7	0.012668
120	-2.6	0.017915
120	-2.5	0.022585
120	-2.4	0.024264
120	-2.3	0.028731
120	-2.2	0.029834
120	-2.1	0.029684
120	-2	0.028937
120	-1.9	0.028446
120	-1.8	0.029252
120	-1.7	0.029718
120	-1.6	0.029775
120	-1.5	0.028538
120	-1.4	0.025075
120	-1.3	0.024237
120	-1.2	0.028532
120	-1.1	0.034906
120	-1	0.040438
120	-0.9	0.046767
120	-0.8	0.05274
120	-0.7	0.05323
120	-0.6	0.0501
120	-0.5	0.044312
120	-0.4	0.035804
120	-0.3	0.029428
120	-0.2	0.022367
120	-0.1	0.017791
120	0	0.015425
120	0.1	0.013257
120	0.2	0.012805
120	0.3	0.014561
120	0.4	0.020458
120	0.5	0.02613
120	0.6	0.034367
120	0.7	0.04195
120	0.8	0.046087
120	0.9	0.047937
120	1	0.048038
120	1.1	0.046762
120	1.2	0.042942
120	1.3	0.040047
120	1.4	0.035433
120	1.5	0.032655
120	1.6	0.030911
120	1.7	0.028286
120	1.8	0.027918
120	1.9	0.029359
120	2	0.030946
120	2.1	0.031108
120	2.2	0.030159
120	2.3	0.028826
120	2.4	0.025986
120	2.5	0.02406
120	2.6	0.022451
120	2.7	0.020855
120	2.8	0.020351
120	2.9	0.018734
120	3	0.016291
120	3.1	0.014764
120	3.2	0.011295
120	3.3	0.0098685
120	3.4	0.0091355
120	3.5	0.00878
120	3.6	0.0094383
120	3.7	0.0098258
120	3.8	0.0091884
120	3.9	0.0083923
120	4	0.0083942
130	-4	0.0090893
130	-3.9	0.010412
130	-3.8	0.011316
130	-3.7	0.011492
130	-3.6	0.010135
130	-3.5	0.0090591
130	-3.4	0.0070346
130	-3.3	0.0066472
130	-3.2	0.0064221
130	-3.1	0.0079878
130	-3	0.0088934
130	-2.9	0.0098324
130	-2.8	0.011704
130	-2.7	0.013205
130	-2.6	0.016662
130	-2.5	0.01931
130	-2.4	0.023669
130	-2.3	0.025901
130	-2.2	0.027314
130	-2.1	0.028677
130	-2	0.029144
130	-1.9	0.03051
130	-1.8	0.030944
130	-1.7	0.030942
130	-1.6	0.028908
130	-1.5	0.026336
130	-1.4	0.024081
130	-1.3	0.023546
130	-1.2	0.026932
130	-1.1	0.031344
130	-1	0.041742
130	-0.9	0.047504
130	-0.8	0.052889
130	-0.7	0.053325
130	-0.6	0.050295
130	-0.5	0.046083
130	-0.4	0.039672
130	-0.3	0.030685
130	-0.2	0.023711
130	-0.1	0.019237
130	0	0.016283
130	0.1	0.014361
130	0.2	0.013321
130	0.3	0.014843
130	0.4	0.019247
130	0.5	0.027225
130	0.6	0.033229
130	0.7	0.040268
130	0.8	0.046491
130	0.9	0.047975
130	1	0.049117
130	1.1	0.048234
130	1.2	0.044285
130	1.3	0.040692
130	1.4	0.036612
130	1.5	0.033979
130	1.6	0.032134
130	1.7	0.029387
130	1.8	0.029367
130	1.9	0.029537
130	2	0.030143
130	2.1	0.029508
130	2.2	0.028625
130	2.3	0.027198
130	2.4	0.02626
130	2.5	0.024119
130	2.6	0.022205
130	2.7	0.02131
130	2.8	0.02029
130	2.9	0.018416
130	3	0.016997
130	3.1	0.013666
130	3.2	0.011741
130	3.3	0.010619
130	3.4	0.0087579
130	3.5	0.0082329
130	3.6	0.0086782
130	3.7	0.0094554
130	3.8	0.0092933
130	3.9	0.0085695
130	4	0.0087763
140	-4	0.0087191
140	-3.9	0.0096666
140	-3.8	0.010119
140	-3.7	0.010463
140	-3.6	0.0097067
140	-3.5	0.0086165
140	-3.4	0.0073974
140	-3.3	0.0065812
140	-3.2	0.0072563
140	-3.1	0.0089387
140	-3	0.0094228
140	-2.9	0.0098603
140	-2.8	0.010194
140	-2.7	0.012949
140	-2.6	0.0182
140	-2.5	0.021781
140	-2.4	0.025131
140	-2.3	0.028495
140	-2.2	0.030208
140	-2.1	0.030235
140	-2	0.030087
140	-1.9	0.030519
140	-1.8	0.03102
140	-1.7	0.030248
140	-1.6	0.0285
140	-1.5	0.025508
140	-1.4	0.023172
140	-1.3	0.022212
140	-1.2	0.026483
140	-1.1	0.033612
140	-1	0.039875
140	-0.9	0.046597
140	-0.8	0.050458
140	-0.7	0.050757
140	-0.6	0.048115
140	-0.5	0.04362
140	-0.4	0.037317
140	-0.3	0.030537
140	-0.2	0.02207
140	-0.1	0.018513
140	0	0.015747
140	0.1	0.014092
140	0.2	0.013372
140	0.3	0.014325
140	0.4	0.017952
140	0.5	0.023668
140	0.6	0.030859
140	0.7	0.03773
140	0.8	0.041239
140	0.9	0.043195
140	1	0.045016
140	1.1	0.043681
140	1.2	0.04187
140	1.3	0.038854
140	1.4	0.035106
140	1.5	0.033396
140	1.6	0.029859
140	1.7	0.028422
140	1.8	0.029242
140	1.9	0.030012
140	2	0.032432
140	2.1	0.03267
140	2.2	0.031883
140	2.3	0.03107
140	2.4	0.029516
140	2.5	0.027101
140	2.6	0.023406
140	2.7	0.02214
140	2.8	0.020945
140	2.9	0.020232
140	3	0.017164
140	3.1	0.014938
140	3.2	0.012737
140	3.3	0.010615
140	3.4	0.0090733
140	3.5	0.0085469
140	3.6	0.0083942
140	3.7	0.0085733
140	3.8	0.0091195
140	3.9	0.0093712
140	4	0.0088351
150	-4	0.0089387
150	-3.9	0.010334
150	-3.8	0.010645
150	-3.7	0.0097117
150	-3.6	0.0074908
150	-3.5	0.0065145
150	-3.4	0.0061548
150	-3.3	0.0080803
150	-3.2	0.0097863
150	-3.1	0.010167
150	-3	0.0087357
150	-2.9	0.0071959
150	-2.8	0.0081043
150	-2.7	0.012298
150	-2.6	0.018479
150	-2.5	0.025875
150	-2.4	0.029362
150	-2.3	0.030509
150	-2.2	0.030267
150	-2.1	0.027858
150	-2	0.026063
150	-1.9	0.026178
150	-1.8	0.027738
150	-1.7	0.029984
150	-1.6	0.030461
150	-1.5	0.028799
150	-1.4	0.025514
150	-1.3	0.021677
150	-1.2	0.02342
150	-1.1	0.029396
150	-1	0.039807
150	-0.9	0.04992
150	-0.8	0.054886
150	-0.7	0.055988
150	-0.6	0.053286
150	-0.5	0.048731
150	-0.4	0.039172
150	-0.3	0.026369
150	-0.2	0.020385
150	-0.1	0.014598
150	0	0.012204
150	0.1	0.011132
150	0.2	0.011152
150	0.3	0.012877
150	0.4	0.0195
150	0.5	0.025813
150	0.6	0.034445
150	0.7	0.041543
150	0.8	0.042859
150	0.9	0.045417
150	1	0.044725
150	1.1	0.041483
150	1.2	0.040165
150	1.3	0.03444
150	1.4	0.03296
150	1.5	0.030249
150	1.6	0.028319
150	1.7	0.02583
150	1.8	0.025222
150	1.9	0.024237
150	2	0.024331
150	2.1	0.024904
150	2.2	0.025689
150	2.3	0.026489
150	2.4	0.026212
150	2.5	0.024895
150	2.6	0.022884
150	2.7	0.020381
150	2.8	0.018852
150	2.9	0.01604
150	3	0.014625
150	3.1	0.013828
150	3.2	0.013146
150	3.3	0.01215
150	3.4	0.011181
150	3.5	0.010079
150	3.6	0.0092112
150	3.7	0.0086353
150	3.8	0.008227
150	3.9	0.0086931
150	4	0.0083846
160	-4	0.0079126
160	-3.9	0.0087061
160	-3.8	0.0093816
160	-3.7	0.0091954
160	-3.6	0.0083382
160	-3.5	0.0067269
160	-3.4	0.0062873
160	-3.3	0.0069839
160	-3.2	0.0076993
160	-3.1	0.0081639
160	-3	0.0079289
160	-2.9	0.0072652
160	-2.8	0.0085978
160	-2.7	0.013955
160	-2.6	0.017327
160	-2.5	0.02277
160	-2.4	0.028602
160	-2.3	0.030596
160	-2.2	0.031619
160	-2.1	0.031117
160	-2	0.031048
160	-1.9	0.030975
160	-1.8	0.031759
160	-1.7	0.031318
160	-1.6	0.030234
160	-1.5	0.026754
160	-1.4	0.024996
160	-1.3	0.024584
160	-1.2	0.028842
160	-1.1	0.033395
160	-1	0.037974
160	-0.9	0.047553
160	-0.8	0.049821
160	-0.7	0.049549
160	-0.6	0.046547
160	-0.5	0.041658
160	-0.4	0.033055
160	-0.3	0.024908
160	-0.2	0.018915
160	-0.1	0.014459
160	0	0.013176
160	0.1	0.011679
160	0.2	0.011834
160	0.3	0.0134
160	0.4	0.016036
160	0.5	0.023596
160	0.6	0.028294
160	0.7	0.035084
160	0.8	0.039199
160	0.9	0.042685
160	1	0.043514
160	1.1	0.042901
160	1.2	0.039158
160	1.3	0.03793
160	1.4	0.033796
160	1.5	0.030821
160	1.6	0.027275
160	1.7	0.026116
160	1.8	0.026031
160	1.9	0.026885
160	2	0.027241
160	2.1	0.027351
160	2.2	0.026993
160	2.3	0.02603
160	2.4	0.024426
160	2.5	0.022871
160	2.6	0.021474
160	2.7	0.018835
160	2.8	0.017025
160	2.9	0.015104
160	3	0.013377
160	3.1	0.010821
160	3.2	0.0099289
160	3.3	0.008654
160	3.4	0.0078839
160	3.5	0.0075231
160	3.6	0.0071418
160	3.7	0.0068271
160	3.8	0.0064372
160	3.9	0.005809
160	4	0.0059001
170	-4	0.0091725
170	-3.9	0.0098423
170	-3.8	0.010609
170	-3.7	0.0093781
170	-3.6	0.0072674
170	-3.5	0.0065245
170	-3.4	0.0065145
170	-3.3	0.0079878
170	-3.2	0.0091655
170	-3.1	0.0087505
170	-3	0.008344
170	-2.9	0.0086745
170	-2.8	0.011501
170	-2.7	0.016622
170	-2.6	0.022264
170	-2.5	0.025701
170	-2.4	0.029207
170	-2.3	0.030623
170	-2.2	0.030569
170	-2.1	0.030014
170	-2	0.030858
170	-1.9	0.032903
170	-1.8	0.03467
170	-1.7	0.034871
170	-1.6	0.033265
170	-1.5	0.027722
170	-1.4	0.024169
170	-1.3	0.02428
170	-1.2	0.028845
170	-1.1	0.035358
170	-1	0.043306
170	-0.9	0.051901
170	-0.8	0.053317
170	-0.7	0.053071
170	-0.6	0.048677
170	-0.5	0.042033
170	-0.4	0.030251
170	-0.3	0.022626
170	-0.2	0.017861
170	-0.1	0.013465
170	0	0.012414
170	0.1	0.011381
170	0.2	0.012366
170	0.3	0.014538
170	0.4	0.019263
170	0.5	0.024698
170	0.6	0.03025
170	0.7	0.035959
170	0.8	0.041461
170	0.9	0.042911
170	1	0.043718
170	1.1	0.042133
170	1.2	0.039895
170	1.3	0.035925
170	1.4	0.032554
170	1.5	0.029392
170	1.6	0.027293
170	1.7	0.025721
170	1.8	0.026156
170	1.9	0.027306
170	2	0.028036
170	2.1	0.027216
170	2.2	0.027009
170	2.3	0.026247
170	2.4	0.025072
170	2.5	0.022629
170	2.6	0.02147
170	2.7	0.020255
170	2.8	0.019352
170	2.9	0.017501
170	3	0.014686
170	3.1	0.011797
170	3.2	0.010804
170	3.3	0.0098225
170	3.4	0.0092235
170	3.5	0.0090876
170	3.6	0.0091443
170	3.7	0.0084918
170	3.8	0.0085165
170	3.9	0.0071891
170	4	0.0072205
180	-4	0.007508
180	-3.9	0.0083382
180	-3.8	0.0091725
180	-3.7	0.010307
180	-3.6	0.0095844
180	-3.5	0.0089007
180	-3.4	0.0074192
180	-3.3	0.0073558
180	-3.2	0.0086614
180	-3.1	0.009665
180	-3	0.011027
180	-2.9	0.013027
180	-2.8	0.015671
180	-2.7	0.017518
180	-2.6	0.021931
180	-2.5	0.025434
180	-2.4	0.029087
180	-2.3	0.031348
180	-2.2	0.032728
180	-2.1	0.033605
180	-2	0.034895
180	-1.9	0.036371
180	-1.8	0.036552
180	-1.7	0.035685
180	-1.6	0.03215
180	-1.5	0.025987
180	-1.4	0.02409
180	-1.3	0.024263
180	-1.2	0.029662
180	-1.1	0.03708
180	-1	0.04399
180	-0.9	0.050716
180	-0.8	0.053432
180	-0.7	0.052831
180	-0.6	0.047387
180	-0.5	0.041784
180	-0.4	0.035842
180	-0.3	0.025915
180	-0.2	0.02221
180	-0.1	0.015505
180	0	0.013114
180	0.1	0.012154
180	0.2	0.012641
180	0.3	0.015926
180	0.4	0.020773
180	0.5	0.026846
180	0.6	0.033845
180	0.7	0.037505
180	0.8	0.040896
180	0.9	0.04253
180	1	0.04314
180	1.1	0.041759
180	1.2	0.038544
180	1.3	0.036839
180	1.4	0.034927
180	1.5	0.030109
180	1.6	0.028517
180	1.7	0.026045
180	1.8	0.026164
180	1.9	0.026741
180	2	0.026679
180	2.1	0.026485
180	2.2	0.02682
180	2.3	0.026133
180	2.4	0.025445
180	2.5	0.021798
180	2.6	0.020656
180	2.7	0.019207
180	2.8	0.017482
180	2.9	0.015632
180	3	0.01339
180	3.1	0.01226
180	3.2	0.010777
180	3.3	0.0086819
180	3.4	0.0074821
180	3.5	0.0067748
180	3.6	0.0067533
180	3.7	0.007225
180	3.8	0.0079614
180	3.9	0.007849
180	4	0.007358
 
Uniformity Ratio =0.70049
