05-Jan-2018
13:33
TXR  008011 RM428 R24
33511B Function Generator
SN =Agilent Technologies,33511B,MY52301476,3.05-1.19-2.00-52-00
freq =+9.310000000000000E+06
burstmode =TRIG
burstN =+6.000000000000000E+01
voltage =+1.5000000000000E-01
 
DSO-X 2022A Oscilloscope
SN =AGILENT TECHNOLOGIES,DSO-X 2022A,MY54310921,02.41.2015102200
probe =+1.0000000E+00
scale =+500.0E-09
position =+19.900000E-06
range =+1.60E+00
units =VOLT
points =+2000
pointmode =NORM
format =BYTE
acqtype =NORM
trigsource =EXT
coupling =AC
 
-180	-4	0.011973
-180	-3.9	0.012844
-180	-3.8	0.013603
-180	-3.7	0.013623
-180	-3.6	0.012738
-180	-3.5	0.011468
-180	-3.4	0.011335
-180	-3.3	0.011868
-180	-3.2	0.012274
-180	-3.1	0.011936
-180	-3	0.010906
-180	-2.9	0.0072763
-180	-2.8	0.0071395
-180	-2.7	0.0090466
-180	-2.6	0.015537
-180	-2.5	0.018128
-180	-2.4	0.023495
-180	-2.3	0.027026
-180	-2.2	0.02913
-180	-2.1	0.030811
-180	-2	0.036017
-180	-1.9	0.039196
-180	-1.8	0.043808
-180	-1.7	0.044774
-180	-1.6	0.044282
-180	-1.5	0.039186
-180	-1.4	0.03323
-180	-1.3	0.025969
-180	-1.2	0.022164
-180	-1.1	0.024888
-180	-1	0.034197
-180	-0.9	0.043759
-180	-0.8	0.048716
-180	-0.7	0.053896
-180	-0.6	0.054444
-180	-0.5	0.050575
-180	-0.4	0.044985
-180	-0.3	0.036958
-180	-0.2	0.030039
-180	-0.1	0.023552
-180	0	0.02216
-180	0.1	0.019564
-180	0.2	0.019073
-180	0.3	0.021131
-180	0.4	0.022859
-180	0.5	0.027366
-180	0.6	0.034152
-180	0.7	0.036523
-180	0.8	0.040825
-180	0.9	0.043203
-180	1	0.043861
-180	1.1	0.042699
-180	1.2	0.039848
-180	1.3	0.035795
-180	1.4	0.032547
-180	1.5	0.030001
-180	1.6	0.02906
-180	1.7	0.028214
-180	1.8	0.029284
-180	1.9	0.030859
-180	2	0.031771
-180	2.1	0.031552
-180	2.2	0.028264
-180	2.3	0.025409
-180	2.4	0.02401
-180	2.5	0.020398
-180	2.6	0.018382
-180	2.7	0.017223
-180	2.8	0.016067
-180	2.9	0.015528
-180	3	0.013738
-180	3.1	0.011626
-180	3.2	0.0084842
-180	3.3	0.0081202
-180	3.4	0.0082505
-180	3.5	0.0088259
-180	3.6	0.0089748
-180	3.7	0.0091089
-180	3.8	0.0087209
-180	3.9	0.0082034
-180	4	0.0082701
-170	-4	0.012192
-170	-3.9	0.013598
-170	-3.8	0.014447
-170	-3.7	0.014203
-170	-3.6	0.013419
-170	-3.5	0.01254
-170	-3.4	0.011597
-170	-3.3	0.01111
-170	-3.2	0.010996
-170	-3.1	0.010342
-170	-3	0.0086222
-170	-2.9	0.0073206
-170	-2.8	0.0073624
-170	-2.7	0.010249
-170	-2.6	0.015405
-170	-2.5	0.018341
-170	-2.4	0.023404
-170	-2.3	0.024714
-170	-2.2	0.028303
-170	-2.1	0.032703
-170	-2	0.036064
-170	-1.9	0.039461
-170	-1.8	0.044433
-170	-1.7	0.045928
-170	-1.6	0.045191
-170	-1.5	0.04173
-170	-1.4	0.032962
-170	-1.3	0.024877
-170	-1.2	0.021494
-170	-1.1	0.023621
-170	-1	0.035532
-170	-0.9	0.044486
-170	-0.8	0.053296
-170	-0.7	0.056611
-170	-0.6	0.055752
-170	-0.5	0.05303
-170	-0.4	0.045869
-170	-0.3	0.037184
-170	-0.2	0.029963
-170	-0.1	0.024298
-170	0	0.021434
-170	0.1	0.019556
-170	0.2	0.020047
-170	0.3	0.021978
-170	0.4	0.026514
-170	0.5	0.031592
-170	0.6	0.038526
-170	0.7	0.044144
-170	0.8	0.045551
-170	0.9	0.046007
-170	1	0.045025
-170	1.1	0.042186
-170	1.2	0.03761
-170	1.3	0.032268
-170	1.4	0.030348
-170	1.5	0.02887
-170	1.6	0.028047
-170	1.7	0.027976
-170	1.8	0.028985
-170	1.9	0.02995
-170	2	0.029886
-170	2.1	0.027943
-170	2.2	0.026618
-170	2.3	0.023278
-170	2.4	0.021284
-170	2.5	0.019065
-170	2.6	0.018226
-170	2.7	0.016758
-170	2.8	0.016235
-170	2.9	0.01459
-170	3	0.011181
-170	3.1	0.0087246
-170	3.2	0.007583
-170	3.3	0.0078634
-170	3.4	0.0095793
-170	3.5	0.010878
-170	3.6	0.010909
-170	3.7	0.011578
-170	3.8	0.010534
-170	3.9	0.0091866
-170	4	0.0085184
-160	-4	0.014356
-160	-3.9	0.014726
-160	-3.8	0.014019
-160	-3.7	0.013309
-160	-3.6	0.012521
-160	-3.5	0.012223
-160	-3.4	0.012986
-160	-3.3	0.013536
-160	-3.2	0.013717
-160	-3.1	0.012337
-160	-3	0.0088843
-160	-2.9	0.006886
-160	-2.8	0.0084192
-160	-2.7	0.012032
-160	-2.6	0.01598
-160	-2.5	0.022435
-160	-2.4	0.025331
-160	-2.3	0.028515
-160	-2.2	0.030597
-160	-2.1	0.034081
-160	-2	0.038898
-160	-1.9	0.043024
-160	-1.8	0.045787
-160	-1.7	0.046215
-160	-1.6	0.04302
-160	-1.5	0.037012
-160	-1.4	0.030283
-160	-1.3	0.021953
-160	-1.2	0.02149
-160	-1.1	0.029996
-160	-1	0.038793
-160	-0.9	0.049875
-160	-0.8	0.054653
-160	-0.7	0.055922
-160	-0.6	0.05416
-160	-0.5	0.051352
-160	-0.4	0.043802
-160	-0.3	0.038369
-160	-0.2	0.029804
-160	-0.1	0.025327
-160	0	0.022804
-160	0.1	0.021358
-160	0.2	0.021726
-160	0.3	0.02435
-160	0.4	0.028527
-160	0.5	0.032618
-160	0.6	0.03813
-160	0.7	0.044328
-160	0.8	0.046458
-160	0.9	0.047466
-160	1	0.047166
-160	1.1	0.043331
-160	1.2	0.040856
-160	1.3	0.036229
-160	1.4	0.033405
-160	1.5	0.031889
-160	1.6	0.032048
-160	1.7	0.032364
-160	1.8	0.034546
-160	1.9	0.03557
-160	2	0.035177
-160	2.1	0.033585
-160	2.2	0.029452
-160	2.3	0.026387
-160	2.4	0.023177
-160	2.5	0.020185
-160	2.6	0.018004
-160	2.7	0.017209
-160	2.8	0.01566
-160	2.9	0.013994
-160	3	0.011881
-160	3.1	0.0094844
-160	3.2	0.0087005
-160	3.3	0.0095354
-160	3.4	0.010254
-160	3.5	0.01013
-160	3.6	0.010092
-160	3.7	0.010934
-160	3.8	0.010452
-160	3.9	0.0098456
-160	4	0.0091619
-150	-4	0.014233
-150	-3.9	0.014159
-150	-3.8	0.013745
-150	-3.7	0.013268
-150	-3.6	0.012616
-150	-3.5	0.012814
-150	-3.4	0.013402
-150	-3.3	0.013743
-150	-3.2	0.01327
-150	-3.1	0.011023
-150	-3	0.0093436
-150	-2.9	0.0074388
-150	-2.8	0.0080482
-150	-2.7	0.013229
-150	-2.6	0.019189
-150	-2.5	0.022364
-150	-2.4	0.025778
-150	-2.3	0.027889
-150	-2.2	0.031155
-150	-2.1	0.036352
-150	-2	0.039837
-150	-1.9	0.04547
-150	-1.8	0.046604
-150	-1.7	0.045631
-150	-1.6	0.03957
-150	-1.5	0.032765
-150	-1.4	0.024
-150	-1.3	0.021443
-150	-1.2	0.025889
-150	-1.1	0.032026
-150	-1	0.041632
-150	-0.9	0.049056
-150	-0.8	0.052806
-150	-0.7	0.053337
-150	-0.6	0.051225
-150	-0.5	0.047475
-150	-0.4	0.039534
-150	-0.3	0.032539
-150	-0.2	0.028389
-150	-0.1	0.024605
-150	0	0.022381
-150	0.1	0.022347
-150	0.2	0.025109
-150	0.3	0.027567
-150	0.4	0.03404
-150	0.5	0.038871
-150	0.6	0.043838
-150	0.7	0.044868
-150	0.8	0.045237
-150	0.9	0.044234
-150	1	0.041869
-150	1.1	0.038536
-150	1.2	0.034877
-150	1.3	0.032797
-150	1.4	0.031997
-150	1.5	0.031383
-150	1.6	0.03112
-150	1.7	0.031679
-150	1.8	0.0328
-150	1.9	0.03333
-150	2	0.032943
-150	2.1	0.030741
-150	2.2	0.028695
-150	2.3	0.026202
-150	2.4	0.023538
-150	2.5	0.019692
-150	2.6	0.016158
-150	2.7	0.014326
-150	2.8	0.01334
-150	2.9	0.012116
-150	3	0.010862
-150	3.1	0.010154
-150	3.2	0.0094997
-150	3.3	0.0097167
-150	3.4	0.0093953
-150	3.5	0.0098373
-150	3.6	0.0096365
-150	3.7	0.00968
-150	3.8	0.0097433
-150	3.9	0.0093072
-150	4	0.0089892
-140	-4	0.016475
-140	-3.9	0.016849
-140	-3.8	0.015762
-140	-3.7	0.014623
-140	-3.6	0.012856
-140	-3.5	0.01189
-140	-3.4	0.013502
-140	-3.3	0.014229
-140	-3.2	0.014466
-140	-3.1	0.013635
-140	-3	0.0097929
-140	-2.9	0.0069769
-140	-2.8	0.0079614
-140	-2.7	0.012464
-140	-2.6	0.017996
-140	-2.5	0.0239
-140	-2.4	0.027338
-140	-2.3	0.029726
-140	-2.2	0.033195
-140	-2.1	0.036682
-140	-2	0.040666
-140	-1.9	0.04308
-140	-1.8	0.043942
-140	-1.7	0.042479
-140	-1.6	0.03773
-140	-1.5	0.028871
-140	-1.4	0.023589
-140	-1.3	0.020402
-140	-1.2	0.024337
-140	-1.1	0.032583
-140	-1	0.041062
-140	-0.9	0.046937
-140	-0.8	0.05152
-140	-0.7	0.051306
-140	-0.6	0.049677
-140	-0.5	0.043593
-140	-0.4	0.036244
-140	-0.3	0.03029
-140	-0.2	0.027079
-140	-0.1	0.023099
-140	0	0.021957
-140	0.1	0.022195
-140	0.2	0.025249
-140	0.3	0.027543
-140	0.4	0.033238
-140	0.5	0.038741
-140	0.6	0.043993
-140	0.7	0.046841
-140	0.8	0.046988
-140	0.9	0.045162
-140	1	0.043438
-140	1.1	0.040389
-140	1.2	0.036269
-140	1.3	0.034352
-140	1.4	0.034146
-140	1.5	0.034301
-140	1.6	0.034728
-140	1.7	0.034582
-140	1.8	0.034282
-140	1.9	0.033069
-140	2	0.031566
-140	2.1	0.029257
-140	2.2	0.026441
-140	2.3	0.024404
-140	2.4	0.022497
-140	2.5	0.019028
-140	2.6	0.016645
-140	2.7	0.01279
-140	2.8	0.010434
-140	2.9	0.009613
-140	3	0.0098947
-140	3.1	0.010525
-140	3.2	0.011161
-140	3.3	0.011011
-140	3.4	0.0093867
-140	3.5	0.0080523
-140	3.6	0.0072228
-140	3.7	0.0076318
-140	3.8	0.0085733
-140	3.9	0.0092724
-140	4	0.0094108
-130	-4	0.015483
-130	-3.9	0.014959
-130	-3.8	0.01273
-130	-3.7	0.011791
-130	-3.6	0.011888
-130	-3.5	0.013773
-130	-3.4	0.014708
-130	-3.3	0.015046
-130	-3.2	0.01342
-130	-3.1	0.0099906
-130	-3	0.0074821
-130	-2.9	0.0079023
-130	-2.8	0.010725
-130	-2.7	0.015622
-130	-2.6	0.01907
-130	-2.5	0.020677
-130	-2.4	0.023469
-130	-2.3	0.026137
-130	-2.2	0.031627
-130	-2.1	0.038029
-130	-2	0.042262
-130	-1.9	0.045422
-130	-1.8	0.044806
-130	-1.7	0.038425
-130	-1.6	0.034327
-130	-1.5	0.023889
-130	-1.4	0.017404
-130	-1.3	0.022316
-130	-1.2	0.028701
-130	-1.1	0.03791
-130	-1	0.045996
-130	-0.9	0.048619
-130	-0.8	0.04878
-130	-0.7	0.045661
-130	-0.6	0.03859
-130	-0.5	0.032473
-130	-0.4	0.028341
-130	-0.3	0.025203
-130	-0.2	0.022426
-130	-0.1	0.021514
-130	0	0.022145
-130	0.1	0.023587
-130	0.2	0.025909
-130	0.3	0.02955
-130	0.4	0.035339
-130	0.5	0.039165
-130	0.6	0.041117
-130	0.7	0.042426
-130	0.8	0.041266
-130	0.9	0.038362
-130	1	0.035098
-130	1.1	0.030514
-130	1.2	0.02788
-130	1.3	0.027218
-130	1.4	0.027096
-130	1.5	0.028275
-130	1.6	0.029089
-130	1.7	0.030497
-130	1.8	0.03162
-130	1.9	0.031628
-130	2	0.030752
-130	2.1	0.02869
-130	2.2	0.027178
-130	2.3	0.023407
-130	2.4	0.022009
-130	2.5	0.018373
-130	2.6	0.015814
-130	2.7	0.013353
-130	2.8	0.010495
-130	2.9	0.0095709
-130	3	0.0093072
-130	3.1	0.0098947
-130	3.2	0.011338
-130	3.3	0.012116
-130	3.4	0.0121
-130	3.5	0.011064
-130	3.6	0.0099354
-130	3.7	0.010082
-130	3.8	0.0096012
-130	3.9	0.010703
-130	4	0.011139
-120	-4	0.0167
-120	-3.9	0.016536
-120	-3.8	0.015276
-120	-3.7	0.012005
-120	-3.6	0.010751
-120	-3.5	0.01122
-120	-3.4	0.012545
-120	-3.3	0.013368
-120	-3.2	0.013304
-120	-3.1	0.011093
-120	-3	0.0076804
-120	-2.9	0.0059383
-120	-2.8	0.0086745
-120	-2.7	0.015709
-120	-2.6	0.020222
-120	-2.5	0.022363
-120	-2.4	0.025126
-120	-2.3	0.027388
-120	-2.2	0.030108
-120	-2.1	0.032997
-120	-2	0.037126
-120	-1.9	0.03951
-120	-1.8	0.039588
-120	-1.7	0.03662
-120	-1.6	0.028781
-120	-1.5	0.023092
-120	-1.4	0.015272
-120	-1.3	0.018871
-120	-1.2	0.026304
-120	-1.1	0.037996
-120	-1	0.043409
-120	-0.9	0.048215
-120	-0.8	0.048091
-120	-0.7	0.045919
-120	-0.6	0.040108
-120	-0.5	0.035884
-120	-0.4	0.027565
-120	-0.3	0.024416
-120	-0.2	0.021358
-120	-0.1	0.018691
-120	0	0.01717
-120	0.1	0.01888
-120	0.2	0.023447
-120	0.3	0.028317
-120	0.4	0.032819
-120	0.5	0.03994
-120	0.6	0.042832
-120	0.7	0.043484
-120	0.8	0.04291
-120	0.9	0.04069
-120	1	0.037264
-120	1.1	0.033444
-120	1.2	0.029962
-120	1.3	0.027542
-120	1.4	0.026887
-120	1.5	0.027873
-120	1.6	0.029616
-120	1.7	0.03127
-120	1.8	0.032502
-120	1.9	0.030237
-120	2	0.027623
-120	2.1	0.024933
-120	2.2	0.020466
-120	2.3	0.017612
-120	2.4	0.014515
-120	2.5	0.013402
-120	2.6	0.01327
-120	2.7	0.012248
-120	2.8	0.011599
-120	2.9	0.0094211
-120	3	0.0081619
-120	3.1	0.0080281
-120	3.2	0.0091177
-120	3.3	0.010108
-120	3.4	0.010563
-120	3.5	0.010018
-120	3.6	0.010267
-120	3.7	0.0091514
-120	3.8	0.0081162
-120	3.9	0.0077662
-120	4	0.0080903
-110	-4	0.013088
-110	-3.9	0.012984
-110	-3.8	0.012211
-110	-3.7	0.012091
-110	-3.6	0.012655
-110	-3.5	0.013088
-110	-3.4	0.012976
-110	-3.3	0.011693
-110	-3.2	0.0099614
-110	-3.1	0.0071981
-110	-3	0.0063487
-110	-2.9	0.0090644
-110	-2.8	0.012549
-110	-2.7	0.016099
-110	-2.6	0.019076
-110	-2.5	0.019982
-110	-2.4	0.022944
-110	-2.3	0.025137
-110	-2.2	0.03022
-110	-2.1	0.033072
-110	-2	0.037193
-110	-1.9	0.037737
-110	-1.8	0.034559
-110	-1.7	0.029295
-110	-1.6	0.021486
-110	-1.5	0.015425
-110	-1.4	0.016148
-110	-1.3	0.020919
-110	-1.2	0.026506
-110	-1.1	0.03554
-110	-1	0.043549
-110	-0.9	0.044803
-110	-0.8	0.044572
-110	-0.7	0.040027
-110	-0.6	0.035617
-110	-0.5	0.028808
-110	-0.4	0.022939
-110	-0.3	0.020518
-110	-0.2	0.017969
-110	-0.1	0.016798
-110	0	0.017462
-110	0.1	0.01968
-110	0.2	0.022088
-110	0.3	0.026282
-110	0.4	0.03196
-110	0.5	0.035419
-110	0.6	0.038756
-110	0.7	0.039018
-110	0.8	0.036968
-110	0.9	0.035162
-110	1	0.030431
-110	1.1	0.025938
-110	1.2	0.024244
-110	1.3	0.025033
-110	1.4	0.026998
-110	1.5	0.028156
-110	1.6	0.028968
-110	1.7	0.029271
-110	1.8	0.028724
-110	1.9	0.02728
-110	2	0.025532
-110	2.1	0.024307
-110	2.2	0.022941
-110	2.3	0.019903
-110	2.4	0.018325
-110	2.5	0.015916
-110	2.6	0.01307
-110	2.7	0.011144
-110	2.8	0.0097582
-110	2.9	0.0084115
-110	3	0.0086053
-110	3.1	0.0087487
-110	3.2	0.0088807
-110	3.3	0.0091866
-110	3.4	0.0091142
-110	3.5	0.0093332
-110	3.6	0.010523
-110	3.7	0.010584
-110	3.8	0.010013
-110	3.9	0.0094039
-110	4	0.008507
-100	-4	0.013601
-100	-3.9	0.012749
-100	-3.8	0.010742
-100	-3.7	0.010073
-100	-3.6	0.011624
-100	-3.5	0.012729
-100	-3.4	0.013613
-100	-3.3	0.012799
-100	-3.2	0.011409
-100	-3.1	0.0066301
-100	-3	0.0064797
-100	-2.9	0.0095099
-100	-2.8	0.014164
-100	-2.7	0.019029
-100	-2.6	0.020596
-100	-2.5	0.021373
-100	-2.4	0.022645
-100	-2.3	0.025404
-100	-2.2	0.030298
-100	-2.1	0.033284
-100	-2	0.037145
-100	-1.9	0.037445
-100	-1.8	0.034693
-100	-1.7	0.028984
-100	-1.6	0.020218
-100	-1.5	0.013227
-100	-1.4	0.016872
-100	-1.3	0.026539
-100	-1.2	0.031301
-100	-1.1	0.042774
-100	-1	0.04606
-100	-0.9	0.046701
-100	-0.8	0.044436
-100	-0.7	0.039557
-100	-0.6	0.033759
-100	-0.5	0.027125
-100	-0.4	0.022252
-100	-0.3	0.018706
-100	-0.2	0.01571
-100	-0.1	0.014856
-100	0	0.015281
-100	0.1	0.020138
-100	0.2	0.025418
-100	0.3	0.029316
-100	0.4	0.034261
-100	0.5	0.038284
-100	0.6	0.038902
-100	0.7	0.038821
-100	0.8	0.037581
-100	0.9	0.03469
-100	1	0.029944
-100	1.1	0.027071
-100	1.2	0.02508
-100	1.3	0.024126
-100	1.4	0.024578
-100	1.5	0.025192
-100	1.6	0.027011
-100	1.7	0.028488
-100	1.8	0.02915
-100	1.9	0.02788
-100	2	0.026084
-100	2.1	0.023273
-100	2.2	0.020253
-100	2.3	0.016274
-100	2.4	0.014968
-100	2.5	0.013697
-100	2.6	0.013793
-100	2.7	0.01265
-100	2.8	0.011489
-100	2.9	0.010317
-100	3	0.0084518
-100	3.1	0.0090126
-100	3.2	0.0098685
-100	3.3	0.011296
-100	3.4	0.011657
-100	3.5	0.012082
-100	3.6	0.012187
-100	3.7	0.011141
-100	3.8	0.010386
-100	3.9	0.0097084
-100	4	0.0094963
-90	-4	0.011858
-90	-3.9	0.010954
-90	-3.8	0.010213
-90	-3.7	0.010745
-90	-3.6	0.011547
-90	-3.5	0.012363
-90	-3.4	0.011388
-90	-3.3	0.0099517
-90	-3.2	0.0077537
-90	-3.1	0.0065984
-90	-3	0.0077516
-90	-2.9	0.011278
-90	-2.8	0.014855
-90	-2.7	0.0175
-90	-2.6	0.019328
-90	-2.5	0.021627
-90	-2.4	0.025011
-90	-2.3	0.029792
-90	-2.2	0.032349
-90	-2.1	0.035223
-90	-2	0.036231
-90	-1.9	0.034652
-90	-1.8	0.028957
-90	-1.7	0.021329
-90	-1.6	0.015724
-90	-1.5	0.017007
-90	-1.4	0.022165
-90	-1.3	0.027844
-90	-1.2	0.035601
-90	-1.1	0.041827
-90	-1	0.043635
-90	-0.9	0.042046
-90	-0.8	0.039474
-90	-0.7	0.032548
-90	-0.6	0.028604
-90	-0.5	0.023031
-90	-0.4	0.020076
-90	-0.3	0.018616
-90	-0.2	0.016803
-90	-0.1	0.015326
-90	0	0.015833
-90	0.1	0.017875
-90	0.2	0.022534
-90	0.3	0.024799
-90	0.4	0.028422
-90	0.5	0.032319
-90	0.6	0.035102
-90	0.7	0.036101
-90	0.8	0.035549
-90	0.9	0.033875
-90	1	0.031051
-90	1.1	0.028653
-90	1.2	0.026657
-90	1.3	0.025989
-90	1.4	0.026801
-90	1.5	0.027772
-90	1.6	0.029302
-90	1.7	0.030316
-90	1.8	0.030234
-90	1.9	0.029153
-90	2	0.026717
-90	2.1	0.023977
-90	2.2	0.020424
-90	2.3	0.019448
-90	2.4	0.016815
-90	2.5	0.015008
-90	2.6	0.013902
-90	2.7	0.012168
-90	2.8	0.010993
-90	2.9	0.009469
-90	3	0.010037
-90	3.1	0.010623
-90	3.2	0.011299
-90	3.3	0.011405
-90	3.4	0.011118
-90	3.5	0.0099663
-90	3.6	0.0099159
-90	3.7	0.0093505
-90	3.8	0.0092165
-90	3.9	0.0095303
-90	4	0.010281
-80	-4	0.011139
-80	-3.9	0.010463
-80	-3.8	0.010005
-80	-3.7	0.0096399
-80	-3.6	0.0101
-80	-3.5	0.010531
-80	-3.4	0.011427
-80	-3.3	0.010706
-80	-3.2	0.010207
-80	-3.1	0.0072228
-80	-3	0.0071009
-80	-2.9	0.011103
-80	-2.8	0.014163
-80	-2.7	0.01771
-80	-2.6	0.021014
-80	-2.5	0.024586
-80	-2.4	0.027655
-80	-2.3	0.031242
-80	-2.2	0.033602
-80	-2.1	0.034513
-80	-2	0.033627
-80	-1.9	0.030523
-80	-1.8	0.02778
-80	-1.7	0.02369
-80	-1.6	0.019462
-80	-1.5	0.020188
-80	-1.4	0.023722
-80	-1.3	0.030406
-80	-1.2	0.036455
-80	-1.1	0.043409
-80	-1	0.045149
-80	-0.9	0.043787
-80	-0.8	0.040842
-80	-0.7	0.036454
-80	-0.6	0.02836
-80	-0.5	0.02478
-80	-0.4	0.020372
-80	-0.3	0.018
-80	-0.2	0.016386
-80	-0.1	0.014716
-80	0	0.013942
-80	0.1	0.016413
-80	0.2	0.021679
-80	0.3	0.027975
-80	0.4	0.03101
-80	0.5	0.036852
-80	0.6	0.039584
-80	0.7	0.039285
-80	0.8	0.038083
-80	0.9	0.034982
-80	1	0.032578
-80	1.1	0.029667
-80	1.2	0.029185
-80	1.3	0.029373
-80	1.4	0.029991
-80	1.5	0.030169
-80	1.6	0.029911
-80	1.7	0.029392
-80	1.8	0.028826
-80	1.9	0.027792
-80	2	0.026714
-80	2.1	0.024431
-80	2.2	0.021606
-80	2.3	0.019702
-80	2.4	0.015123
-80	2.5	0.013356
-80	2.6	0.010284
-80	2.7	0.009469
-80	2.8	0.0096315
-80	2.9	0.010962
-80	3	0.011365
-80	3.1	0.010529
-80	3.2	0.0092881
-80	3.3	0.0087984
-80	3.4	0.0078036
-80	3.5	0.0075381
-80	3.6	0.0084326
-80	3.7	0.0090591
-80	3.8	0.0093867
-80	3.9	0.0090412
-80	4	0.0084671
-70	-4	0.0091602
-70	-3.9	0.0086558
-70	-3.8	0.0081579
-70	-3.7	0.0081836
-70	-3.6	0.0085921
-70	-3.5	0.0094519
-70	-3.4	0.0093037
-70	-3.3	0.0083807
-70	-3.2	0.0069514
-70	-3.1	0.0068365
-70	-3	0.0086315
-70	-2.9	0.011304
-70	-2.8	0.016653
-70	-2.7	0.0209
-70	-2.6	0.023078
-70	-2.5	0.02557
-70	-2.4	0.027128
-70	-2.3	0.027833
-70	-2.2	0.029573
-70	-2.1	0.030986
-70	-2	0.032359
-70	-1.9	0.031959
-70	-1.8	0.029272
-70	-1.7	0.023753
-70	-1.6	0.019154
-70	-1.5	0.019163
-70	-1.4	0.023224
-70	-1.3	0.035185
-70	-1.2	0.041509
-70	-1.1	0.048042
-70	-1	0.050585
-70	-0.9	0.048333
-70	-0.8	0.044505
-70	-0.7	0.040619
-70	-0.6	0.031158
-70	-0.5	0.025556
-70	-0.4	0.019055
-70	-0.3	0.016452
-70	-0.2	0.014622
-70	-0.1	0.012873
-70	0	0.013025
-70	0.1	0.015239
-70	0.2	0.021885
-70	0.3	0.026244
-70	0.4	0.033454
-70	0.5	0.038883
-70	0.6	0.041169
-70	0.7	0.041175
-70	0.8	0.039343
-70	0.9	0.036312
-70	1	0.033077
-70	1.1	0.030367
-70	1.2	0.02929
-70	1.3	0.029019
-70	1.4	0.029138
-70	1.5	0.029636
-70	1.6	0.029507
-70	1.7	0.029469
-70	1.8	0.02911
-70	1.9	0.028651
-70	2	0.026265
-70	2.1	0.025127
-70	2.2	0.022139
-70	2.3	0.018568
-70	2.4	0.016584
-70	2.5	0.013412
-70	2.6	0.011721
-70	2.7	0.010937
-70	2.8	0.010057
-70	2.9	0.0098028
-70	3	0.010301
-70	3.1	0.01041
-70	3.2	0.01063
-70	3.3	0.010379
-70	3.4	0.010037
-70	3.5	0.0094091
-70	3.6	0.0093055
-70	3.7	0.0098209
-70	3.8	0.0093643
-70	3.9	0.01027
-70	4	0.00973
-60	-4	0.011982
-60	-3.9	0.011173
-60	-3.8	0.01107
-60	-3.7	0.011021
-60	-3.6	0.011769
-60	-3.5	0.011163
-60	-3.4	0.010372
-60	-3.3	0.0097217
-60	-3.2	0.0092462
-60	-3.1	0.010738
-60	-3	0.013636
-60	-2.9	0.016954
-60	-2.8	0.021165
-60	-2.7	0.022511
-60	-2.6	0.025345
-60	-2.5	0.027737
-60	-2.4	0.031181
-60	-2.3	0.033634
-60	-2.2	0.035709
-60	-2.1	0.036116
-60	-2	0.034853
-60	-1.9	0.032276
-60	-1.8	0.026341
-60	-1.7	0.023798
-60	-1.6	0.020629
-60	-1.5	0.023161
-60	-1.4	0.026244
-60	-1.3	0.035698
-60	-1.2	0.04265
-60	-1.1	0.046017
-60	-1	0.049333
-60	-0.9	0.04861
-60	-0.8	0.045777
-60	-0.7	0.039853
-60	-0.6	0.0337
-60	-0.5	0.029709
-60	-0.4	0.022855
-60	-0.3	0.01754
-60	-0.2	0.014808
-60	-0.1	0.013398
-60	0	0.013481
-60	0.1	0.017241
-60	0.2	0.020543
-60	0.3	0.028109
-60	0.4	0.032484
-60	0.5	0.037188
-60	0.6	0.040467
-60	0.7	0.042381
-60	0.8	0.04231
-60	0.9	0.040675
-60	1	0.038482
-60	1.1	0.03594
-60	1.2	0.032922
-60	1.3	0.031849
-60	1.4	0.031926
-60	1.5	0.032706
-60	1.6	0.033737
-60	1.7	0.033744
-60	1.8	0.032734
-60	1.9	0.030746
-60	2	0.028014
-60	2.1	0.024906
-60	2.2	0.022227
-60	2.3	0.020824
-60	2.4	0.018725
-60	2.5	0.01695
-60	2.6	0.014553
-60	2.7	0.01336
-60	2.8	0.011586
-60	2.9	0.010962
-60	3	0.01104
-60	3.1	0.011446
-60	3.2	0.011396
-60	3.3	0.011055
-60	3.4	0.01017
-60	3.5	0.0096666
-60	3.6	0.0095557
-60	3.7	0.0099126
-60	3.8	0.009963
-60	3.9	0.0092112
-60	4	0.0092042
-50	-4	0.011766
-50	-3.9	0.010811
-50	-3.8	0.0097582
-50	-3.7	0.0094929
-50	-3.6	0.010216
-50	-3.5	0.010572
-50	-3.4	0.010348
-50	-3.3	0.010175
-50	-3.2	0.008973
-50	-3.1	0.010245
-50	-3	0.012854
-50	-2.9	0.016065
-50	-2.8	0.019534
-50	-2.7	0.023281
-50	-2.6	0.025844
-50	-2.5	0.026992
-50	-2.4	0.028348
-50	-2.3	0.030617
-50	-2.2	0.032251
-50	-2.1	0.035582
-50	-2	0.036481
-50	-1.9	0.035413
-50	-1.8	0.031762
-50	-1.7	0.025623
-50	-1.6	0.0226
-50	-1.5	0.025169
-50	-1.4	0.030674
-50	-1.3	0.040347
-50	-1.2	0.04889
-50	-1.1	0.054196
-50	-1	0.056762
-50	-0.9	0.055776
-50	-0.8	0.051023
-50	-0.7	0.04109
-50	-0.6	0.034945
-50	-0.5	0.028061
-50	-0.4	0.020433
-50	-0.3	0.017195
-50	-0.2	0.014736
-50	-0.1	0.014106
-50	0	0.014918
-50	0.1	0.019903
-50	0.2	0.025185
-50	0.3	0.031665
-50	0.4	0.037909
-50	0.5	0.041583
-50	0.6	0.044089
-50	0.7	0.044309
-50	0.8	0.041778
-50	0.9	0.04
-50	1	0.037795
-50	1.1	0.034596
-50	1.2	0.032245
-50	1.3	0.032182
-50	1.4	0.032366
-50	1.5	0.033224
-50	1.6	0.032951
-50	1.7	0.033037
-50	1.8	0.031737
-50	1.9	0.030438
-50	2	0.027436
-50	2.1	0.025913
-50	2.2	0.023349
-50	2.3	0.021813
-50	2.4	0.020043
-50	2.5	0.01807
-50	2.6	0.016536
-50	2.7	0.01456
-50	2.8	0.012434
-50	2.9	0.010682
-50	3	0.0099012
-50	3.1	0.010483
-50	3.2	0.012009
-50	3.3	0.013334
-50	3.4	0.013041
-50	3.5	0.012763
-50	3.6	0.011943
-50	3.7	0.011487
-50	3.8	0.011509
-50	3.9	0.010868
-50	4	0.010532
-40	-4	0.010993
-40	-3.9	0.0097664
-40	-3.8	0.010062
-40	-3.7	0.011088
-40	-3.6	0.012455
-40	-3.5	0.013546
-40	-3.4	0.012148
-40	-3.3	0.01082
-40	-3.2	0.010183
-40	-3.1	0.01147
-40	-3	0.013916
-40	-2.9	0.020236
-40	-2.8	0.022865
-40	-2.7	0.026276
-40	-2.6	0.027649
-40	-2.5	0.028631
-40	-2.4	0.029852
-40	-2.3	0.032047
-40	-2.2	0.034942
-40	-2.1	0.037226
-40	-2	0.038351
-40	-1.9	0.035909
-40	-1.8	0.032341
-40	-1.7	0.02756
-40	-1.6	0.024362
-40	-1.5	0.024886
-40	-1.4	0.032193
-40	-1.3	0.039788
-40	-1.2	0.047162
-40	-1.1	0.052678
-40	-1	0.05676
-40	-0.9	0.056174
-40	-0.8	0.051547
-40	-0.7	0.047308
-40	-0.6	0.035019
-40	-0.5	0.028987
-40	-0.4	0.022752
-40	-0.3	0.018056
-40	-0.2	0.015887
-40	-0.1	0.01571
-40	0	0.016678
-40	0.1	0.021201
-40	0.2	0.024765
-40	0.3	0.031676
-40	0.4	0.037221
-40	0.5	0.042766
-40	0.6	0.044431
-40	0.7	0.045629
-40	0.8	0.045407
-40	0.9	0.043435
-40	1	0.041128
-40	1.1	0.038235
-40	1.2	0.035805
-40	1.3	0.03457
-40	1.4	0.03347
-40	1.5	0.033852
-40	1.6	0.033161
-40	1.7	0.032756
-40	1.8	0.032167
-40	1.9	0.029814
-40	2	0.027347
-40	2.1	0.025288
-40	2.2	0.022779
-40	2.3	0.021459
-40	2.4	0.020156
-40	2.5	0.018426
-40	2.6	0.017425
-40	2.7	0.01621
-40	2.8	0.013391
-40	2.9	0.011701
-40	3	0.010754
-40	3.1	0.01061
-40	3.2	0.010744
-40	3.3	0.011235
-40	3.4	0.011509
-40	3.5	0.011115
-40	3.6	0.010525
-40	3.7	0.010392
-40	3.8	0.0098291
-40	3.9	0.0095489
-40	4	0.0090394
-30	-4	0.011886
-30	-3.9	0.010934
-30	-3.8	0.0095218
-30	-3.7	0.0093107
-30	-3.6	0.010162
-30	-3.5	0.012664
-30	-3.4	0.013431
-30	-3.3	0.013149
-30	-3.2	0.011789
-30	-3.1	0.010799
-30	-3	0.012864
-30	-2.9	0.016971
-30	-2.8	0.022186
-30	-2.7	0.027338
-30	-2.6	0.031093
-30	-2.5	0.032127
-30	-2.4	0.032704
-30	-2.3	0.033553
-30	-2.2	0.035088
-30	-2.1	0.036843
-30	-2	0.038781
-30	-1.9	0.038667
-30	-1.8	0.03631
-30	-1.7	0.032757
-30	-1.6	0.029456
-30	-1.5	0.027894
-30	-1.4	0.030553
-30	-1.3	0.041843
-30	-1.2	0.051067
-30	-1.1	0.054435
-30	-1	0.059956
-30	-0.9	0.059908
-30	-0.8	0.053547
-30	-0.7	0.048297
-30	-0.6	0.039247
-30	-0.5	0.031024
-30	-0.4	0.023386
-30	-0.3	0.01763
-30	-0.2	0.016144
-30	-0.1	0.01602
-30	0	0.017596
-30	0.1	0.022502
-30	0.2	0.025256
-30	0.3	0.032932
-30	0.4	0.039282
-30	0.5	0.043195
-30	0.6	0.047414
-30	0.7	0.0501
-30	0.8	0.049777
-30	0.9	0.04864
-30	1	0.046027
-30	1.1	0.040637
-30	1.2	0.039278
-30	1.3	0.035867
-30	1.4	0.034981
-30	1.5	0.033306
-30	1.6	0.03295
-30	1.7	0.032432
-30	1.8	0.031799
-30	1.9	0.030663
-30	2	0.028009
-30	2.1	0.025719
-30	2.2	0.023382
-30	2.3	0.020622
-30	2.4	0.019166
-30	2.5	0.016339
-30	2.6	0.015638
-30	2.7	0.014677
-30	2.8	0.012
-30	2.9	0.010676
-30	3	0.0097698
-30	3.1	0.0092497
-30	3.2	0.0088643
-30	3.3	0.0089784
-30	3.4	0.00878
-30	3.5	0.0088204
-30	3.6	0.008982
-30	3.7	0.009532
-30	3.8	0.0093885
-30	3.9	0.0091478
-30	4	0.0093298
-20	-4	0.0089802
-20	-3.9	0.007583
-20	-3.8	0.0083266
-20	-3.7	0.0095421
-20	-3.6	0.011145
-20	-3.5	0.01253
-20	-3.4	0.013139
-20	-3.3	0.012325
-20	-3.2	0.011014
-20	-3.1	0.01035
-20	-3	0.011601
-20	-2.9	0.015998
-20	-2.8	0.020358
-20	-2.7	0.024839
-20	-2.6	0.027839
-20	-2.5	0.028898
-20	-2.4	0.030224
-20	-2.3	0.032482
-20	-2.2	0.036899
-20	-2.1	0.040006
-20	-2	0.042191
-20	-1.9	0.04177
-20	-1.8	0.03767
-20	-1.7	0.033941
-20	-1.6	0.02923
-20	-1.5	0.029266
-20	-1.4	0.032314
-20	-1.3	0.041964
-20	-1.2	0.050729
-20	-1.1	0.057453
-20	-1	0.060816
-20	-0.9	0.060762
-20	-0.8	0.058513
-20	-0.7	0.050983
-20	-0.6	0.041076
-20	-0.5	0.033014
-20	-0.4	0.025747
-20	-0.3	0.019302
-20	-0.2	0.017404
-20	-0.1	0.017434
-20	0	0.018345
-20	0.1	0.021895
-20	0.2	0.025699
-20	0.3	0.033285
-20	0.4	0.037416
-20	0.5	0.043008
-20	0.6	0.0458
-20	0.7	0.047056
-20	0.8	0.047021
-20	0.9	0.045743
-20	1	0.044028
-20	1.1	0.042074
-20	1.2	0.040156
-20	1.3	0.0386
-20	1.4	0.037264
-20	1.5	0.035499
-20	1.6	0.034099
-20	1.7	0.032707
-20	1.8	0.032093
-20	1.9	0.031359
-20	2	0.030324
-20	2.1	0.028523
-20	2.2	0.026619
-20	2.3	0.023865
-20	2.4	0.021555
-20	2.5	0.01754
-20	2.6	0.015073
-20	2.7	0.01382
-20	2.8	0.013019
-20	2.9	0.012318
-20	3	0.011817
-20	3.1	0.011777
-20	3.2	0.011301
-20	3.3	0.011132
-20	3.4	0.0093678
-20	3.5	0.0082171
-20	3.6	0.007568
-20	3.7	0.0075016
-20	3.8	0.0077453
-20	3.9	0.0075766
-20	4	0.0078056
-10	-4	0.012019
-10	-3.9	0.011686
-10	-3.8	0.010457
-10	-3.7	0.0090484
-10	-3.6	0.0087856
-10	-3.5	0.010558
-10	-3.4	0.013066
-10	-3.3	0.014316
-10	-3.2	0.014123
-10	-3.1	0.013113
-10	-3	0.013138
-10	-2.9	0.014935
-10	-2.8	0.019018
-10	-2.7	0.024068
-10	-2.6	0.028375
-10	-2.5	0.030985
-10	-2.4	0.032985
-10	-2.3	0.03434
-10	-2.2	0.036112
-10	-2.1	0.037914
-10	-2	0.039395
-10	-1.9	0.040473
-10	-1.8	0.039757
-10	-1.7	0.037019
-10	-1.6	0.033594
-10	-1.5	0.030091
-10	-1.4	0.03139
-10	-1.3	0.037602
-10	-1.2	0.046692
-10	-1.1	0.053692
-10	-1	0.061235
-10	-0.9	0.062586
-10	-0.8	0.06046
-10	-0.7	0.054018
-10	-0.6	0.045911
-10	-0.5	0.035924
-10	-0.4	0.029478
-10	-0.3	0.022721
-10	-0.2	0.01915
-10	-0.1	0.016765
-10	0	0.016576
-10	0.1	0.018528
-10	0.2	0.024892
-10	0.3	0.032378
-10	0.4	0.03615
-10	0.5	0.044486
-10	0.6	0.049313
-10	0.7	0.051633
-10	0.8	0.051815
-10	0.9	0.049317
-10	1	0.047293
-10	1.1	0.044509
-10	1.2	0.041488
-10	1.3	0.039462
-10	1.4	0.038414
-10	1.5	0.037394
-10	1.6	0.036751
-10	1.7	0.034812
-10	1.8	0.033109
-10	1.9	0.031613
-10	2	0.029469
-10	2.1	0.027462
-10	2.2	0.024706
-10	2.3	0.022975
-10	2.4	0.020894
-10	2.5	0.018309
-10	2.6	0.01754
-10	2.7	0.01523
-10	2.8	0.013448
-10	2.9	0.012505
-10	3	0.011946
-10	3.1	0.011829
-10	3.2	0.011564
-10	3.3	0.011378
-10	3.4	0.010151
-10	3.5	0.0083576
-10	3.6	0.0078098
-10	3.7	0.0078634
-10	3.8	0.0083518
-10	3.9	0.0087505
-10	4	0.009675
0	-4	0.011058
0	-3.9	0.010734
0	-3.8	0.0095184
0	-3.7	0.0085393
0	-3.6	0.0090358
0	-3.5	0.010224
0	-3.4	0.012166
0	-3.3	0.013194
0	-3.2	0.013424
0	-3.1	0.012155
0	-3	0.011889
0	-2.9	0.013044
0	-2.8	0.019537
0	-2.7	0.023111
0	-2.6	0.027041
0	-2.5	0.030983
0	-2.4	0.032249
0	-2.3	0.033673
0	-2.2	0.034948
0	-2.1	0.037253
0	-2	0.039155
0	-1.9	0.041765
0	-1.8	0.042964
0	-1.7	0.039546
0	-1.6	0.035625
0	-1.5	0.030865
0	-1.4	0.03079
0	-1.3	0.033906
0	-1.2	0.040723
0	-1.1	0.052454
0	-1	0.055898
0	-0.9	0.060944
0	-0.8	0.059397
0	-0.7	0.055086
0	-0.6	0.048547
0	-0.5	0.038777
0	-0.4	0.030311
0	-0.3	0.022711
0	-0.2	0.01978
0	-0.1	0.016828
0	0	0.017045
0	0.1	0.020089
0	0.2	0.024967
0	0.3	0.030531
0	0.4	0.035639
0	0.5	0.042006
0	0.6	0.046127
0	0.7	0.048011
0	0.8	0.048254
0	0.9	0.04739
0	1	0.045816
0	1.1	0.043386
0	1.2	0.041617
0	1.3	0.038503
0	1.4	0.035866
0	1.5	0.033588
0	1.6	0.032252
0	1.7	0.031335
0	1.8	0.031023
0	1.9	0.029424
0	2	0.028664
0	2.1	0.025609
0	2.2	0.022686
0	2.3	0.019861
0	2.4	0.017422
0	2.5	0.016768
0	2.6	0.016245
0	2.7	0.016261
0	2.8	0.015086
0	2.9	0.013671
0	3	0.011434
0	3.1	0.0092357
0	3.2	0.009
0	3.3	0.01024
0	3.4	0.01068
0	3.5	0.011259
0	3.6	0.011265
0	3.7	0.011023
0	3.8	0.010065
0	3.9	0.0090698
0	4	0.0087911
10	-4	0.009963
10	-3.9	0.0099954
10	-3.8	0.01023
10	-3.7	0.010488
10	-3.6	0.010509
10	-3.5	0.011084
10	-3.4	0.01111
10	-3.3	0.011369
10	-3.2	0.012084
10	-3.1	0.01276
10	-3	0.013298
10	-2.9	0.014873
10	-2.8	0.018132
10	-2.7	0.021717
10	-2.6	0.026444
10	-2.5	0.030391
10	-2.4	0.031856
10	-2.3	0.032975
10	-2.2	0.033693
10	-2.1	0.036277
10	-2	0.038329
10	-1.9	0.042169
10	-1.8	0.042625
10	-1.7	0.040725
10	-1.6	0.036154
10	-1.5	0.032882
10	-1.4	0.032479
10	-1.3	0.035374
10	-1.2	0.04094
10	-1.1	0.050063
10	-1	0.056492
10	-0.9	0.060819
10	-0.8	0.061338
10	-0.7	0.057839
10	-0.6	0.050984
10	-0.5	0.043417
10	-0.4	0.034112
10	-0.3	0.024685
10	-0.2	0.020771
10	-0.1	0.018439
10	0	0.016981
10	0.1	0.018274
10	0.2	0.020563
10	0.3	0.02695
10	0.4	0.034524
10	0.5	0.040431
10	0.6	0.044849
10	0.7	0.047952
10	0.8	0.049082
10	0.9	0.048192
10	1	0.046589
10	1.1	0.044497
10	1.2	0.041898
10	1.3	0.040564
10	1.4	0.038278
10	1.5	0.037248
10	1.6	0.036243
10	1.7	0.034903
10	1.8	0.033504
10	1.9	0.031862
10	2	0.029441
10	2.1	0.027345
10	2.2	0.02569
10	2.3	0.024177
10	2.4	0.022525
10	2.5	0.02048
10	2.6	0.018961
10	2.7	0.017945
10	2.8	0.015583
10	2.9	0.014152
10	3	0.01263
10	3.1	0.011258
10	3.2	0.011001
10	3.3	0.010869
10	3.4	0.011157
10	3.5	0.010976
10	3.6	0.010569
10	3.7	0.010058
10	3.8	0.009725
10	3.9	0.0087598
10	4	0.0085544
20	-4	0.0097499
20	-3.9	0.0092427
20	-3.8	0.0085127
20	-3.7	0.007888
20	-3.6	0.010251
20	-3.5	0.012199
20	-3.4	0.013613
20	-3.3	0.013479
20	-3.2	0.012628
20	-3.1	0.012076
20	-3	0.012506
20	-2.9	0.015182
20	-2.8	0.016722
20	-2.7	0.020989
20	-2.6	0.026469
20	-2.5	0.029986
20	-2.4	0.032343
20	-2.3	0.032603
20	-2.2	0.032758
20	-2.1	0.03537
20	-2	0.038652
20	-1.9	0.04334
20	-1.8	0.045869
20	-1.7	0.045814
20	-1.6	0.042324
20	-1.5	0.036965
20	-1.4	0.030784
20	-1.3	0.031508
20	-1.2	0.037625
20	-1.1	0.046388
20	-1	0.056673
20	-0.9	0.060852
20	-0.8	0.062933
20	-0.7	0.060322
20	-0.6	0.054047
20	-0.5	0.045176
20	-0.4	0.037911
20	-0.3	0.028014
20	-0.2	0.021019
20	-0.1	0.018679
20	0	0.018297
20	0.1	0.019327
20	0.2	0.023108
20	0.3	0.025959
20	0.4	0.033883
20	0.5	0.037399
20	0.6	0.042859
20	0.7	0.04716
20	0.8	0.04838
20	0.9	0.048716
20	1	0.04792
20	1.1	0.046046
20	1.2	0.043097
20	1.3	0.040535
20	1.4	0.037044
20	1.5	0.035488
20	1.6	0.033053
20	1.7	0.031645
20	1.8	0.030637
20	1.9	0.029526
20	2	0.028678
20	2.1	0.027248
20	2.2	0.025643
20	2.3	0.023358
20	2.4	0.022103
20	2.5	0.021054
20	2.6	0.019651
20	2.7	0.018324
20	2.8	0.016981
20	2.9	0.015008
20	3	0.013573
20	3.1	0.010347
20	3.2	0.0097515
20	3.3	0.0094861
20	3.4	0.0096683
20	3.5	0.010398
20	3.6	0.010445
20	3.7	0.010443
20	3.8	0.0099565
20	3.9	0.0093902
20	4	0.0084
30	-4	0.010226
30	-3.9	0.011494
30	-3.8	0.011959
30	-3.7	0.0099273
30	-3.6	0.0088003
30	-3.5	0.0085752
30	-3.4	0.010777
30	-3.3	0.01184
30	-3.2	0.014209
30	-3.1	0.013941
30	-3	0.013514
30	-2.9	0.013153
30	-2.8	0.015915
30	-2.7	0.018982
30	-2.6	0.024737
30	-2.5	0.028275
30	-2.4	0.032664
30	-2.3	0.034272
30	-2.2	0.035327
30	-2.1	0.035725
30	-2	0.036916
30	-1.9	0.040128
30	-1.8	0.042176
30	-1.7	0.043071
30	-1.6	0.041491
30	-1.5	0.037408
30	-1.4	0.033933
30	-1.3	0.032723
30	-1.2	0.035054
30	-1.1	0.043853
30	-1	0.050214
30	-0.9	0.057133
30	-0.8	0.061296
30	-0.7	0.060806
30	-0.6	0.057092
30	-0.5	0.049401
30	-0.4	0.041574
30	-0.3	0.035736
30	-0.2	0.025568
30	-0.1	0.020949
30	0	0.018027
30	0.1	0.018511
30	0.2	0.020625
30	0.3	0.024582
30	0.4	0.029591
30	0.5	0.03496
30	0.6	0.040017
30	0.7	0.042768
30	0.8	0.045591
30	0.9	0.047072
30	1	0.04741
30	1.1	0.046801
30	1.2	0.0454
30	1.3	0.042971
30	1.4	0.04119
30	1.5	0.037055
30	1.6	0.035504
30	1.7	0.033517
30	1.8	0.032022
30	1.9	0.031234
30	2	0.030013
30	2.1	0.028818
30	2.2	0.025582
30	2.3	0.02309
30	2.4	0.021068
30	2.5	0.019906
30	2.6	0.018734
30	2.7	0.018513
30	2.8	0.018203
30	2.9	0.017345
30	3	0.015765
30	3.1	0.012742
30	3.2	0.011301
30	3.3	0.011081
30	3.4	0.011239
30	3.5	0.01076
30	3.6	0.0099614
30	3.7	0.0086577
30	3.8	0.0074713
30	3.9	0.0068977
30	4	0.0064922
40	-4	0.0099517
40	-3.9	0.010859
40	-3.8	0.011071
40	-3.7	0.0099305
40	-3.6	0.0087892
40	-3.5	0.0088497
40	-3.4	0.0098324
40	-3.3	0.01161
40	-3.2	0.014192
40	-3.1	0.015793
40	-3	0.015928
40	-2.9	0.015469
40	-2.8	0.015975
40	-2.7	0.018817
40	-2.6	0.02229
40	-2.5	0.027565
40	-2.4	0.030866
40	-2.3	0.034943
40	-2.2	0.037815
40	-2.1	0.038861
40	-2	0.040321
40	-1.9	0.041638
40	-1.8	0.042391
40	-1.7	0.043118
40	-1.6	0.04207
40	-1.5	0.038667
40	-1.4	0.035925
40	-1.3	0.034275
40	-1.2	0.03562
40	-1.1	0.039615
40	-1	0.046107
40	-0.9	0.053391
40	-0.8	0.058092
40	-0.7	0.060161
40	-0.6	0.059154
40	-0.5	0.055168
40	-0.4	0.046457
40	-0.3	0.03962
40	-0.2	0.035147
40	-0.1	0.024523
40	0	0.019576
40	0.1	0.018462
40	0.2	0.018073
40	0.3	0.022138
40	0.4	0.026215
40	0.5	0.033893
40	0.6	0.039392
40	0.7	0.043215
40	0.8	0.045997
40	0.9	0.049142
40	1	0.049645
40	1.1	0.048873
40	1.2	0.04776
40	1.3	0.046233
40	1.4	0.044714
40	1.5	0.042812
40	1.6	0.040043
40	1.7	0.037015
40	1.8	0.033333
40	1.9	0.031255
40	2	0.030045
40	2.1	0.028707
40	2.2	0.027396
40	2.3	0.025808
40	2.4	0.024214
40	2.5	0.022245
40	2.6	0.018513
40	2.7	0.016499
40	2.8	0.013248
40	2.9	0.012474
40	3	0.011653
40	3.1	0.01086
40	3.2	0.010869
40	3.3	0.010817
40	3.4	0.0099565
40	3.5	0.0092933
40	3.6	0.0078962
40	3.7	0.006886
40	3.8	0.0066106
40	3.9	0.0062925
40	4	0.0064697
50	-4	0.011573
50	-3.9	0.0133
50	-3.8	0.01356
50	-3.7	0.012859
50	-3.6	0.010581
50	-3.5	0.0076635
50	-3.4	0.0092933
50	-3.3	0.01283
50	-3.2	0.014344
50	-3.1	0.015587
50	-3	0.015101
50	-2.9	0.013474
50	-2.8	0.014123
50	-2.7	0.018244
50	-2.6	0.022889
50	-2.5	0.027119
50	-2.4	0.031259
50	-2.3	0.033624
50	-2.2	0.034203
50	-2.1	0.035257
50	-2	0.037519
50	-1.9	0.038917
50	-1.8	0.040768
50	-1.7	0.04312
50	-1.6	0.042924
50	-1.5	0.040199
50	-1.4	0.03661
50	-1.3	0.03435
50	-1.2	0.03371
50	-1.1	0.039666
50	-1	0.046104
50	-0.9	0.052536
50	-0.8	0.061624
50	-0.7	0.063947
50	-0.6	0.063961
50	-0.5	0.059295
50	-0.4	0.050027
50	-0.3	0.039853
50	-0.2	0.033003
50	-0.1	0.027747
50	0	0.021784
50	0.1	0.01982
50	0.2	0.019585
50	0.3	0.020868
50	0.4	0.027282
50	0.5	0.030439
50	0.6	0.035418
50	0.7	0.040603
50	0.8	0.044602
50	0.9	0.047844
50	1	0.048079
50	1.1	0.048052
50	1.2	0.046521
50	1.3	0.043539
50	1.4	0.042389
50	1.5	0.038554
50	1.6	0.03714
50	1.7	0.034639
50	1.8	0.032138
50	1.9	0.030146
50	2	0.029379
50	2.1	0.029213
50	2.2	0.028613
50	2.3	0.02711
50	2.4	0.026037
50	2.5	0.023249
50	2.6	0.021115
50	2.7	0.018675
50	2.8	0.017617
50	2.9	0.017513
50	3	0.016448
50	3.1	0.01566
50	3.2	0.01453
50	3.3	0.012671
50	3.4	0.012262
50	3.5	0.011248
50	3.6	0.010307
50	3.7	0.0098341
50	3.8	0.0092863
50	3.9	0.0085355
50	4	0.0082642
60	-4	0.0088825
60	-3.9	0.0098881
60	-3.8	0.011537
60	-3.7	0.011904
60	-3.6	0.011515
60	-3.5	0.011557
60	-3.4	0.011811
60	-3.3	0.012774
60	-3.2	0.014069
60	-3.1	0.014774
60	-3	0.015204
60	-2.9	0.015889
60	-2.8	0.017812
60	-2.7	0.019992
60	-2.6	0.02313
60	-2.5	0.03005
60	-2.4	0.032677
60	-2.3	0.035492
60	-2.2	0.036512
60	-2.1	0.037184
60	-2	0.038417
60	-1.9	0.041174
60	-1.8	0.044281
60	-1.7	0.046572
60	-1.6	0.046308
60	-1.5	0.043039
60	-1.4	0.038395
60	-1.3	0.03393
60	-1.2	0.032213
60	-1.1	0.036687
60	-1	0.042498
60	-0.9	0.052083
60	-0.8	0.057108
60	-0.7	0.06151
60	-0.6	0.062015
60	-0.5	0.05903
60	-0.4	0.05475
60	-0.3	0.045951
60	-0.2	0.038325
60	-0.1	0.032575
60	0	0.025232
60	0.1	0.021199
60	0.2	0.020494
60	0.3	0.022751
60	0.4	0.026127
60	0.5	0.030798
60	0.6	0.034376
60	0.7	0.037992
60	0.8	0.04312
60	0.9	0.046509
60	1	0.048848
60	1.1	0.05094
60	1.2	0.051068
60	1.3	0.049143
60	1.4	0.045399
60	1.5	0.041506
60	1.6	0.039107
60	1.7	0.036343
60	1.8	0.03433
60	1.9	0.033353
60	2	0.033281
60	2.1	0.03302
60	2.2	0.030643
60	2.3	0.028515
60	2.4	0.025633
60	2.5	0.023152
60	2.6	0.021673
60	2.7	0.021128
60	2.8	0.019504
60	2.9	0.017866
60	3	0.016677
60	3.1	0.013986
60	3.2	0.011443
60	3.3	0.01
60	3.4	0.0098996
60	3.5	0.010205
60	3.6	0.011029
60	3.7	0.010479
60	3.8	0.0099922
60	3.9	0.0094997
60	4	0.0089874
70	-4	0.0084058
70	-3.9	0.010733
70	-3.8	0.012883
70	-3.7	0.013788
70	-3.6	0.01362
70	-3.5	0.011962
70	-3.4	0.010973
70	-3.3	0.011055
70	-3.2	0.012776
70	-3.1	0.013651
70	-3	0.014848
70	-2.9	0.016312
70	-2.8	0.017343
70	-2.7	0.018834
70	-2.6	0.020602
70	-2.5	0.023893
70	-2.4	0.028588
70	-2.3	0.033981
70	-2.2	0.036205
70	-2.1	0.037717
70	-2	0.038422
70	-1.9	0.039049
70	-1.8	0.040227
70	-1.7	0.041825
70	-1.6	0.042897
70	-1.5	0.042259
70	-1.4	0.039681
70	-1.3	0.036487
70	-1.2	0.03268
70	-1.1	0.033699
70	-1	0.037494
70	-0.9	0.047814
70	-0.8	0.054771
70	-0.7	0.0614
70	-0.6	0.063555
70	-0.5	0.062452
70	-0.4	0.056804
70	-0.3	0.047231
70	-0.2	0.041822
70	-0.1	0.032203
70	0	0.025838
70	0.1	0.021298
70	0.2	0.01938
70	0.3	0.019751
70	0.4	0.023172
70	0.5	0.02669
70	0.6	0.033765
70	0.7	0.039494
70	0.8	0.043364
70	0.9	0.0482
70	1	0.049998
70	1.1	0.049898
70	1.2	0.048661
70	1.3	0.046607
70	1.4	0.043935
70	1.5	0.041742
70	1.6	0.039914
70	1.7	0.03806
70	1.8	0.03697
70	1.9	0.034245
70	2	0.031616
70	2.1	0.030045
70	2.2	0.027467
70	2.3	0.02581
70	2.4	0.024404
70	2.5	0.023667
70	2.6	0.023742
70	2.7	0.023003
70	2.8	0.021967
70	2.9	0.02096
70	3	0.018293
70	3.1	0.016575
70	3.2	0.014551
70	3.3	0.01276
70	3.4	0.012748
70	3.5	0.012782
70	3.6	0.012697
70	3.7	0.011785
70	3.8	0.01104
70	3.9	0.010329
70	4	0.010251
80	-4	0.0090412
80	-3.9	0.011015
80	-3.8	0.013271
80	-3.7	0.012911
80	-3.6	0.01226
80	-3.5	0.01086
80	-3.4	0.010446
80	-3.3	0.011901
80	-3.2	0.014311
80	-3.1	0.016447
80	-3	0.016165
80	-2.9	0.015264
80	-2.8	0.013962
80	-2.7	0.015576
80	-2.6	0.02049
80	-2.5	0.026202
80	-2.4	0.032459
80	-2.3	0.035768
80	-2.2	0.038137
80	-2.1	0.037507
80	-2	0.037626
80	-1.9	0.039186
80	-1.8	0.040646
80	-1.7	0.044681
80	-1.6	0.045654
80	-1.5	0.044015
80	-1.4	0.039544
80	-1.3	0.035277
80	-1.2	0.03147
80	-1.1	0.033381
80	-1	0.039688
80	-0.9	0.048794
80	-0.8	0.05586
80	-0.7	0.062264
80	-0.6	0.065136
80	-0.5	0.063746
80	-0.4	0.060755
80	-0.3	0.049085
80	-0.2	0.0447
80	-0.1	0.033716
80	0	0.027228
80	0.1	0.02229
80	0.2	0.020416
80	0.3	0.02104
80	0.4	0.024249
80	0.5	0.026852
80	0.6	0.033121
80	0.7	0.036744
80	0.8	0.041955
80	0.9	0.047479
80	1	0.049457
80	1.1	0.051022
80	1.2	0.050751
80	1.3	0.049531
80	1.4	0.046219
80	1.5	0.043909
80	1.6	0.039851
80	1.7	0.03733
80	1.8	0.035055
80	1.9	0.034578
80	2	0.034239
80	2.1	0.034061
80	2.2	0.031944
80	2.3	0.03047
80	2.4	0.027392
80	2.5	0.025253
80	2.6	0.023648
80	2.7	0.02308
80	2.8	0.022543
80	2.9	0.021945
80	3	0.020214
80	3.1	0.017489
80	3.2	0.015167
80	3.3	0.013055
80	3.4	0.01176
80	3.5	0.011755
80	3.6	0.011841
80	3.7	0.011856
80	3.8	0.011203
80	3.9	0.010844
80	4	0.010568
90	-4	0.0098077
90	-3.9	0.010725
90	-3.8	0.011126
90	-3.7	0.011138
90	-3.6	0.010154
90	-3.5	0.0097515
90	-3.4	0.010086
90	-3.3	0.010789
90	-3.2	0.01216
90	-3.1	0.013146
90	-3	0.013658
90	-2.9	0.013819
90	-2.8	0.014504
90	-2.7	0.015042
90	-2.6	0.01881
90	-2.5	0.022508
90	-2.4	0.026355
90	-2.3	0.030892
90	-2.2	0.034339
90	-2.1	0.036518
90	-2	0.037673
90	-1.9	0.039633
90	-1.8	0.041291
90	-1.7	0.042345
90	-1.6	0.043159
90	-1.5	0.042823
90	-1.4	0.038213
90	-1.3	0.035401
90	-1.2	0.032417
90	-1.1	0.031748
90	-1	0.038133
90	-0.9	0.042224
90	-0.8	0.050685
90	-0.7	0.060638
90	-0.6	0.062509
90	-0.5	0.062947
90	-0.4	0.059455
90	-0.3	0.053888
90	-0.2	0.044832
90	-0.1	0.036213
90	0	0.029236
90	0.1	0.021926
90	0.2	0.019556
90	0.3	0.018052
90	0.4	0.018988
90	0.5	0.020841
90	0.6	0.028124
90	0.7	0.034069
90	0.8	0.038411
90	0.9	0.044061
90	1	0.048084
90	1.1	0.050776
90	1.2	0.05117
90	1.3	0.050279
90	1.4	0.047768
90	1.5	0.045188
90	1.6	0.04172
90	1.7	0.038489
90	1.8	0.036477
90	1.9	0.034602
90	2	0.034197
90	2.1	0.034175
90	2.2	0.033932
90	2.3	0.03197
90	2.4	0.029092
90	2.5	0.028024
90	2.6	0.024595
90	2.7	0.022708
90	2.8	0.021329
90	2.9	0.020069
90	3	0.018851
90	3.1	0.017579
90	3.2	0.016859
90	3.3	0.014792
90	3.4	0.013215
90	3.5	0.012248
90	3.6	0.011589
90	3.7	0.010906
90	3.8	0.010721
90	3.9	0.010058
90	4	0.0095979
100	-4	0.0083266
100	-3.9	0.0081896
100	-3.8	0.009068
100	-3.7	0.0093626
100	-3.6	0.010446
100	-3.5	0.0097929
100	-3.4	0.0094724
100	-3.3	0.008732
100	-3.2	0.0094417
100	-3.1	0.010642
100	-3	0.01282
100	-2.9	0.013414
100	-2.8	0.013892
100	-2.7	0.01407
100	-2.6	0.015721
100	-2.5	0.019929
100	-2.4	0.023044
100	-2.3	0.027874
100	-2.2	0.032795
100	-2.1	0.034849
100	-2	0.03727
100	-1.9	0.039472
100	-1.8	0.039532
100	-1.7	0.039637
100	-1.6	0.039513
100	-1.5	0.039242
100	-1.4	0.038029
100	-1.3	0.035547
100	-1.2	0.032529
100	-1.1	0.031137
100	-1	0.033646
100	-0.9	0.041628
100	-0.8	0.046976
100	-0.7	0.057558
100	-0.6	0.062652
100	-0.5	0.063799
100	-0.4	0.061483
100	-0.3	0.055079
100	-0.2	0.044316
100	-0.1	0.037478
100	0	0.031227
100	0.1	0.021682
100	0.2	0.019064
100	0.3	0.016312
100	0.4	0.016824
100	0.5	0.019632
100	0.6	0.023108
100	0.7	0.031735
100	0.8	0.03899
100	0.9	0.043352
100	1	0.048278
100	1.1	0.050426
100	1.2	0.050802
100	1.3	0.050031
100	1.4	0.048483
100	1.5	0.047205
100	1.6	0.044092
100	1.7	0.042371
100	1.8	0.039644
100	1.9	0.036534
100	2	0.03357
100	2.1	0.031965
100	2.2	0.030926
100	2.3	0.030025
100	2.4	0.028711
100	2.5	0.027517
100	2.6	0.026385
100	2.7	0.022584
100	2.8	0.019628
100	2.9	0.016785
100	3	0.01471
100	3.1	0.013701
100	3.2	0.012939
100	3.3	0.012695
100	3.4	0.012389
100	3.5	0.010715
100	3.6	0.0090769
100	3.7	0.0079959
100	3.8	0.0064547
100	3.9	0.0062693
100	4	0.0067341
110	-4	0.0069211
110	-3.9	0.0078077
110	-3.8	0.009685
110	-3.7	0.010301
110	-3.6	0.011186
110	-3.5	0.011014
110	-3.4	0.0099857
110	-3.3	0.0091567
110	-3.2	0.0091866
110	-3.1	0.010189
110	-3	0.012029
110	-2.9	0.012375
110	-2.8	0.012261
110	-2.7	0.012399
110	-2.6	0.013132
110	-2.5	0.018244
110	-2.4	0.024133
110	-2.3	0.028035
110	-2.2	0.031866
110	-2.1	0.033562
110	-2	0.035852
110	-1.9	0.038415
110	-1.8	0.040155
110	-1.7	0.041464
110	-1.6	0.042259
110	-1.5	0.040578
110	-1.4	0.038276
110	-1.3	0.033156
110	-1.2	0.02945
110	-1.1	0.029958
110	-1	0.031296
110	-0.9	0.040689
110	-0.8	0.046935
110	-0.7	0.05562
110	-0.6	0.059631
110	-0.5	0.060054
110	-0.4	0.055641
110	-0.3	0.051639
110	-0.2	0.044679
110	-0.1	0.034094
110	0	0.028765
110	0.1	0.021947
110	0.2	0.017849
110	0.3	0.01644
110	0.4	0.01619
110	0.5	0.01732
110	0.6	0.022917
110	0.7	0.026864
110	0.8	0.033624
110	0.9	0.040714
110	1	0.04543
110	1.1	0.047115
110	1.2	0.047163
110	1.3	0.045871
110	1.4	0.044255
110	1.5	0.041332
110	1.6	0.039566
110	1.7	0.036687
110	1.8	0.034426
110	1.9	0.033204
110	2	0.031826
110	2.1	0.031084
110	2.2	0.030317
110	2.3	0.028157
110	2.4	0.027443
110	2.5	0.025807
110	2.6	0.025275
110	2.7	0.023332
110	2.8	0.021223
110	2.9	0.018757
110	3	0.016644
110	3.1	0.014008
110	3.2	0.011513
110	3.3	0.011239
110	3.4	0.011056
110	3.5	0.010857
110	3.6	0.01098
110	3.7	0.0099598
110	3.8	0.0078634
110	3.9	0.0071824
110	4	0.0065021
120	-4	0.0077391
120	-3.9	0.0090484
120	-3.8	0.010062
120	-3.7	0.010591
120	-3.6	0.010868
120	-3.5	0.010364
120	-3.4	0.0098832
120	-3.3	0.0090519
120	-3.2	0.0082701
120	-3.1	0.0087505
120	-3	0.0096164
120	-2.9	0.011107
120	-2.8	0.011444
120	-2.7	0.012015
120	-2.6	0.012963
120	-2.5	0.016301
120	-2.4	0.019198
120	-2.3	0.024214
120	-2.2	0.028375
120	-2.1	0.03134
120	-2	0.033348
120	-1.9	0.034672
120	-1.8	0.037335
120	-1.7	0.039398
120	-1.6	0.040357
120	-1.5	0.039821
120	-1.4	0.037586
120	-1.3	0.033346
120	-1.2	0.029102
120	-1.1	0.027028
120	-1	0.032575
120	-0.9	0.037703
120	-0.8	0.045176
120	-0.7	0.052829
120	-0.6	0.057939
120	-0.5	0.058215
120	-0.4	0.055661
120	-0.3	0.049958
120	-0.2	0.042726
120	-0.1	0.034295
120	0	0.02513
120	0.1	0.019957
120	0.2	0.016874
120	0.3	0.014257
120	0.4	0.014616
120	0.5	0.01635
120	0.6	0.020332
120	0.7	0.026813
120	0.8	0.03369
120	0.9	0.037349
120	1	0.041707
120	1.1	0.044771
120	1.2	0.045254
120	1.3	0.044725
120	1.4	0.042706
120	1.5	0.040712
120	1.6	0.036874
120	1.7	0.034337
120	1.8	0.031714
120	1.9	0.030427
120	2	0.030456
120	2.1	0.031046
120	2.2	0.030213
120	2.3	0.028366
120	2.4	0.026582
120	2.5	0.022964
120	2.6	0.020802
120	2.7	0.018535
120	2.8	0.017527
120	2.9	0.0177
120	3	0.017114
120	3.1	0.016081
120	3.2	0.013396
120	3.3	0.011265
120	3.4	0.0091743
120	3.5	0.0083942
120	3.6	0.0084956
120	3.7	0.0096967
120	3.8	0.0097399
120	3.9	0.0096046
120	4	0.0090626
130	-4	0.0067197
130	-3.9	0.008223
130	-3.8	0.01029
130	-3.7	0.011261
130	-3.6	0.011276
130	-3.5	0.0096332
130	-3.4	0.0079126
130	-3.3	0.0077724
130	-3.2	0.0092112
130	-3.1	0.010457
130	-3	0.010985
130	-2.9	0.010495
130	-2.8	0.0085374
130	-2.7	0.007737
130	-2.6	0.01142
130	-2.5	0.016244
130	-2.4	0.022123
130	-2.3	0.024404
130	-2.2	0.026273
130	-2.1	0.027559
130	-2	0.028226
130	-1.9	0.031908
130	-1.8	0.035609
130	-1.7	0.038993
130	-1.6	0.04095
130	-1.5	0.041046
130	-1.4	0.036414
130	-1.3	0.028818
130	-1.2	0.024402
130	-1.1	0.022239
130	-1	0.030629
130	-0.9	0.038835
130	-0.8	0.048421
130	-0.7	0.053716
130	-0.6	0.060013
130	-0.5	0.059296
130	-0.4	0.055366
130	-0.3	0.049339
130	-0.2	0.038289
130	-0.1	0.029342
130	0	0.020267
130	0.1	0.016249
130	0.2	0.014434
130	0.3	0.013711
130	0.4	0.014339
130	0.5	0.017387
130	0.6	0.022194
130	0.7	0.027775
130	0.8	0.032766
130	0.9	0.038125
130	1	0.040952
130	1.1	0.042034
130	1.2	0.041148
130	1.3	0.039832
130	1.4	0.037247
130	1.5	0.034514
130	1.6	0.032919
130	1.7	0.031002
130	1.8	0.029314
130	1.9	0.028206
130	2	0.028045
130	2.1	0.028195
130	2.2	0.026925
130	2.3	0.026488
130	2.4	0.025015
130	2.5	0.024136
130	2.6	0.022436
130	2.7	0.020799
130	2.8	0.019598
130	2.9	0.018527
130	3	0.017316
130	3.1	0.016242
130	3.2	0.014623
130	3.3	0.012487
130	3.4	0.010638
130	3.5	0.009725
130	3.6	0.0098028
130	3.7	0.0097714
130	3.8	0.0099143
130	3.9	0.010878
130	4	0.010372
140	-4	0.0069677
140	-3.9	0.0079003
140	-3.8	0.0094673
140	-3.7	0.010169
140	-3.6	0.0094554
140	-3.5	0.0090072
140	-3.4	0.0084937
140	-3.3	0.0085222
140	-3.2	0.0098849
140	-3.1	0.01026
140	-3	0.010095
140	-2.9	0.0092112
140	-2.8	0.0072048
140	-2.7	0.0079309
140	-2.6	0.012087
140	-2.5	0.015716
140	-2.4	0.020932
140	-2.3	0.024687
140	-2.2	0.026552
140	-2.1	0.027725
140	-2	0.02901
140	-1.9	0.03232
140	-1.8	0.03556
140	-1.7	0.039014
140	-1.6	0.041695
140	-1.5	0.040776
140	-1.4	0.038563
140	-1.3	0.029456
140	-1.2	0.022543
140	-1.1	0.022163
140	-1	0.028428
140	-0.9	0.034988
140	-0.8	0.046885
140	-0.7	0.051397
140	-0.6	0.055713
140	-0.5	0.05481
140	-0.4	0.052335
140	-0.3	0.043754
140	-0.2	0.035507
140	-0.1	0.027136
140	0	0.019566
140	0.1	0.01687
140	0.2	0.014438
140	0.3	0.01342
140	0.4	0.0139
140	0.5	0.016508
140	0.6	0.018698
140	0.7	0.025923
140	0.8	0.029533
140	0.9	0.035545
140	1	0.038665
140	1.1	0.039841
140	1.2	0.039931
140	1.3	0.038204
140	1.4	0.035231
140	1.5	0.032744
140	1.6	0.030736
140	1.7	0.02845
140	1.8	0.026694
140	1.9	0.02661
140	2	0.026953
140	2.1	0.027263
140	2.2	0.02604
140	2.3	0.024721
140	2.4	0.023949
140	2.5	0.021509
140	2.6	0.019708
140	2.7	0.018533
140	2.8	0.017256
140	2.9	0.016837
140	3	0.015672
140	3.1	0.01413
140	3.2	0.011458
140	3.3	0.009116
140	3.4	0.0083227
140	3.5	0.0084613
140	3.6	0.0079959
140	3.7	0.0088223
140	3.8	0.0096365
140	3.9	0.0096096
140	4	0.0082837
150	-4	0.0071463
150	-3.9	0.0096281
150	-3.8	0.010098
150	-3.7	0.010458
150	-3.6	0.0105
150	-3.5	0.0094895
150	-3.4	0.0087911
150	-3.3	0.0086203
150	-3.2	0.0097499
150	-3.1	0.011302
150	-3	0.010745
150	-2.9	0.0097681
150	-2.8	0.0065836
150	-2.7	0.0073492
150	-2.6	0.010221
150	-2.5	0.013554
150	-2.4	0.0189
150	-2.3	0.022114
150	-2.2	0.024534
150	-2.1	0.026836
150	-2	0.029701
150	-1.9	0.033041
150	-1.8	0.038459
150	-1.7	0.040141
150	-1.6	0.041456
150	-1.5	0.040038
150	-1.4	0.035076
150	-1.3	0.028533
150	-1.2	0.02279
150	-1.1	0.021916
150	-1	0.029356
150	-0.9	0.039633
150	-0.8	0.047714
150	-0.7	0.053229
150	-0.6	0.054764
150	-0.5	0.053227
150	-0.4	0.048653
150	-0.3	0.042407
150	-0.2	0.03269
150	-0.1	0.026516
150	0	0.021022
150	0.1	0.017624
150	0.2	0.015761
150	0.3	0.014481
150	0.4	0.01471
150	0.5	0.01708
150	0.6	0.019157
150	0.7	0.026176
150	0.8	0.031674
150	0.9	0.035284
150	1	0.038069
150	1.1	0.039723
150	1.2	0.0392
150	1.3	0.037355
150	1.4	0.034384
150	1.5	0.031848
150	1.6	0.02987
150	1.7	0.026936
150	1.8	0.025913
150	1.9	0.026072
150	2	0.027528
150	2.1	0.027954
150	2.2	0.027429
150	2.3	0.025987
150	2.4	0.024589
150	2.5	0.022522
150	2.6	0.019365
150	2.7	0.01817
150	2.8	0.017588
150	2.9	0.016801
150	3	0.014789
150	3.1	0.012823
150	3.2	0.011168
150	3.3	0.0099679
150	3.4	0.0092462
150	3.5	0.0093609
150	3.6	0.0091936
150	3.7	0.0090804
150	3.8	0.0095591
150	3.9	0.0084038
150	4	0.0079064
160	-4	0.0083788
160	-3.9	0.010263
160	-3.8	0.011849
160	-3.7	0.012389
160	-3.6	0.012291
160	-3.5	0.010153
160	-3.4	0.0089243
160	-3.3	0.0081698
160	-3.2	0.0091213
160	-3.1	0.010738
160	-3	0.011441
160	-2.9	0.010466
160	-2.8	0.0084038
160	-2.7	0.0070781
160	-2.6	0.0086838
160	-2.5	0.012653
160	-2.4	0.01918
160	-2.3	0.024821
160	-2.2	0.027213
160	-2.1	0.031135
160	-2	0.033361
160	-1.9	0.034993
160	-1.8	0.038137
160	-1.7	0.041007
160	-1.6	0.041152
160	-1.5	0.039084
160	-1.4	0.032546
160	-1.3	0.028501
160	-1.2	0.022692
160	-1.1	0.023578
160	-1	0.029386
160	-0.9	0.03307
160	-0.8	0.042584
160	-0.7	0.050508
160	-0.6	0.05283
160	-0.5	0.051424
160	-0.4	0.046338
160	-0.3	0.039808
160	-0.2	0.032693
160	-0.1	0.026723
160	0	0.021693
160	0.1	0.019145
160	0.2	0.01689
160	0.3	0.015476
160	0.4	0.015608
160	0.5	0.017499
160	0.6	0.022786
160	0.7	0.027892
160	0.8	0.032034
160	0.9	0.036755
160	1	0.038656
160	1.1	0.040744
160	1.2	0.039638
160	1.3	0.037631
160	1.4	0.035787
160	1.5	0.033039
160	1.6	0.030277
160	1.7	0.028298
160	1.8	0.027908
160	1.9	0.027796
160	2	0.027996
160	2.1	0.027519
160	2.2	0.0269
160	2.3	0.02587
160	2.4	0.023902
160	2.5	0.023399
160	2.6	0.019446
160	2.7	0.018516
160	2.8	0.015315
160	2.9	0.013194
160	3	0.010909
160	3.1	0.0091725
160	3.2	0.0095995
160	3.3	0.0099857
160	3.4	0.010292
160	3.5	0.0092585
160	3.6	0.0083459
160	3.7	0.0077328
160	3.8	0.0059247
160	3.9	0.0061496
160	4	0.0072205
170	-4	0.010197
170	-3.9	0.012062
170	-3.8	0.013276
170	-3.7	0.012577
170	-3.6	0.011859
170	-3.5	0.0095574
170	-3.4	0.0083091
170	-3.3	0.0089007
170	-3.2	0.01014
170	-3.1	0.011053
170	-3	0.011102
170	-2.9	0.010306
170	-2.8	0.0069047
170	-2.7	0.0061259
170	-2.6	0.0093522
170	-2.5	0.015041
170	-2.4	0.020269
170	-2.3	0.023909
170	-2.2	0.026804
170	-2.1	0.027972
170	-2	0.029811
170	-1.9	0.032535
170	-1.8	0.039126
170	-1.7	0.041182
170	-1.6	0.042612
170	-1.5	0.038854
170	-1.4	0.034911
170	-1.3	0.025227
170	-1.2	0.021512
170	-1.1	0.023457
170	-1	0.026088
170	-0.9	0.040042
170	-0.8	0.049877
170	-0.7	0.054024
170	-0.6	0.055218
170	-0.5	0.052118
170	-0.4	0.046164
170	-0.3	0.036257
170	-0.2	0.029424
170	-0.1	0.022693
170	0	0.017751
170	0.1	0.014655
170	0.2	0.014695
170	0.3	0.016078
170	0.4	0.018722
170	0.5	0.024766
170	0.6	0.0305
170	0.7	0.036669
170	0.8	0.039458
170	0.9	0.040943
170	1	0.040882
170	1.1	0.039055
170	1.2	0.037241
170	1.3	0.032591
170	1.4	0.031157
170	1.5	0.029173
170	1.6	0.027727
170	1.7	0.026574
170	1.8	0.025644
170	1.9	0.02538
170	2	0.025109
170	2.1	0.024851
170	2.2	0.024256
170	2.3	0.023641
170	2.4	0.022121
170	2.5	0.021236
170	2.6	0.018548
170	2.7	0.016339
170	2.8	0.014326
170	2.9	0.012654
170	3	0.011314
170	3.1	0.009997
170	3.2	0.0097515
170	3.3	0.0090072
170	3.4	0.0089622
170	3.5	0.0090412
170	3.6	0.0089351
170	3.7	0.0085582
170	3.8	0.0080703
170	3.9	0.0074062
170	4	0.0071801
180	-4	0.011001
180	-3.9	0.012605
180	-3.8	0.013127
180	-3.7	0.012798
180	-3.6	0.011658
180	-3.5	0.010995
180	-3.4	0.011112
180	-3.3	0.011322
180	-3.2	0.011873
180	-3.1	0.012159
180	-3	0.010957
180	-2.9	0.0081994
180	-2.8	0.0067077
180	-2.7	0.0079513
180	-2.6	0.012213
180	-2.5	0.018287
180	-2.4	0.022631
180	-2.3	0.024976
180	-2.2	0.027847
180	-2.1	0.029838
180	-2	0.032867
180	-1.9	0.03786
180	-1.8	0.041757
180	-1.7	0.043777
180	-1.6	0.043305
180	-1.5	0.040699
180	-1.4	0.029843
180	-1.3	0.026963
180	-1.2	0.02153
180	-1.1	0.024932
180	-1	0.032321
180	-0.9	0.041279
180	-0.8	0.047307
180	-0.7	0.051873
180	-0.6	0.052636
180	-0.5	0.050948
180	-0.4	0.04322
180	-0.3	0.035545
180	-0.2	0.029489
180	-0.1	0.024996
180	0	0.020484
180	0.1	0.019185
180	0.2	0.01852
180	0.3	0.019416
180	0.4	0.021324
180	0.5	0.026202
180	0.6	0.030814
180	0.7	0.034394
180	0.8	0.03994
180	0.9	0.041652
180	1	0.042286
180	1.1	0.041019
180	1.2	0.038626
180	1.3	0.034663
180	1.4	0.032599
180	1.5	0.029106
180	1.6	0.027601
180	1.7	0.027059
180	1.8	0.0277
180	1.9	0.029741
180	2	0.030138
180	2.1	0.029867
180	2.2	0.027956
180	2.3	0.026516
180	2.4	0.022801
180	2.5	0.019465
180	2.6	0.017645
180	2.7	0.01618
180	2.8	0.015659
180	2.9	0.014941
180	3	0.013098
180	3.1	0.010226
180	3.2	0.0090644
180	3.3	0.0082152
180	3.4	0.0082896
180	3.5	0.0081639
180	3.6	0.0085752
180	3.7	0.0087468
180	3.8	0.0087524
180	3.9	0.0085695
180	4	0.0079166
 
Uniformity Ratio =0.53141
