13-Dec-2017
12:18
TXR  007950 RM428 R24
33511B Function Generator
SN =Agilent Technologies,33511B,MY52301476,3.05-1.19-2.00-52-00
freq =+9.300000000000000E+06
burstmode =TRIG
burstN =+6.000000000000000E+01
voltage =+1.5000000000000E-01
 
DSO-X 2022A Oscilloscope
SN =AGILENT TECHNOLOGIES,DSO-X 2022A,MY54310921,02.41.2015102200
probe =+1.0000000E+00
scale =+500.0E-09
position =+19.900000E-06
range =+1.60E+00
units =VOLT
points =+2000
pointmode =NORM
format =BYTE
acqtype =NORM
trigsource =EXT
coupling =AC
 
-180	-4	0.0071395
-180	-3.9	0.0091796
-180	-3.8	0.0087708
-180	-3.7	0.0084077
-180	-3.6	0.007653
-180	-3.5	0.007325
-180	-3.4	0.0082486
-180	-3.3	0.010421
-180	-3.2	0.011862
-180	-3.1	0.01266
-180	-3	0.012118
-180	-2.9	0.011225
-180	-2.8	0.011547
-180	-2.7	0.013002
-180	-2.6	0.016518
-180	-2.5	0.021616
-180	-2.4	0.025202
-180	-2.3	0.027634
-180	-2.2	0.027379
-180	-2.1	0.02587
-180	-2	0.026011
-180	-1.9	0.028569
-180	-1.8	0.032109
-180	-1.7	0.03416
-180	-1.6	0.035394
-180	-1.5	0.033631
-180	-1.4	0.031752
-180	-1.3	0.02811
-180	-1.2	0.029083
-180	-1.1	0.034739
-180	-1	0.042503
-180	-0.9	0.051326
-180	-0.8	0.054954
-180	-0.7	0.057231
-180	-0.6	0.055741
-180	-0.5	0.0489
-180	-0.4	0.040069
-180	-0.3	0.030853
-180	-0.2	0.021096
-180	-0.1	0.017284
-180	0	0.013732
-180	0.1	0.014742
-180	0.2	0.016662
-180	0.3	0.021828
-180	0.4	0.028282
-180	0.5	0.037664
-180	0.6	0.044126
-180	0.7	0.050819
-180	0.8	0.054665
-180	0.9	0.057582
-180	1	0.058344
-180	1.1	0.057543
-180	1.2	0.05597
-180	1.3	0.051157
-180	1.4	0.046806
-180	1.5	0.043594
-180	1.6	0.040396
-180	1.7	0.038149
-180	1.8	0.034965
-180	1.9	0.034198
-180	2	0.032322
-180	2.1	0.030442
-180	2.2	0.028852
-180	2.3	0.026379
-180	2.4	0.02521
-180	2.5	0.023816
-180	2.6	0.023339
-180	2.7	0.022279
-180	2.8	0.021396
-180	2.9	0.019243
-180	3	0.016912
-180	3.1	0.015851
-180	3.2	0.013704
-180	3.3	0.012951
-180	3.4	0.012913
-180	3.5	0.013139
-180	3.6	0.013051
-180	3.7	0.012608
-180	3.8	0.011255
-180	3.9	0.0096566
-180	4	0.0087727
-170	-4	0.0060516
-170	-3.9	0.0073821
-170	-3.8	0.0083788
-170	-3.7	0.0080543
-170	-3.6	0.0078056
-170	-3.5	0.0068271
-170	-3.4	0.0074778
-170	-3.3	0.0094861
-170	-3.2	0.011572
-170	-3.1	0.0128
-170	-3	0.013957
-170	-2.9	0.014013
-170	-2.8	0.013838
-170	-2.7	0.015705
-170	-2.6	0.019779
-170	-2.5	0.023544
-170	-2.4	0.026972
-170	-2.3	0.029291
-170	-2.2	0.030277
-170	-2.1	0.029463
-170	-2	0.029297
-170	-1.9	0.029805
-170	-1.8	0.032613
-170	-1.7	0.033799
-170	-1.6	0.034843
-170	-1.5	0.034614
-170	-1.4	0.03332
-170	-1.3	0.033313
-170	-1.2	0.03594
-170	-1.1	0.03918
-170	-1	0.0477
-170	-0.9	0.051595
-170	-0.8	0.055352
-170	-0.7	0.056862
-170	-0.6	0.054536
-170	-0.5	0.049188
-170	-0.4	0.041825
-170	-0.3	0.033889
-170	-0.2	0.021936
-170	-0.1	0.018709
-170	0	0.015553
-170	0.1	0.016107
-170	0.2	0.019072
-170	0.3	0.023007
-170	0.4	0.028481
-170	0.5	0.035057
-170	0.6	0.044521
-170	0.7	0.051722
-170	0.8	0.055242
-170	0.9	0.059285
-170	1	0.060925
-170	1.1	0.060796
-170	1.2	0.059254
-170	1.3	0.055835
-170	1.4	0.051933
-170	1.5	0.047846
-170	1.6	0.043121
-170	1.7	0.040216
-170	1.8	0.035659
-170	1.9	0.033876
-170	2	0.033616
-170	2.1	0.032508
-170	2.2	0.031542
-170	2.3	0.030337
-170	2.4	0.028396
-170	2.5	0.02588
-170	2.6	0.023511
-170	2.7	0.022524
-170	2.8	0.020797
-170	2.9	0.020056
-170	3	0.01834
-170	3.1	0.01751
-170	3.2	0.016202
-170	3.3	0.015277
-170	3.4	0.013368
-170	3.5	0.011854
-170	3.6	0.01119
-170	3.7	0.010372
-170	3.8	0.0092846
-170	3.9	0.008888
-170	4	0.0086165
-160	-4	0.0063969
-160	-3.9	0.0072429
-160	-3.8	0.0073712
-160	-3.7	0.0071734
-160	-3.6	0.0060862
-160	-3.5	0.0058423
-160	-3.4	0.0079023
-160	-3.3	0.0098898
-160	-3.2	0.012171
-160	-3.1	0.014088
-160	-3	0.014154
-160	-2.9	0.01378
-160	-2.8	0.012572
-160	-2.7	0.01345
-160	-2.6	0.017114
-160	-2.5	0.022993
-160	-2.4	0.026993
-160	-2.3	0.029781
-160	-2.2	0.030008
-160	-2.1	0.029679
-160	-2	0.028371
-160	-1.9	0.02921
-160	-1.8	0.033094
-160	-1.7	0.035584
-160	-1.6	0.037678
-160	-1.5	0.038018
-160	-1.4	0.036566
-160	-1.3	0.035922
-160	-1.2	0.038238
-160	-1.1	0.042963
-160	-1	0.048291
-160	-0.9	0.056807
-160	-0.8	0.062155
-160	-0.7	0.06351
-160	-0.6	0.06083
-160	-0.5	0.052806
-160	-0.4	0.042318
-160	-0.3	0.034727
-160	-0.2	0.023149
-160	-0.1	0.017706
-160	0	0.016118
-160	0.1	0.016819
-160	0.2	0.019354
-160	0.3	0.025576
-160	0.4	0.029239
-160	0.5	0.040347
-160	0.6	0.045176
-160	0.7	0.05309
-160	0.8	0.058827
-160	0.9	0.061805
-160	1	0.062828
-160	1.1	0.061674
-160	1.2	0.058731
-160	1.3	0.054787
-160	1.4	0.050089
-160	1.5	0.044339
-160	1.6	0.041397
-160	1.7	0.037915
-160	1.8	0.035318
-160	1.9	0.03477
-160	2	0.033858
-160	2.1	0.032303
-160	2.2	0.030997
-160	2.3	0.02975
-160	2.4	0.026939
-160	2.5	0.024803
-160	2.6	0.023046
-160	2.7	0.020792
-160	2.8	0.019508
-160	2.9	0.018395
-160	3	0.01679
-160	3.1	0.01567
-160	3.2	0.015212
-160	3.3	0.014657
-160	3.4	0.012997
-160	3.5	0.011795
-160	3.6	0.010961
-160	3.7	0.0098176
-160	3.8	0.0089243
-160	3.9	0.0087487
-160	4	0.0092095
-150	-4	0.0083846
-150	-3.9	0.010616
-150	-3.8	0.010835
-150	-3.7	0.0099403
-150	-3.6	0.0084096
-150	-3.5	0.0062409
-150	-3.4	0.0081659
-150	-3.3	0.012186
-150	-3.2	0.016218
-150	-3.1	0.018323
-150	-3	0.018264
-150	-2.9	0.016798
-150	-2.8	0.015266
-150	-2.7	0.016495
-150	-2.6	0.019841
-150	-2.5	0.024764
-150	-2.4	0.029221
-150	-2.3	0.032219
-150	-2.2	0.032198
-150	-2.1	0.030962
-150	-2	0.029172
-150	-1.9	0.029539
-150	-1.8	0.031502
-150	-1.7	0.034751
-150	-1.6	0.03753
-150	-1.5	0.037667
-150	-1.4	0.036781
-150	-1.3	0.036327
-150	-1.2	0.037886
-150	-1.1	0.041519
-150	-1	0.049331
-150	-0.9	0.055911
-150	-0.8	0.060477
-150	-0.7	0.061397
-150	-0.6	0.056989
-150	-0.5	0.049529
-150	-0.4	0.043675
-150	-0.3	0.030822
-150	-0.2	0.02286
-150	-0.1	0.018499
-150	0	0.01727
-150	0.1	0.018193
-150	0.2	0.020135
-150	0.3	0.024435
-150	0.4	0.031953
-150	0.5	0.040966
-150	0.6	0.046632
-150	0.7	0.053749
-150	0.8	0.060589
-150	0.9	0.062456
-150	1	0.062398
-150	1.1	0.060543
-150	1.2	0.055048
-150	1.3	0.049708
-150	1.4	0.045203
-150	1.5	0.042181
-150	1.6	0.038859
-150	1.7	0.036985
-150	1.8	0.035861
-150	1.9	0.034859
-150	2	0.033287
-150	2.1	0.031446
-150	2.2	0.029236
-150	2.3	0.028318
-150	2.4	0.027725
-150	2.5	0.026641
-150	2.6	0.025423
-150	2.7	0.023729
-150	2.8	0.02189
-150	2.9	0.019983
-150	3	0.017099
-150	3.1	0.015565
-150	3.2	0.014591
-150	3.3	0.014351
-150	3.4	0.014039
-150	3.5	0.012188
-150	3.6	0.011072
-150	3.7	0.01006
-150	3.8	0.008857
-150	3.9	0.0082053
-150	4	0.0083537
-140	-4	0.0086484
-140	-3.9	0.0094707
-140	-3.8	0.0093643
-140	-3.7	0.0089766
-140	-3.6	0.0092916
-140	-3.5	0.010229
-140	-3.4	0.011789
-140	-3.3	0.013121
-140	-3.2	0.014208
-140	-3.1	0.014848
-140	-3	0.014904
-140	-2.9	0.015401
-140	-2.8	0.019115
-140	-2.7	0.02118
-140	-2.6	0.024245
-140	-2.5	0.027813
-140	-2.4	0.029852
-140	-2.3	0.029304
-140	-2.2	0.028226
-140	-2.1	0.028482
-140	-2	0.030115
-140	-1.9	0.0328
-140	-1.8	0.036443
-140	-1.7	0.038611
-140	-1.6	0.038693
-140	-1.5	0.037371
-140	-1.4	0.036298
-140	-1.3	0.037921
-140	-1.2	0.043191
-140	-1.1	0.051304
-140	-1	0.056461
-140	-0.9	0.062302
-140	-0.8	0.065473
-140	-0.7	0.063406
-140	-0.6	0.059632
-140	-0.5	0.052213
-140	-0.4	0.040337
-140	-0.3	0.031824
-140	-0.2	0.023884
-140	-0.1	0.020634
-140	0	0.019654
-140	0.1	0.021673
-140	0.2	0.024812
-140	0.3	0.029499
-140	0.4	0.034342
-140	0.5	0.041284
-140	0.6	0.04746
-140	0.7	0.052994
-140	0.8	0.059978
-140	0.9	0.061782
-140	1	0.062067
-140	1.1	0.060656
-140	1.2	0.055426
-140	1.3	0.050728
-140	1.4	0.046879
-140	1.5	0.043086
-140	1.6	0.04131
-140	1.7	0.039756
-140	1.8	0.039087
-140	1.9	0.037771
-140	2	0.035818
-140	2.1	0.03331
-140	2.2	0.03043
-140	2.3	0.028722
-140	2.4	0.027738
-140	2.5	0.026911
-140	2.6	0.026194
-140	2.7	0.024898
-140	2.8	0.023203
-140	2.9	0.020738
-140	3	0.017839
-140	3.1	0.014775
-140	3.2	0.013868
-140	3.3	0.013921
-140	3.4	0.013706
-140	3.5	0.013257
-140	3.6	0.012636
-140	3.7	0.012072
-140	3.8	0.011027
-140	3.9	0.0091089
-140	4	0.0088186
-130	-4	0.007714
-130	-3.9	0.010055
-130	-3.8	0.012187
-130	-3.7	0.013065
-130	-3.6	0.011734
-130	-3.5	0.010382
-130	-3.4	0.00971
-130	-3.3	0.011453
-130	-3.2	0.015832
-130	-3.1	0.018462
-130	-3	0.019894
-130	-2.9	0.020285
-130	-2.8	0.020675
-130	-2.7	0.022237
-130	-2.6	0.024701
-130	-2.5	0.028491
-130	-2.4	0.03356
-130	-2.3	0.035042
-130	-2.2	0.034576
-130	-2.1	0.032938
-130	-2	0.0316
-130	-1.9	0.032855
-130	-1.8	0.035486
-130	-1.7	0.038793
-130	-1.6	0.042133
-130	-1.5	0.042523
-130	-1.4	0.041637
-130	-1.3	0.042303
-130	-1.2	0.045655
-130	-1.1	0.050096
-130	-1	0.058786
-130	-0.9	0.062207
-130	-0.8	0.06738
-130	-0.7	0.066322
-130	-0.6	0.061807
-130	-0.5	0.053599
-130	-0.4	0.043522
-130	-0.3	0.036022
-130	-0.2	0.026746
-130	-0.1	0.020144
-130	0	0.019615
-130	0.1	0.022356
-130	0.2	0.025545
-130	0.3	0.030253
-130	0.4	0.035963
-130	0.5	0.041905
-130	0.6	0.050648
-130	0.7	0.057782
-130	0.8	0.061947
-130	0.9	0.065475
-130	1	0.06511
-130	1.1	0.063903
-130	1.2	0.058296
-130	1.3	0.051358
-130	1.4	0.048696
-130	1.5	0.042
-130	1.6	0.040465
-130	1.7	0.038582
-130	1.8	0.036997
-130	1.9	0.035327
-130	2	0.033073
-130	2.1	0.028986
-130	2.2	0.026425
-130	2.3	0.024567
-130	2.4	0.024163
-130	2.5	0.02448
-130	2.6	0.024642
-130	2.7	0.023449
-130	2.8	0.021271
-130	2.9	0.019541
-130	3	0.016821
-130	3.1	0.01491
-130	3.2	0.014349
-130	3.3	0.014268
-130	3.4	0.013987
-130	3.5	0.013408
-130	3.6	0.012584
-130	3.7	0.010381
-130	3.8	0.0096466
-130	3.9	0.0093246
-130	4	0.0091443
-120	-4	0.01153
-120	-3.9	0.011847
-120	-3.8	0.011122
-120	-3.7	0.010542
-120	-3.6	0.011353
-120	-3.5	0.012829
-120	-3.4	0.015342
-120	-3.3	0.016626
-120	-3.2	0.017685
-120	-3.1	0.018356
-120	-3	0.019382
-120	-2.9	0.020663
-120	-2.8	0.023788
-120	-2.7	0.02621
-120	-2.6	0.030157
-120	-2.5	0.031932
-120	-2.4	0.033377
-120	-2.3	0.033089
-120	-2.2	0.032979
-120	-2.1	0.033571
-120	-2	0.035634
-120	-1.9	0.038728
-120	-1.8	0.039852
-120	-1.7	0.039737
-120	-1.6	0.039337
-120	-1.5	0.038942
-120	-1.4	0.04226
-120	-1.3	0.045664
-120	-1.2	0.052309
-120	-1.1	0.062655
-120	-1	0.06894
-120	-0.9	0.07238
-120	-0.8	0.072795
-120	-0.7	0.068362
-120	-0.6	0.060125
-120	-0.5	0.051852
-120	-0.4	0.038662
-120	-0.3	0.031236
-120	-0.2	0.023549
-120	-0.1	0.021551
-120	0	0.021386
-120	0.1	0.022736
-120	0.2	0.024702
-120	0.3	0.029795
-120	0.4	0.036197
-120	0.5	0.041558
-120	0.6	0.05145
-120	0.7	0.055111
-120	0.8	0.060589
-120	0.9	0.062844
-120	1	0.062527
-120	1.1	0.059121
-120	1.2	0.054509
-120	1.3	0.05092
-120	1.4	0.046097
-120	1.5	0.043624
-120	1.6	0.041268
-120	1.7	0.040148
-120	1.8	0.039238
-120	1.9	0.037645
-120	2	0.034933
-120	2.1	0.030832
-120	2.2	0.029142
-120	2.3	0.028688
-120	2.4	0.028763
-120	2.5	0.028366
-120	2.6	0.027731
-120	2.7	0.024463
-120	2.8	0.023177
-120	2.9	0.020106
-120	3	0.018087
-120	3.1	0.016415
-120	3.2	0.015675
-120	3.3	0.015296
-120	3.4	0.014708
-120	3.5	0.013241
-120	3.6	0.011403
-120	3.7	0.010804
-120	3.8	0.010431
-120	3.9	0.010351
-120	4	0.010715
-110	-4	0.010857
-110	-3.9	0.010657
-110	-3.8	0.0096415
-110	-3.7	0.0087947
-110	-3.6	0.010087
-110	-3.5	0.011721
-110	-3.4	0.015082
-110	-3.3	0.01782
-110	-3.2	0.01864
-110	-3.1	0.019176
-110	-3	0.018878
-110	-2.9	0.019487
-110	-2.8	0.021647
-110	-2.7	0.026152
-110	-2.6	0.029894
-110	-2.5	0.034249
-110	-2.4	0.036282
-110	-2.3	0.035633
-110	-2.2	0.034114
-110	-2.1	0.03412
-110	-2	0.035673
-110	-1.9	0.038001
-110	-1.8	0.041186
-110	-1.7	0.043144
-110	-1.6	0.043712
-110	-1.5	0.044338
-110	-1.4	0.046253
-110	-1.3	0.050068
-110	-1.2	0.057993
-110	-1.1	0.062727
-110	-1	0.071019
-110	-0.9	0.07354
-110	-0.8	0.073278
-110	-0.7	0.068044
-110	-0.6	0.058642
-110	-0.5	0.051112
-110	-0.4	0.039513
-110	-0.3	0.029218
-110	-0.2	0.020895
-110	-0.1	0.018311
-110	0	0.017295
-110	0.1	0.019975
-110	0.2	0.02523
-110	0.3	0.030101
-110	0.4	0.040242
-110	0.5	0.046359
-110	0.6	0.056041
-110	0.7	0.06112
-110	0.8	0.062401
-110	0.9	0.062332
-110	1	0.061438
-110	1.1	0.058773
-110	1.2	0.055601
-110	1.3	0.051866
-110	1.4	0.048226
-110	1.5	0.044405
-110	1.6	0.041839
-110	1.7	0.038939
-110	1.8	0.036552
-110	1.9	0.034764
-110	2	0.033195
-110	2.1	0.032739
-110	2.2	0.03225
-110	2.3	0.029757
-110	2.4	0.028027
-110	2.5	0.025408
-110	2.6	0.022266
-110	2.7	0.020309
-110	2.8	0.018831
-110	2.9	0.018109
-110	3	0.01676
-110	3.1	0.016096
-110	3.2	0.014347
-110	3.3	0.012868
-110	3.4	0.011132
-110	3.5	0.01006
-110	3.6	0.0093037
-110	3.7	0.0093661
-110	3.8	0.0097747
-110	3.9	0.0097582
-110	4	0.0097117
-100	-4	0.0089315
-100	-3.9	0.0099273
-100	-3.8	0.010503
-100	-3.7	0.011369
-100	-3.6	0.011269
-100	-3.5	0.012323
-100	-3.4	0.013786
-100	-3.3	0.016053
-100	-3.2	0.016961
-100	-3.1	0.018874
-100	-3	0.019302
-100	-2.9	0.021738
-100	-2.8	0.022997
-100	-2.7	0.02685
-100	-2.6	0.029108
-100	-2.5	0.032457
-100	-2.4	0.033678
-100	-2.3	0.034949
-100	-2.2	0.035504
-100	-2.1	0.036182
-100	-2	0.03818
-100	-1.9	0.039523
-100	-1.8	0.042193
-100	-1.7	0.043214
-100	-1.6	0.044618
-100	-1.5	0.045553
-100	-1.4	0.048896
-100	-1.3	0.052301
-100	-1.2	0.057756
-100	-1.1	0.067462
-100	-1	0.074437
-100	-0.9	0.075974
-100	-0.8	0.074419
-100	-0.7	0.06714
-100	-0.6	0.056382
-100	-0.5	0.04884
-100	-0.4	0.037531
-100	-0.3	0.027573
-100	-0.2	0.020235
-100	-0.1	0.017003
-100	0	0.016551
-100	0.1	0.017467
-100	0.2	0.022268
-100	0.3	0.028589
-100	0.4	0.03834
-100	0.5	0.047216
-100	0.6	0.054829
-100	0.7	0.060207
-100	0.8	0.063124
-100	0.9	0.063248
-100	1	0.06213
-100	1.1	0.057678
-100	1.2	0.055425
-100	1.3	0.050889
-100	1.4	0.046494
-100	1.5	0.043513
-100	1.6	0.04184
-100	1.7	0.039682
-100	1.8	0.037875
-100	1.9	0.035566
-100	2	0.034419
-100	2.1	0.032838
-100	2.2	0.031064
-100	2.3	0.028665
-100	2.4	0.026316
-100	2.5	0.02288
-100	2.6	0.020853
-100	2.7	0.018772
-100	2.8	0.017158
-100	2.9	0.016406
-100	3	0.016036
-100	3.1	0.01478
-100	3.2	0.013675
-100	3.3	0.012337
-100	3.4	0.0097764
-100	3.5	0.008008
-100	3.6	0.0065393
-100	3.7	0.0065812
-100	3.8	0.0070254
-100	3.9	0.007634
-100	4	0.0081678
-90	-4	0.010875
-90	-3.9	0.010686
-90	-3.8	0.010028
-90	-3.7	0.010555
-90	-3.6	0.011503
-90	-3.5	0.014034
-90	-3.4	0.015901
-90	-3.3	0.017805
-90	-3.2	0.018998
-90	-3.1	0.019603
-90	-3	0.019692
-90	-2.9	0.020351
-90	-2.8	0.024093
-90	-2.7	0.027936
-90	-2.6	0.031715
-90	-2.5	0.034685
-90	-2.4	0.035537
-90	-2.3	0.035469
-90	-2.2	0.036428
-90	-2.1	0.037904
-90	-2	0.041096
-90	-1.9	0.044282
-90	-1.8	0.044955
-90	-1.7	0.044555
-90	-1.6	0.044243
-90	-1.5	0.045708
-90	-1.4	0.051769
-90	-1.3	0.058287
-90	-1.2	0.064741
-90	-1.1	0.069184
-90	-1	0.073178
-90	-0.9	0.073754
-90	-0.8	0.06983
-90	-0.7	0.062706
-90	-0.6	0.051185
-90	-0.5	0.042848
-90	-0.4	0.031169
-90	-0.3	0.023756
-90	-0.2	0.018525
-90	-0.1	0.016012
-90	0	0.015819
-90	0.1	0.018861
-90	0.2	0.024664
-90	0.3	0.031703
-90	0.4	0.041002
-90	0.5	0.046944
-90	0.6	0.051995
-90	0.7	0.056821
-90	0.8	0.05814
-90	0.9	0.058298
-90	1	0.057166
-90	1.1	0.05499
-90	1.2	0.050358
-90	1.3	0.047608
-90	1.4	0.04485
-90	1.5	0.041151
-90	1.6	0.038851
-90	1.7	0.037267
-90	1.8	0.036773
-90	1.9	0.03605
-90	2	0.034423
-90	2.1	0.031444
-90	2.2	0.027958
-90	2.3	0.025155
-90	2.4	0.023154
-90	2.5	0.021749
-90	2.6	0.02054
-90	2.7	0.018952
-90	2.8	0.017858
-90	2.9	0.017018
-90	3	0.014297
-90	3.1	0.013242
-90	3.2	0.012376
-90	3.3	0.011759
-90	3.4	0.010535
-90	3.5	0.010232
-90	3.6	0.0093436
-90	3.7	0.0083556
-90	3.8	0.0075188
-90	3.9	0.0078242
-90	4	0.0077911
-80	-4	0.013563
-80	-3.9	0.013304
-80	-3.8	0.012404
-80	-3.7	0.011517
-80	-3.6	0.012923
-80	-3.5	0.01604
-80	-3.4	0.017542
-80	-3.3	0.018889
-80	-3.2	0.019597
-80	-3.1	0.019581
-80	-3	0.020434
-80	-2.9	0.022168
-80	-2.8	0.025891
-80	-2.7	0.030132
-80	-2.6	0.032274
-80	-2.5	0.0347
-80	-2.4	0.035455
-80	-2.3	0.03597
-80	-2.2	0.036567
-80	-2.1	0.037371
-80	-2	0.039662
-80	-1.9	0.041923
-80	-1.8	0.04332
-80	-1.7	0.043358
-80	-1.6	0.042991
-80	-1.5	0.043617
-80	-1.4	0.046989
-80	-1.3	0.052898
-80	-1.2	0.062597
-80	-1.1	0.070361
-80	-1	0.074072
-80	-0.9	0.073614
-80	-0.8	0.066728
-80	-0.7	0.059039
-80	-0.6	0.045229
-80	-0.5	0.037267
-80	-0.4	0.027435
-80	-0.3	0.019322
-80	-0.2	0.015451
-80	-0.1	0.014761
-80	0	0.015392
-80	0.1	0.018159
-80	0.2	0.023375
-80	0.3	0.030463
-80	0.4	0.03823
-80	0.5	0.044824
-80	0.6	0.051119
-80	0.7	0.055372
-80	0.8	0.056095
-80	0.9	0.056462
-80	1	0.05517
-80	1.1	0.050411
-80	1.2	0.048188
-80	1.3	0.042299
-80	1.4	0.040955
-80	1.5	0.037722
-80	1.6	0.034669
-80	1.7	0.033161
-80	1.8	0.031824
-80	1.9	0.030243
-80	2	0.029112
-80	2.1	0.026908
-80	2.2	0.025415
-80	2.3	0.024463
-80	2.4	0.023751
-80	2.5	0.023435
-80	2.6	0.022593
-80	2.7	0.021314
-80	2.8	0.018523
-80	2.9	0.016661
-80	3	0.013291
-80	3.1	0.012156
-80	3.2	0.011978
-80	3.3	0.012179
-80	3.4	0.011935
-80	3.5	0.01094
-80	3.6	0.010049
-80	3.7	0.0090341
-80	3.8	0.00711
-80	3.9	0.0066081
-80	4	0.006564
-70	-4	0.014247
-70	-3.9	0.014131
-70	-3.8	0.013344
-70	-3.7	0.012747
-70	-3.6	0.013378
-70	-3.5	0.014838
-70	-3.4	0.016291
-70	-3.3	0.018053
-70	-3.2	0.019066
-70	-3.1	0.019528
-70	-3	0.020197
-70	-2.9	0.022362
-70	-2.8	0.026502
-70	-2.7	0.030209
-70	-2.6	0.032393
-70	-2.5	0.033996
-70	-2.4	0.033451
-70	-2.3	0.033371
-70	-2.2	0.034858
-70	-2.1	0.037139
-70	-2	0.041374
-70	-1.9	0.04396
-70	-1.8	0.043503
-70	-1.7	0.040571
-70	-1.6	0.039186
-70	-1.5	0.041468
-70	-1.4	0.046796
-70	-1.3	0.058962
-70	-1.2	0.064818
-70	-1.1	0.071595
-70	-1	0.073544
-70	-0.9	0.0717
-70	-0.8	0.0652
-70	-0.7	0.052139
-70	-0.6	0.04362
-70	-0.5	0.032575
-70	-0.4	0.023242
-70	-0.3	0.015144
-70	-0.2	0.013758
-70	-0.1	0.013281
-70	0	0.013525
-70	0.1	0.017142
-70	0.2	0.023908
-70	0.3	0.031559
-70	0.4	0.041305
-70	0.5	0.04758
-70	0.6	0.051863
-70	0.7	0.05478
-70	0.8	0.05411
-70	0.9	0.051277
-70	1	0.048554
-70	1.1	0.044601
-70	1.2	0.043081
-70	1.3	0.039771
-70	1.4	0.038183
-70	1.5	0.035169
-70	1.6	0.032404
-70	1.7	0.03119
-70	1.8	0.029532
-70	1.9	0.027731
-70	2	0.026923
-70	2.1	0.026557
-70	2.2	0.025918
-70	2.3	0.024912
-70	2.4	0.02345
-70	2.5	0.021993
-70	2.6	0.019654
-70	2.7	0.019012
-70	2.8	0.01712
-70	2.9	0.01539
-70	3	0.01473
-70	3.1	0.013004
-70	3.2	0.011852
-70	3.3	0.011668
-70	3.4	0.012488
-70	3.5	0.01235
-70	3.6	0.012036
-70	3.7	0.010908
-70	3.8	0.0097995
-70	3.9	0.0082642
-70	4	0.0078654
-60	-4	0.013117
-60	-3.9	0.013606
-60	-3.8	0.012843
-60	-3.7	0.012719
-60	-3.6	0.01322
-60	-3.5	0.014865
-60	-3.4	0.016559
-60	-3.3	0.01743
-60	-3.2	0.017261
-60	-3.1	0.017001
-60	-3	0.017796
-60	-2.9	0.021231
-60	-2.8	0.025981
-60	-2.7	0.028831
-60	-2.6	0.031923
-60	-2.5	0.03305
-60	-2.4	0.033125
-60	-2.3	0.033488
-60	-2.2	0.035974
-60	-2.1	0.040396
-60	-2	0.043312
-60	-1.9	0.04405
-60	-1.8	0.043296
-60	-1.7	0.040858
-60	-1.6	0.039211
-60	-1.5	0.04034
-60	-1.4	0.046673
-60	-1.3	0.054651
-60	-1.2	0.060908
-60	-1.1	0.068931
-60	-1	0.070782
-60	-0.9	0.068721
-60	-0.8	0.060442
-60	-0.7	0.052591
-60	-0.6	0.04036
-60	-0.5	0.028799
-60	-0.4	0.020839
-60	-0.3	0.017092
-60	-0.2	0.014185
-60	-0.1	0.013327
-60	0	0.013835
-60	0.1	0.017433
-60	0.2	0.021855
-60	0.3	0.032429
-60	0.4	0.038325
-60	0.5	0.04589
-60	0.6	0.049842
-60	0.7	0.052069
-60	0.8	0.052519
-60	0.9	0.051512
-60	1	0.048759
-60	1.1	0.044161
-60	1.2	0.040219
-60	1.3	0.038261
-60	1.4	0.033859
-60	1.5	0.031843
-60	1.6	0.030742
-60	1.7	0.030101
-60	1.8	0.029859
-60	1.9	0.028231
-60	2	0.027211
-60	2.1	0.02536
-60	2.2	0.023342
-60	2.3	0.021395
-60	2.4	0.020388
-60	2.5	0.019674
-60	2.6	0.018381
-60	2.7	0.017151
-60	2.8	0.015902
-60	2.9	0.013767
-60	3	0.012176
-60	3.1	0.011132
-60	3.2	0.01044
-60	3.3	0.010632
-60	3.4	0.01082
-60	3.5	0.010325
-60	3.6	0.0095743
-60	3.7	0.0088971
-60	3.8	0.007693
-60	3.9	0.0078839
-60	4	0.0075016
-50	-4	0.012341
-50	-3.9	0.011094
-50	-3.8	0.0099938
-50	-3.7	0.010577
-50	-3.6	0.013343
-50	-3.5	0.015806
-50	-3.4	0.017876
-50	-3.3	0.017402
-50	-3.2	0.0164
-50	-3.1	0.014858
-50	-3	0.015322
-50	-2.9	0.019861
-50	-2.8	0.023553
-50	-2.7	0.027201
-50	-2.6	0.029355
-50	-2.5	0.031242
-50	-2.4	0.032163
-50	-2.3	0.034714
-50	-2.2	0.036188
-50	-2.1	0.039253
-50	-2	0.041577
-50	-1.9	0.042168
-50	-1.8	0.041315
-50	-1.7	0.038109
-50	-1.6	0.035443
-50	-1.5	0.035818
-50	-1.4	0.041302
-50	-1.3	0.051119
-50	-1.2	0.060835
-50	-1.1	0.064888
-50	-1	0.066341
-50	-0.9	0.061948
-50	-0.8	0.057643
-50	-0.7	0.044019
-50	-0.6	0.038015
-50	-0.5	0.024026
-50	-0.4	0.018591
-50	-0.3	0.014798
-50	-0.2	0.013661
-50	-0.1	0.012527
-50	0	0.012691
-50	0.1	0.017214
-50	0.2	0.02188
-50	0.3	0.029979
-50	0.4	0.038685
-50	0.5	0.046505
-50	0.6	0.048768
-50	0.7	0.051432
-50	0.8	0.051078
-50	0.9	0.047914
-50	1	0.045841
-50	1.1	0.040553
-50	1.2	0.037541
-50	1.3	0.033658
-50	1.4	0.030616
-50	1.5	0.028181
-50	1.6	0.027511
-50	1.7	0.027677
-50	1.8	0.026851
-50	1.9	0.026257
-50	2	0.024351
-50	2.1	0.02213
-50	2.2	0.019733
-50	2.3	0.0177
-50	2.4	0.016486
-50	2.5	0.015678
-50	2.6	0.015513
-50	2.7	0.015109
-50	2.8	0.014104
-50	2.9	0.012531
-50	3	0.011191
-50	3.1	0.0097067
-50	3.2	0.0092985
-50	3.3	0.0089946
-50	3.4	0.0085639
-50	3.5	0.0077849
-50	3.6	0.007369
-50	3.7	0.0064897
-50	3.8	0.0059056
-50	3.9	0.0069001
-50	4	0.0072896
-40	-4	0.012044
-40	-3.9	0.010808
-40	-3.8	0.0087524
-40	-3.7	0.0080382
-40	-3.6	0.0098881
-40	-3.5	0.012911
-40	-3.4	0.015465
-40	-3.3	0.016423
-40	-3.2	0.015341
-40	-3.1	0.013077
-40	-3	0.011777
-40	-2.9	0.012219
-40	-2.8	0.017358
-40	-2.7	0.024279
-40	-2.6	0.029136
-40	-2.5	0.031487
-40	-2.4	0.032986
-40	-2.3	0.033035
-40	-2.2	0.032911
-40	-2.1	0.034571
-40	-2	0.037861
-40	-1.9	0.039542
-40	-1.8	0.039989
-40	-1.7	0.037276
-40	-1.6	0.034552
-40	-1.5	0.032985
-40	-1.4	0.036901
-40	-1.3	0.044695
-40	-1.2	0.056394
-40	-1.1	0.060947
-40	-1	0.063931
-40	-0.9	0.062423
-40	-0.8	0.056091
-40	-0.7	0.047144
-40	-0.6	0.036825
-40	-0.5	0.023237
-40	-0.4	0.019099
-40	-0.3	0.014528
-40	-0.2	0.013999
-40	-0.1	0.012877
-40	0	0.011474
-40	0.1	0.014576
-40	0.2	0.022689
-40	0.3	0.031555
-40	0.4	0.039974
-40	0.5	0.045612
-40	0.6	0.04992
-40	0.7	0.050745
-40	0.8	0.048762
-40	0.9	0.045774
-40	1	0.04236
-40	1.1	0.039296
-40	1.2	0.035362
-40	1.3	0.032982
-40	1.4	0.03044
-40	1.5	0.029167
-40	1.6	0.026641
-40	1.7	0.024859
-40	1.8	0.02429
-40	1.9	0.023943
-40	2	0.023087
-40	2.1	0.022626
-40	2.2	0.021486
-40	2.3	0.020119
-40	2.4	0.017528
-40	2.5	0.014375
-40	2.6	0.013259
-40	2.7	0.012254
-40	2.8	0.011371
-40	2.9	0.011285
-40	3	0.010808
-40	3.1	0.0099517
-40	3.2	0.0092059
-40	3.3	0.0087117
-40	3.4	0.0078737
-40	3.5	0.0077745
-40	3.6	0.0074627
-40	3.7	0.0074497
-40	3.8	0.0072851
-40	3.9	0.0071981
-40	4	0.0073865
-30	-4	0.0080402
-30	-3.9	0.0080683
-30	-3.8	0.010034
-30	-3.7	0.013087
-30	-3.6	0.014451
-30	-3.5	0.014888
-30	-3.4	0.013315
-30	-3.3	0.011564
-30	-3.2	0.0088825
-30	-3.1	0.009989
-30	-3	0.014007
-30	-2.9	0.017828
-30	-2.8	0.021309
-30	-2.7	0.022952
-30	-2.6	0.023723
-30	-2.5	0.024527
-30	-2.4	0.02546
-30	-2.3	0.02945
-30	-2.2	0.033473
-30	-2.1	0.038538
-30	-2	0.039981
-30	-1.9	0.038978
-30	-1.8	0.03604
-30	-1.7	0.030451
-30	-1.6	0.025702
-30	-1.5	0.025504
-30	-1.4	0.032216
-30	-1.3	0.041466
-30	-1.2	0.048769
-30	-1.1	0.054489
-30	-1	0.057037
-30	-0.9	0.053664
-30	-0.8	0.047543
-30	-0.7	0.037035
-30	-0.6	0.028646
-30	-0.5	0.023405
-30	-0.4	0.016048
-30	-0.3	0.013241
-30	-0.2	0.011912
-30	-0.1	0.01177
-30	0	0.013351
-30	0.1	0.015643
-30	0.2	0.021787
-30	0.3	0.029462
-30	0.4	0.037438
-30	0.5	0.041911
-30	0.6	0.045679
-30	0.7	0.04644
-30	0.8	0.045376
-30	0.9	0.041638
-30	1	0.038071
-30	1.1	0.033716
-30	1.2	0.031412
-30	1.3	0.030235
-30	1.4	0.028491
-30	1.5	0.026483
-30	1.6	0.025567
-30	1.7	0.024391
-30	1.8	0.022845
-30	1.9	0.02229
-30	2	0.021881
-30	2.1	0.021445
-30	2.2	0.020035
-30	2.3	0.01835
-30	2.4	0.016393
-30	2.5	0.013909
-30	2.6	0.012363
-30	2.7	0.011501
-30	2.8	0.011561
-30	2.9	0.011403
-30	3	0.011155
-30	3.1	0.01065
-30	3.2	0.0093971
-30	3.3	0.0082779
-30	3.4	0.007762
-30	3.5	0.007583
-30	3.6	0.0073228
-30	3.7	0.0071779
-30	3.8	0.0074713
-30	3.9	0.0068413
-30	4	0.0063487
-20	-4	0.013161
-20	-3.9	0.013164
-20	-3.8	0.01224
-20	-3.7	0.011359
-20	-3.6	0.010471
-20	-3.5	0.0099728
-20	-3.4	0.010033
-20	-3.3	0.010362
-20	-3.2	0.010337
-20	-3.1	0.010753
-20	-3	0.011981
-20	-2.9	0.014761
-20	-2.8	0.01738
-20	-2.7	0.020922
-20	-2.6	0.023227
-20	-2.5	0.026451
-20	-2.4	0.029291
-20	-2.3	0.031928
-20	-2.2	0.034527
-20	-2.1	0.036299
-20	-2	0.0373
-20	-1.9	0.035988
-20	-1.8	0.03275
-20	-1.7	0.026971
-20	-1.6	0.022253
-20	-1.5	0.02273
-20	-1.4	0.026423
-20	-1.3	0.037953
-20	-1.2	0.046413
-20	-1.1	0.049975
-20	-1	0.051808
-20	-0.9	0.050347
-20	-0.8	0.043796
-20	-0.7	0.037183
-20	-0.6	0.029386
-20	-0.5	0.023444
-20	-0.4	0.016525
-20	-0.3	0.013692
-20	-0.2	0.012106
-20	-0.1	0.011531
-20	0	0.012491
-20	0.1	0.015078
-20	0.2	0.023437
-20	0.3	0.031168
-20	0.4	0.035234
-20	0.5	0.040251
-20	0.6	0.04431
-20	0.7	0.04506
-20	0.8	0.042911
-20	0.9	0.040305
-20	1	0.035182
-20	1.1	0.030892
-20	1.2	0.028307
-20	1.3	0.026157
-20	1.4	0.025698
-20	1.5	0.025592
-20	1.6	0.025205
-20	1.7	0.024311
-20	1.8	0.023197
-20	1.9	0.021872
-20	2	0.020753
-20	2.1	0.019941
-20	2.2	0.019568
-20	2.3	0.019208
-20	2.4	0.018734
-20	2.5	0.017417
-20	2.6	0.015423
-20	2.7	0.013623
-20	2.8	0.012962
-20	2.9	0.012722
-20	3	0.012937
-20	3.1	0.012195
-20	3.2	0.011406
-20	3.3	0.0098423
-20	3.4	0.0093643
-20	3.5	0.0090412
-20	3.6	0.0091124
-20	3.7	0.0098685
-20	3.8	0.0099517
-20	3.9	0.0093124
-20	4	0.008272
-10	-4	0.013002
-10	-3.9	0.012116
-10	-3.8	0.01092
-10	-3.7	0.010859
-10	-3.6	0.011471
-10	-3.5	0.012425
-10	-3.4	0.011902
-10	-3.3	0.010548
-10	-3.2	0.0091584
-10	-3.1	0.0083672
-10	-3	0.010715
-10	-2.9	0.014609
-10	-2.8	0.01805
-10	-2.7	0.021417
-10	-2.6	0.024169
-10	-2.5	0.026865
-10	-2.4	0.028442
-10	-2.3	0.030653
-10	-2.2	0.033203
-10	-2.1	0.034913
-10	-2	0.036812
-10	-1.9	0.035848
-10	-1.8	0.033503
-10	-1.7	0.028088
-10	-1.6	0.019046
-10	-1.5	0.01591
-10	-1.4	0.021667
-10	-1.3	0.030338
-10	-1.2	0.040972
-10	-1.1	0.046525
-10	-1	0.049768
-10	-0.9	0.049362
-10	-0.8	0.045465
-10	-0.7	0.041332
-10	-0.6	0.032633
-10	-0.5	0.022151
-10	-0.4	0.016774
-10	-0.3	0.014278
-10	-0.2	0.012166
-10	-0.1	0.011833
-10	0	0.013419
-10	0.1	0.016352
-10	0.2	0.024534
-10	0.3	0.032959
-10	0.4	0.037774
-10	0.5	0.042277
-10	0.6	0.046037
-10	0.7	0.046145
-10	0.8	0.045207
-10	0.9	0.041241
-10	1	0.033922
-10	1.1	0.027694
-10	1.2	0.025825
-10	1.3	0.023886
-10	1.4	0.023831
-10	1.5	0.024394
-10	1.6	0.024472
-10	1.7	0.024082
-10	1.8	0.021903
-10	1.9	0.020224
-10	2	0.017821
-10	2.1	0.016041
-10	2.2	0.014935
-10	2.3	0.014004
-10	2.4	0.013734
-10	2.5	0.012949
-10	2.6	0.011611
-10	2.7	0.010181
-10	2.8	0.0082779
-10	2.9	0.0073029
-10	3	0.00682
-10	3.1	0.0076466
-10	3.2	0.0073338
-10	3.3	0.0074432
-10	3.4	0.0080362
-10	3.5	0.0079594
-10	3.6	0.0079675
-10	3.7	0.0077766
-10	3.8	0.0072004
-10	3.9	0.0071914
-10	4	0.0060033
0	-4	0.014119
0	-3.9	0.012575
0	-3.8	0.011375
0	-3.7	0.010751
0	-3.6	0.011432
0	-3.5	0.012325
0	-3.4	0.011939
0	-3.3	0.010664
0	-3.2	0.0090376
0	-3.1	0.0067245
0	-3	0.0080322
0	-2.9	0.012349
0	-2.8	0.017515
0	-2.7	0.020438
0	-2.6	0.024097
0	-2.5	0.026447
0	-2.4	0.028243
0	-2.3	0.031713
0	-2.2	0.034285
0	-2.1	0.038008
0	-2	0.039405
0	-1.9	0.039591
0	-1.8	0.036484
0	-1.7	0.03002
0	-1.6	0.024027
0	-1.5	0.015994
0	-1.4	0.016821
0	-1.3	0.025866
0	-1.2	0.033305
0	-1.1	0.042107
0	-1	0.046969
0	-0.9	0.048801
0	-0.8	0.045861
0	-0.7	0.040469
0	-0.6	0.033241
0	-0.5	0.027168
0	-0.4	0.020888
0	-0.3	0.015917
0	-0.2	0.015054
0	-0.1	0.014673
0	0	0.015897
0	0.1	0.019015
0	0.2	0.024004
0	0.3	0.031649
0	0.4	0.037376
0	0.5	0.04056
0	0.6	0.044812
0	0.7	0.045469
0	0.8	0.043226
0	0.9	0.040877
0	1	0.034385
0	1.1	0.030559
0	1.2	0.025
0	1.3	0.023391
0	1.4	0.024017
0	1.5	0.026172
0	1.6	0.027273
0	1.7	0.027237
0	1.8	0.026488
0	1.9	0.023898
0	2	0.022135
0	2.1	0.020222
0	2.2	0.018943
0	2.3	0.018124
0	2.4	0.017815
0	2.5	0.016247
0	2.6	0.013982
0	2.7	0.011161
0	2.8	0.0093712
0	2.9	0.0083149
0	3	0.0087561
0	3.1	0.0097416
0	3.2	0.010703
0	3.3	0.011478
0	3.4	0.010949
0	3.5	0.010226
0	3.6	0.009839
0	3.7	0.0092707
0	3.8	0.0089712
0	3.9	0.0084441
0	4	0.007737
10	-4	0.013072
10	-3.9	0.011658
10	-3.8	0.010252
10	-3.7	0.010033
10	-3.6	0.011472
10	-3.5	0.012908
10	-3.4	0.012878
10	-3.3	0.011446
10	-3.2	0.0095624
10	-3.1	0.0066739
10	-3	0.0065689
10	-2.9	0.011138
10	-2.8	0.01633
10	-2.7	0.018385
10	-2.6	0.021992
10	-2.5	0.023281
10	-2.4	0.024765
10	-2.3	0.027384
10	-2.2	0.033064
10	-2.1	0.03781
10	-2	0.040492
10	-1.9	0.0425
10	-1.8	0.040077
10	-1.7	0.031914
10	-1.6	0.023865
10	-1.5	0.012916
10	-1.4	0.012716
10	-1.3	0.021297
10	-1.2	0.034731
10	-1.1	0.043294
10	-1	0.046217
10	-0.9	0.047987
10	-0.8	0.045225
10	-0.7	0.040192
10	-0.6	0.032996
10	-0.5	0.02239
10	-0.4	0.017431
10	-0.3	0.015274
10	-0.2	0.014871
10	-0.1	0.015091
10	0	0.017165
10	0.1	0.019844
10	0.2	0.02721
10	0.3	0.032108
10	0.4	0.038071
10	0.5	0.040479
10	0.6	0.042538
10	0.7	0.042363
10	0.8	0.040157
10	0.9	0.034706
10	1	0.031297
10	1.1	0.024327
10	1.2	0.021591
10	1.3	0.020746
10	1.4	0.021531
10	1.5	0.023035
10	1.6	0.024395
10	1.7	0.024907
10	1.8	0.024679
10	1.9	0.024134
10	2	0.021931
10	2.1	0.019443
10	2.2	0.018494
10	2.3	0.016121
10	2.4	0.01475
10	2.5	0.012039
10	2.6	0.010122
10	2.7	0.0089874
10	2.8	0.0090448
10	2.9	0.0090341
10	3	0.0096683
10	3.1	0.0099614
10	3.2	0.010386
10	3.3	0.01018
10	3.4	0.0097615
10	3.5	0.0091567
10	3.6	0.0093124
10	3.7	0.0094022
10	3.8	0.010379
10	3.9	0.010159
10	4	0.0097797
20	-4	0.014545
20	-3.9	0.013435
20	-3.8	0.012287
20	-3.7	0.011436
20	-3.6	0.010894
20	-3.5	0.011415
20	-3.4	0.011825
20	-3.3	0.012585
20	-3.2	0.011771
20	-3.1	0.0091195
20	-3	0.0072962
20	-2.9	0.0074388
20	-2.8	0.012761
20	-2.7	0.018316
20	-2.6	0.022062
20	-2.5	0.025287
20	-2.4	0.02753
20	-2.3	0.030922
20	-2.2	0.034288
20	-2.1	0.0371
20	-2	0.039839
20	-1.9	0.041668
20	-1.8	0.039955
20	-1.7	0.035034
20	-1.6	0.025207
20	-1.5	0.017086
20	-1.4	0.011962
20	-1.3	0.017948
20	-1.2	0.023971
20	-1.1	0.03458
20	-1	0.040607
20	-0.9	0.045122
20	-0.8	0.044706
20	-0.7	0.040916
20	-0.6	0.036724
20	-0.5	0.029626
20	-0.4	0.025619
20	-0.3	0.021994
20	-0.2	0.020276
20	-0.1	0.019728
20	0	0.020374
20	0.1	0.022301
20	0.2	0.025224
20	0.3	0.029849
20	0.4	0.033449
20	0.5	0.036455
20	0.6	0.038988
20	0.7	0.039928
20	0.8	0.038677
20	0.9	0.036687
20	1	0.031486
20	1.1	0.029392
20	1.2	0.026197
20	1.3	0.024266
20	1.4	0.024195
20	1.5	0.025572
20	1.6	0.02666
20	1.7	0.026835
20	1.8	0.027884
20	1.9	0.02767
20	2	0.026274
20	2.1	0.02377
20	2.2	0.020685
20	2.3	0.018227
20	2.4	0.015087
20	2.5	0.012492
20	2.6	0.01066
20	2.7	0.0095167
20	2.8	0.0091266
20	2.9	0.009116
20	3	0.0097598
20	3.1	0.0093867
20	3.2	0.0094451
20	3.3	0.0099582
20	3.4	0.0093936
20	3.5	0.0085695
20	3.6	0.0080763
20	3.7	0.007935
20	3.8	0.0083884
20	3.9	0.0088003
20	4	0.0090108
30	-4	0.01338
30	-3.9	0.013252
30	-3.8	0.01231
30	-3.7	0.012054
30	-3.6	0.012307
30	-3.5	0.013128
30	-3.4	0.014013
30	-3.3	0.014027
30	-3.2	0.012849
30	-3.1	0.010783
30	-3	0.0075381
30	-2.9	0.0072093
30	-2.8	0.0092182
30	-2.7	0.012734
30	-2.6	0.016427
30	-2.5	0.018709
30	-2.4	0.023166
30	-2.3	0.02529
30	-2.2	0.029571
30	-2.1	0.036622
30	-2	0.040508
30	-1.9	0.042708
30	-1.8	0.041997
30	-1.7	0.035783
30	-1.6	0.025751
30	-1.5	0.018234
30	-1.4	0.010839
30	-1.3	0.014783
30	-1.2	0.019546
30	-1.1	0.029665
30	-1	0.037252
30	-0.9	0.041156
30	-0.8	0.041671
30	-0.7	0.040633
30	-0.6	0.036851
30	-0.5	0.031601
30	-0.4	0.026818
30	-0.3	0.023921
30	-0.2	0.021922
30	-0.1	0.021394
30	0	0.021494
30	0.1	0.022739
30	0.2	0.026154
30	0.3	0.028635
30	0.4	0.032476
30	0.5	0.034906
30	0.6	0.035849
30	0.7	0.035504
30	0.8	0.034599
30	0.9	0.030671
30	1	0.027323
30	1.1	0.025
30	1.2	0.02364
30	1.3	0.023882
30	1.4	0.026415
30	1.5	0.028098
30	1.6	0.030436
30	1.7	0.030975
30	1.8	0.030619
30	1.9	0.029105
30	2	0.027196
30	2.1	0.023831
30	2.2	0.021594
30	2.3	0.018594
30	2.4	0.016713
30	2.5	0.01411
30	2.6	0.012551
30	2.7	0.010807
30	2.8	0.0096231
30	2.9	0.0089297
30	3	0.00969
30	3.1	0.011097
30	3.2	0.011635
30	3.3	0.011522
30	3.4	0.01139
30	3.5	0.010323
30	3.6	0.0095557
30	3.7	0.0099533
30	3.8	0.010183
30	3.9	0.010592
30	4	0.01063
40	-4	0.017024
40	-3.9	0.017648
40	-3.8	0.016928
40	-3.7	0.015363
40	-3.6	0.013797
40	-3.5	0.013404
40	-3.4	0.013781
40	-3.3	0.014364
40	-3.2	0.014131
40	-3.1	0.012569
40	-3	0.0094177
40	-2.9	0.0076043
40	-2.8	0.0086015
40	-2.7	0.012687
40	-2.6	0.015382
40	-2.5	0.020315
40	-2.4	0.02343
40	-2.3	0.027129
40	-2.2	0.030711
40	-2.1	0.034045
40	-2	0.038731
40	-1.9	0.041557
40	-1.8	0.042111
40	-1.7	0.040833
40	-1.6	0.035241
40	-1.5	0.024931
40	-1.4	0.018931
40	-1.3	0.011888
40	-1.2	0.016144
40	-1.1	0.026717
40	-1	0.031516
40	-0.9	0.039401
40	-0.8	0.0436
40	-0.7	0.043869
40	-0.6	0.041002
40	-0.5	0.037634
40	-0.4	0.033295
40	-0.3	0.029279
40	-0.2	0.02557
40	-0.1	0.02384
40	0	0.022676
40	0.1	0.02266
40	0.2	0.023058
40	0.3	0.02644
40	0.4	0.029865
40	0.5	0.033395
40	0.6	0.035435
40	0.7	0.037122
40	0.8	0.035816
40	0.9	0.033204
40	1	0.029945
40	1.1	0.026274
40	1.2	0.023022
40	1.3	0.02304
40	1.4	0.025443
40	1.5	0.028251
40	1.6	0.03175
40	1.7	0.032994
40	1.8	0.033179
40	1.9	0.031669
40	2	0.029535
40	2.1	0.026649
40	2.2	0.02261
40	2.3	0.020595
40	2.4	0.018612
40	2.5	0.016693
40	2.6	0.013982
40	2.7	0.011802
40	2.8	0.010224
40	2.9	0.0088369
40	3	0.0092515
40	3.1	0.0099906
40	3.2	0.01121
40	3.3	0.012012
40	3.4	0.012439
40	3.5	0.012285
40	3.6	0.011943
40	3.7	0.011587
40	3.8	0.011372
40	3.9	0.010869
40	4	0.01035
50	-4	0.01422
50	-3.9	0.015736
50	-3.8	0.016592
50	-3.7	0.016552
50	-3.6	0.015461
50	-3.5	0.014347
50	-3.4	0.014036
50	-3.3	0.014228
50	-3.2	0.014674
50	-3.1	0.01408
50	-3	0.012886
50	-2.9	0.0096029
50	-2.8	0.0076191
50	-2.7	0.0091248
50	-2.6	0.012252
50	-2.5	0.016233
50	-2.4	0.01878
50	-2.3	0.022513
50	-2.2	0.027155
50	-2.1	0.031271
50	-2	0.037073
50	-1.9	0.042698
50	-1.8	0.044147
50	-1.7	0.043464
50	-1.6	0.0396
50	-1.5	0.031985
50	-1.4	0.022107
50	-1.3	0.011396
50	-1.2	0.01424
50	-1.1	0.020681
50	-1	0.031437
50	-0.9	0.03965
50	-0.8	0.046356
50	-0.7	0.046853
50	-0.6	0.044084
50	-0.5	0.039417
50	-0.4	0.036364
50	-0.3	0.031157
50	-0.2	0.027095
50	-0.1	0.024114
50	0	0.022869
50	0.1	0.020969
50	0.2	0.021336
50	0.3	0.023475
50	0.4	0.027302
50	0.5	0.031667
50	0.6	0.033785
50	0.7	0.035058
50	0.8	0.034411
50	0.9	0.031509
50	1	0.028856
50	1.1	0.025022
50	1.2	0.023511
50	1.3	0.022674
50	1.4	0.022727
50	1.5	0.026516
50	1.6	0.028641
50	1.7	0.031117
50	1.8	0.032797
50	1.9	0.032906
50	2	0.03237
50	2.1	0.029968
50	2.2	0.025359
50	2.3	0.02285
50	2.4	0.019253
50	2.5	0.015147
50	2.6	0.012681
50	2.7	0.010186
50	2.8	0.009816
50	2.9	0.0091195
50	3	0.008274
50	3.1	0.0083032
50	3.2	0.0078531
50	3.3	0.0081876
50	3.4	0.0098077
50	3.5	0.01093
50	3.6	0.011235
50	3.7	0.010868
50	3.8	0.010995
50	3.9	0.010887
50	4	0.010354
60	-4	0.01428
60	-3.9	0.015983
60	-3.8	0.016239
60	-3.7	0.016425
60	-3.6	0.016067
60	-3.5	0.015884
60	-3.4	0.015847
60	-3.3	0.015892
60	-3.2	0.01545
60	-3.1	0.014067
60	-3	0.01232
60	-2.9	0.0090466
60	-2.8	0.007007
60	-2.7	0.0070575
60	-2.6	0.0096733
60	-2.5	0.013666
60	-2.4	0.018616
60	-2.3	0.023397
60	-2.2	0.027053
60	-2.1	0.0331
60	-2	0.036689
60	-1.9	0.040978
60	-1.8	0.04284
60	-1.7	0.042504
60	-1.6	0.037822
60	-1.5	0.033917
60	-1.4	0.023094
60	-1.3	0.017837
60	-1.2	0.01278
60	-1.1	0.020181
60	-1	0.025893
60	-0.9	0.036228
60	-0.8	0.043117
60	-0.7	0.045917
60	-0.6	0.045738
60	-0.5	0.042725
60	-0.4	0.039659
60	-0.3	0.034369
60	-0.2	0.031663
60	-0.1	0.028763
60	0	0.026189
60	0.1	0.023651
60	0.2	0.021429
60	0.3	0.020791
60	0.4	0.022698
60	0.5	0.025898
60	0.6	0.02993
60	0.7	0.0338
60	0.8	0.03516
60	0.9	0.034736
60	1	0.031499
60	1.1	0.028911
60	1.2	0.024467
60	1.3	0.022847
60	1.4	0.023797
60	1.5	0.027555
60	1.6	0.030532
60	1.7	0.034564
60	1.8	0.036185
60	1.9	0.036826
60	2	0.035196
60	2.1	0.033325
60	2.2	0.029012
60	2.3	0.024854
60	2.4	0.020556
60	2.5	0.017237
60	2.6	0.015402
60	2.7	0.012207
60	2.8	0.010716
60	2.9	0.0096012
60	3	0.009554
60	3.1	0.009893
60	3.2	0.01063
60	3.3	0.011021
60	3.4	0.011886
60	3.5	0.011901
60	3.6	0.011392
60	3.7	0.010542
60	3.8	0.0093953
60	3.9	0.0094519
60	4	0.0087856
70	-4	0.012944
70	-3.9	0.013853
70	-3.8	0.014393
70	-3.7	0.014754
70	-3.6	0.01507
70	-3.5	0.015963
70	-3.4	0.016689
70	-3.3	0.017183
70	-3.2	0.017823
70	-3.1	0.016413
70	-3	0.014557
70	-2.9	0.012116
70	-2.8	0.0085203
70	-2.7	0.0068365
70	-2.6	0.0086745
70	-2.5	0.013571
70	-2.4	0.017346
70	-2.3	0.019713
70	-2.2	0.023779
70	-2.1	0.027279
70	-2	0.034041
70	-1.9	0.037538
70	-1.8	0.041325
70	-1.7	0.042643
70	-1.6	0.040804
70	-1.5	0.036196
70	-1.4	0.028581
70	-1.3	0.020911
70	-1.2	0.013896
70	-1.1	0.016654
70	-1	0.025766
70	-0.9	0.035893
70	-0.8	0.041809
70	-0.7	0.046193
70	-0.6	0.04825
70	-0.5	0.047169
70	-0.4	0.041997
70	-0.3	0.039623
70	-0.2	0.033509
70	-0.1	0.02929
70	0	0.025432
70	0.1	0.022238
70	0.2	0.019425
70	0.3	0.018782
70	0.4	0.02028
70	0.5	0.023519
70	0.6	0.026658
70	0.7	0.032051
70	0.8	0.034252
70	0.9	0.034572
70	1	0.032398
70	1.1	0.029674
70	1.2	0.024806
70	1.3	0.023755
70	1.4	0.024953
70	1.5	0.027472
70	1.6	0.032467
70	1.7	0.035037
70	1.8	0.037247
70	1.9	0.037431
70	2	0.035459
70	2.1	0.033244
70	2.2	0.028449
70	2.3	0.025707
70	2.4	0.023615
70	2.5	0.019864
70	2.6	0.016251
70	2.7	0.014058
70	2.8	0.010692
70	2.9	0.0084556
70	3	0.0079431
70	3.1	0.0082466
70	3.2	0.0097698
70	3.3	0.0099403
70	3.4	0.010435
70	3.5	0.010237
70	3.6	0.0096315
70	3.7	0.009354
70	3.8	0.0098357
70	3.9	0.01034
70	4	0.010224
80	-4	0.013659
80	-3.9	0.016786
80	-3.8	0.01773
80	-3.7	0.017403
80	-3.6	0.015702
80	-3.5	0.015005
80	-3.4	0.014671
80	-3.3	0.015752
80	-3.2	0.016807
80	-3.1	0.017355
80	-3	0.016964
80	-2.9	0.013139
80	-2.8	0.010076
80	-2.7	0.0066399
80	-2.6	0.0073448
80	-2.5	0.013038
80	-2.4	0.018118
80	-2.3	0.022729
80	-2.2	0.025779
80	-2.1	0.027512
80	-2	0.032045
80	-1.9	0.034968
80	-1.8	0.039221
80	-1.7	0.040811
80	-1.6	0.040965
80	-1.5	0.036296
80	-1.4	0.031389
80	-1.3	0.021875
80	-1.2	0.015451
80	-1.1	0.016248
80	-1	0.024487
80	-0.9	0.032101
80	-0.8	0.040923
80	-0.7	0.046236
80	-0.6	0.047915
80	-0.5	0.04683
80	-0.4	0.044082
80	-0.3	0.039308
80	-0.2	0.034965
80	-0.1	0.031599
80	0	0.026911
80	0.1	0.023155
80	0.2	0.019094
80	0.3	0.018071
80	0.4	0.018341
80	0.5	0.023247
80	0.6	0.027005
80	0.7	0.030666
80	0.8	0.033066
80	0.9	0.032567
80	1	0.03015
80	1.1	0.026555
80	1.2	0.024746
80	1.3	0.022947
80	1.4	0.023408
80	1.5	0.024888
80	1.6	0.027783
80	1.7	0.030166
80	1.8	0.030924
80	1.9	0.031693
80	2	0.031711
80	2.1	0.030691
80	2.2	0.028156
80	2.3	0.026309
80	2.4	0.023315
80	2.5	0.019948
80	2.6	0.016031
80	2.7	0.013552
80	2.8	0.010169
80	2.9	0.0080643
80	3	0.0078469
80	3.1	0.008344
80	3.2	0.0090215
80	3.3	0.009068
80	3.4	0.0092881
80	3.5	0.0092689
80	3.6	0.0093488
80	3.7	0.0084384
80	3.8	0.0083498
80	3.9	0.0084823
80	4	0.008373
90	-4	0.01229
90	-3.9	0.014458
90	-3.8	0.016168
90	-3.7	0.016245
90	-3.6	0.014948
90	-3.5	0.01364
90	-3.4	0.012314
90	-3.3	0.011996
90	-3.2	0.013298
90	-3.1	0.014285
90	-3	0.014685
90	-2.9	0.012572
90	-2.8	0.0098373
90	-2.7	0.0068389
90	-2.6	0.0065467
90	-2.5	0.010662
90	-2.4	0.015163
90	-2.3	0.019173
90	-2.2	0.022061
90	-2.1	0.02452
90	-2	0.027905
90	-1.9	0.031799
90	-1.8	0.035594
90	-1.7	0.039249
90	-1.6	0.040454
90	-1.5	0.038491
90	-1.4	0.03126
90	-1.3	0.022711
90	-1.2	0.016515
90	-1.1	0.017563
90	-1	0.026071
90	-0.9	0.037666
90	-0.8	0.046281
90	-0.7	0.051057
90	-0.6	0.052974
90	-0.5	0.0508
90	-0.4	0.046485
90	-0.3	0.037773
90	-0.2	0.03386
90	-0.1	0.027218
90	0	0.023585
90	0.1	0.019884
90	0.2	0.01726
90	0.3	0.016418
90	0.4	0.020091
90	0.5	0.021524
90	0.6	0.029207
90	0.7	0.03313
90	0.8	0.035502
90	0.9	0.036235
90	1	0.034076
90	1.1	0.031884
90	1.2	0.028149
90	1.3	0.026372
90	1.4	0.025651
90	1.5	0.026662
90	1.6	0.028618
90	1.7	0.029998
90	1.8	0.03092
90	1.9	0.031903
90	2	0.032047
90	2.1	0.031481
90	2.2	0.029661
90	2.3	0.027602
90	2.4	0.024674
90	2.5	0.020057
90	2.6	0.016942
90	2.7	0.015054
90	2.8	0.01166
90	2.9	0.010018
90	3	0.0099028
90	3.1	0.0090394
90	3.2	0.0094605
90	3.3	0.0093919
90	3.4	0.0096012
90	3.5	0.0091708
90	3.6	0.0095014
90	3.7	0.008964
90	3.8	0.0090662
90	3.9	0.009068
90	4	0.0089964
100	-4	0.0097846
100	-3.9	0.010561
100	-3.8	0.011701
100	-3.7	0.01307
100	-3.6	0.013839
100	-3.5	0.014517
100	-3.4	0.014611
100	-3.3	0.014029
100	-3.2	0.013784
100	-3.1	0.013363
100	-3	0.012868
100	-2.9	0.011852
100	-2.8	0.0096666
100	-2.7	0.0081421
100	-2.6	0.0083961
100	-2.5	0.011202
100	-2.4	0.015133
100	-2.3	0.0175
100	-2.2	0.021537
100	-2.1	0.024033
100	-2	0.027495
100	-1.9	0.03143
100	-1.8	0.035397
100	-1.7	0.038564
100	-1.6	0.039089
100	-1.5	0.036793
100	-1.4	0.031738
100	-1.3	0.025533
100	-1.2	0.019284
100	-1.1	0.01812
100	-1	0.024484
100	-0.9	0.033216
100	-0.8	0.045984
100	-0.7	0.050868
100	-0.6	0.053329
100	-0.5	0.052471
100	-0.4	0.049671
100	-0.3	0.042957
100	-0.2	0.037365
100	-0.1	0.029547
100	0	0.023823
100	0.1	0.020113
100	0.2	0.017985
100	0.3	0.014578
100	0.4	0.01497
100	0.5	0.017853
100	0.6	0.02418
100	0.7	0.029864
100	0.8	0.035341
100	0.9	0.039482
100	1	0.040684
100	1.1	0.039722
100	1.2	0.036068
100	1.3	0.031752
100	1.4	0.028827
100	1.5	0.027106
100	1.6	0.028221
100	1.7	0.030119
100	1.8	0.032167
100	1.9	0.034281
100	2	0.03504
100	2.1	0.032942
100	2.2	0.029534
100	2.3	0.027542
100	2.4	0.023283
100	2.5	0.020004
100	2.6	0.017758
100	2.7	0.015298
100	2.8	0.014063
100	2.9	0.012295
100	3	0.010265
100	3.1	0.0083421
100	3.2	0.0070116
100	3.3	0.0073996
100	3.4	0.0092042
100	3.5	0.010568
100	3.6	0.010284
100	3.7	0.0096967
100	3.8	0.0091284
100	3.9	0.0082837
100	4	0.0077953
110	-4	0.008016
110	-3.9	0.010173
110	-3.8	0.013259
110	-3.7	0.013846
110	-3.6	0.014262
110	-3.5	0.013332
110	-3.4	0.012531
110	-3.3	0.010845
110	-3.2	0.011052
110	-3.1	0.011523
110	-3	0.012031
110	-2.9	0.011516
110	-2.8	0.0087579
110	-2.7	0.0067028
110	-2.6	0.0071055
110	-2.5	0.011946
110	-2.4	0.015961
110	-2.3	0.01984
110	-2.2	0.021795
110	-2.1	0.023425
110	-2	0.025857
110	-1.9	0.028455
110	-1.8	0.032658
110	-1.7	0.036213
110	-1.6	0.03828
110	-1.5	0.037809
110	-1.4	0.034887
110	-1.3	0.026177
110	-1.2	0.01968
110	-1.1	0.019129
110	-1	0.024394
110	-0.9	0.038888
110	-0.8	0.047474
110	-0.7	0.053742
110	-0.6	0.055386
110	-0.5	0.053682
110	-0.4	0.046495
110	-0.3	0.038359
110	-0.2	0.032267
110	-0.1	0.026012
110	0	0.021029
110	0.1	0.018147
110	0.2	0.01577
110	0.3	0.013969
110	0.4	0.016674
110	0.5	0.021683
110	0.6	0.026732
110	0.7	0.03515
110	0.8	0.040605
110	0.9	0.042906
110	1	0.041871
110	1.1	0.03985
110	1.2	0.035141
110	1.3	0.032181
110	1.4	0.02818
110	1.5	0.026739
110	1.6	0.027215
110	1.7	0.028633
110	1.8	0.029244
110	1.9	0.030343
110	2	0.031036
110	2.1	0.030759
110	2.2	0.02892
110	2.3	0.02719
110	2.4	0.023919
110	2.5	0.02123
110	2.6	0.018804
110	2.7	0.016864
110	2.8	0.014461
110	2.9	0.013019
110	3	0.011999
110	3.1	0.010466
110	3.2	0.0089478
110	3.3	0.008526
110	3.4	0.0083421
110	3.5	0.0090358
110	3.6	0.0097217
110	3.7	0.0099679
110	3.8	0.011395
110	3.9	0.011689
110	4	0.011126
120	-4	0.011501
120	-3.9	0.012007
120	-3.8	0.012445
120	-3.7	0.011974
120	-3.6	0.011725
120	-3.5	0.011475
120	-3.4	0.011769
120	-3.3	0.012179
120	-3.2	0.012863
120	-3.1	0.013064
120	-3	0.012266
120	-2.9	0.011215
120	-2.8	0.0094946
120	-2.7	0.0086128
120	-2.6	0.010268
120	-2.5	0.012879
120	-2.4	0.016466
120	-2.3	0.019712
120	-2.2	0.022229
120	-2.1	0.024086
120	-2	0.026255
120	-1.9	0.028771
120	-1.8	0.031505
120	-1.7	0.034185
120	-1.6	0.034036
120	-1.5	0.031579
120	-1.4	0.027335
120	-1.3	0.022582
120	-1.2	0.018595
120	-1.1	0.021046
120	-1	0.02915
120	-0.9	0.038768
120	-0.8	0.043407
120	-0.7	0.050933
120	-0.6	0.05229
120	-0.5	0.0507
120	-0.4	0.047051
120	-0.3	0.039321
120	-0.2	0.030245
120	-0.1	0.022546
120	0	0.020231
120	0.1	0.01696
120	0.2	0.014714
120	0.3	0.012988
120	0.4	0.014367
120	0.5	0.021322
120	0.6	0.026123
120	0.7	0.032274
120	0.8	0.041271
120	0.9	0.044106
120	1	0.045146
120	1.1	0.044012
120	1.2	0.040633
120	1.3	0.036859
120	1.4	0.034011
120	1.5	0.031202
120	1.6	0.031093
120	1.7	0.031183
120	1.8	0.031103
120	1.9	0.031655
120	2	0.0318
120	2.1	0.031289
120	2.2	0.02988
120	2.3	0.027811
120	2.4	0.025536
120	2.5	0.023419
120	2.6	0.018436
120	2.7	0.015894
120	2.8	0.0145
120	2.9	0.012927
120	3	0.011994
120	3.1	0.011228
120	3.2	0.010762
120	3.3	0.010183
120	3.4	0.01011
120	3.5	0.010024
120	3.6	0.00973
120	3.7	0.009618
120	3.8	0.01032
120	3.9	0.010403
120	4	0.0099533
130	-4	0.0070667
130	-3.9	0.0092637
130	-3.8	0.011685
130	-3.7	0.012969
130	-3.6	0.012849
130	-3.5	0.011468
130	-3.4	0.0097731
130	-3.3	0.0082935
130	-3.2	0.0099371
130	-3.1	0.011643
130	-3	0.013208
130	-2.9	0.012959
130	-2.8	0.011253
130	-2.7	0.0089134
130	-2.6	0.0095591
130	-2.5	0.014078
130	-2.4	0.017929
130	-2.3	0.02312
130	-2.2	0.025499
130	-2.1	0.026208
130	-2	0.025953
130	-1.9	0.026344
130	-1.8	0.027635
130	-1.7	0.030041
130	-1.6	0.032378
130	-1.5	0.032485
130	-1.4	0.030552
130	-1.3	0.026632
130	-1.2	0.021993
130	-1.1	0.023078
130	-1	0.029309
130	-0.9	0.036067
130	-0.8	0.045166
130	-0.7	0.050539
130	-0.6	0.052424
130	-0.5	0.051453
130	-0.4	0.044885
130	-0.3	0.036992
130	-0.2	0.030283
130	-0.1	0.022895
130	0	0.019511
130	0.1	0.016403
130	0.2	0.013236
130	0.3	0.01216
130	0.4	0.016414
130	0.5	0.021945
130	0.6	0.031207
130	0.7	0.038595
130	0.8	0.042141
130	0.9	0.046189
130	1	0.047142
130	1.1	0.045981
130	1.2	0.043446
130	1.3	0.040851
130	1.4	0.037702
130	1.5	0.035882
130	1.6	0.034174
130	1.7	0.033008
130	1.8	0.032455
130	1.9	0.03134
130	2	0.030966
130	2.1	0.030289
130	2.2	0.02875
130	2.3	0.027005
130	2.4	0.024805
130	2.5	0.022112
130	2.6	0.018326
130	2.7	0.015698
130	2.8	0.013423
130	2.9	0.012024
130	3	0.011614
130	3.1	0.011429
130	3.2	0.011491
130	3.3	0.011447
130	3.4	0.011197
130	3.5	0.010274
130	3.6	0.0092689
130	3.7	0.0084766
130	3.8	0.0083013
130	3.9	0.0080843
130	4	0.0084288
140	-4	0.0069769
140	-3.9	0.00703
140	-3.8	0.0081182
140	-3.7	0.0094331
140	-3.6	0.0096616
140	-3.5	0.0095184
140	-3.4	0.0087468
140	-3.3	0.0087339
140	-3.2	0.010301
140	-3.1	0.012075
140	-3	0.012951
140	-2.9	0.012796
140	-2.8	0.011658
140	-2.7	0.010683
140	-2.6	0.011649
140	-2.5	0.014337
140	-2.4	0.018973
140	-2.3	0.021872
140	-2.2	0.02459
140	-2.1	0.026076
140	-2	0.027946
140	-1.9	0.02885
140	-1.8	0.03103
140	-1.7	0.032257
140	-1.6	0.032358
140	-1.5	0.030014
140	-1.4	0.028574
140	-1.3	0.02367
140	-1.2	0.022185
140	-1.1	0.024325
140	-1	0.03113
140	-0.9	0.040667
140	-0.8	0.048122
140	-0.7	0.051247
140	-0.6	0.050174
140	-0.5	0.04772
140	-0.4	0.041149
140	-0.3	0.030896
140	-0.2	0.024697
140	-0.1	0.017968
140	0	0.0151
140	0.1	0.012869
140	0.2	0.011531
140	0.3	0.012872
140	0.4	0.018101
140	0.5	0.024539
140	0.6	0.031477
140	0.7	0.036438
140	0.8	0.045359
140	0.9	0.047386
140	1	0.048092
140	1.1	0.047387
140	1.2	0.044883
140	1.3	0.042973
140	1.4	0.040377
140	1.5	0.037359
140	1.6	0.035787
140	1.7	0.033374
140	1.8	0.031587
140	1.9	0.0308
140	2	0.029645
140	2.1	0.028617
140	2.2	0.027032
140	2.3	0.025568
140	2.4	0.023814
140	2.5	0.022031
140	2.6	0.019733
140	2.7	0.017734
140	2.8	0.015918
140	2.9	0.014531
140	3	0.013289
140	3.1	0.01199
140	3.2	0.011292
140	3.3	0.01094
140	3.4	0.011271
140	3.5	0.011252
140	3.6	0.01116
140	3.7	0.010315
140	3.8	0.0093643
140	3.9	0.0083459
140	4	0.0077787
150	-4	0.0082857
150	-3.9	0.0091849
150	-3.8	0.0099468
150	-3.7	0.0095065
150	-3.6	0.0087061
150	-3.5	0.0077182
150	-3.4	0.0074345
150	-3.3	0.0089676
150	-3.2	0.010505
150	-3.1	0.011378
150	-3	0.012116
150	-2.9	0.011113
150	-2.8	0.010084
150	-2.7	0.01011
150	-2.6	0.013827
150	-2.5	0.017046
150	-2.4	0.020504
150	-2.3	0.023705
150	-2.2	0.024534
150	-2.1	0.024234
150	-2	0.024874
150	-1.9	0.026212
150	-1.8	0.028343
150	-1.7	0.03056
150	-1.6	0.031913
150	-1.5	0.031351
150	-1.4	0.026622
150	-1.3	0.022855
150	-1.2	0.022337
150	-1.1	0.024393
150	-1	0.032513
150	-0.9	0.03976
150	-0.8	0.047497
150	-0.7	0.051584
150	-0.6	0.051437
150	-0.5	0.047773
150	-0.4	0.042738
150	-0.3	0.03012
150	-0.2	0.023214
150	-0.1	0.018846
150	0	0.015073
150	0.1	0.01222
150	0.2	0.011897
150	0.3	0.012887
150	0.4	0.018334
150	0.5	0.023072
150	0.6	0.032997
150	0.7	0.040678
150	0.8	0.045381
150	0.9	0.050993
150	1	0.052327
150	1.1	0.052491
150	1.2	0.050868
150	1.3	0.047195
150	1.4	0.04375
150	1.5	0.040207
150	1.6	0.037562
150	1.7	0.035614
150	1.8	0.033337
150	1.9	0.032948
150	2	0.032279
150	2.1	0.031669
150	2.2	0.029896
150	2.3	0.028284
150	2.4	0.026909
150	2.5	0.02399
150	2.6	0.02189
150	2.7	0.019593
150	2.8	0.017956
150	2.9	0.016808
150	3	0.015285
150	3.1	0.013566
150	3.2	0.012549
150	3.3	0.011643
150	3.4	0.011492
150	3.5	0.012021
150	3.6	0.011309
150	3.7	0.010841
150	3.8	0.010356
150	3.9	0.0098603
150	4	0.0087598
160	-4	0.0055501
160	-3.9	0.0075766
160	-3.8	0.0094776
160	-3.7	0.010435
160	-3.6	0.010471
160	-3.5	0.0096382
160	-3.4	0.0076297
160	-3.3	0.0077516
160	-3.2	0.0091584
160	-3.1	0.012362
160	-3	0.012811
160	-2.9	0.013243
160	-2.8	0.011986
160	-2.7	0.011046
160	-2.6	0.013551
160	-2.5	0.017221
160	-2.4	0.022305
160	-2.3	0.025674
160	-2.2	0.02684
160	-2.1	0.026589
160	-2	0.02561
160	-1.9	0.025664
160	-1.8	0.027284
160	-1.7	0.031411
160	-1.6	0.032683
160	-1.5	0.032676
160	-1.4	0.030571
160	-1.3	0.025256
160	-1.2	0.022324
160	-1.1	0.024374
160	-1	0.032936
160	-0.9	0.04109
160	-0.8	0.050487
160	-0.7	0.05329
160	-0.6	0.052421
160	-0.5	0.048391
160	-0.4	0.037784
160	-0.3	0.031907
160	-0.2	0.022957
160	-0.1	0.01491
160	0	0.012594
160	0.1	0.011654
160	0.2	0.012862
160	0.3	0.014903
160	0.4	0.021712
160	0.5	0.027186
160	0.6	0.03604
160	0.7	0.044302
160	0.8	0.048914
160	0.9	0.052412
160	1	0.05389
160	1.1	0.05399
160	1.2	0.051266
160	1.3	0.046877
160	1.4	0.042284
160	1.5	0.037874
160	1.6	0.033602
160	1.7	0.031475
160	1.8	0.02879
160	1.9	0.028871
160	2	0.029979
160	2.1	0.030589
160	2.2	0.02925
160	2.3	0.027379
160	2.4	0.025326
160	2.5	0.023128
160	2.6	0.020431
160	2.7	0.018872
160	2.8	0.018051
160	2.9	0.017864
160	3	0.016765
160	3.1	0.015739
160	3.2	0.013403
160	3.3	0.011934
160	3.4	0.011844
160	3.5	0.01217
160	3.6	0.012316
160	3.7	0.012174
160	3.8	0.012898
160	3.9	0.011955
160	4	0.010097
170	-4	0.0070484
170	-3.9	0.0087283
170	-3.8	0.010451
170	-3.7	0.010756
170	-3.6	0.0090964
170	-3.5	0.0075766
170	-3.4	0.0060167
170	-3.3	0.0070231
170	-3.2	0.0086949
170	-3.1	0.011352
170	-3	0.012892
170	-2.9	0.01269
170	-2.8	0.011799
170	-2.7	0.010968
170	-2.6	0.013095
170	-2.5	0.0179
170	-2.4	0.021249
170	-2.3	0.024437
170	-2.2	0.025009
170	-2.1	0.024581
170	-2	0.024072
170	-1.9	0.024484
170	-1.8	0.02653
170	-1.7	0.029718
170	-1.6	0.031267
170	-1.5	0.031132
170	-1.4	0.027987
170	-1.3	0.024993
170	-1.2	0.024396
170	-1.1	0.029594
170	-1	0.036968
170	-0.9	0.041622
170	-0.8	0.050955
170	-0.7	0.053137
170	-0.6	0.05162
170	-0.5	0.048579
170	-0.4	0.042135
170	-0.3	0.032122
170	-0.2	0.025453
170	-0.1	0.014908
170	0	0.012618
170	0.1	0.012019
170	0.2	0.012269
170	0.3	0.015072
170	0.4	0.020428
170	0.5	0.029606
170	0.6	0.03499
170	0.7	0.044349
170	0.8	0.051664
170	0.9	0.053843
170	1	0.055367
170	1.1	0.054971
170	1.2	0.052952
170	1.3	0.048946
170	1.4	0.043913
170	1.5	0.040933
170	1.6	0.038485
170	1.7	0.036697
170	1.8	0.033754
170	1.9	0.032289
170	2	0.031654
170	2.1	0.0303
170	2.2	0.028905
170	2.3	0.027276
170	2.4	0.025636
170	2.5	0.024632
170	2.6	0.022599
170	2.7	0.020888
170	2.8	0.019479
170	2.9	0.018817
170	3	0.017391
170	3.1	0.016302
170	3.2	0.014694
170	3.3	0.013145
170	3.4	0.012199
170	3.5	0.011141
170	3.6	0.010485
170	3.7	0.01067
170	3.8	0.011561
170	3.9	0.01161
170	4	0.010716
180	-4	0.0070827
180	-3.9	0.0081619
180	-3.8	0.008639
180	-3.7	0.0081659
180	-3.6	0.0072962
180	-3.5	0.0070254
180	-3.4	0.0087265
180	-3.3	0.010065
180	-3.2	0.012277
180	-3.1	0.01216
180	-3	0.011943
180	-2.9	0.011272
180	-2.8	0.011312
180	-2.7	0.013125
180	-2.6	0.016579
180	-2.5	0.021023
180	-2.4	0.025433
180	-2.3	0.027063
180	-2.2	0.026891
180	-2.1	0.02602
180	-2	0.025607
180	-1.9	0.026514
180	-1.8	0.029736
180	-1.7	0.03166
180	-1.6	0.0334
180	-1.5	0.031917
180	-1.4	0.029442
180	-1.3	0.026818
180	-1.2	0.026794
180	-1.1	0.034187
180	-1	0.043973
180	-0.9	0.04937
180	-0.8	0.054905
180	-0.7	0.057008
180	-0.6	0.05513
180	-0.5	0.049151
180	-0.4	0.039261
180	-0.3	0.030581
180	-0.2	0.024693
180	-0.1	0.016567
180	0	0.012962
180	0.1	0.013309
180	0.2	0.015876
180	0.3	0.019868
180	0.4	0.025948
180	0.5	0.035152
180	0.6	0.040488
180	0.7	0.048436
180	0.8	0.053271
180	0.9	0.055971
180	1	0.056622
180	1.1	0.056088
180	1.2	0.054707
180	1.3	0.050328
180	1.4	0.046312
180	1.5	0.043548
180	1.6	0.040124
180	1.7	0.038063
180	1.8	0.034585
180	1.9	0.032742
180	2	0.0319
180	2.1	0.030145
180	2.2	0.028455
180	2.3	0.026168
180	2.4	0.024326
180	2.5	0.022888
180	2.6	0.022418
180	2.7	0.021612
180	2.8	0.02048
180	2.9	0.019331
180	3	0.016485
180	3.1	0.014866
180	3.2	0.01338
180	3.3	0.012176
180	3.4	0.012051
180	3.5	0.012722
180	3.6	0.012948
180	3.7	0.012252
180	3.8	0.011126
180	3.9	0.0096666
180	4	0.0084747
 
Uniformity Ratio =0.44112
