04-Jan-2018
12:28
TXR  007992 RM428 R24
33511B Function Generator
SN =Agilent Technologies,33511B,MY52301476,3.05-1.19-2.00-52-00
freq =+9.300000000000000E+06
burstmode =TRIG
burstN =+6.000000000000000E+01
voltage =+1.5000000000000E-01
 
DSO-X 2022A Oscilloscope
SN =AGILENT TECHNOLOGIES,DSO-X 2022A,MY54310921,02.41.2015102200
probe =+1.0000000E+00
scale =+500.0E-09
position =+19.900000E-06
range =+1.60E+00
units =VOLT
points =+2000
pointmode =NORM
format =BYTE
acqtype =NORM
trigsource =EXT
coupling =AC
 
-180	-4	0.0061285
-180	-3.9	0.0080903
-180	-3.8	0.0095878
-180	-3.7	0.010367
-180	-3.6	0.0093936
-180	-3.5	0.0075872
-180	-3.4	0.0063232
-180	-3.3	0.0058201
-180	-3.2	0.0061074
-180	-3.1	0.0076106
-180	-3	0.0082642
-180	-2.9	0.0088094
-180	-2.8	0.0097681
-180	-2.7	0.012482
-180	-2.6	0.017869
-180	-2.5	0.022299
-180	-2.4	0.025261
-180	-2.3	0.027211
-180	-2.2	0.027408
-180	-2.1	0.027115
-180	-2	0.026826
-180	-1.9	0.027422
-180	-1.8	0.027841
-180	-1.7	0.027735
-180	-1.6	0.02721
-180	-1.5	0.024041
-180	-1.4	0.021261
-180	-1.3	0.022392
-180	-1.2	0.026804
-180	-1.1	0.036607
-180	-1	0.043441
-180	-0.9	0.051286
-180	-0.8	0.054882
-180	-0.7	0.055811
-180	-0.6	0.05136
-180	-0.5	0.043808
-180	-0.4	0.036616
-180	-0.3	0.029627
-180	-0.2	0.02154
-180	-0.1	0.016357
-180	0	0.015294
-180	0.1	0.01422
-180	0.2	0.015539
-180	0.3	0.02032
-180	0.4	0.024634
-180	0.5	0.030102
-180	0.6	0.039447
-180	0.7	0.041471
-180	0.8	0.045027
-180	0.9	0.04608
-180	1	0.044665
-180	1.1	0.041792
-180	1.2	0.039474
-180	1.3	0.037358
-180	1.4	0.033412
-180	1.5	0.031482
-180	1.6	0.030674
-180	1.7	0.030483
-180	1.8	0.030424
-180	1.9	0.029893
-180	2	0.028933
-180	2.1	0.028652
-180	2.2	0.026257
-180	2.3	0.023484
-180	2.4	0.022239
-180	2.5	0.021149
-180	2.6	0.020254
-180	2.7	0.017459
-180	2.8	0.016236
-180	2.9	0.014825
-180	3	0.013049
-180	3.1	0.011306
-180	3.2	0.010246
-180	3.3	0.010098
-180	3.4	0.0103
-180	3.5	0.0106
-180	3.6	0.0088898
-180	3.7	0.0082093
-180	3.8	0.007369
-180	3.9	0.0067629
-180	4	0.0081063
-170	-4	0.0081659
-170	-3.9	0.0097978
-170	-3.8	0.010472
-170	-3.7	0.010004
-170	-3.6	0.008526
-170	-3.5	0.0066835
-170	-3.4	0.0060862
-170	-3.3	0.0056166
-170	-3.2	0.0067173
-170	-3.1	0.0072563
-170	-3	0.0072228
-170	-2.9	0.0087616
-170	-2.8	0.011424
-170	-2.7	0.013776
-170	-2.6	0.019778
-170	-2.5	0.021972
-170	-2.4	0.02428
-170	-2.3	0.024713
-170	-2.2	0.024752
-170	-2.1	0.025071
-170	-2	0.026242
-170	-1.9	0.027004
-170	-1.8	0.028401
-170	-1.7	0.028429
-170	-1.6	0.024973
-170	-1.5	0.022273
-170	-1.4	0.018992
-170	-1.3	0.021238
-170	-1.2	0.028513
-170	-1.1	0.036865
-170	-1	0.045637
-170	-0.9	0.052327
-170	-0.8	0.056897
-170	-0.7	0.05641
-170	-0.6	0.05092
-170	-0.5	0.045086
-170	-0.4	0.03636
-170	-0.3	0.029623
-170	-0.2	0.020944
-170	-0.1	0.016412
-170	0	0.014719
-170	0.1	0.014636
-170	0.2	0.016581
-170	0.3	0.021434
-170	0.4	0.026646
-170	0.5	0.032972
-170	0.6	0.039472
-170	0.7	0.044204
-170	0.8	0.045858
-170	0.9	0.045214
-170	1	0.043188
-170	1.1	0.040714
-170	1.2	0.03797
-170	1.3	0.036273
-170	1.4	0.034605
-170	1.5	0.031624
-170	1.6	0.030723
-170	1.7	0.030344
-170	1.8	0.029246
-170	1.9	0.028121
-170	2	0.027812
-170	2.1	0.028383
-170	2.2	0.02758
-170	2.3	0.025006
-170	2.4	0.023387
-170	2.5	0.021082
-170	2.6	0.019729
-170	2.7	0.017528
-170	2.8	0.016269
-170	2.9	0.015451
-170	3	0.015348
-170	3.1	0.013836
-170	3.2	0.011311
-170	3.3	0.010372
-170	3.4	0.011024
-170	3.5	0.011383
-170	3.6	0.011759
-170	3.7	0.010961
-170	3.8	0.010224
-170	3.9	0.0097631
-170	4	0.0088314
-160	-4	0.0082818
-160	-3.9	0.0087542
-160	-3.8	0.0094605
-160	-3.7	0.0085525
-160	-3.6	0.0073117
-160	-3.5	0.0060994
-160	-3.4	0.0054856
-160	-3.3	0.0064019
-160	-3.2	0.0074865
-160	-3.1	0.008225
-160	-3	0.0093488
-160	-2.9	0.011419
-160	-2.8	0.013486
-160	-2.7	0.017342
-160	-2.6	0.021068
-160	-2.5	0.024099
-160	-2.4	0.025341
-160	-2.3	0.025364
-160	-2.2	0.025365
-160	-2.1	0.025826
-160	-2	0.026202
-160	-1.9	0.02726
-160	-1.8	0.027436
-160	-1.7	0.02654
-160	-1.6	0.022306
-160	-1.5	0.018174
-160	-1.4	0.017425
-160	-1.3	0.021188
-160	-1.2	0.030538
-160	-1.1	0.040529
-160	-1	0.045546
-160	-0.9	0.051816
-160	-0.8	0.05335
-160	-0.7	0.050905
-160	-0.6	0.046412
-160	-0.5	0.040149
-160	-0.4	0.031341
-160	-0.3	0.027543
-160	-0.2	0.019999
-160	-0.1	0.017434
-160	0	0.015026
-160	0.1	0.014119
-160	0.2	0.015107
-160	0.3	0.020008
-160	0.4	0.025652
-160	0.5	0.030251
-160	0.6	0.036902
-160	0.7	0.0402
-160	0.8	0.042998
-160	0.9	0.042869
-160	1	0.04169
-160	1.1	0.040544
-160	1.2	0.038887
-160	1.3	0.036715
-160	1.4	0.035625
-160	1.5	0.033302
-160	1.6	0.031928
-160	1.7	0.030017
-160	1.8	0.028688
-160	1.9	0.028003
-160	2	0.028449
-160	2.1	0.028392
-160	2.2	0.027053
-160	2.3	0.024253
-160	2.4	0.021785
-160	2.5	0.019864
-160	2.6	0.018356
-160	2.7	0.016426
-160	2.8	0.01584
-160	2.9	0.015139
-160	3	0.013246
-160	3.1	0.011369
-160	3.2	0.0097283
-160	3.3	0.0079878
-160	3.4	0.0083904
-160	3.5	0.0093072
-160	3.6	0.01007
-160	3.7	0.0092637
-160	3.8	0.0084918
-160	3.9	0.0076128
-160	4	0.0073272
-150	-4	0.0067915
-150	-3.9	0.0073161
-150	-3.8	0.0075445
-150	-3.7	0.0071846
-150	-3.6	0.0064145
-150	-3.5	0.0053181
-150	-3.4	0.0062486
-150	-3.3	0.0079695
-150	-3.2	0.0088862
-150	-3.1	0.0088333
-150	-3	0.0088314
-150	-2.9	0.0094383
-150	-2.8	0.012621
-150	-2.7	0.017952
-150	-2.6	0.02206
-150	-2.5	0.02674
-150	-2.4	0.028989
-150	-2.3	0.029548
-150	-2.2	0.028508
-150	-2.1	0.027431
-150	-2	0.026713
-150	-1.9	0.027372
-150	-1.8	0.028039
-150	-1.7	0.027088
-150	-1.6	0.024663
-150	-1.5	0.020962
-150	-1.4	0.020454
-150	-1.3	0.022833
-150	-1.2	0.030784
-150	-1.1	0.038333
-150	-1	0.047575
-150	-0.9	0.05169
-150	-0.8	0.053493
-150	-0.7	0.052453
-150	-0.6	0.046326
-150	-0.5	0.039237
-150	-0.4	0.030708
-150	-0.3	0.025558
-150	-0.2	0.021865
-150	-0.1	0.017963
-150	0	0.015908
-150	0.1	0.015273
-150	0.2	0.016793
-150	0.3	0.02191
-150	0.4	0.028796
-150	0.5	0.035308
-150	0.6	0.040074
-150	0.7	0.043826
-150	0.8	0.046033
-150	0.9	0.045677
-150	1	0.044614
-150	1.1	0.04258
-150	1.2	0.040301
-150	1.3	0.037691
-150	1.4	0.035181
-150	1.5	0.03328
-150	1.6	0.031165
-150	1.7	0.029522
-150	1.8	0.028595
-150	1.9	0.028603
-150	2	0.028833
-150	2.1	0.028232
-150	2.2	0.026327
-150	2.3	0.023951
-150	2.4	0.021995
-150	2.5	0.019829
-150	2.6	0.018644
-150	2.7	0.017774
-150	2.8	0.017401
-150	2.9	0.016398
-150	3	0.014695
-150	3.1	0.01285
-150	3.2	0.010495
-150	3.3	0.010053
-150	3.4	0.0096867
-150	3.5	0.0099371
-150	3.6	0.0096867
-150	3.7	0.0088552
-150	3.8	0.0084899
-150	3.9	0.007693
-150	4	0.0071689
-140	-4	0.0084058
-140	-3.9	0.0078284
-140	-3.8	0.0067509
-140	-3.7	0.0059817
-140	-3.6	0.0058395
-140	-3.5	0.0073183
-140	-3.4	0.0077056
-140	-3.3	0.0083304
-140	-3.2	0.0084613
-140	-3.1	0.008313
-140	-3	0.0091743
-140	-2.9	0.011907
-140	-2.8	0.015945
-140	-2.7	0.02021
-140	-2.6	0.025926
-140	-2.5	0.028694
-140	-2.4	0.029841
-140	-2.3	0.029297
-140	-2.2	0.027999
-140	-2.1	0.027016
-140	-2	0.026952
-140	-1.9	0.027608
-140	-1.8	0.028455
-140	-1.7	0.02682
-140	-1.6	0.024367
-140	-1.5	0.021477
-140	-1.4	0.021221
-140	-1.3	0.023413
-140	-1.2	0.031968
-140	-1.1	0.038618
-140	-1	0.046832
-140	-0.9	0.05023
-140	-0.8	0.051432
-140	-0.7	0.047925
-140	-0.6	0.043754
-140	-0.5	0.036288
-140	-0.4	0.03224
-140	-0.3	0.022701
-140	-0.2	0.017262
-140	-0.1	0.01488
-140	0	0.012676
-140	0.1	0.012886
-140	0.2	0.015049
-140	0.3	0.020956
-140	0.4	0.026551
-140	0.5	0.0322
-140	0.6	0.038764
-140	0.7	0.042091
-140	0.8	0.04448
-140	0.9	0.044856
-140	1	0.044157
-140	1.1	0.043052
-140	1.2	0.041216
-140	1.3	0.037354
-140	1.4	0.034701
-140	1.5	0.032828
-140	1.6	0.030822
-140	1.7	0.029457
-140	1.8	0.028179
-140	1.9	0.027866
-140	2	0.027613
-140	2.1	0.025907
-140	2.2	0.024772
-140	2.3	0.022848
-140	2.4	0.021594
-140	2.5	0.018506
-140	2.6	0.016924
-140	2.7	0.015227
-140	2.8	0.013517
-140	2.9	0.011977
-140	3	0.011263
-140	3.1	0.010471
-140	3.2	0.010589
-140	3.3	0.010386
-140	3.4	0.0091478
-140	3.5	0.0080803
-140	3.6	0.0065344
-140	3.7	0.0060622
-140	3.8	0.0061074
-140	3.9	0.0071214
-140	4	0.0077703
-130	-4	0.0070986
-130	-3.9	0.007053
-130	-3.8	0.0071032
-130	-3.7	0.0068696
-130	-3.6	0.0066884
-130	-3.5	0.0074908
-130	-3.4	0.0081003
-130	-3.3	0.0090126
-130	-3.2	0.010435
-130	-3.1	0.011144
-130	-3	0.012051
-130	-2.9	0.013427
-130	-2.8	0.016564
-130	-2.7	0.020682
-130	-2.6	0.025532
-130	-2.5	0.028444
-130	-2.4	0.030684
-130	-2.3	0.030779
-130	-2.2	0.030754
-130	-2.1	0.029773
-130	-2	0.029515
-130	-1.9	0.029401
-130	-1.8	0.028592
-130	-1.7	0.026822
-130	-1.6	0.02563
-130	-1.5	0.024192
-130	-1.4	0.024282
-130	-1.3	0.027113
-130	-1.2	0.033364
-130	-1.1	0.039032
-130	-1	0.045086
-130	-0.9	0.050613
-130	-0.8	0.052174
-130	-0.7	0.048926
-130	-0.6	0.044497
-130	-0.5	0.038335
-130	-0.4	0.030917
-130	-0.3	0.025342
-130	-0.2	0.019927
-130	-0.1	0.015807
-130	0	0.013172
-130	0.1	0.013508
-130	0.2	0.016422
-130	0.3	0.022216
-130	0.4	0.02777
-130	0.5	0.033668
-130	0.6	0.039575
-130	0.7	0.043051
-130	0.8	0.044975
-130	0.9	0.0461
-130	1	0.046412
-130	1.1	0.045402
-130	1.2	0.04346
-130	1.3	0.040002
-130	1.4	0.036584
-130	1.5	0.03334
-130	1.6	0.03077
-130	1.7	0.028055
-130	1.8	0.026563
-130	1.9	0.026214
-130	2	0.025735
-130	2.1	0.023802
-130	2.2	0.021761
-130	2.3	0.020547
-130	2.4	0.019049
-130	2.5	0.017791
-130	2.6	0.016265
-130	2.7	0.015222
-130	2.8	0.014268
-130	2.9	0.013189
-130	3	0.011295
-130	3.1	0.0099257
-130	3.2	0.0099825
-130	3.3	0.0095759
-130	3.4	0.0095624
-130	3.5	0.0088534
-130	3.6	0.0087265
-130	3.7	0.0080783
-130	3.8	0.007369
-130	3.9	0.0069164
-130	4	0.0071304
-120	-4	0.0084058
-120	-3.9	0.008146
-120	-3.8	0.0073492
-120	-3.7	0.0063411
-120	-3.6	0.0066399
-120	-3.5	0.0068223
-120	-3.4	0.0078077
-120	-3.3	0.0083479
-120	-3.2	0.009618
-120	-3.1	0.011298
-120	-3	0.013949
-120	-2.9	0.016754
-120	-2.8	0.019863
-120	-2.7	0.023947
-120	-2.6	0.027568
-120	-2.5	0.029607
-120	-2.4	0.030516
-120	-2.3	0.030995
-120	-2.2	0.031114
-120	-2.1	0.032486
-120	-2	0.033149
-120	-1.9	0.033224
-120	-1.8	0.031569
-120	-1.7	0.028392
-120	-1.6	0.024735
-120	-1.5	0.023541
-120	-1.4	0.025261
-120	-1.3	0.029759
-120	-1.2	0.037221
-120	-1.1	0.043726
-120	-1	0.048997
-120	-0.9	0.052941
-120	-0.8	0.051729
-120	-0.7	0.048627
-120	-0.6	0.043433
-120	-0.5	0.035697
-120	-0.4	0.028682
-120	-0.3	0.020932
-120	-0.2	0.018372
-120	-0.1	0.015319
-120	0	0.013733
-120	0.1	0.014587
-120	0.2	0.017777
-120	0.3	0.023497
-120	0.4	0.028566
-120	0.5	0.034772
-120	0.6	0.038188
-120	0.7	0.042075
-120	0.8	0.043782
-120	0.9	0.045164
-120	1	0.046187
-120	1.1	0.046141
-120	1.2	0.044376
-120	1.3	0.041766
-120	1.4	0.038394
-120	1.5	0.036549
-120	1.6	0.032608
-120	1.7	0.029583
-120	1.8	0.029109
-120	1.9	0.029812
-120	2	0.02961
-120	2.1	0.028312
-120	2.2	0.026008
-120	2.3	0.022003
-120	2.4	0.019554
-120	2.5	0.017413
-120	2.6	0.016442
-120	2.7	0.016758
-120	2.8	0.016851
-120	2.9	0.016523
-120	3	0.013648
-120	3.1	0.011199
-120	3.2	0.009695
-120	3.3	0.0099776
-120	3.4	0.010835
-120	3.5	0.011206
-120	3.6	0.011305
-120	3.7	0.010724
-120	3.8	0.009
-120	3.9	0.007325
-120	4	0.0065836
-110	-4	0.0099565
-110	-3.9	0.01041
-110	-3.8	0.0101
-110	-3.7	0.0084556
-110	-3.6	0.0066106
-110	-3.5	0.0069607
-110	-3.4	0.010306
-110	-3.3	0.012576
-110	-3.2	0.014612
-110	-3.1	0.016838
-110	-3	0.017062
-110	-2.9	0.018736
-110	-2.8	0.020624
-110	-2.7	0.024141
-110	-2.6	0.028391
-110	-2.5	0.032115
-110	-2.4	0.033435
-110	-2.3	0.033898
-110	-2.2	0.033446
-110	-2.1	0.033346
-110	-2	0.03268
-110	-1.9	0.032149
-110	-1.8	0.031185
-110	-1.7	0.029239
-110	-1.6	0.026596
-110	-1.5	0.024667
-110	-1.4	0.025521
-110	-1.3	0.029258
-110	-1.2	0.03537
-110	-1.1	0.044177
-110	-1	0.050894
-110	-0.9	0.053812
-110	-0.8	0.053403
-110	-0.7	0.051422
-110	-0.6	0.047021
-110	-0.5	0.037529
-110	-0.4	0.03254
-110	-0.3	0.024665
-110	-0.2	0.018869
-110	-0.1	0.015847
-110	0	0.013497
-110	0.1	0.014268
-110	0.2	0.017624
-110	0.3	0.023811
-110	0.4	0.028747
-110	0.5	0.034761
-110	0.6	0.040839
-110	0.7	0.044295
-110	0.8	0.045976
-110	0.9	0.046378
-110	1	0.046263
-110	1.1	0.046129
-110	1.2	0.044277
-110	1.3	0.041619
-110	1.4	0.039514
-110	1.5	0.0378
-110	1.6	0.033571
-110	1.7	0.030462
-110	1.8	0.028632
-110	1.9	0.027859
-110	2	0.026467
-110	2.1	0.024721
-110	2.2	0.02336
-110	2.3	0.021481
-110	2.4	0.019345
-110	2.5	0.018276
-110	2.6	0.017205
-110	2.7	0.016814
-110	2.8	0.016386
-110	2.9	0.015636
-110	3	0.01325
-110	3.1	0.011373
-110	3.2	0.010216
-110	3.3	0.010276
-110	3.4	0.010157
-110	3.5	0.0098028
-110	3.6	0.0097466
-110	3.7	0.0094827
-110	3.8	0.008313
-110	3.9	0.0071576
-110	4	0.0076021
-100	-4	0.0096399
-100	-3.9	0.0084861
-100	-3.8	0.0071055
-100	-3.7	0.0063385
-100	-3.6	0.0068483
-100	-3.5	0.0092567
-100	-3.4	0.010943
-100	-3.3	0.011972
-100	-3.2	0.012939
-100	-3.1	0.01507
-100	-3	0.016812
-100	-2.9	0.021271
-100	-2.8	0.0238
-100	-2.7	0.027676
-100	-2.6	0.031257
-100	-2.5	0.032339
-100	-2.4	0.032967
-100	-2.3	0.032661
-100	-2.2	0.033788
-100	-2.1	0.035814
-100	-2	0.036698
-100	-1.9	0.036248
-100	-1.8	0.033708
-100	-1.7	0.029273
-100	-1.6	0.025743
-100	-1.5	0.025414
-100	-1.4	0.028503
-100	-1.3	0.035969
-100	-1.2	0.044025
-100	-1.1	0.047802
-100	-1	0.053216
-100	-0.9	0.054597
-100	-0.8	0.052848
-100	-0.7	0.047416
-100	-0.6	0.042847
-100	-0.5	0.035592
-100	-0.4	0.028367
-100	-0.3	0.024408
-100	-0.2	0.018662
-100	-0.1	0.016733
-100	0	0.01592
-100	0.1	0.016976
-100	0.2	0.021697
-100	0.3	0.025981
-100	0.4	0.030264
-100	0.5	0.037173
-100	0.6	0.041247
-100	0.7	0.044657
-100	0.8	0.046331
-100	0.9	0.047706
-100	1	0.047915
-100	1.1	0.047753
-100	1.2	0.045758
-100	1.3	0.044062
-100	1.4	0.041431
-100	1.5	0.038319
-100	1.6	0.036296
-100	1.7	0.03476
-100	1.8	0.033348
-100	1.9	0.032594
-100	2	0.031286
-100	2.1	0.028009
-100	2.2	0.025729
-100	2.3	0.024095
-100	2.4	0.021498
-100	2.5	0.020777
-100	2.6	0.019629
-100	2.7	0.018795
-100	2.8	0.017601
-100	2.9	0.015299
-100	3	0.012714
-100	3.1	0.010615
-100	3.2	0.010644
-100	3.3	0.011479
-100	3.4	0.011053
-100	3.5	0.010148
-100	3.6	0.0090876
-100	3.7	0.0082368
-100	3.8	0.0071779
-100	3.9	0.0076382
-100	4	0.0084537
-90	-4	0.0089676
-90	-3.9	0.0090412
-90	-3.8	0.0088424
-90	-3.7	0.0082583
-90	-3.6	0.0084365
-90	-3.5	0.010583
-90	-3.4	0.013215
-90	-3.3	0.014728
-90	-3.2	0.015341
-90	-3.1	0.01576
-90	-3	0.0161
-90	-2.9	0.019172
-90	-2.8	0.022319
-90	-2.7	0.02847
-90	-2.6	0.033187
-90	-2.5	0.03632
-90	-2.4	0.037712
-90	-2.3	0.037048
-90	-2.2	0.034946
-90	-2.1	0.034442
-90	-2	0.034998
-90	-1.9	0.035685
-90	-1.8	0.03588
-90	-1.7	0.034643
-90	-1.6	0.03225
-90	-1.5	0.030243
-90	-1.4	0.030921
-90	-1.3	0.034964
-90	-1.2	0.040896
-90	-1.1	0.048826
-90	-1	0.055692
-90	-0.9	0.057871
-90	-0.8	0.056394
-90	-0.7	0.052915
-90	-0.6	0.046472
-90	-0.5	0.038522
-90	-0.4	0.029469
-90	-0.3	0.022384
-90	-0.2	0.016265
-90	-0.1	0.013033
-90	0	0.013404
-90	0.1	0.015483
-90	0.2	0.022397
-90	0.3	0.026381
-90	0.4	0.032825
-90	0.5	0.040497
-90	0.6	0.044552
-90	0.7	0.049212
-90	0.8	0.050886
-90	0.9	0.051158
-90	1	0.050686
-90	1.1	0.048439
-90	1.2	0.044685
-90	1.3	0.04289
-90	1.4	0.038407
-90	1.5	0.036148
-90	1.6	0.031767
-90	1.7	0.029925
-90	1.8	0.029139
-90	1.9	0.028575
-90	2	0.026732
-90	2.1	0.024735
-90	2.2	0.02197
-90	2.3	0.020461
-90	2.4	0.018703
-90	2.5	0.017148
-90	2.6	0.017158
-90	2.7	0.016641
-90	2.8	0.015694
-90	2.9	0.014854
-90	3	0.012866
-90	3.1	0.011115
-90	3.2	0.01029
-90	3.3	0.0099614
-90	3.4	0.010097
-90	3.5	0.010023
-90	3.6	0.010079
-90	3.7	0.0099452
-90	3.8	0.0092095
-90	3.9	0.0081302
-90	4	0.0077077
-80	-4	0.0091231
-80	-3.9	0.0077641
-80	-3.8	0.0061338
-80	-3.7	0.0062461
-80	-3.6	0.0081083
-80	-3.5	0.011427
-80	-3.4	0.013443
-80	-3.3	0.013976
-80	-3.2	0.013265
-80	-3.1	0.012718
-80	-3	0.014229
-80	-2.9	0.018705
-80	-2.8	0.025279
-80	-2.7	0.029784
-80	-2.6	0.033839
-80	-2.5	0.036097
-80	-2.4	0.036134
-80	-2.3	0.034696
-80	-2.2	0.033852
-80	-2.1	0.034124
-80	-2	0.036114
-80	-1.9	0.037244
-80	-1.8	0.037418
-80	-1.7	0.035666
-80	-1.6	0.032045
-80	-1.5	0.031465
-80	-1.4	0.03388
-80	-1.3	0.04279
-80	-1.2	0.046378
-80	-1.1	0.055167
-80	-1	0.060323
-80	-0.9	0.062098
-80	-0.8	0.059248
-80	-0.7	0.051837
-80	-0.6	0.045342
-80	-0.5	0.036106
-80	-0.4	0.026809
-80	-0.3	0.019221
-80	-0.2	0.016212
-80	-0.1	0.014628
-80	0	0.01554
-80	0.1	0.01834
-80	0.2	0.023559
-80	0.3	0.028828
-80	0.4	0.034078
-80	0.5	0.039315
-80	0.6	0.044127
-80	0.7	0.047508
-80	0.8	0.049785
-80	0.9	0.050711
-80	1	0.050814
-80	1.1	0.049171
-80	1.2	0.047327
-80	1.3	0.044566
-80	1.4	0.041063
-80	1.5	0.037288
-80	1.6	0.033633
-80	1.7	0.031097
-80	1.8	0.030435
-80	1.9	0.030365
-80	2	0.029568
-80	2.1	0.028109
-80	2.2	0.025806
-80	2.3	0.023687
-80	2.4	0.020217
-80	2.5	0.019231
-80	2.6	0.017573
-80	2.7	0.016859
-80	2.8	0.016071
-80	2.9	0.014748
-80	3	0.013426
-80	3.1	0.012204
-80	3.2	0.011061
-80	3.3	0.010044
-80	3.4	0.0090072
-80	3.5	0.0083846
-80	3.6	0.0076509
-80	3.7	0.0077077
-80	3.8	0.0074497
-80	3.9	0.0067221
-80	4	0.00682
-70	-4	0.0082211
-70	-3.9	0.0079044
-70	-3.8	0.0073404
-70	-3.7	0.0077849
-70	-3.6	0.0088113
-70	-3.5	0.010832
-70	-3.4	0.013178
-70	-3.3	0.013934
-70	-3.2	0.013805
-70	-3.1	0.01392
-70	-3	0.016422
-70	-2.9	0.020081
-70	-2.8	0.025275
-70	-2.7	0.030909
-70	-2.6	0.034083
-70	-2.5	0.036003
-70	-2.4	0.036212
-70	-2.3	0.035767
-70	-2.2	0.035418
-70	-2.1	0.036168
-70	-2	0.037092
-70	-1.9	0.037581
-70	-1.8	0.036868
-70	-1.7	0.035106
-70	-1.6	0.032708
-70	-1.5	0.031678
-70	-1.4	0.034752
-70	-1.3	0.040505
-70	-1.2	0.048312
-70	-1.1	0.052438
-70	-1	0.058272
-70	-0.9	0.059757
-70	-0.8	0.057433
-70	-0.7	0.053633
-70	-0.6	0.04441
-70	-0.5	0.037287
-70	-0.4	0.028455
-70	-0.3	0.022169
-70	-0.2	0.015858
-70	-0.1	0.0145
-70	0	0.015371
-70	0.1	0.017892
-70	0.2	0.021307
-70	0.3	0.027833
-70	0.4	0.033273
-70	0.5	0.03919
-70	0.6	0.042613
-70	0.7	0.046015
-70	0.8	0.047539
-70	0.9	0.047463
-70	1	0.046386
-70	1.1	0.045093
-70	1.2	0.042693
-70	1.3	0.041113
-70	1.4	0.03981
-70	1.5	0.038444
-70	1.6	0.037022
-70	1.7	0.034546
-70	1.8	0.032285
-70	1.9	0.029696
-70	2	0.027815
-70	2.1	0.026023
-70	2.2	0.025074
-70	2.3	0.023695
-70	2.4	0.022287
-70	2.5	0.020447
-70	2.6	0.019077
-70	2.7	0.017592
-70	2.8	0.015666
-70	2.9	0.014366
-70	3	0.013563
-70	3.1	0.012884
-70	3.2	0.012657
-70	3.3	0.011478
-70	3.4	0.010162
-70	3.5	0.0094673
-70	3.6	0.0092742
-70	3.7	0.0093419
-70	3.8	0.0097034
-70	3.9	0.0094724
-70	4	0.0090662
-60	-4	0.0086203
-60	-3.9	0.0086614
-60	-3.8	0.0077911
-60	-3.7	0.0070392
-60	-3.6	0.0072183
-60	-3.5	0.0088898
-60	-3.4	0.011259
-60	-3.3	0.013805
-60	-3.2	0.015684
-60	-3.1	0.016343
-60	-3	0.019186
-60	-2.9	0.021813
-60	-2.8	0.027343
-60	-2.7	0.031851
-60	-2.6	0.034594
-60	-2.5	0.036897
-60	-2.4	0.037026
-60	-2.3	0.036764
-60	-2.2	0.03647
-60	-2.1	0.037241
-60	-2	0.038018
-60	-1.9	0.038616
-60	-1.8	0.038266
-60	-1.7	0.035201
-60	-1.6	0.033374
-60	-1.5	0.032035
-60	-1.4	0.035455
-60	-1.3	0.043451
-60	-1.2	0.048471
-60	-1.1	0.055321
-60	-1	0.061312
-60	-0.9	0.061658
-60	-0.8	0.05848
-60	-0.7	0.049949
-60	-0.6	0.04401
-60	-0.5	0.035776
-60	-0.4	0.028651
-60	-0.3	0.021068
-60	-0.2	0.017368
-60	-0.1	0.016163
-60	0	0.016952
-60	0.1	0.019961
-60	0.2	0.025347
-60	0.3	0.031473
-60	0.4	0.036532
-60	0.5	0.041056
-60	0.6	0.045489
-60	0.7	0.048236
-60	0.8	0.049771
-60	0.9	0.050346
-60	1	0.049491
-60	1.1	0.047091
-60	1.2	0.045713
-60	1.3	0.041157
-60	1.4	0.039439
-60	1.5	0.036378
-60	1.6	0.034692
-60	1.7	0.032949
-60	1.8	0.031548
-60	1.9	0.030674
-60	2	0.029186
-60	2.1	0.026148
-60	2.2	0.024297
-60	2.3	0.02267
-60	2.4	0.020636
-60	2.5	0.019138
-60	2.6	0.017634
-60	2.7	0.016993
-60	2.8	0.015875
-60	2.9	0.014294
-60	3	0.012673
-60	3.1	0.011849
-60	3.2	0.010774
-60	3.3	0.0099533
-60	3.4	0.0094588
-60	3.5	0.008654
-60	3.6	0.0082053
-60	3.7	0.0079797
-60	3.8	0.007454
-60	3.9	0.0072607
-60	4	0.0069723
-50	-4	0.0076509
-50	-3.9	0.0079736
-50	-3.8	0.0080583
-50	-3.7	0.0066447
-50	-3.6	0.0067389
-50	-3.5	0.008148
-50	-3.4	0.011206
-50	-3.3	0.013502
-50	-3.2	0.015561
-50	-3.1	0.017113
-50	-3	0.018236
-50	-2.9	0.020163
-50	-2.8	0.023278
-50	-2.7	0.026022
-50	-2.6	0.030651
-50	-2.5	0.033108
-50	-2.4	0.035016
-50	-2.3	0.03487
-50	-2.2	0.035549
-50	-2.1	0.035813
-50	-2	0.03605
-50	-1.9	0.036083
-50	-1.8	0.035233
-50	-1.7	0.033256
-50	-1.6	0.030956
-50	-1.5	0.032642
-50	-1.4	0.033652
-50	-1.3	0.041165
-50	-1.2	0.051936
-50	-1.1	0.057454
-50	-1	0.060106
-50	-0.9	0.061939
-50	-0.8	0.058399
-50	-0.7	0.052727
-50	-0.6	0.044974
-50	-0.5	0.034389
-50	-0.4	0.027597
-50	-0.3	0.022012
-50	-0.2	0.015734
-50	-0.1	0.014951
-50	0	0.01635
-50	0.1	0.020653
-50	0.2	0.024129
-50	0.3	0.029745
-50	0.4	0.035344
-50	0.5	0.039398
-50	0.6	0.045168
-50	0.7	0.04696
-50	0.8	0.047917
-50	0.9	0.047166
-50	1	0.046388
-50	1.1	0.044421
-50	1.2	0.043149
-50	1.3	0.040055
-50	1.4	0.038296
-50	1.5	0.035609
-50	1.6	0.032915
-50	1.7	0.030345
-50	1.8	0.028926
-50	1.9	0.027971
-50	2	0.027557
-50	2.1	0.02636
-50	2.2	0.025395
-50	2.3	0.023799
-50	2.4	0.022258
-50	2.5	0.020539
-50	2.6	0.017898
-50	2.7	0.017009
-50	2.8	0.015947
-50	2.9	0.015133
-50	3	0.013392
-50	3.1	0.011557
-50	3.2	0.010691
-50	3.3	0.010578
-50	3.4	0.010595
-50	3.5	0.010406
-50	3.6	0.009997
-50	3.7	0.0096399
-50	3.8	0.0086912
-50	3.9	0.0083981
-50	4	0.0075574
-40	-4	0.0073029
-40	-3.9	0.0078407
-40	-3.8	0.0076276
-40	-3.7	0.0067843
-40	-3.6	0.00677
-40	-3.5	0.0084134
-40	-3.4	0.011193
-40	-3.3	0.01259
-40	-3.2	0.015518
-40	-3.1	0.016889
-40	-3	0.018991
-40	-2.9	0.02241
-40	-2.8	0.024929
-40	-2.7	0.027937
-40	-2.6	0.030545
-40	-2.5	0.032854
-40	-2.4	0.034822
-40	-2.3	0.036083
-40	-2.2	0.036638
-40	-2.1	0.036302
-40	-2	0.036076
-40	-1.9	0.0355
-40	-1.8	0.034425
-40	-1.7	0.032969
-40	-1.6	0.033084
-40	-1.5	0.034982
-40	-1.4	0.037646
-40	-1.3	0.045201
-40	-1.2	0.05024
-40	-1.1	0.056175
-40	-1	0.059216
-40	-0.9	0.060712
-40	-0.8	0.058227
-40	-0.7	0.052525
-40	-0.6	0.044624
-40	-0.5	0.035858
-40	-0.4	0.027215
-40	-0.3	0.021474
-40	-0.2	0.015864
-40	-0.1	0.014515
-40	0	0.016136
-40	0.1	0.020134
-40	0.2	0.025167
-40	0.3	0.031281
-40	0.4	0.038057
-40	0.5	0.041951
-40	0.6	0.045029
-40	0.7	0.048519
-40	0.8	0.049353
-40	0.9	0.048822
-40	1	0.048017
-40	1.1	0.04625
-40	1.2	0.043967
-40	1.3	0.041736
-40	1.4	0.040642
-40	1.5	0.039818
-40	1.6	0.037821
-40	1.7	0.035702
-40	1.8	0.03296
-40	1.9	0.030198
-40	2	0.028048
-40	2.1	0.025444
-40	2.2	0.022929
-40	2.3	0.020631
-40	2.4	0.020041
-40	2.5	0.018435
-40	2.6	0.016318
-40	2.7	0.015156
-40	2.8	0.013749
-40	2.9	0.011561
-40	3	0.01026
-40	3.1	0.0088661
-40	3.2	0.0091866
-40	3.3	0.0097266
-40	3.4	0.0097747
-40	3.5	0.0091619
-40	3.6	0.0080502
-40	3.7	0.0068719
-40	3.8	0.0060676
-40	3.9	0.006407
-40	4	0.0060941
-30	-4	0.0068813
-30	-3.9	0.0056995
-30	-3.8	0.0052784
-30	-3.7	0.0072496
-30	-3.6	0.0095878
-30	-3.5	0.012192
-30	-3.4	0.013214
-30	-3.3	0.013313
-30	-3.2	0.012518
-30	-3.1	0.01282
-30	-3	0.017669
-30	-2.9	0.021486
-30	-2.8	0.025902
-30	-2.7	0.029616
-30	-2.6	0.032567
-30	-2.5	0.033898
-30	-2.4	0.034626
-30	-2.3	0.034217
-30	-2.2	0.034376
-30	-2.1	0.034945
-30	-2	0.036112
-30	-1.9	0.037463
-30	-1.8	0.037454
-30	-1.7	0.035693
-30	-1.6	0.032698
-30	-1.5	0.031982
-30	-1.4	0.035863
-30	-1.3	0.045484
-30	-1.2	0.050564
-30	-1.1	0.060124
-30	-1	0.063516
-30	-0.9	0.062923
-30	-0.8	0.057892
-30	-0.7	0.048248
-30	-0.6	0.038507
-30	-0.5	0.031307
-30	-0.4	0.023434
-30	-0.3	0.018464
-30	-0.2	0.016817
-30	-0.1	0.017212
-30	0	0.019487
-30	0.1	0.022204
-30	0.2	0.026489
-30	0.3	0.032494
-30	0.4	0.03568
-30	0.5	0.039922
-30	0.6	0.044091
-30	0.7	0.04465
-30	0.8	0.04596
-30	0.9	0.045562
-30	1	0.044816
-30	1.1	0.042604
-30	1.2	0.040663
-30	1.3	0.038116
-30	1.4	0.03672
-30	1.5	0.035556
-30	1.6	0.034
-30	1.7	0.03211
-30	1.8	0.03116
-30	1.9	0.029817
-30	2	0.028903
-30	2.1	0.027434
-30	2.2	0.026097
-30	2.3	0.024684
-30	2.4	0.023829
-30	2.5	0.023701
-30	2.6	0.022067
-30	2.7	0.020954
-30	2.8	0.01913
-30	2.9	0.016155
-30	3	0.014637
-30	3.1	0.013519
-30	3.2	0.012594
-30	3.3	0.012518
-30	3.4	0.012207
-30	3.5	0.011309
-30	3.6	0.010511
-30	3.7	0.0096231
-30	3.8	0.0092375
-30	3.9	0.0087892
-30	4	0.0087302
-20	-4	0.0056625
-20	-3.9	0.0049269
-20	-3.8	0.0054145
-20	-3.7	0.0062357
-20	-3.6	0.0083981
-20	-3.5	0.010141
-20	-3.4	0.011807
-20	-3.3	0.012536
-20	-3.2	0.012691
-20	-3.1	0.01326
-20	-3	0.015004
-20	-2.9	0.018297
-20	-2.8	0.02469
-20	-2.7	0.030578
-20	-2.6	0.033622
-20	-2.5	0.035863
-20	-2.4	0.035392
-20	-2.3	0.03376
-20	-2.2	0.03212
-20	-2.1	0.031797
-20	-2	0.033115
-20	-1.9	0.035749
-20	-1.8	0.036442
-20	-1.7	0.035386
-20	-1.6	0.032469
-20	-1.5	0.031949
-20	-1.4	0.03442
-20	-1.3	0.041966
-20	-1.2	0.049001
-20	-1.1	0.056791
-20	-1	0.06209
-20	-0.9	0.062663
-20	-0.8	0.059195
-20	-0.7	0.054495
-20	-0.6	0.047277
-20	-0.5	0.039237
-20	-0.4	0.02763
-20	-0.3	0.020986
-20	-0.2	0.016209
-20	-0.1	0.01567
-20	0	0.017036
-20	0.1	0.021247
-20	0.2	0.026009
-20	0.3	0.030793
-20	0.4	0.035664
-20	0.5	0.041379
-20	0.6	0.045395
-20	0.7	0.047578
-20	0.8	0.048637
-20	0.9	0.048888
-20	1	0.047757
-20	1.1	0.046675
-20	1.2	0.04424
-20	1.3	0.04023
-20	1.4	0.038078
-20	1.5	0.035058
-20	1.6	0.032166
-20	1.7	0.030526
-20	1.8	0.0302
-20	1.9	0.030629
-20	2	0.030422
-20	2.1	0.028997
-20	2.2	0.025578
-20	2.3	0.024287
-20	2.4	0.020495
-20	2.5	0.017342
-20	2.6	0.014986
-20	2.7	0.014465
-20	2.8	0.013939
-20	2.9	0.013407
-20	3	0.01266
-20	3.1	0.011817
-20	3.2	0.010613
-20	3.3	0.009735
-20	3.4	0.0085789
-20	3.5	0.0072429
-20	3.6	0.0075915
-20	3.7	0.0081856
-20	3.8	0.0086184
-20	3.9	0.0087079
-20	4	0.0085657
-10	-4	0.0064296
-10	-3.9	0.005142
-10	-3.8	0.0058368
-10	-3.7	0.0088825
-10	-3.6	0.011158
-10	-3.5	0.013766
-10	-3.4	0.014632
-10	-3.3	0.014159
-10	-3.2	0.013141
-10	-3.1	0.01516
-10	-3	0.017836
-10	-2.9	0.022002
-10	-2.8	0.028169
-10	-2.7	0.033619
-10	-2.6	0.03597
-10	-2.5	0.035274
-10	-2.4	0.033641
-10	-2.3	0.031055
-10	-2.2	0.030624
-10	-2.1	0.031651
-10	-2	0.03397
-10	-1.9	0.035296
-10	-1.8	0.03407
-10	-1.7	0.03088
-10	-1.6	0.027294
-10	-1.5	0.027247
-10	-1.4	0.031429
-10	-1.3	0.039402
-10	-1.2	0.049463
-10	-1.1	0.056688
-10	-1	0.061204
-10	-0.9	0.06204
-10	-0.8	0.059545
-10	-0.7	0.0539
-10	-0.6	0.044261
-10	-0.5	0.037272
-10	-0.4	0.026711
-10	-0.3	0.020381
-10	-0.2	0.017014
-10	-0.1	0.017611
-10	0	0.02151
-10	0.1	0.025308
-10	0.2	0.027878
-10	0.3	0.032493
-10	0.4	0.03713
-10	0.5	0.040973
-10	0.6	0.044296
-10	0.7	0.046139
-10	0.8	0.04674
-10	0.9	0.046143
-10	1	0.044745
-10	1.1	0.042947
-10	1.2	0.039704
-10	1.3	0.036776
-10	1.4	0.035063
-10	1.5	0.033337
-10	1.6	0.031405
-10	1.7	0.030394
-10	1.8	0.029022
-10	1.9	0.028227
-10	2	0.026922
-10	2.1	0.024643
-10	2.2	0.023326
-10	2.3	0.022171
-10	2.4	0.021496
-10	2.5	0.020137
-10	2.6	0.019286
-10	2.7	0.018743
-10	2.8	0.017115
-10	2.9	0.015921
-10	3	0.014136
-10	3.1	0.013285
-10	3.2	0.013141
-10	3.3	0.012936
-10	3.4	0.012224
-10	3.5	0.011619
-10	3.6	0.011139
-10	3.7	0.011037
-10	3.8	0.010619
-10	3.9	0.010267
-10	4	0.010205
0	-4	0.0076867
0	-3.9	0.0080823
0	-3.8	0.0083324
0	-3.7	0.008526
0	-3.6	0.0078531
0	-3.5	0.0093159
0	-3.4	0.01208
0	-3.3	0.015542
0	-3.2	0.018177
0	-3.1	0.019846
0	-3	0.021307
0	-2.9	0.023378
0	-2.8	0.026216
0	-2.7	0.028083
0	-2.6	0.031612
0	-2.5	0.032952
0	-2.4	0.034279
0	-2.3	0.034981
0	-2.2	0.035208
0	-2.1	0.035162
0	-2	0.033779
0	-1.9	0.032343
0	-1.8	0.02925
0	-1.7	0.027714
0	-1.6	0.028795
0	-1.5	0.031726
0	-1.4	0.036205
0	-1.3	0.040546
0	-1.2	0.048302
0	-1.1	0.051824
0	-1	0.0555
0	-0.9	0.056754
0	-0.8	0.056023
0	-0.7	0.051699
0	-0.6	0.044527
0	-0.5	0.038728
0	-0.4	0.032166
0	-0.3	0.025593
0	-0.2	0.019925
0	-0.1	0.018078
0	0	0.017068
0	0.1	0.018408
0	0.2	0.022695
0	0.3	0.028095
0	0.4	0.033601
0	0.5	0.039244
0	0.6	0.042764
0	0.7	0.047246
0	0.8	0.048836
0	0.9	0.048933
0	1	0.048387
0	1.1	0.047601
0	1.2	0.045537
0	1.3	0.042529
0	1.4	0.040965
0	1.5	0.039151
0	1.6	0.038725
0	1.7	0.037537
0	1.8	0.03585
0	1.9	0.033851
0	2	0.032077
0	2.1	0.028129
0	2.2	0.025007
0	2.3	0.023407
0	2.4	0.022311
0	2.5	0.020606
0	2.6	0.018735
0	2.7	0.016074
0	2.8	0.014905
0	2.9	0.011334
0	3	0.0096214
0	3.1	0.0087984
0	3.2	0.0088479
0	3.3	0.0090858
0	3.4	0.0090305
0	3.5	0.0079736
0	3.6	0.0072116
0	3.7	0.0064019
0	3.8	0.0063589
0	3.9	0.0065418
0	4	0.0068152
10	-4	0.0093488
10	-3.9	0.0088989
10	-3.8	0.0079817
10	-3.7	0.0072518
10	-3.6	0.0095167
10	-3.5	0.012055
10	-3.4	0.017328
10	-3.3	0.018641
10	-3.2	0.02019
10	-3.1	0.020678
10	-3	0.021415
10	-2.9	0.023802
10	-2.8	0.027491
10	-2.7	0.030732
10	-2.6	0.032961
10	-2.5	0.035389
10	-2.4	0.035045
10	-2.3	0.033713
10	-2.2	0.032268
10	-2.1	0.031499
10	-2	0.031147
10	-1.9	0.031341
10	-1.8	0.030612
10	-1.7	0.029661
10	-1.6	0.027997
10	-1.5	0.027155
10	-1.4	0.030129
10	-1.3	0.039821
10	-1.2	0.04415
10	-1.1	0.053724
10	-1	0.060376
10	-0.9	0.061672
10	-0.8	0.061531
10	-0.7	0.054809
10	-0.6	0.048893
10	-0.5	0.037917
10	-0.4	0.03208
10	-0.3	0.022642
10	-0.2	0.018684
10	-0.1	0.016632
10	0	0.018678
10	0.1	0.02283
10	0.2	0.027
10	0.3	0.031601
10	0.4	0.036696
10	0.5	0.042812
10	0.6	0.045832
10	0.7	0.049041
10	0.8	0.049787
10	0.9	0.049606
10	1	0.047907
10	1.1	0.045425
10	1.2	0.041958
10	1.3	0.039818
10	1.4	0.037791
10	1.5	0.035618
10	1.6	0.035196
10	1.7	0.034533
10	1.8	0.033313
10	1.9	0.031732
10	2	0.029497
10	2.1	0.026743
10	2.2	0.023309
10	2.3	0.022245
10	2.4	0.020647
10	2.5	0.019748
10	2.6	0.018647
10	2.7	0.017395
10	2.8	0.015873
10	2.9	0.013535
10	3	0.011877
10	3.1	0.011033
10	3.2	0.011005
10	3.3	0.010815
10	3.4	0.01079
10	3.5	0.010148
10	3.6	0.0096096
10	3.7	0.0086708
10	3.8	0.0080462
10	3.9	0.0078263
10	4	0.0082112
20	-4	0.007053
20	-3.9	0.0073404
20	-3.8	0.0074388
20	-3.7	0.0082544
20	-3.6	0.0093626
20	-3.5	0.012004
20	-3.4	0.013595
20	-3.3	0.01503
20	-3.2	0.017152
20	-3.1	0.019076
20	-3	0.021722
20	-2.9	0.023585
20	-2.8	0.026996
20	-2.7	0.029825
20	-2.6	0.03189
20	-2.5	0.032631
20	-2.4	0.033466
20	-2.3	0.033506
20	-2.2	0.033634
20	-2.1	0.03363
20	-2	0.033572
20	-1.9	0.032874
20	-1.8	0.03112
20	-1.7	0.028659
20	-1.6	0.027218
20	-1.5	0.02735
20	-1.4	0.032994
20	-1.3	0.039003
20	-1.2	0.047022
20	-1.1	0.053434
20	-1	0.05785
20	-0.9	0.058789
20	-0.8	0.05749
20	-0.7	0.053483
20	-0.6	0.044269
20	-0.5	0.03909
20	-0.4	0.031122
20	-0.3	0.024336
20	-0.2	0.021208
20	-0.1	0.01746
20	0	0.017663
20	0.1	0.019233
20	0.2	0.023993
20	0.3	0.029589
20	0.4	0.034596
20	0.5	0.039811
20	0.6	0.043806
20	0.7	0.046603
20	0.8	0.04864
20	0.9	0.048728
20	1	0.047423
20	1.1	0.044987
20	1.2	0.042924
20	1.3	0.039887
20	1.4	0.038001
20	1.5	0.037188
20	1.6	0.036861
20	1.7	0.036
20	1.8	0.034601
20	1.9	0.032407
20	2	0.029594
20	2.1	0.027399
20	2.2	0.025912
20	2.3	0.024534
20	2.4	0.023615
20	2.5	0.022708
20	2.6	0.021252
20	2.7	0.019514
20	2.8	0.016892
20	2.9	0.013888
20	3	0.011843
20	3.1	0.011102
20	3.2	0.011121
20	3.3	0.011339
20	3.4	0.010985
20	3.5	0.010162
20	3.6	0.009735
20	3.7	0.0082759
20	3.8	0.0088406
20	3.9	0.0085978
20	4	0.0091177
30	-4	0.006963
30	-3.9	0.0063206
30	-3.8	0.0074994
30	-3.7	0.0088406
30	-3.6	0.0119
30	-3.5	0.014138
30	-3.4	0.015155
30	-3.3	0.016051
30	-3.2	0.015322
30	-3.1	0.016099
30	-3	0.017252
30	-2.9	0.022074
30	-2.8	0.027389
30	-2.7	0.032651
30	-2.6	0.034562
30	-2.5	0.034896
30	-2.4	0.033695
30	-2.3	0.032102
30	-2.2	0.031012
30	-2.1	0.031757
30	-2	0.032263
30	-1.9	0.032696
30	-1.8	0.031909
30	-1.7	0.029025
30	-1.6	0.026822
30	-1.5	0.026539
30	-1.4	0.030228
30	-1.3	0.038796
30	-1.2	0.045138
30	-1.1	0.052362
30	-1	0.06041
30	-0.9	0.061817
30	-0.8	0.060525
30	-0.7	0.054873
30	-0.6	0.048508
30	-0.5	0.039137
30	-0.4	0.030202
30	-0.3	0.024926
30	-0.2	0.019306
30	-0.1	0.017539
30	0	0.018619
30	0.1	0.020572
30	0.2	0.024347
30	0.3	0.027766
30	0.4	0.03347
30	0.5	0.038137
30	0.6	0.043211
30	0.7	0.046022
30	0.8	0.048221
30	0.9	0.047888
30	1	0.04716
30	1.1	0.045111
30	1.2	0.042136
30	1.3	0.038918
30	1.4	0.035895
30	1.5	0.035495
30	1.6	0.034632
30	1.7	0.034498
30	1.8	0.033465
30	1.9	0.03171
30	2	0.029271
30	2.1	0.027432
30	2.2	0.025618
30	2.3	0.024286
30	2.4	0.023688
30	2.5	0.023526
30	2.6	0.023382
30	2.7	0.021838
30	2.8	0.018385
30	2.9	0.015873
30	3	0.014505
30	3.1	0.012235
30	3.2	0.011665
30	3.3	0.011498
30	3.4	0.011229
30	3.5	0.010203
30	3.6	0.0088479
30	3.7	0.0084556
30	3.8	0.0085412
30	3.9	0.0095962
30	4	0.009675
40	-4	0.0067485
40	-3.9	0.0065763
40	-3.8	0.0061232
40	-3.7	0.007007
40	-3.6	0.0075552
40	-3.5	0.010454
40	-3.4	0.013019
40	-3.3	0.014814
40	-3.2	0.016324
40	-3.1	0.016186
40	-3	0.016441
40	-2.9	0.01879
40	-2.8	0.022639
40	-2.7	0.027834
40	-2.6	0.032808
40	-2.5	0.035785
40	-2.4	0.036167
40	-2.3	0.035444
40	-2.2	0.033147
40	-2.1	0.031326
40	-2	0.02992
40	-1.9	0.029824
40	-1.8	0.029855
40	-1.7	0.029574
40	-1.6	0.028745
40	-1.5	0.027933
40	-1.4	0.02873
40	-1.3	0.033198
40	-1.2	0.040244
40	-1.1	0.047264
40	-1	0.055
40	-0.9	0.058297
40	-0.8	0.059313
40	-0.7	0.056116
40	-0.6	0.052622
40	-0.5	0.043207
40	-0.4	0.03554
40	-0.3	0.025299
40	-0.2	0.019162
40	-0.1	0.015246
40	0	0.01478
40	0.1	0.017098
40	0.2	0.021352
40	0.3	0.026617
40	0.4	0.032887
40	0.5	0.038705
40	0.6	0.043122
40	0.7	0.046085
40	0.8	0.04811
40	0.9	0.050145
40	1	0.050233
40	1.1	0.049128
40	1.2	0.04721
40	1.3	0.043635
40	1.4	0.04134
40	1.5	0.037631
40	1.6	0.03571
40	1.7	0.033513
40	1.8	0.032415
40	1.9	0.031336
40	2	0.029384
40	2.1	0.027073
40	2.2	0.025057
40	2.3	0.022164
40	2.4	0.020531
40	2.5	0.018875
40	2.6	0.017433
40	2.7	0.015446
40	2.8	0.014671
40	2.9	0.013874
40	3	0.012051
40	3.1	0.011199
40	3.2	0.0096264
40	3.3	0.0085789
40	3.4	0.0078242
40	3.5	0.0069491
40	3.6	0.0060702
40	3.7	0.0061522
40	3.8	0.0064547
40	3.9	0.0064897
40	4	0.0060516
50	-4	0.0066932
50	-3.9	0.0065541
50	-3.8	0.0058671
50	-3.7	0.0064897
50	-3.6	0.0085714
50	-3.5	0.011873
50	-3.4	0.01376
50	-3.3	0.016305
50	-3.2	0.017164
50	-3.1	0.01718
50	-3	0.017274
50	-2.9	0.019473
50	-2.8	0.024947
50	-2.7	0.028576
50	-2.6	0.032917
50	-2.5	0.035747
50	-2.4	0.036183
50	-2.3	0.034064
50	-2.2	0.031371
50	-2.1	0.030182
50	-2	0.029466
50	-1.9	0.030015
50	-1.8	0.030775
50	-1.7	0.029697
50	-1.6	0.026995
50	-1.5	0.024657
50	-1.4	0.025757
50	-1.3	0.030769
50	-1.2	0.03692
50	-1.1	0.049792
50	-1	0.053757
50	-0.9	0.058925
50	-0.8	0.058977
50	-0.7	0.056221
50	-0.6	0.049927
50	-0.5	0.04462
50	-0.4	0.035437
50	-0.3	0.02659
50	-0.2	0.018602
50	-0.1	0.015525
50	0	0.016144
50	0.1	0.019907
50	0.2	0.0226
50	0.3	0.030093
50	0.4	0.035306
50	0.5	0.038799
50	0.6	0.041796
50	0.7	0.04499
50	0.8	0.045707
50	0.9	0.045132
50	1	0.043703
50	1.1	0.042744
50	1.2	0.040957
50	1.3	0.039815
50	1.4	0.037431
50	1.5	0.035162
50	1.6	0.033799
50	1.7	0.032399
50	1.8	0.030231
50	1.9	0.028647
50	2	0.027625
50	2.1	0.027227
50	2.2	0.026843
50	2.3	0.025279
50	2.4	0.023447
50	2.5	0.022021
50	2.6	0.019654
50	2.7	0.017324
50	2.8	0.014401
50	2.9	0.013385
50	3	0.012457
50	3.1	0.012172
50	3.2	0.011905
50	3.3	0.011665
50	3.4	0.011039
50	3.5	0.010116
50	3.6	0.0094125
50	3.7	0.0084019
50	3.8	0.0085089
50	3.9	0.0086633
50	4	0.0084077
60	-4	0.0057136
60	-3.9	0.005631
60	-3.8	0.0051608
60	-3.7	0.0053845
60	-3.6	0.0062357
60	-3.5	0.0072674
60	-3.4	0.0096533
60	-3.3	0.012184
60	-3.2	0.014129
60	-3.1	0.015894
60	-3	0.017403
60	-2.9	0.019846
60	-2.8	0.023561
60	-2.7	0.027109
60	-2.6	0.031185
60	-2.5	0.033687
60	-2.4	0.034787
60	-2.3	0.034967
60	-2.2	0.034399
60	-2.1	0.034127
60	-2	0.033164
60	-1.9	0.032882
60	-1.8	0.031871
60	-1.7	0.029987
60	-1.6	0.02709
60	-1.5	0.025938
60	-1.4	0.026699
60	-1.3	0.031105
60	-1.2	0.040149
60	-1.1	0.04348
60	-1	0.053014
60	-0.9	0.057097
60	-0.8	0.057555
60	-0.7	0.054586
60	-0.6	0.048737
60	-0.5	0.040707
60	-0.4	0.034663
60	-0.3	0.028412
60	-0.2	0.020802
60	-0.1	0.01633
60	0	0.015004
60	0.1	0.016364
60	0.2	0.020446
60	0.3	0.026678
60	0.4	0.032757
60	0.5	0.036862
60	0.6	0.041253
60	0.7	0.046324
60	0.8	0.048115
60	0.9	0.048792
60	1	0.048528
60	1.1	0.046153
60	1.2	0.043403
60	1.3	0.042052
60	1.4	0.038763
60	1.5	0.035975
60	1.6	0.034547
60	1.7	0.034108
60	1.8	0.033364
60	1.9	0.03257
60	2	0.031717
60	2.1	0.028596
60	2.2	0.027043
60	2.3	0.024418
60	2.4	0.022472
60	2.5	0.020475
60	2.6	0.019201
60	2.7	0.018596
60	2.8	0.015927
60	2.9	0.014387
60	3	0.013162
60	3.1	0.011026
60	3.2	0.010137
60	3.3	0.0091778
60	3.4	0.0089478
60	3.5	0.0091866
60	3.6	0.0085184
60	3.7	0.0084365
60	3.8	0.0078325
60	3.9	0.0078798
60	4	0.0067772
70	-4	0.0051325
70	-3.9	0.0056022
70	-3.8	0.0059979
70	-3.7	0.0058616
70	-3.6	0.006669
70	-3.5	0.0084652
70	-3.4	0.010165
70	-3.3	0.011286
70	-3.2	0.013374
70	-3.1	0.015392
70	-3	0.017139
70	-2.9	0.01967
70	-2.8	0.021584
70	-2.7	0.02449
70	-2.6	0.026511
70	-2.5	0.029423
70	-2.4	0.031088
70	-2.3	0.03216
70	-2.2	0.032023
70	-2.1	0.032072
70	-2	0.031568
70	-1.9	0.031826
70	-1.8	0.031611
70	-1.7	0.030267
70	-1.6	0.02743
70	-1.5	0.025571
70	-1.4	0.026025
70	-1.3	0.029096
70	-1.2	0.037409
70	-1.1	0.045831
70	-1	0.052063
70	-0.9	0.057216
70	-0.8	0.057645
70	-0.7	0.054883
70	-0.6	0.048524
70	-0.5	0.043577
70	-0.4	0.034592
70	-0.3	0.024594
70	-0.2	0.019381
70	-0.1	0.016099
70	0	0.013827
70	0.1	0.01392
70	0.2	0.017131
70	0.3	0.022718
70	0.4	0.028034
70	0.5	0.035466
70	0.6	0.043701
70	0.7	0.047808
70	0.8	0.049337
70	0.9	0.049196
70	1	0.047816
70	1.1	0.044502
70	1.2	0.042237
70	1.3	0.03939
70	1.4	0.037571
70	1.5	0.035702
70	1.6	0.034241
70	1.7	0.031987
70	1.8	0.031347
70	1.9	0.030983
70	2	0.029685
70	2.1	0.028437
70	2.2	0.027097
70	2.3	0.025417
70	2.4	0.022705
70	2.5	0.019947
70	2.6	0.018079
70	2.7	0.016267
70	2.8	0.015218
70	2.9	0.012686
70	3	0.011687
70	3.1	0.0097681
70	3.2	0.0082623
70	3.3	0.007144
70	3.4	0.0064722
70	3.5	0.0069118
70	3.6	0.0078304
70	3.7	0.0083149
70	3.8	0.0074908
70	3.9	0.0065467
70	4	0.0060596
80	-4	0.0061047
80	-3.9	0.0069723
80	-3.8	0.0070231
80	-3.7	0.0063411
80	-3.6	0.0056281
80	-3.5	0.0056966
80	-3.4	0.0079716
80	-3.3	0.011056
80	-3.2	0.013675
80	-3.1	0.015577
80	-3	0.016494
80	-2.9	0.018753
80	-2.8	0.020787
80	-2.7	0.024045
80	-2.6	0.027346
80	-2.5	0.031413
80	-2.4	0.033565
80	-2.3	0.034417
80	-2.2	0.034457
80	-2.1	0.033548
80	-2	0.032916
80	-1.9	0.03304
80	-1.8	0.032547
80	-1.7	0.031922
80	-1.6	0.030342
80	-1.5	0.027051
80	-1.4	0.025723
80	-1.3	0.027104
80	-1.2	0.034233
80	-1.1	0.04343
80	-1	0.050769
80	-0.9	0.056357
80	-0.8	0.057531
80	-0.7	0.05737
80	-0.6	0.051342
80	-0.5	0.045478
80	-0.4	0.036166
80	-0.3	0.030233
80	-0.2	0.022609
80	-0.1	0.016474
80	0	0.01432
80	0.1	0.014023
80	0.2	0.016052
80	0.3	0.022346
80	0.4	0.026793
80	0.5	0.033244
80	0.6	0.040061
80	0.7	0.044695
80	0.8	0.048062
80	0.9	0.049095
80	1	0.048826
80	1.1	0.045955
80	1.2	0.043086
80	1.3	0.041131
80	1.4	0.040108
80	1.5	0.038242
80	1.6	0.036364
80	1.7	0.034363
80	1.8	0.0331
80	1.9	0.031883
80	2	0.029695
80	2.1	0.027887
80	2.2	0.026168
80	2.3	0.024841
80	2.4	0.022303
80	2.5	0.020597
80	2.6	0.020155
80	2.7	0.017951
80	2.8	0.017311
80	2.9	0.014
80	3	0.011633
80	3.1	0.0095354
80	3.2	0.008006
80	3.3	0.0075552
80	3.4	0.0074475
80	3.5	0.0071914
80	3.6	0.0073316
80	3.7	0.0066374
80	3.8	0.0060275
80	3.9	0.00505
80	4	0.0057615
90	-4	0.0054294
90	-3.9	0.0065541
90	-3.8	0.0065368
90	-3.7	0.0064045
90	-3.6	0.0063385
90	-3.5	0.0082014
90	-3.4	0.0095911
90	-3.3	0.012425
90	-3.2	0.014378
90	-3.1	0.015045
90	-3	0.015738
90	-2.9	0.017331
90	-2.8	0.02068
90	-2.7	0.023684
90	-2.6	0.028325
90	-2.5	0.03109
90	-2.4	0.033232
90	-2.3	0.033166
90	-2.2	0.032192
90	-2.1	0.030164
90	-2	0.028857
90	-1.9	0.02894
90	-1.8	0.029489
90	-1.7	0.029218
90	-1.6	0.02738
90	-1.5	0.02512
90	-1.4	0.022591
90	-1.3	0.023931
90	-1.2	0.029927
90	-1.1	0.040739
90	-1	0.048523
90	-0.9	0.052632
90	-0.8	0.055977
90	-0.7	0.055433
90	-0.6	0.052578
90	-0.5	0.043967
90	-0.4	0.03787
90	-0.3	0.029205
90	-0.2	0.022486
90	-0.1	0.018315
90	0	0.014652
90	0.1	0.014316
90	0.2	0.015937
90	0.3	0.02122
90	0.4	0.026382
90	0.5	0.032865
90	0.6	0.038325
90	0.7	0.042328
90	0.8	0.045332
90	0.9	0.046636
90	1	0.045403
90	1.1	0.04353
90	1.2	0.041637
90	1.3	0.039348
90	1.4	0.038064
90	1.5	0.036088
90	1.6	0.034963
90	1.7	0.034282
90	1.8	0.033785
90	1.9	0.033044
90	2	0.031868
90	2.1	0.029988
90	2.2	0.028941
90	2.3	0.026433
90	2.4	0.023717
90	2.5	0.020997
90	2.6	0.019916
90	2.7	0.017171
90	2.8	0.01505
90	2.9	0.012859
90	3	0.010623
90	3.1	0.0093885
90	3.2	0.0082368
90	3.3	0.0082171
90	3.4	0.0084632
90	3.5	0.0088807
90	3.6	0.008917
90	3.7	0.0078819
90	3.8	0.0072674
90	3.9	0.0067915
90	4	0.007294
100	-4	0.0062201
100	-3.9	0.0068813
100	-3.8	0.0066908
100	-3.7	0.0065517
100	-3.6	0.00526
100	-3.5	0.0065046
100	-3.4	0.009302
100	-3.3	0.011048
100	-3.2	0.012273
100	-3.1	0.012784
100	-3	0.01237
100	-2.9	0.013706
100	-2.8	0.016867
100	-2.7	0.02303
100	-2.6	0.02776
100	-2.5	0.03207
100	-2.4	0.034902
100	-2.3	0.036035
100	-2.2	0.034971
100	-2.1	0.03337
100	-2	0.031615
100	-1.9	0.03119
100	-1.8	0.03129
100	-1.7	0.031025
100	-1.6	0.02917
100	-1.5	0.026138
100	-1.4	0.02408
100	-1.3	0.024988
100	-1.2	0.029884
100	-1.1	0.039685
100	-1	0.045577
100	-0.9	0.050744
100	-0.8	0.053891
100	-0.7	0.054508
100	-0.6	0.05307
100	-0.5	0.04798
100	-0.4	0.040714
100	-0.3	0.033264
100	-0.2	0.028322
100	-0.1	0.021551
100	0	0.01751
100	0.1	0.015798
100	0.2	0.016987
100	0.3	0.022154
100	0.4	0.025942
100	0.5	0.030987
100	0.6	0.038832
100	0.7	0.04201
100	0.8	0.045642
100	0.9	0.046325
100	1	0.046777
100	1.1	0.045171
100	1.2	0.043081
100	1.3	0.04126
100	1.4	0.039588
100	1.5	0.037179
100	1.6	0.035129
100	1.7	0.033873
100	1.8	0.033621
100	1.9	0.033515
100	2	0.033083
100	2.1	0.032221
100	2.2	0.031149
100	2.3	0.029056
100	2.4	0.026129
100	2.5	0.022019
100	2.6	0.018357
100	2.7	0.017314
100	2.8	0.014211
100	2.9	0.01374
100	3	0.013209
100	3.1	0.012997
100	3.2	0.011896
100	3.3	0.0099841
100	3.4	0.0084747
100	3.5	0.0072339
100	3.6	0.0069839
100	3.7	0.0074171
100	3.8	0.007851
100	3.9	0.0076509
100	4	0.0075016
110	-4	0.0070208
110	-3.9	0.0073228
110	-3.8	0.0068129
110	-3.7	0.0058257
110	-3.6	0.00494
110	-3.5	0.0077098
110	-3.4	0.010365
110	-3.3	0.012054
110	-3.2	0.013238
110	-3.1	0.012818
110	-3	0.011592
110	-2.9	0.010769
110	-2.8	0.013811
110	-2.7	0.020881
110	-2.6	0.025238
110	-2.5	0.029927
110	-2.4	0.034089
110	-2.3	0.034472
110	-2.2	0.032068
110	-2.1	0.029688
110	-2	0.027379
110	-1.9	0.027769
110	-1.8	0.029962
110	-1.7	0.032467
110	-1.6	0.032264
110	-1.5	0.026847
110	-1.4	0.024567
110	-1.3	0.021767
110	-1.2	0.027632
110	-1.1	0.036483
110	-1	0.047052
110	-0.9	0.053103
110	-0.8	0.057544
110	-0.7	0.056485
110	-0.6	0.054298
110	-0.5	0.045654
110	-0.4	0.037488
110	-0.3	0.027686
110	-0.2	0.023393
110	-0.1	0.018045
110	0	0.015466
110	0.1	0.014565
110	0.2	0.016326
110	0.3	0.022975
110	0.4	0.027353
110	0.5	0.034874
110	0.6	0.042679
110	0.7	0.045021
110	0.8	0.047056
110	0.9	0.046457
110	1	0.04425
110	1.1	0.041508
110	1.2	0.039674
110	1.3	0.037643
110	1.4	0.037451
110	1.5	0.035687
110	1.6	0.033735
110	1.7	0.032556
110	1.8	0.030628
110	1.9	0.029651
110	2	0.028235
110	2.1	0.028206
110	2.2	0.028111
110	2.3	0.027313
110	2.4	0.024987
110	2.5	0.022135
110	2.6	0.02087
110	2.7	0.01771
110	2.8	0.015529
110	2.9	0.014809
110	3	0.013232
110	3.1	0.012834
110	3.2	0.010881
110	3.3	0.0097698
110	3.4	0.0086128
110	3.5	0.0089838
110	3.6	0.0098077
110	3.7	0.0093453
110	3.8	0.0090982
110	3.9	0.0083614
110	4	0.0084154
120	-4	0.0067581
120	-3.9	0.0069001
120	-3.8	0.0073777
120	-3.7	0.0076993
120	-3.6	0.0060542
120	-3.5	0.005979
120	-3.4	0.0062149
120	-3.3	0.0080983
120	-3.2	0.0097449
120	-3.1	0.011298
120	-3	0.013013
120	-2.9	0.014772
120	-2.8	0.017149
120	-2.7	0.020937
120	-2.6	0.024435
120	-2.5	0.027811
120	-2.4	0.030189
120	-2.3	0.031414
120	-2.2	0.032148
120	-2.1	0.032496
120	-2	0.032431
120	-1.9	0.032994
120	-1.8	0.032907
120	-1.7	0.0319
120	-1.6	0.029419
120	-1.5	0.027459
120	-1.4	0.024082
120	-1.3	0.02556
120	-1.2	0.028502
120	-1.1	0.0355
120	-1	0.044027
120	-0.9	0.049315
120	-0.8	0.054016
120	-0.7	0.053937
120	-0.6	0.051153
120	-0.5	0.046908
120	-0.4	0.039081
120	-0.3	0.033148
120	-0.2	0.027707
120	-0.1	0.022422
120	0	0.019395
120	0.1	0.017849
120	0.2	0.017634
120	0.3	0.019951
120	0.4	0.023697
120	0.5	0.030864
120	0.6	0.037223
120	0.7	0.041864
120	0.8	0.046097
120	0.9	0.048054
120	1	0.047237
120	1.1	0.044701
120	1.2	0.04313
120	1.3	0.041449
120	1.4	0.040057
120	1.5	0.037329
120	1.6	0.035357
120	1.7	0.034987
120	1.8	0.034939
120	1.9	0.033765
120	2	0.032927
120	2.1	0.032152
120	2.2	0.031064
120	2.3	0.029002
120	2.4	0.025155
120	2.5	0.022775
120	2.6	0.020077
120	2.7	0.018093
120	2.8	0.016025
120	2.9	0.014288
120	3	0.012559
120	3.1	0.011155
120	3.2	0.0084346
120	3.3	0.0074994
120	3.4	0.0074757
120	3.5	0.007568
120	3.6	0.0086165
120	3.7	0.0079166
120	3.8	0.0070484
120	3.9	0.0060275
120	4	0.0053695
130	-4	0.0078428
130	-3.9	0.0090947
130	-3.8	0.0093471
130	-3.7	0.0086353
130	-3.6	0.0065714
130	-3.5	0.0059138
130	-3.4	0.0071734
130	-3.3	0.0087561
130	-3.2	0.011808
130	-3.1	0.013484
130	-3	0.013958
130	-2.9	0.014652
130	-2.8	0.015556
130	-2.7	0.017808
130	-2.6	0.020397
130	-2.5	0.024292
130	-2.4	0.027967
130	-2.3	0.030444
130	-2.2	0.031013
130	-2.1	0.03051
130	-2	0.029598
130	-1.9	0.028893
130	-1.8	0.028483
130	-1.7	0.02846
130	-1.6	0.027787
130	-1.5	0.024797
130	-1.4	0.022809
130	-1.3	0.023111
130	-1.2	0.026863
130	-1.1	0.034304
130	-1	0.043608
130	-0.9	0.051283
130	-0.8	0.054386
130	-0.7	0.055399
130	-0.6	0.053494
130	-0.5	0.04778
130	-0.4	0.04021
130	-0.3	0.034701
130	-0.2	0.026123
130	-0.1	0.020621
130	0	0.016641
130	0.1	0.014677
130	0.2	0.014912
130	0.3	0.01707
130	0.4	0.023357
130	0.5	0.029877
130	0.6	0.039678
130	0.7	0.043219
130	0.8	0.047011
130	0.9	0.04828
130	1	0.047645
130	1.1	0.045249
130	1.2	0.042826
130	1.3	0.040003
130	1.4	0.038735
130	1.5	0.036687
130	1.6	0.035001
130	1.7	0.034625
130	1.8	0.034016
130	1.9	0.033096
130	2	0.03163
130	2.1	0.030808
130	2.2	0.030253
130	2.3	0.027183
130	2.4	0.02488
130	2.5	0.022652
130	2.6	0.020857
130	2.7	0.017164
130	2.8	0.015282
130	2.9	0.013601
130	3	0.01216
130	3.1	0.010851
130	3.2	0.0095658
130	3.3	0.0085582
130	3.4	0.0081738
130	3.5	0.008227
130	3.6	0.0087061
130	3.7	0.0087524
130	3.8	0.007404
130	3.9	0.0068907
130	4	0.0072984
140	-4	0.0069398
140	-3.9	0.0076551
140	-3.8	0.0079044
140	-3.7	0.0075424
140	-3.6	0.007274
140	-3.5	0.0061338
140	-3.4	0.0060968
140	-3.3	0.0066008
140	-3.2	0.008223
140	-3.1	0.0096348
140	-3	0.010786
140	-2.9	0.013165
140	-2.8	0.015653
140	-2.7	0.019745
140	-2.6	0.022325
140	-2.5	0.025081
140	-2.4	0.029155
140	-2.3	0.030126
140	-2.2	0.030684
140	-2.1	0.030263
140	-2	0.030353
140	-1.9	0.030842
140	-1.8	0.031285
140	-1.7	0.031209
140	-1.6	0.029445
140	-1.5	0.025581
140	-1.4	0.022569
140	-1.3	0.022186
140	-1.2	0.026716
140	-1.1	0.033668
140	-1	0.039994
140	-0.9	0.051529
140	-0.8	0.054968
140	-0.7	0.056521
140	-0.6	0.055475
140	-0.5	0.049345
140	-0.4	0.040559
140	-0.3	0.034629
140	-0.2	0.027603
140	-0.1	0.022191
140	0	0.018558
140	0.1	0.017366
140	0.2	0.017738
140	0.3	0.019708
140	0.4	0.025453
140	0.5	0.032249
140	0.6	0.037192
140	0.7	0.041795
140	0.8	0.045267
140	0.9	0.04632
140	1	0.045083
140	1.1	0.043232
140	1.2	0.040267
140	1.3	0.038925
140	1.4	0.037487
140	1.5	0.036036
140	1.6	0.035353
140	1.7	0.035469
140	1.8	0.035265
140	1.9	0.034058
140	2	0.031762
140	2.1	0.031322
140	2.2	0.03029
140	2.3	0.028047
140	2.4	0.026706
140	2.5	0.024236
140	2.6	0.022134
140	2.7	0.019511
140	2.8	0.0176
140	2.9	0.015134
140	3	0.01403
140	3.1	0.012225
140	3.2	0.011424
140	3.3	0.010814
140	3.4	0.0098767
140	3.5	0.0098061
140	3.6	0.009
140	3.7	0.0088971
140	3.8	0.0078284
140	3.9	0.0075317
140	4	0.008225
150	-4	0.0063741
150	-3.9	0.0082073
150	-3.8	0.0083227
150	-3.7	0.0073909
150	-3.6	0.0067149
150	-3.5	0.0057811
150	-3.4	0.0067962
150	-3.3	0.0080763
150	-3.2	0.010246
150	-3.1	0.0099403
150	-3	0.0096767
150	-2.9	0.0091266
150	-2.8	0.011788
150	-2.7	0.015405
150	-2.6	0.020269
150	-2.5	0.02533
150	-2.4	0.028504
150	-2.3	0.03048
150	-2.2	0.029499
150	-2.1	0.027338
150	-2	0.026615
150	-1.9	0.026365
150	-1.8	0.026809
150	-1.7	0.028708
150	-1.6	0.028469
150	-1.5	0.025416
150	-1.4	0.022267
150	-1.3	0.020766
150	-1.2	0.025565
150	-1.1	0.030543
150	-1	0.043584
150	-0.9	0.051278
150	-0.8	0.056478
150	-0.7	0.057983
150	-0.6	0.055634
150	-0.5	0.05163
150	-0.4	0.041431
150	-0.3	0.034155
150	-0.2	0.028938
150	-0.1	0.02296
150	0	0.018795
150	0.1	0.01638
150	0.2	0.016964
150	0.3	0.0239
150	0.4	0.026288
150	0.5	0.035632
150	0.6	0.041372
150	0.7	0.0467
150	0.8	0.048395
150	0.9	0.047336
150	1	0.045043
150	1.1	0.042173
150	1.2	0.040058
150	1.3	0.038589
150	1.4	0.037108
150	1.5	0.036004
150	1.6	0.034632
150	1.7	0.033643
150	1.8	0.032909
150	1.9	0.031706
150	2	0.031107
150	2.1	0.030747
150	2.2	0.029985
150	2.3	0.027835
150	2.4	0.024406
150	2.5	0.021824
150	2.6	0.019404
150	2.7	0.018026
150	2.8	0.017154
150	2.9	0.015898
150	3	0.015255
150	3.1	0.013447
150	3.2	0.012004
150	3.3	0.0098685
150	3.4	0.0087947
150	3.5	0.0092759
150	3.6	0.011279
150	3.7	0.011756
150	3.8	0.010987
150	3.9	0.010347
150	4	0.0095252
160	-4	0.0069281
160	-3.9	0.0063053
160	-3.8	0.0066301
160	-3.7	0.0067629
160	-3.6	0.0064772
160	-3.5	0.0059001
160	-3.4	0.004917
160	-3.3	0.0051858
160	-3.2	0.0068883
160	-3.1	0.0073646
160	-3	0.0076593
160	-2.9	0.0080923
160	-2.8	0.0098291
160	-2.7	0.014499
160	-2.6	0.018463
160	-2.5	0.023273
160	-2.4	0.026743
160	-2.3	0.028631
160	-2.2	0.029456
160	-2.1	0.028045
160	-2	0.027091
160	-1.9	0.026638
160	-1.8	0.027235
160	-1.7	0.028182
160	-1.6	0.027843
160	-1.5	0.025268
160	-1.4	0.022527
160	-1.3	0.022176
160	-1.2	0.026528
160	-1.1	0.035916
160	-1	0.043529
160	-0.9	0.050656
160	-0.8	0.056231
160	-0.7	0.056703
160	-0.6	0.054807
160	-0.5	0.045754
160	-0.4	0.040004
160	-0.3	0.035342
160	-0.2	0.02689
160	-0.1	0.020526
160	0	0.018339
160	0.1	0.016975
160	0.2	0.017049
160	0.3	0.020956
160	0.4	0.023912
160	0.5	0.032455
160	0.6	0.0388
160	0.7	0.043078
160	0.8	0.04654
160	0.9	0.046767
160	1	0.045593
160	1.1	0.043907
160	1.2	0.042071
160	1.3	0.041022
160	1.4	0.038297
160	1.5	0.03623
160	1.6	0.034315
160	1.7	0.032655
160	1.8	0.03206
160	1.9	0.032223
160	2	0.032296
160	2.1	0.033385
160	2.2	0.032857
160	2.3	0.029473
160	2.4	0.025918
160	2.5	0.021738
160	2.6	0.018884
160	2.7	0.017118
160	2.8	0.015227
160	2.9	0.01425
160	3	0.013608
160	3.1	0.01259
160	3.2	0.01056
160	3.3	0.0086819
160	3.4	0.0080301
160	3.5	0.0079837
160	3.6	0.0085978
160	3.7	0.0078962
160	3.8	0.0070277
160	3.9	0.007225
160	4	0.0064872
170	-4	0.0076846
170	-3.9	0.0089784
170	-3.8	0.0098685
170	-3.7	0.010013
170	-3.6	0.0088679
170	-3.5	0.0065393
170	-3.4	0.0059192
170	-3.3	0.0066763
170	-3.2	0.0074908
170	-3.1	0.0085563
170	-3	0.0082073
170	-2.9	0.0079431
170	-2.8	0.0096967
170	-2.7	0.01269
170	-2.6	0.020033
170	-2.5	0.02406
170	-2.4	0.029505
170	-2.3	0.031036
170	-2.2	0.030705
170	-2.1	0.02928
170	-2	0.027371
170	-1.9	0.027703
170	-1.8	0.02888
170	-1.7	0.02994
170	-1.6	0.029984
170	-1.5	0.026293
170	-1.4	0.021949
170	-1.3	0.021528
170	-1.2	0.027489
170	-1.1	0.035967
170	-1	0.046038
170	-0.9	0.052125
170	-0.8	0.056406
170	-0.7	0.056519
170	-0.6	0.053887
170	-0.5	0.046977
170	-0.4	0.039368
170	-0.3	0.031646
170	-0.2	0.02574
170	-0.1	0.020864
170	0	0.017361
170	0.1	0.016703
170	0.2	0.017653
170	0.3	0.024165
170	0.4	0.02876
170	0.5	0.035721
170	0.6	0.04105
170	0.7	0.044824
170	0.8	0.047856
170	0.9	0.048818
170	1	0.047129
170	1.1	0.044362
170	1.2	0.04198
170	1.3	0.039898
170	1.4	0.036165
170	1.5	0.034085
170	1.6	0.033487
170	1.7	0.03297
170	1.8	0.031962
170	1.9	0.030506
170	2	0.029505
170	2.1	0.029253
170	2.2	0.028935
170	2.3	0.026619
170	2.4	0.025151
170	2.5	0.024301
170	2.6	0.021458
170	2.7	0.01933
170	2.8	0.016596
170	2.9	0.014112
170	3	0.012607
170	3.1	0.012127
170	3.2	0.011902
170	3.3	0.011216
170	3.4	0.011176
170	3.5	0.01103
170	3.6	0.0092637
170	3.7	0.0082034
170	3.8	0.0077245
170	3.9	0.008148
170	4	0.0082681
180	-4	0.0068883
180	-3.9	0.0080019
180	-3.8	0.0089243
180	-3.7	0.010062
180	-3.6	0.0092532
180	-3.5	0.007886
180	-3.4	0.0062616
180	-3.3	0.0059736
180	-3.2	0.0066739
180	-3.1	0.0077932
180	-3	0.0085431
180	-2.9	0.0095675
180	-2.8	0.010899
180	-2.7	0.013327
180	-2.6	0.017605
180	-2.5	0.022905
180	-2.4	0.025092
180	-2.3	0.026244
180	-2.2	0.027224
180	-2.1	0.027188
180	-2	0.026692
180	-1.9	0.027068
180	-1.8	0.027739
180	-1.7	0.027256
180	-1.6	0.026447
180	-1.5	0.022138
180	-1.4	0.020128
180	-1.3	0.022497
180	-1.2	0.027661
180	-1.1	0.035524
180	-1	0.042987
180	-0.9	0.05101
180	-0.8	0.054641
180	-0.7	0.054606
180	-0.6	0.050918
180	-0.5	0.044844
180	-0.4	0.038514
180	-0.3	0.029331
180	-0.2	0.024266
180	-0.1	0.01957
180	0	0.016164
180	0.1	0.015258
180	0.2	0.016102
180	0.3	0.020142
180	0.4	0.02611
180	0.5	0.031429
180	0.6	0.036062
180	0.7	0.042001
180	0.8	0.044623
180	0.9	0.045258
180	1	0.044229
180	1.1	0.041784
180	1.2	0.039825
180	1.3	0.037549
180	1.4	0.033622
180	1.5	0.031903
180	1.6	0.031293
180	1.7	0.031656
180	1.8	0.031634
180	1.9	0.030636
180	2	0.030033
180	2.1	0.029032
180	2.2	0.027231
180	2.3	0.024978
180	2.4	0.022669
180	2.5	0.021647
180	2.6	0.020316
180	2.7	0.018552
180	2.8	0.016472
180	2.9	0.01417
180	3	0.011982
180	3.1	0.011132
180	3.2	0.010503
180	3.3	0.010205
180	3.4	0.010284
180	3.5	0.010162
180	3.6	0.0092427
180	3.7	0.0081381
180	3.8	0.0072918
180	3.9	0.0072718
180	4	0.0086502
 
Uniformity Ratio =0.72069
