12-Dec-2017
10:23
TXR  007942 RM428 R24
33511B Function Generator
SN =Agilent Technologies,33511B,MY52301476,3.05-1.19-2.00-52-00
freq =+9.240000000000000E+06
burstmode =TRIG
burstN =+6.000000000000000E+01
voltage =+1.5000000000000E-01
 
DSO-X 2022A Oscilloscope
SN =AGILENT TECHNOLOGIES,DSO-X 2022A,MY54310921,02.41.2015102200
probe =+1.0000000E+00
scale =+500.0E-09
position =+19.900000E-06
range =+1.60E+00
units =VOLT
points =+2000
pointmode =NORM
format =BYTE
acqtype =NORM
trigsource =EXT
coupling =AC
 
-180	-4	0.010926
-180	-3.9	0.012007
-180	-3.8	0.012103
-180	-3.7	0.010243
-180	-3.6	0.0072116
-180	-3.5	0.0067724
-180	-3.4	0.0088021
-180	-3.3	0.011658
-180	-3.2	0.013469
-180	-3.1	0.013652
-180	-3	0.01202
-180	-2.9	0.0096096
-180	-2.8	0.010098
-180	-2.7	0.015709
-180	-2.6	0.024634
-180	-2.5	0.029778
-180	-2.4	0.032674
-180	-2.3	0.035399
-180	-2.2	0.036064
-180	-2.1	0.037151
-180	-2	0.03997
-180	-1.9	0.043592
-180	-1.8	0.046918
-180	-1.7	0.04857
-180	-1.6	0.046783
-180	-1.5	0.041531
-180	-1.4	0.035679
-180	-1.3	0.031701
-180	-1.2	0.036136
-180	-1.1	0.041637
-180	-1	0.052417
-180	-0.9	0.059613
-180	-0.8	0.063441
-180	-0.7	0.062968
-180	-0.6	0.058779
-180	-0.5	0.049211
-180	-0.4	0.043773
-180	-0.3	0.033143
-180	-0.2	0.02483
-180	-0.1	0.021877
-180	0	0.019467
-180	0.1	0.019457
-180	0.2	0.021839
-180	0.3	0.026026
-180	0.4	0.03345
-180	0.5	0.041558
-180	0.6	0.046114
-180	0.7	0.049414
-180	0.8	0.051302
-180	0.9	0.051398
-180	1	0.048107
-180	1.1	0.044876
-180	1.2	0.042486
-180	1.3	0.039699
-180	1.4	0.037535
-180	1.5	0.034078
-180	1.6	0.032482
-180	1.7	0.0304
-180	1.8	0.029639
-180	1.9	0.028506
-180	2	0.027902
-180	2.1	0.027304
-180	2.2	0.027022
-180	2.3	0.026109
-180	2.4	0.02419
-180	2.5	0.021281
-180	2.6	0.018996
-180	2.7	0.015836
-180	2.8	0.013701
-180	2.9	0.01155
-180	3	0.0099012
-180	3.1	0.010004
-180	3.2	0.0099208
-180	3.3	0.0098406
-180	3.4	0.0090323
-180	3.5	0.0075445
-180	3.6	0.0069977
-180	3.7	0.0061706
-180	3.8	0.0059817
-180	3.9	0.0067485
-180	4	0.0072161
-170	-4	0.010045
-170	-3.9	0.012274
-170	-3.8	0.012312
-170	-3.7	0.011225
-170	-3.6	0.0087708
-170	-3.5	0.0070872
-170	-3.4	0.0077286
-170	-3.3	0.010589
-170	-3.2	0.012337
-170	-3.1	0.012211
-170	-3	0.010572
-170	-2.9	0.0092898
-170	-2.8	0.0099468
-170	-2.7	0.015819
-170	-2.6	0.020561
-170	-2.5	0.025889
-170	-2.4	0.029344
-170	-2.3	0.031123
-170	-2.2	0.032163
-170	-2.1	0.033832
-170	-2	0.03742
-170	-1.9	0.041717
-170	-1.8	0.043429
-170	-1.7	0.044031
-170	-1.6	0.040077
-170	-1.5	0.036611
-170	-1.4	0.028015
-170	-1.3	0.026911
-170	-1.2	0.03258
-170	-1.1	0.04336
-170	-1	0.052184
-170	-0.9	0.05755
-170	-0.8	0.061354
-170	-0.7	0.059453
-170	-0.6	0.056052
-170	-0.5	0.048599
-170	-0.4	0.038452
-170	-0.3	0.028472
-170	-0.2	0.021894
-170	-0.1	0.018447
-170	0	0.017865
-170	0.1	0.018658
-170	0.2	0.021606
-170	0.3	0.025964
-170	0.4	0.030381
-170	0.5	0.036829
-170	0.6	0.042617
-170	0.7	0.046683
-170	0.8	0.048463
-170	0.9	0.048818
-170	1	0.046678
-170	1.1	0.040981
-170	1.2	0.038522
-170	1.3	0.035213
-170	1.4	0.031128
-170	1.5	0.029219
-170	1.6	0.028596
-170	1.7	0.030007
-170	1.8	0.031246
-170	1.9	0.030579
-170	2	0.029446
-170	2.1	0.027975
-170	2.2	0.026972
-170	2.3	0.024258
-170	2.4	0.022584
-170	2.5	0.020965
-170	2.6	0.020137
-170	2.7	0.019444
-170	2.8	0.016536
-170	2.9	0.014556
-170	3	0.011856
-170	3.1	0.011189
-170	3.2	0.011306
-170	3.3	0.011424
-170	3.4	0.010818
-170	3.5	0.01068
-170	3.6	0.010431
-170	3.7	0.0094417
-170	3.8	0.0091761
-170	3.9	0.0089802
-170	4	0.0094365
-160	-4	0.010309
-160	-3.9	0.011495
-160	-3.8	0.011931
-160	-3.7	0.011213
-160	-3.6	0.0098701
-160	-3.5	0.0092024
-160	-3.4	0.00969
-160	-3.3	0.009816
-160	-3.2	0.010407
-160	-3.1	0.010565
-160	-3	0.0098832
-160	-2.9	0.010018
-160	-2.8	0.011489
-160	-2.7	0.016718
-160	-2.6	0.019761
-160	-2.5	0.0238
-160	-2.4	0.027648
-160	-2.3	0.030165
-160	-2.2	0.032467
-160	-2.1	0.036602
-160	-2	0.039564
-160	-1.9	0.043309
-160	-1.8	0.044897
-160	-1.7	0.042754
-160	-1.6	0.038701
-160	-1.5	0.031496
-160	-1.4	0.02687
-160	-1.3	0.027474
-160	-1.2	0.035551
-160	-1.1	0.04501
-160	-1	0.050248
-160	-0.9	0.057545
-160	-0.8	0.059339
-160	-0.7	0.057278
-160	-0.6	0.052843
-160	-0.5	0.044224
-160	-0.4	0.036739
-160	-0.3	0.028693
-160	-0.2	0.023258
-160	-0.1	0.020751
-160	0	0.01849
-160	0.1	0.018697
-160	0.2	0.020525
-160	0.3	0.02469
-160	0.4	0.028475
-160	0.5	0.035646
-160	0.6	0.041613
-160	0.7	0.043899
-160	0.8	0.046234
-160	0.9	0.047279
-160	1	0.045277
-160	1.1	0.041989
-160	1.2	0.038662
-160	1.3	0.035653
-160	1.4	0.032192
-160	1.5	0.029626
-160	1.6	0.028474
-160	1.7	0.029553
-160	1.8	0.030322
-160	1.9	0.029573
-160	2	0.028086
-160	2.1	0.026834
-160	2.2	0.025152
-160	2.3	0.02277
-160	2.4	0.020761
-160	2.5	0.019525
-160	2.6	0.018605
-160	2.7	0.017758
-160	2.8	0.015728
-160	2.9	0.013337
-160	3	0.010276
-160	3.1	0.0095911
-160	3.2	0.0088625
-160	3.3	0.0078036
-160	3.4	0.0078015
-160	3.5	0.0080563
-160	3.6	0.0086184
-160	3.7	0.0080783
-160	3.8	0.0070713
-160	3.9	0.0069584
-160	4	0.0086222
-150	-4	0.010734
-150	-3.9	0.011515
-150	-3.8	0.01145
-150	-3.7	0.010367
-150	-3.6	0.0094895
-150	-3.5	0.0087745
-150	-3.4	0.0087984
-150	-3.3	0.0086968
-150	-3.2	0.0082132
-150	-3.1	0.0079817
-150	-3	0.0080181
-150	-2.9	0.0092898
-150	-2.8	0.011506
-150	-2.7	0.01593
-150	-2.6	0.019683
-150	-2.5	0.02201
-150	-2.4	0.023996
-150	-2.3	0.024932
-150	-2.2	0.027968
-150	-2.1	0.032038
-150	-2	0.035867
-150	-1.9	0.039029
-150	-1.8	0.04071
-150	-1.7	0.039972
-150	-1.6	0.034178
-150	-1.5	0.028987
-150	-1.4	0.024505
-150	-1.3	0.025479
-150	-1.2	0.03392
-150	-1.1	0.043883
-150	-1	0.050577
-150	-0.9	0.05821
-150	-0.8	0.059186
-150	-0.7	0.056632
-150	-0.6	0.051993
-150	-0.5	0.042094
-150	-0.4	0.035182
-150	-0.3	0.025027
-150	-0.2	0.019824
-150	-0.1	0.016707
-150	0	0.015715
-150	0.1	0.016412
-150	0.2	0.019277
-150	0.3	0.024089
-150	0.4	0.031015
-150	0.5	0.03626
-150	0.6	0.041428
-150	0.7	0.043638
-150	0.8	0.044946
-150	0.9	0.044483
-150	1	0.04196
-150	1.1	0.03704
-150	1.2	0.034473
-150	1.3	0.033567
-150	1.4	0.031758
-150	1.5	0.029705
-150	1.6	0.028865
-150	1.7	0.028685
-150	1.8	0.027941
-150	1.9	0.026571
-150	2	0.025406
-150	2.1	0.025148
-150	2.2	0.024584
-150	2.3	0.023111
-150	2.4	0.020748
-150	2.5	0.018533
-150	2.6	0.01717
-150	2.7	0.01581
-150	2.8	0.014477
-150	2.9	0.012182
-150	3	0.010983
-150	3.1	0.010184
-150	3.2	0.0088771
-150	3.3	0.0088406
-150	3.4	0.0077703
-150	3.5	0.0090715
-150	3.6	0.010334
-150	3.7	0.010196
-150	3.8	0.009227
-150	3.9	0.0083556
-150	4	0.0084134
-140	-4	0.011787
-140	-3.9	0.012366
-140	-3.8	0.011698
-140	-3.7	0.010227
-140	-3.6	0.0081975
-140	-3.5	0.0078407
-140	-3.4	0.0098488
-140	-3.3	0.0111
-140	-3.2	0.011789
-140	-3.1	0.010688
-140	-3	0.0090484
-140	-2.9	0.007653
-140	-2.8	0.01119
-140	-2.7	0.015896
-140	-2.6	0.022777
-140	-2.5	0.026285
-140	-2.4	0.028099
-140	-2.3	0.029332
-140	-2.2	0.029496
-140	-2.1	0.031433
-140	-2	0.036385
-140	-1.9	0.039198
-140	-1.8	0.042256
-140	-1.7	0.041854
-140	-1.6	0.035902
-140	-1.5	0.029664
-140	-1.4	0.023099
-140	-1.3	0.024118
-140	-1.2	0.030328
-140	-1.1	0.040996
-140	-1	0.051846
-140	-0.9	0.057954
-140	-0.8	0.059804
-140	-0.7	0.058245
-140	-0.6	0.051638
-140	-0.5	0.041704
-140	-0.4	0.03345
-140	-0.3	0.028102
-140	-0.2	0.021366
-140	-0.1	0.018334
-140	0	0.017207
-140	0.1	0.017949
-140	0.2	0.020806
-140	0.3	0.025161
-140	0.4	0.030689
-140	0.5	0.03808
-140	0.6	0.041406
-140	0.7	0.044331
-140	0.8	0.045118
-140	0.9	0.04468
-140	1	0.041661
-140	1.1	0.039406
-140	1.2	0.034813
-140	1.3	0.031523
-140	1.4	0.028966
-140	1.5	0.026196
-140	1.6	0.025217
-140	1.7	0.026097
-140	1.8	0.027152
-140	1.9	0.027356
-140	2	0.026816
-140	2.1	0.026097
-140	2.2	0.023786
-140	2.3	0.02136
-140	2.4	0.019601
-140	2.5	0.0185
-140	2.6	0.018195
-140	2.7	0.017157
-140	2.8	0.01546
-140	2.9	0.013205
-140	3	0.011446
-140	3.1	0.0089676
-140	3.2	0.0081975
-140	3.3	0.007653
-140	3.4	0.0086071
-140	3.5	0.0094228
-140	3.6	0.0099614
-140	3.7	0.0084269
-140	3.8	0.0074366
-140	3.9	0.007007
-140	4	0.0079878
-130	-4	0.012425
-130	-3.9	0.011961
-130	-3.8	0.010911
-130	-3.7	0.0098011
-130	-3.6	0.0097366
-130	-3.5	0.01155
-130	-3.4	0.013189
-130	-3.3	0.013974
-130	-3.2	0.013712
-130	-3.1	0.011326
-130	-3	0.0083382
-130	-2.9	0.008946
-130	-2.8	0.011557
-130	-2.7	0.016251
-130	-2.6	0.023215
-130	-2.5	0.026965
-130	-2.4	0.02897
-130	-2.3	0.03046
-130	-2.2	0.03268
-130	-2.1	0.03583
-130	-2	0.039792
-130	-1.9	0.041934
-130	-1.8	0.042097
-130	-1.7	0.039916
-130	-1.6	0.033876
-130	-1.5	0.026832
-130	-1.4	0.023998
-130	-1.3	0.027611
-130	-1.2	0.032999
-130	-1.1	0.041732
-130	-1	0.048504
-130	-0.9	0.055092
-130	-0.8	0.056687
-130	-0.7	0.054886
-130	-0.6	0.049038
-130	-0.5	0.043955
-130	-0.4	0.035642
-130	-0.3	0.030193
-130	-0.2	0.024329
-130	-0.1	0.020342
-130	0	0.018709
-130	0.1	0.018383
-130	0.2	0.019323
-130	0.3	0.024165
-130	0.4	0.028695
-130	0.5	0.036621
-130	0.6	0.041149
-130	0.7	0.044412
-130	0.8	0.046446
-130	0.9	0.046056
-130	1	0.043565
-130	1.1	0.041561
-130	1.2	0.037584
-130	1.3	0.03368
-130	1.4	0.032269
-130	1.5	0.030715
-130	1.6	0.031513
-130	1.7	0.03254
-130	1.8	0.03218
-130	1.9	0.03106
-130	2	0.028306
-130	2.1	0.026197
-130	2.2	0.023137
-130	2.3	0.021534
-130	2.4	0.019897
-130	2.5	0.018322
-130	2.6	0.016182
-130	2.7	0.012901
-130	2.8	0.011174
-130	2.9	0.0096365
-130	3	0.0088971
-130	3.1	0.0094519
-130	3.2	0.010002
-130	3.3	0.009581
-130	3.4	0.0090018
-130	3.5	0.0080943
-130	3.6	0.0069258
-130	3.7	0.0063842
-130	3.8	0.0074083
-130	3.9	0.0072473
-130	4	0.0078201
-120	-4	0.013156
-120	-3.9	0.012248
-120	-3.8	0.010768
-120	-3.7	0.0089243
-120	-3.6	0.0085487
-120	-3.5	0.011142
-120	-3.4	0.012752
-120	-3.3	0.013414
-120	-3.2	0.012401
-120	-3.1	0.0082053
-120	-3	0.0065566
-120	-2.9	0.0090591
-120	-2.8	0.0157
-120	-2.7	0.01945
-120	-2.6	0.024477
-120	-2.5	0.027142
-120	-2.4	0.028782
-120	-2.3	0.030153
-120	-2.2	0.033202
-120	-2.1	0.036261
-120	-2	0.041251
-120	-1.9	0.043259
-120	-1.8	0.043218
-120	-1.7	0.039839
-120	-1.6	0.034491
-120	-1.5	0.024689
-120	-1.4	0.021986
-120	-1.3	0.024815
-120	-1.2	0.036988
-120	-1.1	0.044736
-120	-1	0.05236
-120	-0.9	0.058253
-120	-0.8	0.058929
-120	-0.7	0.056307
-120	-0.6	0.050128
-120	-0.5	0.042119
-120	-0.4	0.037361
-120	-0.3	0.02983
-120	-0.2	0.026238
-120	-0.1	0.022781
-120	0	0.021307
-120	0.1	0.021135
-120	0.2	0.023222
-120	0.3	0.026905
-120	0.4	0.032398
-120	0.5	0.036481
-120	0.6	0.041145
-120	0.7	0.042796
-120	0.8	0.043855
-120	0.9	0.042403
-120	1	0.040908
-120	1.1	0.038497
-120	1.2	0.037053
-120	1.3	0.034958
-120	1.4	0.033046
-120	1.5	0.031518
-120	1.6	0.030488
-120	1.7	0.030344
-120	1.8	0.029514
-120	1.9	0.028541
-120	2	0.028064
-120	2.1	0.027363
-120	2.2	0.025543
-120	2.3	0.023006
-120	2.4	0.020942
-120	2.5	0.018328
-120	2.6	0.016098
-120	2.7	0.014305
-120	2.8	0.012094
-120	2.9	0.011212
-120	3	0.010387
-120	3.1	0.010063
-120	3.2	0.01001
-120	3.3	0.0091584
-120	3.4	0.0088734
-120	3.5	0.0079776
-120	3.6	0.0072295
-120	3.7	0.007358
-120	3.8	0.0078449
-120	3.9	0.0085431
-120	4	0.0090269
-110	-4	0.013122
-110	-3.9	0.011976
-110	-3.8	0.011332
-110	-3.7	0.010799
-110	-3.6	0.011233
-110	-3.5	0.011719
-110	-3.4	0.012686
-110	-3.3	0.011893
-110	-3.2	0.010765
-110	-3.1	0.0084422
-110	-3	0.0087339
-110	-2.9	0.011361
-110	-2.8	0.015607
-110	-2.7	0.019899
-110	-2.6	0.024204
-110	-2.5	0.02664
-110	-2.4	0.028192
-110	-2.3	0.030721
-110	-2.2	0.034481
-110	-2.1	0.038933
-110	-2	0.041468
-110	-1.9	0.04348
-110	-1.8	0.042752
-110	-1.7	0.037753
-110	-1.6	0.030929
-110	-1.5	0.025179
-110	-1.4	0.022164
-110	-1.3	0.027652
-110	-1.2	0.038317
-110	-1.1	0.044695
-110	-1	0.054419
-110	-0.9	0.057923
-110	-0.8	0.059292
-110	-0.7	0.057197
-110	-0.6	0.051139
-110	-0.5	0.046009
-110	-0.4	0.036872
-110	-0.3	0.031663
-110	-0.2	0.026474
-110	-0.1	0.02239
-110	0	0.020398
-110	0.1	0.019797
-110	0.2	0.02221
-110	0.3	0.027663
-110	0.4	0.034096
-110	0.5	0.03867
-110	0.6	0.04326
-110	0.7	0.04558
-110	0.8	0.047128
-110	0.9	0.046149
-110	1	0.043919
-110	1.1	0.04196
-110	1.2	0.039514
-110	1.3	0.03644
-110	1.4	0.033554
-110	1.5	0.032279
-110	1.6	0.032411
-110	1.7	0.032735
-110	1.8	0.032602
-110	1.9	0.031885
-110	2	0.030004
-110	2.1	0.027593
-110	2.2	0.023764
-110	2.3	0.021432
-110	2.4	0.019438
-110	2.5	0.017723
-110	2.6	0.016377
-110	2.7	0.014457
-110	2.8	0.012487
-110	2.9	0.010878
-110	3	0.0098996
-110	3.1	0.0093953
-110	3.2	0.0098718
-110	3.3	0.010132
-110	3.4	0.01024
-110	3.5	0.010066
-110	3.6	0.0095489
-110	3.7	0.0092881
-110	3.8	0.0094365
-110	3.9	0.009735
-110	4	0.010018
-100	-4	0.01586
-100	-3.9	0.015271
-100	-3.8	0.013939
-100	-3.7	0.011433
-100	-3.6	0.010164
-100	-3.5	0.01082
-100	-3.4	0.012205
-100	-3.3	0.01246
-100	-3.2	0.011271
-100	-3.1	0.0098996
-100	-3	0.0092881
-100	-2.9	0.012388
-100	-2.8	0.016162
-100	-2.7	0.022134
-100	-2.6	0.025152
-100	-2.5	0.028939
-100	-2.4	0.030784
-100	-2.3	0.033004
-100	-2.2	0.036416
-100	-2.1	0.039059
-100	-2	0.041924
-100	-1.9	0.043108
-100	-1.8	0.040855
-100	-1.7	0.03633
-100	-1.6	0.031468
-100	-1.5	0.025586
-100	-1.4	0.022618
-100	-1.3	0.026723
-100	-1.2	0.038784
-100	-1.1	0.047949
-100	-1	0.053931
-100	-0.9	0.058507
-100	-0.8	0.058375
-100	-0.7	0.05605
-100	-0.6	0.048969
-100	-0.5	0.04313
-100	-0.4	0.037666
-100	-0.3	0.030686
-100	-0.2	0.025548
-100	-0.1	0.022275
-100	0	0.020504
-100	0.1	0.021993
-100	0.2	0.02423
-100	0.3	0.029834
-100	0.4	0.034431
-100	0.5	0.039322
-100	0.6	0.043468
-100	0.7	0.045761
-100	0.8	0.046654
-100	0.9	0.045682
-100	1	0.043931
-100	1.1	0.041009
-100	1.2	0.037687
-100	1.3	0.034851
-100	1.4	0.033559
-100	1.5	0.032708
-100	1.6	0.032932
-100	1.7	0.032797
-100	1.8	0.031824
-100	1.9	0.030358
-100	2	0.027441
-100	2.1	0.025371
-100	2.2	0.022122
-100	2.3	0.020618
-100	2.4	0.019262
-100	2.5	0.018438
-100	2.6	0.017286
-100	2.7	0.015449
-100	2.8	0.012589
-100	2.9	0.010621
-100	3	0.0094656
-100	3.1	0.0099468
-100	3.2	0.010215
-100	3.3	0.010647
-100	3.4	0.011024
-100	3.5	0.010314
-100	3.6	0.0092235
-100	3.7	0.0089748
-100	3.8	0.0092375
-100	3.9	0.009735
-100	4	0.0099126
-90	-4	0.017173
-90	-3.9	0.016026
-90	-3.8	0.013685
-90	-3.7	0.011748
-90	-3.6	0.010821
-90	-3.5	0.011579
-90	-3.4	0.012321
-90	-3.3	0.013087
-90	-3.2	0.012187
-90	-3.1	0.010704
-90	-3	0.010679
-90	-2.9	0.011358
-90	-2.8	0.016298
-90	-2.7	0.021061
-90	-2.6	0.025686
-90	-2.5	0.028941
-90	-2.4	0.031191
-90	-2.3	0.033094
-90	-2.2	0.036666
-90	-2.1	0.039038
-90	-2	0.042513
-90	-1.9	0.043311
-90	-1.8	0.040587
-90	-1.7	0.036284
-90	-1.6	0.030453
-90	-1.5	0.024744
-90	-1.4	0.022805
-90	-1.3	0.030895
-90	-1.2	0.036542
-90	-1.1	0.049161
-90	-1	0.055037
-90	-0.9	0.059838
-90	-0.8	0.060043
-90	-0.7	0.056982
-90	-0.6	0.051515
-90	-0.5	0.042755
-90	-0.4	0.032384
-90	-0.3	0.027889
-90	-0.2	0.022887
-90	-0.1	0.020684
-90	0	0.020043
-90	0.1	0.021433
-90	0.2	0.025565
-90	0.3	0.03223
-90	0.4	0.038113
-90	0.5	0.043071
-90	0.6	0.046761
-90	0.7	0.048968
-90	0.8	0.048378
-90	0.9	0.04453
-90	1	0.041625
-90	1.1	0.036905
-90	1.2	0.034691
-90	1.3	0.03314
-90	1.4	0.032986
-90	1.5	0.033471
-90	1.6	0.03402
-90	1.7	0.033238
-90	1.8	0.032216
-90	1.9	0.030177
-90	2	0.02766
-90	2.1	0.025289
-90	2.2	0.023964
-90	2.3	0.022293
-90	2.4	0.020606
-90	2.5	0.019005
-90	2.6	0.017769
-90	2.7	0.016505
-90	2.8	0.014072
-90	2.9	0.012791
-90	3	0.011984
-90	3.1	0.011272
-90	3.2	0.011034
-90	3.3	0.01146
-90	3.4	0.011949
-90	3.5	0.012903
-90	3.6	0.012833
-90	3.7	0.012732
-90	3.8	0.011792
-90	3.9	0.010769
-90	4	0.0096666
-80	-4	0.013342
-80	-3.9	0.013271
-80	-3.8	0.013567
-80	-3.7	0.01419
-80	-3.6	0.014646
-80	-3.5	0.014802
-80	-3.4	0.01402
-80	-3.3	0.011802
-80	-3.2	0.0096348
-80	-3.1	0.0090394
-80	-3	0.011158
-80	-2.9	0.014654
-80	-2.8	0.017729
-80	-2.7	0.0215
-80	-2.6	0.024192
-80	-2.5	0.026791
-80	-2.4	0.031327
-80	-2.3	0.035185
-80	-2.2	0.039644
-80	-2.1	0.043406
-80	-2	0.0454
-80	-1.9	0.04477
-80	-1.8	0.04104
-80	-1.7	0.033669
-80	-1.6	0.026528
-80	-1.5	0.02421
-80	-1.4	0.024825
-80	-1.3	0.03049
-80	-1.2	0.041518
-80	-1.1	0.048944
-80	-1	0.054262
-80	-0.9	0.055525
-80	-0.8	0.054639
-80	-0.7	0.052165
-80	-0.6	0.047499
-80	-0.5	0.041336
-80	-0.4	0.034028
-80	-0.3	0.030809
-80	-0.2	0.027164
-80	-0.1	0.02296
-80	0	0.021612
-80	0.1	0.021998
-80	0.2	0.023681
-80	0.3	0.027851
-80	0.4	0.034541
-80	0.5	0.038209
-80	0.6	0.043565
-80	0.7	0.045592
-80	0.8	0.045979
-80	0.9	0.045049
-80	1	0.042695
-80	1.1	0.040658
-80	1.2	0.037526
-80	1.3	0.036563
-80	1.4	0.035401
-80	1.5	0.035343
-80	1.6	0.035751
-80	1.7	0.035727
-80	1.8	0.034967
-80	1.9	0.032827
-80	2	0.030348
-80	2.1	0.027674
-80	2.2	0.024398
-80	2.3	0.022064
-80	2.4	0.018411
-80	2.5	0.017138
-80	2.6	0.016073
-80	2.7	0.014088
-80	2.8	0.012576
-80	2.9	0.011468
-80	3	0.011183
-80	3.1	0.010897
-80	3.2	0.010838
-80	3.3	0.011002
-80	3.4	0.010917
-80	3.5	0.011489
-80	3.6	0.011723
-80	3.7	0.011565
-80	3.8	0.010835
-80	3.9	0.010199
-80	4	0.0094194
-70	-4	0.013411
-70	-3.9	0.012582
-70	-3.8	0.011338
-70	-3.7	0.011787
-70	-3.6	0.012298
-70	-3.5	0.014357
-70	-3.4	0.01477
-70	-3.3	0.014113
-70	-3.2	0.011197
-70	-3.1	0.0088424
-70	-3	0.0078778
-70	-2.9	0.012458
-70	-2.8	0.017471
-70	-2.7	0.022461
-70	-2.6	0.026603
-70	-2.5	0.02954
-70	-2.4	0.032154
-70	-2.3	0.035094
-70	-2.2	0.038783
-70	-2.1	0.04314
-70	-2	0.04619
-70	-1.9	0.046709
-70	-1.8	0.045068
-70	-1.7	0.037147
-70	-1.6	0.032263
-70	-1.5	0.024685
-70	-1.4	0.023062
-70	-1.3	0.031339
-70	-1.2	0.041851
-70	-1.1	0.049519
-70	-1	0.056612
-70	-0.9	0.059604
-70	-0.8	0.058166
-70	-0.7	0.051942
-70	-0.6	0.044427
-70	-0.5	0.037185
-70	-0.4	0.031198
-70	-0.3	0.02745
-70	-0.2	0.022089
-70	-0.1	0.020384
-70	0	0.020591
-70	0.1	0.022697
-70	0.2	0.02874
-70	0.3	0.034129
-70	0.4	0.039807
-70	0.5	0.04376
-70	0.6	0.045391
-70	0.7	0.045993
-70	0.8	0.044725
-70	0.9	0.043106
-70	1	0.040589
-70	1.1	0.038239
-70	1.2	0.037203
-70	1.3	0.036031
-70	1.4	0.034674
-70	1.5	0.033324
-70	1.6	0.032875
-70	1.7	0.031846
-70	1.8	0.030968
-70	1.9	0.030152
-70	2	0.027618
-70	2.1	0.026087
-70	2.2	0.023449
-70	2.3	0.019736
-70	2.4	0.017139
-70	2.5	0.014529
-70	2.6	0.013238
-70	2.7	0.012005
-70	2.8	0.011253
-70	2.9	0.010706
-70	3	0.010592
-70	3.1	0.01063
-70	3.2	0.0101
-70	3.3	0.0097549
-70	3.4	0.0096683
-70	3.5	0.0094331
-70	3.6	0.0097034
-70	3.7	0.0094793
-70	3.8	0.0096884
-70	3.9	0.009725
-70	4	0.0097598
-60	-4	0.014271
-60	-3.9	0.013113
-60	-3.8	0.012776
-60	-3.7	0.014005
-60	-3.6	0.015478
-60	-3.5	0.016834
-60	-3.4	0.016978
-60	-3.3	0.014924
-60	-3.2	0.013086
-60	-3.1	0.0086128
-60	-3	0.0090626
-60	-2.9	0.013448
-60	-2.8	0.019723
-60	-2.7	0.023852
-60	-2.6	0.02563
-60	-2.5	0.028507
-60	-2.4	0.031023
-60	-2.3	0.035539
-60	-2.2	0.039798
-60	-2.1	0.045187
-60	-2	0.047071
-60	-1.9	0.046702
-60	-1.8	0.041428
-60	-1.7	0.035098
-60	-1.6	0.028415
-60	-1.5	0.0224
-60	-1.4	0.027495
-60	-1.3	0.033494
-60	-1.2	0.043873
-60	-1.1	0.050869
-60	-1	0.053876
-60	-0.9	0.054145
-60	-0.8	0.051181
-60	-0.7	0.04736
-60	-0.6	0.039186
-60	-0.5	0.033456
-60	-0.4	0.027897
-60	-0.3	0.024927
-60	-0.2	0.021236
-60	-0.1	0.020328
-60	0	0.019909
-60	0.1	0.022146
-60	0.2	0.025179
-60	0.3	0.031988
-60	0.4	0.036029
-60	0.5	0.040746
-60	0.6	0.043301
-60	0.7	0.044161
-60	0.8	0.043243
-60	0.9	0.040497
-60	1	0.038055
-60	1.1	0.035264
-60	1.2	0.034159
-60	1.3	0.033243
-60	1.4	0.033506
-60	1.5	0.033614
-60	1.6	0.034062
-60	1.7	0.033591
-60	1.8	0.031832
-60	1.9	0.029836
-60	2	0.028508
-60	2.1	0.026299
-60	2.2	0.023984
-60	2.3	0.021037
-60	2.4	0.019095
-60	2.5	0.016551
-60	2.6	0.013583
-60	2.7	0.011748
-60	2.8	0.010635
-60	2.9	0.010571
-60	3	0.011559
-60	3.1	0.012297
-60	3.2	0.012265
-60	3.3	0.011049
-60	3.4	0.010389
-60	3.5	0.0097283
-60	3.6	0.0091337
-60	3.7	0.0089007
-60	3.8	0.00922
-60	3.9	0.010333
-60	4	0.010654
-50	-4	0.016397
-50	-3.9	0.013914
-50	-3.8	0.011437
-50	-3.7	0.011109
-50	-3.6	0.01385
-50	-3.5	0.015606
-50	-3.4	0.016367
-50	-3.3	0.014959
-50	-3.2	0.012544
-50	-3.1	0.007937
-50	-3	0.0082505
-50	-2.9	0.012994
-50	-2.8	0.018275
-50	-2.7	0.022306
-50	-2.6	0.025981
-50	-2.5	0.02786
-50	-2.4	0.030808
-50	-2.3	0.033821
-50	-2.2	0.038487
-50	-2.1	0.042003
-50	-2	0.045425
-50	-1.9	0.045333
-50	-1.8	0.040435
-50	-1.7	0.035128
-50	-1.6	0.025136
-50	-1.5	0.020546
-50	-1.4	0.021923
-50	-1.3	0.03371
-50	-1.2	0.043769
-50	-1.1	0.050126
-50	-1	0.05379
-50	-0.9	0.053722
-50	-0.8	0.051605
-50	-0.7	0.044481
-50	-0.6	0.03689
-50	-0.5	0.027712
-50	-0.4	0.023296
-50	-0.3	0.019181
-50	-0.2	0.016783
-50	-0.1	0.017083
-50	0	0.017874
-50	0.1	0.021451
-50	0.2	0.026598
-50	0.3	0.030935
-50	0.4	0.037558
-50	0.5	0.040127
-50	0.6	0.042496
-50	0.7	0.043225
-50	0.8	0.042346
-50	0.9	0.038622
-50	1	0.034773
-50	1.1	0.032848
-50	1.2	0.029615
-50	1.3	0.028136
-50	1.4	0.027842
-50	1.5	0.028929
-50	1.6	0.030772
-50	1.7	0.031038
-50	1.8	0.030113
-50	1.9	0.027863
-50	2	0.025093
-50	2.1	0.02229
-50	2.2	0.018376
-50	2.3	0.016625
-50	2.4	0.015827
-50	2.5	0.015636
-50	2.6	0.014894
-50	2.7	0.012833
-50	2.8	0.010832
-50	2.9	0.0096834
-50	3	0.0098291
-50	3.1	0.011406
-50	3.2	0.01215
-50	3.3	0.012316
-50	3.4	0.012232
-50	3.5	0.011023
-50	3.6	0.010058
-50	3.7	0.0097515
-50	3.8	0.0099371
-50	3.9	0.011109
-50	4	0.011492
-40	-4	0.013454
-40	-3.9	0.013693
-40	-3.8	0.014184
-40	-3.7	0.015281
-40	-3.6	0.015413
-40	-3.5	0.015028
-40	-3.4	0.013854
-40	-3.3	0.011495
-40	-3.2	0.0096917
-40	-3.1	0.0090287
-40	-3	0.0098767
-40	-2.9	0.012711
-40	-2.8	0.015585
-40	-2.7	0.018755
-40	-2.6	0.022174
-40	-2.5	0.024755
-40	-2.4	0.029127
-40	-2.3	0.03447
-40	-2.2	0.040269
-40	-2.1	0.045188
-40	-2	0.0467
-40	-1.9	0.045005
-40	-1.8	0.040052
-40	-1.7	0.031102
-40	-1.6	0.023744
-40	-1.5	0.022905
-40	-1.4	0.028645
-40	-1.3	0.036831
-40	-1.2	0.04446
-40	-1.1	0.049859
-40	-1	0.052048
-40	-0.9	0.050219
-40	-0.8	0.047549
-40	-0.7	0.041449
-40	-0.6	0.03175
-40	-0.5	0.025789
-40	-0.4	0.020243
-40	-0.3	0.017629
-40	-0.2	0.016418
-40	-0.1	0.016589
-40	0	0.01796
-40	0.1	0.021549
-40	0.2	0.026751
-40	0.3	0.030887
-40	0.4	0.036948
-40	0.5	0.040062
-40	0.6	0.040839
-40	0.7	0.041285
-40	0.8	0.040213
-40	0.9	0.036887
-40	1	0.034423
-40	1.1	0.031561
-40	1.2	0.030501
-40	1.3	0.02969
-40	1.4	0.028641
-40	1.5	0.028136
-40	1.6	0.028313
-40	1.7	0.028328
-40	1.8	0.027508
-40	1.9	0.025637
-40	2	0.024851
-40	2.1	0.023006
-40	2.2	0.020781
-40	2.3	0.01695
-40	2.4	0.014619
-40	2.5	0.013526
-40	2.6	0.012236
-40	2.7	0.011349
-40	2.8	0.010002
-40	2.9	0.0095099
-40	3	0.0088094
-40	3.1	0.0089478
-40	3.2	0.0089766
-40	3.3	0.0099273
-40	3.4	0.01039
-40	3.5	0.011189
-40	3.6	0.010996
-40	3.7	0.0099792
-40	3.8	0.0088898
-40	3.9	0.0090323
-40	4	0.0086353
-30	-4	0.015508
-30	-3.9	0.01488
-30	-3.8	0.013204
-30	-3.7	0.012664
-30	-3.6	0.012763
-30	-3.5	0.013746
-30	-3.4	0.013885
-30	-3.3	0.012697
-30	-3.2	0.011299
-30	-3.1	0.0084173
-30	-3	0.0078962
-30	-2.9	0.010848
-30	-2.8	0.015735
-30	-2.7	0.019515
-30	-2.6	0.022361
-30	-2.5	0.024652
-30	-2.4	0.028065
-30	-2.3	0.033247
-30	-2.2	0.038417
-30	-2.1	0.042681
-30	-2	0.045084
-30	-1.9	0.044973
-30	-1.8	0.040971
-30	-1.7	0.034584
-30	-1.6	0.02455
-30	-1.5	0.019408
-30	-1.4	0.023789
-30	-1.3	0.031975
-30	-1.2	0.041888
-30	-1.1	0.049237
-30	-1	0.052536
-30	-0.9	0.051993
-30	-0.8	0.048288
-30	-0.7	0.038974
-30	-0.6	0.033307
-30	-0.5	0.023101
-30	-0.4	0.019183
-30	-0.3	0.015805
-30	-0.2	0.013975
-30	-0.1	0.014062
-30	0	0.016124
-30	0.1	0.01905
-30	0.2	0.025109
-30	0.3	0.030911
-30	0.4	0.038582
-30	0.5	0.04169
-30	0.6	0.043231
-30	0.7	0.041928
-30	0.8	0.040285
-30	0.9	0.035058
-30	1	0.031137
-30	1.1	0.02966
-30	1.2	0.027645
-30	1.3	0.027533
-30	1.4	0.027627
-30	1.5	0.028527
-30	1.6	0.029309
-30	1.7	0.029089
-30	1.8	0.028037
-30	1.9	0.025868
-30	2	0.024552
-30	2.1	0.022179
-30	2.2	0.018879
-30	2.3	0.016742
-30	2.4	0.014634
-30	2.5	0.012758
-30	2.6	0.011733
-30	2.7	0.010546
-30	2.8	0.0089892
-30	2.9	0.0079655
-30	3	0.0077849
-30	3.1	0.0077745
-30	3.2	0.0082837
-30	3.3	0.0085317
-30	3.4	0.0094827
-30	3.5	0.009862
-30	3.6	0.0099403
-30	3.7	0.0097731
-30	3.8	0.0086949
-30	3.9	0.0088113
-30	4	0.0086521
-20	-4	0.014828
-20	-3.9	0.013109
-20	-3.8	0.012421
-20	-3.7	0.013315
-20	-3.6	0.015174
-20	-3.5	0.016944
-20	-3.4	0.017439
-20	-3.3	0.01518
-20	-3.2	0.011751
-20	-3.1	0.007441
-20	-3	0.0082583
-20	-2.9	0.013497
-20	-2.8	0.017526
-20	-2.7	0.021183
-20	-2.6	0.023406
-20	-2.5	0.025082
-20	-2.4	0.028863
-20	-2.3	0.035065
-20	-2.2	0.039775
-20	-2.1	0.045826
-20	-2	0.047132
-20	-1.9	0.0455
-20	-1.8	0.037274
-20	-1.7	0.030059
-20	-1.6	0.022178
-20	-1.5	0.020601
-20	-1.4	0.026878
-20	-1.3	0.035402
-20	-1.2	0.043714
-20	-1.1	0.050731
-20	-1	0.052233
-20	-0.9	0.050609
-20	-0.8	0.044311
-20	-0.7	0.03802
-20	-0.6	0.029986
-20	-0.5	0.021281
-20	-0.4	0.01751
-20	-0.3	0.014659
-20	-0.2	0.014202
-20	-0.1	0.014565
-20	0	0.017404
-20	0.1	0.021064
-20	0.2	0.026119
-20	0.3	0.031747
-20	0.4	0.035773
-20	0.5	0.039219
-20	0.6	0.040226
-20	0.7	0.040163
-20	0.8	0.038531
-20	0.9	0.035169
-20	1	0.030548
-20	1.1	0.027855
-20	1.2	0.025492
-20	1.3	0.025068
-20	1.4	0.025803
-20	1.5	0.027926
-20	1.6	0.029872
-20	1.7	0.031414
-20	1.8	0.031633
-20	1.9	0.029937
-20	2	0.02679
-20	2.1	0.024773
-20	2.2	0.020756
-20	2.3	0.017658
-20	2.4	0.015763
-20	2.5	0.014633
-20	2.6	0.013361
-20	2.7	0.012037
-20	2.8	0.01093
-20	2.9	0.010087
-20	3	0.0094485
-20	3.1	0.0099143
-20	3.2	0.010842
-20	3.3	0.01159
-20	3.4	0.012455
-20	3.5	0.012156
-20	3.6	0.012375
-20	3.7	0.010784
-20	3.8	0.010897
-20	3.9	0.01079
-20	4	0.010424
-10	-4	0.013881
-10	-3.9	0.012714
-10	-3.8	0.011487
-10	-3.7	0.01154
-10	-3.6	0.012852
-10	-3.5	0.014536
-10	-3.4	0.015171
-10	-3.3	0.013759
-10	-3.2	0.010395
-10	-3.1	0.0081083
-10	-3	0.0068696
-10	-2.9	0.010525
-10	-2.8	0.016712
-10	-2.7	0.020669
-10	-2.6	0.024381
-10	-2.5	0.026774
-10	-2.4	0.029447
-10	-2.3	0.033254
-10	-2.2	0.037039
-10	-2.1	0.040964
-10	-2	0.042193
-10	-1.9	0.041562
-10	-1.8	0.038633
-10	-1.7	0.033077
-10	-1.6	0.024145
-10	-1.5	0.021464
-10	-1.4	0.025487
-10	-1.3	0.034312
-10	-1.2	0.043805
-10	-1.1	0.049741
-10	-1	0.054594
-10	-0.9	0.053795
-10	-0.8	0.050317
-10	-0.7	0.041796
-10	-0.6	0.034171
-10	-0.5	0.025637
-10	-0.4	0.019936
-10	-0.3	0.015568
-10	-0.2	0.014014
-10	-0.1	0.01309
-10	0	0.013744
-10	0.1	0.017463
-10	0.2	0.023522
-10	0.3	0.030419
-10	0.4	0.037398
-10	0.5	0.041473
-10	0.6	0.044145
-10	0.7	0.043924
-10	0.8	0.04162
-10	0.9	0.037115
-10	1	0.034988
-10	1.1	0.031916
-10	1.2	0.031037
-10	1.3	0.030776
-10	1.4	0.030974
-10	1.5	0.03114
-10	1.6	0.030728
-10	1.7	0.030245
-10	1.8	0.029001
-10	1.9	0.027647
-10	2	0.025281
-10	2.1	0.023209
-10	2.2	0.020848
-10	2.3	0.017181
-10	2.4	0.014996
-10	2.5	0.012298
-10	2.6	0.0094039
-10	2.7	0.0080783
-10	2.8	0.0075872
-10	2.9	0.0081083
-10	3	0.0089043
-10	3.1	0.0089279
-10	3.2	0.0084785
-10	3.3	0.0084594
-10	3.4	0.0079635
-10	3.5	0.0080563
-10	3.6	0.0078098
-10	3.7	0.0072451
-10	3.8	0.007818
-10	3.9	0.0082132
-10	4	0.0075787
0	-4	0.012784
0	-3.9	0.0111
0	-3.8	0.010566
0	-3.7	0.011679
0	-3.6	0.014828
0	-3.5	0.015856
0	-3.4	0.015866
0	-3.3	0.014646
0	-3.2	0.0097499
0	-3.1	0.0071666
0	-3	0.0080703
0	-2.9	0.013421
0	-2.8	0.018565
0	-2.7	0.021709
0	-2.6	0.023887
0	-2.5	0.026335
0	-2.4	0.029608
0	-2.3	0.032684
0	-2.2	0.036683
0	-2.1	0.04124
0	-2	0.043743
0	-1.9	0.042998
0	-1.8	0.037045
0	-1.7	0.030326
0	-1.6	0.021767
0	-1.5	0.020424
0	-1.4	0.027774
0	-1.3	0.033245
0	-1.2	0.04748
0	-1.1	0.053284
0	-1	0.055597
0	-0.9	0.05403
0	-0.8	0.04882
0	-0.7	0.041092
0	-0.6	0.029732
0	-0.5	0.022471
0	-0.4	0.016299
0	-0.3	0.012904
0	-0.2	0.012399
0	-0.1	0.012412
0	0	0.015196
0	0.1	0.020777
0	0.2	0.025087
0	0.3	0.03154
0	0.4	0.038173
0	0.5	0.040129
0	0.6	0.043056
0	0.7	0.042457
0	0.8	0.041254
0	0.9	0.038728
0	1	0.035341
0	1.1	0.032237
0	1.2	0.030272
0	1.3	0.029591
0	1.4	0.029829
0	1.5	0.029912
0	1.6	0.030106
0	1.7	0.030133
0	1.8	0.030033
0	1.9	0.029013
0	2	0.027962
0	2.1	0.027226
0	2.2	0.024954
0	2.3	0.022482
0	2.4	0.019721
0	2.5	0.015827
0	2.6	0.012728
0	2.7	0.010149
0	2.8	0.0099289
0	2.9	0.010234
0	3	0.011052
0	3.1	0.011381
0	3.2	0.010508
0	3.3	0.009911
0	3.4	0.010148
0	3.5	0.0092042
0	3.6	0.0099387
0	3.7	0.010491
0	3.8	0.010213
0	3.9	0.010092
0	4	0.0091778
10	-4	0.011747
10	-3.9	0.012172
10	-3.8	0.012016
10	-3.7	0.012451
10	-3.6	0.012514
10	-3.5	0.0118
10	-3.4	0.010961
10	-3.3	0.0095523
10	-3.2	0.0083227
10	-3.1	0.0080241
10	-3	0.0087782
10	-2.9	0.011356
10	-2.8	0.015406
10	-2.7	0.019321
10	-2.6	0.021891
10	-2.5	0.026171
10	-2.4	0.029695
10	-2.3	0.033953
10	-2.2	0.038163
10	-2.1	0.039644
10	-2	0.040529
10	-1.9	0.038885
10	-1.8	0.034615
10	-1.7	0.029334
10	-1.6	0.024835
10	-1.5	0.022744
10	-1.4	0.025793
10	-1.3	0.03603
10	-1.2	0.041874
10	-1.1	0.048497
10	-1	0.052357
10	-0.9	0.052877
10	-0.8	0.049381
10	-0.7	0.042979
10	-0.6	0.036084
10	-0.5	0.028571
10	-0.4	0.01962
10	-0.3	0.015049
10	-0.2	0.013292
10	-0.1	0.012756
10	0	0.013957
10	0.1	0.017376
10	0.2	0.021692
10	0.3	0.027825
10	0.4	0.035322
10	0.5	0.0402
10	0.6	0.042487
10	0.7	0.044178
10	0.8	0.04442
10	0.9	0.042281
10	1	0.039
10	1.1	0.035168
10	1.2	0.031691
10	1.3	0.029595
10	1.4	0.029969
10	1.5	0.030997
10	1.6	0.031743
10	1.7	0.033252
10	1.8	0.033558
10	1.9	0.032305
10	2	0.030396
10	2.1	0.02758
10	2.2	0.024635
10	2.3	0.021694
10	2.4	0.018868
10	2.5	0.016588
10	2.6	0.013527
10	2.7	0.012025
10	2.8	0.011129
10	2.9	0.0098258
10	3	0.0099224
10	3.1	0.0092776
10	3.2	0.009532
10	3.3	0.0099126
10	3.4	0.010472
10	3.5	0.010172
10	3.6	0.010499
10	3.7	0.010489
10	3.8	0.010492
10	3.9	0.010216
10	4	0.0090251
20	-4	0.013773
20	-3.9	0.01301
20	-3.8	0.012486
20	-3.7	0.011778
20	-3.6	0.012542
20	-3.5	0.012832
20	-3.4	0.012709
20	-3.3	0.011747
20	-3.2	0.010438
20	-3.1	0.0088168
20	-3	0.0097183
20	-2.9	0.012391
20	-2.8	0.017562
20	-2.7	0.021601
20	-2.6	0.024131
20	-2.5	0.026781
20	-2.4	0.030519
20	-2.3	0.034798
20	-2.2	0.037611
20	-2.1	0.040882
20	-2	0.042646
20	-1.9	0.041714
20	-1.8	0.037175
20	-1.7	0.030145
20	-1.6	0.026046
20	-1.5	0.022253
20	-1.4	0.025656
20	-1.3	0.036165
20	-1.2	0.043338
20	-1.1	0.052596
20	-1	0.055331
20	-0.9	0.055985
20	-0.8	0.053117
20	-0.7	0.045959
20	-0.6	0.037969
20	-0.5	0.029368
20	-0.4	0.019783
20	-0.3	0.015681
20	-0.2	0.014443
20	-0.1	0.013815
20	0	0.014732
20	0.1	0.017295
20	0.2	0.023983
20	0.3	0.028971
20	0.4	0.037952
20	0.5	0.042613
20	0.6	0.045639
20	0.7	0.047882
20	0.8	0.04712
20	0.9	0.043623
20	1	0.039219
20	1.1	0.036312
20	1.2	0.030339
20	1.3	0.029461
20	1.4	0.029955
20	1.5	0.032109
20	1.6	0.033742
20	1.7	0.03504
20	1.8	0.034975
20	1.9	0.032382
20	2	0.030634
20	2.1	0.026604
20	2.2	0.024238
20	2.3	0.022159
20	2.4	0.020436
20	2.5	0.019601
20	2.6	0.01753
20	2.7	0.014983
20	2.8	0.01197
20	2.9	0.0094005
20	3	0.0086222
20	3.1	0.0090269
20	3.2	0.010303
20	3.3	0.011288
20	3.4	0.011692
20	3.5	0.010954
20	3.6	0.009862
20	3.7	0.0094434
20	3.8	0.0094194
20	3.9	0.009554
20	4	0.010135
30	-4	0.014868
30	-3.9	0.013259
30	-3.8	0.011251
30	-3.7	0.0099501
30	-3.6	0.0094142
30	-3.5	0.010768
30	-3.4	0.011633
30	-3.3	0.011051
30	-3.2	0.0099954
30	-3.1	0.0085733
30	-3	0.0089297
30	-2.9	0.012887
30	-2.8	0.016426
30	-2.7	0.021238
30	-2.6	0.02506
30	-2.5	0.026918
30	-2.4	0.028202
30	-2.3	0.03096
30	-2.2	0.033658
30	-2.1	0.038046
30	-2	0.040881
30	-1.9	0.040663
30	-1.8	0.038977
30	-1.7	0.032643
30	-1.6	0.026764
30	-1.5	0.021337
30	-1.4	0.0221
30	-1.3	0.031842
30	-1.2	0.039385
30	-1.1	0.050147
30	-1	0.05863
30	-0.9	0.060155
30	-0.8	0.057809
30	-0.7	0.050915
30	-0.6	0.041109
30	-0.5	0.032407
30	-0.4	0.021796
30	-0.3	0.017796
30	-0.2	0.015088
30	-0.1	0.014424
30	0	0.014479
30	0.1	0.015731
30	0.2	0.021892
30	0.3	0.027374
30	0.4	0.035618
30	0.5	0.040558
30	0.6	0.046799
30	0.7	0.04866
30	0.8	0.047921
30	0.9	0.045054
30	1	0.039353
30	1.1	0.035322
30	1.2	0.030697
30	1.3	0.029452
30	1.4	0.030214
30	1.5	0.0311
30	1.6	0.032811
30	1.7	0.033736
30	1.8	0.033447
30	1.9	0.032557
30	2	0.02997
30	2.1	0.028113
30	2.2	0.025971
30	2.3	0.023603
30	2.4	0.022247
30	2.5	0.020431
30	2.6	0.018047
30	2.7	0.016152
30	2.8	0.013366
30	2.9	0.011107
30	3	0.0094502
30	3.1	0.009248
30	3.2	0.0095184
30	3.3	0.010281
30	3.4	0.010934
30	3.5	0.010961
30	3.6	0.010586
30	3.7	0.0099533
30	3.8	0.009241
30	3.9	0.0091301
30	4	0.0085752
40	-4	0.012658
40	-3.9	0.012001
40	-3.8	0.01092
40	-3.7	0.011499
40	-3.6	0.012139
40	-3.5	0.013529
40	-3.4	0.014632
40	-3.3	0.013787
40	-3.2	0.011503
40	-3.1	0.0084192
40	-3	0.0093107
40	-2.9	0.014
40	-2.8	0.018146
40	-2.7	0.022001
40	-2.6	0.025699
40	-2.5	0.027838
40	-2.4	0.030087
40	-2.3	0.033877
40	-2.2	0.037545
40	-2.1	0.042596
40	-2	0.044522
40	-1.9	0.044899
40	-1.8	0.04201
40	-1.7	0.035799
40	-1.6	0.02682
40	-1.5	0.023545
40	-1.4	0.027666
40	-1.3	0.03499
40	-1.2	0.042634
40	-1.1	0.052372
40	-1	0.057639
40	-0.9	0.058837
40	-0.8	0.057018
40	-0.7	0.051912
40	-0.6	0.044139
40	-0.5	0.035917
40	-0.4	0.026734
40	-0.3	0.020498
40	-0.2	0.016898
40	-0.1	0.015751
40	0	0.016031
40	0.1	0.017386
40	0.2	0.021179
40	0.3	0.02757
40	0.4	0.035496
40	0.5	0.040709
40	0.6	0.045066
40	0.7	0.048401
40	0.8	0.049472
40	0.9	0.048316
40	1	0.045016
40	1.1	0.039235
40	1.2	0.03433
40	1.3	0.032689
40	1.4	0.030874
40	1.5	0.031969
40	1.6	0.033495
40	1.7	0.035007
40	1.8	0.035838
40	1.9	0.0352
40	2	0.033073
40	2.1	0.031013
40	2.2	0.027552
40	2.3	0.024573
40	2.4	0.021982
40	2.5	0.019554
40	2.6	0.017985
40	2.7	0.015259
40	2.8	0.013122
40	2.9	0.011656
40	3	0.010381
40	3.1	0.010311
40	3.2	0.010235
40	3.3	0.01013
40	3.4	0.0099126
40	3.5	0.0098587
40	3.6	0.0097797
40	3.7	0.01037
40	3.8	0.010636
40	3.9	0.010503
40	4	0.010082
50	-4	0.0094622
50	-3.9	0.0091461
50	-3.8	0.010071
50	-3.7	0.010474
50	-3.6	0.010783
50	-3.5	0.011711
50	-3.4	0.011818
50	-3.3	0.011939
50	-3.2	0.01058
50	-3.1	0.0085563
50	-3	0.0075808
50	-2.9	0.010469
50	-2.8	0.013783
50	-2.7	0.020538
50	-2.6	0.024358
50	-2.5	0.027347
50	-2.4	0.030173
50	-2.3	0.031901
50	-2.2	0.034589
50	-2.1	0.036942
50	-2	0.040066
50	-1.9	0.040884
50	-1.8	0.040267
50	-1.7	0.035612
50	-1.6	0.031952
50	-1.5	0.026386
50	-1.4	0.027385
50	-1.3	0.033122
50	-1.2	0.041225
50	-1.1	0.048898
50	-1	0.057241
50	-0.9	0.059666
50	-0.8	0.058789
50	-0.7	0.055399
50	-0.6	0.047868
50	-0.5	0.039048
50	-0.4	0.029433
50	-0.3	0.022076
50	-0.2	0.018093
50	-0.1	0.01635
50	0	0.014589
50	0.1	0.015602
50	0.2	0.019996
50	0.3	0.0275
50	0.4	0.032798
50	0.5	0.041945
50	0.6	0.046183
50	0.7	0.049763
50	0.8	0.049915
50	0.9	0.047628
50	1	0.044295
50	1.1	0.039865
50	1.2	0.036051
50	1.3	0.033099
50	1.4	0.032169
50	1.5	0.031958
50	1.6	0.033301
50	1.7	0.034091
50	1.8	0.033709
50	1.9	0.033676
50	2	0.032956
50	2.1	0.030965
50	2.2	0.02938
50	2.3	0.026592
50	2.4	0.024074
50	2.5	0.01996
50	2.6	0.017352
50	2.7	0.014021
50	2.8	0.01193
50	2.9	0.010789
50	3	0.010296
50	3.1	0.01027
50	3.2	0.0097217
50	3.3	0.0098587
50	3.4	0.0093384
50	3.5	0.008888
50	3.6	0.0084975
50	3.7	0.0091514
50	3.8	0.0093488
50	3.9	0.010342
50	4	0.01027
60	-4	0.010993
60	-3.9	0.0097615
60	-3.8	0.008012
60	-3.7	0.0082818
60	-3.6	0.0093626
60	-3.5	0.011729
60	-3.4	0.013108
60	-3.3	0.013255
60	-3.2	0.011266
60	-3.1	0.009608
60	-3	0.0077953
60	-2.9	0.010908
60	-2.8	0.015295
60	-2.7	0.020264
60	-2.6	0.022744
60	-2.5	0.026582
60	-2.4	0.028949
60	-2.3	0.031295
60	-2.2	0.034175
60	-2.1	0.036982
60	-2	0.04106
60	-1.9	0.041801
60	-1.8	0.041411
60	-1.7	0.037296
60	-1.6	0.031334
60	-1.5	0.027393
60	-1.4	0.026845
60	-1.3	0.030392
60	-1.2	0.039602
60	-1.1	0.049993
60	-1	0.053887
60	-0.9	0.058875
60	-0.8	0.058237
60	-0.7	0.055015
60	-0.6	0.045899
60	-0.5	0.038824
60	-0.4	0.031806
60	-0.3	0.02394
60	-0.2	0.019381
60	-0.1	0.017135
60	0	0.016137
60	0.1	0.016905
60	0.2	0.019139
60	0.3	0.02457
60	0.4	0.031406
60	0.5	0.038816
60	0.6	0.045903
60	0.7	0.04953
60	0.8	0.050035
60	0.9	0.048492
60	1	0.045761
60	1.1	0.042196
60	1.2	0.039457
60	1.3	0.036628
60	1.4	0.035514
60	1.5	0.03536
60	1.6	0.035569
60	1.7	0.035415
60	1.8	0.035003
60	1.9	0.033908
60	2	0.03338
60	2.1	0.031807
60	2.2	0.030595
60	2.3	0.027734
60	2.4	0.025408
60	2.5	0.02252
60	2.6	0.019726
60	2.7	0.016686
60	2.8	0.014674
60	2.9	0.012848
60	3	0.012794
60	3.1	0.012037
60	3.2	0.011782
60	3.3	0.011059
60	3.4	0.010094
60	3.5	0.0091443
60	3.6	0.0085676
60	3.7	0.0086184
60	3.8	0.0089025
60	3.9	0.009811
60	4	0.010296
70	-4	0.01266
70	-3.9	0.012152
70	-3.8	0.01166
70	-3.7	0.010333
70	-3.6	0.010053
70	-3.5	0.011295
70	-3.4	0.013378
70	-3.3	0.014038
70	-3.2	0.013429
70	-3.1	0.011081
70	-3	0.0097598
70	-2.9	0.011284
70	-2.8	0.016037
70	-2.7	0.022262
70	-2.6	0.026855
70	-2.5	0.028984
70	-2.4	0.03139
70	-2.3	0.032298
70	-2.2	0.034692
70	-2.1	0.038002
70	-2	0.042865
70	-1.9	0.044072
70	-1.8	0.044415
70	-1.7	0.042746
70	-1.6	0.037178
70	-1.5	0.03119
70	-1.4	0.027705
70	-1.3	0.030008
70	-1.2	0.0387
70	-1.1	0.046924
70	-1	0.056105
70	-0.9	0.059999
70	-0.8	0.060172
70	-0.7	0.056615
70	-0.6	0.04921
70	-0.5	0.040484
70	-0.4	0.033995
70	-0.3	0.025519
70	-0.2	0.021731
70	-0.1	0.019453
70	0	0.017709
70	0.1	0.017955
70	0.2	0.0201
70	0.3	0.024084
70	0.4	0.032173
70	0.5	0.038207
70	0.6	0.042189
70	0.7	0.046377
70	0.8	0.049281
70	0.9	0.049071
70	1	0.046856
70	1.1	0.042492
70	1.2	0.03998
70	1.3	0.036601
70	1.4	0.033815
70	1.5	0.032549
70	1.6	0.032192
70	1.7	0.032928
70	1.8	0.033991
70	1.9	0.034454
70	2	0.034423
70	2.1	0.033208
70	2.2	0.031723
70	2.3	0.028372
70	2.4	0.02698
70	2.5	0.024016
70	2.6	0.021756
70	2.7	0.020155
70	2.8	0.016964
70	2.9	0.014504
70	3	0.012514
70	3.1	0.010957
70	3.2	0.011051
70	3.3	0.011412
70	3.4	0.011419
70	3.5	0.011472
70	3.6	0.011163
70	3.7	0.010781
70	3.8	0.0098324
70	3.9	0.0096884
70	4	0.0098603
80	-4	0.010836
80	-3.9	0.011678
80	-3.8	0.01184
80	-3.7	0.011533
80	-3.6	0.011002
80	-3.5	0.010656
80	-3.4	0.011199
80	-3.3	0.011488
80	-3.2	0.011882
80	-3.1	0.011921
80	-3	0.011981
80	-2.9	0.012555
80	-2.8	0.014668
80	-2.7	0.017886
80	-2.6	0.02163
80	-2.5	0.026513
80	-2.4	0.030245
80	-2.3	0.033647
80	-2.2	0.036534
80	-2.1	0.03907
80	-2	0.042337
80	-1.9	0.044734
80	-1.8	0.044753
80	-1.7	0.042564
80	-1.6	0.036857
80	-1.5	0.031867
80	-1.4	0.029121
80	-1.3	0.030032
80	-1.2	0.035703
80	-1.1	0.042192
80	-1	0.049758
80	-0.9	0.056637
80	-0.8	0.058191
80	-0.7	0.056311
80	-0.6	0.051055
80	-0.5	0.044991
80	-0.4	0.037911
80	-0.3	0.030509
80	-0.2	0.026088
80	-0.1	0.022069
80	0	0.019558
80	0.1	0.018615
80	0.2	0.019452
80	0.3	0.022187
80	0.4	0.027721
80	0.5	0.036766
80	0.6	0.044256
80	0.7	0.04754
80	0.8	0.04973
80	0.9	0.0503
80	1	0.049173
80	1.1	0.045322
80	1.2	0.041269
80	1.3	0.037475
80	1.4	0.035944
80	1.5	0.034289
80	1.6	0.033867
80	1.7	0.034643
80	1.8	0.035767
80	1.9	0.03614
80	2	0.035205
80	2.1	0.033118
80	2.2	0.030554
80	2.3	0.02802
80	2.4	0.024142
80	2.5	0.021188
80	2.6	0.01937
80	2.7	0.017076
80	2.8	0.016173
80	2.9	0.013863
80	3	0.011953
80	3.1	0.010598
80	3.2	0.0099224
80	3.3	0.0097615
80	3.4	0.0095928
80	3.5	0.0092322
80	3.6	0.0091602
80	3.7	0.0095759
80	3.8	0.0097978
80	3.9	0.0080583
80	4	0.0080221
90	-4	0.00973
90	-3.9	0.01195
90	-3.8	0.014042
90	-3.7	0.015008
90	-3.6	0.014495
90	-3.5	0.012771
90	-3.4	0.011478
90	-3.3	0.010615
90	-3.2	0.012035
90	-3.1	0.013492
90	-3	0.014944
90	-2.9	0.016144
90	-2.8	0.01657
90	-2.7	0.017957
90	-2.6	0.022609
90	-2.5	0.027362
90	-2.4	0.029583
90	-2.3	0.034685
90	-2.2	0.039512
90	-2.1	0.041629
90	-2	0.043259
90	-1.9	0.043957
90	-1.8	0.04361
90	-1.7	0.041831
90	-1.6	0.039738
90	-1.5	0.034449
90	-1.4	0.032152
90	-1.3	0.030813
90	-1.2	0.033678
90	-1.1	0.039139
90	-1	0.050989
90	-0.9	0.054716
90	-0.8	0.060839
90	-0.7	0.060328
90	-0.6	0.055044
90	-0.5	0.048096
90	-0.4	0.040806
90	-0.3	0.03445
90	-0.2	0.026394
90	-0.1	0.022491
90	0	0.019707
90	0.1	0.017711
90	0.2	0.017496
90	0.3	0.020962
90	0.4	0.028252
90	0.5	0.037023
90	0.6	0.042293
90	0.7	0.049748
90	0.8	0.051926
90	0.9	0.051919
90	1	0.050083
90	1.1	0.045809
90	1.2	0.040533
90	1.3	0.03689
90	1.4	0.035728
90	1.5	0.03544
90	1.6	0.03583
90	1.7	0.036094
90	1.8	0.035555
90	1.9	0.034094
90	2	0.03165
90	2.1	0.029967
90	2.2	0.028048
90	2.3	0.026913
90	2.4	0.025747
90	2.5	0.023945
90	2.6	0.022127
90	2.7	0.019598
90	2.8	0.017408
90	2.9	0.014156
90	3	0.01158
90	3.1	0.010641
90	3.2	0.0099776
90	3.3	0.0097598
90	3.4	0.0094758
90	3.5	0.0090662
90	3.6	0.0096197
90	3.7	0.010786
90	3.8	0.010781
90	3.9	0.010719
90	4	0.0094365
100	-4	0.0098423
100	-3.9	0.011743
100	-3.8	0.012832
100	-3.7	0.012328
100	-3.6	0.011897
100	-3.5	0.010703
100	-3.4	0.011102
100	-3.3	0.011901
100	-3.2	0.013258
100	-3.1	0.014021
100	-3	0.013566
100	-2.9	0.01352
100	-2.8	0.014648
100	-2.7	0.018806
100	-2.6	0.025249
100	-2.5	0.02962
100	-2.4	0.03317
100	-2.3	0.035848
100	-2.2	0.037564
100	-2.1	0.039115
100	-2	0.042272
100	-1.9	0.043888
100	-1.8	0.045702
100	-1.7	0.045241
100	-1.6	0.042481
100	-1.5	0.036419
100	-1.4	0.031537
100	-1.3	0.030004
100	-1.2	0.032739
100	-1.1	0.041961
100	-1	0.048219
100	-0.9	0.056026
100	-0.8	0.060074
100	-0.7	0.059104
100	-0.6	0.055629
100	-0.5	0.049657
100	-0.4	0.041178
100	-0.3	0.034691
100	-0.2	0.025753
100	-0.1	0.021812
100	0	0.019214
100	0.1	0.018539
100	0.2	0.019842
100	0.3	0.022728
100	0.4	0.029423
100	0.5	0.036502
100	0.6	0.040469
100	0.7	0.045877
100	0.8	0.050173
100	0.9	0.050623
100	1	0.04905
100	1.1	0.046387
100	1.2	0.042545
100	1.3	0.040075
100	1.4	0.035909
100	1.5	0.032797
100	1.6	0.031685
100	1.7	0.031655
100	1.8	0.033433
100	1.9	0.034218
100	2	0.033474
100	2.1	0.031578
100	2.2	0.028954
100	2.3	0.025795
100	2.4	0.023808
100	2.5	0.021492
100	2.6	0.020958
100	2.7	0.020443
100	2.8	0.018961
100	2.9	0.016412
100	3	0.01425
100	3.1	0.010982
100	3.2	0.010105
100	3.3	0.010389
100	3.4	0.011123
100	3.5	0.011436
100	3.6	0.011295
100	3.7	0.0098783
100	3.8	0.0079837
100	3.9	0.0077724
100	4	0.0078634
110	-4	0.012246
110	-3.9	0.013261
110	-3.8	0.012456
110	-3.7	0.010583
110	-3.6	0.0080201
110	-3.5	0.0088003
110	-3.4	0.012475
110	-3.3	0.015655
110	-3.2	0.017304
110	-3.1	0.016648
110	-3	0.013841
110	-2.9	0.011682
110	-2.8	0.013532
110	-2.7	0.019337
110	-2.6	0.028062
110	-2.5	0.032536
110	-2.4	0.034904
110	-2.3	0.035879
110	-2.2	0.036388
110	-2.1	0.038136
110	-2	0.042073
110	-1.9	0.045602
110	-1.8	0.048802
110	-1.7	0.048554
110	-1.6	0.045323
110	-1.5	0.039549
110	-1.4	0.032909
110	-1.3	0.032127
110	-1.2	0.036442
110	-1.1	0.04395
110	-1	0.051354
110	-0.9	0.058641
110	-0.8	0.062291
110	-0.7	0.061305
110	-0.6	0.057028
110	-0.5	0.047444
110	-0.4	0.038399
110	-0.3	0.032589
110	-0.2	0.024513
110	-0.1	0.02071
110	0	0.019048
110	0.1	0.018754
110	0.2	0.020471
110	0.3	0.022981
110	0.4	0.02869
110	0.5	0.034457
110	0.6	0.040717
110	0.7	0.045137
110	0.8	0.048725
110	0.9	0.049614
110	1	0.048569
110	1.1	0.044976
110	1.2	0.041916
110	1.3	0.03949
110	1.4	0.036663
110	1.5	0.034111
110	1.6	0.032994
110	1.7	0.032445
110	1.8	0.032538
110	1.9	0.032615
110	2	0.032385
110	2.1	0.032148
110	2.2	0.031469
110	2.3	0.029885
110	2.4	0.026787
110	2.5	0.024783
110	2.6	0.022275
110	2.7	0.020813
110	2.8	0.018178
110	2.9	0.015409
110	3	0.014681
110	3.1	0.013878
110	3.2	0.013379
110	3.3	0.013098
110	3.4	0.012532
110	3.5	0.011795
110	3.6	0.011319
110	3.7	0.010695
110	3.8	0.0099371
110	3.9	0.010186
110	4	0.010721
120	-4	0.0091919
120	-3.9	0.010721
120	-3.8	0.010229
120	-3.7	0.009227
120	-3.6	0.0074301
120	-3.5	0.0075445
120	-3.4	0.010257
120	-3.3	0.013111
120	-3.2	0.014726
120	-3.1	0.015012
120	-3	0.01353
120	-2.9	0.011033
120	-2.8	0.011273
120	-2.7	0.017646
120	-2.6	0.023504
120	-2.5	0.028534
120	-2.4	0.033362
120	-2.3	0.036506
120	-2.2	0.037014
120	-2.1	0.038044
120	-2	0.040437
120	-1.9	0.042683
120	-1.8	0.046053
120	-1.7	0.047545
120	-1.6	0.046121
120	-1.5	0.041825
120	-1.4	0.03451
120	-1.3	0.032393
120	-1.2	0.034836
120	-1.1	0.045624
120	-1	0.052848
120	-0.9	0.059006
120	-0.8	0.06237
120	-0.7	0.063671
120	-0.6	0.059573
120	-0.5	0.053512
120	-0.4	0.042985
120	-0.3	0.032346
120	-0.2	0.026465
120	-0.1	0.021758
120	0	0.019395
120	0.1	0.018744
120	0.2	0.020331
120	0.3	0.023335
120	0.4	0.030742
120	0.5	0.037806
120	0.6	0.045979
120	0.7	0.048271
120	0.8	0.052009
120	0.9	0.052138
120	1	0.049704
120	1.1	0.047159
120	1.2	0.042376
120	1.3	0.040152
120	1.4	0.03761
120	1.5	0.035554
120	1.6	0.033555
120	1.7	0.032586
120	1.8	0.03128
120	1.9	0.030518
120	2	0.030194
120	2.1	0.029434
120	2.2	0.028871
120	2.3	0.027806
120	2.4	0.025343
120	2.5	0.023479
120	2.6	0.020822
120	2.7	0.018604
120	2.8	0.015798
120	2.9	0.013573
120	3	0.013013
120	3.1	0.012682
120	3.2	0.012487
120	3.3	0.01046
120	3.4	0.009924
120	3.5	0.0085865
120	3.6	0.0080422
120	3.7	0.0079228
120	3.8	0.0082837
120	3.9	0.0089116
120	4	0.0094417
130	-4	0.011027
130	-3.9	0.011488
130	-3.8	0.011152
130	-3.7	0.010263
130	-3.6	0.0089315
130	-3.5	0.010033
130	-3.4	0.011531
130	-3.3	0.013963
130	-3.2	0.015489
130	-3.1	0.01511
130	-3	0.013107
130	-2.9	0.012062
130	-2.8	0.014966
130	-2.7	0.021984
130	-2.6	0.026389
130	-2.5	0.030554
130	-2.4	0.034594
130	-2.3	0.036238
130	-2.2	0.037473
130	-2.1	0.039902
130	-2	0.043155
130	-1.9	0.045854
130	-1.8	0.049113
130	-1.7	0.049965
130	-1.6	0.047225
130	-1.5	0.041802
130	-1.4	0.035385
130	-1.3	0.032603
130	-1.2	0.03456
130	-1.1	0.041787
130	-1	0.051551
130	-0.9	0.060362
130	-0.8	0.063657
130	-0.7	0.064383
130	-0.6	0.061128
130	-0.5	0.053723
130	-0.4	0.043029
130	-0.3	0.035256
130	-0.2	0.028252
130	-0.1	0.022167
130	0	0.020371
130	0.1	0.019948
130	0.2	0.021474
130	0.3	0.024843
130	0.4	0.029486
130	0.5	0.036973
130	0.6	0.043084
130	0.7	0.049023
130	0.8	0.052152
130	0.9	0.053526
130	1	0.052961
130	1.1	0.048077
130	1.2	0.044382
130	1.3	0.041022
130	1.4	0.036192
130	1.5	0.034337
130	1.6	0.032101
130	1.7	0.032189
130	1.8	0.032498
130	1.9	0.032052
130	2	0.031391
130	2.1	0.029408
130	2.2	0.028702
130	2.3	0.027128
130	2.4	0.025868
130	2.5	0.02326
130	2.6	0.021823
130	2.7	0.019319
130	2.8	0.016973
130	2.9	0.014761
130	3	0.013834
130	3.1	0.012785
130	3.2	0.01244
130	3.3	0.012066
130	3.4	0.01104
130	3.5	0.010189
130	3.6	0.0089874
130	3.7	0.0089892
130	3.8	0.0093971
130	3.9	0.0097565
130	4	0.0098538
140	-4	0.010034
140	-3.9	0.011541
140	-3.8	0.012893
140	-3.7	0.01253
140	-3.6	0.011966
140	-3.5	0.010412
140	-3.4	0.010073
140	-3.3	0.010211
140	-3.2	0.010952
140	-3.1	0.012888
140	-3	0.014496
140	-2.9	0.015581
140	-2.8	0.016967
140	-2.7	0.018522
140	-2.6	0.022792
140	-2.5	0.028897
140	-2.4	0.033359
140	-2.3	0.036182
140	-2.2	0.038986
140	-2.1	0.040468
140	-2	0.042461
140	-1.9	0.044945
140	-1.8	0.046979
140	-1.7	0.047955
140	-1.6	0.045709
140	-1.5	0.040928
140	-1.4	0.037403
140	-1.3	0.033131
140	-1.2	0.033609
140	-1.1	0.040649
140	-1	0.048657
140	-0.9	0.056706
140	-0.8	0.061379
140	-0.7	0.063665
140	-0.6	0.062797
140	-0.5	0.057212
140	-0.4	0.045597
140	-0.3	0.037004
140	-0.2	0.03182
140	-0.1	0.024243
140	0	0.021071
140	0.1	0.019867
140	0.2	0.02071
140	0.3	0.023948
140	0.4	0.029588
140	0.5	0.036637
140	0.6	0.044196
140	0.7	0.049408
140	0.8	0.053452
140	0.9	0.054881
140	1	0.054202
140	1.1	0.050095
140	1.2	0.044717
140	1.3	0.04315
140	1.4	0.039634
140	1.5	0.035951
140	1.6	0.034375
140	1.7	0.033163
140	1.8	0.032932
140	1.9	0.032776
140	2	0.031521
140	2.1	0.029744
140	2.2	0.028053
140	2.3	0.025999
140	2.4	0.02371
140	2.5	0.021848
140	2.6	0.019908
140	2.7	0.018707
140	2.8	0.01712
140	2.9	0.014661
140	3	0.012371
140	3.1	0.01158
140	3.2	0.010336
140	3.3	0.0093712
140	3.4	0.0093764
140	3.5	0.0087505
140	3.6	0.0087837
140	3.7	0.0089532
140	3.8	0.0090144
140	3.9	0.0089784
140	4	0.008846
150	-4	0.010586
150	-3.9	0.0121
150	-3.8	0.012297
150	-3.7	0.011931
150	-3.6	0.01102
150	-3.5	0.010164
150	-3.4	0.010538
150	-3.3	0.010968
150	-3.2	0.011765
150	-3.1	0.012336
150	-3	0.013076
150	-2.9	0.014023
150	-2.8	0.015591
150	-2.7	0.019057
150	-2.6	0.022353
150	-2.5	0.027146
150	-2.4	0.03087
150	-2.3	0.032857
150	-2.2	0.035725
150	-2.1	0.037423
150	-2	0.040276
150	-1.9	0.042945
150	-1.8	0.044487
150	-1.7	0.044886
150	-1.6	0.043506
150	-1.5	0.039459
150	-1.4	0.035281
150	-1.3	0.031489
150	-1.2	0.032932
150	-1.1	0.039307
150	-1	0.048122
150	-0.9	0.05772
150	-0.8	0.063865
150	-0.7	0.066115
150	-0.6	0.065073
150	-0.5	0.058552
150	-0.4	0.046878
150	-0.3	0.038708
150	-0.2	0.030342
150	-0.1	0.024363
150	0	0.018971
150	0.1	0.018501
150	0.2	0.019281
150	0.3	0.022361
150	0.4	0.028805
150	0.5	0.038988
150	0.6	0.045864
150	0.7	0.051703
150	0.8	0.056083
150	0.9	0.057195
150	1	0.055066
150	1.1	0.050703
150	1.2	0.045856
150	1.3	0.042299
150	1.4	0.038831
150	1.5	0.036734
150	1.6	0.035523
150	1.7	0.034663
150	1.8	0.034291
150	1.9	0.032062
150	2	0.029957
150	2.1	0.027584
150	2.2	0.026069
150	2.3	0.025153
150	2.4	0.0235
150	2.5	0.021784
150	2.6	0.020355
150	2.7	0.018852
150	2.8	0.016202
150	2.9	0.013864
150	3	0.011181
150	3.1	0.0089622
150	3.2	0.0085846
150	3.3	0.0094776
150	3.4	0.0094912
150	3.5	0.009778
150	3.6	0.0098587
150	3.7	0.0091408
150	3.8	0.0079979
150	3.9	0.008014
150	4	0.0073404
160	-4	0.0086801
160	-3.9	0.0097532
160	-3.8	0.010284
160	-3.7	0.010194
160	-3.6	0.010609
160	-3.5	0.0097582
160	-3.4	0.010176
160	-3.3	0.010486
160	-3.2	0.011052
160	-3.1	0.011633
160	-3	0.011804
160	-2.9	0.012845
160	-2.8	0.014511
160	-2.7	0.019033
160	-2.6	0.023415
160	-2.5	0.02676
160	-2.4	0.032385
160	-2.3	0.03416
160	-2.2	0.036706
160	-2.1	0.039266
160	-2	0.043114
160	-1.9	0.045004
160	-1.8	0.046295
160	-1.7	0.04644
160	-1.6	0.043006
160	-1.5	0.039156
160	-1.4	0.034683
160	-1.3	0.034007
160	-1.2	0.036218
160	-1.1	0.04308
160	-1	0.049213
160	-0.9	0.058157
160	-0.8	0.06243
160	-0.7	0.06273
160	-0.6	0.060073
160	-0.5	0.055257
160	-0.4	0.04674
160	-0.3	0.038135
160	-0.2	0.028772
160	-0.1	0.023646
160	0	0.020568
160	0.1	0.019235
160	0.2	0.020519
160	0.3	0.022259
160	0.4	0.028109
160	0.5	0.034212
160	0.6	0.043333
160	0.7	0.048279
160	0.8	0.054571
160	0.9	0.055742
160	1	0.055376
160	1.1	0.053433
160	1.2	0.049342
160	1.3	0.04346
160	1.4	0.039923
160	1.5	0.036122
160	1.6	0.034252
160	1.7	0.034005
160	1.8	0.034645
160	1.9	0.033909
160	2	0.032176
160	2.1	0.030333
160	2.2	0.026802
160	2.3	0.023506
160	2.4	0.021303
160	2.5	0.019454
160	2.6	0.018758
160	2.7	0.018375
160	2.8	0.016294
160	2.9	0.01446
160	3	0.012116
160	3.1	0.0087856
160	3.2	0.007617
160	3.3	0.0074018
160	3.4	0.0077119
160	3.5	0.0079898
160	3.6	0.0071236
160	3.7	0.0075979
160	3.8	0.0062538
160	3.9	0.0061127
160	4	0.0069746
170	-4	0.0099906
170	-3.9	0.010915
170	-3.8	0.0099565
170	-3.7	0.0086689
170	-3.6	0.0080442
170	-3.5	0.0085127
170	-3.4	0.010406
170	-3.3	0.012323
170	-3.2	0.013229
170	-3.1	0.01263
170	-3	0.010216
170	-2.9	0.0091408
170	-2.8	0.012248
170	-2.7	0.016833
170	-2.6	0.022487
170	-2.5	0.028577
170	-2.4	0.030843
170	-2.3	0.032399
170	-2.2	0.032584
170	-2.1	0.033598
170	-2	0.037534
170	-1.9	0.040662
170	-1.8	0.043802
170	-1.7	0.045817
170	-1.6	0.044482
170	-1.5	0.036727
170	-1.4	0.032546
170	-1.3	0.029703
170	-1.2	0.031985
170	-1.1	0.038718
170	-1	0.053238
170	-0.9	0.06041
170	-0.8	0.06419
170	-0.7	0.064292
170	-0.6	0.058702
170	-0.5	0.049613
170	-0.4	0.042068
170	-0.3	0.032717
170	-0.2	0.024107
170	-0.1	0.019628
170	0	0.018163
170	0.1	0.018702
170	0.2	0.02172
170	0.3	0.026335
170	0.4	0.031085
170	0.5	0.038391
170	0.6	0.044658
170	0.7	0.048607
170	0.8	0.051212
170	0.9	0.051886
170	1	0.048783
170	1.1	0.04683
170	1.2	0.042739
170	1.3	0.040511
170	1.4	0.036537
170	1.5	0.034522
170	1.6	0.031488
170	1.7	0.030357
170	1.8	0.029452
170	1.9	0.029341
170	2	0.028794
170	2.1	0.028573
170	2.2	0.028338
170	2.3	0.027327
170	2.4	0.024688
170	2.5	0.023037
170	2.6	0.02022
170	2.7	0.018418
170	2.8	0.016943
170	2.9	0.015136
170	3	0.013661
170	3.1	0.012303
170	3.2	0.011308
170	3.3	0.010676
170	3.4	0.0099517
170	3.5	0.010199
170	3.6	0.0098077
170	3.7	0.0092165
170	3.8	0.0091248
170	3.9	0.0090911
170	4	0.0088131
180	-4	0.010766
180	-3.9	0.011848
180	-3.8	0.011339
180	-3.7	0.0089928
180	-3.6	0.0081083
180	-3.5	0.0076909
180	-3.4	0.010165
180	-3.3	0.012714
180	-3.2	0.013853
180	-3.1	0.013328
180	-3	0.010434
180	-2.9	0.0088204
180	-2.8	0.011373
180	-2.7	0.017167
180	-2.6	0.024288
180	-2.5	0.028088
180	-2.4	0.031886
180	-2.3	0.033197
180	-2.2	0.034328
180	-2.1	0.035916
180	-2	0.040096
180	-1.9	0.044401
180	-1.8	0.048074
180	-1.7	0.048502
180	-1.6	0.044284
180	-1.5	0.039075
180	-1.4	0.032443
180	-1.3	0.030334
180	-1.2	0.033845
180	-1.1	0.042944
180	-1	0.051753
180	-0.9	0.05893
180	-0.8	0.061099
180	-0.7	0.060168
180	-0.6	0.057617
180	-0.5	0.049117
180	-0.4	0.041434
180	-0.3	0.030944
180	-0.2	0.026336
180	-0.1	0.022352
180	0	0.019851
180	0.1	0.019648
180	0.2	0.021098
180	0.3	0.026085
180	0.4	0.02955
180	0.5	0.036333
180	0.6	0.043705
180	0.7	0.046368
180	0.8	0.049079
180	0.9	0.050051
180	1	0.048677
180	1.1	0.044564
180	1.2	0.041221
180	1.3	0.039622
180	1.4	0.037091
180	1.5	0.03378
180	1.6	0.032508
180	1.7	0.031081
180	1.8	0.03082
180	1.9	0.029535
180	2	0.028454
180	2.1	0.027933
180	2.2	0.02716
180	2.3	0.025729
180	2.4	0.024238
180	2.5	0.021276
180	2.6	0.019189
180	2.7	0.016716
180	2.8	0.013907
180	2.9	0.011781
180	3	0.0098373
180	3.1	0.0095506
180	3.2	0.0095337
180	3.3	0.0095065
180	3.4	0.008423
180	3.5	0.0083556
180	3.6	0.0069653
180	3.7	0.0062149
180	3.8	0.0065664
180	3.9	0.0072272
180	4	0.0075894
 
Uniformity Ratio =0.66472
