12-Sep-2017
6:36
TXR  007928 RM436 R24
33511B Function Generator
SN =Agilent Technologies,33511B,MY52301476,3.05-1.19-2.00-52-00
freq =+9.090000000000000E+06
burstmode =TRIG
burstN =+6.000000000000000E+01
voltage =+1.5000000000000E-01
 
DSO-X 2022A Oscilloscope
SN =AGILENT TECHNOLOGIES,DSO-X 2022A,MY54310921,02.41.2015102200
probe =+1.0000000E+00
scale =+500.0E-09
position =+19.900000E-06
range =+1.60E+00
units =VOLT
points =+2000
pointmode =NORM
format =BYTE
acqtype =NORM
trigsource =EXT
coupling =AC
 
-180	-4	0.009783
-180	-3.9	0.0091954
-180	-3.8	0.010222
-180	-3.7	0.01089
-180	-3.6	0.011164
-180	-3.5	0.013046
-180	-3.4	0.012572
-180	-3.3	0.013211
-180	-3.2	0.01214
-180	-3.1	0.012371
-180	-3	0.014717
-180	-2.9	0.017416
-180	-2.8	0.022316
-180	-2.7	0.024199
-180	-2.6	0.025714
-180	-2.5	0.02609
-180	-2.4	0.025808
-180	-2.3	0.026896
-180	-2.2	0.030206
-180	-2.1	0.033974
-180	-2	0.035647
-180	-1.9	0.037488
-180	-1.8	0.036236
-180	-1.7	0.03486
-180	-1.6	0.033096
-180	-1.5	0.034847
-180	-1.4	0.038338
-180	-1.3	0.045024
-180	-1.2	0.052216
-180	-1.1	0.058295
-180	-1	0.062464
-180	-0.9	0.061877
-180	-0.8	0.059118
-180	-0.7	0.049063
-180	-0.6	0.041094
-180	-0.5	0.034447
-180	-0.4	0.027132
-180	-0.3	0.021086
-180	-0.2	0.019768
-180	-0.1	0.020112
-180	0	0.020536
-180	0.1	0.021321
-180	0.2	0.022981
-180	0.3	0.027533
-180	0.4	0.032832
-180	0.5	0.040845
-180	0.6	0.044443
-180	0.7	0.049028
-180	0.8	0.050118
-180	0.9	0.050315
-180	1	0.0488
-180	1.1	0.045944
-180	1.2	0.042465
-180	1.3	0.039196
-180	1.4	0.036529
-180	1.5	0.034483
-180	1.6	0.03253
-180	1.7	0.030211
-180	1.8	0.029169
-180	1.9	0.028962
-180	2	0.027799
-180	2.1	0.027156
-180	2.2	0.026396
-180	2.3	0.024757
-180	2.4	0.024085
-180	2.5	0.022141
-180	2.6	0.020392
-180	2.7	0.018941
-180	2.8	0.018262
-180	2.9	0.017237
-180	3	0.01565
-180	3.1	0.014802
-180	3.2	0.013215
-180	3.3	0.012719
-180	3.4	0.012151
-180	3.5	0.011649
-180	3.6	0.011288
-180	3.7	0.010754
-180	3.8	0.010894
-180	3.9	0.010529
-180	4	0.0096516
-170	-4	0.0095591
-170	-3.9	0.01056
-170	-3.8	0.011145
-170	-3.7	0.010757
-170	-3.6	0.011194
-170	-3.5	0.010799
-170	-3.4	0.011931
-170	-3.3	0.013145
-170	-3.2	0.014521
-170	-3.1	0.015574
-170	-3	0.01769
-170	-2.9	0.019244
-170	-2.8	0.021714
-170	-2.7	0.024405
-170	-2.6	0.025418
-170	-2.5	0.025546
-170	-2.4	0.026595
-170	-2.3	0.029464
-170	-2.2	0.032524
-170	-2.1	0.034918
-170	-2	0.037501
-170	-1.9	0.037727
-170	-1.8	0.036962
-170	-1.7	0.035489
-170	-1.6	0.035505
-170	-1.5	0.036675
-170	-1.4	0.041985
-170	-1.3	0.046078
-170	-1.2	0.053616
-170	-1.1	0.058366
-170	-1	0.062466
-170	-0.9	0.062016
-170	-0.8	0.057874
-170	-0.7	0.049966
-170	-0.6	0.041563
-170	-0.5	0.034256
-170	-0.4	0.02594
-170	-0.3	0.021748
-170	-0.2	0.02072
-170	-0.1	0.020824
-170	0	0.021696
-170	0.1	0.022738
-170	0.2	0.02588
-170	0.3	0.032367
-170	0.4	0.039825
-170	0.5	0.043452
-170	0.6	0.049782
-170	0.7	0.052384
-170	0.8	0.053641
-170	0.9	0.052774
-170	1	0.050392
-170	1.1	0.046204
-170	1.2	0.043304
-170	1.3	0.039068
-170	1.4	0.036463
-170	1.5	0.034027
-170	1.6	0.032039
-170	1.7	0.030245
-170	1.8	0.028747
-170	1.9	0.02716
-170	2	0.025894
-170	2.1	0.024534
-170	2.2	0.024369
-170	2.3	0.022917
-170	2.4	0.021406
-170	2.5	0.019766
-170	2.6	0.0184
-170	2.7	0.016905
-170	2.8	0.01622
-170	2.9	0.015448
-170	3	0.014537
-170	3.1	0.013718
-170	3.2	0.012891
-170	3.3	0.012088
-170	3.4	0.010974
-170	3.5	0.010607
-170	3.6	0.0099224
-170	3.7	0.010219
-170	3.8	0.010322
-170	3.9	0.010289
-170	4	0.01109
-160	-4	0.010132
-160	-3.9	0.0094946
-160	-3.8	0.0098143
-160	-3.7	0.010188
-160	-3.6	0.011138
-160	-3.5	0.013362
-160	-3.4	0.014441
-160	-3.3	0.014366
-160	-3.2	0.01398
-160	-3.1	0.014246
-160	-3	0.015255
-160	-2.9	0.017828
-160	-2.8	0.022363
-160	-2.7	0.024907
-160	-2.6	0.026915
-160	-2.5	0.027797
-160	-2.4	0.028392
-160	-2.3	0.029818
-160	-2.2	0.03226
-160	-2.1	0.034415
-160	-2	0.036677
-160	-1.9	0.037108
-160	-1.8	0.036803
-160	-1.7	0.036622
-160	-1.6	0.03768
-160	-1.5	0.040257
-160	-1.4	0.044497
-160	-1.3	0.049793
-160	-1.2	0.055734
-160	-1.1	0.059684
-160	-1	0.061573
-160	-0.9	0.060268
-160	-0.8	0.054885
-160	-0.7	0.045672
-160	-0.6	0.037663
-160	-0.5	0.030234
-160	-0.4	0.025381
-160	-0.3	0.021483
-160	-0.2	0.020562
-160	-0.1	0.020898
-160	0	0.021358
-160	0.1	0.0237
-160	0.2	0.027855
-160	0.3	0.033404
-160	0.4	0.040614
-160	0.5	0.04569
-160	0.6	0.049602
-160	0.7	0.052681
-160	0.8	0.052781
-160	0.9	0.052358
-160	1	0.048868
-160	1.1	0.047186
-160	1.2	0.043783
-160	1.3	0.040371
-160	1.4	0.038336
-160	1.5	0.036062
-160	1.6	0.033506
-160	1.7	0.031982
-160	1.8	0.030511
-160	1.9	0.029793
-160	2	0.029108
-160	2.1	0.028016
-160	2.2	0.026931
-160	2.3	0.025032
-160	2.4	0.022387
-160	2.5	0.02106
-160	2.6	0.019975
-160	2.7	0.018504
-160	2.8	0.017943
-160	2.9	0.016566
-160	3	0.016134
-160	3.1	0.014263
-160	3.2	0.014094
-160	3.3	0.011701
-160	3.4	0.012306
-160	3.5	0.01195
-160	3.6	0.011423
-160	3.7	0.010965
-160	3.8	0.011094
-160	3.9	0.01065
-160	4	0.01111
-150	-4	0.0099012
-150	-3.9	0.0088679
-150	-3.8	0.010575
-150	-3.7	0.01139
-150	-3.6	0.013969
-150	-3.5	0.014596
-150	-3.4	0.01468
-150	-3.3	0.01369
-150	-3.2	0.013138
-150	-3.1	0.014854
-150	-3	0.018247
-150	-2.9	0.022253
-150	-2.8	0.025528
-150	-2.7	0.028459
-150	-2.6	0.029037
-150	-2.5	0.028835
-150	-2.4	0.028804
-150	-2.3	0.031397
-150	-2.2	0.034363
-150	-2.1	0.036643
-150	-2	0.039027
-150	-1.9	0.039313
-150	-1.8	0.038165
-150	-1.7	0.037883
-150	-1.6	0.039105
-150	-1.5	0.041441
-150	-1.4	0.045531
-150	-1.3	0.050421
-150	-1.2	0.057451
-150	-1.1	0.060802
-150	-1	0.06138
-150	-0.9	0.058961
-150	-0.8	0.051578
-150	-0.7	0.044566
-150	-0.6	0.035407
-150	-0.5	0.026927
-150	-0.4	0.022359
-150	-0.3	0.021213
-150	-0.2	0.021942
-150	-0.1	0.022116
-150	0	0.022995
-150	0.1	0.025204
-150	0.2	0.031069
-150	0.3	0.035857
-150	0.4	0.042835
-150	0.5	0.047134
-150	0.6	0.051649
-150	0.7	0.053805
-150	0.8	0.053848
-150	0.9	0.052911
-150	1	0.049716
-150	1.1	0.046494
-150	1.2	0.044006
-150	1.3	0.04037
-150	1.4	0.037288
-150	1.5	0.035032
-150	1.6	0.034051
-150	1.7	0.032862
-150	1.8	0.032059
-150	1.9	0.031033
-150	2	0.02994
-150	2.1	0.027926
-150	2.2	0.026312
-150	2.3	0.025043
-150	2.4	0.023243
-150	2.5	0.022934
-150	2.6	0.021421
-150	2.7	0.021
-150	2.8	0.01801
-150	2.9	0.01664
-150	3	0.01461
-150	3.1	0.012842
-150	3.2	0.012138
-150	3.3	0.012419
-150	3.4	0.012806
-150	3.5	0.012541
-150	3.6	0.011864
-150	3.7	0.011345
-150	3.8	0.010359
-150	3.9	0.010931
-150	4	0.010563
-140	-4	0.01108
-140	-3.9	0.010987
-140	-3.8	0.011426
-140	-3.7	0.01278
-140	-3.6	0.01308
-140	-3.5	0.014439
-140	-3.4	0.015128
-140	-3.3	0.015533
-140	-3.2	0.016167
-140	-3.1	0.016966
-140	-3	0.018589
-140	-2.9	0.020833
-140	-2.8	0.024799
-140	-2.7	0.026283
-140	-2.6	0.027773
-140	-2.5	0.028617
-140	-2.4	0.029108
-140	-2.3	0.030706
-140	-2.2	0.033112
-140	-2.1	0.035087
-140	-2	0.037242
-140	-1.9	0.037301
-140	-1.8	0.037849
-140	-1.7	0.037778
-140	-1.6	0.038444
-140	-1.5	0.041534
-140	-1.4	0.045408
-140	-1.3	0.051388
-140	-1.2	0.057416
-140	-1.1	0.060889
-140	-1	0.062351
-140	-0.9	0.058749
-140	-0.8	0.052154
-140	-0.7	0.042447
-140	-0.6	0.036929
-140	-0.5	0.02779
-140	-0.4	0.02164
-140	-0.3	0.01954
-140	-0.2	0.019723
-140	-0.1	0.019555
-140	0	0.020465
-140	0.1	0.023463
-140	0.2	0.031039
-140	0.3	0.037662
-140	0.4	0.046979
-140	0.5	0.052344
-140	0.6	0.05585
-140	0.7	0.057045
-140	0.8	0.055516
-140	0.9	0.053435
-140	1	0.049334
-140	1.1	0.046607
-140	1.2	0.043139
-140	1.3	0.041612
-140	1.4	0.03852
-140	1.5	0.035749
-140	1.6	0.034032
-140	1.7	0.031097
-140	1.8	0.028243
-140	1.9	0.027897
-140	2	0.027996
-140	2.1	0.027011
-140	2.2	0.026724
-140	2.3	0.025417
-140	2.4	0.022031
-140	2.5	0.019956
-140	2.6	0.017987
-140	2.7	0.016292
-140	2.8	0.015359
-140	2.9	0.014847
-140	3	0.01458
-140	3.1	0.013874
-140	3.2	0.01268
-140	3.3	0.011475
-140	3.4	0.010736
-140	3.5	0.010549
-140	3.6	0.010668
-140	3.7	0.010469
-140	3.8	0.010805
-140	3.9	0.0096633
-140	4	0.0091248
-130	-4	0.012092
-130	-3.9	0.012405
-130	-3.8	0.011672
-130	-3.7	0.01189
-130	-3.6	0.014204
-130	-3.5	0.015134
-130	-3.4	0.016339
-130	-3.3	0.018227
-130	-3.2	0.017771
-130	-3.1	0.017983
-130	-3	0.020004
-130	-2.9	0.023888
-130	-2.8	0.027004
-130	-2.7	0.030433
-130	-2.6	0.031592
-130	-2.5	0.031692
-130	-2.4	0.031832
-130	-2.3	0.032891
-130	-2.2	0.033983
-130	-2.1	0.037288
-130	-2	0.038652
-130	-1.9	0.039602
-130	-1.8	0.038983
-130	-1.7	0.038706
-130	-1.6	0.038953
-130	-1.5	0.041747
-130	-1.4	0.045903
-130	-1.3	0.052382
-130	-1.2	0.056504
-130	-1.1	0.061479
-130	-1	0.061577
-130	-0.9	0.057568
-130	-0.8	0.051779
-130	-0.7	0.043073
-130	-0.6	0.03241
-130	-0.5	0.024749
-130	-0.4	0.020717
-130	-0.3	0.019714
-130	-0.2	0.019865
-130	-0.1	0.020003
-130	0	0.022127
-130	0.1	0.026009
-130	0.2	0.03109
-130	0.3	0.041089
-130	0.4	0.047593
-130	0.5	0.054595
-130	0.6	0.057623
-130	0.7	0.05834
-130	0.8	0.05667
-130	0.9	0.053433
-130	1	0.050484
-130	1.1	0.045876
-130	1.2	0.043293
-130	1.3	0.040024
-130	1.4	0.037426
-130	1.5	0.034996
-130	1.6	0.032547
-130	1.7	0.029432
-130	1.8	0.028631
-130	1.9	0.027767
-130	2	0.027219
-130	2.1	0.027324
-130	2.2	0.026366
-130	2.3	0.024315
-130	2.4	0.022404
-130	2.5	0.020745
-130	2.6	0.017511
-130	2.7	0.016361
-130	2.8	0.015913
-130	2.9	0.015382
-130	3	0.015268
-130	3.1	0.014269
-130	3.2	0.012666
-130	3.3	0.011701
-130	3.4	0.011461
-130	3.5	0.010578
-130	3.6	0.011026
-130	3.7	0.011389
-130	3.8	0.011661
-130	3.9	0.010638
-130	4	0.0107
-120	-4	0.011734
-120	-3.9	0.011976
-120	-3.8	0.011168
-120	-3.7	0.012523
-120	-3.6	0.014457
-120	-3.5	0.016052
-120	-3.4	0.017109
-120	-3.3	0.017
-120	-3.2	0.016631
-120	-3.1	0.01727
-120	-3	0.020045
-120	-2.9	0.024079
-120	-2.8	0.02828
-120	-2.7	0.029656
-120	-2.6	0.031125
-120	-2.5	0.03116
-120	-2.4	0.03111
-120	-2.3	0.031449
-120	-2.2	0.03406
-120	-2.1	0.03594
-120	-2	0.039037
-120	-1.9	0.03964
-120	-1.8	0.038978
-120	-1.7	0.037278
-120	-1.6	0.03774
-120	-1.5	0.040546
-120	-1.4	0.045487
-120	-1.3	0.052778
-120	-1.2	0.057545
-120	-1.1	0.06039
-120	-1	0.059476
-120	-0.9	0.055517
-120	-0.8	0.045439
-120	-0.7	0.038045
-120	-0.6	0.028913
-120	-0.5	0.022743
-120	-0.4	0.019232
-120	-0.3	0.019485
-120	-0.2	0.019732
-120	-0.1	0.019765
-120	0	0.022072
-120	0.1	0.025944
-120	0.2	0.035366
-120	0.3	0.040797
-120	0.4	0.050149
-120	0.5	0.054563
-120	0.6	0.057371
-120	0.7	0.0569
-120	0.8	0.055252
-120	0.9	0.050308
-120	1	0.046873
-120	1.1	0.042362
-120	1.2	0.039536
-120	1.3	0.037605
-120	1.4	0.034704
-120	1.5	0.033086
-120	1.6	0.031631
-120	1.7	0.030035
-120	1.8	0.028741
-120	1.9	0.027711
-120	2	0.026798
-120	2.1	0.025951
-120	2.2	0.024628
-120	2.3	0.022046
-120	2.4	0.020871
-120	2.5	0.019104
-120	2.6	0.018377
-120	2.7	0.016853
-120	2.8	0.016536
-120	2.9	0.015687
-120	3	0.015607
-120	3.1	0.01355
-120	3.2	0.012542
-120	3.3	0.012506
-120	3.4	0.011415
-120	3.5	0.011373
-120	3.6	0.011911
-120	3.7	0.012148
-120	3.8	0.012166
-120	3.9	0.010948
-120	4	0.011503
-110	-4	0.01154
-110	-3.9	0.010486
-110	-3.8	0.011597
-110	-3.7	0.013787
-110	-3.6	0.015648
-110	-3.5	0.016866
-110	-3.4	0.017395
-110	-3.3	0.017041
-110	-3.2	0.016275
-110	-3.1	0.018266
-110	-3	0.02136
-110	-2.9	0.025404
-110	-2.8	0.028742
-110	-2.7	0.029794
-110	-2.6	0.029102
-110	-2.5	0.028643
-110	-2.4	0.029418
-110	-2.3	0.030684
-110	-2.2	0.033283
-110	-2.1	0.036506
-110	-2	0.036816
-110	-1.9	0.036569
-110	-1.8	0.03449
-110	-1.7	0.03351
-110	-1.6	0.033732
-110	-1.5	0.037932
-110	-1.4	0.04321
-110	-1.3	0.04925
-110	-1.2	0.054831
-110	-1.1	0.057986
-110	-1	0.056616
-110	-0.9	0.051891
-110	-0.8	0.044238
-110	-0.7	0.037975
-110	-0.6	0.028438
-110	-0.5	0.021738
-110	-0.4	0.019734
-110	-0.3	0.019424
-110	-0.2	0.020534
-110	-0.1	0.021729
-110	0	0.023888
-110	0.1	0.027911
-110	0.2	0.036191
-110	0.3	0.042591
-110	0.4	0.047861
-110	0.5	0.051526
-110	0.6	0.055246
-110	0.7	0.055219
-110	0.8	0.053632
-110	0.9	0.050478
-110	1	0.046569
-110	1.1	0.042251
-110	1.2	0.039064
-110	1.3	0.036073
-110	1.4	0.034232
-110	1.5	0.032339
-110	1.6	0.030859
-110	1.7	0.029985
-110	1.8	0.029413
-110	1.9	0.028847
-110	2	0.028211
-110	2.1	0.027258
-110	2.2	0.026113
-110	2.3	0.024327
-110	2.4	0.021901
-110	2.5	0.020421
-110	2.6	0.018329
-110	2.7	0.017488
-110	2.8	0.016353
-110	2.9	0.016096
-110	3	0.015634
-110	3.1	0.015435
-110	3.2	0.014225
-110	3.3	0.014305
-110	3.4	0.01253
-110	3.5	0.011599
-110	3.6	0.011982
-110	3.7	0.011573
-110	3.8	0.012813
-110	3.9	0.012484
-110	4	0.012674
-100	-4	0.010124
-100	-3.9	0.011204
-100	-3.8	0.012241
-100	-3.7	0.014206
-100	-3.6	0.015879
-100	-3.5	0.016275
-100	-3.4	0.016097
-100	-3.3	0.016349
-100	-3.2	0.016857
-100	-3.1	0.019003
-100	-3	0.022708
-100	-2.9	0.026015
-100	-2.8	0.0279
-100	-2.7	0.029054
-100	-2.6	0.029533
-100	-2.5	0.029365
-100	-2.4	0.030469
-100	-2.3	0.033423
-100	-2.2	0.034755
-100	-2.1	0.036918
-100	-2	0.037947
-100	-1.9	0.036815
-100	-1.8	0.035317
-100	-1.7	0.034744
-100	-1.6	0.035659
-100	-1.5	0.038437
-100	-1.4	0.045932
-100	-1.3	0.051541
-100	-1.2	0.057057
-100	-1.1	0.057948
-100	-1	0.056928
-100	-0.9	0.050692
-100	-0.8	0.044413
-100	-0.7	0.034023
-100	-0.6	0.027509
-100	-0.5	0.021761
-100	-0.4	0.019388
-100	-0.3	0.019144
-100	-0.2	0.019138
-100	-0.1	0.019468
-100	0	0.022178
-100	0.1	0.02645
-100	0.2	0.034417
-100	0.3	0.039778
-100	0.4	0.046951
-100	0.5	0.051484
-100	0.6	0.054601
-100	0.7	0.055318
-100	0.8	0.052897
-100	0.9	0.050062
-100	1	0.045012
-100	1.1	0.041893
-100	1.2	0.039265
-100	1.3	0.036992
-100	1.4	0.035523
-100	1.5	0.034542
-100	1.6	0.032761
-100	1.7	0.031403
-100	1.8	0.030535
-100	1.9	0.029543
-100	2	0.028791
-100	2.1	0.028014
-100	2.2	0.026989
-100	2.3	0.024936
-100	2.4	0.022764
-100	2.5	0.021157
-100	2.6	0.018674
-100	2.7	0.01708
-100	2.8	0.016036
-100	2.9	0.0154
-100	3	0.013779
-100	3.1	0.012815
-100	3.2	0.012099
-100	3.3	0.011651
-100	3.4	0.011624
-100	3.5	0.01124
-100	3.6	0.012108
-100	3.7	0.011135
-100	3.8	0.011642
-100	3.9	0.0096197
-100	4	0.009554
-90	-4	0.01194
-90	-3.9	0.011429
-90	-3.8	0.011771
-90	-3.7	0.012683
-90	-3.6	0.012667
-90	-3.5	0.014037
-90	-3.4	0.014685
-90	-3.3	0.014628
-90	-3.2	0.015598
-90	-3.1	0.017213
-90	-3	0.018707
-90	-2.9	0.021135
-90	-2.8	0.024279
-90	-2.7	0.025528
-90	-2.6	0.027025
-90	-2.5	0.028413
-90	-2.4	0.029876
-90	-2.3	0.031234
-90	-2.2	0.031919
-90	-2.1	0.033378
-90	-2	0.033346
-90	-1.9	0.032484
-90	-1.8	0.03214
-90	-1.7	0.032336
-90	-1.6	0.033754
-90	-1.5	0.038636
-90	-1.4	0.04449
-90	-1.3	0.050196
-90	-1.2	0.054999
-90	-1.1	0.056939
-90	-1	0.055862
-90	-0.9	0.049065
-90	-0.8	0.042345
-90	-0.7	0.034372
-90	-0.6	0.027978
-90	-0.5	0.020009
-90	-0.4	0.017692
-90	-0.3	0.018319
-90	-0.2	0.017593
-90	-0.1	0.017044
-90	0	0.017545
-90	0.1	0.022649
-90	0.2	0.030313
-90	0.3	0.037122
-90	0.4	0.047121
-90	0.5	0.051589
-90	0.6	0.05626
-90	0.7	0.056463
-90	0.8	0.053713
-90	0.9	0.049976
-90	1	0.045626
-90	1.1	0.040838
-90	1.2	0.037525
-90	1.3	0.036243
-90	1.4	0.035202
-90	1.5	0.034249
-90	1.6	0.032929
-90	1.7	0.031146
-90	1.8	0.030373
-90	1.9	0.028081
-90	2	0.027227
-90	2.1	0.026566
-90	2.2	0.024855
-90	2.3	0.022824
-90	2.4	0.021011
-90	2.5	0.018343
-90	2.6	0.016588
-90	2.7	0.015892
-90	2.8	0.013896
-90	2.9	0.013813
-90	3	0.012767
-90	3.1	0.01207
-90	3.2	0.011112
-90	3.3	0.010629
-90	3.4	0.01029
-90	3.5	0.010792
-90	3.6	0.010156
-90	3.7	0.010772
-90	3.8	0.010161
-90	3.9	0.0092776
-90	4	0.0088716
-80	-4	0.0097
-80	-3.9	0.0107
-80	-3.8	0.011441
-80	-3.7	0.012989
-80	-3.6	0.013219
-80	-3.5	0.013485
-80	-3.4	0.012714
-80	-3.3	0.012138
-80	-3.2	0.012474
-80	-3.1	0.014525
-80	-3	0.017656
-80	-2.9	0.021998
-80	-2.8	0.024532
-80	-2.7	0.026144
-80	-2.6	0.026176
-80	-2.5	0.02602
-80	-2.4	0.02713
-80	-2.3	0.029396
-80	-2.2	0.031277
-80	-2.1	0.033597
-80	-2	0.03415
-80	-1.9	0.033127
-80	-1.8	0.03078
-80	-1.7	0.02946
-80	-1.6	0.031372
-80	-1.5	0.034373
-80	-1.4	0.042488
-80	-1.3	0.049764
-80	-1.2	0.054134
-80	-1.1	0.05609
-80	-1	0.052919
-80	-0.9	0.046374
-80	-0.8	0.038675
-80	-0.7	0.030498
-80	-0.6	0.024491
-80	-0.5	0.017742
-80	-0.4	0.016537
-80	-0.3	0.01663
-80	-0.2	0.017233
-80	-0.1	0.016825
-80	0	0.017787
-80	0.1	0.022769
-80	0.2	0.029019
-80	0.3	0.037153
-80	0.4	0.0424
-80	0.5	0.047419
-80	0.6	0.050165
-80	0.7	0.050686
-80	0.8	0.048286
-80	0.9	0.044752
-80	1	0.042084
-80	1.1	0.038569
-80	1.2	0.035577
-80	1.3	0.033275
-80	1.4	0.032368
-80	1.5	0.031267
-80	1.6	0.031082
-80	1.7	0.030706
-80	1.8	0.030572
-80	1.9	0.029699
-80	2	0.028658
-80	2.1	0.027077
-80	2.2	0.02508
-80	2.3	0.02336
-80	2.4	0.020732
-80	2.5	0.018828
-80	2.6	0.017519
-80	2.7	0.01592
-80	2.8	0.015356
-80	2.9	0.013546
-80	3	0.013426
-80	3.1	0.012316
-80	3.2	0.011489
-80	3.3	0.011046
-80	3.4	0.012008
-80	3.5	0.010885
-80	3.6	0.010343
-80	3.7	0.0096533
-80	3.8	0.010577
-80	3.9	0.0095979
-80	4	0.010089
-70	-4	0.010348
-70	-3.9	0.012024
-70	-3.8	0.011517
-70	-3.7	0.01143
-70	-3.6	0.012497
-70	-3.5	0.013315
-70	-3.4	0.012969
-70	-3.3	0.012617
-70	-3.2	0.013018
-70	-3.1	0.014601
-70	-3	0.016946
-70	-2.9	0.019174
-70	-2.8	0.020444
-70	-2.7	0.021282
-70	-2.6	0.022728
-70	-2.5	0.023728
-70	-2.4	0.025913
-70	-2.3	0.028069
-70	-2.2	0.030482
-70	-2.1	0.032122
-70	-2	0.031828
-70	-1.9	0.030064
-70	-1.8	0.027523
-70	-1.7	0.02549
-70	-1.6	0.026995
-70	-1.5	0.031428
-70	-1.4	0.03926
-70	-1.3	0.046155
-70	-1.2	0.050701
-70	-1.1	0.052993
-70	-1	0.05142
-70	-0.9	0.045309
-70	-0.8	0.038161
-70	-0.7	0.030098
-70	-0.6	0.024207
-70	-0.5	0.017123
-70	-0.4	0.015164
-70	-0.3	0.015833
-70	-0.2	0.015674
-70	-0.1	0.015495
-70	0	0.01645
-70	0.1	0.019918
-70	0.2	0.024996
-70	0.3	0.032536
-70	0.4	0.039137
-70	0.5	0.045134
-70	0.6	0.047576
-70	0.7	0.046889
-70	0.8	0.044294
-70	0.9	0.040625
-70	1	0.035657
-70	1.1	0.031843
-70	1.2	0.030304
-70	1.3	0.028635
-70	1.4	0.028347
-70	1.5	0.028712
-70	1.6	0.028858
-70	1.7	0.028595
-70	1.8	0.027446
-70	1.9	0.026646
-70	2	0.025177
-70	2.1	0.023344
-70	2.2	0.022318
-70	2.3	0.020826
-70	2.4	0.019719
-70	2.5	0.017868
-70	2.6	0.01586
-70	2.7	0.015098
-70	2.8	0.013258
-70	2.9	0.012881
-70	3	0.012467
-70	3.1	0.012784
-70	3.2	0.012867
-70	3.3	0.01276
-70	3.4	0.012961
-70	3.5	0.01173
-70	3.6	0.012055
-70	3.7	0.010905
-70	3.8	0.011266
-70	3.9	0.010329
-70	4	0.0097333
-60	-4	0.010279
-60	-3.9	0.01085
-60	-3.8	0.011238
-60	-3.7	0.011393
-60	-3.6	0.011427
-60	-3.5	0.011517
-60	-3.4	0.011225
-60	-3.3	0.011545
-60	-3.2	0.011747
-60	-3.1	0.012978
-60	-3	0.013967
-60	-2.9	0.015731
-60	-2.8	0.016437
-60	-2.7	0.017881
-60	-2.6	0.018252
-60	-2.5	0.019934
-60	-2.4	0.02296
-60	-2.3	0.02659
-60	-2.2	0.0288
-60	-2.1	0.030171
-60	-2	0.029713
-60	-1.9	0.026526
-60	-1.8	0.023357
-60	-1.7	0.021762
-60	-1.6	0.02163
-60	-1.5	0.02741
-60	-1.4	0.034186
-60	-1.3	0.039374
-60	-1.2	0.046301
-60	-1.1	0.048485
-60	-1	0.047871
-60	-0.9	0.04369
-60	-0.8	0.035691
-60	-0.7	0.030093
-60	-0.6	0.022492
-60	-0.5	0.017231
-60	-0.4	0.014251
-60	-0.3	0.014971
-60	-0.2	0.015067
-60	-0.1	0.0141
-60	0	0.014746
-60	0.1	0.018064
-60	0.2	0.021525
-60	0.3	0.02803
-60	0.4	0.034291
-60	0.5	0.038801
-60	0.6	0.041872
-60	0.7	0.042184
-60	0.8	0.040546
-60	0.9	0.037094
-60	1	0.032234
-60	1.1	0.02987
-60	1.2	0.026785
-60	1.3	0.026397
-60	1.4	0.025257
-60	1.5	0.025715
-60	1.6	0.025378
-60	1.7	0.025135
-60	1.8	0.025066
-60	1.9	0.024468
-60	2	0.024209
-60	2.1	0.023265
-60	2.2	0.022676
-60	2.3	0.020838
-60	2.4	0.018819
-60	2.5	0.016697
-60	2.6	0.014125
-60	2.7	0.013703
-60	2.8	0.012674
-60	2.9	0.012948
-60	3	0.013448
-60	3.1	0.0124
-60	3.2	0.012152
-60	3.3	0.011829
-60	3.4	0.01081
-60	3.5	0.01
-60	3.6	0.010811
-60	3.7	0.011856
-60	3.8	0.01314
-60	3.9	0.012298
-60	4	0.011429
-50	-4	0.010274
-50	-3.9	0.011109
-50	-3.8	0.010949
-50	-3.7	0.011552
-50	-3.6	0.012076
-50	-3.5	0.012505
-50	-3.4	0.012123
-50	-3.3	0.010896
-50	-3.2	0.01109
-50	-3.1	0.011024
-50	-3	0.011526
-50	-2.9	0.013905
-50	-2.8	0.015554
-50	-2.7	0.016783
-50	-2.6	0.017723
-50	-2.5	0.019202
-50	-2.4	0.02082
-50	-2.3	0.023573
-50	-2.2	0.026542
-50	-2.1	0.027971
-50	-2	0.027429
-50	-1.9	0.025055
-50	-1.8	0.022481
-50	-1.7	0.019009
-50	-1.6	0.018389
-50	-1.5	0.021564
-50	-1.4	0.027787
-50	-1.3	0.034495
-50	-1.2	0.040208
-50	-1.1	0.043591
-50	-1	0.043812
-50	-0.9	0.041106
-50	-0.8	0.0362
-50	-0.7	0.030007
-50	-0.6	0.021546
-50	-0.5	0.017563
-50	-0.4	0.013798
-50	-0.3	0.014008
-50	-0.2	0.01382
-50	-0.1	0.013444
-50	0	0.013771
-50	0.1	0.015761
-50	0.2	0.01931
-50	0.3	0.025514
-50	0.4	0.032734
-50	0.5	0.035701
-50	0.6	0.038953
-50	0.7	0.039276
-50	0.8	0.037887
-50	0.9	0.033056
-50	1	0.030011
-50	1.1	0.025743
-50	1.2	0.023535
-50	1.3	0.02226
-50	1.4	0.022431
-50	1.5	0.023151
-50	1.6	0.023968
-50	1.7	0.025047
-50	1.8	0.025245
-50	1.9	0.02493
-50	2	0.023957
-50	2.1	0.022572
-50	2.2	0.020417
-50	2.3	0.019095
-50	2.4	0.017067
-50	2.5	0.014525
-50	2.6	0.013034
-50	2.7	0.01209
-50	2.8	0.012252
-50	2.9	0.013182
-50	3	0.013725
-50	3.1	0.012297
-50	3.2	0.01206
-50	3.3	0.010936
-50	3.4	0.0097912
-50	3.5	0.01102
-50	3.6	0.010654
-50	3.7	0.011106
-50	3.8	0.012204
-50	3.9	0.011997
-50	4	0.011593
-40	-4	0.011033
-40	-3.9	0.011667
-40	-3.8	0.011657
-40	-3.7	0.01244
-40	-3.6	0.012795
-40	-3.5	0.014716
-40	-3.4	0.013303
-40	-3.3	0.011823
-40	-3.2	0.0099792
-40	-3.1	0.0096063
-40	-3	0.010872
-40	-2.9	0.013777
-40	-2.8	0.014262
-40	-2.7	0.014937
-40	-2.6	0.015356
-40	-2.5	0.016382
-40	-2.4	0.020444
-40	-2.3	0.02294
-40	-2.2	0.027142
-40	-2.1	0.029008
-40	-2	0.02851
-40	-1.9	0.025817
-40	-1.8	0.023043
-40	-1.7	0.01802
-40	-1.6	0.016285
-40	-1.5	0.018716
-40	-1.4	0.024343
-40	-1.3	0.030865
-40	-1.2	0.037359
-40	-1.1	0.043201
-40	-1	0.044276
-40	-0.9	0.042822
-40	-0.8	0.037913
-40	-0.7	0.031532
-40	-0.6	0.023287
-40	-0.5	0.016696
-40	-0.4	0.013507
-40	-0.3	0.013584
-40	-0.2	0.013378
-40	-0.1	0.01345
-40	0	0.012281
-40	0.1	0.013956
-40	0.2	0.018
-40	0.3	0.023143
-40	0.4	0.028125
-40	0.5	0.032355
-40	0.6	0.035913
-40	0.7	0.036725
-40	0.8	0.035014
-40	0.9	0.032476
-40	1	0.028405
-40	1.1	0.024701
-40	1.2	0.022673
-40	1.3	0.02141
-40	1.4	0.021934
-40	1.5	0.023007
-40	1.6	0.024671
-40	1.7	0.024368
-40	1.8	0.024412
-40	1.9	0.02352
-40	2	0.022314
-40	2.1	0.020919
-40	2.2	0.019302
-40	2.3	0.017667
-40	2.4	0.015971
-40	2.5	0.013953
-40	2.6	0.013383
-40	2.7	0.011976
-40	2.8	0.011531
-40	2.9	0.010998
-40	3	0.011453
-40	3.1	0.010688
-40	3.2	0.012154
-40	3.3	0.011737
-40	3.4	0.012068
-40	3.5	0.012054
-40	3.6	0.011429
-40	3.7	0.011457
-40	3.8	0.0103
-40	3.9	0.0098488
-40	4	0.0093678
-30	-4	0.009735
-30	-3.9	0.010475
-30	-3.8	0.011406
-30	-3.7	0.012434
-30	-3.6	0.014255
-30	-3.5	0.015115
-30	-3.4	0.013489
-30	-3.3	0.012139
-30	-3.2	0.010686
-30	-3.1	0.0095269
-30	-3	0.009989
-30	-2.9	0.010042
-30	-2.8	0.011432
-30	-2.7	0.013072
-30	-2.6	0.015144
-30	-2.5	0.017664
-30	-2.4	0.019348
-30	-2.3	0.021769
-30	-2.2	0.024579
-30	-2.1	0.027548
-30	-2	0.029274
-30	-1.9	0.028561
-30	-1.8	0.026651
-30	-1.7	0.021668
-30	-1.6	0.01868
-30	-1.5	0.015703
-30	-1.4	0.019047
-30	-1.3	0.027618
-30	-1.2	0.035512
-30	-1.1	0.041317
-30	-1	0.044885
-30	-0.9	0.043007
-30	-0.8	0.039548
-30	-0.7	0.032441
-30	-0.6	0.024757
-30	-0.5	0.020082
-30	-0.4	0.014904
-30	-0.3	0.014609
-30	-0.2	0.014745
-30	-0.1	0.013679
-30	0	0.012318
-30	0.1	0.013139
-30	0.2	0.015144
-30	0.3	0.020815
-30	0.4	0.027367
-30	0.5	0.032549
-30	0.6	0.036626
-30	0.7	0.037115
-30	0.8	0.036046
-30	0.9	0.032723
-30	1	0.027349
-30	1.1	0.023273
-30	1.2	0.021988
-30	1.3	0.021185
-30	1.4	0.021764
-30	1.5	0.023729
-30	1.6	0.024369
-30	1.7	0.024069
-30	1.8	0.023812
-30	1.9	0.022228
-30	2	0.020935
-30	2.1	0.020232
-30	2.2	0.018911
-30	2.3	0.016727
-30	2.4	0.015566
-30	2.5	0.015105
-30	2.6	0.012882
-30	2.7	0.011155
-30	2.8	0.010164
-30	2.9	0.010454
-30	3	0.010875
-30	3.1	0.011335
-30	3.2	0.011756
-30	3.3	0.012294
-30	3.4	0.010924
-30	3.5	0.010692
-30	3.6	0.010455
-30	3.7	0.01017
-30	3.8	0.0092077
-30	3.9	0.010505
-30	4	0.0092375
-20	-4	0.010874
-20	-3.9	0.011896
-20	-3.8	0.011902
-20	-3.7	0.014263
-20	-3.6	0.014393
-20	-3.5	0.014289
-20	-3.4	0.013616
-20	-3.3	0.011785
-20	-3.2	0.010358
-20	-3.1	0.0092898
-20	-3	0.0094383
-20	-2.9	0.010415
-20	-2.8	0.011316
-20	-2.7	0.012314
-20	-2.6	0.013946
-20	-2.5	0.016413
-20	-2.4	0.019774
-20	-2.3	0.022686
-20	-2.2	0.026147
-20	-2.1	0.028072
-20	-2	0.029745
-20	-1.9	0.029445
-20	-1.8	0.027507
-20	-1.7	0.020499
-20	-1.6	0.016978
-20	-1.5	0.013024
-20	-1.4	0.015217
-20	-1.3	0.022684
-20	-1.2	0.031755
-20	-1.1	0.036004
-20	-1	0.039917
-20	-0.9	0.040156
-20	-0.8	0.036153
-20	-0.7	0.031825
-20	-0.6	0.028181
-20	-0.5	0.021869
-20	-0.4	0.017677
-20	-0.3	0.015893
-20	-0.2	0.015523
-20	-0.1	0.014913
-20	0	0.014625
-20	0.1	0.013998
-20	0.2	0.015881
-20	0.3	0.02058
-20	0.4	0.024649
-20	0.5	0.02924
-20	0.6	0.032625
-20	0.7	0.033547
-20	0.8	0.032789
-20	0.9	0.030511
-20	1	0.026568
-20	1.1	0.02292
-20	1.2	0.020559
-20	1.3	0.019582
-20	1.4	0.020103
-20	1.5	0.022023
-20	1.6	0.023535
-20	1.7	0.024365
-20	1.8	0.024472
-20	1.9	0.023577
-20	2	0.023258
-20	2.1	0.021405
-20	2.2	0.019504
-20	2.3	0.016926
-20	2.4	0.015805
-20	2.5	0.014339
-20	2.6	0.013102
-20	2.7	0.01217
-20	2.8	0.01079
-20	2.9	0.0096482
-20	3	0.0090591
-20	3.1	0.010931
-20	3.2	0.01173
-20	3.3	0.012483
-20	3.4	0.011896
-20	3.5	0.011275
-20	3.6	0.010641
-20	3.7	0.010318
-20	3.8	0.0093557
-20	3.9	0.0092916
-20	4	0.0096298
-10	-4	0.014349
-10	-3.9	0.014006
-10	-3.8	0.014069
-10	-3.7	0.014816
-10	-3.6	0.01528
-10	-3.5	0.015371
-10	-3.4	0.013747
-10	-3.3	0.012005
-10	-3.2	0.010807
-10	-3.1	0.0096499
-10	-3	0.009675
-10	-2.9	0.010973
-10	-2.8	0.010914
-10	-2.7	0.013265
-10	-2.6	0.014638
-10	-2.5	0.018581
-10	-2.4	0.021048
-10	-2.3	0.025715
-10	-2.2	0.027951
-10	-2.1	0.030392
-10	-2	0.031569
-10	-1.9	0.030744
-10	-1.8	0.029345
-10	-1.7	0.024488
-10	-1.6	0.018362
-10	-1.5	0.014215
-10	-1.4	0.014261
-10	-1.3	0.01939
-10	-1.2	0.026095
-10	-1.1	0.032202
-10	-1	0.036381
-10	-0.9	0.03762
-10	-0.8	0.03662
-10	-0.7	0.03348
-10	-0.6	0.0292
-10	-0.5	0.026516
-10	-0.4	0.021649
-10	-0.3	0.01978
-10	-0.2	0.01708
-10	-0.1	0.016514
-10	0	0.015124
-10	0.1	0.014704
-10	0.2	0.017127
-10	0.3	0.021012
-10	0.4	0.02406
-10	0.5	0.027601
-10	0.6	0.030518
-10	0.7	0.031703
-10	0.8	0.030912
-10	0.9	0.029249
-10	1	0.02562
-10	1.1	0.022779
-10	1.2	0.020575
-10	1.3	0.019629
-10	1.4	0.019989
-10	1.5	0.021562
-10	1.6	0.022145
-10	1.7	0.023865
-10	1.8	0.024277
-10	1.9	0.02421
-10	2	0.023232
-10	2.1	0.022222
-10	2.2	0.020257
-10	2.3	0.0178
-10	2.4	0.01576
-10	2.5	0.013575
-10	2.6	0.011612
-10	2.7	0.010674
-10	2.8	0.010574
-10	2.9	0.010568
-10	3	0.0097034
-10	3.1	0.0097863
-10	3.2	0.010002
-10	3.3	0.0098423
-10	3.4	0.011152
-10	3.5	0.011417
-10	3.6	0.0116
-10	3.7	0.011252
-10	3.8	0.011512
-10	3.9	0.01115
-10	4	0.011662
0	-4	0.014192
0	-3.9	0.014101
0	-3.8	0.015404
0	-3.7	0.016275
0	-3.6	0.01709
0	-3.5	0.01776
0	-3.4	0.017169
0	-3.3	0.015676
0	-3.2	0.01284
0	-3.1	0.01088
0	-3	0.010441
0	-2.9	0.010538
0	-2.8	0.01124
0	-2.7	0.012771
0	-2.6	0.013726
0	-2.5	0.018301
0	-2.4	0.022361
0	-2.3	0.026277
0	-2.2	0.031235
0	-2.1	0.035604
0	-2	0.037999
0	-1.9	0.037201
0	-1.8	0.034301
0	-1.7	0.028425
0	-1.6	0.022685
0	-1.5	0.015078
0	-1.4	0.014137
0	-1.3	0.017161
0	-1.2	0.023964
0	-1.1	0.031643
0	-1	0.035771
0	-0.9	0.037107
0	-0.8	0.036772
0	-0.7	0.034628
0	-0.6	0.030969
0	-0.5	0.027648
0	-0.4	0.024822
0	-0.3	0.021824
0	-0.2	0.020186
0	-0.1	0.017858
0	0	0.016833
0	0.1	0.016842
0	0.2	0.017681
0	0.3	0.020246
0	0.4	0.023717
0	0.5	0.026273
0	0.6	0.029464
0	0.7	0.029479
0	0.8	0.029778
0	0.9	0.028741
0	1	0.026263
0	1.1	0.024601
0	1.2	0.022368
0	1.3	0.021481
0	1.4	0.02088
0	1.5	0.021039
0	1.6	0.02255
0	1.7	0.023812
0	1.8	0.024495
0	1.9	0.024461
0	2	0.02406
0	2.1	0.023131
0	2.2	0.020654
0	2.3	0.018226
0	2.4	0.016476
0	2.5	0.013692
0	2.6	0.01265
0	2.7	0.010568
0	2.8	0.010016
0	2.9	0.0091708
0	3	0.0098816
0	3.1	0.0099647
0	3.2	0.011207
0	3.3	0.010847
0	3.4	0.010595
0	3.5	0.010915
0	3.6	0.01073
0	3.7	0.010657
0	3.8	0.011238
0	3.9	0.011527
0	4	0.01143
10	-4	0.014677
10	-3.9	0.015199
10	-3.8	0.015429
10	-3.7	0.015055
10	-3.6	0.015777
10	-3.5	0.016223
10	-3.4	0.01553
10	-3.3	0.014747
10	-3.2	0.013572
10	-3.1	0.011721
10	-3	0.010403
10	-2.9	0.01054
10	-2.8	0.010952
10	-2.7	0.012618
10	-2.6	0.014623
10	-2.5	0.017797
10	-2.4	0.02236
10	-2.3	0.027159
10	-2.2	0.031553
10	-2.1	0.035754
10	-2	0.037465
10	-1.9	0.037679
10	-1.8	0.035275
10	-1.7	0.029932
10	-1.6	0.025718
10	-1.5	0.01865
10	-1.4	0.015318
10	-1.3	0.016376
10	-1.2	0.019295
10	-1.1	0.028219
10	-1	0.034379
10	-0.9	0.037204
10	-0.8	0.038419
10	-0.7	0.03832
10	-0.6	0.03548
10	-0.5	0.030659
10	-0.4	0.026277
10	-0.3	0.02204
10	-0.2	0.020591
10	-0.1	0.018373
10	0	0.016866
10	0.1	0.016381
10	0.2	0.016957
10	0.3	0.018679
10	0.4	0.022025
10	0.5	0.026459
10	0.6	0.029332
10	0.7	0.03104
10	0.8	0.031633
10	0.9	0.030565
10	1	0.027866
10	1.1	0.025158
10	1.2	0.023524
10	1.3	0.021794
10	1.4	0.022636
10	1.5	0.023083
10	1.6	0.024335
10	1.7	0.026223
10	1.8	0.026752
10	1.9	0.02629
10	2	0.025254
10	2.1	0.023471
10	2.2	0.02144
10	2.3	0.019098
10	2.4	0.01587
10	2.5	0.013171
10	2.6	0.012209
10	2.7	0.010568
10	2.8	0.0092024
10	2.9	0.0092287
10	3	0.0094451
10	3.1	0.010347
10	3.2	0.010181
10	3.3	0.011043
10	3.4	0.011566
10	3.5	0.011792
10	3.6	0.01165
10	3.7	0.011908
10	3.8	0.011789
10	3.9	0.011711
10	4	0.010497
20	-4	0.012299
20	-3.9	0.012719
20	-3.8	0.014
20	-3.7	0.016746
20	-3.6	0.01939
20	-3.5	0.020901
20	-3.4	0.020293
20	-3.3	0.019108
20	-3.2	0.016087
20	-3.1	0.014598
20	-3	0.011362
20	-2.9	0.010934
20	-2.8	0.011309
20	-2.7	0.013076
20	-2.6	0.014045
20	-2.5	0.01629
20	-2.4	0.020194
20	-2.3	0.025366
20	-2.2	0.033285
20	-2.1	0.037834
20	-2	0.042124
20	-1.9	0.043939
20	-1.8	0.041066
20	-1.7	0.03739
20	-1.6	0.029073
20	-1.5	0.020802
20	-1.4	0.016328
20	-1.3	0.017451
20	-1.2	0.022937
20	-1.1	0.027522
20	-1	0.033278
20	-0.9	0.037711
20	-0.8	0.038238
20	-0.7	0.036908
20	-0.6	0.033994
20	-0.5	0.029541
20	-0.4	0.025215
20	-0.3	0.022298
20	-0.2	0.020679
20	-0.1	0.019289
20	0	0.019608
20	0.1	0.018897
20	0.2	0.019092
20	0.3	0.020372
20	0.4	0.022157
20	0.5	0.02441
20	0.6	0.026568
20	0.7	0.028699
20	0.8	0.02932
20	0.9	0.029318
20	1	0.028218
20	1.1	0.025229
20	1.2	0.023382
20	1.3	0.022258
20	1.4	0.021061
20	1.5	0.021063
20	1.6	0.021717
20	1.7	0.024091
20	1.8	0.025612
20	1.9	0.026964
20	2	0.027424
20	2.1	0.026229
20	2.2	0.024369
20	2.3	0.021119
20	2.4	0.018091
20	2.5	0.01601
20	2.6	0.012449
20	2.7	0.011239
20	2.8	0.0099695
20	2.9	0.011178
20	3	0.010118
20	3.1	0.011011
20	3.2	0.0099549
20	3.3	0.010578
20	3.4	0.011253
20	3.5	0.011229
20	3.6	0.013129
20	3.7	0.012776
20	3.8	0.012723
20	3.9	0.012451
20	4	0.012115
30	-4	0.016358
30	-3.9	0.016478
30	-3.8	0.015459
30	-3.7	0.016174
30	-3.6	0.016821
30	-3.5	0.01792
30	-3.4	0.018995
30	-3.3	0.018041
30	-3.2	0.016514
30	-3.1	0.013556
30	-3	0.012947
30	-2.9	0.01093
30	-2.8	0.010633
30	-2.7	0.012046
30	-2.6	0.013429
30	-2.5	0.017472
30	-2.4	0.019829
30	-2.3	0.024151
30	-2.2	0.027582
30	-2.1	0.033293
30	-2	0.037657
30	-1.9	0.039726
30	-1.8	0.041354
30	-1.7	0.039935
30	-1.6	0.035268
30	-1.5	0.02609
30	-1.4	0.021847
30	-1.3	0.017642
30	-1.2	0.019169
30	-1.1	0.0252
30	-1	0.033507
30	-0.9	0.038995
30	-0.8	0.042842
30	-0.7	0.04292
30	-0.6	0.039369
30	-0.5	0.035578
30	-0.4	0.028915
30	-0.3	0.02157
30	-0.2	0.017982
30	-0.1	0.01643
30	0	0.016483
30	0.1	0.015737
30	0.2	0.016132
30	0.3	0.01738
30	0.4	0.021128
30	0.5	0.024759
30	0.6	0.028732
30	0.7	0.031661
30	0.8	0.03293
30	0.9	0.032458
30	1	0.030472
30	1.1	0.02773
30	1.2	0.024092
30	1.3	0.022382
30	1.4	0.022073
30	1.5	0.023625
30	1.6	0.025132
30	1.7	0.025856
30	1.8	0.026323
30	1.9	0.026021
30	2	0.025045
30	2.1	0.023693
30	2.2	0.021726
30	2.3	0.019975
30	2.4	0.017974
30	2.5	0.015699
30	2.6	0.014054
30	2.7	0.012076
30	2.8	0.010108
30	2.9	0.0094605
30	3	0.0094194
30	3.1	0.0095861
30	3.2	0.011053
30	3.3	0.011324
30	3.4	0.011318
30	3.5	0.011356
30	3.6	0.011468
30	3.7	0.010974
30	3.8	0.011791
30	3.9	0.011612
30	4	0.011639
40	-4	0.013461
40	-3.9	0.014021
40	-3.8	0.014381
40	-3.7	0.015408
40	-3.6	0.016766
40	-3.5	0.016989
40	-3.4	0.017567
40	-3.3	0.017686
40	-3.2	0.016317
40	-3.1	0.014872
40	-3	0.012843
40	-2.9	0.012071
40	-2.8	0.011099
40	-2.7	0.011046
40	-2.6	0.011568
40	-2.5	0.012652
40	-2.4	0.01613
40	-2.3	0.022085
40	-2.2	0.027818
40	-2.1	0.034713
40	-2	0.039515
40	-1.9	0.042812
40	-1.8	0.043993
40	-1.7	0.040718
40	-1.6	0.034502
40	-1.5	0.02764
40	-1.4	0.023241
40	-1.3	0.018701
40	-1.2	0.020677
40	-1.1	0.027034
40	-1	0.032727
40	-0.9	0.038693
40	-0.8	0.041341
40	-0.7	0.04104
40	-0.6	0.038
40	-0.5	0.033346
40	-0.4	0.027473
40	-0.3	0.022587
40	-0.2	0.019251
40	-0.1	0.017629
40	0	0.015934
40	0.1	0.015758
40	0.2	0.01638
40	0.3	0.01817
40	0.4	0.021474
40	0.5	0.024143
40	0.6	0.027743
40	0.7	0.030327
40	0.8	0.031219
40	0.9	0.030169
40	1	0.028442
40	1.1	0.026495
40	1.2	0.024014
40	1.3	0.022415
40	1.4	0.022448
40	1.5	0.022722
40	1.6	0.023524
40	1.7	0.024369
40	1.8	0.025106
40	1.9	0.025274
40	2	0.025323
40	2.1	0.024003
40	2.2	0.022778
40	2.3	0.021333
40	2.4	0.018624
40	2.5	0.016003
40	2.6	0.014507
40	2.7	0.012163
40	2.8	0.010949
40	2.9	0.010345
40	3	0.011263
40	3.1	0.010515
40	3.2	0.010348
40	3.3	0.010787
40	3.4	0.011615
40	3.5	0.012042
40	3.6	0.013535
40	3.7	0.012843
40	3.8	0.01309
40	3.9	0.012971
40	4	0.012898
50	-4	0.012596
50	-3.9	0.013443
50	-3.8	0.012947
50	-3.7	0.014682
50	-3.6	0.016246
50	-3.5	0.017919
50	-3.4	0.01841
50	-3.3	0.018355
50	-3.2	0.01758
50	-3.1	0.015931
50	-3	0.012931
50	-2.9	0.011808
50	-2.8	0.010738
50	-2.7	0.010662
50	-2.6	0.01146
50	-2.5	0.012964
50	-2.4	0.016406
50	-2.3	0.020976
50	-2.2	0.026847
50	-2.1	0.034164
50	-2	0.037871
50	-1.9	0.041858
50	-1.8	0.042999
50	-1.7	0.040923
50	-1.6	0.03512
50	-1.5	0.028463
50	-1.4	0.022884
50	-1.3	0.019325
50	-1.2	0.020485
50	-1.1	0.026948
50	-1	0.032807
50	-0.9	0.038424
50	-0.8	0.040997
50	-0.7	0.040267
50	-0.6	0.036143
50	-0.5	0.031654
50	-0.4	0.026224
50	-0.3	0.02202
50	-0.2	0.018288
50	-0.1	0.016606
50	0	0.01643
50	0.1	0.015733
50	0.2	0.015586
50	0.3	0.016198
50	0.4	0.019701
50	0.5	0.022943
50	0.6	0.026592
50	0.7	0.028558
50	0.8	0.030873
50	0.9	0.031074
50	1	0.030165
50	1.1	0.027357
50	1.2	0.025479
50	1.3	0.023516
50	1.4	0.022821
50	1.5	0.022192
50	1.6	0.022725
50	1.7	0.023905
50	1.8	0.024777
50	1.9	0.025637
50	2	0.026269
50	2.1	0.025371
50	2.2	0.024925
50	2.3	0.02285
50	2.4	0.020531
50	2.5	0.017572
50	2.6	0.015235
50	2.7	0.013337
50	2.8	0.012999
50	2.9	0.011664
50	3	0.011823
50	3.1	0.012219
50	3.2	0.013081
50	3.3	0.012972
50	3.4	0.012447
50	3.5	0.012585
50	3.6	0.013607
50	3.7	0.013418
50	3.8	0.013292
50	3.9	0.01307
50	4	0.012541
60	-4	0.01316
60	-3.9	0.013081
60	-3.8	0.014395
60	-3.7	0.015431
60	-3.6	0.016216
60	-3.5	0.017446
60	-3.4	0.017458
60	-3.3	0.017025
60	-3.2	0.015859
60	-3.1	0.015049
60	-3	0.013887
60	-2.9	0.012511
60	-2.8	0.011113
60	-2.7	0.010754
60	-2.6	0.01176
60	-2.5	0.013557
60	-2.4	0.016669
60	-2.3	0.020827
60	-2.2	0.026663
60	-2.1	0.031476
60	-2	0.036326
60	-1.9	0.040496
60	-1.8	0.040856
60	-1.7	0.039209
60	-1.6	0.034931
60	-1.5	0.028641
60	-1.4	0.022199
60	-1.3	0.01897
60	-1.2	0.020308
60	-1.1	0.024435
60	-1	0.033701
60	-0.9	0.039708
60	-0.8	0.042407
60	-0.7	0.042792
60	-0.6	0.038289
60	-0.5	0.032071
60	-0.4	0.025709
60	-0.3	0.019034
60	-0.2	0.016557
60	-0.1	0.014453
60	0	0.014097
60	0.1	0.013892
60	0.2	0.013238
60	0.3	0.013923
60	0.4	0.015756
60	0.5	0.02051
60	0.6	0.025432
60	0.7	0.030071
60	0.8	0.033079
60	0.9	0.033342
60	1	0.032486
60	1.1	0.030081
60	1.2	0.026564
60	1.3	0.024148
60	1.4	0.023112
60	1.5	0.022307
60	1.6	0.023002
60	1.7	0.023784
60	1.8	0.023682
60	1.9	0.024424
60	2	0.024706
60	2.1	0.024289
60	2.2	0.023324
60	2.3	0.020983
60	2.4	0.019047
60	2.5	0.016688
60	2.6	0.014538
60	2.7	0.011701
60	2.8	0.010668
60	2.9	0.010418
60	3	0.010931
60	3.1	0.01082
60	3.2	0.010448
60	3.3	0.010736
60	3.4	0.01122
60	3.5	0.011679
60	3.6	0.010728
60	3.7	0.011629
60	3.8	0.011155
60	3.9	0.011213
60	4	0.011362
70	-4	0.012536
70	-3.9	0.014763
70	-3.8	0.016014
70	-3.7	0.016248
70	-3.6	0.016042
70	-3.5	0.015424
70	-3.4	0.014996
70	-3.3	0.014706
70	-3.2	0.014809
70	-3.1	0.014659
70	-3	0.013456
70	-2.9	0.012056
70	-2.8	0.010333
70	-2.7	0.011045
70	-2.6	0.010908
70	-2.5	0.011938
70	-2.4	0.016857
70	-2.3	0.021358
70	-2.2	0.027129
70	-2.1	0.031665
70	-2	0.036264
70	-1.9	0.038398
70	-1.8	0.038324
70	-1.7	0.036071
70	-1.6	0.031802
70	-1.5	0.026541
70	-1.4	0.021318
70	-1.3	0.018591
70	-1.2	0.019794
70	-1.1	0.026475
70	-1	0.032994
70	-0.9	0.039898
70	-0.8	0.042044
70	-0.7	0.04203
70	-0.6	0.038875
70	-0.5	0.032032
70	-0.4	0.026656
70	-0.3	0.019351
70	-0.2	0.016068
70	-0.1	0.013233
70	0	0.012962
70	0.1	0.013382
70	0.2	0.012384
70	0.3	0.012794
70	0.4	0.014701
70	0.5	0.019003
70	0.6	0.02298
70	0.7	0.029487
70	0.8	0.031987
70	0.9	0.03416
70	1	0.034321
70	1.1	0.032756
70	1.2	0.029825
70	1.3	0.026187
70	1.4	0.023644
70	1.5	0.021992
70	1.6	0.021796
70	1.7	0.022295
70	1.8	0.023635
70	1.9	0.024527
70	2	0.024665
70	2.1	0.024212
70	2.2	0.022985
70	2.3	0.021178
70	2.4	0.018951
70	2.5	0.01663
70	2.6	0.014627
70	2.7	0.013119
70	2.8	0.012307
70	2.9	0.01116
70	3	0.010406
70	3.1	0.011193
70	3.2	0.012231
70	3.3	0.011341
70	3.4	0.011512
70	3.5	0.011986
70	3.6	0.011631
70	3.7	0.011429
70	3.8	0.011836
70	3.9	0.011505
70	4	0.012272
80	-4	0.011062
80	-3.9	0.010962
80	-3.8	0.012286
80	-3.7	0.013842
80	-3.6	0.015269
80	-3.5	0.016173
80	-3.4	0.016206
80	-3.3	0.016268
80	-3.2	0.013819
80	-3.1	0.012887
80	-3	0.010475
80	-2.9	0.010042
80	-2.8	0.011039
80	-2.7	0.011068
80	-2.6	0.012854
80	-2.5	0.013795
80	-2.4	0.015271
80	-2.3	0.019535
80	-2.2	0.023863
80	-2.1	0.029459
80	-2	0.034595
80	-1.9	0.037095
80	-1.8	0.037537
80	-1.7	0.034711
80	-1.6	0.02899
80	-1.5	0.0236
80	-1.4	0.018937
80	-1.3	0.017825
80	-1.2	0.02332
80	-1.1	0.030505
80	-1	0.036132
80	-0.9	0.042557
80	-0.8	0.044325
80	-0.7	0.042814
80	-0.6	0.03732
80	-0.5	0.033245
80	-0.4	0.026545
80	-0.3	0.018647
80	-0.2	0.013641
80	-0.1	0.012213
80	0	0.012737
80	0.1	0.013146
80	0.2	0.012283
80	0.3	0.012215
80	0.4	0.012891
80	0.5	0.017169
80	0.6	0.022639
80	0.7	0.028479
80	0.8	0.032262
80	0.9	0.03475
80	1	0.035104
80	1.1	0.033205
80	1.2	0.030315
80	1.3	0.027318
80	1.4	0.023774
80	1.5	0.020996
80	1.6	0.019882
80	1.7	0.020056
80	1.8	0.021128
80	1.9	0.021938
80	2	0.022846
80	2.1	0.022989
80	2.2	0.022156
80	2.3	0.021458
80	2.4	0.020645
80	2.5	0.0181
80	2.6	0.015574
80	2.7	0.013943
80	2.8	0.01282
80	2.9	0.011885
80	3	0.010716
80	3.1	0.010486
80	3.2	0.010727
80	3.3	0.010878
80	3.4	0.010902
80	3.5	0.010999
80	3.6	0.011382
80	3.7	0.010887
80	3.8	0.011248
80	3.9	0.011338
80	4	0.011843
90	-4	0.011353
90	-3.9	0.010965
90	-3.8	0.011618
90	-3.7	0.010912
90	-3.6	0.011994
90	-3.5	0.012966
90	-3.4	0.013562
90	-3.3	0.01401
90	-3.2	0.013392
90	-3.1	0.01372
90	-3	0.01102
90	-2.9	0.010664
90	-2.8	0.0094605
90	-2.7	0.010626
90	-2.6	0.011488
90	-2.5	0.014461
90	-2.4	0.016808
90	-2.3	0.020253
90	-2.2	0.024074
90	-2.1	0.028053
90	-2	0.0308
90	-1.9	0.033116
90	-1.8	0.034016
90	-1.7	0.0322
90	-1.6	0.027522
90	-1.5	0.022777
90	-1.4	0.018637
90	-1.3	0.019088
90	-1.2	0.024732
90	-1.1	0.03084
90	-1	0.038429
90	-0.9	0.041962
90	-0.8	0.04523
90	-0.7	0.043241
90	-0.6	0.03985
90	-0.5	0.033163
90	-0.4	0.026793
90	-0.3	0.019012
90	-0.2	0.013514
90	-0.1	0.011633
90	0	0.012477
90	0.1	0.013029
90	0.2	0.011734
90	0.3	0.012209
90	0.4	0.014419
90	0.5	0.01786
90	0.6	0.022462
90	0.7	0.028266
90	0.8	0.032956
90	0.9	0.035273
90	1	0.035335
90	1.1	0.033475
90	1.2	0.030341
90	1.3	0.026939
90	1.4	0.023992
90	1.5	0.02209
90	1.6	0.021481
90	1.7	0.021749
90	1.8	0.021811
90	1.9	0.022248
90	2	0.022376
90	2.1	0.02192
90	2.2	0.021831
90	2.3	0.020247
90	2.4	0.01921
90	2.5	0.017717
90	2.6	0.016673
90	2.7	0.014883
90	2.8	0.014298
90	2.9	0.012586
90	3	0.012566
90	3.1	0.010724
90	3.2	0.010055
90	3.3	0.011969
90	3.4	0.010877
90	3.5	0.011136
90	3.6	0.012295
90	3.7	0.010595
90	3.8	0.010722
90	3.9	0.011099
90	4	0.010706
100	-4	0.01173
100	-3.9	0.010946
100	-3.8	0.01094
100	-3.7	0.011369
100	-3.6	0.012626
100	-3.5	0.014287
100	-3.4	0.014747
100	-3.3	0.013761
100	-3.2	0.012405
100	-3.1	0.010865
100	-3	0.0095082
100	-2.9	0.0092829
100	-2.8	0.012023
100	-2.7	0.013213
100	-2.6	0.014608
100	-2.5	0.016255
100	-2.4	0.01713
100	-2.3	0.019771
100	-2.2	0.023168
100	-2.1	0.025138
100	-2	0.028043
100	-1.9	0.029718
100	-1.8	0.030635
100	-1.7	0.029172
100	-1.6	0.025627
100	-1.5	0.021272
100	-1.4	0.018447
100	-1.3	0.019293
100	-1.2	0.02312
100	-1.1	0.030815
100	-1	0.039125
100	-0.9	0.043822
100	-0.8	0.046832
100	-0.7	0.046766
100	-0.6	0.041555
100	-0.5	0.032973
100	-0.4	0.025647
100	-0.3	0.018053
100	-0.2	0.012823
100	-0.1	0.011694
100	0	0.012416
100	0.1	0.013946
100	0.2	0.012631
100	0.3	0.011349
100	0.4	0.013469
100	0.5	0.017876
100	0.6	0.022882
100	0.7	0.030686
100	0.8	0.034309
100	0.9	0.037585
100	1	0.038378
100	1.1	0.036918
100	1.2	0.033367
100	1.3	0.028607
100	1.4	0.025017
100	1.5	0.022482
100	1.6	0.021461
100	1.7	0.021115
100	1.8	0.021285
100	1.9	0.021806
100	2	0.021355
100	2.1	0.021198
100	2.2	0.019467
100	2.3	0.018769
100	2.4	0.018006
100	2.5	0.017099
100	2.6	0.016883
100	2.7	0.01532
100	2.8	0.01382
100	2.9	0.012502
100	3	0.011963
100	3.1	0.010041
100	3.2	0.010738
100	3.3	0.010899
100	3.4	0.011112
100	3.5	0.011974
100	3.6	0.01088
100	3.7	0.010543
100	3.8	0.010853
100	3.9	0.0095201
100	4	0.010665
110	-4	0.011982
110	-3.9	0.011266
110	-3.8	0.011443
110	-3.7	0.011778
110	-3.6	0.013557
110	-3.5	0.013588
110	-3.4	0.014339
110	-3.3	0.014195
110	-3.2	0.013463
110	-3.1	0.011795
110	-3	0.01107
110	-2.9	0.012356
110	-2.8	0.014122
110	-2.7	0.015793
110	-2.6	0.017765
110	-2.5	0.017602
110	-2.4	0.018436
110	-2.3	0.020475
110	-2.2	0.023545
110	-2.1	0.02955
110	-2	0.032844
110	-1.9	0.033956
110	-1.8	0.033736
110	-1.7	0.029718
110	-1.6	0.02448
110	-1.5	0.02
110	-1.4	0.018235
110	-1.3	0.022051
110	-1.2	0.030347
110	-1.1	0.037562
110	-1	0.044749
110	-0.9	0.04788
110	-0.8	0.048112
110	-0.7	0.045175
110	-0.6	0.037891
110	-0.5	0.029656
110	-0.4	0.024276
110	-0.3	0.016376
110	-0.2	0.013337
110	-0.1	0.01218
110	0	0.012815
110	0.1	0.01353
110	0.2	0.013298
110	0.3	0.01496
110	0.4	0.017508
110	0.5	0.021119
110	0.6	0.026989
110	0.7	0.03184
110	0.8	0.035186
110	0.9	0.037057
110	1	0.037322
110	1.1	0.036657
110	1.2	0.033912
110	1.3	0.029964
110	1.4	0.02633
110	1.5	0.023178
110	1.6	0.020808
110	1.7	0.018712
110	1.8	0.018475
110	1.9	0.019346
110	2	0.019822
110	2.1	0.021093
110	2.2	0.021342
110	2.3	0.021013
110	2.4	0.019758
110	2.5	0.017792
110	2.6	0.016105
110	2.7	0.015256
110	2.8	0.013507
110	2.9	0.012637
110	3	0.0125
110	3.1	0.012064
110	3.2	0.01118
110	3.3	0.010993
110	3.4	0.010569
110	3.5	0.011443
110	3.6	0.011383
110	3.7	0.010995
110	3.8	0.011341
110	3.9	0.01082
110	4	0.010285
120	-4	0.011543
120	-3.9	0.012131
120	-3.8	0.01168
120	-3.7	0.011573
120	-3.6	0.012953
120	-3.5	0.014157
120	-3.4	0.01489
120	-3.3	0.014476
120	-3.2	0.013112
120	-3.1	0.012876
120	-3	0.013653
120	-2.9	0.013556
120	-2.8	0.016173
120	-2.7	0.017679
120	-2.6	0.019062
120	-2.5	0.019647
120	-2.4	0.021358
120	-2.3	0.023788
120	-2.2	0.026612
120	-2.1	0.030478
120	-2	0.033101
120	-1.9	0.03411
120	-1.8	0.032263
120	-1.7	0.028984
120	-1.6	0.024649
120	-1.5	0.021002
120	-1.4	0.021933
120	-1.3	0.024687
120	-1.2	0.034216
120	-1.1	0.040536
120	-1	0.046632
120	-0.9	0.049895
120	-0.8	0.049466
120	-0.7	0.044883
120	-0.6	0.038155
120	-0.5	0.033229
120	-0.4	0.023913
120	-0.3	0.017148
120	-0.2	0.014201
120	-0.1	0.013395
120	0	0.014288
120	0.1	0.014497
120	0.2	0.01426
120	0.3	0.01469
120	0.4	0.018824
120	0.5	0.024922
120	0.6	0.028449
120	0.7	0.033926
120	0.8	0.038223
120	0.9	0.040302
120	1	0.040599
120	1.1	0.038384
120	1.2	0.036101
120	1.3	0.032754
120	1.4	0.030135
120	1.5	0.026228
120	1.6	0.023201
120	1.7	0.02165
120	1.8	0.020656
120	1.9	0.020672
120	2	0.021997
120	2.1	0.022621
120	2.2	0.022636
120	2.3	0.022319
120	2.4	0.021098
120	2.5	0.018704
120	2.6	0.016923
120	2.7	0.015564
120	2.8	0.014382
120	2.9	0.015117
120	3	0.013843
120	3.1	0.014068
120	3.2	0.013382
120	3.3	0.011873
120	3.4	0.010917
120	3.5	0.0098587
120	3.6	0.010569
120	3.7	0.010989
120	3.8	0.011489
120	3.9	0.010532
120	4	0.011258
130	-4	0.012233
130	-3.9	0.012608
130	-3.8	0.012496
130	-3.7	0.013451
130	-3.6	0.014073
130	-3.5	0.016183
130	-3.4	0.015691
130	-3.3	0.015365
130	-3.2	0.015
130	-3.1	0.014526
130	-3	0.013642
130	-2.9	0.015468
130	-2.8	0.018022
130	-2.7	0.020638
130	-2.6	0.022098
130	-2.5	0.023018
130	-2.4	0.023411
130	-2.3	0.024482
130	-2.2	0.026448
130	-2.1	0.028792
130	-2	0.030232
130	-1.9	0.030932
130	-1.8	0.030116
130	-1.7	0.027432
130	-1.6	0.022664
130	-1.5	0.021192
130	-1.4	0.02181
130	-1.3	0.025037
130	-1.2	0.032692
130	-1.1	0.040037
130	-1	0.047243
130	-0.9	0.052288
130	-0.8	0.05261
130	-0.7	0.049387
130	-0.6	0.043546
130	-0.5	0.036057
130	-0.4	0.026826
130	-0.3	0.020962
130	-0.2	0.015135
130	-0.1	0.01351
130	0	0.015034
130	0.1	0.016003
130	0.2	0.015369
130	0.3	0.016339
130	0.4	0.019726
130	0.5	0.025948
130	0.6	0.033292
130	0.7	0.038383
130	0.8	0.04252
130	0.9	0.044864
130	1	0.044679
130	1.1	0.041322
130	1.2	0.036868
130	1.3	0.032675
130	1.4	0.028628
130	1.5	0.025314
130	1.6	0.023203
130	1.7	0.021771
130	1.8	0.02126
130	1.9	0.021368
130	2	0.021536
130	2.1	0.021332
130	2.2	0.021219
130	2.3	0.020212
130	2.4	0.019578
130	2.5	0.018078
130	2.6	0.016763
130	2.7	0.015869
130	2.8	0.014008
130	2.9	0.014384
130	3	0.013255
130	3.1	0.01411
130	3.2	0.012834
130	3.3	0.011957
130	3.4	0.011299
130	3.5	0.010827
130	3.6	0.010105
130	3.7	0.0099906
130	3.8	0.011183
130	3.9	0.011863
130	4	0.012233
140	-4	0.0098963
140	-3.9	0.010644
140	-3.8	0.010251
140	-3.7	0.011125
140	-3.6	0.011629
140	-3.5	0.013662
140	-3.4	0.014509
140	-3.3	0.014412
140	-3.2	0.013096
140	-3.1	0.012824
140	-3	0.013091
140	-2.9	0.015458
140	-2.8	0.01845
140	-2.7	0.02154
140	-2.6	0.023346
140	-2.5	0.023893
140	-2.4	0.024469
140	-2.3	0.026147
140	-2.2	0.027763
140	-2.1	0.031287
140	-2	0.032896
140	-1.9	0.034667
140	-1.8	0.03305
140	-1.7	0.031745
140	-1.6	0.026829
140	-1.5	0.025036
140	-1.4	0.026575
140	-1.3	0.031714
140	-1.2	0.038339
140	-1.1	0.047287
140	-1	0.053088
140	-0.9	0.05432
140	-0.8	0.053147
140	-0.7	0.046518
140	-0.6	0.041442
140	-0.5	0.033253
140	-0.4	0.025946
140	-0.3	0.020698
140	-0.2	0.016368
140	-0.1	0.01546
140	0	0.016082
140	0.1	0.016704
140	0.2	0.018507
140	0.3	0.021072
140	0.4	0.024096
140	0.5	0.030463
140	0.6	0.033348
140	0.7	0.037226
140	0.8	0.040068
140	0.9	0.042658
140	1	0.042633
140	1.1	0.041375
140	1.2	0.039164
140	1.3	0.036222
140	1.4	0.031885
140	1.5	0.029289
140	1.6	0.025705
140	1.7	0.023134
140	1.8	0.022553
140	1.9	0.023294
140	2	0.024185
140	2.1	0.024955
140	2.2	0.024375
140	2.3	0.0229
140	2.4	0.021183
140	2.5	0.019577
140	2.6	0.018085
140	2.7	0.016986
140	2.8	0.016044
140	2.9	0.015622
140	3	0.015689
140	3.1	0.014712
140	3.2	0.013526
140	3.3	0.012654
140	3.4	0.011235
140	3.5	0.010395
140	3.6	0.010613
140	3.7	0.0098176
140	3.8	0.010421
140	3.9	0.010647
140	4	0.010557
150	-4	0.010839
150	-3.9	0.010718
150	-3.8	0.010207
150	-3.7	0.010725
150	-3.6	0.01118
150	-3.5	0.01232
150	-3.4	0.01271
150	-3.3	0.013378
150	-3.2	0.013008
150	-3.1	0.012563
150	-3	0.012996
150	-2.9	0.014775
150	-2.8	0.018022
150	-2.7	0.02108
150	-2.6	0.021935
150	-2.5	0.023132
150	-2.4	0.023261
150	-2.3	0.024604
150	-2.2	0.026923
150	-2.1	0.029727
150	-2	0.03189
150	-1.9	0.032604
150	-1.8	0.031963
150	-1.7	0.030586
150	-1.6	0.027981
150	-1.5	0.02762
150	-1.4	0.029605
150	-1.3	0.03498
150	-1.2	0.041742
150	-1.1	0.049487
150	-1	0.05408
150	-0.9	0.057558
150	-0.8	0.057195
150	-0.7	0.05185
150	-0.6	0.044261
150	-0.5	0.038562
150	-0.4	0.027557
150	-0.3	0.021739
150	-0.2	0.016998
150	-0.1	0.01668
150	0	0.017643
150	0.1	0.018161
150	0.2	0.019506
150	0.3	0.021827
150	0.4	0.026871
150	0.5	0.0333
150	0.6	0.038521
150	0.7	0.044103
150	0.8	0.046581
150	0.9	0.046993
150	1	0.045598
150	1.1	0.043605
150	1.2	0.040548
150	1.3	0.036782
150	1.4	0.032711
150	1.5	0.030575
150	1.6	0.028177
150	1.7	0.027106
150	1.8	0.025984
150	1.9	0.024917
150	2	0.024284
150	2.1	0.023484
150	2.2	0.022926
150	2.3	0.022709
150	2.4	0.021709
150	2.5	0.020423
150	2.6	0.019192
150	2.7	0.017256
150	2.8	0.015471
150	2.9	0.013781
150	3	0.012166
150	3.1	0.012088
150	3.2	0.011628
150	3.3	0.011969
150	3.4	0.012444
150	3.5	0.010789
150	3.6	0.010415
150	3.7	0.0097366
150	3.8	0.010418
150	3.9	0.0092077
150	4	0.00971
160	-4	0.0096917
160	-3.9	0.0096499
160	-3.8	0.0094502
160	-3.7	0.010753
160	-3.6	0.011508
160	-3.5	0.014348
160	-3.4	0.013463
160	-3.3	0.012862
160	-3.2	0.012399
160	-3.1	0.011505
160	-3	0.013191
160	-2.9	0.014516
160	-2.8	0.019255
160	-2.7	0.022476
160	-2.6	0.023354
160	-2.5	0.024415
160	-2.4	0.024424
160	-2.3	0.025468
160	-2.2	0.027161
160	-2.1	0.029677
160	-2	0.031921
160	-1.9	0.0327
160	-1.8	0.032817
160	-1.7	0.031088
160	-1.6	0.030524
160	-1.5	0.031039
160	-1.4	0.033725
160	-1.3	0.039092
160	-1.2	0.046146
160	-1.1	0.052137
160	-1	0.057987
160	-0.9	0.060023
160	-0.8	0.058933
160	-0.7	0.052236
160	-0.6	0.044415
160	-0.5	0.03672
160	-0.4	0.028836
160	-0.3	0.021781
160	-0.2	0.018506
160	-0.1	0.017779
160	0	0.018302
160	0.1	0.017709
160	0.2	0.018927
160	0.3	0.02384
160	0.4	0.029693
160	0.5	0.036968
160	0.6	0.043579
160	0.7	0.046833
160	0.8	0.050523
160	0.9	0.050369
160	1	0.047445
160	1.1	0.044468
160	1.2	0.042552
160	1.3	0.038961
160	1.4	0.036577
160	1.5	0.034576
160	1.6	0.032848
160	1.7	0.031034
160	1.8	0.029556
160	1.9	0.027321
160	2	0.025133
160	2.1	0.02498
160	2.2	0.024242
160	2.3	0.023963
160	2.4	0.023118
160	2.5	0.021768
160	2.6	0.019455
160	2.7	0.016938
160	2.8	0.013749
160	2.9	0.012916
160	3	0.011148
160	3.1	0.010045
160	3.2	0.010012
160	3.3	0.01011
160	3.4	0.011001
160	3.5	0.010555
160	3.6	0.0090822
160	3.7	0.0096197
160	3.8	0.0093141
160	3.9	0.0084747
160	4	0.008154
170	-4	0.010575
170	-3.9	0.0091053
170	-3.8	0.0096666
170	-3.7	0.010933
170	-3.6	0.011669
170	-3.5	0.012687
170	-3.4	0.01307
170	-3.3	0.01247
170	-3.2	0.012427
170	-3.1	0.013176
170	-3	0.014053
170	-2.9	0.017389
170	-2.8	0.021462
170	-2.7	0.023107
170	-2.6	0.025169
170	-2.5	0.025032
170	-2.4	0.025229
170	-2.3	0.02768
170	-2.2	0.030118
170	-2.1	0.033258
170	-2	0.036369
170	-1.9	0.036952
170	-1.8	0.03519
170	-1.7	0.032406
170	-1.6	0.03115
170	-1.5	0.031887
170	-1.4	0.035617
170	-1.3	0.043853
170	-1.2	0.049728
170	-1.1	0.056943
170	-1	0.061374
170	-0.9	0.061859
170	-0.8	0.057923
170	-0.7	0.051082
170	-0.6	0.042789
170	-0.5	0.031246
170	-0.4	0.025087
170	-0.3	0.02116
170	-0.2	0.019768
170	-0.1	0.020514
170	0	0.020787
170	0.1	0.021389
170	0.2	0.023993
170	0.3	0.02833
170	0.4	0.033979
170	0.5	0.039359
170	0.6	0.044096
170	0.7	0.047976
170	0.8	0.04969
170	0.9	0.049102
170	1	0.046885
170	1.1	0.044251
170	1.2	0.0388
170	1.3	0.037156
170	1.4	0.034091
170	1.5	0.031062
170	1.6	0.030004
170	1.7	0.029247
170	1.8	0.028675
170	1.9	0.028008
170	2	0.026891
170	2.1	0.02536
170	2.2	0.024684
170	2.3	0.023901
170	2.4	0.023896
170	2.5	0.022912
170	2.6	0.022196
170	2.7	0.020186
170	2.8	0.018561
170	2.9	0.016486
170	3	0.015673
170	3.1	0.015098
170	3.2	0.01404
170	3.3	0.013411
170	3.4	0.01301
170	3.5	0.013064
170	3.6	0.012748
170	3.7	0.0117
170	3.8	0.011821
170	3.9	0.011874
170	4	0.011193
180	-4	0.010561
180	-3.9	0.009665
180	-3.8	0.0097266
180	-3.7	0.009976
180	-3.6	0.011855
180	-3.5	0.012569
180	-3.4	0.01332
180	-3.3	0.013006
180	-3.2	0.012422
180	-3.1	0.012941
180	-3	0.014432
180	-2.9	0.017998
180	-2.8	0.023869
180	-2.7	0.026253
180	-2.6	0.027099
180	-2.5	0.026666
180	-2.4	0.026588
180	-2.3	0.027538
180	-2.2	0.030708
180	-2.1	0.03404
180	-2	0.037932
180	-1.9	0.039021
180	-1.8	0.037309
180	-1.7	0.034846
180	-1.6	0.033197
180	-1.5	0.035371
180	-1.4	0.0378
180	-1.3	0.045244
180	-1.2	0.051993
180	-1.1	0.059174
180	-1	0.063126
180	-0.9	0.061719
180	-0.8	0.056304
180	-0.7	0.049304
180	-0.6	0.041334
180	-0.5	0.032769
180	-0.4	0.02504
180	-0.3	0.021269
180	-0.2	0.020638
180	-0.1	0.020968
180	0	0.021315
180	0.1	0.022866
180	0.2	0.025199
180	0.3	0.03033
180	0.4	0.036268
180	0.5	0.041035
180	0.6	0.045744
180	0.7	0.049134
180	0.8	0.050197
180	0.9	0.049483
180	1	0.047608
180	1.1	0.045069
180	1.2	0.042252
180	1.3	0.039517
180	1.4	0.036291
180	1.5	0.034349
180	1.6	0.031639
180	1.7	0.030807
180	1.8	0.030472
180	1.9	0.029879
180	2	0.029573
180	2.1	0.028985
180	2.2	0.028152
180	2.3	0.025217
180	2.4	0.024294
180	2.5	0.021651
180	2.6	0.020216
180	2.7	0.018263
180	2.8	0.018601
180	2.9	0.017922
180	3	0.016788
180	3.1	0.015078
180	3.2	0.013817
180	3.3	0.012917
180	3.4	0.011288
180	3.5	0.011051
180	3.6	0.012162
180	3.7	0.011399
180	3.8	0.012151
180	3.9	0.010472
180	4	0.010551
 
Uniformity Ratio =0.41705
