05-Jan-2018
9:23
TXR  008005 RM428 R24
33511B Function Generator
SN =Agilent Technologies,33511B,MY52301476,3.05-1.19-2.00-52-00
freq =+9.270000000000000E+06
burstmode =TRIG
burstN =+6.000000000000000E+01
voltage =+1.5000000000000E-01
 
DSO-X 2022A Oscilloscope
SN =AGILENT TECHNOLOGIES,DSO-X 2022A,MY54310921,02.41.2015102200
probe =+1.0000000E+00
scale =+500.0E-09
position =+19.900000E-06
range =+1.60E+00
units =VOLT
points =+2000
pointmode =NORM
format =BYTE
acqtype =NORM
trigsource =EXT
coupling =AC
 
-180	-4	0.009783
-180	-3.9	0.010759
-180	-3.8	0.011345
-180	-3.7	0.011051
-180	-3.6	0.011199
-180	-3.5	0.0091177
-180	-3.4	0.0080703
-180	-3.3	0.008373
-180	-3.2	0.0094741
-180	-3.1	0.010626
-180	-3	0.010336
-180	-2.9	0.0088552
-180	-2.8	0.0078839
-180	-2.7	0.0098456
-180	-2.6	0.018093
-180	-2.5	0.02469
-180	-2.4	0.027459
-180	-2.3	0.032217
-180	-2.2	0.034258
-180	-2.1	0.03557
-180	-2	0.035083
-180	-1.9	0.037004
-180	-1.8	0.03806
-180	-1.7	0.03785
-180	-1.6	0.03609
-180	-1.5	0.030821
-180	-1.4	0.028552
-180	-1.3	0.024543
-180	-1.2	0.022584
-180	-1.1	0.025782
-180	-1	0.035979
-180	-0.9	0.043612
-180	-0.8	0.049723
-180	-0.7	0.054
-180	-0.6	0.053438
-180	-0.5	0.049206
-180	-0.4	0.042346
-180	-0.3	0.034344
-180	-0.2	0.027998
-180	-0.1	0.021336
-180	0	0.016747
-180	0.1	0.014068
-180	0.2	0.013319
-180	0.3	0.015594
-180	0.4	0.018542
-180	0.5	0.023391
-180	0.6	0.029803
-180	0.7	0.034221
-180	0.8	0.039139
-180	0.9	0.042124
-180	1	0.043894
-180	1.1	0.042134
-180	1.2	0.039151
-180	1.3	0.036045
-180	1.4	0.034886
-180	1.5	0.031082
-180	1.6	0.029658
-180	1.7	0.028338
-180	1.8	0.028794
-180	1.9	0.028641
-180	2	0.028016
-180	2.1	0.026588
-180	2.2	0.025067
-180	2.3	0.024035
-180	2.4	0.022909
-180	2.5	0.021528
-180	2.6	0.020093
-180	2.7	0.019166
-180	2.8	0.017016
-180	2.9	0.015258
-180	3	0.011931
-180	3.1	0.010379
-180	3.2	0.0090448
-180	3.3	0.0089604
-180	3.4	0.0093332
-180	3.5	0.0088168
-180	3.6	0.0083498
-180	3.7	0.0081222
-180	3.8	0.0079675
-180	3.9	0.0073777
-180	4	0.0072138
-170	-4	0.0085487
-170	-3.9	0.010505
-170	-3.8	0.010689
-170	-3.7	0.010084
-170	-3.6	0.0086502
-170	-3.5	0.0075059
-170	-3.4	0.0060033
-170	-3.3	0.0066057
-170	-3.2	0.007937
-170	-3.1	0.0088515
-170	-3	0.0083479
-170	-2.9	0.0066908
-170	-2.8	0.0075059
-170	-2.7	0.010716
-170	-2.6	0.017679
-170	-2.5	0.020979
-170	-2.4	0.025063
-170	-2.3	0.029214
-170	-2.2	0.030387
-170	-2.1	0.030315
-170	-2	0.031047
-170	-1.9	0.032562
-170	-1.8	0.033842
-170	-1.7	0.034184
-170	-1.6	0.03278
-170	-1.5	0.030274
-170	-1.4	0.024438
-170	-1.3	0.020895
-170	-1.2	0.021818
-170	-1.1	0.024847
-170	-1	0.035302
-170	-0.9	0.04413
-170	-0.8	0.049837
-170	-0.7	0.050757
-170	-0.6	0.049587
-170	-0.5	0.045452
-170	-0.4	0.038289
-170	-0.3	0.030791
-170	-0.2	0.024033
-170	-0.1	0.01864
-170	0	0.014491
-170	0.1	0.012899
-170	0.2	0.013551
-170	0.3	0.017386
-170	0.4	0.022023
-170	0.5	0.025881
-170	0.6	0.031195
-170	0.7	0.033936
-170	0.8	0.038136
-170	0.9	0.039557
-170	1	0.039639
-170	1.1	0.037447
-170	1.2	0.034812
-170	1.3	0.03359
-170	1.4	0.032483
-170	1.5	0.029287
-170	1.6	0.026461
-170	1.7	0.025784
-170	1.8	0.025372
-170	1.9	0.026225
-170	2	0.026325
-170	2.1	0.025911
-170	2.2	0.025739
-170	2.3	0.024716
-170	2.4	0.022929
-170	2.5	0.020238
-170	2.6	0.01865
-170	2.7	0.01579
-170	2.8	0.014306
-170	2.9	0.013868
-170	3	0.012768
-170	3.1	0.011331
-170	3.2	0.010169
-170	3.3	0.0089261
-170	3.4	0.0078284
-170	3.5	0.0076403
-170	3.6	0.0080623
-170	3.7	0.0084307
-170	3.8	0.0080563
-170	3.9	0.0070507
-170	4	0.006564
-160	-4	0.0097167
-160	-3.9	0.010126
-160	-3.8	0.010679
-160	-3.7	0.0096063
-160	-3.6	0.0082857
-160	-3.5	0.0078428
-160	-3.4	0.0075102
-160	-3.3	0.0078428
-160	-3.2	0.0074757
-160	-3.1	0.0072161
-160	-3	0.0066545
-160	-2.9	0.0078737
-160	-2.8	0.010254
-160	-2.7	0.014963
-160	-2.6	0.018718
-160	-2.5	0.022528
-160	-2.4	0.025183
-160	-2.3	0.02662
-160	-2.2	0.027957
-160	-2.1	0.029284
-160	-2	0.031532
-160	-1.9	0.034422
-160	-1.8	0.035117
-160	-1.7	0.035141
-160	-1.6	0.030719
-160	-1.5	0.02732
-160	-1.4	0.020696
-160	-1.3	0.018793
-160	-1.2	0.022219
-160	-1.1	0.030544
-160	-1	0.035942
-160	-0.9	0.042026
-160	-0.8	0.045764
-160	-0.7	0.0459
-160	-0.6	0.044603
-160	-0.5	0.039615
-160	-0.4	0.032925
-160	-0.3	0.027312
-160	-0.2	0.023235
-160	-0.1	0.020439
-160	0	0.016806
-160	0.1	0.014935
-160	0.2	0.01512
-160	0.3	0.018451
-160	0.4	0.021865
-160	0.5	0.026873
-160	0.6	0.028542
-160	0.7	0.031959
-160	0.8	0.033942
-160	0.9	0.037654
-160	1	0.038526
-160	1.1	0.038786
-160	1.2	0.037386
-160	1.3	0.035571
-160	1.4	0.032141
-160	1.5	0.029173
-160	1.6	0.025976
-160	1.7	0.024702
-160	1.8	0.025875
-160	1.9	0.028348
-160	2	0.029105
-160	2.1	0.028775
-160	2.2	0.02872
-160	2.3	0.02605
-160	2.4	0.023159
-160	2.5	0.020701
-160	2.6	0.017623
-160	2.7	0.017555
-160	2.8	0.017003
-160	2.9	0.015775
-160	3	0.013585
-160	3.1	0.011285
-160	3.2	0.0092654
-160	3.3	0.0090876
-160	3.4	0.0086857
-160	3.5	0.0098143
-160	3.6	0.0091408
-160	3.7	0.010165
-160	3.8	0.008146
-160	3.9	0.0074345
-160	4	0.0064822
-150	-4	0.0089315
-150	-3.9	0.0099501
-150	-3.8	0.010057
-150	-3.7	0.0091142
-150	-3.6	0.0079979
-150	-3.5	0.006963
-150	-3.4	0.0061338
-150	-3.3	0.0068223
-150	-3.2	0.0067293
-150	-3.1	0.0064722
-150	-3	0.0068413
-150	-2.9	0.0077932
-150	-2.8	0.010862
-150	-2.7	0.015747
-150	-2.6	0.018176
-150	-2.5	0.021787
-150	-2.4	0.024192
-150	-2.3	0.024882
-150	-2.2	0.025677
-150	-2.1	0.027211
-150	-2	0.030078
-150	-1.9	0.030836
-150	-1.8	0.032051
-150	-1.7	0.031667
-150	-1.6	0.028039
-150	-1.5	0.024954
-150	-1.4	0.018856
-150	-1.3	0.016982
-150	-1.2	0.018984
-150	-1.1	0.026598
-150	-1	0.03704
-150	-0.9	0.043411
-150	-0.8	0.047042
-150	-0.7	0.048006
-150	-0.6	0.044443
-150	-0.5	0.040467
-150	-0.4	0.032476
-150	-0.3	0.026139
-150	-0.2	0.02084
-150	-0.1	0.014958
-150	0	0.012039
-150	0.1	0.010974
-150	0.2	0.011841
-150	0.3	0.015747
-150	0.4	0.021146
-150	0.5	0.02583
-150	0.6	0.03065
-150	0.7	0.036068
-150	0.8	0.038489
-150	0.9	0.040259
-150	1	0.038374
-150	1.1	0.03684
-150	1.2	0.033362
-150	1.3	0.030676
-150	1.4	0.027898
-150	1.5	0.02692
-150	1.6	0.025923
-150	1.7	0.026603
-150	1.8	0.027202
-150	1.9	0.028433
-150	2	0.027172
-150	2.1	0.025677
-150	2.2	0.023771
-150	2.3	0.022611
-150	2.4	0.02097
-150	2.5	0.019832
-150	2.6	0.018461
-150	2.7	0.017292
-150	2.8	0.015958
-150	2.9	0.013443
-150	3	0.012052
-150	3.1	0.0099126
-150	3.2	0.008973
-150	3.3	0.008423
-150	3.4	0.0091142
-150	3.5	0.0087005
-150	3.6	0.0085355
-150	3.7	0.0081102
-150	3.8	0.0074713
-150	3.9	0.0065714
-150	4	0.0074105
-140	-4	0.0088934
-140	-3.9	0.0087024
-140	-3.8	0.0085241
-140	-3.7	0.0081441
-140	-3.6	0.0074627
-140	-3.5	0.0078015
-140	-3.4	0.0073294
-140	-3.3	0.0070895
-140	-3.2	0.0068223
-140	-3.1	0.0061469
-140	-3	0.0060649
-140	-2.9	0.0081222
-140	-2.8	0.013054
-140	-2.7	0.015974
-140	-2.6	0.01965
-140	-2.5	0.022051
-140	-2.4	0.02348
-140	-2.3	0.024683
-140	-2.2	0.026455
-140	-2.1	0.028118
-140	-2	0.030008
-140	-1.9	0.030198
-140	-1.8	0.030493
-140	-1.7	0.028042
-140	-1.6	0.024871
-140	-1.5	0.020412
-140	-1.4	0.017978
-140	-1.3	0.018514
-140	-1.2	0.023064
-140	-1.1	0.031716
-140	-1	0.038819
-140	-0.9	0.044498
-140	-0.8	0.045295
-140	-0.7	0.044896
-140	-0.6	0.04154
-140	-0.5	0.035445
-140	-0.4	0.03137
-140	-0.3	0.023764
-140	-0.2	0.018321
-140	-0.1	0.013843
-140	0	0.012303
-140	0.1	0.010768
-140	0.2	0.011694
-140	0.3	0.015308
-140	0.4	0.020124
-140	0.5	0.02849
-140	0.6	0.032831
-140	0.7	0.036858
-140	0.8	0.038725
-140	0.9	0.039292
-140	1	0.037669
-140	1.1	0.036974
-140	1.2	0.033877
-140	1.3	0.031739
-140	1.4	0.029037
-140	1.5	0.027241
-140	1.6	0.02526
-140	1.7	0.025987
-140	1.8	0.027189
-140	1.9	0.027843
-140	2	0.027503
-140	2.1	0.027042
-140	2.2	0.02671
-140	2.3	0.023994
-140	2.4	0.022324
-140	2.5	0.019448
-140	2.6	0.017736
-140	2.7	0.016061
-140	2.8	0.014824
-140	2.9	0.013507
-140	3	0.012016
-140	3.1	0.01026
-140	3.2	0.0092532
-140	3.3	0.0079492
-140	3.4	0.0079776
-140	3.5	0.0068601
-140	3.6	0.0077932
-140	3.7	0.0069071
-140	3.8	0.0074236
-140	3.9	0.0068813
-140	4	0.007467
-130	-4	0.0099938
-130	-3.9	0.010414
-130	-3.8	0.0088259
-130	-3.7	0.0070758
-130	-3.6	0.0055209
-130	-3.5	0.0057755
-130	-3.4	0.0070644
-130	-3.3	0.0082152
-130	-3.2	0.0082779
-130	-3.1	0.0075231
-130	-3	0.0061627
-130	-2.9	0.0078695
-130	-2.8	0.011008
-130	-2.7	0.015978
-130	-2.6	0.019177
-130	-2.5	0.021272
-130	-2.4	0.023983
-130	-2.3	0.024458
-130	-2.2	0.02433
-130	-2.1	0.025583
-130	-2	0.026763
-130	-1.9	0.027637
-130	-1.8	0.028525
-130	-1.7	0.027492
-130	-1.6	0.024465
-130	-1.5	0.018859
-130	-1.4	0.016612
-130	-1.3	0.020712
-130	-1.2	0.02929
-130	-1.1	0.036104
-130	-1	0.042294
-130	-0.9	0.045377
-130	-0.8	0.046645
-130	-0.7	0.044404
-130	-0.6	0.037513
-130	-0.5	0.031865
-130	-0.4	0.024371
-130	-0.3	0.019604
-130	-0.2	0.015557
-130	-0.1	0.011781
-130	0	0.010328
-130	0.1	0.011295
-130	0.2	0.013577
-130	0.3	0.019689
-130	0.4	0.026121
-130	0.5	0.032558
-130	0.6	0.034759
-130	0.7	0.039255
-130	0.8	0.039984
-130	0.9	0.040348
-130	1	0.037766
-130	1.1	0.036393
-130	1.2	0.032034
-130	1.3	0.03002
-130	1.4	0.027073
-130	1.5	0.02608
-130	1.6	0.024787
-130	1.7	0.025176
-130	1.8	0.026943
-130	1.9	0.02768
-130	2	0.027931
-130	2.1	0.027898
-130	2.2	0.026486
-130	2.3	0.025168
-130	2.4	0.02205
-130	2.5	0.020688
-130	2.6	0.018123
-130	2.7	0.017301
-130	2.8	0.015478
-130	2.9	0.013862
-130	3	0.012866
-130	3.1	0.011275
-130	3.2	0.011037
-130	3.3	0.0093367
-130	3.4	0.0090287
-130	3.5	0.0091142
-130	3.6	0.0088607
-130	3.7	0.0088021
-130	3.8	0.0081023
-130	3.9	0.0078695
-130	4	0.0084766
-120	-4	0.0092689
-120	-3.9	0.0092532
-120	-3.8	0.0085317
-120	-3.7	0.0070254
-120	-3.6	0.0060994
-120	-3.5	0.0063078
-120	-3.4	0.0069001
-120	-3.3	0.0083324
-120	-3.2	0.0075574
-120	-3.1	0.0067341
-120	-3	0.0058201
-120	-2.9	0.0077412
-120	-2.8	0.010777
-120	-2.7	0.016922
-120	-2.6	0.020653
-120	-2.5	0.022821
-120	-2.4	0.024536
-120	-2.3	0.024969
-120	-2.2	0.024942
-120	-2.1	0.025521
-120	-2	0.025956
-120	-1.9	0.025965
-120	-1.8	0.025529
-120	-1.7	0.02441
-120	-1.6	0.022696
-120	-1.5	0.019721
-120	-1.4	0.019434
-120	-1.3	0.021778
-120	-1.2	0.027772
-120	-1.1	0.035458
-120	-1	0.043263
-120	-0.9	0.045224
-120	-0.8	0.045277
-120	-0.7	0.043466
-120	-0.6	0.037364
-120	-0.5	0.030521
-120	-0.4	0.02481
-120	-0.3	0.017793
-120	-0.2	0.013444
-120	-0.1	0.010805
-120	0	0.0090466
-120	0.1	0.0092165
-120	0.2	0.011709
-120	0.3	0.021542
-120	0.4	0.025097
-120	0.5	0.033883
-120	0.6	0.040211
-120	0.7	0.043636
-120	0.8	0.045042
-120	0.9	0.043037
-120	1	0.040483
-120	1.1	0.036922
-120	1.2	0.032959
-120	1.3	0.030213
-120	1.4	0.028215
-120	1.5	0.027328
-120	1.6	0.02743
-120	1.7	0.028434
-120	1.8	0.028461
-120	1.9	0.028139
-120	2	0.02758
-120	2.1	0.027269
-120	2.2	0.025286
-120	2.3	0.023934
-120	2.4	0.021813
-120	2.5	0.019427
-120	2.6	0.017946
-120	2.7	0.01521
-120	2.8	0.013337
-120	2.9	0.011468
-120	3	0.010474
-120	3.1	0.0095624
-120	3.2	0.008846
-120	3.3	0.0081202
-120	3.4	0.0073558
-120	3.5	0.0072026
-120	3.6	0.0067605
-120	3.7	0.0062925
-120	3.8	0.0058726
-120	3.9	0.0060941
-120	4	0.0064497
-110	-4	0.010482
-110	-3.9	0.010222
-110	-3.8	0.0094605
-110	-3.7	0.0080019
-110	-3.6	0.0071236
-110	-3.5	0.0081142
-110	-3.4	0.0098176
-110	-3.3	0.0093367
-110	-3.2	0.0084326
-110	-3.1	0.0072896
-110	-3	0.0062873
-110	-2.9	0.0091813
-110	-2.8	0.013898
-110	-2.7	0.017065
-110	-2.6	0.021561
-110	-2.5	0.023442
-110	-2.4	0.024348
-110	-2.3	0.025339
-110	-2.2	0.026064
-110	-2.1	0.029428
-110	-2	0.030002
-110	-1.9	0.029973
-110	-1.8	0.027619
-110	-1.7	0.026498
-110	-1.6	0.021875
-110	-1.5	0.018894
-110	-1.4	0.020346
-110	-1.3	0.027601
-110	-1.2	0.035606
-110	-1.1	0.042668
-110	-1	0.047002
-110	-0.9	0.047626
-110	-0.8	0.046459
-110	-0.7	0.039989
-110	-0.6	0.034972
-110	-0.5	0.027721
-110	-0.4	0.020667
-110	-0.3	0.017133
-110	-0.2	0.011778
-110	-0.1	0.010219
-110	0	0.010551
-110	0.1	0.012827
-110	0.2	0.016274
-110	0.3	0.021407
-110	0.4	0.027928
-110	0.5	0.031869
-110	0.6	0.038313
-110	0.7	0.041542
-110	0.8	0.04348
-110	0.9	0.042631
-110	1	0.040843
-110	1.1	0.03618
-110	1.2	0.033757
-110	1.3	0.03083
-110	1.4	0.02908
-110	1.5	0.028173
-110	1.6	0.028693
-110	1.7	0.029457
-110	1.8	0.030959
-110	1.9	0.03081
-110	2	0.030453
-110	2.1	0.02937
-110	2.2	0.027648
-110	2.3	0.026913
-110	2.4	0.024
-110	2.5	0.022673
-110	2.6	0.02069
-110	2.7	0.018052
-110	2.8	0.016229
-110	2.9	0.014545
-110	3	0.012509
-110	3.1	0.011088
-110	3.2	0.010757
-110	3.3	0.0096012
-110	3.4	0.0094758
-110	3.5	0.0091319
-110	3.6	0.007849
-110	3.7	0.007935
-110	3.8	0.0076403
-110	3.9	0.0081619
-110	4	0.0083052
-100	-4	0.010704
-100	-3.9	0.010358
-100	-3.8	0.009811
-100	-3.7	0.0087616
-100	-3.6	0.0077828
-100	-3.5	0.0076951
-100	-3.4	0.0081341
-100	-3.3	0.00801
-100	-3.2	0.0082368
-100	-3.1	0.007135
-100	-3	0.0078325
-100	-2.9	0.0098914
-100	-2.8	0.014429
-100	-2.7	0.0179
-100	-2.6	0.021659
-100	-2.5	0.023716
-100	-2.4	0.025175
-100	-2.3	0.02539
-100	-2.2	0.026093
-100	-2.1	0.026965
-100	-2	0.028191
-100	-1.9	0.027704
-100	-1.8	0.026905
-100	-1.7	0.024916
-100	-1.6	0.02048
-100	-1.5	0.019856
-100	-1.4	0.022577
-100	-1.3	0.027452
-100	-1.2	0.036578
-100	-1.1	0.042433
-100	-1	0.047357
-100	-0.9	0.048911
-100	-0.8	0.046067
-100	-0.7	0.043513
-100	-0.6	0.034029
-100	-0.5	0.02633
-100	-0.4	0.01829
-100	-0.3	0.015183
-100	-0.2	0.011721
-100	-0.1	0.0095894
-100	0	0.0098685
-100	0.1	0.013896
-100	0.2	0.018653
-100	0.3	0.024632
-100	0.4	0.032546
-100	0.5	0.038836
-100	0.6	0.042071
-100	0.7	0.044493
-100	0.8	0.045335
-100	0.9	0.043135
-100	1	0.04116
-100	1.1	0.037063
-100	1.2	0.035265
-100	1.3	0.032584
-100	1.4	0.029372
-100	1.5	0.027882
-100	1.6	0.026539
-100	1.7	0.028154
-100	1.8	0.029359
-100	1.9	0.029651
-100	2	0.02995
-100	2.1	0.029341
-100	2.2	0.027514
-100	2.3	0.023988
-100	2.4	0.021143
-100	2.5	0.020158
-100	2.6	0.01801
-100	2.7	0.016543
-100	2.8	0.014521
-100	2.9	0.013885
-100	3	0.011566
-100	3.1	0.010534
-100	3.2	0.009385
-100	3.3	0.0084346
-100	3.4	0.0085506
-100	3.5	0.0088259
-100	3.6	0.0094502
-100	3.7	0.0082466
-100	3.8	0.0073228
-100	3.9	0.0066763
-100	4	0.0070644
-90	-4	0.010226
-90	-3.9	0.010256
-90	-3.8	0.0094519
-90	-3.7	0.0090751
-90	-3.6	0.0086801
-90	-3.5	0.0084384
-90	-3.4	0.0078593
-90	-3.3	0.0077641
-90	-3.2	0.007441
-90	-3.1	0.008313
-90	-3	0.011125
-90	-2.9	0.012664
-90	-2.8	0.017283
-90	-2.7	0.020008
-90	-2.6	0.022491
-90	-2.5	0.02366
-90	-2.4	0.024463
-90	-2.3	0.024958
-90	-2.2	0.026009
-90	-2.1	0.027799
-90	-2	0.028525
-90	-1.9	0.02891
-90	-1.8	0.028061
-90	-1.7	0.025433
-90	-1.6	0.022096
-90	-1.5	0.022253
-90	-1.4	0.025102
-90	-1.3	0.031239
-90	-1.2	0.042289
-90	-1.1	0.047598
-90	-1	0.051542
-90	-0.9	0.051849
-90	-0.8	0.050782
-90	-0.7	0.041813
-90	-0.6	0.03638
-90	-0.5	0.025046
-90	-0.4	0.018177
-90	-0.3	0.012917
-90	-0.2	0.010721
-90	-0.1	0.010129
-90	0	0.00971
-90	0.1	0.012152
-90	0.2	0.017618
-90	0.3	0.024729
-90	0.4	0.034082
-90	0.5	0.040219
-90	0.6	0.04585
-90	0.7	0.049328
-90	0.8	0.04951
-90	0.9	0.047111
-90	1	0.042889
-90	1.1	0.037979
-90	1.2	0.035509
-90	1.3	0.032182
-90	1.4	0.031534
-90	1.5	0.031782
-90	1.6	0.032002
-90	1.7	0.031721
-90	1.8	0.032234
-90	1.9	0.030544
-90	2	0.030043
-90	2.1	0.029392
-90	2.2	0.028099
-90	2.3	0.025574
-90	2.4	0.024855
-90	2.5	0.022007
-90	2.6	0.018936
-90	2.7	0.016453
-90	2.8	0.014075
-90	2.9	0.012527
-90	3	0.01155
-90	3.1	0.011094
-90	3.2	0.0096012
-90	3.3	0.0085883
-90	3.4	0.0081063
-90	3.5	0.008344
-90	3.6	0.0083692
-90	3.7	0.008313
-90	3.8	0.0080322
-90	3.9	0.0078593
-90	4	0.0071666
-80	-4	0.011721
-80	-3.9	0.010347
-80	-3.8	0.0090341
-80	-3.7	0.0087079
-80	-3.6	0.0092007
-80	-3.5	0.0096834
-80	-3.4	0.010281
-80	-3.3	0.0095201
-80	-3.2	0.0076909
-80	-3.1	0.0076297
-80	-3	0.0094878
-80	-2.9	0.01514
-80	-2.8	0.019282
-80	-2.7	0.022331
-80	-2.6	0.024684
-80	-2.5	0.02516
-80	-2.4	0.025814
-80	-2.3	0.026604
-80	-2.2	0.029056
-80	-2.1	0.031301
-80	-2	0.033929
-80	-1.9	0.032961
-80	-1.8	0.031903
-80	-1.7	0.026579
-80	-1.6	0.023595
-80	-1.5	0.023934
-80	-1.4	0.031446
-80	-1.3	0.042714
-80	-1.2	0.048266
-80	-1.1	0.054781
-80	-1	0.057484
-80	-0.9	0.055934
-80	-0.8	0.047369
-80	-0.7	0.040482
-80	-0.6	0.029056
-80	-0.5	0.021689
-80	-0.4	0.015332
-80	-0.3	0.011481
-80	-0.2	0.010268
-80	-0.1	0.010157
-80	0	0.01161
-80	0.1	0.017088
-80	0.2	0.024867
-80	0.3	0.031541
-80	0.4	0.03869
-80	0.5	0.044397
-80	0.6	0.048329
-80	0.7	0.049539
-80	0.8	0.048113
-80	0.9	0.045076
-80	1	0.043091
-80	1.1	0.03758
-80	1.2	0.035061
-80	1.3	0.03189
-80	1.4	0.030155
-80	1.5	0.028942
-80	1.6	0.029481
-80	1.7	0.030501
-80	1.8	0.031678
-80	1.9	0.032185
-80	2	0.031659
-80	2.1	0.029677
-80	2.2	0.02748
-80	2.3	0.025367
-80	2.4	0.023063
-80	2.5	0.020971
-80	2.6	0.020304
-80	2.7	0.019626
-80	2.8	0.01731
-80	2.9	0.016353
-80	3	0.013379
-80	3.1	0.011923
-80	3.2	0.01026
-80	3.3	0.010379
-80	3.4	0.010654
-80	3.5	0.011284
-80	3.6	0.011754
-80	3.7	0.0097333
-80	3.8	0.0084899
-80	3.9	0.0078304
-80	4	0.007816
-70	-4	0.011023
-70	-3.9	0.0097433
-70	-3.8	0.0075723
-70	-3.7	0.0062512
-70	-3.6	0.0071032
-70	-3.5	0.010119
-70	-3.4	0.010824
-70	-3.3	0.010382
-70	-3.2	0.0081955
-70	-3.1	0.0076403
-70	-3	0.01014
-70	-2.9	0.014456
-70	-2.8	0.019452
-70	-2.7	0.023178
-70	-2.6	0.024502
-70	-2.5	0.026338
-70	-2.4	0.026317
-70	-2.3	0.02689
-70	-2.2	0.028446
-70	-2.1	0.028901
-70	-2	0.030444
-70	-1.9	0.029604
-70	-1.8	0.029794
-70	-1.7	0.02546
-70	-1.6	0.024115
-70	-1.5	0.026452
-70	-1.4	0.030149
-70	-1.3	0.041436
-70	-1.2	0.047944
-70	-1.1	0.05301
-70	-1	0.054957
-70	-0.9	0.052615
-70	-0.8	0.047433
-70	-0.7	0.036693
-70	-0.6	0.029021
-70	-0.5	0.022225
-70	-0.4	0.01495
-70	-0.3	0.011423
-70	-0.2	0.010429
-70	-0.1	0.010751
-70	0	0.012927
-70	0.1	0.017987
-70	0.2	0.020657
-70	0.3	0.030739
-70	0.4	0.036047
-70	0.5	0.043832
-70	0.6	0.047594
-70	0.7	0.049036
-70	0.8	0.049028
-70	0.9	0.04738
-70	1	0.04443
-70	1.1	0.039966
-70	1.2	0.037094
-70	1.3	0.034392
-70	1.4	0.030823
-70	1.5	0.029445
-70	1.6	0.030476
-70	1.7	0.032468
-70	1.8	0.033766
-70	1.9	0.033035
-70	2	0.031549
-70	2.1	0.029862
-70	2.2	0.02741
-70	2.3	0.025432
-70	2.4	0.023149
-70	2.5	0.021335
-70	2.6	0.020036
-70	2.7	0.018811
-70	2.8	0.016319
-70	2.9	0.0144
-70	3	0.012506
-70	3.1	0.010839
-70	3.2	0.010626
-70	3.3	0.010034
-70	3.4	0.0099322
-70	3.5	0.0098406
-70	3.6	0.01021
-70	3.7	0.008507
-70	3.8	0.0080823
-70	3.9	0.0082171
-70	4	0.0086353
-60	-4	0.0094125
-60	-3.9	0.0092829
-60	-3.8	0.0084384
-60	-3.7	0.0082112
-60	-3.6	0.009227
-60	-3.5	0.010176
-60	-3.4	0.011541
-60	-3.3	0.012027
-60	-3.2	0.010888
-60	-3.1	0.010477
-60	-3	0.011692
-60	-2.9	0.013863
-60	-2.8	0.019028
-60	-2.7	0.023198
-60	-2.6	0.027036
-60	-2.5	0.029555
-60	-2.4	0.030357
-60	-2.3	0.0315
-60	-2.2	0.030574
-60	-2.1	0.030588
-60	-2	0.029193
-60	-1.9	0.028896
-60	-1.8	0.028091
-60	-1.7	0.02785
-60	-1.6	0.028348
-60	-1.5	0.03067
-60	-1.4	0.03446
-60	-1.3	0.038778
-60	-1.2	0.045375
-60	-1.1	0.051118
-60	-1	0.054705
-60	-0.9	0.053792
-60	-0.8	0.047042
-60	-0.7	0.041838
-60	-0.6	0.033207
-60	-0.5	0.023738
-60	-0.4	0.015479
-60	-0.3	0.0112
-60	-0.2	0.0099906
-60	-0.1	0.0099273
-60	0	0.012208
-60	0.1	0.015184
-60	0.2	0.02207
-60	0.3	0.031564
-60	0.4	0.038903
-60	0.5	0.046376
-60	0.6	0.052209
-60	0.7	0.053524
-60	0.8	0.053762
-60	0.9	0.050068
-60	1	0.047566
-60	1.1	0.042023
-60	1.2	0.037298
-60	1.3	0.035782
-60	1.4	0.033896
-60	1.5	0.032839
-60	1.6	0.032684
-60	1.7	0.032446
-60	1.8	0.031394
-60	1.9	0.030144
-60	2	0.028993
-60	2.1	0.027816
-60	2.2	0.026586
-60	2.3	0.023801
-60	2.4	0.02284
-60	2.5	0.01936
-60	2.6	0.016813
-60	2.7	0.013657
-60	2.8	0.011916
-60	2.9	0.011288
-60	3	0.010808
-60	3.1	0.010986
-60	3.2	0.0090964
-60	3.3	0.0089279
-60	3.4	0.0072004
-60	3.5	0.0072851
-60	3.6	0.0069653
-60	3.7	0.007325
-60	3.8	0.0072116
-60	3.9	0.0068837
-60	4	0.0069653
-50	-4	0.0080943
-50	-3.9	0.0069908
-50	-3.8	0.0062357
-50	-3.7	0.0068318
-50	-3.6	0.0075274
-50	-3.5	0.0093332
-50	-3.4	0.010549
-50	-3.3	0.010715
-50	-3.2	0.0098587
-50	-3.1	0.0099273
-50	-3	0.011766
-50	-2.9	0.015982
-50	-2.8	0.019266
-50	-2.7	0.022819
-50	-2.6	0.026894
-50	-2.5	0.027224
-50	-2.4	0.027925
-50	-2.3	0.026764
-50	-2.2	0.02679
-50	-2.1	0.026729
-50	-2	0.028357
-50	-1.9	0.028461
-50	-1.8	0.028786
-50	-1.7	0.028266
-50	-1.6	0.025609
-50	-1.5	0.029704
-50	-1.4	0.032866
-50	-1.3	0.043732
-50	-1.2	0.049221
-50	-1.1	0.055374
-50	-1	0.056849
-50	-0.9	0.053628
-50	-0.8	0.04518
-50	-0.7	0.039452
-50	-0.6	0.031012
-50	-0.5	0.018878
-50	-0.4	0.014887
-50	-0.3	0.010534
-50	-0.2	0.0099208
-50	-0.1	0.010169
-50	0	0.010503
-50	0.1	0.015164
-50	0.2	0.023856
-50	0.3	0.031552
-50	0.4	0.040323
-50	0.5	0.047936
-50	0.6	0.053213
-50	0.7	0.053385
-50	0.8	0.052738
-50	0.9	0.050676
-50	1	0.044816
-50	1.1	0.039644
-50	1.2	0.036712
-50	1.3	0.033808
-50	1.4	0.031661
-50	1.5	0.031587
-50	1.6	0.030215
-50	1.7	0.031105
-50	1.8	0.031501
-50	1.9	0.030379
-50	2	0.028679
-50	2.1	0.027778
-50	2.2	0.026035
-50	2.3	0.024171
-50	2.4	0.019993
-50	2.5	0.016742
-50	2.6	0.015599
-50	2.7	0.013864
-50	2.8	0.01151
-50	2.9	0.011194
-50	3	0.010367
-50	3.1	0.008857
-50	3.2	0.0083421
-50	3.3	0.0082329
-50	3.4	0.0076403
-50	3.5	0.007467
-50	3.6	0.0072607
-50	3.7	0.0070116
-50	3.8	0.0071009
-50	3.9	0.0070918
-50	4	0.0070735
-40	-4	0.010883
-40	-3.9	0.010845
-40	-3.8	0.010034
-40	-3.7	0.0086371
-40	-3.6	0.0089712
-40	-3.5	0.0097167
-40	-3.4	0.011263
-40	-3.3	0.012066
-40	-3.2	0.011599
-40	-3.1	0.011349
-40	-3	0.013753
-40	-2.9	0.018816
-40	-2.8	0.02148
-40	-2.7	0.025554
-40	-2.6	0.02707
-40	-2.5	0.027988
-40	-2.4	0.028568
-40	-2.3	0.029118
-40	-2.2	0.029985
-40	-2.1	0.030582
-40	-2	0.031122
-40	-1.9	0.03074
-40	-1.8	0.028851
-40	-1.7	0.027434
-40	-1.6	0.025853
-40	-1.5	0.027526
-40	-1.4	0.033557
-40	-1.3	0.041
-40	-1.2	0.050577
-40	-1.1	0.05516
-40	-1	0.056669
-40	-0.9	0.055104
-40	-0.8	0.047596
-40	-0.7	0.043171
-40	-0.6	0.033891
-40	-0.5	0.023266
-40	-0.4	0.016608
-40	-0.3	0.011065
-40	-0.2	0.010284
-40	-0.1	0.011052
-40	0	0.013693
-40	0.1	0.016818
-40	0.2	0.022648
-40	0.3	0.033797
-40	0.4	0.037771
-40	0.5	0.045261
-40	0.6	0.049987
-40	0.7	0.051171
-40	0.8	0.051245
-40	0.9	0.049204
-40	1	0.044718
-40	1.1	0.040367
-40	1.2	0.038562
-40	1.3	0.035317
-40	1.4	0.031174
-40	1.5	0.031137
-40	1.6	0.03065
-40	1.7	0.03147
-40	1.8	0.031761
-40	1.9	0.031051
-40	2	0.029276
-40	2.1	0.027703
-40	2.2	0.024932
-40	2.3	0.02172
-40	2.4	0.019652
-40	2.5	0.018112
-40	2.6	0.016962
-40	2.7	0.0158
-40	2.8	0.01434
-40	2.9	0.013186
-40	3	0.010683
-40	3.1	0.010329
-40	3.2	0.0093936
-40	3.3	0.0090126
-40	3.4	0.0089134
-40	3.5	0.0091708
-40	3.6	0.0084038
-40	3.7	0.008154
-40	3.8	0.0080543
-40	3.9	0.007085
-40	4	0.0077641
-30	-4	0.0089892
-30	-3.9	0.0087246
-30	-3.8	0.0080301
-30	-3.7	0.0081262
-30	-3.6	0.008545
-30	-3.5	0.0087782
-30	-3.4	0.0081302
-30	-3.3	0.0083227
-30	-3.2	0.0096113
-30	-3.1	0.012391
-30	-3	0.016187
-30	-2.9	0.019034
-30	-2.8	0.020825
-30	-2.7	0.022425
-30	-2.6	0.023887
-30	-2.5	0.024876
-30	-2.4	0.026546
-30	-2.3	0.027463
-30	-2.2	0.028928
-30	-2.1	0.029979
-30	-2	0.030861
-30	-1.9	0.030944
-30	-1.8	0.028527
-30	-1.7	0.027503
-30	-1.6	0.025558
-30	-1.5	0.028257
-30	-1.4	0.0371
-30	-1.3	0.043501
-30	-1.2	0.047753
-30	-1.1	0.053163
-30	-1	0.055399
-30	-0.9	0.052307
-30	-0.8	0.04591
-30	-0.7	0.039844
-30	-0.6	0.03326
-30	-0.5	0.024549
-30	-0.4	0.016157
-30	-0.3	0.011756
-30	-0.2	0.010257
-30	-0.1	0.0107
-30	0	0.010979
-30	0.1	0.013831
-30	0.2	0.022075
-30	0.3	0.031161
-30	0.4	0.03922
-30	0.5	0.043499
-30	0.6	0.049686
-30	0.7	0.051712
-30	0.8	0.04978
-30	0.9	0.048003
-30	1	0.04596
-30	1.1	0.039936
-30	1.2	0.035593
-30	1.3	0.034312
-30	1.4	0.03222
-30	1.5	0.032055
-30	1.6	0.03092
-30	1.7	0.03202
-30	1.8	0.031738
-30	1.9	0.030473
-30	2	0.028638
-30	2.1	0.026919
-30	2.2	0.024858
-30	2.3	0.024172
-30	2.4	0.022208
-30	2.5	0.021186
-30	2.6	0.019332
-30	2.7	0.016579
-30	2.8	0.01403
-30	2.9	0.011301
-30	3	0.010146
-30	3.1	0.0090982
-30	3.2	0.0095065
-30	3.3	0.0097797
-30	3.4	0.009715
-30	3.5	0.0086633
-30	3.6	0.0081817
-30	3.7	0.0082329
-30	3.8	0.008148
-30	3.9	0.0080663
-30	4	0.0086987
-20	-4	0.0077745
-20	-3.9	0.0078407
-20	-3.8	0.0078036
-20	-3.7	0.008769
-20	-3.6	0.0091989
-20	-3.5	0.010265
-20	-3.4	0.010396
-20	-3.3	0.01001
-20	-3.2	0.010555
-20	-3.1	0.011094
-20	-3	0.01427
-20	-2.9	0.017154
-20	-2.8	0.021214
-20	-2.7	0.024512
-20	-2.6	0.026808
-20	-2.5	0.027311
-20	-2.4	0.027724
-20	-2.3	0.027592
-20	-2.2	0.028659
-20	-2.1	0.029459
-20	-2	0.031026
-20	-1.9	0.031628
-20	-1.8	0.030044
-20	-1.7	0.026661
-20	-1.6	0.026024
-20	-1.5	0.028056
-20	-1.4	0.033221
-20	-1.3	0.040303
-20	-1.2	0.047453
-20	-1.1	0.052092
-20	-1	0.054518
-20	-0.9	0.053537
-20	-0.8	0.048805
-20	-0.7	0.043206
-20	-0.6	0.032096
-20	-0.5	0.023798
-20	-0.4	0.014941
-20	-0.3	0.011945
-20	-0.2	0.010267
-20	-0.1	0.01052
-20	0	0.011481
-20	0.1	0.014685
-20	0.2	0.020008
-20	0.3	0.032411
-20	0.4	0.038738
-20	0.5	0.044647
-20	0.6	0.049385
-20	0.7	0.051735
-20	0.8	0.050262
-20	0.9	0.047958
-20	1	0.045275
-20	1.1	0.038632
-20	1.2	0.033501
-20	1.3	0.031449
-20	1.4	0.031271
-20	1.5	0.031525
-20	1.6	0.031537
-20	1.7	0.031634
-20	1.8	0.030133
-20	1.9	0.028675
-20	2	0.02664
-20	2.1	0.024027
-20	2.2	0.023282
-20	2.3	0.022623
-20	2.4	0.020885
-20	2.5	0.018356
-20	2.6	0.017536
-20	2.7	0.01589
-20	2.8	0.012952
-20	2.9	0.0099987
-20	3	0.0093107
-20	3.1	0.0097631
-20	3.2	0.01052
-20	3.3	0.010881
-20	3.4	0.010342
-20	3.5	0.0088734
-20	3.6	0.0079857
-20	3.7	0.0079655
-20	3.8	0.0088204
-20	3.9	0.0092933
-20	4	0.00973
-10	-4	0.0084918
-10	-3.9	0.007933
-10	-3.8	0.0077453
-10	-3.7	0.0063766
-10	-3.6	0.0070804
-10	-3.5	0.0085241
-10	-3.4	0.0094793
-10	-3.3	0.01006
-10	-3.2	0.010267
-10	-3.1	0.011109
-10	-3	0.012637
-10	-2.9	0.015966
-10	-2.8	0.020163
-10	-2.7	0.023256
-10	-2.6	0.025748
-10	-2.5	0.026832
-10	-2.4	0.027786
-10	-2.3	0.027997
-10	-2.2	0.029273
-10	-2.1	0.030204
-10	-2	0.030884
-10	-1.9	0.031719
-10	-1.8	0.030537
-10	-1.7	0.028993
-10	-1.6	0.027745
-10	-1.5	0.029905
-10	-1.4	0.032516
-10	-1.3	0.04038
-10	-1.2	0.045841
-10	-1.1	0.051069
-10	-1	0.054742
-10	-0.9	0.054641
-10	-0.8	0.048504
-10	-0.7	0.043059
-10	-0.6	0.033492
-10	-0.5	0.02555
-10	-0.4	0.01674
-10	-0.3	0.013535
-10	-0.2	0.011246
-10	-0.1	0.011125
-10	0	0.011873
-10	0.1	0.017871
-10	0.2	0.023692
-10	0.3	0.03028
-10	0.4	0.036967
-10	0.5	0.042657
-10	0.6	0.047578
-10	0.7	0.048053
-10	0.8	0.049579
-10	0.9	0.047733
-10	1	0.046519
-10	1.1	0.041641
-10	1.2	0.038624
-10	1.3	0.033999
-10	1.4	0.033316
-10	1.5	0.031456
-10	1.6	0.030274
-10	1.7	0.030026
-10	1.8	0.031299
-10	1.9	0.0303
-10	2	0.028762
-10	2.1	0.025871
-10	2.2	0.023393
-10	2.3	0.021395
-10	2.4	0.018909
-10	2.5	0.017784
-10	2.6	0.01734
-10	2.7	0.01616
-10	2.8	0.014654
-10	2.9	0.012035
-10	3	0.010728
-10	3.1	0.0093298
-10	3.2	0.0090269
-10	3.3	0.0098521
-10	3.4	0.009373
-10	3.5	0.0081619
-10	3.6	0.007886
-10	3.7	0.0071981
-10	3.8	0.0076149
-10	3.9	0.0070369
-10	4	0.0067533
0	-4	0.0093885
0	-3.9	0.0085127
0	-3.8	0.0067413
0	-3.7	0.0066301
0	-3.6	0.0075638
0	-3.5	0.0097333
0	-3.4	0.011617
0	-3.3	0.011579
0	-3.2	0.011412
0	-3.1	0.010805
0	-3	0.01159
0	-2.9	0.014857
0	-2.8	0.020128
0	-2.7	0.023074
0	-2.6	0.025515
0	-2.5	0.028753
0	-2.4	0.030316
0	-2.3	0.031038
0	-2.2	0.031428
0	-2.1	0.03135
0	-2	0.031702
0	-1.9	0.032329
0	-1.8	0.032003
0	-1.7	0.030175
0	-1.6	0.028782
0	-1.5	0.027938
0	-1.4	0.031935
0	-1.3	0.036431
0	-1.2	0.046398
0	-1.1	0.053317
0	-1	0.057269
0	-0.9	0.055639
0	-0.8	0.052276
0	-0.7	0.045651
0	-0.6	0.039532
0	-0.5	0.027857
0	-0.4	0.021352
0	-0.3	0.015631
0	-0.2	0.01199
0	-0.1	0.011427
0	0	0.012387
0	0.1	0.016021
0	0.2	0.024621
0	0.3	0.032596
0	0.4	0.035781
0	0.5	0.044632
0	0.6	0.049426
0	0.7	0.050046
0	0.8	0.050698
0	0.9	0.04841
0	1	0.045704
0	1.1	0.042093
0	1.2	0.039591
0	1.3	0.036104
0	1.4	0.034092
0	1.5	0.031865
0	1.6	0.030977
0	1.7	0.030581
0	1.8	0.029841
0	1.9	0.02881
0	2	0.027771
0	2.1	0.026253
0	2.2	0.024554
0	2.3	0.021926
0	2.4	0.02002
0	2.5	0.017407
0	2.6	0.01569
0	2.7	0.014834
0	2.8	0.014189
0	2.9	0.012648
0	3	0.011087
0	3.1	0.0099159
0	3.2	0.0089297
0	3.3	0.0079918
0	3.4	0.0076276
0	3.5	0.0077224
0	3.6	0.0082093
0	3.7	0.0079268
0	3.8	0.0073051
0	3.9	0.0072851
0	4	0.0075787
10	-4	0.0085714
10	-3.9	0.0092077
10	-3.8	0.0079655
10	-3.7	0.0073646
10	-3.6	0.0071009
10	-3.5	0.0094878
10	-3.4	0.010334
10	-3.3	0.011119
10	-3.2	0.011389
10	-3.1	0.01181
10	-3	0.013596
10	-2.9	0.016123
10	-2.8	0.01902
10	-2.7	0.021549
10	-2.6	0.025138
10	-2.5	0.028228
10	-2.4	0.030672
10	-2.3	0.031114
10	-2.2	0.031863
10	-2.1	0.031329
10	-2	0.031854
10	-1.9	0.031637
10	-1.8	0.031056
10	-1.7	0.029771
10	-1.6	0.028106
10	-1.5	0.028607
10	-1.4	0.032263
10	-1.3	0.037024
10	-1.2	0.044478
10	-1.1	0.050101
10	-1	0.054303
10	-0.9	0.053709
10	-0.8	0.051268
10	-0.7	0.043495
10	-0.6	0.040031
10	-0.5	0.030847
10	-0.4	0.023967
10	-0.3	0.017606
10	-0.2	0.014886
10	-0.1	0.012781
10	0	0.01278
10	0.1	0.013714
10	0.2	0.018553
10	0.3	0.023262
10	0.4	0.033021
10	0.5	0.037742
10	0.6	0.045359
10	0.7	0.048433
10	0.8	0.048661
10	0.9	0.047795
10	1	0.045699
10	1.1	0.041573
10	1.2	0.038698
10	1.3	0.038354
10	1.4	0.036698
10	1.5	0.034979
10	1.6	0.033781
10	1.7	0.033281
10	1.8	0.031044
10	1.9	0.030747
10	2	0.02907
10	2.1	0.028004
10	2.2	0.027147
10	2.3	0.025828
10	2.4	0.023276
10	2.5	0.0222
10	2.6	0.01883
10	2.7	0.016455
10	2.8	0.015362
10	2.9	0.01382
10	3	0.012349
10	3.1	0.011501
10	3.2	0.010967
10	3.3	0.0090358
10	3.4	0.0088698
10	3.5	0.0084422
10	3.6	0.0083556
10	3.7	0.0084594
10	3.8	0.008156
10	3.9	0.007937
10	4	0.0075123
20	-4	0.011294
20	-3.9	0.010999
20	-3.8	0.0092392
20	-3.7	0.0071055
20	-3.6	0.0073073
20	-3.5	0.0081738
20	-3.4	0.010307
20	-3.3	0.011011
20	-3.2	0.011738
20	-3.1	0.011151
20	-3	0.011508
20	-2.9	0.015245
20	-2.8	0.01977
20	-2.7	0.022933
20	-2.6	0.026447
20	-2.5	0.02893
20	-2.4	0.030209
20	-2.3	0.031314
20	-2.2	0.031517
20	-2.1	0.032471
20	-2	0.033702
20	-1.9	0.03413
20	-1.8	0.03414
20	-1.7	0.035383
20	-1.6	0.031096
20	-1.5	0.029521
20	-1.4	0.031475
20	-1.3	0.036685
20	-1.2	0.042683
20	-1.1	0.051558
20	-1	0.056513
20	-0.9	0.057641
20	-0.8	0.054753
20	-0.7	0.051289
20	-0.6	0.043177
20	-0.5	0.033874
20	-0.4	0.027115
20	-0.3	0.018724
20	-0.2	0.015302
20	-0.1	0.015256
20	0	0.015194
20	0.1	0.018082
20	0.2	0.023943
20	0.3	0.029514
20	0.4	0.037601
20	0.5	0.042012
20	0.6	0.046095
20	0.7	0.049131
20	0.8	0.047641
20	0.9	0.047672
20	1	0.047225
20	1.1	0.043727
20	1.2	0.040762
20	1.3	0.035491
20	1.4	0.032387
20	1.5	0.027845
20	1.6	0.027316
20	1.7	0.027961
20	1.8	0.028655
20	1.9	0.028817
20	2	0.028478
20	2.1	0.027606
20	2.2	0.02542
20	2.3	0.022103
20	2.4	0.018653
20	2.5	0.017003
20	2.6	0.016323
20	2.7	0.015615
20	2.8	0.01567
20	2.9	0.014182
20	3	0.012223
20	3.1	0.010999
20	3.2	0.0094844
20	3.3	0.0091231
20	3.4	0.0088442
20	3.5	0.0092689
20	3.6	0.0083285
20	3.7	0.007933
20	3.8	0.0080923
20	3.9	0.008152
20	4	0.0079248
30	-4	0.0086222
30	-3.9	0.0087984
30	-3.8	0.008425
30	-3.7	0.0083865
30	-3.6	0.007454
30	-3.5	0.0077787
30	-3.4	0.0082289
30	-3.3	0.0085317
30	-3.2	0.0089061
30	-3.1	0.009139
30	-3	0.011422
30	-2.9	0.014218
30	-2.8	0.018909
30	-2.7	0.022718
30	-2.6	0.024482
30	-2.5	0.027729
30	-2.4	0.02803
30	-2.3	0.028198
30	-2.2	0.02893
30	-2.1	0.031694
30	-2	0.033624
30	-1.9	0.034459
30	-1.8	0.03719
30	-1.7	0.035564
30	-1.6	0.030603
30	-1.5	0.02804
30	-1.4	0.028945
30	-1.3	0.035801
30	-1.2	0.043046
30	-1.1	0.049531
30	-1	0.057173
30	-0.9	0.06009
30	-0.8	0.059456
30	-0.7	0.054566
30	-0.6	0.04293
30	-0.5	0.037198
30	-0.4	0.027372
30	-0.3	0.021588
30	-0.2	0.016149
30	-0.1	0.015319
30	0	0.015006
30	0.1	0.01585
30	0.2	0.020444
30	0.3	0.024587
30	0.4	0.033238
30	0.5	0.039549
30	0.6	0.045005
30	0.7	0.048975
30	0.8	0.050575
30	0.9	0.049225
30	1	0.047333
30	1.1	0.043222
30	1.2	0.039167
30	1.3	0.037211
30	1.4	0.034909
30	1.5	0.032419
30	1.6	0.031027
30	1.7	0.028781
30	1.8	0.028238
30	1.9	0.029712
30	2	0.029725
30	2.1	0.027452
30	2.2	0.027194
30	2.3	0.025106
30	2.4	0.023155
30	2.5	0.021552
30	2.6	0.019279
30	2.7	0.016733
30	2.8	0.015921
30	2.9	0.014482
30	3	0.012298
30	3.1	0.011893
30	3.2	0.010762
30	3.3	0.010368
30	3.4	0.010175
30	3.5	0.009924
30	3.6	0.0092445
30	3.7	0.0089748
30	3.8	0.0083884
30	3.9	0.0083711
30	4	0.0081341
40	-4	0.0095082
40	-3.9	0.0093349
40	-3.8	0.0088952
40	-3.7	0.0071191
40	-3.6	0.0070507
40	-3.5	0.0085752
40	-3.4	0.0088771
40	-3.3	0.0092515
40	-3.2	0.0099175
40	-3.1	0.0097565
40	-3	0.012075
40	-2.9	0.014849
40	-2.8	0.018877
40	-2.7	0.022888
40	-2.6	0.02652
40	-2.5	0.028299
40	-2.4	0.028408
40	-2.3	0.02911
40	-2.2	0.030034
40	-2.1	0.030226
40	-2	0.031938
40	-1.9	0.034198
40	-1.8	0.035764
40	-1.7	0.032886
40	-1.6	0.029352
40	-1.5	0.026904
40	-1.4	0.026377
40	-1.3	0.029685
40	-1.2	0.040131
40	-1.1	0.04689
40	-1	0.054862
40	-0.9	0.057079
40	-0.8	0.059841
40	-0.7	0.056372
40	-0.6	0.049925
40	-0.5	0.038169
40	-0.4	0.034958
40	-0.3	0.026634
40	-0.2	0.021281
40	-0.1	0.017241
40	0	0.016105
40	0.1	0.016766
40	0.2	0.020642
40	0.3	0.023907
40	0.4	0.032682
40	0.5	0.039505
40	0.6	0.043845
40	0.7	0.045716
40	0.8	0.047699
40	0.9	0.047933
40	1	0.047112
40	1.1	0.044611
40	1.2	0.041854
40	1.3	0.037579
40	1.4	0.034956
40	1.5	0.032982
40	1.6	0.030847
40	1.7	0.030161
40	1.8	0.028566
40	1.9	0.027842
40	2	0.027258
40	2.1	0.026289
40	2.2	0.026223
40	2.3	0.024437
40	2.4	0.023532
40	2.5	0.021641
40	2.6	0.019647
40	2.7	0.01759
40	2.8	0.016468
40	2.9	0.015155
40	3	0.013617
40	3.1	0.011135
40	3.2	0.0097995
40	3.3	0.0087856
40	3.4	0.0084632
40	3.5	0.0087079
40	3.6	0.0097
40	3.7	0.0099208
40	3.8	0.009116
40	3.9	0.0080603
40	4	0.0076318
50	-4	0.0089514
50	-3.9	0.0091567
50	-3.8	0.0092445
50	-3.7	0.0074994
50	-3.6	0.0058891
50	-3.5	0.0060888
50	-3.4	0.0075766
50	-3.3	0.0094348
50	-3.2	0.0098077
50	-3.1	0.0096382
50	-3	0.0095675
50	-2.9	0.011088
50	-2.8	0.014008
50	-2.7	0.020333
50	-2.6	0.023418
50	-2.5	0.027705
50	-2.4	0.028479
50	-2.3	0.029185
50	-2.2	0.028987
50	-2.1	0.029112
50	-2	0.030025
50	-1.9	0.031655
50	-1.8	0.032413
50	-1.7	0.0323
50	-1.6	0.030117
50	-1.5	0.026225
50	-1.4	0.025325
50	-1.3	0.028816
50	-1.2	0.03573
50	-1.1	0.040137
50	-1	0.052
50	-0.9	0.058557
50	-0.8	0.060056
50	-0.7	0.05755
50	-0.6	0.049511
50	-0.5	0.04204
50	-0.4	0.03691
50	-0.3	0.026632
50	-0.2	0.022313
50	-0.1	0.018203
50	0	0.017005
50	0.1	0.017362
50	0.2	0.017843
50	0.3	0.023489
50	0.4	0.029898
50	0.5	0.035485
50	0.6	0.040263
50	0.7	0.042963
50	0.8	0.045903
50	0.9	0.048051
50	1	0.047355
50	1.1	0.04522
50	1.2	0.044048
50	1.3	0.039578
50	1.4	0.035764
50	1.5	0.031438
50	1.6	0.029623
50	1.7	0.02777
50	1.8	0.028449
50	1.9	0.027792
50	2	0.027788
50	2.1	0.027022
50	2.2	0.025903
50	2.3	0.023092
50	2.4	0.020967
50	2.5	0.020001
50	2.6	0.019308
50	2.7	0.018359
50	2.8	0.017654
50	2.9	0.015892
50	3	0.014042
50	3.1	0.011296
50	3.2	0.010644
50	3.3	0.010084
50	3.4	0.01011
50	3.5	0.0098669
50	3.6	0.0092024
50	3.7	0.0082896
50	3.8	0.0074562
50	3.9	0.0070369
50	4	0.0069491
60	-4	0.0087616
60	-3.9	0.0090018
60	-3.8	0.0081619
60	-3.7	0.0072918
60	-3.6	0.0067004
60	-3.5	0.0064322
60	-3.4	0.0074301
60	-3.3	0.0089206
60	-3.2	0.011067
60	-3.1	0.010817
60	-3	0.010342
60	-2.9	0.010483
60	-2.8	0.013481
60	-2.7	0.018607
60	-2.6	0.02293
60	-2.5	0.028424
60	-2.4	0.029877
60	-2.3	0.032028
60	-2.2	0.031791
60	-2.1	0.030074
60	-2	0.031164
60	-1.9	0.03109
60	-1.8	0.031325
60	-1.7	0.030591
60	-1.6	0.029791
60	-1.5	0.027456
60	-1.4	0.026748
60	-1.3	0.028149
60	-1.2	0.032559
60	-1.1	0.040398
60	-1	0.049511
60	-0.9	0.051622
60	-0.8	0.056374
60	-0.7	0.057431
60	-0.6	0.055496
60	-0.5	0.050112
60	-0.4	0.041114
60	-0.3	0.034843
60	-0.2	0.027665
60	-0.1	0.020597
60	0	0.016976
60	0.1	0.016568
60	0.2	0.016888
60	0.3	0.018899
60	0.4	0.026171
60	0.5	0.031537
60	0.6	0.036528
60	0.7	0.042061
60	0.8	0.046258
60	0.9	0.049261
60	1	0.048447
60	1.1	0.047247
60	1.2	0.044551
60	1.3	0.042488
60	1.4	0.037943
60	1.5	0.035097
60	1.6	0.032365
60	1.7	0.031439
60	1.8	0.030064
60	1.9	0.029666
60	2	0.027985
60	2.1	0.027403
60	2.2	0.026056
60	2.3	0.023676
60	2.4	0.021828
60	2.5	0.020126
60	2.6	0.018361
60	2.7	0.016812
60	2.8	0.014936
60	2.9	0.013139
60	3	0.011559
60	3.1	0.010531
60	3.2	0.01024
60	3.3	0.0097747
60	3.4	0.0092357
60	3.5	0.0080943
60	3.6	0.0082837
60	3.7	0.00697
60	3.8	0.0061627
60	3.9	0.0064246
60	4	0.007053
70	-4	0.0081777
70	-3.9	0.0081698
70	-3.8	0.0075808
70	-3.7	0.0061915
70	-3.6	0.0058809
70	-3.5	0.0064622
70	-3.4	0.0084365
70	-3.3	0.0093833
70	-3.2	0.010356
70	-3.1	0.0093419
70	-3	0.0088552
70	-2.9	0.009618
70	-2.8	0.011791
70	-2.7	0.016815
70	-2.6	0.021993
70	-2.5	0.024795
70	-2.4	0.026396
70	-2.3	0.025897
70	-2.2	0.025938
70	-2.1	0.025387
70	-2	0.02561
70	-1.9	0.027215
70	-1.8	0.029006
70	-1.7	0.028552
70	-1.6	0.027425
70	-1.5	0.023624
70	-1.4	0.020174
70	-1.3	0.021106
70	-1.2	0.027231
70	-1.1	0.03261
70	-1	0.043583
70	-0.9	0.051823
70	-0.8	0.055275
70	-0.7	0.057466
70	-0.6	0.054204
70	-0.5	0.048027
70	-0.4	0.039589
70	-0.3	0.031049
70	-0.2	0.023641
70	-0.1	0.017924
70	0	0.014484
70	0.1	0.013857
70	0.2	0.014407
70	0.3	0.018332
70	0.4	0.022618
70	0.5	0.028066
70	0.6	0.033386
70	0.7	0.03789
70	0.8	0.040728
70	0.9	0.043581
70	1	0.043257
70	1.1	0.041091
70	1.2	0.038665
70	1.3	0.035098
70	1.4	0.032953
70	1.5	0.028675
70	1.6	0.028007
70	1.7	0.026241
70	1.8	0.025732
70	1.9	0.026022
70	2	0.025425
70	2.1	0.025135
70	2.2	0.024209
70	2.3	0.022619
70	2.4	0.021696
70	2.5	0.01992
70	2.6	0.018567
70	2.7	0.016992
70	2.8	0.015262
70	2.9	0.013995
70	3	0.012834
70	3.1	0.011325
70	3.2	0.010309
70	3.3	0.0097532
70	3.4	0.0093799
70	3.5	0.0086689
70	3.6	0.0084747
70	3.7	0.0074908
70	3.8	0.0067581
70	3.9	0.006879
70	4	0.0071891
80	-4	0.0074018
80	-3.9	0.0083827
80	-3.8	0.0086857
80	-3.7	0.0078263
80	-3.6	0.0070621
80	-3.5	0.0068954
80	-3.4	0.0064472
80	-3.3	0.0073183
80	-3.2	0.0087154
80	-3.1	0.009227
80	-3	0.0096164
80	-2.9	0.010792
80	-2.8	0.013945
80	-2.7	0.017769
80	-2.6	0.020801
80	-2.5	0.02449
80	-2.4	0.027721
80	-2.3	0.028924
80	-2.2	0.028421
80	-2.1	0.028836
80	-2	0.029134
80	-1.9	0.030472
80	-1.8	0.031051
80	-1.7	0.030548
80	-1.6	0.02827
80	-1.5	0.024651
80	-1.4	0.020791
80	-1.3	0.01968
80	-1.2	0.023564
80	-1.1	0.031571
80	-1	0.037718
80	-0.9	0.046707
80	-0.8	0.05121
80	-0.7	0.05253
80	-0.6	0.051767
80	-0.5	0.047122
80	-0.4	0.042198
80	-0.3	0.03549
80	-0.2	0.028628
80	-0.1	0.025247
80	0	0.018524
80	0.1	0.015759
80	0.2	0.015645
80	0.3	0.017663
80	0.4	0.020702
80	0.5	0.022652
80	0.6	0.029144
80	0.7	0.035532
80	0.8	0.039329
80	0.9	0.04193
80	1	0.043394
80	1.1	0.043907
80	1.2	0.04219
80	1.3	0.038967
80	1.4	0.034552
80	1.5	0.030676
80	1.6	0.027202
80	1.7	0.025495
80	1.8	0.025795
80	1.9	0.026284
80	2	0.026892
80	2.1	0.02587
80	2.2	0.024724
80	2.3	0.021406
80	2.4	0.020509
80	2.5	0.018342
80	2.6	0.01815
80	2.7	0.01656
80	2.8	0.015677
80	2.9	0.014221
80	3	0.012374
80	3.1	0.010683
80	3.2	0.0088898
80	3.3	0.0078077
80	3.4	0.0079452
80	3.5	0.0079878
80	3.6	0.0075936
80	3.7	0.007144
80	3.8	0.0062899
80	3.9	0.0067101
80	4	0.0073294
90	-4	0.0077828
90	-3.9	0.0086763
90	-3.8	0.0090573
90	-3.7	0.0086652
90	-3.6	0.0077161
90	-3.5	0.0060167
90	-3.4	0.0062719
90	-3.3	0.0069351
90	-3.2	0.0081896
90	-3.1	0.0088552
90	-3	0.0091018
90	-2.9	0.0096566
90	-2.8	0.012452
90	-2.7	0.016415
90	-2.6	0.020973
90	-2.5	0.024594
90	-2.4	0.025739
90	-2.3	0.026665
90	-2.2	0.026519
90	-2.1	0.026373
90	-2	0.027194
90	-1.9	0.027434
90	-1.8	0.028295
90	-1.7	0.028768
90	-1.6	0.026706
90	-1.5	0.022117
90	-1.4	0.01662
90	-1.3	0.015702
90	-1.2	0.018846
90	-1.1	0.025998
90	-1	0.035657
90	-0.9	0.043166
90	-0.8	0.049215
90	-0.7	0.051429
90	-0.6	0.050601
90	-0.5	0.045476
90	-0.4	0.041561
90	-0.3	0.032035
90	-0.2	0.027133
90	-0.1	0.019424
90	0	0.016
90	0.1	0.013076
90	0.2	0.013481
90	0.3	0.015363
90	0.4	0.017872
90	0.5	0.023105
90	0.6	0.028242
90	0.7	0.031793
90	0.8	0.036392
90	0.9	0.040398
90	1	0.040759
90	1.1	0.039735
90	1.2	0.037167
90	1.3	0.034749
90	1.4	0.031092
90	1.5	0.02775
90	1.6	0.025225
90	1.7	0.02463
90	1.8	0.023772
90	1.9	0.022879
90	2	0.022841
90	2.1	0.02181
90	2.2	0.021054
90	2.3	0.018624
90	2.4	0.017677
90	2.5	0.017294
90	2.6	0.016259
90	2.7	0.016089
90	2.8	0.014587
90	2.9	0.01371
90	3	0.011873
90	3.1	0.010835
90	3.2	0.009665
90	3.3	0.0088752
90	3.4	0.0080943
90	3.5	0.0082427
90	3.6	0.0083576
90	3.7	0.0076382
90	3.8	0.0073448
90	3.9	0.0075936
90	4	0.0079431
100	-4	0.0095201
100	-3.9	0.010113
100	-3.8	0.010012
100	-3.7	0.0085203
100	-3.6	0.0067724
100	-3.5	0.0058395
100	-3.4	0.0063283
100	-3.3	0.007085
100	-3.2	0.0086558
100	-3.1	0.0086949
100	-3	0.0084077
100	-2.9	0.0086801
100	-2.8	0.012023
100	-2.7	0.016232
100	-2.6	0.02177
100	-2.5	0.023405
100	-2.4	0.026695
100	-2.3	0.026569
100	-2.2	0.026053
100	-2.1	0.025531
100	-2	0.026568
100	-1.9	0.028264
100	-1.8	0.029825
100	-1.7	0.030158
100	-1.6	0.028395
100	-1.5	0.023977
100	-1.4	0.019387
100	-1.3	0.014738
100	-1.2	0.016297
100	-1.1	0.024058
100	-1	0.031851
100	-0.9	0.040008
100	-0.8	0.048325
100	-0.7	0.052907
100	-0.6	0.053202
100	-0.5	0.048767
100	-0.4	0.045003
100	-0.3	0.039156
100	-0.2	0.02842
100	-0.1	0.022479
100	0	0.017933
100	0.1	0.015289
100	0.2	0.013681
100	0.3	0.01389
100	0.4	0.016567
100	0.5	0.019627
100	0.6	0.02459
100	0.7	0.027876
100	0.8	0.035229
100	0.9	0.038425
100	1	0.040711
100	1.1	0.041186
100	1.2	0.041028
100	1.3	0.037704
100	1.4	0.031644
100	1.5	0.029338
100	1.6	0.0269
100	1.7	0.025977
100	1.8	0.026
100	1.9	0.025649
100	2	0.026276
100	2.1	0.025505
100	2.2	0.024687
100	2.3	0.02237
100	2.4	0.020162
100	2.5	0.019389
100	2.6	0.018724
100	2.7	0.018327
100	2.8	0.017369
100	2.9	0.016079
100	3	0.013456
100	3.1	0.011898
100	3.2	0.010058
100	3.3	0.0085032
100	3.4	0.0084115
100	3.5	0.0093072
100	3.6	0.0095252
100	3.7	0.0084441
100	3.8	0.0071756
100	3.9	0.0068672
100	4	0.0072585
110	-4	0.0062071
110	-3.9	0.0065269
110	-3.8	0.0068176
110	-3.7	0.0070895
110	-3.6	0.0062045
110	-3.5	0.005582
110	-3.4	0.0054974
110	-3.3	0.0060596
110	-3.2	0.0060382
110	-3.1	0.0070024
110	-3	0.0070369
110	-2.9	0.0079064
110	-2.8	0.0089152
110	-2.7	0.011741
110	-2.6	0.014511
110	-2.5	0.018621
110	-2.4	0.022653
110	-2.3	0.02467
110	-2.2	0.026236
110	-2.1	0.028185
110	-2	0.02911
110	-1.9	0.029753
110	-1.8	0.029629
110	-1.7	0.028817
110	-1.6	0.027229
110	-1.5	0.024465
110	-1.4	0.019618
110	-1.3	0.016565
110	-1.2	0.017573
110	-1.1	0.023642
110	-1	0.028897
110	-0.9	0.038713
110	-0.8	0.046314
110	-0.7	0.051288
110	-0.6	0.051142
110	-0.5	0.049313
110	-0.4	0.045033
110	-0.3	0.039266
110	-0.2	0.032081
110	-0.1	0.02382
110	0	0.018706
110	0.1	0.014335
110	0.2	0.011828
110	0.3	0.011131
110	0.4	0.013191
110	0.5	0.015042
110	0.6	0.021883
110	0.7	0.026507
110	0.8	0.031859
110	0.9	0.036513
110	1	0.039014
110	1.1	0.040921
110	1.2	0.041007
110	1.3	0.039272
110	1.4	0.036039
110	1.5	0.032893
110	1.6	0.029974
110	1.7	0.026913
110	1.8	0.025709
110	1.9	0.024583
110	2	0.024982
110	2.1	0.024895
110	2.2	0.024393
110	2.3	0.022485
110	2.4	0.021095
110	2.5	0.018
110	2.6	0.016011
110	2.7	0.014789
110	2.8	0.013349
110	2.9	0.012188
110	3	0.010912
110	3.1	0.0085525
110	3.2	0.007787
110	3.3	0.0065344
110	3.4	0.0062719
110	3.5	0.0070781
110	3.6	0.0073448
110	3.7	0.0068389
110	3.8	0.005922
110	3.9	0.0057249
110	4	0.0053302
120	-4	0.0072295
120	-3.9	0.0072317
120	-3.8	0.0076635
120	-3.7	0.0071711
120	-3.6	0.0065467
120	-3.5	0.0059763
120	-3.4	0.0053333
120	-3.3	0.0059111
120	-3.2	0.006517
120	-3.1	0.0071418
120	-3	0.0075616
120	-2.9	0.0068483
120	-2.8	0.0077516
120	-2.7	0.010119
120	-2.6	0.013533
120	-2.5	0.018852
120	-2.4	0.02315
120	-2.3	0.026355
120	-2.2	0.028776
120	-2.1	0.029426
120	-2	0.029277
120	-1.9	0.029375
120	-1.8	0.028758
120	-1.7	0.028833
120	-1.6	0.028456
120	-1.5	0.026035
120	-1.4	0.023407
120	-1.3	0.021189
120	-1.2	0.019015
120	-1.1	0.021752
120	-1	0.028394
120	-0.9	0.04068
120	-0.8	0.046332
120	-0.7	0.049439
120	-0.6	0.052028
120	-0.5	0.050161
120	-0.4	0.047473
120	-0.3	0.040934
120	-0.2	0.031453
120	-0.1	0.021923
120	0	0.018019
120	0.1	0.015389
120	0.2	0.011967
120	0.3	0.01013
120	0.4	0.011144
120	0.5	0.014588
120	0.6	0.020547
120	0.7	0.030339
120	0.8	0.035556
120	0.9	0.038226
120	1	0.039968
120	1.1	0.041364
120	1.2	0.040586
120	1.3	0.038027
120	1.4	0.034505
120	1.5	0.032059
120	1.6	0.030069
120	1.7	0.028368
120	1.8	0.025923
120	1.9	0.025404
120	2	0.024966
120	2.1	0.024701
120	2.2	0.023449
120	2.3	0.022046
120	2.4	0.020916
120	2.5	0.017264
120	2.6	0.016384
120	2.7	0.014089
120	2.8	0.012923
120	2.9	0.012455
120	3	0.011107
120	3.1	0.0079574
120	3.2	0.0072918
120	3.3	0.0063104
120	3.4	0.0060622
120	3.5	0.0069931
120	3.6	0.0062847
120	3.7	0.0063665
120	3.8	0.0060755
120	3.9	0.0056625
120	4	0.0054679
130	-4	0.0091337
130	-3.9	0.0090876
130	-3.8	0.0096197
130	-3.7	0.009537
130	-3.6	0.0089478
130	-3.5	0.0075145
130	-3.4	0.0065714
130	-3.3	0.0065566
130	-3.2	0.0071936
130	-3.1	0.0079064
130	-3	0.0078757
130	-2.9	0.0075145
130	-2.8	0.0077973
130	-2.7	0.011487
130	-2.6	0.017219
130	-2.5	0.02066
130	-2.4	0.024539
130	-2.3	0.026876
130	-2.2	0.028374
130	-2.1	0.028809
130	-2	0.029594
130	-1.9	0.031528
130	-1.8	0.032879
130	-1.7	0.033525
130	-1.6	0.032483
130	-1.5	0.029286
130	-1.4	0.024542
130	-1.3	0.019743
130	-1.2	0.017211
130	-1.1	0.020649
130	-1	0.034068
130	-0.9	0.039987
130	-0.8	0.048145
130	-0.7	0.052637
130	-0.6	0.05336
130	-0.5	0.050555
130	-0.4	0.045118
130	-0.3	0.037849
130	-0.2	0.028662
130	-0.1	0.022274
130	0	0.015906
130	0.1	0.012567
130	0.2	0.011371
130	0.3	0.011155
130	0.4	0.012593
130	0.5	0.017134
130	0.6	0.021819
130	0.7	0.028808
130	0.8	0.033306
130	0.9	0.036738
130	1	0.037959
130	1.1	0.039068
130	1.2	0.036782
130	1.3	0.035656
130	1.4	0.031492
130	1.5	0.029926
130	1.6	0.028851
130	1.7	0.027591
130	1.8	0.026038
130	1.9	0.02586
130	2	0.026064
130	2.1	0.026009
130	2.2	0.025399
130	2.3	0.023946
130	2.4	0.023217
130	2.5	0.021564
130	2.6	0.018808
130	2.7	0.01746
130	2.8	0.015212
130	2.9	0.013805
130	3	0.012382
130	3.1	0.011424
130	3.2	0.010457
130	3.3	0.0089982
130	3.4	0.0091567
130	3.5	0.0083537
130	3.6	0.0077973
130	3.7	0.0076
130	3.8	0.0074757
130	3.9	0.0074886
130	4	0.007816
140	-4	0.008526
140	-3.9	0.0092515
140	-3.8	0.011033
140	-3.7	0.011051
140	-3.6	0.010138
140	-3.5	0.0078531
140	-3.4	0.0073073
140	-3.3	0.0063002
140	-3.2	0.0068271
140	-3.1	0.0072984
140	-3	0.007336
140	-2.9	0.0064847
140	-2.8	0.0074994
140	-2.7	0.010766
140	-2.6	0.014679
140	-2.5	0.020294
140	-2.4	0.023517
140	-2.3	0.024774
140	-2.2	0.025639
140	-2.1	0.026581
140	-2	0.028272
140	-1.9	0.031261
140	-1.8	0.034069
140	-1.7	0.03531
140	-1.6	0.03446
140	-1.5	0.031147
140	-1.4	0.025849
140	-1.3	0.019613
140	-1.2	0.01723
140	-1.1	0.022368
140	-1	0.032364
140	-0.9	0.040881
140	-0.8	0.047255
140	-0.7	0.050822
140	-0.6	0.051987
140	-0.5	0.050017
140	-0.4	0.042906
140	-0.3	0.037663
140	-0.2	0.030163
140	-0.1	0.020272
140	0	0.016164
140	0.1	0.013127
140	0.2	0.01246
140	0.3	0.013672
140	0.4	0.015491
140	0.5	0.018945
140	0.6	0.024606
140	0.7	0.027644
140	0.8	0.032476
140	0.9	0.035517
140	1	0.036636
140	1.1	0.037423
140	1.2	0.037247
140	1.3	0.034989
140	1.4	0.031802
140	1.5	0.02998
140	1.6	0.026961
140	1.7	0.025132
140	1.8	0.023833
140	1.9	0.023315
140	2	0.024195
140	2.1	0.024619
140	2.2	0.024454
140	2.3	0.023427
140	2.4	0.022198
140	2.5	0.0208
140	2.6	0.017622
140	2.7	0.016189
140	2.8	0.015061
140	2.9	0.014174
140	3	0.014195
140	3.1	0.012272
140	3.2	0.010337
140	3.3	0.0092567
140	3.4	0.0085525
140	3.5	0.0084994
140	3.6	0.0088186
140	3.7	0.008344
140	3.8	0.008225
140	3.9	0.0088186
140	4	0.0086745
150	-4	0.0078139
150	-3.9	0.0088058
150	-3.8	0.010065
150	-3.7	0.01009
150	-3.6	0.0098636
150	-3.5	0.0096264
150	-3.4	0.0085355
150	-3.3	0.0078263
150	-3.2	0.0070986
150	-3.1	0.0066399
150	-3	0.0065861
150	-2.9	0.0063283
150	-2.8	0.008423
150	-2.7	0.011789
150	-2.6	0.014192
150	-2.5	0.018565
150	-2.4	0.022078
150	-2.3	0.025158
150	-2.2	0.026647
150	-2.1	0.030361
150	-2	0.03244
150	-1.9	0.034122
150	-1.8	0.036167
150	-1.7	0.03678
150	-1.6	0.035297
150	-1.5	0.033628
150	-1.4	0.026393
150	-1.3	0.021355
150	-1.2	0.020037
150	-1.1	0.02633
150	-1	0.033102
150	-0.9	0.043252
150	-0.8	0.050362
150	-0.7	0.055075
150	-0.6	0.053414
150	-0.5	0.051684
150	-0.4	0.045251
150	-0.3	0.037789
150	-0.2	0.029262
150	-0.1	0.020674
150	0	0.01579
150	0.1	0.012772
150	0.2	0.011625
150	0.3	0.012658
150	0.4	0.01557
150	0.5	0.019081
150	0.6	0.024295
150	0.7	0.030306
150	0.8	0.035388
150	0.9	0.037622
150	1	0.038733
150	1.1	0.038566
150	1.2	0.036705
150	1.3	0.032593
150	1.4	0.031318
150	1.5	0.029926
150	1.6	0.029597
150	1.7	0.028346
150	1.8	0.027021
150	1.9	0.026231
150	2	0.025086
150	2.1	0.024076
150	2.2	0.023436
150	2.3	0.022369
150	2.4	0.021967
150	2.5	0.020942
150	2.6	0.018577
150	2.7	0.016737
150	2.8	0.014864
150	2.9	0.014229
150	3	0.012687
150	3.1	0.011478
150	3.2	0.010477
150	3.3	0.0092619
150	3.4	0.0086726
150	3.5	0.0081441
150	3.6	0.0078737
150	3.7	0.0078675
150	3.8	0.0085525
150	3.9	0.0087154
150	4	0.0087542
160	-4	0.0085487
160	-3.9	0.0099371
160	-3.8	0.011409
160	-3.7	0.01184
160	-3.6	0.011119
160	-3.5	0.0096231
160	-3.4	0.0072473
160	-3.3	0.0068648
160	-3.2	0.0073996
160	-3.1	0.0077035
160	-3	0.0083052
160	-2.9	0.0071508
160	-2.8	0.0077703
160	-2.7	0.011441
160	-2.6	0.016585
160	-2.5	0.021418
160	-2.4	0.02528
160	-2.3	0.027562
160	-2.2	0.02947
160	-2.1	0.030234
160	-2	0.031039
160	-1.9	0.033628
160	-1.8	0.03511
160	-1.7	0.036888
160	-1.6	0.035877
160	-1.5	0.03246
160	-1.4	0.026829
160	-1.3	0.021943
160	-1.2	0.019845
160	-1.1	0.021682
160	-1	0.033574
160	-0.9	0.041843
160	-0.8	0.04878
160	-0.7	0.054137
160	-0.6	0.054783
160	-0.5	0.051177
160	-0.4	0.04666
160	-0.3	0.036275
160	-0.2	0.02853
160	-0.1	0.022669
160	0	0.017026
160	0.1	0.013493
160	0.2	0.011867
160	0.3	0.012948
160	0.4	0.016598
160	0.5	0.020651
160	0.6	0.025498
160	0.7	0.031333
160	0.8	0.034495
160	0.9	0.038259
160	1	0.039383
160	1.1	0.039551
160	1.2	0.037341
160	1.3	0.034661
160	1.4	0.033044
160	1.5	0.030406
160	1.6	0.028122
160	1.7	0.026351
160	1.8	0.024888
160	1.9	0.024834
160	2	0.024701
160	2.1	0.02452
160	2.2	0.023887
160	2.3	0.022619
160	2.4	0.021486
160	2.5	0.01959
160	2.6	0.018482
160	2.7	0.016116
160	2.8	0.014849
160	2.9	0.013877
160	3	0.012695
160	3.1	0.011637
160	3.2	0.010609
160	3.3	0.0094878
160	3.4	0.0082309
160	3.5	0.0077745
160	3.6	0.0074149
160	3.7	0.0083942
160	3.8	0.0086409
160	3.9	0.0089946
160	4	0.008769
170	-4	0.010004
170	-3.9	0.010738
170	-3.8	0.011719
170	-3.7	0.01116
170	-3.6	0.0093885
170	-3.5	0.0082759
170	-3.4	0.0074735
170	-3.3	0.0082171
170	-3.2	0.0085657
170	-3.1	0.0087172
170	-3	0.0073029
170	-2.9	0.0064897
170	-2.8	0.0078716
170	-2.7	0.011847
170	-2.6	0.01698
170	-2.5	0.021014
170	-2.4	0.025344
170	-2.3	0.028153
170	-2.2	0.0291
170	-2.1	0.030847
170	-2	0.032501
170	-1.9	0.036158
170	-1.8	0.038565
170	-1.7	0.03793
170	-1.6	0.03579
170	-1.5	0.034202
170	-1.4	0.025042
170	-1.3	0.022243
170	-1.2	0.021579
170	-1.1	0.026087
170	-1	0.036452
170	-0.9	0.04479
170	-0.8	0.051803
170	-0.7	0.054535
170	-0.6	0.053728
170	-0.5	0.04714
170	-0.4	0.045479
170	-0.3	0.03592
170	-0.2	0.028262
170	-0.1	0.022263
170	0	0.017622
170	0.1	0.014419
170	0.2	0.014373
170	0.3	0.015259
170	0.4	0.0184
170	0.5	0.022323
170	0.6	0.02709
170	0.7	0.032576
170	0.8	0.03418
170	0.9	0.037736
170	1	0.038908
170	1.1	0.038896
170	1.2	0.037513
170	1.3	0.036674
170	1.4	0.034951
170	1.5	0.031888
170	1.6	0.030093
170	1.7	0.028785
170	1.8	0.02835
170	1.9	0.028604
170	2	0.028825
170	2.1	0.028607
170	2.2	0.027861
170	2.3	0.026875
170	2.4	0.025274
170	2.5	0.02211
170	2.6	0.020281
170	2.7	0.018343
170	2.8	0.017214
170	2.9	0.015294
170	3	0.01452
170	3.1	0.012853
170	3.2	0.011138
170	3.3	0.010095
170	3.4	0.010097
170	3.5	0.0089694
170	3.6	0.0088515
170	3.7	0.0089838
170	3.8	0.0091036
170	3.9	0.0085051
170	4	0.0081302
180	-4	0.010098
180	-3.9	0.01098
180	-3.8	0.011458
180	-3.7	0.011386
180	-3.6	0.010438
180	-3.5	0.0087984
180	-3.4	0.0081836
180	-3.3	0.0084115
180	-3.2	0.010141
180	-3.1	0.010854
180	-3	0.010034
180	-2.9	0.0086987
180	-2.8	0.0077911
180	-2.7	0.01119
180	-2.6	0.017279
180	-2.5	0.023892
180	-2.4	0.029233
180	-2.3	0.031653
180	-2.2	0.033743
180	-2.1	0.034335
180	-2	0.035351
180	-1.9	0.036408
180	-1.8	0.037101
180	-1.7	0.037341
180	-1.6	0.035807
180	-1.5	0.033429
180	-1.4	0.026277
180	-1.3	0.024696
180	-1.2	0.022158
180	-1.1	0.026846
180	-1	0.032289
180	-0.9	0.045464
180	-0.8	0.048907
180	-0.7	0.052636
180	-0.6	0.052708
180	-0.5	0.048511
180	-0.4	0.043926
180	-0.3	0.034454
180	-0.2	0.027363
180	-0.1	0.021082
180	0	0.01687
180	0.1	0.0137
180	0.2	0.012933
180	0.3	0.014713
180	0.4	0.01897
180	0.5	0.023986
180	0.6	0.029149
180	0.7	0.033738
180	0.8	0.039033
180	0.9	0.041468
180	1	0.043129
180	1.1	0.041627
180	1.2	0.039241
180	1.3	0.036185
180	1.4	0.033678
180	1.5	0.03023
180	1.6	0.029305
180	1.7	0.028168
180	1.8	0.028201
180	1.9	0.028725
180	2	0.027389
180	2.1	0.026713
180	2.2	0.024976
180	2.3	0.024748
180	2.4	0.022566
180	2.5	0.021177
180	2.6	0.020096
180	2.7	0.019229
180	2.8	0.017383
180	2.9	0.01404
180	3	0.011989
180	3.1	0.0099857
180	3.2	0.0091708
180	3.3	0.0086763
180	3.4	0.008745
180	3.5	0.0082798
180	3.6	0.0081955
180	3.7	0.007634
180	3.8	0.0076
180	3.9	0.0069328
180	4	0.0067891
 
Uniformity Ratio =0.67632
