12-Dec-2017
10:40
TXR  007943 RM428 R24
33511B Function Generator
SN =Agilent Technologies,33511B,MY52301476,3.05-1.19-2.00-52-00
freq =+9.290000000000000E+06
burstmode =TRIG
burstN =+6.000000000000000E+01
voltage =+1.5000000000000E-01
 
DSO-X 2022A Oscilloscope
SN =AGILENT TECHNOLOGIES,DSO-X 2022A,MY54310921,02.41.2015102200
probe =+1.0000000E+00
scale =+500.0E-09
position =+19.900000E-06
range =+1.60E+00
units =VOLT
points =+2000
pointmode =NORM
format =BYTE
acqtype =NORM
trigsource =EXT
coupling =AC
 
-180	-4	0.012332
-180	-3.9	0.013771
-180	-3.8	0.01395
-180	-3.7	0.013491
-180	-3.6	0.012237
-180	-3.5	0.011472
-180	-3.4	0.011767
-180	-3.3	0.012466
-180	-3.2	0.012646
-180	-3.1	0.012064
-180	-3	0.010007
-180	-2.9	0.0085752
-180	-2.8	0.010993
-180	-2.7	0.015921
-180	-2.6	0.022289
-180	-2.5	0.026332
-180	-2.4	0.029023
-180	-2.3	0.030409
-180	-2.2	0.031241
-180	-2.1	0.032015
-180	-2	0.033954
-180	-1.9	0.035887
-180	-1.8	0.036615
-180	-1.7	0.03477
-180	-1.6	0.029627
-180	-1.5	0.026834
-180	-1.4	0.023871
-180	-1.3	0.028651
-180	-1.2	0.035265
-180	-1.1	0.04677
-180	-1	0.053601
-180	-0.9	0.056585
-180	-0.8	0.055956
-180	-0.7	0.047953
-180	-0.6	0.041933
-180	-0.5	0.032802
-180	-0.4	0.02085
-180	-0.3	0.01581
-180	-0.2	0.012542
-180	-0.1	0.012179
-180	0	0.011457
-180	0.1	0.012733
-180	0.2	0.01833
-180	0.3	0.023727
-180	0.4	0.033828
-180	0.5	0.042437
-180	0.6	0.046446
-180	0.7	0.05083
-180	0.8	0.050739
-180	0.9	0.049885
-180	1	0.046589
-180	1.1	0.043688
-180	1.2	0.037729
-180	1.3	0.035686
-180	1.4	0.035451
-180	1.5	0.036013
-180	1.6	0.036733
-180	1.7	0.037059
-180	1.8	0.037481
-180	1.9	0.036935
-180	2	0.035418
-180	2.1	0.031067
-180	2.2	0.028251
-180	2.3	0.025131
-180	2.4	0.022234
-180	2.5	0.020074
-180	2.6	0.018171
-180	2.7	0.016564
-180	2.8	0.015214
-180	2.9	0.013483
-180	3	0.012118
-180	3.1	0.010756
-180	3.2	0.011031
-180	3.3	0.012237
-180	3.4	0.013198
-180	3.5	0.013229
-180	3.6	0.013079
-180	3.7	0.012192
-180	3.8	0.010848
-180	3.9	0.010087
-180	4	0.0095894
-170	-4	0.013478
-170	-3.9	0.014628
-170	-3.8	0.01462
-170	-3.7	0.012697
-170	-3.6	0.010671
-170	-3.5	0.009385
-170	-3.4	0.0098734
-170	-3.3	0.011766
-170	-3.2	0.011965
-170	-3.1	0.011202
-170	-3	0.0092689
-170	-2.9	0.0077599
-170	-2.8	0.012426
-170	-2.7	0.017658
-170	-2.6	0.022701
-170	-2.5	0.026381
-170	-2.4	0.027915
-170	-2.3	0.028693
-170	-2.2	0.02859
-170	-2.1	0.029077
-170	-2	0.030778
-170	-1.9	0.032801
-170	-1.8	0.033676
-170	-1.7	0.032176
-170	-1.6	0.025653
-170	-1.5	0.021649
-170	-1.4	0.02109
-170	-1.3	0.02727
-170	-1.2	0.036592
-170	-1.1	0.047055
-170	-1	0.053847
-170	-0.9	0.055625
-170	-0.8	0.052432
-170	-0.7	0.045526
-170	-0.6	0.038355
-170	-0.5	0.028367
-170	-0.4	0.021117
-170	-0.3	0.01445
-170	-0.2	0.012521
-170	-0.1	0.011607
-170	0	0.010333
-170	0.1	0.01042
-170	0.2	0.017567
-170	0.3	0.025201
-170	0.4	0.032383
-170	0.5	0.04061
-170	0.6	0.046439
-170	0.7	0.048791
-170	0.8	0.048114
-170	0.9	0.046196
-170	1	0.041427
-170	1.1	0.039064
-170	1.2	0.035262
-170	1.3	0.033405
-170	1.4	0.033114
-170	1.5	0.033656
-170	1.6	0.034163
-170	1.7	0.034175
-170	1.8	0.034104
-170	1.9	0.034119
-170	2	0.031749
-170	2.1	0.029943
-170	2.2	0.028295
-170	2.3	0.025472
-170	2.4	0.022441
-170	2.5	0.019792
-170	2.6	0.017279
-170	2.7	0.015557
-170	2.8	0.014891
-170	2.9	0.012998
-170	3	0.012236
-170	3.1	0.011935
-170	3.2	0.011769
-170	3.3	0.012107
-170	3.4	0.012019
-170	3.5	0.011711
-170	3.6	0.012497
-170	3.7	0.012359
-170	3.8	0.0116
-170	3.9	0.010716
-170	4	0.011001
-160	-4	0.010881
-160	-3.9	0.010707
-160	-3.8	0.010295
-160	-3.7	0.0095269
-160	-3.6	0.0086726
-160	-3.5	0.0082993
-160	-3.4	0.0086596
-160	-3.3	0.0083324
-160	-3.2	0.0082681
-160	-3.1	0.0072563
-160	-3	0.006963
-160	-2.9	0.0094673
-160	-2.8	0.0119
-160	-2.7	0.016665
-160	-2.6	0.021566
-160	-2.5	0.024017
-160	-2.4	0.02623
-160	-2.3	0.027698
-160	-2.2	0.029199
-160	-2.1	0.030224
-160	-2	0.030802
-160	-1.9	0.03064
-160	-1.8	0.029056
-160	-1.7	0.025494
-160	-1.6	0.022072
-160	-1.5	0.020561
-160	-1.4	0.023793
-160	-1.3	0.030168
-160	-1.2	0.038784
-160	-1.1	0.049282
-160	-1	0.053083
-160	-0.9	0.054242
-160	-0.8	0.051923
-160	-0.7	0.045657
-160	-0.6	0.034507
-160	-0.5	0.027969
-160	-0.4	0.019255
-160	-0.3	0.014864
-160	-0.2	0.014384
-160	-0.1	0.014212
-160	0	0.011817
-160	0.1	0.0093263
-160	0.2	0.014461
-160	0.3	0.021726
-160	0.4	0.029441
-160	0.5	0.039104
-160	0.6	0.048514
-160	0.7	0.050678
-160	0.8	0.050954
-160	0.9	0.049376
-160	1	0.045287
-160	1.1	0.042677
-160	1.2	0.039036
-160	1.3	0.037581
-160	1.4	0.038014
-160	1.5	0.038441
-160	1.6	0.0381
-160	1.7	0.037657
-160	1.8	0.037377
-160	1.9	0.036865
-160	2	0.035154
-160	2.1	0.03333
-160	2.2	0.0301
-160	2.3	0.026744
-160	2.4	0.020735
-160	2.5	0.017887
-160	2.6	0.013877
-160	2.7	0.012158
-160	2.8	0.012066
-160	2.9	0.01217
-160	3	0.012029
-160	3.1	0.011561
-160	3.2	0.010479
-160	3.3	0.0086801
-160	3.4	0.0082427
-160	3.5	0.0079228
-160	3.6	0.008425
-160	3.7	0.0093643
-160	3.8	0.010079
-160	3.9	0.0090893
-160	4	0.0092024
-150	-4	0.01071
-150	-3.9	0.010472
-150	-3.8	0.0099825
-150	-3.7	0.0083769
-150	-3.6	0.0069024
-150	-3.5	0.0067221
-150	-3.4	0.0075102
-150	-3.3	0.0084747
-150	-3.2	0.0087966
-150	-3.1	0.0073974
-150	-3	0.0063206
-150	-2.9	0.0072518
-150	-2.8	0.01098
-150	-2.7	0.018251
-150	-2.6	0.02187
-150	-2.5	0.025637
-150	-2.4	0.02709
-150	-2.3	0.027027
-150	-2.2	0.027048
-150	-2.1	0.027622
-150	-2	0.028656
-150	-1.9	0.029481
-150	-1.8	0.029502
-150	-1.7	0.025972
-150	-1.6	0.021772
-150	-1.5	0.019535
-150	-1.4	0.02079
-150	-1.3	0.030146
-150	-1.2	0.040678
-150	-1.1	0.048888
-150	-1	0.05424
-150	-0.9	0.055568
-150	-0.8	0.052524
-150	-0.7	0.045144
-150	-0.6	0.034786
-150	-0.5	0.026479
-150	-0.4	0.017123
-150	-0.3	0.013398
-150	-0.2	0.01363
-150	-0.1	0.013468
-150	0	0.011116
-150	0.1	0.011062
-150	0.2	0.016664
-150	0.3	0.026564
-150	0.4	0.03362
-150	0.5	0.043709
-150	0.6	0.049518
-150	0.7	0.051364
-150	0.8	0.05105
-150	0.9	0.048736
-150	1	0.044685
-150	1.1	0.037995
-150	1.2	0.032812
-150	1.3	0.031438
-150	1.4	0.030952
-150	1.5	0.031279
-150	1.6	0.031872
-150	1.7	0.032524
-150	1.8	0.033653
-150	1.9	0.033494
-150	2	0.032339
-150	2.1	0.030239
-150	2.2	0.027283
-150	2.3	0.024584
-150	2.4	0.021744
-150	2.5	0.019255
-150	2.6	0.016628
-150	2.7	0.01499
-150	2.8	0.013453
-150	2.9	0.011949
-150	3	0.011121
-150	3.1	0.011436
-150	3.2	0.01141
-150	3.3	0.01268
-150	3.4	0.012258
-150	3.5	0.012032
-150	3.6	0.012007
-150	3.7	0.011771
-150	3.8	0.011423
-150	3.9	0.011173
-150	4	0.011703
-140	-4	0.011106
-140	-3.9	0.010917
-140	-3.8	0.0092252
-140	-3.7	0.0075509
-140	-3.6	0.0069885
-140	-3.5	0.0067915
-140	-3.4	0.0081659
-140	-3.3	0.009428
-140	-3.2	0.0084842
-140	-3.1	0.0071485
-140	-3	0.0068578
-140	-2.9	0.010219
-140	-2.8	0.015502
-140	-2.7	0.022422
-140	-2.6	0.02626
-140	-2.5	0.029104
-140	-2.4	0.029688
-140	-2.3	0.028736
-140	-2.2	0.027708
-140	-2.1	0.027629
-140	-2	0.028591
-140	-1.9	0.029534
-140	-1.8	0.029075
-140	-1.7	0.026236
-140	-1.6	0.021279
-140	-1.5	0.019468
-140	-1.4	0.021117
-140	-1.3	0.03057
-140	-1.2	0.04355
-140	-1.1	0.05003
-140	-1	0.056384
-140	-0.9	0.057517
-140	-0.8	0.054844
-140	-0.7	0.045884
-140	-0.6	0.038712
-140	-0.5	0.026693
-140	-0.4	0.020273
-140	-0.3	0.016054
-140	-0.2	0.015069
-140	-0.1	0.013411
-140	0	0.011875
-140	0.1	0.010721
-140	0.2	0.017923
-140	0.3	0.027621
-140	0.4	0.037344
-140	0.5	0.045233
-140	0.6	0.052706
-140	0.7	0.054259
-140	0.8	0.053431
-140	0.9	0.050961
-140	1	0.045766
-140	1.1	0.037635
-140	1.2	0.034733
-140	1.3	0.032584
-140	1.4	0.032839
-140	1.5	0.034881
-140	1.6	0.0369
-140	1.7	0.037608
-140	1.8	0.037475
-140	1.9	0.035707
-140	2	0.032475
-140	2.1	0.029113
-140	2.2	0.027054
-140	2.3	0.025168
-140	2.4	0.022831
-140	2.5	0.019744
-140	2.6	0.01737
-140	2.7	0.015673
-140	2.8	0.012422
-140	2.9	0.010985
-140	3	0.010315
-140	3.1	0.010482
-140	3.2	0.010774
-140	3.3	0.011386
-140	3.4	0.010691
-140	3.5	0.010276
-140	3.6	0.010263
-140	3.7	0.010437
-140	3.8	0.009705
-140	3.9	0.0099224
-140	4	0.0095184
-130	-4	0.01023
-130	-3.9	0.010052
-130	-3.8	0.0092933
-130	-3.7	0.0081718
-130	-3.6	0.0070001
-130	-3.5	0.0073514
-130	-3.4	0.0077307
-130	-3.3	0.0082759
-130	-3.2	0.0084575
-130	-3.1	0.0092654
-130	-3	0.010742
-130	-2.9	0.013672
-130	-2.8	0.017351
-130	-2.7	0.020577
-130	-2.6	0.023709
-130	-2.5	0.026105
-130	-2.4	0.027114
-130	-2.3	0.027238
-130	-2.2	0.027079
-130	-2.1	0.027528
-130	-2	0.027894
-130	-1.9	0.027893
-130	-1.8	0.027153
-130	-1.7	0.023843
-130	-1.6	0.021033
-130	-1.5	0.020047
-130	-1.4	0.026092
-130	-1.3	0.03135
-130	-1.2	0.040651
-130	-1.1	0.049663
-130	-1	0.05667
-130	-0.9	0.05693
-130	-0.8	0.052377
-130	-0.7	0.048775
-130	-0.6	0.039157
-130	-0.5	0.029053
-130	-0.4	0.020969
-130	-0.3	0.01651
-130	-0.2	0.015153
-130	-0.1	0.014091
-130	0	0.011439
-130	0.1	0.011253
-130	0.2	0.016856
-130	0.3	0.027136
-130	0.4	0.03939
-130	0.5	0.046248
-130	0.6	0.053716
-130	0.7	0.056074
-130	0.8	0.055551
-130	0.9	0.052888
-130	1	0.047816
-130	1.1	0.042086
-130	1.2	0.038321
-130	1.3	0.036533
-130	1.4	0.036964
-130	1.5	0.037669
-130	1.6	0.038628
-130	1.7	0.038863
-130	1.8	0.037842
-130	1.9	0.036146
-130	2	0.032891
-130	2.1	0.030442
-130	2.2	0.027707
-130	2.3	0.024866
-130	2.4	0.021695
-130	2.5	0.018659
-130	2.6	0.016662
-130	2.7	0.014174
-130	2.8	0.012522
-130	2.9	0.011447
-130	3	0.011048
-130	3.1	0.011537
-130	3.2	0.011444
-130	3.3	0.011619
-130	3.4	0.011611
-130	3.5	0.011232
-130	3.6	0.010829
-130	3.7	0.010475
-130	3.8	0.010281
-130	3.9	0.0098176
-130	4	0.0099419
-120	-4	0.01071
-120	-3.9	0.010517
-120	-3.8	0.0091637
-120	-3.7	0.007634
-120	-3.6	0.0062409
-120	-3.5	0.0067939
-120	-3.4	0.0079736
-120	-3.3	0.0083672
-120	-3.2	0.0082974
-120	-3.1	0.0087376
-120	-3	0.010356
-120	-2.9	0.016238
-120	-2.8	0.019428
-120	-2.7	0.025363
-120	-2.6	0.027997
-120	-2.5	0.029709
-120	-2.4	0.03025
-120	-2.3	0.029549
-120	-2.2	0.028794
-120	-2.1	0.029091
-120	-2	0.029936
-120	-1.9	0.030179
-120	-1.8	0.02886
-120	-1.7	0.024548
-120	-1.6	0.020591
-120	-1.5	0.02058
-120	-1.4	0.028214
-120	-1.3	0.040174
-120	-1.2	0.046087
-120	-1.1	0.054103
-120	-1	0.057959
-120	-0.9	0.058061
-120	-0.8	0.053244
-120	-0.7	0.046264
-120	-0.6	0.038011
-120	-0.5	0.029377
-120	-0.4	0.02206
-120	-0.3	0.017156
-120	-0.2	0.015559
-120	-0.1	0.013639
-120	0	0.012423
-120	0.1	0.0151
-120	0.2	0.024084
-120	0.3	0.03327
-120	0.4	0.041117
-120	0.5	0.04817
-120	0.6	0.053277
-120	0.7	0.055108
-120	0.8	0.054221
-120	0.9	0.049862
-120	1	0.04588
-120	1.1	0.040951
-120	1.2	0.037792
-120	1.3	0.036782
-120	1.4	0.037183
-120	1.5	0.038362
-120	1.6	0.038978
-120	1.7	0.03944
-120	1.8	0.039542
-120	1.9	0.037002
-120	2	0.034937
-120	2.1	0.032103
-120	2.2	0.028596
-120	2.3	0.025565
-120	2.4	0.022482
-120	2.5	0.020464
-120	2.6	0.018268
-120	2.7	0.01652
-120	2.8	0.014616
-120	2.9	0.012765
-120	3	0.011841
-120	3.1	0.011002
-120	3.2	0.011037
-120	3.3	0.011107
-120	3.4	0.010933
-120	3.5	0.01107
-120	3.6	0.010563
-120	3.7	0.0099403
-120	3.8	0.00944
-120	3.9	0.0087542
-120	4	0.0087561
-110	-4	0.011621
-110	-3.9	0.010983
-110	-3.8	0.0090054
-110	-3.7	0.0081975
-110	-3.6	0.0072696
-110	-3.5	0.0089946
-110	-3.4	0.0099452
-110	-3.3	0.010364
-110	-3.2	0.0097
-110	-3.1	0.010215
-110	-3	0.012379
-110	-2.9	0.016775
-110	-2.8	0.021605
-110	-2.7	0.026563
-110	-2.6	0.029456
-110	-2.5	0.030541
-110	-2.4	0.030837
-110	-2.3	0.030705
-110	-2.2	0.031052
-110	-2.1	0.031768
-110	-2	0.032032
-110	-1.9	0.03167
-110	-1.8	0.03001
-110	-1.7	0.0273
-110	-1.6	0.022879
-110	-1.5	0.023113
-110	-1.4	0.028563
-110	-1.3	0.039414
-110	-1.2	0.049047
-110	-1.1	0.055499
-110	-1	0.059427
-110	-0.9	0.058239
-110	-0.8	0.054858
-110	-0.7	0.045052
-110	-0.6	0.038204
-110	-0.5	0.029097
-110	-0.4	0.022686
-110	-0.3	0.018485
-110	-0.2	0.015278
-110	-0.1	0.013276
-110	0	0.01426
-110	0.1	0.01917
-110	0.2	0.026944
-110	0.3	0.035792
-110	0.4	0.043203
-110	0.5	0.05078
-110	0.6	0.054165
-110	0.7	0.056302
-110	0.8	0.053648
-110	0.9	0.051116
-110	1	0.044684
-110	1.1	0.041061
-110	1.2	0.038098
-110	1.3	0.03725
-110	1.4	0.036974
-110	1.5	0.037838
-110	1.6	0.038853
-110	1.7	0.039002
-110	1.8	0.038134
-110	1.9	0.035624
-110	2	0.032453
-110	2.1	0.030117
-110	2.2	0.027933
-110	2.3	0.025933
-110	2.4	0.023451
-110	2.5	0.021865
-110	2.6	0.019525
-110	2.7	0.016464
-110	2.8	0.014404
-110	2.9	0.01259
-110	3	0.012373
-110	3.1	0.012438
-110	3.2	0.012409
-110	3.3	0.011994
-110	3.4	0.011657
-110	3.5	0.010993
-110	3.6	0.010823
-110	3.7	0.010783
-110	3.8	0.010869
-110	3.9	0.011123
-110	4	0.011144
-100	-4	0.010695
-100	-3.9	0.0095928
-100	-3.8	0.008982
-100	-3.7	0.0066228
-100	-3.6	0.0069607
-100	-3.5	0.0076909
-100	-3.4	0.0088734
-100	-3.3	0.0094912
-100	-3.2	0.0096281
-100	-3.1	0.0091195
-100	-3	0.011832
-100	-2.9	0.016269
-100	-2.8	0.021641
-100	-2.7	0.026512
-100	-2.6	0.029709
-100	-2.5	0.032708
-100	-2.4	0.033066
-100	-2.3	0.032574
-100	-2.2	0.031997
-100	-2.1	0.032014
-100	-2	0.032622
-100	-1.9	0.033045
-100	-1.8	0.031513
-100	-1.7	0.027596
-100	-1.6	0.025478
-100	-1.5	0.028105
-100	-1.4	0.03391
-100	-1.3	0.039901
-100	-1.2	0.047592
-100	-1.1	0.056583
-100	-1	0.059314
-100	-0.9	0.059682
-100	-0.8	0.054637
-100	-0.7	0.051403
-100	-0.6	0.04227
-100	-0.5	0.030944
-100	-0.4	0.023971
-100	-0.3	0.019717
-100	-0.2	0.016869
-100	-0.1	0.015198
-100	0	0.015657
-100	0.1	0.020652
-100	0.2	0.025951
-100	0.3	0.034625
-100	0.4	0.045743
-100	0.5	0.050416
-100	0.6	0.05622
-100	0.7	0.056866
-100	0.8	0.056106
-100	0.9	0.050976
-100	1	0.047744
-100	1.1	0.043387
-100	1.2	0.041192
-100	1.3	0.040147
-100	1.4	0.04042
-100	1.5	0.041601
-100	1.6	0.042953
-100	1.7	0.042892
-100	1.8	0.042461
-100	1.9	0.040782
-100	2	0.037663
-100	2.1	0.034119
-100	2.2	0.030454
-100	2.3	0.025747
-100	2.4	0.023502
-100	2.5	0.019514
-100	2.6	0.017299
-100	2.7	0.015965
-100	2.8	0.015046
-100	2.9	0.014637
-100	3	0.014229
-100	3.1	0.013389
-100	3.2	0.011926
-100	3.3	0.010784
-100	3.4	0.010276
-100	3.5	0.0096967
-100	3.6	0.010295
-100	3.7	0.010434
-100	3.8	0.011119
-100	3.9	0.010626
-100	4	0.009893
-90	-4	0.010148
-90	-3.9	0.009725
-90	-3.8	0.0084556
-90	-3.7	0.0069723
-90	-3.6	0.0078572
-90	-3.5	0.0087542
-90	-3.4	0.010303
-90	-3.3	0.0099728
-90	-3.2	0.0089152
-90	-3.1	0.0095743
-90	-3	0.011269
-90	-2.9	0.017544
-90	-2.8	0.021468
-90	-2.7	0.025731
-90	-2.6	0.028095
-90	-2.5	0.030236
-90	-2.4	0.031622
-90	-2.3	0.032128
-90	-2.2	0.032705
-90	-2.1	0.034345
-90	-2	0.03523
-90	-1.9	0.035953
-90	-1.8	0.0336
-90	-1.7	0.030796
-90	-1.6	0.027775
-90	-1.5	0.028191
-90	-1.4	0.032912
-90	-1.3	0.041016
-90	-1.2	0.049195
-90	-1.1	0.057194
-90	-1	0.060201
-90	-0.9	0.059626
-90	-0.8	0.055682
-90	-0.7	0.049864
-90	-0.6	0.038731
-90	-0.5	0.033688
-90	-0.4	0.026096
-90	-0.3	0.021451
-90	-0.2	0.018558
-90	-0.1	0.017014
-90	0	0.017926
-90	0.1	0.022396
-90	0.2	0.028556
-90	0.3	0.040413
-90	0.4	0.047442
-90	0.5	0.053892
-90	0.6	0.056082
-90	0.7	0.056815
-90	0.8	0.055363
-90	0.9	0.050892
-90	1	0.046308
-90	1.1	0.045174
-90	1.2	0.042009
-90	1.3	0.041366
-90	1.4	0.041906
-90	1.5	0.04237
-90	1.6	0.042469
-90	1.7	0.042404
-90	1.8	0.041824
-90	1.9	0.039932
-90	2	0.03811
-90	2.1	0.034031
-90	2.2	0.030973
-90	2.3	0.026914
-90	2.4	0.023894
-90	2.5	0.018957
-90	2.6	0.017266
-90	2.7	0.014891
-90	2.8	0.014344
-90	2.9	0.013643
-90	3	0.013095
-90	3.1	0.012166
-90	3.2	0.011852
-90	3.3	0.010742
-90	3.4	0.0099728
-90	3.5	0.0099273
-90	3.6	0.010426
-90	3.7	0.010392
-90	3.8	0.010273
-90	3.9	0.0093037
-90	4	0.0082564
-80	-4	0.011167
-80	-3.9	0.0098783
-80	-3.8	0.0091761
-80	-3.7	0.0077474
-80	-3.6	0.0081698
-80	-3.5	0.010499
-80	-3.4	0.011685
-80	-3.3	0.01184
-80	-3.2	0.010908
-80	-3.1	0.010049
-80	-3	0.012737
-80	-2.9	0.017186
-80	-2.8	0.022435
-80	-2.7	0.027831
-80	-2.6	0.031173
-80	-2.5	0.032023
-80	-2.4	0.031956
-80	-2.3	0.031881
-80	-2.2	0.033477
-80	-2.1	0.036085
-80	-2	0.037319
-80	-1.9	0.036817
-80	-1.8	0.034081
-80	-1.7	0.029564
-80	-1.6	0.026788
-80	-1.5	0.027656
-80	-1.4	0.032472
-80	-1.3	0.042982
-80	-1.2	0.051145
-80	-1.1	0.056778
-80	-1	0.059238
-80	-0.9	0.058039
-80	-0.8	0.053503
-80	-0.7	0.048742
-80	-0.6	0.039053
-80	-0.5	0.03056
-80	-0.4	0.027377
-80	-0.3	0.021124
-80	-0.2	0.019276
-80	-0.1	0.018647
-80	0	0.019874
-80	0.1	0.026118
-80	0.2	0.031003
-80	0.3	0.037827
-80	0.4	0.04646
-80	0.5	0.051823
-80	0.6	0.053698
-80	0.7	0.053737
-80	0.8	0.051061
-80	0.9	0.049052
-80	1	0.044809
-80	1.1	0.041418
-80	1.2	0.039926
-80	1.3	0.039718
-80	1.4	0.040658
-80	1.5	0.041902
-80	1.6	0.04298
-80	1.7	0.042882
-80	1.8	0.041677
-80	1.9	0.038805
-80	2	0.034216
-80	2.1	0.030667
-80	2.2	0.027761
-80	2.3	0.025959
-80	2.4	0.023938
-80	2.5	0.021782
-80	2.6	0.020634
-80	2.7	0.018264
-80	2.8	0.015201
-80	2.9	0.012741
-80	3	0.012012
-80	3.1	0.012414
-80	3.2	0.012991
-80	3.3	0.012949
-80	3.4	0.012877
-80	3.5	0.011381
-80	3.6	0.0096967
-80	3.7	0.0090982
-80	3.8	0.0093141
-80	3.9	0.010138
-80	4	0.010468
-70	-4	0.012369
-70	-3.9	0.012072
-70	-3.8	0.010194
-70	-3.7	0.0090358
-70	-3.6	0.0091637
-70	-3.5	0.010538
-70	-3.4	0.011508
-70	-3.3	0.011803
-70	-3.2	0.010787
-70	-3.1	0.011633
-70	-3	0.013641
-70	-2.9	0.017298
-70	-2.8	0.02249
-70	-2.7	0.026908
-70	-2.6	0.029308
-70	-2.5	0.031172
-70	-2.4	0.032348
-70	-2.3	0.033233
-70	-2.2	0.034025
-70	-2.1	0.03609
-70	-2	0.037504
-70	-1.9	0.037327
-70	-1.8	0.033687
-70	-1.7	0.029292
-70	-1.6	0.025853
-70	-1.5	0.026941
-70	-1.4	0.032614
-70	-1.3	0.040851
-70	-1.2	0.050777
-70	-1.1	0.056625
-70	-1	0.059713
-70	-0.9	0.058951
-70	-0.8	0.054875
-70	-0.7	0.048689
-70	-0.6	0.042154
-70	-0.5	0.031613
-70	-0.4	0.024791
-70	-0.3	0.020405
-70	-0.2	0.018984
-70	-0.1	0.019121
-70	0	0.02242
-70	0.1	0.028416
-70	0.2	0.034644
-70	0.3	0.040813
-70	0.4	0.049306
-70	0.5	0.050682
-70	0.6	0.052623
-70	0.7	0.052018
-70	0.8	0.049154
-70	0.9	0.046623
-70	1	0.043764
-70	1.1	0.041918
-70	1.2	0.041712
-70	1.3	0.042234
-70	1.4	0.042513
-70	1.5	0.042884
-70	1.6	0.042638
-70	1.7	0.041357
-70	1.8	0.039896
-70	1.9	0.037718
-70	2	0.034861
-70	2.1	0.033136
-70	2.2	0.030236
-70	2.3	0.026577
-70	2.4	0.023224
-70	2.5	0.021611
-70	2.6	0.019143
-70	2.7	0.017505
-70	2.8	0.015589
-70	2.9	0.013719
-70	3	0.012853
-70	3.1	0.012737
-70	3.2	0.012123
-70	3.3	0.011963
-70	3.4	0.012241
-70	3.5	0.012048
-70	3.6	0.01164
-70	3.7	0.010566
-70	3.8	0.0092881
-70	3.9	0.0089676
-70	4	0.008469
-60	-4	0.012266
-60	-3.9	0.011273
-60	-3.8	0.0090733
-60	-3.7	0.0088752
-60	-3.6	0.0094707
-60	-3.5	0.011612
-60	-3.4	0.012426
-60	-3.3	0.012007
-60	-3.2	0.009498
-60	-3.1	0.0098044
-60	-3	0.013305
-60	-2.9	0.018547
-60	-2.8	0.02537
-60	-2.7	0.028605
-60	-2.6	0.03037
-60	-2.5	0.030953
-60	-2.4	0.030546
-60	-2.3	0.030552
-60	-2.2	0.032001
-60	-2.1	0.035271
-60	-2	0.038032
-60	-1.9	0.038601
-60	-1.8	0.035721
-60	-1.7	0.029927
-60	-1.6	0.025541
-60	-1.5	0.025626
-60	-1.4	0.032871
-60	-1.3	0.040366
-60	-1.2	0.054369
-60	-1.1	0.059467
-60	-1	0.062194
-60	-0.9	0.060186
-60	-0.8	0.05609
-60	-0.7	0.048931
-60	-0.6	0.041383
-60	-0.5	0.029007
-60	-0.4	0.024216
-60	-0.3	0.021
-60	-0.2	0.01962
-60	-0.1	0.020272
-60	0	0.02444
-60	0.1	0.028627
-60	0.2	0.037209
-60	0.3	0.042342
-60	0.4	0.048932
-60	0.5	0.052623
-60	0.6	0.052935
-60	0.7	0.051363
-60	0.8	0.049377
-60	0.9	0.0452
-60	1	0.041095
-60	1.1	0.038395
-60	1.2	0.038154
-60	1.3	0.038281
-60	1.4	0.039109
-60	1.5	0.039756
-60	1.6	0.040246
-60	1.7	0.039697
-60	1.8	0.038049
-60	1.9	0.035407
-60	2	0.032733
-60	2.1	0.029694
-60	2.2	0.027858
-60	2.3	0.025437
-60	2.4	0.023464
-60	2.5	0.021294
-60	2.6	0.019416
-60	2.7	0.017953
-60	2.8	0.016404
-60	2.9	0.014774
-60	3	0.013773
-60	3.1	0.013138
-60	3.2	0.012523
-60	3.3	0.012701
-60	3.4	0.013233
-60	3.5	0.012879
-60	3.6	0.012213
-60	3.7	0.011115
-60	3.8	0.010175
-60	3.9	0.0093298
-60	4	0.0092024
-50	-4	0.011993
-50	-3.9	0.01056
-50	-3.8	0.008745
-50	-3.7	0.0086296
-50	-3.6	0.0094724
-50	-3.5	0.01099
-50	-3.4	0.012023
-50	-3.3	0.012202
-50	-3.2	0.010704
-50	-3.1	0.010334
-50	-3	0.012465
-50	-2.9	0.017927
-50	-2.8	0.023909
-50	-2.7	0.029195
-50	-2.6	0.031828
-50	-2.5	0.032139
-50	-2.4	0.032127
-50	-2.3	0.033239
-50	-2.2	0.035815
-50	-2.1	0.038448
-50	-2	0.040275
-50	-1.9	0.040773
-50	-1.8	0.037321
-50	-1.7	0.033744
-50	-1.6	0.027843
-50	-1.5	0.028012
-50	-1.4	0.03265
-50	-1.3	0.043189
-50	-1.2	0.050322
-50	-1.1	0.055886
-50	-1	0.059752
-50	-0.9	0.058224
-50	-0.8	0.05384
-50	-0.7	0.047974
-50	-0.6	0.040048
-50	-0.5	0.030549
-50	-0.4	0.024348
-50	-0.3	0.021122
-50	-0.2	0.019829
-50	-0.1	0.020951
-50	0	0.026892
-50	0.1	0.031898
-50	0.2	0.040016
-50	0.3	0.045629
-50	0.4	0.049254
-50	0.5	0.051327
-50	0.6	0.051627
-50	0.7	0.050417
-50	0.8	0.049091
-50	0.9	0.045671
-50	1	0.042797
-50	1.1	0.041618
-50	1.2	0.039923
-50	1.3	0.039172
-50	1.4	0.039154
-50	1.5	0.039423
-50	1.6	0.039887
-50	1.7	0.039759
-50	1.8	0.037857
-50	1.9	0.035056
-50	2	0.032835
-50	2.1	0.028575
-50	2.2	0.025931
-50	2.3	0.023475
-50	2.4	0.020982
-50	2.5	0.019881
-50	2.6	0.017364
-50	2.7	0.015873
-50	2.8	0.013847
-50	2.9	0.012422
-50	3	0.011406
-50	3.1	0.011062
-50	3.2	0.010952
-50	3.3	0.011319
-50	3.4	0.011246
-50	3.5	0.011107
-50	3.6	0.010004
-50	3.7	0.0098044
-50	3.8	0.010387
-50	3.9	0.010952
-50	4	0.010725
-40	-4	0.012106
-40	-3.9	0.010868
-40	-3.8	0.0086128
-40	-3.7	0.0076234
-40	-3.6	0.0086334
-40	-3.5	0.011533
-40	-3.4	0.013259
-40	-3.3	0.0136
-40	-3.2	0.01174
-40	-3.1	0.010688
-40	-3	0.011928
-40	-2.9	0.016294
-40	-2.8	0.021675
-40	-2.7	0.025281
-40	-2.6	0.029022
-40	-2.5	0.030566
-40	-2.4	0.031398
-40	-2.3	0.033058
-40	-2.2	0.034568
-40	-2.1	0.036861
-40	-2	0.039094
-40	-1.9	0.0395
-40	-1.8	0.038259
-40	-1.7	0.03479
-40	-1.6	0.031169
-40	-1.5	0.028882
-40	-1.4	0.032024
-40	-1.3	0.03948
-40	-1.2	0.050111
-40	-1.1	0.05522
-40	-1	0.05922
-40	-0.9	0.05824
-40	-0.8	0.055277
-40	-0.7	0.045745
-40	-0.6	0.040261
-40	-0.5	0.032298
-40	-0.4	0.027304
-40	-0.3	0.022243
-40	-0.2	0.019898
-40	-0.1	0.02034
-40	0	0.022687
-40	0.1	0.028056
-40	0.2	0.034682
-40	0.3	0.042448
-40	0.4	0.046672
-40	0.5	0.050685
-40	0.6	0.051417
-40	0.7	0.050197
-40	0.8	0.04722
-40	0.9	0.045699
-40	1	0.04354
-40	1.1	0.041991
-40	1.2	0.041793
-40	1.3	0.04189
-40	1.4	0.041831
-40	1.5	0.041371
-40	1.6	0.040274
-40	1.7	0.038946
-40	1.8	0.037006
-40	1.9	0.035803
-40	2	0.033955
-40	2.1	0.031027
-40	2.2	0.027135
-40	2.3	0.022599
-40	2.4	0.018857
-40	2.5	0.01588
-40	2.6	0.014263
-40	2.7	0.01303
-40	2.8	0.01278
-40	2.9	0.012362
-40	3	0.011571
-40	3.1	0.010304
-40	3.2	0.0094451
-40	3.3	0.0081738
-40	3.4	0.0082544
-40	3.5	0.0085431
-40	3.6	0.0089496
-40	3.7	0.0092567
-40	3.8	0.0088387
-40	3.9	0.0080362
-40	4	0.0073007
-30	-4	0.0099728
-30	-3.9	0.0091708
-30	-3.8	0.0076909
-30	-3.7	0.0077328
-30	-3.6	0.0097233
-30	-3.5	0.010674
-30	-3.4	0.011834
-30	-3.3	0.011825
-30	-3.2	0.010153
-30	-3.1	0.0093332
-30	-3	0.010417
-30	-2.9	0.0149
-30	-2.8	0.019476
-30	-2.7	0.025539
-30	-2.6	0.02936
-30	-2.5	0.031263
-30	-2.4	0.031593
-30	-2.3	0.031937
-30	-2.2	0.03424
-30	-2.1	0.036944
-30	-2	0.038797
-30	-1.9	0.039471
-30	-1.8	0.038193
-30	-1.7	0.033957
-30	-1.6	0.02943
-30	-1.5	0.027781
-30	-1.4	0.031029
-30	-1.3	0.041274
-30	-1.2	0.045736
-30	-1.1	0.053065
-30	-1	0.057962
-30	-0.9	0.057862
-30	-0.8	0.054888
-30	-0.7	0.049795
-30	-0.6	0.041439
-30	-0.5	0.035004
-30	-0.4	0.02682
-30	-0.3	0.022898
-30	-0.2	0.020528
-30	-0.1	0.021276
-30	0	0.023723
-30	0.1	0.028544
-30	0.2	0.035893
-30	0.3	0.042765
-30	0.4	0.047206
-30	0.5	0.05096
-30	0.6	0.051682
-30	0.7	0.05087
-30	0.8	0.048379
-30	0.9	0.046356
-30	1	0.042724
-30	1.1	0.04117
-30	1.2	0.040291
-30	1.3	0.040238
-30	1.4	0.040334
-30	1.5	0.039994
-30	1.6	0.039796
-30	1.7	0.039438
-30	1.8	0.03824
-30	1.9	0.035624
-30	2	0.032947
-30	2.1	0.030908
-30	2.2	0.027417
-30	2.3	0.024852
-30	2.4	0.021716
-30	2.5	0.019189
-30	2.6	0.017488
-30	2.7	0.014903
-30	2.8	0.013071
-30	2.9	0.012349
-30	3	0.011021
-30	3.1	0.011061
-30	3.2	0.011024
-30	3.3	0.010731
-30	3.4	0.010497
-30	3.5	0.010348
-30	3.6	0.0101
-30	3.7	0.00944
-30	3.8	0.0092794
-30	3.9	0.0090608
-30	4	0.0092724
-20	-4	0.011856
-20	-3.9	0.010531
-20	-3.8	0.0099857
-20	-3.7	0.010607
-20	-3.6	0.011877
-20	-3.5	0.013293
-20	-3.4	0.013442
-20	-3.3	0.013032
-20	-3.2	0.010833
-20	-3.1	0.010859
-20	-3	0.014317
-20	-2.9	0.017949
-20	-2.8	0.023077
-20	-2.7	0.026707
-20	-2.6	0.028904
-20	-2.5	0.029773
-20	-2.4	0.030075
-20	-2.3	0.031089
-20	-2.2	0.035295
-20	-2.1	0.038048
-20	-2	0.039677
-20	-1.9	0.039258
-20	-1.8	0.036334
-20	-1.7	0.029413
-20	-1.6	0.02697
-20	-1.5	0.024726
-20	-1.4	0.029906
-20	-1.3	0.038586
-20	-1.2	0.042741
-20	-1.1	0.052284
-20	-1	0.055231
-20	-0.9	0.055176
-20	-0.8	0.05251
-20	-0.7	0.047156
-20	-0.6	0.039694
-20	-0.5	0.033029
-20	-0.4	0.025647
-20	-0.3	0.022766
-20	-0.2	0.021402
-20	-0.1	0.021592
-20	0	0.024338
-20	0.1	0.028637
-20	0.2	0.034218
-20	0.3	0.039971
-20	0.4	0.044995
-20	0.5	0.049179
-20	0.6	0.050276
-20	0.7	0.049412
-20	0.8	0.046453
-20	0.9	0.043262
-20	1	0.039697
-20	1.1	0.03777
-20	1.2	0.036618
-20	1.3	0.037041
-20	1.4	0.037845
-20	1.5	0.038402
-20	1.6	0.038735
-20	1.7	0.037483
-20	1.8	0.035272
-20	1.9	0.034003
-20	2	0.030734
-20	2.1	0.028851
-20	2.2	0.026582
-20	2.3	0.024496
-20	2.4	0.021428
-20	2.5	0.02047
-20	2.6	0.017514
-20	2.7	0.015424
-20	2.8	0.013912
-20	2.9	0.012774
-20	3	0.012383
-20	3.1	0.012325
-20	3.2	0.012598
-20	3.3	0.012179
-20	3.4	0.012108
-20	3.5	0.011889
-20	3.6	0.012027
-20	3.7	0.011289
-20	3.8	0.010845
-20	3.9	0.010362
-20	4	0.01032
-10	-4	0.012275
-10	-3.9	0.01209
-10	-3.8	0.010555
-10	-3.7	0.0095269
-10	-3.6	0.009139
-10	-3.5	0.0097549
-10	-3.4	0.010531
-10	-3.3	0.011261
-10	-3.2	0.010121
-10	-3.1	0.010414
-10	-3	0.01234
-10	-2.9	0.015928
-10	-2.8	0.020784
-10	-2.7	0.024597
-10	-2.6	0.027851
-10	-2.5	0.029713
-10	-2.4	0.031044
-10	-2.3	0.033043
-10	-2.2	0.034785
-10	-2.1	0.037639
-10	-2	0.039631
-10	-1.9	0.040387
-10	-1.8	0.037895
-10	-1.7	0.034086
-10	-1.6	0.026876
-10	-1.5	0.02515
-10	-1.4	0.032259
-10	-1.3	0.037538
-10	-1.2	0.04943
-10	-1.1	0.054964
-10	-1	0.057742
-10	-0.9	0.056339
-10	-0.8	0.05334
-10	-0.7	0.046864
-10	-0.6	0.040267
-10	-0.5	0.03092
-10	-0.4	0.025095
-10	-0.3	0.021102
-10	-0.2	0.019373
-10	-0.1	0.019867
-10	0	0.022739
-10	0.1	0.029645
-10	0.2	0.034414
-10	0.3	0.043477
-10	0.4	0.04638
-10	0.5	0.050597
-10	0.6	0.05087
-10	0.7	0.049914
-10	0.8	0.046225
-10	0.9	0.043683
-10	1	0.040889
-10	1.1	0.039029
-10	1.2	0.03841
-10	1.3	0.037983
-10	1.4	0.03835
-10	1.5	0.038011
-10	1.6	0.037428
-10	1.7	0.036731
-10	1.8	0.035481
-10	1.9	0.033888
-10	2	0.031856
-10	2.1	0.029127
-10	2.2	0.027093
-10	2.3	0.023753
-10	2.4	0.020961
-10	2.5	0.018524
-10	2.6	0.015453
-10	2.7	0.013766
-10	2.8	0.012667
-10	2.9	0.011458
-10	3	0.011253
-10	3.1	0.011128
-10	3.2	0.011215
-10	3.3	0.01109
-10	3.4	0.010795
-10	3.5	0.010497
-10	3.6	0.0098816
-10	3.7	0.010004
-10	3.8	0.0093781
-10	3.9	0.0094365
-10	4	0.0091089
0	-4	0.012611
0	-3.9	0.012858
0	-3.8	0.012314
0	-3.7	0.011196
0	-3.6	0.0097217
0	-3.5	0.0099841
0	-3.4	0.0099159
0	-3.3	0.010552
0	-3.2	0.010571
0	-3.1	0.010664
0	-3	0.011151
0	-2.9	0.014022
0	-2.8	0.01845
0	-2.7	0.022881
0	-2.6	0.028048
0	-2.5	0.030704
0	-2.4	0.033406
0	-2.3	0.034619
0	-2.2	0.03585
0	-2.1	0.037401
0	-2	0.038424
0	-1.9	0.038774
0	-1.8	0.035446
0	-1.7	0.033566
0	-1.6	0.026854
0	-1.5	0.023994
0	-1.4	0.026463
0	-1.3	0.033272
0	-1.2	0.043235
0	-1.1	0.050293
0	-1	0.054031
0	-0.9	0.055034
0	-0.8	0.053389
0	-0.7	0.047871
0	-0.6	0.042712
0	-0.5	0.035214
0	-0.4	0.029295
0	-0.3	0.021824
0	-0.2	0.018495
0	-0.1	0.017552
0	0	0.018596
0	0.1	0.021491
0	0.2	0.02973
0	0.3	0.03544
0	0.4	0.044257
0	0.5	0.04784
0	0.6	0.051336
0	0.7	0.051703
0	0.8	0.049439
0	0.9	0.046436
0	1	0.041007
0	1.1	0.038127
0	1.2	0.036217
0	1.3	0.036236
0	1.4	0.03746
0	1.5	0.038566
0	1.6	0.039008
0	1.7	0.038083
0	1.8	0.036391
0	1.9	0.033334
0	2	0.029834
0	2.1	0.025232
0	2.2	0.022517
0	2.3	0.020364
0	2.4	0.019219
0	2.5	0.016845
0	2.6	0.01449
0	2.7	0.013156
0	2.8	0.010243
0	2.9	0.0084499
0	3	0.0079023
0	3.1	0.0087079
0	3.2	0.0089224
0	3.3	0.0089061
0	3.4	0.0094348
0	3.5	0.0088021
0	3.6	0.0084594
0	3.7	0.0080623
0	3.8	0.0083981
0	3.9	0.0080743
0	4	0.008156
10	-4	0.0127
10	-3.9	0.011436
10	-3.8	0.0099061
10	-3.7	0.009328
10	-3.6	0.010092
10	-3.5	0.011302
10	-3.4	0.012644
10	-3.3	0.012243
10	-3.2	0.010226
10	-3.1	0.0081302
10	-3	0.0080903
10	-2.9	0.014516
10	-2.8	0.01885
10	-2.7	0.025144
10	-2.6	0.029502
10	-2.5	0.030971
10	-2.4	0.031079
10	-2.3	0.031763
10	-2.2	0.033831
10	-2.1	0.038006
10	-2	0.041816
10	-1.9	0.043157
10	-1.8	0.041614
10	-1.7	0.035993
10	-1.6	0.027614
10	-1.5	0.02201
10	-1.4	0.027469
10	-1.3	0.03601
10	-1.2	0.043419
10	-1.1	0.052981
10	-1	0.056027
10	-0.9	0.056972
10	-0.8	0.054433
10	-0.7	0.048643
10	-0.6	0.041451
10	-0.5	0.032881
10	-0.4	0.025557
10	-0.3	0.020034
10	-0.2	0.017942
10	-0.1	0.017579
10	0	0.019088
10	0.1	0.022681
10	0.2	0.029394
10	0.3	0.036178
10	0.4	0.043931
10	0.5	0.047842
10	0.6	0.051029
10	0.7	0.051241
10	0.8	0.049237
10	0.9	0.045664
10	1	0.041671
10	1.1	0.036076
10	1.2	0.033458
10	1.3	0.032201
10	1.4	0.032708
10	1.5	0.034309
10	1.6	0.034889
10	1.7	0.035403
10	1.8	0.034986
10	1.9	0.033346
10	2	0.030651
10	2.1	0.028106
10	2.2	0.025015
10	2.3	0.022579
10	2.4	0.021259
10	2.5	0.01934
10	2.6	0.016497
10	2.7	0.014394
10	2.8	0.012179
10	2.9	0.010626
10	3	0.010284
10	3.1	0.010378
10	3.2	0.011236
10	3.3	0.01173
10	3.4	0.010887
10	3.5	0.010751
10	3.6	0.010118
10	3.7	0.010065
10	3.8	0.010278
10	3.9	0.010237
10	4	0.011178
20	-4	0.012659
20	-3.9	0.010754
20	-3.8	0.010254
20	-3.7	0.01082
20	-3.6	0.012086
20	-3.5	0.012799
20	-3.4	0.012131
20	-3.3	0.011447
20	-3.2	0.0088204
20	-3.1	0.0071032
20	-3	0.0090358
20	-2.9	0.012674
20	-2.8	0.017762
20	-2.7	0.021105
20	-2.6	0.025315
20	-2.5	0.02852
20	-2.4	0.030457
20	-2.3	0.034775
20	-2.2	0.036984
20	-2.1	0.039989
20	-2	0.041708
20	-1.9	0.041226
20	-1.8	0.037634
20	-1.7	0.031758
20	-1.6	0.025325
20	-1.5	0.022555
20	-1.4	0.025451
20	-1.3	0.032031
20	-1.2	0.039889
20	-1.1	0.047768
20	-1	0.054271
20	-0.9	0.054898
20	-0.8	0.050965
20	-0.7	0.047571
20	-0.6	0.037832
20	-0.5	0.031488
20	-0.4	0.024634
20	-0.3	0.021102
20	-0.2	0.018452
20	-0.1	0.017169
20	0	0.017533
20	0.1	0.020484
20	0.2	0.024425
20	0.3	0.029806
20	0.4	0.036198
20	0.5	0.042335
20	0.6	0.047185
20	0.7	0.047939
20	0.8	0.046533
20	0.9	0.044978
20	1	0.041278
20	1.1	0.037635
20	1.2	0.035798
20	1.3	0.034762
20	1.4	0.035187
20	1.5	0.035344
20	1.6	0.035343
20	1.7	0.035318
20	1.8	0.034985
20	1.9	0.032962
20	2	0.031499
20	2.1	0.028954
20	2.2	0.027096
20	2.3	0.023282
20	2.4	0.019064
20	2.5	0.015718
20	2.6	0.01363
20	2.7	0.011954
20	2.8	0.010968
20	2.9	0.011123
20	3	0.011183
20	3.1	0.01111
20	3.2	0.010648
20	3.3	0.0092322
20	3.4	0.0083904
20	3.5	0.0082053
20	3.6	0.0085959
20	3.7	0.0086128
20	3.8	0.0086968
20	3.9	0.0090036
20	4	0.0089874
30	-4	0.014404
30	-3.9	0.012808
30	-3.8	0.011024
30	-3.7	0.0098701
30	-3.6	0.010148
30	-3.5	0.012505
30	-3.4	0.013839
30	-3.3	0.01391
30	-3.2	0.011523
30	-3.1	0.0085978
30	-3	0.007007
30	-2.9	0.012024
30	-2.8	0.018011
30	-2.7	0.023777
30	-2.6	0.027387
30	-2.5	0.029298
30	-2.4	0.031064
30	-2.3	0.032648
30	-2.2	0.034872
30	-2.1	0.038138
30	-2	0.040745
30	-1.9	0.041313
30	-1.8	0.040157
30	-1.7	0.033564
30	-1.6	0.026145
30	-1.5	0.020067
30	-1.4	0.020679
30	-1.3	0.028687
30	-1.2	0.041741
30	-1.1	0.051542
30	-1	0.054513
30	-0.9	0.055885
30	-0.8	0.053902
30	-0.7	0.048707
30	-0.6	0.040392
30	-0.5	0.031658
30	-0.4	0.023889
30	-0.3	0.019789
30	-0.2	0.017375
30	-0.1	0.0168
30	0	0.016028
30	0.1	0.018783
30	0.2	0.022492
30	0.3	0.029883
30	0.4	0.033893
30	0.5	0.040069
30	0.6	0.044793
30	0.7	0.04592
30	0.8	0.04524
30	0.9	0.042271
30	1	0.038264
30	1.1	0.035697
30	1.2	0.032722
30	1.3	0.031848
30	1.4	0.032909
30	1.5	0.033535
30	1.6	0.034065
30	1.7	0.034431
30	1.8	0.033274
30	1.9	0.031971
30	2	0.028824
30	2.1	0.027187
30	2.2	0.025015
30	2.3	0.021986
30	2.4	0.019621
30	2.5	0.01782
30	2.6	0.015251
30	2.7	0.012672
30	2.8	0.011334
30	2.9	0.010503
30	3	0.010775
30	3.1	0.011389
30	3.2	0.011516
30	3.3	0.011637
30	3.4	0.01092
30	3.5	0.010486
30	3.6	0.010135
30	3.7	0.010282
30	3.8	0.0099841
30	3.9	0.0091831
30	4	0.0094297
40	-4	0.015601
40	-3.9	0.015233
40	-3.8	0.01379
40	-3.7	0.011436
40	-3.6	0.0098849
40	-3.5	0.0092147
40	-3.4	0.010086
40	-3.3	0.010682
40	-3.2	0.010256
40	-3.1	0.0077662
40	-3	0.0067101
40	-2.9	0.0089351
40	-2.8	0.012919
40	-2.7	0.019979
40	-2.6	0.023498
40	-2.5	0.027757
40	-2.4	0.029992
40	-2.3	0.032162
40	-2.2	0.03521
40	-2.1	0.037135
40	-2	0.038691
40	-1.9	0.038476
40	-1.8	0.036921
40	-1.7	0.031028
40	-1.6	0.026225
40	-1.5	0.019101
40	-1.4	0.018907
40	-1.3	0.028371
40	-1.2	0.035675
40	-1.1	0.043246
40	-1	0.05065
40	-0.9	0.053543
40	-0.8	0.050966
40	-0.7	0.04664
40	-0.6	0.041281
40	-0.5	0.029612
40	-0.4	0.024145
40	-0.3	0.01768
40	-0.2	0.014662
40	-0.1	0.013146
40	0	0.012391
40	0.1	0.013541
40	0.2	0.019127
40	0.3	0.02333
40	0.4	0.030171
40	0.5	0.036364
40	0.6	0.041861
40	0.7	0.043955
40	0.8	0.043336
40	0.9	0.041223
40	1	0.039318
40	1.1	0.033133
40	1.2	0.032001
40	1.3	0.029786
40	1.4	0.030542
40	1.5	0.032113
40	1.6	0.033667
40	1.7	0.033807
40	1.8	0.032957
40	1.9	0.030696
40	2	0.027631
40	2.1	0.02461
40	2.2	0.021735
40	2.3	0.019921
40	2.4	0.01808
40	2.5	0.017034
40	2.6	0.014948
40	2.7	0.013432
40	2.8	0.011034
40	2.9	0.010047
40	3	0.010406
40	3.1	0.010169
40	3.2	0.011029
40	3.3	0.011882
40	3.4	0.012037
40	3.5	0.011538
40	3.6	0.010905
40	3.7	0.010775
40	3.8	0.0099077
40	3.9	0.0094451
40	4	0.0097598
50	-4	0.013076
50	-3.9	0.013285
50	-3.8	0.013039
50	-3.7	0.012669
50	-3.6	0.012335
50	-3.5	0.012395
50	-3.4	0.012192
50	-3.3	0.011639
50	-3.2	0.0093747
50	-3.1	0.0079187
50	-3	0.0070804
50	-2.9	0.010137
50	-2.8	0.014274
50	-2.7	0.018588
50	-2.6	0.022347
50	-2.5	0.025275
50	-2.4	0.026797
50	-2.3	0.030056
50	-2.2	0.032402
50	-2.1	0.035864
50	-2	0.038499
50	-1.9	0.039497
50	-1.8	0.037504
50	-1.7	0.032738
50	-1.6	0.025364
50	-1.5	0.017746
50	-1.4	0.018994
50	-1.3	0.026637
50	-1.2	0.034271
50	-1.1	0.044644
50	-1	0.050218
50	-0.9	0.051906
50	-0.8	0.050231
50	-0.7	0.044575
50	-0.6	0.036243
50	-0.5	0.028149
50	-0.4	0.022908
50	-0.3	0.018211
50	-0.2	0.017028
50	-0.1	0.015336
50	0	0.014149
50	0.1	0.013108
50	0.2	0.015967
50	0.3	0.021504
50	0.4	0.026074
50	0.5	0.033703
50	0.6	0.039452
50	0.7	0.042687
50	0.8	0.041995
50	0.9	0.040722
50	1	0.037565
50	1.1	0.033783
50	1.2	0.029976
50	1.3	0.029199
50	1.4	0.03057
50	1.5	0.031967
50	1.6	0.03323
50	1.7	0.033979
50	1.8	0.03411
50	1.9	0.032803
50	2	0.029645
50	2.1	0.027654
50	2.2	0.024548
50	2.3	0.021907
50	2.4	0.018986
50	2.5	0.016628
50	2.6	0.015233
50	2.7	0.012913
50	2.8	0.011174
50	2.9	0.011212
50	3	0.010952
50	3.1	0.011206
50	3.2	0.011599
50	3.3	0.011967
50	3.4	0.012063
50	3.5	0.012122
50	3.6	0.011464
50	3.7	0.011164
50	3.8	0.010833
50	3.9	0.0088807
50	4	0.0085657
60	-4	0.013276
60	-3.9	0.01391
60	-3.8	0.013829
60	-3.7	0.013238
60	-3.6	0.012155
60	-3.5	0.011871
60	-3.4	0.011967
60	-3.3	0.011126
60	-3.2	0.0098963
60	-3.1	0.0082798
60	-3	0.0065517
60	-2.9	0.0066472
60	-2.8	0.0094776
60	-2.7	0.014798
60	-2.6	0.018971
60	-2.5	0.022819
60	-2.4	0.026835
60	-2.3	0.029031
60	-2.2	0.032054
60	-2.1	0.035836
60	-2	0.037113
60	-1.9	0.038234
60	-1.8	0.036789
60	-1.7	0.032723
60	-1.6	0.025914
60	-1.5	0.02131
60	-1.4	0.016573
60	-1.3	0.019814
60	-1.2	0.03294
60	-1.1	0.039397
60	-1	0.047118
60	-0.9	0.051806
60	-0.8	0.050494
60	-0.7	0.04575
60	-0.6	0.041041
60	-0.5	0.03285
60	-0.4	0.024413
60	-0.3	0.019265
60	-0.2	0.016281
60	-0.1	0.015016
60	0	0.013984
60	0.1	0.010792
60	0.2	0.011661
60	0.3	0.015395
60	0.4	0.022269
60	0.5	0.029269
60	0.6	0.037285
60	0.7	0.040666
60	0.8	0.04248
60	0.9	0.04156
60	1	0.038749
60	1.1	0.034548
60	1.2	0.030403
60	1.3	0.028969
60	1.4	0.027787
60	1.5	0.030093
60	1.6	0.031077
60	1.7	0.031802
60	1.8	0.032024
60	1.9	0.031149
60	2	0.029464
60	2.1	0.026549
60	2.2	0.022991
60	2.3	0.021095
60	2.4	0.017088
60	2.5	0.015471
60	2.6	0.013363
60	2.7	0.012123
60	2.8	0.010826
60	2.9	0.010378
60	3	0.010278
60	3.1	0.010364
60	3.2	0.010632
60	3.3	0.011361
60	3.4	0.011803
60	3.5	0.011596
60	3.6	0.011077
60	3.7	0.01119
60	3.8	0.010298
60	3.9	0.0096683
60	4	0.0080221
70	-4	0.011934
70	-3.9	0.01305
70	-3.8	0.013195
70	-3.7	0.012868
70	-3.6	0.011678
70	-3.5	0.011151
70	-3.4	0.010557
70	-3.3	0.010106
70	-3.2	0.0097383
70	-3.1	0.0081955
70	-3	0.0072339
70	-2.9	0.0062925
70	-2.8	0.0083382
70	-2.7	0.013998
70	-2.6	0.017431
70	-2.5	0.022704
70	-2.4	0.025844
70	-2.3	0.027262
70	-2.2	0.030334
70	-2.1	0.032283
70	-2	0.034136
70	-1.9	0.035239
70	-1.8	0.033721
70	-1.7	0.031102
70	-1.6	0.025906
70	-1.5	0.020015
70	-1.4	0.015474
70	-1.3	0.018923
70	-1.2	0.026375
70	-1.1	0.035972
70	-1	0.044575
70	-0.9	0.048387
70	-0.8	0.050318
70	-0.7	0.048606
70	-0.6	0.043833
70	-0.5	0.037072
70	-0.4	0.02781
70	-0.3	0.02252
70	-0.2	0.019244
70	-0.1	0.017532
70	0	0.015334
70	0.1	0.011059
70	0.2	0.009963
70	0.3	0.013342
70	0.4	0.019406
70	0.5	0.027441
70	0.6	0.0381
70	0.7	0.040863
70	0.8	0.0438
70	0.9	0.043321
70	1	0.040403
70	1.1	0.036776
70	1.2	0.031832
70	1.3	0.028945
70	1.4	0.028837
70	1.5	0.031325
70	1.6	0.032744
70	1.7	0.034298
70	1.8	0.033922
70	1.9	0.031761
70	2	0.029333
70	2.1	0.02637
70	2.2	0.022395
70	2.3	0.019179
70	2.4	0.017591
70	2.5	0.01584
70	2.6	0.013423
70	2.7	0.011736
70	2.8	0.0096231
70	2.9	0.0089007
70	3	0.0091408
70	3.1	0.011148
70	3.2	0.010709
70	3.3	0.011637
70	3.4	0.011107
70	3.5	0.010169
70	3.6	0.0096147
70	3.7	0.0091549
70	3.8	0.0094211
70	3.9	0.0092322
70	4	0.0091142
80	-4	0.01243
80	-3.9	0.013154
80	-3.8	0.013781
80	-3.7	0.014067
80	-3.6	0.013339
80	-3.5	0.012912
80	-3.4	0.012464
80	-3.3	0.011693
80	-3.2	0.010722
80	-3.1	0.008425
80	-3	0.0068907
80	-2.9	0.0065787
80	-2.8	0.0086409
80	-2.7	0.013246
80	-2.6	0.016905
80	-2.5	0.022483
80	-2.4	0.025663
80	-2.3	0.029859
80	-2.2	0.03285
80	-2.1	0.034936
80	-2	0.035742
80	-1.9	0.035605
80	-1.8	0.033489
80	-1.7	0.031452
80	-1.6	0.026318
80	-1.5	0.020168
80	-1.4	0.016448
80	-1.3	0.018548
80	-1.2	0.023046
80	-1.1	0.033462
80	-1	0.041814
80	-0.9	0.045669
80	-0.8	0.048867
80	-0.7	0.046528
80	-0.6	0.041463
80	-0.5	0.03729
80	-0.4	0.028117
80	-0.3	0.022796
80	-0.2	0.019362
80	-0.1	0.015713
80	0	0.014172
80	0.1	0.011736
80	0.2	0.010777
80	0.3	0.014333
80	0.4	0.020638
80	0.5	0.026943
80	0.6	0.034
80	0.7	0.039606
80	0.8	0.042442
80	0.9	0.042152
80	1	0.039696
80	1.1	0.037036
80	1.2	0.033364
80	1.3	0.030816
80	1.4	0.030318
80	1.5	0.03093
80	1.6	0.03241
80	1.7	0.032895
80	1.8	0.032502
80	1.9	0.030895
80	2	0.028526
80	2.1	0.026301
80	2.2	0.02355
80	2.3	0.021077
80	2.4	0.018552
80	2.5	0.014536
80	2.6	0.012082
80	2.7	0.01054
80	2.8	0.0093401
80	2.9	0.0099208
80	3	0.011176
80	3.1	0.012269
80	3.2	0.012399
80	3.3	0.011745
80	3.4	0.011142
80	3.5	0.0096884
80	3.6	0.0090054
80	3.7	0.009554
80	3.8	0.0096096
80	3.9	0.0096164
80	4	0.0095827
90	-4	0.014004
90	-3.9	0.014053
90	-3.8	0.012857
90	-3.7	0.0117
90	-3.6	0.0097283
90	-3.5	0.0098996
90	-3.4	0.010945
90	-3.3	0.011362
90	-3.2	0.011625
90	-3.1	0.0093712
90	-3	0.0071055
90	-2.9	0.006412
90	-2.8	0.0083071
90	-2.7	0.013991
90	-2.6	0.020313
90	-2.5	0.023034
90	-2.4	0.025423
90	-2.3	0.026506
90	-2.2	0.027724
90	-2.1	0.029046
90	-2	0.031064
90	-1.9	0.034916
90	-1.8	0.035568
90	-1.7	0.034327
90	-1.6	0.028672
90	-1.5	0.022949
90	-1.4	0.016058
90	-1.3	0.018882
90	-1.2	0.023854
90	-1.1	0.034634
90	-1	0.046162
90	-0.9	0.049648
90	-0.8	0.052359
90	-0.7	0.051121
90	-0.6	0.044482
90	-0.5	0.038598
90	-0.4	0.029987
90	-0.3	0.022823
90	-0.2	0.017427
90	-0.1	0.013514
90	0	0.012208
90	0.1	0.011931
90	0.2	0.014912
90	0.3	0.019376
90	0.4	0.027218
90	0.5	0.033513
90	0.6	0.037125
90	0.7	0.039744
90	0.8	0.040495
90	0.9	0.039435
90	1	0.037808
90	1.1	0.03406
90	1.2	0.030117
90	1.3	0.028268
90	1.4	0.028276
90	1.5	0.028527
90	1.6	0.029485
90	1.7	0.030377
90	1.8	0.030504
90	1.9	0.030421
90	2	0.029169
90	2.1	0.02792
90	2.2	0.024788
90	2.3	0.022678
90	2.4	0.019991
90	2.5	0.017908
90	2.6	0.015786
90	2.7	0.014771
90	2.8	0.013903
90	2.9	0.013376
90	3	0.012793
90	3.1	0.013509
90	3.2	0.013503
90	3.3	0.013833
90	3.4	0.013772
90	3.5	0.01384
90	3.6	0.013563
90	3.7	0.013383
90	3.8	0.012442
90	3.9	0.01178
90	4	0.011275
100	-4	0.013049
100	-3.9	0.013902
100	-3.8	0.014282
100	-3.7	0.013456
100	-3.6	0.012531
100	-3.5	0.01177
100	-3.4	0.01079
100	-3.3	0.010526
100	-3.2	0.010668
100	-3.1	0.0093902
100	-3	0.0072339
100	-2.9	0.0067724
100	-2.8	0.010196
100	-2.7	0.014607
100	-2.6	0.017808
100	-2.5	0.022791
100	-2.4	0.026015
100	-2.3	0.028284
100	-2.2	0.029811
100	-2.1	0.031568
100	-2	0.03334
100	-1.9	0.034879
100	-1.8	0.035671
100	-1.7	0.034374
100	-1.6	0.029722
100	-1.5	0.022702
100	-1.4	0.020095
100	-1.3	0.019265
100	-1.2	0.025193
100	-1.1	0.032467
100	-1	0.043993
100	-0.9	0.049604
100	-0.8	0.053354
100	-0.7	0.052449
100	-0.6	0.049169
100	-0.5	0.042131
100	-0.4	0.034453
100	-0.3	0.026352
100	-0.2	0.019726
100	-0.1	0.015413
100	0	0.013509
100	0.1	0.012482
100	0.2	0.013999
100	0.3	0.020545
100	0.4	0.025064
100	0.5	0.033089
100	0.6	0.039416
100	0.7	0.043012
100	0.8	0.044944
100	0.9	0.044178
100	1	0.0414
100	1.1	0.038768
100	1.2	0.034029
100	1.3	0.031143
100	1.4	0.030243
100	1.5	0.032074
100	1.6	0.032883
100	1.7	0.033527
100	1.8	0.033372
100	1.9	0.031458
100	2	0.030012
100	2.1	0.026434
100	2.2	0.023348
100	2.3	0.021366
100	2.4	0.018859
100	2.5	0.017328
100	2.6	0.015007
100	2.7	0.014019
100	2.8	0.011821
100	2.9	0.011116
100	3	0.010769
100	3.1	0.010569
100	3.2	0.011345
100	3.3	0.012179
100	3.4	0.012261
100	3.5	0.011157
100	3.6	0.011121
100	3.7	0.011091
100	3.8	0.010838
100	3.9	0.010571
100	4	0.0099045
110	-4	0.015957
110	-3.9	0.016549
110	-3.8	0.015931
110	-3.7	0.014639
110	-3.6	0.013024
110	-3.5	0.011051
110	-3.4	0.010606
110	-3.3	0.011112
110	-3.2	0.011734
110	-3.1	0.010525
110	-3	0.0090412
110	-2.9	0.0071146
110	-2.8	0.0085921
110	-2.7	0.015244
110	-2.6	0.019077
110	-2.5	0.024308
110	-2.4	0.027357
110	-2.3	0.028043
110	-2.2	0.028831
110	-2.1	0.029571
110	-2	0.030977
110	-1.9	0.033245
110	-1.8	0.035795
110	-1.7	0.035775
110	-1.6	0.031911
110	-1.5	0.029343
110	-1.4	0.020306
110	-1.3	0.019946
110	-1.2	0.027411
110	-1.1	0.037627
110	-1	0.044745
110	-0.9	0.053739
110	-0.8	0.05712
110	-0.7	0.055813
110	-0.6	0.050685
110	-0.5	0.043438
110	-0.4	0.035666
110	-0.3	0.025845
110	-0.2	0.019445
110	-0.1	0.015503
110	0	0.013567
110	0.1	0.013905
110	0.2	0.016954
110	0.3	0.022523
110	0.4	0.028859
110	0.5	0.036549
110	0.6	0.044436
110	0.7	0.048634
110	0.8	0.048882
110	0.9	0.046631
110	1	0.04388
110	1.1	0.040023
110	1.2	0.035594
110	1.3	0.033321
110	1.4	0.032971
110	1.5	0.034103
110	1.6	0.035005
110	1.7	0.034897
110	1.8	0.034627
110	1.9	0.033876
110	2	0.032286
110	2.1	0.029322
110	2.2	0.027194
110	2.3	0.023938
110	2.4	0.021375
110	2.5	0.018865
110	2.6	0.015907
110	2.7	0.013791
110	2.8	0.013285
110	2.9	0.012688
110	3	0.012418
110	3.1	0.011866
110	3.2	0.012124
110	3.3	0.012314
110	3.4	0.013489
110	3.5	0.013082
110	3.6	0.013182
110	3.7	0.014016
110	3.8	0.014288
110	3.9	0.013144
110	4	0.011181
120	-4	0.016757
120	-3.9	0.017452
120	-3.8	0.017129
120	-3.7	0.016271
120	-3.6	0.014965
120	-3.5	0.01327
120	-3.4	0.012517
120	-3.3	0.012068
120	-3.2	0.011962
120	-3.1	0.011029
120	-3	0.010169
120	-2.9	0.0091866
120	-2.8	0.010936
120	-2.7	0.017559
120	-2.6	0.020549
120	-2.5	0.023886
120	-2.4	0.027836
120	-2.3	0.029074
120	-2.2	0.031011
120	-2.1	0.032558
120	-2	0.035809
120	-1.9	0.038438
120	-1.8	0.039343
120	-1.7	0.038388
120	-1.6	0.033422
120	-1.5	0.029359
120	-1.4	0.023396
120	-1.3	0.021772
120	-1.2	0.026716
120	-1.1	0.036728
120	-1	0.045489
120	-0.9	0.053244
120	-0.8	0.057668
120	-0.7	0.057714
120	-0.6	0.05093
120	-0.5	0.045493
120	-0.4	0.034993
120	-0.3	0.027232
120	-0.2	0.021075
120	-0.1	0.017953
120	0	0.016646
120	0.1	0.017232
120	0.2	0.020085
120	0.3	0.024194
120	0.4	0.032329
120	0.5	0.038838
120	0.6	0.044473
120	0.7	0.049397
120	0.8	0.050864
120	0.9	0.049586
120	1	0.047471
120	1.1	0.044259
120	1.2	0.039642
120	1.3	0.03618
120	1.4	0.035094
120	1.5	0.036047
120	1.6	0.037465
120	1.7	0.038419
120	1.8	0.037923
120	1.9	0.037469
120	2	0.035136
120	2.1	0.031783
120	2.2	0.02821
120	2.3	0.02502
120	2.4	0.023094
120	2.5	0.019878
120	2.6	0.017956
120	2.7	0.016578
120	2.8	0.015055
120	2.9	0.013924
120	3	0.013571
120	3.1	0.013122
120	3.2	0.013562
120	3.3	0.013716
120	3.4	0.013985
120	3.5	0.01388
120	3.6	0.013388
120	3.7	0.013719
120	3.8	0.013254
120	3.9	0.012752
120	4	0.011495
130	-4	0.013741
130	-3.9	0.01483
130	-3.8	0.016283
130	-3.7	0.016039
130	-3.6	0.015606
130	-3.5	0.013938
130	-3.4	0.011908
130	-3.3	0.011587
130	-3.2	0.011503
130	-3.1	0.011683
130	-3	0.011315
130	-2.9	0.010145
130	-2.8	0.010151
130	-2.7	0.013767
130	-2.6	0.019516
130	-2.5	0.023267
130	-2.4	0.028052
130	-2.3	0.030758
130	-2.2	0.032748
130	-2.1	0.034069
130	-2	0.035331
130	-1.9	0.03706
130	-1.8	0.037884
130	-1.7	0.037224
130	-1.6	0.034859
130	-1.5	0.02895
130	-1.4	0.025392
130	-1.3	0.025217
130	-1.2	0.028239
130	-1.1	0.03646
130	-1	0.045114
130	-0.9	0.054408
130	-0.8	0.057729
130	-0.7	0.057229
130	-0.6	0.05249
130	-0.5	0.046184
130	-0.4	0.039156
130	-0.3	0.028997
130	-0.2	0.02248
130	-0.1	0.019069
130	0	0.016998
130	0.1	0.016958
130	0.2	0.019366
130	0.3	0.024596
130	0.4	0.032644
130	0.5	0.040171
130	0.6	0.044872
130	0.7	0.050242
130	0.8	0.052757
130	0.9	0.05228
130	1	0.0498
130	1.1	0.0471
130	1.2	0.041857
130	1.3	0.040141
130	1.4	0.039529
130	1.5	0.039653
130	1.6	0.040682
130	1.7	0.040972
130	1.8	0.039809
130	1.9	0.038968
130	2	0.036695
130	2.1	0.033212
130	2.2	0.028375
130	2.3	0.024225
130	2.4	0.022302
130	2.5	0.019458
130	2.6	0.017703
130	2.7	0.015543
130	2.8	0.0141
130	2.9	0.013383
130	3	0.012683
130	3.1	0.012636
130	3.2	0.012451
130	3.3	0.012663
130	3.4	0.013116
130	3.5	0.012558
130	3.6	0.012054
130	3.7	0.011378
130	3.8	0.011592
130	3.9	0.01078
130	4	0.010196
140	-4	0.015047
140	-3.9	0.014732
140	-3.8	0.01376
140	-3.7	0.012079
140	-3.6	0.012118
140	-3.5	0.012744
140	-3.4	0.01353
140	-3.3	0.01452
140	-3.2	0.01351
140	-3.1	0.011614
140	-3	0.0092707
140	-2.9	0.0093764
140	-2.8	0.01041
140	-2.7	0.016392
140	-2.6	0.020064
140	-2.5	0.023746
140	-2.4	0.02692
140	-2.3	0.03025
140	-2.2	0.033081
140	-2.1	0.03526
140	-2	0.037317
140	-1.9	0.039404
140	-1.8	0.039997
140	-1.7	0.03911
140	-1.6	0.035251
140	-1.5	0.029087
140	-1.4	0.026929
140	-1.3	0.028698
140	-1.2	0.036019
140	-1.1	0.041965
140	-1	0.050697
140	-0.9	0.056303
140	-0.8	0.057389
140	-0.7	0.05683
140	-0.6	0.05197
140	-0.5	0.041522
140	-0.4	0.033777
140	-0.3	0.027312
140	-0.2	0.021311
140	-0.1	0.01824
140	0	0.017056
140	0.1	0.017719
140	0.2	0.021084
140	0.3	0.026102
140	0.4	0.033209
140	0.5	0.043212
140	0.6	0.047614
140	0.7	0.05228
140	0.8	0.053474
140	0.9	0.052251
140	1	0.050878
140	1.1	0.04806
140	1.2	0.045845
140	1.3	0.043757
140	1.4	0.042403
140	1.5	0.041949
140	1.6	0.041603
140	1.7	0.041204
140	1.8	0.040043
140	1.9	0.038995
140	2	0.036536
140	2.1	0.033933
140	2.2	0.031087
140	2.3	0.026948
140	2.4	0.024421
140	2.5	0.020054
140	2.6	0.016784
140	2.7	0.015722
140	2.8	0.014293
140	2.9	0.013819
140	3	0.01332
140	3.1	0.012928
140	3.2	0.012467
140	3.3	0.011618
140	3.4	0.011526
140	3.5	0.011026
140	3.6	0.010137
140	3.7	0.0097366
140	3.8	0.0099159
140	3.9	0.0097879
140	4	0.0098603
150	-4	0.015161
150	-3.9	0.016223
150	-3.8	0.015868
150	-3.7	0.014342
150	-3.6	0.011219
150	-3.5	0.010778
150	-3.4	0.013259
150	-3.3	0.0147
150	-3.2	0.016026
150	-3.1	0.014605
150	-3	0.011419
150	-2.9	0.0086128
150	-2.8	0.010108
150	-2.7	0.015851
150	-2.6	0.021931
150	-2.5	0.027449
150	-2.4	0.030253
150	-2.3	0.030811
150	-2.2	0.031326
150	-2.1	0.032276
150	-2	0.035688
150	-1.9	0.039499
150	-1.8	0.040815
150	-1.7	0.039416
150	-1.6	0.034398
150	-1.5	0.030561
150	-1.4	0.025558
150	-1.3	0.026852
150	-1.2	0.03528
150	-1.1	0.04725
150	-1	0.051648
150	-0.9	0.058268
150	-0.8	0.05877
150	-0.7	0.056204
150	-0.6	0.050127
150	-0.5	0.040847
150	-0.4	0.032253
150	-0.3	0.025714
150	-0.2	0.01682
150	-0.1	0.015722
150	0	0.015776
150	0.1	0.017574
150	0.2	0.023772
150	0.3	0.026629
150	0.4	0.037203
150	0.5	0.044005
150	0.6	0.047454
150	0.7	0.051714
150	0.8	0.053209
150	0.9	0.052286
150	1	0.048821
150	1.1	0.045148
150	1.2	0.04276
150	1.3	0.040321
150	1.4	0.039177
150	1.5	0.039921
150	1.6	0.040559
150	1.7	0.040772
150	1.8	0.040456
150	1.9	0.038662
150	2	0.036881
150	2.1	0.03358
150	2.2	0.029814
150	2.3	0.025641
150	2.4	0.023821
150	2.5	0.021407
150	2.6	0.018548
150	2.7	0.016644
150	2.8	0.014427
150	2.9	0.013604
150	3	0.013214
150	3.1	0.013146
150	3.2	0.01262
150	3.3	0.01247
150	3.4	0.012076
150	3.5	0.011315
150	3.6	0.0099338
150	3.7	0.009783
150	3.8	0.0096817
150	3.9	0.010241
150	4	0.010694
160	-4	0.013619
160	-3.9	0.014107
160	-3.8	0.013513
160	-3.7	0.01264
160	-3.6	0.011436
160	-3.5	0.011802
160	-3.4	0.012517
160	-3.3	0.012988
160	-3.2	0.012278
160	-3.1	0.011651
160	-3	0.009227
160	-2.9	0.0084346
160	-2.8	0.010943
160	-2.7	0.014643
160	-2.6	0.019734
160	-2.5	0.025154
160	-2.4	0.027419
160	-2.3	0.029761
160	-2.2	0.031246
160	-2.1	0.033314
160	-2	0.03534
160	-1.9	0.037714
160	-1.8	0.039093
160	-1.7	0.038131
160	-1.6	0.034151
160	-1.5	0.030275
160	-1.4	0.027013
160	-1.3	0.027438
160	-1.2	0.03606
160	-1.1	0.043445
160	-1	0.05231
160	-0.9	0.056194
160	-0.8	0.058373
160	-0.7	0.056687
160	-0.6	0.050033
160	-0.5	0.040558
160	-0.4	0.032758
160	-0.3	0.021903
160	-0.2	0.01784
160	-0.1	0.014215
160	0	0.013882
160	0.1	0.014115
160	0.2	0.018203
160	0.3	0.023823
160	0.4	0.033174
160	0.5	0.042739
160	0.6	0.049516
160	0.7	0.05246
160	0.8	0.054599
160	0.9	0.053955
160	1	0.050037
160	1.1	0.045898
160	1.2	0.043342
160	1.3	0.040272
160	1.4	0.038304
160	1.5	0.03904
160	1.6	0.040179
160	1.7	0.040819
160	1.8	0.040889
160	1.9	0.039821
160	2	0.037091
160	2.1	0.034864
160	2.2	0.028542
160	2.3	0.025804
160	2.4	0.022599
160	2.5	0.021234
160	2.6	0.018474
160	2.7	0.016657
160	2.8	0.014666
160	2.9	0.012477
160	3	0.01146
160	3.1	0.010615
160	3.2	0.011432
160	3.3	0.011939
160	3.4	0.013198
160	3.5	0.013112
160	3.6	0.012421
160	3.7	0.010795
160	3.8	0.010361
160	3.9	0.0099695
160	4	0.0099711
170	-4	0.012829
170	-3.9	0.01435
170	-3.8	0.014989
170	-3.7	0.014206
170	-3.6	0.012397
170	-3.5	0.01183
170	-3.4	0.010942
170	-3.3	0.011308
170	-3.2	0.011559
170	-3.1	0.011292
170	-3	0.01
170	-2.9	0.0086521
170	-2.8	0.0099517
170	-2.7	0.013154
170	-2.6	0.019766
170	-2.5	0.023767
170	-2.4	0.026491
170	-2.3	0.027469
170	-2.2	0.029111
170	-2.1	0.031002
170	-2	0.033134
170	-1.9	0.035829
170	-1.8	0.037165
170	-1.7	0.036488
170	-1.6	0.033308
170	-1.5	0.028468
170	-1.4	0.024304
170	-1.3	0.027749
170	-1.2	0.03583
170	-1.1	0.044421
170	-1	0.050985
170	-0.9	0.056648
170	-0.8	0.056571
170	-0.7	0.053483
170	-0.6	0.046693
170	-0.5	0.035701
170	-0.4	0.025302
170	-0.3	0.016032
170	-0.2	0.01301
170	-0.1	0.01159
170	0	0.011573
170	0.1	0.013197
170	0.2	0.016236
170	0.3	0.023269
170	0.4	0.033598
170	0.5	0.042962
170	0.6	0.047182
170	0.7	0.052261
170	0.8	0.052083
170	0.9	0.049354
170	1	0.046991
170	1.1	0.042867
170	1.2	0.037546
170	1.3	0.036005
170	1.4	0.035747
170	1.5	0.036267
170	1.6	0.03694
170	1.7	0.037041
170	1.8	0.036982
170	1.9	0.036919
170	2	0.035003
170	2.1	0.03265
170	2.2	0.028904
170	2.3	0.026864
170	2.4	0.021853
170	2.5	0.018701
170	2.6	0.017133
170	2.7	0.014557
170	2.8	0.013634
170	2.9	0.013339
170	3	0.012989
170	3.1	0.012573
170	3.2	0.01151
170	3.3	0.011863
170	3.4	0.012286
170	3.5	0.012067
170	3.6	0.012644
170	3.7	0.012521
170	3.8	0.012466
170	3.9	0.010989
170	4	0.0099159
180	-4	0.012666
180	-3.9	0.014096
180	-3.8	0.014101
180	-3.7	0.013077
180	-3.6	0.011593
180	-3.5	0.011962
180	-3.4	0.012316
180	-3.3	0.012784
180	-3.2	0.012856
180	-3.1	0.01198
180	-3	0.010033
180	-2.9	0.0082935
180	-2.8	0.011083
180	-2.7	0.016125
180	-2.6	0.022179
180	-2.5	0.026299
180	-2.4	0.028802
180	-2.3	0.029246
180	-2.2	0.030114
180	-2.1	0.031316
180	-2	0.033468
180	-1.9	0.036159
180	-1.8	0.037142
180	-1.7	0.034683
180	-1.6	0.030197
180	-1.5	0.024979
180	-1.4	0.023326
180	-1.3	0.02625
180	-1.2	0.035162
180	-1.1	0.045161
180	-1	0.052383
180	-0.9	0.05667
180	-0.8	0.056169
180	-0.7	0.050982
180	-0.6	0.041832
180	-0.5	0.03241
180	-0.4	0.022862
180	-0.3	0.014565
180	-0.2	0.012408
180	-0.1	0.011866
180	0	0.011187
180	0.1	0.012131
180	0.2	0.019661
180	0.3	0.02394
180	0.4	0.031832
180	0.5	0.041769
180	0.6	0.046998
180	0.7	0.05005
180	0.8	0.050667
180	0.9	0.048811
180	1	0.046713
180	1.1	0.041674
180	1.2	0.037723
180	1.3	0.035754
180	1.4	0.035402
180	1.5	0.03631
180	1.6	0.03709
180	1.7	0.037493
180	1.8	0.038195
180	1.9	0.03773
180	2	0.034816
180	2.1	0.032459
180	2.2	0.028584
180	2.3	0.025257
180	2.4	0.022913
180	2.5	0.020977
180	2.6	0.018582
180	2.7	0.017239
180	2.8	0.015533
180	2.9	0.014037
180	3	0.011919
180	3.1	0.011093
180	3.2	0.011475
180	3.3	0.01258
180	3.4	0.013157
180	3.5	0.012744
180	3.6	0.012733
180	3.7	0.012112
180	3.8	0.011233
180	3.9	0.0096566
180	4	0.0089766
 
Uniformity Ratio =0.62956
