09-Jan-2018
9:52
TXR  008045 RM428 R24
33511B Function Generator
SN =Agilent Technologies,33511B,MY52301476,3.05-1.19-2.00-52-00
freq =+9.270000000000000E+06
burstmode =TRIG
burstN =+6.000000000000000E+01
voltage =+1.5000000000000E-01
 
DSO-X 2022A Oscilloscope
SN =AGILENT TECHNOLOGIES,DSO-X 2022A,MY54310921,02.41.2015102200
probe =+1.0000000E+00
scale =+500.0E-09
position =+19.900000E-06
range =+1.60E+00
units =VOLT
points =+2000
pointmode =NORM
format =BYTE
acqtype =NORM
trigsource =EXT
coupling =AC
 
-180	-4	0.0075531
-180	-3.9	0.0078675
-180	-3.8	0.0087024
-180	-3.7	0.010108
-180	-3.6	0.0099191
-180	-3.5	0.010086
-180	-3.4	0.0091796
-180	-3.3	0.0079411
-180	-3.2	0.0077683
-180	-3.1	0.0086987
-180	-3	0.0095184
-180	-2.9	0.010924
-180	-2.8	0.0119
-180	-2.7	0.013138
-180	-2.6	0.015389
-180	-2.5	0.018566
-180	-2.4	0.021709
-180	-2.3	0.024793
-180	-2.2	0.027398
-180	-2.1	0.030376
-180	-2	0.032785
-180	-1.9	0.034304
-180	-1.8	0.036481
-180	-1.7	0.037377
-180	-1.6	0.037692
-180	-1.5	0.036351
-180	-1.4	0.033002
-180	-1.3	0.029926
-180	-1.2	0.025849
-180	-1.1	0.024665
-180	-1	0.029456
-180	-0.9	0.035826
-180	-0.8	0.045155
-180	-0.7	0.053557
-180	-0.6	0.056948
-180	-0.5	0.060348
-180	-0.4	0.058661
-180	-0.3	0.055572
-180	-0.2	0.046565
-180	-0.1	0.040922
-180	0	0.032899
-180	0.1	0.027611
-180	0.2	0.024414
-180	0.3	0.0209
-180	0.4	0.020538
-180	0.5	0.025154
-180	0.6	0.029425
-180	0.7	0.033705
-180	0.8	0.041283
-180	0.9	0.043692
-180	1	0.044174
-180	1.1	0.043103
-180	1.2	0.04035
-180	1.3	0.037481
-180	1.4	0.036143
-180	1.5	0.036583
-180	1.6	0.038982
-180	1.7	0.040575
-180	1.8	0.04054
-180	1.9	0.039077
-180	2	0.03704
-180	2.1	0.03492
-180	2.2	0.031746
-180	2.3	0.029417
-180	2.4	0.025911
-180	2.5	0.023431
-180	2.6	0.020559
-180	2.7	0.017829
-180	2.8	0.014151
-180	2.9	0.011522
-180	3	0.010161
-180	3.1	0.0087837
-180	3.2	0.0082818
-180	3.3	0.0077599
-180	3.4	0.0072984
-180	3.5	0.0088989
-180	3.6	0.0090715
-180	3.7	0.010259
-180	3.8	0.010517
-180	3.9	0.01154
-180	4	0.011597
-170	-4	0.0083807
-170	-3.9	0.01169
-170	-3.8	0.013426
-170	-3.7	0.013918
-170	-3.6	0.012701
-170	-3.5	0.01052
-170	-3.4	0.0091107
-170	-3.3	0.010554
-170	-3.2	0.013389
-170	-3.1	0.015206
-170	-3	0.016398
-170	-2.9	0.014359
-170	-2.8	0.012551
-170	-2.7	0.013455
-170	-2.6	0.017506
-170	-2.5	0.022852
-170	-2.4	0.030412
-170	-2.3	0.034581
-170	-2.2	0.036028
-170	-2.1	0.036435
-170	-2	0.036225
-170	-1.9	0.038031
-170	-1.8	0.040451
-170	-1.7	0.044047
-170	-1.6	0.046613
-170	-1.5	0.046149
-170	-1.4	0.041719
-170	-1.3	0.036124
-170	-1.2	0.028128
-170	-1.1	0.02761
-170	-1	0.033085
-170	-0.9	0.043025
-170	-0.8	0.050934
-170	-0.7	0.06024
-170	-0.6	0.063631
-170	-0.5	0.062789
-170	-0.4	0.059442
-170	-0.3	0.053499
-170	-0.2	0.043912
-170	-0.1	0.037011
-170	0	0.030824
-170	0.1	0.024984
-170	0.2	0.021994
-170	0.3	0.021749
-170	0.4	0.023895
-170	0.5	0.027684
-170	0.6	0.032672
-170	0.7	0.037614
-170	0.8	0.039535
-170	0.9	0.041462
-170	1	0.041403
-170	1.1	0.040957
-170	1.2	0.040331
-170	1.3	0.038432
-170	1.4	0.036155
-170	1.5	0.035941
-170	1.6	0.036205
-170	1.7	0.036604
-170	1.8	0.0366
-170	1.9	0.036464
-170	2	0.036237
-170	2.1	0.03566
-170	2.2	0.032697
-170	2.3	0.029174
-170	2.4	0.025464
-170	2.5	0.023222
-170	2.6	0.020961
-170	2.7	0.018797
-170	2.8	0.017843
-170	2.9	0.016345
-170	3	0.014613
-170	3.1	0.011868
-170	3.2	0.00968
-170	3.3	0.0084823
-170	3.4	0.0090179
-170	3.5	0.011249
-170	3.6	0.012672
-170	3.7	0.012587
-170	3.8	0.011969
-170	3.9	0.011186
-170	4	0.01061
-160	-4	0.010146
-160	-3.9	0.011626
-160	-3.8	0.012672
-160	-3.7	0.01304
-160	-3.6	0.012043
-160	-3.5	0.011186
-160	-3.4	0.0093902
-160	-3.3	0.010065
-160	-3.2	0.013175
-160	-3.1	0.014774
-160	-3	0.016428
-160	-2.9	0.015756
-160	-2.8	0.014764
-160	-2.7	0.015124
-160	-2.6	0.016548
-160	-2.5	0.024496
-160	-2.4	0.028937
-160	-2.3	0.032915
-160	-2.2	0.036443
-160	-2.1	0.037714
-160	-2	0.038484
-160	-1.9	0.039511
-160	-1.8	0.041294
-160	-1.7	0.044077
-160	-1.6	0.044763
-160	-1.5	0.043995
-160	-1.4	0.040313
-160	-1.3	0.034508
-160	-1.2	0.030961
-160	-1.1	0.030034
-160	-1	0.035465
-160	-0.9	0.045183
-160	-0.8	0.054743
-160	-0.7	0.06158
-160	-0.6	0.064354
-160	-0.5	0.063446
-160	-0.4	0.059831
-160	-0.3	0.052531
-160	-0.2	0.043189
-160	-0.1	0.037368
-160	0	0.02921
-160	0.1	0.024395
-160	0.2	0.019875
-160	0.3	0.02058
-160	0.4	0.023262
-160	0.5	0.029121
-160	0.6	0.033451
-160	0.7	0.038636
-160	0.8	0.042852
-160	0.9	0.045378
-160	1	0.045191
-160	1.1	0.043874
-160	1.2	0.042382
-160	1.3	0.040438
-160	1.4	0.03945
-160	1.5	0.038949
-160	1.6	0.038753
-160	1.7	0.037699
-160	1.8	0.036376
-160	1.9	0.034612
-160	2	0.033356
-160	2.1	0.030364
-160	2.2	0.02841
-160	2.3	0.025578
-160	2.4	0.023778
-160	2.5	0.022141
-160	2.6	0.018431
-160	2.7	0.014825
-160	2.8	0.013308
-160	2.9	0.011402
-160	3	0.011015
-160	3.1	0.0094314
-160	3.2	0.0093298
-160	3.3	0.0093003
-160	3.4	0.0092585
-160	3.5	0.0096096
-160	3.6	0.0090305
-160	3.7	0.0089514
-160	3.8	0.0089496
-160	3.9	0.009608
-160	4	0.0097764
-150	-4	0.010249
-150	-3.9	0.013144
-150	-3.8	0.014643
-150	-3.7	0.015197
-150	-3.6	0.013385
-150	-3.5	0.011037
-150	-3.4	0.0088131
-150	-3.3	0.0099711
-150	-3.2	0.013495
-150	-3.1	0.017154
-150	-3	0.017986
-150	-2.9	0.017229
-150	-2.8	0.016121
-150	-2.7	0.016125
-150	-2.6	0.019439
-150	-2.5	0.025202
-150	-2.4	0.030919
-150	-2.3	0.035407
-150	-2.2	0.038341
-150	-2.1	0.038907
-150	-2	0.039763
-150	-1.9	0.040668
-150	-1.8	0.042451
-150	-1.7	0.043541
-150	-1.6	0.043947
-150	-1.5	0.042105
-150	-1.4	0.038036
-150	-1.3	0.033914
-150	-1.2	0.030287
-150	-1.1	0.033531
-150	-1	0.037299
-150	-0.9	0.047323
-150	-0.8	0.057054
-150	-0.7	0.061717
-150	-0.6	0.062635
-150	-0.5	0.060717
-150	-0.4	0.056373
-150	-0.3	0.047749
-150	-0.2	0.041917
-150	-0.1	0.034054
-150	0	0.025572
-150	0.1	0.021421
-150	0.2	0.019341
-150	0.3	0.019046
-150	0.4	0.022431
-150	0.5	0.025281
-150	0.6	0.031034
-150	0.7	0.036541
-150	0.8	0.041817
-150	0.9	0.045271
-150	1	0.046132
-150	1.1	0.044963
-150	1.2	0.04333
-150	1.3	0.040913
-150	1.4	0.038308
-150	1.5	0.037316
-150	1.6	0.036537
-150	1.7	0.035564
-150	1.8	0.035242
-150	1.9	0.034502
-150	2	0.033644
-150	2.1	0.031531
-150	2.2	0.029208
-150	2.3	0.026109
-150	2.4	0.024072
-150	2.5	0.021848
-150	2.6	0.018492
-150	2.7	0.014974
-150	2.8	0.01305
-150	2.9	0.011962
-150	3	0.010987
-150	3.1	0.0098521
-150	3.2	0.0095269
-150	3.3	0.0096549
-150	3.4	0.0099061
-150	3.5	0.0099077
-150	3.6	0.0087947
-150	3.7	0.0079695
-150	3.8	0.0072896
-150	3.9	0.0069398
-150	4	0.0075402
-140	-4	0.010545
-140	-3.9	0.012123
-140	-3.8	0.013014
-140	-3.7	0.012969
-140	-3.6	0.011972
-140	-3.5	0.011236
-140	-3.4	0.01123
-140	-3.3	0.012376
-140	-3.2	0.01411
-140	-3.1	0.015082
-140	-3	0.015171
-140	-2.9	0.014769
-140	-2.8	0.014976
-140	-2.7	0.017471
-140	-2.6	0.021298
-140	-2.5	0.028821
-140	-2.4	0.031305
-140	-2.3	0.033784
-140	-2.2	0.034865
-140	-2.1	0.036259
-140	-2	0.038426
-140	-1.9	0.040278
-140	-1.8	0.044495
-140	-1.7	0.045254
-140	-1.6	0.044638
-140	-1.5	0.039297
-140	-1.4	0.035233
-140	-1.3	0.029161
-140	-1.2	0.029133
-140	-1.1	0.035267
-140	-1	0.039879
-140	-0.9	0.049506
-140	-0.8	0.055954
-140	-0.7	0.058986
-140	-0.6	0.058606
-140	-0.5	0.054032
-140	-0.4	0.049903
-140	-0.3	0.04253
-140	-0.2	0.03539
-140	-0.1	0.030147
-140	0	0.023409
-140	0.1	0.020038
-140	0.2	0.019455
-140	0.3	0.020408
-140	0.4	0.024224
-140	0.5	0.03019
-140	0.6	0.034558
-140	0.7	0.039454
-140	0.8	0.042904
-140	0.9	0.043638
-140	1	0.042728
-140	1.1	0.042131
-140	1.2	0.039818
-140	1.3	0.037904
-140	1.4	0.0365
-140	1.5	0.03553
-140	1.6	0.035346
-140	1.7	0.034905
-140	1.8	0.034455
-140	1.9	0.033899
-140	2	0.03251
-140	2.1	0.030874
-140	2.2	0.02933
-140	2.3	0.026893
-140	2.4	0.024309
-140	2.5	0.022528
-140	2.6	0.020235
-140	2.7	0.018196
-140	2.8	0.015645
-140	2.9	0.014523
-140	3	0.012894
-140	3.1	0.011331
-140	3.2	0.010188
-140	3.3	0.010403
-140	3.4	0.011037
-140	3.5	0.010917
-140	3.6	0.010769
-140	3.7	0.010584
-140	3.8	0.010435
-140	3.9	0.010121
-140	4	0.0098341
-130	-4	0.0092357
-130	-3.9	0.01048
-130	-3.8	0.010778
-130	-3.7	0.010156
-130	-3.6	0.0092095
-130	-3.5	0.0090769
-130	-3.4	0.010627
-130	-3.3	0.012658
-130	-3.2	0.013707
-130	-3.1	0.013658
-130	-3	0.012115
-130	-2.9	0.011999
-130	-2.8	0.013976
-130	-2.7	0.018268
-130	-2.6	0.024503
-130	-2.5	0.027186
-130	-2.4	0.029332
-130	-2.3	0.030516
-130	-2.2	0.031487
-130	-2.1	0.03358
-130	-2	0.034289
-130	-1.9	0.038784
-130	-1.8	0.042124
-130	-1.7	0.043469
-130	-1.6	0.042526
-130	-1.5	0.038474
-130	-1.4	0.032099
-130	-1.3	0.029106
-130	-1.2	0.02895
-130	-1.1	0.035984
-130	-1	0.041663
-130	-0.9	0.051443
-130	-0.8	0.056627
-130	-0.7	0.0606
-130	-0.6	0.059494
-130	-0.5	0.055127
-130	-0.4	0.049552
-130	-0.3	0.041686
-130	-0.2	0.033992
-130	-0.1	0.02772
-130	0	0.020328
-130	0.1	0.018516
-130	0.2	0.018543
-130	0.3	0.02084
-130	0.4	0.02361
-130	0.5	0.02855
-130	0.6	0.03297
-130	0.7	0.037263
-130	0.8	0.040119
-130	0.9	0.041855
-130	1	0.042281
-130	1.1	0.040924
-130	1.2	0.039139
-130	1.3	0.036517
-130	1.4	0.034214
-130	1.5	0.032664
-130	1.6	0.032154
-130	1.7	0.03157
-130	1.8	0.031773
-130	1.9	0.031844
-130	2	0.030518
-130	2.1	0.029784
-130	2.2	0.025995
-130	2.3	0.024426
-130	2.4	0.021687
-130	2.5	0.01927
-130	2.6	0.017821
-130	2.7	0.016438
-130	2.8	0.015354
-130	2.9	0.014165
-130	3	0.012671
-130	3.1	0.011187
-130	3.2	0.01054
-130	3.3	0.011122
-130	3.4	0.011888
-130	3.5	0.012107
-130	3.6	0.011765
-130	3.7	0.011077
-130	3.8	0.01068
-130	3.9	0.0094091
-130	4	0.0089279
-120	-4	0.0098373
-120	-3.9	0.010692
-120	-3.8	0.010731
-120	-3.7	0.01013
-120	-3.6	0.0095269
-120	-3.5	0.0093919
-120	-3.4	0.010589
-120	-3.3	0.011444
-120	-3.2	0.012595
-120	-3.1	0.013268
-120	-3	0.013268
-120	-2.9	0.013417
-120	-2.8	0.014745
-120	-2.7	0.016593
-120	-2.6	0.022001
-120	-2.5	0.025387
-120	-2.4	0.029216
-120	-2.3	0.030354
-120	-2.2	0.030858
-120	-2.1	0.031356
-120	-2	0.03344
-120	-1.9	0.036432
-120	-1.8	0.039144
-120	-1.7	0.040567
-120	-1.6	0.03986
-120	-1.5	0.036463
-120	-1.4	0.030084
-120	-1.3	0.026604
-120	-1.2	0.027799
-120	-1.1	0.035045
-120	-1	0.042475
-120	-0.9	0.048887
-120	-0.8	0.054622
-120	-0.7	0.056987
-120	-0.6	0.055731
-120	-0.5	0.052461
-120	-0.4	0.044502
-120	-0.3	0.036438
-120	-0.2	0.027346
-120	-0.1	0.022796
-120	0	0.01756
-120	0.1	0.015931
-120	0.2	0.016489
-120	0.3	0.018855
-120	0.4	0.022232
-120	0.5	0.029027
-120	0.6	0.034501
-120	0.7	0.039745
-120	0.8	0.042574
-120	0.9	0.043996
-120	1	0.04425
-120	1.1	0.041796
-120	1.2	0.040029
-120	1.3	0.037786
-120	1.4	0.036324
-120	1.5	0.035066
-120	1.6	0.033582
-120	1.7	0.031812
-120	1.8	0.030041
-120	1.9	0.028746
-120	2	0.027061
-120	2.1	0.026151
-120	2.2	0.025715
-120	2.3	0.024335
-120	2.4	0.023287
-120	2.5	0.020351
-120	2.6	0.017799
-120	2.7	0.015012
-120	2.8	0.014359
-120	2.9	0.013601
-120	3	0.013332
-120	3.1	0.012902
-120	3.2	0.012303
-120	3.3	0.010878
-120	3.4	0.0096147
-120	3.5	0.0087135
-120	3.6	0.0087671
-120	3.7	0.010062
-120	3.8	0.010757
-120	3.9	0.010485
-120	4	0.0094125
-110	-4	0.0093643
-110	-3.9	0.010815
-110	-3.8	0.010943
-110	-3.7	0.010111
-110	-3.6	0.0081817
-110	-3.5	0.0072718
-110	-3.4	0.0086726
-110	-3.3	0.010987
-110	-3.2	0.013102
-110	-3.1	0.013071
-110	-3	0.010538
-110	-2.9	0.0091177
-110	-2.8	0.0096382
-110	-2.7	0.014637
-110	-2.6	0.020794
-110	-2.5	0.024699
-110	-2.4	0.02734
-110	-2.3	0.02846
-110	-2.2	0.028409
-110	-2.1	0.029253
-110	-2	0.031536
-110	-1.9	0.03457
-110	-1.8	0.037652
-110	-1.7	0.039025
-110	-1.6	0.038926
-110	-1.5	0.035408
-110	-1.4	0.030006
-110	-1.3	0.02592
-110	-1.2	0.02643
-110	-1.1	0.033259
-110	-1	0.042851
-110	-0.9	0.04838
-110	-0.8	0.055017
-110	-0.7	0.057575
-110	-0.6	0.055816
-110	-0.5	0.050659
-110	-0.4	0.04451
-110	-0.3	0.037968
-110	-0.2	0.028152
-110	-0.1	0.023384
-110	0	0.017594
-110	0.1	0.014869
-110	0.2	0.015491
-110	0.3	0.017302
-110	0.4	0.021904
-110	0.5	0.027496
-110	0.6	0.03276
-110	0.7	0.038519
-110	0.8	0.04285
-110	0.9	0.04443
-110	1	0.044886
-110	1.1	0.043557
-110	1.2	0.040885
-110	1.3	0.039014
-110	1.4	0.036198
-110	1.5	0.034793
-110	1.6	0.033314
-110	1.7	0.032882
-110	1.8	0.032489
-110	1.9	0.031954
-110	2	0.029793
-110	2.1	0.028068
-110	2.2	0.025077
-110	2.3	0.023495
-110	2.4	0.021988
-110	2.5	0.01968
-110	2.6	0.018212
-110	2.7	0.017766
-110	2.8	0.016632
-110	2.9	0.015162
-110	3	0.014008
-110	3.1	0.011962
-110	3.2	0.01075
-110	3.3	0.010053
-110	3.4	0.010238
-110	3.5	0.010132
-110	3.6	0.010221
-110	3.7	0.010146
-110	3.8	0.0095354
-110	3.9	0.0088241
-110	4	0.0082309
-100	-4	0.0079695
-100	-3.9	0.0087265
-100	-3.8	0.0085393
-100	-3.7	0.0081599
-100	-3.6	0.007583
-100	-3.5	0.0070552
-100	-3.4	0.0077203
-100	-3.3	0.0090341
-100	-3.2	0.010483
-100	-3.1	0.010813
-100	-3	0.010207
-100	-2.9	0.0099565
-100	-2.8	0.010309
-100	-2.7	0.01454
-100	-2.6	0.018266
-100	-2.5	0.021925
-100	-2.4	0.02364
-100	-2.3	0.026241
-100	-2.2	0.027282
-100	-2.1	0.028244
-100	-2	0.030024
-100	-1.9	0.032086
-100	-1.8	0.035093
-100	-1.7	0.036259
-100	-1.6	0.035717
-100	-1.5	0.032843
-100	-1.4	0.029195
-100	-1.3	0.026388
-100	-1.2	0.02689
-100	-1.1	0.033558
-100	-1	0.043222
-100	-0.9	0.047692
-100	-0.8	0.053335
-100	-0.7	0.055882
-100	-0.6	0.054254
-100	-0.5	0.048653
-100	-0.4	0.041613
-100	-0.3	0.032115
-100	-0.2	0.02471
-100	-0.1	0.019715
-100	0	0.016291
-100	0.1	0.014276
-100	0.2	0.014025
-100	0.3	0.01696
-100	0.4	0.0221
-100	0.5	0.031202
-100	0.6	0.037632
-100	0.7	0.042222
-100	0.8	0.046058
-100	0.9	0.047824
-100	1	0.046921
-100	1.1	0.044931
-100	1.2	0.042736
-100	1.3	0.04067
-100	1.4	0.039512
-100	1.5	0.038919
-100	1.6	0.037546
-100	1.7	0.035475
-100	1.8	0.034061
-100	1.9	0.031182
-100	2	0.028169
-100	2.1	0.026409
-100	2.2	0.025845
-100	2.3	0.025316
-100	2.4	0.024734
-100	2.5	0.023433
-100	2.6	0.021601
-100	2.7	0.019675
-100	2.8	0.017527
-100	2.9	0.016592
-100	3	0.016063
-100	3.1	0.014868
-100	3.2	0.014165
-100	3.3	0.012435
-100	3.4	0.010977
-100	3.5	0.010375
-100	3.6	0.009857
-100	3.7	0.0096499
-100	3.8	0.0095438
-100	3.9	0.0088039
-100	4	0.0083614
-90	-4	0.0073865
-90	-3.9	0.0083168
-90	-3.8	0.0089079
-90	-3.7	0.0090323
-90	-3.6	0.0077641
-90	-3.5	0.0062383
-90	-3.4	0.0056596
-90	-3.3	0.0067819
-90	-3.2	0.0094451
-90	-3.1	0.010414
-90	-3	0.011031
-90	-2.9	0.010575
-90	-2.8	0.010227
-90	-2.7	0.013468
-90	-2.6	0.015822
-90	-2.5	0.020618
-90	-2.4	0.025055
-90	-2.3	0.027314
-90	-2.2	0.028814
-90	-2.1	0.029567
-90	-2	0.030146
-90	-1.9	0.031615
-90	-1.8	0.032691
-90	-1.7	0.032552
-90	-1.6	0.030855
-90	-1.5	0.027147
-90	-1.4	0.02506
-90	-1.3	0.024506
-90	-1.2	0.02727
-90	-1.1	0.033571
-90	-1	0.039348
-90	-0.9	0.046451
-90	-0.8	0.049781
-90	-0.7	0.050731
-90	-0.6	0.049094
-90	-0.5	0.045861
-90	-0.4	0.041152
-90	-0.3	0.035046
-90	-0.2	0.028598
-90	-0.1	0.023851
-90	0	0.019749
-90	0.1	0.01756
-90	0.2	0.017417
-90	0.3	0.020115
-90	0.4	0.026237
-90	0.5	0.032144
-90	0.6	0.037355
-90	0.7	0.042051
-90	0.8	0.046605
-90	0.9	0.047499
-90	1	0.0488
-90	1.1	0.048057
-90	1.2	0.047517
-90	1.3	0.045604
-90	1.4	0.044087
-90	1.5	0.041309
-90	1.6	0.038648
-90	1.7	0.035787
-90	1.8	0.033472
-90	1.9	0.032918
-90	2	0.032687
-90	2.1	0.032273
-90	2.2	0.031202
-90	2.3	0.029637
-90	2.4	0.026389
-90	2.5	0.02325
-90	2.6	0.019804
-90	2.7	0.018097
-90	2.8	0.017332
-90	2.9	0.016648
-90	3	0.01528
-90	3.1	0.014032
-90	3.2	0.012576
-90	3.3	0.011398
-90	3.4	0.010706
-90	3.5	0.010203
-90	3.6	0.009385
-90	3.7	0.0087079
-90	3.8	0.0069421
-90	3.9	0.0052539
-90	4	0.0048241
-80	-4	0.0074757
-80	-3.9	0.0081659
-80	-3.8	0.0081659
-80	-3.7	0.007886
-80	-3.6	0.0069954
-80	-3.5	0.0069071
-80	-3.4	0.0073843
-80	-3.3	0.0083923
-80	-3.2	0.0093488
-80	-3.1	0.010226
-80	-3	0.010004
-80	-2.9	0.0096197
-80	-2.8	0.010276
-80	-2.7	0.012535
-80	-2.6	0.015468
-80	-2.5	0.020148
-80	-2.4	0.023587
-80	-2.3	0.025462
-80	-2.2	0.027013
-80	-2.1	0.027793
-80	-2	0.02873
-80	-1.9	0.030488
-80	-1.8	0.031836
-80	-1.7	0.032556
-80	-1.6	0.032388
-80	-1.5	0.03105
-80	-1.4	0.02813
-80	-1.3	0.027489
-80	-1.2	0.030059
-80	-1.1	0.036467
-80	-1	0.043685
-80	-0.9	0.049307
-80	-0.8	0.055737
-80	-0.7	0.056923
-80	-0.6	0.055708
-80	-0.5	0.051942
-80	-0.4	0.041695
-80	-0.3	0.035607
-80	-0.2	0.025018
-80	-0.1	0.017975
-80	0	0.015012
-80	0.1	0.013659
-80	0.2	0.015008
-80	0.3	0.019021
-80	0.4	0.022563
-80	0.5	0.033041
-80	0.6	0.036535
-80	0.7	0.044304
-80	0.8	0.049992
-80	0.9	0.052435
-80	1	0.053081
-80	1.1	0.051786
-80	1.2	0.048325
-80	1.3	0.043908
-80	1.4	0.041266
-80	1.5	0.039374
-80	1.6	0.036876
-80	1.7	0.034343
-80	1.8	0.032938
-80	1.9	0.032033
-80	2	0.030286
-80	2.1	0.029817
-80	2.2	0.027926
-80	2.3	0.026543
-80	2.4	0.02491
-80	2.5	0.022809
-80	2.6	0.02062
-80	2.7	0.018392
-80	2.8	0.017041
-80	2.9	0.015469
-80	3	0.014942
-80	3.1	0.014096
-80	3.2	0.01417
-80	3.3	0.01398
-80	3.4	0.012756
-80	3.5	0.011173
-80	3.6	0.010495
-80	3.7	0.0090054
-80	3.8	0.0079553
-80	3.9	0.0071259
-80	4	0.0072829
-70	-4	0.0063842
-70	-3.9	0.0069421
-70	-3.8	0.0072161
-70	-3.7	0.0072829
-70	-3.6	0.0071824
-70	-3.5	0.0062512
-70	-3.4	0.0062227
-70	-3.3	0.0072496
-70	-3.2	0.0086782
-70	-3.1	0.0088515
-70	-3	0.0090018
-70	-2.9	0.0093643
-70	-2.8	0.010102
-70	-2.7	0.013342
-70	-2.6	0.017379
-70	-2.5	0.020581
-70	-2.4	0.023521
-70	-2.3	0.025637
-70	-2.2	0.026683
-70	-2.1	0.027417
-70	-2	0.028655
-70	-1.9	0.029466
-70	-1.8	0.030709
-70	-1.7	0.030933
-70	-1.6	0.029279
-70	-1.5	0.027479
-70	-1.4	0.024058
-70	-1.3	0.023681
-70	-1.2	0.02516
-70	-1.1	0.033204
-70	-1	0.041518
-70	-0.9	0.047755
-70	-0.8	0.05252
-70	-0.7	0.053998
-70	-0.6	0.052755
-70	-0.5	0.049177
-70	-0.4	0.043537
-70	-0.3	0.036031
-70	-0.2	0.030185
-70	-0.1	0.022883
-70	0	0.019752
-70	0.1	0.017434
-70	0.2	0.01778
-70	0.3	0.02079
-70	0.4	0.02634
-70	0.5	0.033908
-70	0.6	0.042571
-70	0.7	0.047106
-70	0.8	0.05091
-70	0.9	0.053227
-70	1	0.054094
-70	1.1	0.053209
-70	1.2	0.050686
-70	1.3	0.04851
-70	1.4	0.045738
-70	1.5	0.043414
-70	1.6	0.041341
-70	1.7	0.039982
-70	1.8	0.038771
-70	1.9	0.037358
-70	2	0.035732
-70	2.1	0.03354
-70	2.2	0.031469
-70	2.3	0.029877
-70	2.4	0.028489
-70	2.5	0.027244
-70	2.6	0.02687
-70	2.7	0.025712
-70	2.8	0.024536
-70	2.9	0.022693
-70	3	0.02001
-70	3.1	0.018403
-70	3.2	0.016591
-70	3.3	0.015471
-70	3.4	0.014395
-70	3.5	0.014475
-70	3.6	0.014555
-70	3.7	0.013771
-70	3.8	0.013139
-70	3.9	0.011498
-70	4	0.0098701
-60	-4	0.0090018
-60	-3.9	0.0094091
-60	-3.8	0.010296
-60	-3.7	0.0099094
-60	-3.6	0.0097945
-60	-3.5	0.0096113
-60	-3.4	0.0096616
-60	-3.3	0.010222
-60	-3.2	0.0099906
-60	-3.1	0.0098979
-60	-3	0.0098701
-60	-2.9	0.010401
-60	-2.8	0.011583
-60	-2.7	0.015264
-60	-2.6	0.018519
-60	-2.5	0.02221
-60	-2.4	0.025023
-60	-2.3	0.027425
-60	-2.2	0.028331
-60	-2.1	0.028956
-60	-2	0.030115
-60	-1.9	0.031188
-60	-1.8	0.032714
-60	-1.7	0.034319
-60	-1.6	0.033894
-60	-1.5	0.033165
-60	-1.4	0.029272
-60	-1.3	0.028544
-60	-1.2	0.030336
-60	-1.1	0.035085
-60	-1	0.043843
-60	-0.9	0.051229
-60	-0.8	0.058209
-60	-0.7	0.060442
-60	-0.6	0.05871
-60	-0.5	0.0559
-60	-0.4	0.049012
-60	-0.3	0.038721
-60	-0.2	0.028069
-60	-0.1	0.023944
-60	0	0.016855
-60	0.1	0.01566
-60	0.2	0.016235
-60	0.3	0.020049
-60	0.4	0.023022
-60	0.5	0.033783
-60	0.6	0.039737
-60	0.7	0.047407
-60	0.8	0.051608
-60	0.9	0.054544
-60	1	0.055789
-60	1.1	0.055267
-60	1.2	0.052338
-60	1.3	0.049716
-60	1.4	0.046611
-60	1.5	0.04348
-60	1.6	0.040597
-60	1.7	0.038107
-60	1.8	0.036852
-60	1.9	0.035168
-60	2	0.032952
-60	2.1	0.031414
-60	2.2	0.030066
-60	2.3	0.029114
-60	2.4	0.028527
-60	2.5	0.027283
-60	2.6	0.026244
-60	2.7	0.025068
-60	2.8	0.023695
-60	2.9	0.020944
-60	3	0.018843
-60	3.1	0.017173
-60	3.2	0.016388
-60	3.3	0.015336
-60	3.4	0.014505
-60	3.5	0.013958
-60	3.6	0.013978
-60	3.7	0.013316
-60	3.8	0.012482
-60	3.9	0.011009
-60	4	0.0099077
-50	-4	0.0069561
-50	-3.9	0.0076762
-50	-3.8	0.0082309
-50	-3.7	0.0083711
-50	-3.6	0.0083614
-50	-3.5	0.0083071
-50	-3.4	0.0085752
-50	-3.3	0.010005
-50	-3.2	0.011558
-50	-3.1	0.011622
-50	-3	0.010644
-50	-2.9	0.011007
-50	-2.8	0.013738
-50	-2.7	0.017054
-50	-2.6	0.022506
-50	-2.5	0.02469
-50	-2.4	0.027372
-50	-2.3	0.028546
-50	-2.2	0.029811
-50	-2.1	0.030318
-50	-2	0.032538
-50	-1.9	0.034696
-50	-1.8	0.036205
-50	-1.7	0.036074
-50	-1.6	0.034212
-50	-1.5	0.030596
-50	-1.4	0.028625
-50	-1.3	0.027895
-50	-1.2	0.030719
-50	-1.1	0.038442
-50	-1	0.042632
-50	-0.9	0.051825
-50	-0.8	0.055801
-50	-0.7	0.057251
-50	-0.6	0.054041
-50	-0.5	0.048607
-50	-0.4	0.04299
-50	-0.3	0.034791
-50	-0.2	0.029299
-50	-0.1	0.022885
-50	0	0.019373
-50	0.1	0.01752
-50	0.2	0.018204
-50	0.3	0.022327
-50	0.4	0.026549
-50	0.5	0.034099
-50	0.6	0.041547
-50	0.7	0.04896
-50	0.8	0.052951
-50	0.9	0.056369
-50	1	0.056847
-50	1.1	0.056198
-50	1.2	0.053325
-50	1.3	0.051184
-50	1.4	0.048231
-50	1.5	0.044903
-50	1.6	0.043312
-50	1.7	0.041247
-50	1.8	0.03906
-50	1.9	0.03755
-50	2	0.035391
-50	2.1	0.034097
-50	2.2	0.032431
-50	2.3	0.031339
-50	2.4	0.029944
-50	2.5	0.028049
-50	2.6	0.026761
-50	2.7	0.024841
-50	2.8	0.023358
-50	2.9	0.022276
-50	3	0.021375
-50	3.1	0.019821
-50	3.2	0.019635
-50	3.3	0.01765
-50	3.4	0.016264
-50	3.5	0.014885
-50	3.6	0.013833
-50	3.7	0.01357
-50	3.8	0.013103
-50	3.9	0.01249
-50	4	0.011834
-40	-4	0.0094878
-40	-3.9	0.009234
-40	-3.8	0.0094228
-40	-3.7	0.0095269
-40	-3.6	0.0090947
-40	-3.5	0.0092182
-40	-3.4	0.0090929
-40	-3.3	0.0098094
-40	-3.2	0.010278
-40	-3.1	0.010807
-40	-3	0.011269
-40	-2.9	0.011696
-40	-2.8	0.013238
-40	-2.7	0.014915
-40	-2.6	0.019009
-40	-2.5	0.022584
-40	-2.4	0.027031
-40	-2.3	0.029976
-40	-2.2	0.032317
-40	-2.1	0.033191
-40	-2	0.03372
-40	-1.9	0.034077
-40	-1.8	0.035359
-40	-1.7	0.036203
-40	-1.6	0.03592
-40	-1.5	0.03475
-40	-1.4	0.032183
-40	-1.3	0.030843
-40	-1.2	0.033135
-40	-1.1	0.038875
-40	-1	0.045043
-40	-0.9	0.048927
-40	-0.8	0.055835
-40	-0.7	0.058891
-40	-0.6	0.058368
-40	-0.5	0.054522
-40	-0.4	0.04987
-40	-0.3	0.041396
-40	-0.2	0.032856
-40	-0.1	0.025747
-40	0	0.020685
-40	0.1	0.01721
-40	0.2	0.017848
-40	0.3	0.020529
-40	0.4	0.025451
-40	0.5	0.030412
-40	0.6	0.03918
-40	0.7	0.045871
-40	0.8	0.050169
-40	0.9	0.054643
-40	1	0.057773
-40	1.1	0.057787
-40	1.2	0.055813
-40	1.3	0.052829
-40	1.4	0.048455
-40	1.5	0.046248
-40	1.6	0.041483
-40	1.7	0.0392
-40	1.8	0.037537
-40	1.9	0.035847
-40	2	0.03477
-40	2.1	0.03318
-40	2.2	0.031577
-40	2.3	0.030318
-40	2.4	0.028688
-40	2.5	0.026458
-40	2.6	0.025579
-40	2.7	0.02366
-40	2.8	0.022285
-40	2.9	0.021248
-40	3	0.019762
-40	3.1	0.018353
-40	3.2	0.017111
-40	3.3	0.015884
-40	3.4	0.014782
-40	3.5	0.013602
-40	3.6	0.012933
-40	3.7	0.012176
-40	3.8	0.011522
-40	3.9	0.0095709
-40	4	0.0090804
-30	-4	0.0080563
-30	-3.9	0.010565
-30	-3.8	0.011405
-30	-3.7	0.011068
-30	-3.6	0.009302
-30	-3.5	0.0080261
-30	-3.4	0.0070254
-30	-3.3	0.0085127
-30	-3.2	0.011288
-30	-3.1	0.013345
-30	-3	0.014058
-30	-2.9	0.013752
-30	-2.8	0.012927
-30	-2.7	0.01356
-30	-2.6	0.018135
-30	-2.5	0.022634
-30	-2.4	0.027915
-30	-2.3	0.030625
-30	-2.2	0.033074
-30	-2.1	0.034093
-30	-2	0.034555
-30	-1.9	0.035937
-30	-1.8	0.037036
-30	-1.7	0.038206
-30	-1.6	0.038264
-30	-1.5	0.037107
-30	-1.4	0.033808
-30	-1.3	0.032198
-30	-1.2	0.032287
-30	-1.1	0.037017
-30	-1	0.046808
-30	-0.9	0.053036
-30	-0.8	0.056758
-30	-0.7	0.060961
-30	-0.6	0.058923
-30	-0.5	0.054763
-30	-0.4	0.048576
-30	-0.3	0.039294
-30	-0.2	0.027795
-30	-0.1	0.023329
-30	0	0.018984
-30	0.1	0.015988
-30	0.2	0.016671
-30	0.3	0.01873
-30	0.4	0.02498
-30	0.5	0.030084
-30	0.6	0.038096
-30	0.7	0.047694
-30	0.8	0.05153
-30	0.9	0.054941
-30	1	0.056447
-30	1.1	0.055911
-30	1.2	0.054363
-30	1.3	0.052289
-30	1.4	0.048497
-30	1.5	0.046772
-30	1.6	0.043119
-30	1.7	0.039936
-30	1.8	0.038314
-30	1.9	0.03576
-30	2	0.034201
-30	2.1	0.032758
-30	2.2	0.031485
-30	2.3	0.03081
-30	2.4	0.030659
-30	2.5	0.029547
-30	2.6	0.028474
-30	2.7	0.025863
-30	2.8	0.023865
-30	2.9	0.022
-30	3	0.020121
-30	3.1	0.018314
-30	3.2	0.016955
-30	3.3	0.01531
-30	3.4	0.014461
-30	3.5	0.013696
-30	3.6	0.011994
-30	3.7	0.01155
-30	3.8	0.011314
-30	3.9	0.010709
-30	4	0.0099679
-20	-4	0.0081994
-20	-3.9	0.0096147
-20	-3.8	0.010989
-20	-3.7	0.011527
-20	-3.6	0.011614
-20	-3.5	0.010379
-20	-3.4	0.0094861
-20	-3.3	0.0092287
-20	-3.2	0.010455
-20	-3.1	0.012027
-20	-3	0.01363
-20	-2.9	0.014021
-20	-2.8	0.014181
-20	-2.7	0.014617
-20	-2.6	0.01798
-20	-2.5	0.021008
-20	-2.4	0.025122
-20	-2.3	0.029004
-20	-2.2	0.031803
-20	-2.1	0.033516
-20	-2	0.035064
-20	-1.9	0.035528
-20	-1.8	0.036114
-20	-1.7	0.036494
-20	-1.6	0.037214
-20	-1.5	0.036728
-20	-1.4	0.036228
-20	-1.3	0.034472
-20	-1.2	0.033897
-20	-1.1	0.036077
-20	-1	0.042955
-20	-0.9	0.051301
-20	-0.8	0.057408
-20	-0.7	0.059585
-20	-0.6	0.060155
-20	-0.5	0.055992
-20	-0.4	0.048378
-20	-0.3	0.042839
-20	-0.2	0.031814
-20	-0.1	0.024847
-20	0	0.019986
-20	0.1	0.016193
-20	0.2	0.015791
-20	0.3	0.017216
-20	0.4	0.019611
-20	0.5	0.028009
-20	0.6	0.035271
-20	0.7	0.038458
-20	0.8	0.04486
-20	0.9	0.050463
-20	1	0.052794
-20	1.1	0.052782
-20	1.2	0.051361
-20	1.3	0.049848
-20	1.4	0.047615
-20	1.5	0.04411
-20	1.6	0.041305
-20	1.7	0.039612
-20	1.8	0.03565
-20	1.9	0.033863
-20	2	0.032881
-20	2.1	0.032228
-20	2.2	0.031616
-20	2.3	0.030634
-20	2.4	0.028771
-20	2.5	0.027113
-20	2.6	0.024985
-20	2.7	0.022833
-20	2.8	0.020578
-20	2.9	0.019857
-20	3	0.018795
-20	3.1	0.01779
-20	3.2	0.016681
-20	3.3	0.01549
-20	3.4	0.014539
-20	3.5	0.01331
-20	3.6	0.012888
-20	3.7	0.01183
-20	3.8	0.010977
-20	3.9	0.0092095
-20	4	0.0077035
-10	-4	0.0086147
-10	-3.9	0.0086128
-10	-3.8	0.0095557
-10	-3.7	0.010595
-10	-3.6	0.011007
-10	-3.5	0.011125
-10	-3.4	0.010721
-10	-3.3	0.01104
-10	-3.2	0.011878
-10	-3.1	0.012878
-10	-3	0.013903
-10	-2.9	0.014701
-10	-2.8	0.01538
-10	-2.7	0.016955
-10	-2.6	0.019211
-10	-2.5	0.023202
-10	-2.4	0.027297
-10	-2.3	0.030253
-10	-2.2	0.033764
-10	-2.1	0.036296
-10	-2	0.037385
-10	-1.9	0.038663
-10	-1.8	0.03969
-10	-1.7	0.041295
-10	-1.6	0.041985
-10	-1.5	0.04102
-10	-1.4	0.038451
-10	-1.3	0.035033
-10	-1.2	0.034605
-10	-1.1	0.036837
-10	-1	0.041558
-10	-0.9	0.049164
-10	-0.8	0.057465
-10	-0.7	0.060051
-10	-0.6	0.060613
-10	-0.5	0.057474
-10	-0.4	0.051599
-10	-0.3	0.043085
-10	-0.2	0.034506
-10	-0.1	0.022819
-10	0	0.015596
-10	0.1	0.013681
-10	0.2	0.013581
-10	0.3	0.014952
-10	0.4	0.019092
-10	0.5	0.025448
-10	0.6	0.032634
-10	0.7	0.039551
-10	0.8	0.045579
-10	0.9	0.049944
-10	1	0.052192
-10	1.1	0.052539
-10	1.2	0.051307
-10	1.3	0.049597
-10	1.4	0.045637
-10	1.5	0.044097
-10	1.6	0.040511
-10	1.7	0.039261
-10	1.8	0.037119
-10	1.9	0.035325
-10	2	0.034232
-10	2.1	0.033456
-10	2.2	0.031748
-10	2.3	0.029805
-10	2.4	0.028097
-10	2.5	0.026029
-10	2.6	0.024177
-10	2.7	0.022993
-10	2.8	0.021594
-10	2.9	0.021322
-10	3	0.02021
-10	3.1	0.019611
-10	3.2	0.017623
-10	3.3	0.016285
-10	3.4	0.014547
-10	3.5	0.012867
-10	3.6	0.012246
-10	3.7	0.011134
-10	3.8	0.01097
-10	3.9	0.010342
-10	4	0.0095827
0	-4	0.011561
0	-3.9	0.011562
0	-3.8	0.012059
0	-3.7	0.012961
0	-3.6	0.013419
0	-3.5	0.013595
0	-3.4	0.013244
0	-3.3	0.013539
0	-3.2	0.014148
0	-3.1	0.014825
0	-3	0.015078
0	-2.9	0.014991
0	-2.8	0.014528
0	-2.7	0.01518
0	-2.6	0.019318
0	-2.5	0.023125
0	-2.4	0.026525
0	-2.3	0.030023
0	-2.2	0.033051
0	-2.1	0.033718
0	-2	0.034661
0	-1.9	0.034955
0	-1.8	0.036557
0	-1.7	0.039012
0	-1.6	0.040139
0	-1.5	0.039972
0	-1.4	0.037599
0	-1.3	0.034012
0	-1.2	0.03218
0	-1.1	0.03329
0	-1	0.038939
0	-0.9	0.044138
0	-0.8	0.052055
0	-0.7	0.057087
0	-0.6	0.059434
0	-0.5	0.058064
0	-0.4	0.053215
0	-0.3	0.043222
0	-0.2	0.036968
0	-0.1	0.027557
0	0	0.017402
0	0.1	0.012981
0	0.2	0.012229
0	0.3	0.013544
0	0.4	0.016663
0	0.5	0.020174
0	0.6	0.026502
0	0.7	0.034805
0	0.8	0.03933
0	0.9	0.045891
0	1	0.04775
0	1.1	0.049765
0	1.2	0.049312
0	1.3	0.047269
0	1.4	0.045167
0	1.5	0.042653
0	1.6	0.039062
0	1.7	0.036808
0	1.8	0.032854
0	1.9	0.031074
0	2	0.028631
0	2.1	0.027223
0	2.2	0.026428
0	2.3	0.025828
0	2.4	0.025586
0	2.5	0.024708
0	2.6	0.023351
0	2.7	0.022266
0	2.8	0.020766
0	2.9	0.019068
0	3	0.018058
0	3.1	0.016219
0	3.2	0.015585
0	3.3	0.014642
0	3.4	0.01342
0	3.5	0.012243
0	3.6	0.011974
0	3.7	0.011559
0	3.8	0.011417
0	3.9	0.011103
0	4	0.010103
10	-4	0.010964
10	-3.9	0.012342
10	-3.8	0.014812
10	-3.7	0.015154
10	-3.6	0.0149
10	-3.5	0.013904
10	-3.4	0.01334
10	-3.3	0.014323
10	-3.2	0.015685
10	-3.1	0.017941
10	-3	0.019089
10	-2.9	0.018547
10	-2.8	0.016936
10	-2.7	0.016655
10	-2.6	0.019873
10	-2.5	0.02613
10	-2.4	0.030652
10	-2.3	0.0346
10	-2.2	0.036281
10	-2.1	0.036384
10	-2	0.036263
10	-1.9	0.037805
10	-1.8	0.040161
10	-1.7	0.043414
10	-1.6	0.044463
10	-1.5	0.04346
10	-1.4	0.038857
10	-1.3	0.034855
10	-1.2	0.031637
10	-1.1	0.033239
10	-1	0.037375
10	-0.9	0.046152
10	-0.8	0.052849
10	-0.7	0.057663
10	-0.6	0.059581
10	-0.5	0.056975
10	-0.4	0.048525
10	-0.3	0.042349
10	-0.2	0.030812
10	-0.1	0.02229
10	0	0.015847
10	0.1	0.013595
10	0.2	0.011777
10	0.3	0.012947
10	0.4	0.016565
10	0.5	0.022817
10	0.6	0.029142
10	0.7	0.036332
10	0.8	0.041239
10	0.9	0.044043
10	1	0.046525
10	1.1	0.046617
10	1.2	0.044858
10	1.3	0.04319
10	1.4	0.04208
10	1.5	0.040748
10	1.6	0.039537
10	1.7	0.039017
10	1.8	0.036975
10	1.9	0.034188
10	2	0.032579
10	2.1	0.03017
10	2.2	0.029672
10	2.3	0.028857
10	2.4	0.027849
10	2.5	0.026497
10	2.6	0.024843
10	2.7	0.02242
10	2.8	0.02088
10	2.9	0.018765
10	3	0.018135
10	3.1	0.017271
10	3.2	0.016078
10	3.3	0.015061
10	3.4	0.013366
10	3.5	0.012901
10	3.6	0.012753
10	3.7	0.013106
10	3.8	0.01385
10	3.9	0.012575
10	4	0.011658
20	-4	0.010134
20	-3.9	0.010146
20	-3.8	0.010132
20	-3.7	0.010199
20	-3.6	0.010511
20	-3.5	0.010443
20	-3.4	0.010561
20	-3.3	0.010386
20	-3.2	0.010641
20	-3.1	0.011832
20	-3	0.012275
20	-2.9	0.013028
20	-2.8	0.012887
20	-2.7	0.012973
20	-2.6	0.013745
20	-2.5	0.017062
20	-2.4	0.021108
20	-2.3	0.025212
20	-2.2	0.027907
20	-2.1	0.028948
20	-2	0.029586
20	-1.9	0.030678
20	-1.8	0.033435
20	-1.7	0.034952
20	-1.6	0.036433
20	-1.5	0.03597
20	-1.4	0.034113
20	-1.3	0.03028
20	-1.2	0.027314
20	-1.1	0.027422
20	-1	0.029991
20	-0.9	0.036971
20	-0.8	0.046348
20	-0.7	0.053076
20	-0.6	0.056566
20	-0.5	0.057302
20	-0.4	0.052255
20	-0.3	0.048635
20	-0.2	0.038309
20	-0.1	0.028114
20	0	0.019915
20	0.1	0.013582
20	0.2	0.0124
20	0.3	0.012639
20	0.4	0.014457
20	0.5	0.018857
20	0.6	0.022461
20	0.7	0.031758
20	0.8	0.036636
20	0.9	0.040672
20	1	0.044926
20	1.1	0.046293
20	1.2	0.04628
20	1.3	0.044928
20	1.4	0.041787
20	1.5	0.0395
20	1.6	0.036709
20	1.7	0.034565
20	1.8	0.032525
20	1.9	0.03135
20	2	0.03096
20	2.1	0.030973
20	2.2	0.03034
20	2.3	0.029451
20	2.4	0.027045
20	2.5	0.024152
20	2.6	0.02085
20	2.7	0.018812
20	2.8	0.016944
20	2.9	0.015419
20	3	0.015327
20	3.1	0.015451
20	3.2	0.014074
20	3.3	0.012883
20	3.4	0.011856
20	3.5	0.011039
20	3.6	0.011075
20	3.7	0.011026
20	3.8	0.011115
20	3.9	0.010317
20	4	0.0098127
30	-4	0.0088515
30	-3.9	0.01067
30	-3.8	0.014959
30	-3.7	0.016873
30	-3.6	0.01727
30	-3.5	0.015788
30	-3.4	0.013706
30	-3.3	0.011799
30	-3.2	0.012641
30	-3.1	0.014977
30	-3	0.018274
30	-2.9	0.019588
30	-2.8	0.018893
30	-2.7	0.017194
30	-2.6	0.016254
30	-2.5	0.018048
30	-2.4	0.023859
30	-2.3	0.02865
30	-2.2	0.031736
30	-2.1	0.033668
30	-2	0.03456
30	-1.9	0.03634
30	-1.8	0.037894
30	-1.7	0.041047
30	-1.6	0.041953
30	-1.5	0.041656
30	-1.4	0.039314
30	-1.3	0.034235
30	-1.2	0.030879
30	-1.1	0.030214
30	-1	0.035303
30	-0.9	0.04109
30	-0.8	0.046497
30	-0.7	0.051998
30	-0.6	0.05668
30	-0.5	0.056163
30	-0.4	0.05351
30	-0.3	0.046539
30	-0.2	0.034468
30	-0.1	0.026908
30	0	0.019113
30	0.1	0.014016
30	0.2	0.01234
30	0.3	0.011919
30	0.4	0.01278
30	0.5	0.018289
30	0.6	0.022915
30	0.7	0.026965
30	0.8	0.034124
30	0.9	0.038525
30	1	0.0423
30	1.1	0.04275
30	1.2	0.042072
30	1.3	0.041715
30	1.4	0.040751
30	1.5	0.04015
30	1.6	0.039401
30	1.7	0.039135
30	1.8	0.038544
30	1.9	0.03671
30	2	0.034183
30	2.1	0.033746
30	2.2	0.032982
30	2.3	0.031979
30	2.4	0.030837
30	2.5	0.027865
30	2.6	0.025628
30	2.7	0.023194
30	2.8	0.019462
30	2.9	0.018371
30	3	0.017293
30	3.1	0.017039
30	3.2	0.016504
30	3.3	0.014816
30	3.4	0.01251
30	3.5	0.011451
30	3.6	0.011534
30	3.7	0.0118
30	3.8	0.011316
30	3.9	0.010395
30	4	0.0098373
40	-4	0.01144
40	-3.9	0.011787
40	-3.8	0.011879
40	-3.7	0.011897
40	-3.6	0.011791
40	-3.5	0.011745
40	-3.4	0.012427
40	-3.3	0.011787
40	-3.2	0.010574
40	-3.1	0.0099094
40	-3	0.010254
40	-2.9	0.010897
40	-2.8	0.011624
40	-2.7	0.011165
40	-2.6	0.010793
40	-2.5	0.010156
40	-2.4	0.011986
40	-2.3	0.017112
40	-2.2	0.021299
40	-2.1	0.02561
40	-2	0.027614
40	-1.9	0.028572
40	-1.8	0.030004
40	-1.7	0.032174
40	-1.6	0.033361
40	-1.5	0.035259
40	-1.4	0.035097
40	-1.3	0.032932
40	-1.2	0.030372
40	-1.1	0.026858
40	-1	0.026517
40	-0.9	0.029229
40	-0.8	0.037289
40	-0.7	0.044478
40	-0.6	0.052822
40	-0.5	0.056805
40	-0.4	0.057384
40	-0.3	0.054475
40	-0.2	0.046632
40	-0.1	0.040049
40	0	0.026261
40	0.1	0.021609
40	0.2	0.014527
40	0.3	0.012422
40	0.4	0.012953
40	0.5	0.015816
40	0.6	0.020682
40	0.7	0.024648
40	0.8	0.030479
40	0.9	0.034559
40	1	0.042263
40	1.1	0.044413
40	1.2	0.045977
40	1.3	0.046303
40	1.4	0.0455
40	1.5	0.0429
40	1.6	0.04003
40	1.7	0.037822
40	1.8	0.0353
40	1.9	0.033791
40	2	0.03251
40	2.1	0.031662
40	2.2	0.030662
40	2.3	0.029961
40	2.4	0.026781
40	2.5	0.024395
40	2.6	0.021171
40	2.7	0.019018
40	2.8	0.017217
40	2.9	0.015522
40	3	0.013861
40	3.1	0.013361
40	3.2	0.012458
40	3.3	0.011961
40	3.4	0.011413
40	3.5	0.011788
40	3.6	0.012059
40	3.7	0.01161
40	3.8	0.010232
40	3.9	0.0094588
40	4	0.0082073
50	-4	0.0083769
50	-3.9	0.009705
50	-3.8	0.012936
50	-3.7	0.015685
50	-3.6	0.01712
50	-3.5	0.017006
50	-3.4	0.015216
50	-3.3	0.013421
50	-3.2	0.013178
50	-3.1	0.013714
50	-3	0.015861
50	-2.9	0.017852
50	-2.8	0.018118
50	-2.7	0.017428
50	-2.6	0.015648
50	-2.5	0.015222
50	-2.4	0.019246
50	-2.3	0.023729
50	-2.2	0.030506
50	-2.1	0.033517
50	-2	0.034698
50	-1.9	0.034359
50	-1.8	0.034601
50	-1.7	0.037099
50	-1.6	0.038404
50	-1.5	0.042255
50	-1.4	0.041846
50	-1.3	0.03972
50	-1.2	0.033309
50	-1.1	0.02836
50	-1	0.02887
50	-0.9	0.035328
50	-0.8	0.042386
50	-0.7	0.051638
50	-0.6	0.057364
50	-0.5	0.058847
50	-0.4	0.055972
50	-0.3	0.049089
50	-0.2	0.041749
50	-0.1	0.029992
50	0	0.020528
50	0.1	0.015857
50	0.2	0.013248
50	0.3	0.012426
50	0.4	0.012551
50	0.5	0.015283
50	0.6	0.021048
50	0.7	0.029957
50	0.8	0.036051
50	0.9	0.043263
50	1	0.045968
50	1.1	0.046986
50	1.2	0.044872
50	1.3	0.042128
50	1.4	0.039727
50	1.5	0.038136
50	1.6	0.037442
50	1.7	0.037578
50	1.8	0.037276
50	1.9	0.0365
50	2	0.034438
50	2.1	0.03096
50	2.2	0.028558
50	2.3	0.027247
50	2.4	0.025168
50	2.5	0.023614
50	2.6	0.02179
50	2.7	0.02061
50	2.8	0.017342
50	2.9	0.014419
50	3	0.012486
50	3.1	0.011959
50	3.2	0.011989
50	3.3	0.011966
50	3.4	0.011719
50	3.5	0.010863
50	3.6	0.010951
50	3.7	0.010683
50	3.8	0.01063
50	3.9	0.010445
50	4	0.010766
60	-4	0.0069351
60	-3.9	0.0067173
60	-3.8	0.0081896
60	-3.7	0.0087763
60	-3.6	0.010086
60	-3.5	0.010312
60	-3.4	0.010016
60	-3.3	0.0097
60	-3.2	0.0088934
60	-3.1	0.0076234
60	-3	0.0071779
60	-2.9	0.007254
60	-2.8	0.0082974
60	-2.7	0.0090215
60	-2.6	0.0095607
60	-2.5	0.010392
60	-2.4	0.012776
60	-2.3	0.016858
60	-2.2	0.019698
60	-2.1	0.024185
60	-2	0.025673
60	-1.9	0.027428
60	-1.8	0.029939
60	-1.7	0.030947
60	-1.6	0.03214
60	-1.5	0.032183
60	-1.4	0.031164
60	-1.3	0.028973
60	-1.2	0.026104
60	-1.1	0.023953
60	-1	0.023992
60	-0.9	0.028008
60	-0.8	0.036691
60	-0.7	0.04295
60	-0.6	0.048981
60	-0.5	0.053149
60	-0.4	0.053409
60	-0.3	0.051015
60	-0.2	0.046065
60	-0.1	0.041539
60	0	0.033839
60	0.1	0.027454
60	0.2	0.021741
60	0.3	0.018024
60	0.4	0.015241
60	0.5	0.017243
60	0.6	0.020322
60	0.7	0.025598
60	0.8	0.03201
60	0.9	0.038168
60	1	0.0421
60	1.1	0.043857
60	1.2	0.044426
60	1.3	0.044719
60	1.4	0.044472
60	1.5	0.043808
60	1.6	0.042812
60	1.7	0.04088
60	1.8	0.03925
60	1.9	0.037687
60	2	0.03563
60	2.1	0.034637
60	2.2	0.033187
60	2.3	0.031918
60	2.4	0.03028
60	2.5	0.025954
60	2.6	0.023498
60	2.7	0.019092
60	2.8	0.015445
60	2.9	0.014267
60	3	0.013305
60	3.1	0.012958
60	3.2	0.011693
60	3.3	0.010219
60	3.4	0.0088241
60	3.5	0.0080583
60	3.6	0.0087098
60	3.7	0.010045
60	3.8	0.010896
60	3.9	0.011174
60	4	0.010783
70	-4	0.0097233
70	-3.9	0.0087098
70	-3.8	0.010869
70	-3.7	0.012974
70	-3.6	0.015498
70	-3.5	0.015767
70	-3.4	0.015001
70	-3.3	0.012805
70	-3.2	0.011067
70	-3.1	0.010146
70	-3	0.011509
70	-2.9	0.012677
70	-2.8	0.012974
70	-2.7	0.011911
70	-2.6	0.0091053
70	-2.5	0.0090323
70	-2.4	0.01263
70	-2.3	0.019068
70	-2.2	0.02242
70	-2.1	0.025762
70	-2	0.026935
70	-1.9	0.027811
70	-1.8	0.02897
70	-1.7	0.031419
70	-1.6	0.035206
70	-1.5	0.036792
70	-1.4	0.037181
70	-1.3	0.034086
70	-1.2	0.028977
70	-1.1	0.024783
70	-1	0.02488
70	-0.9	0.030944
70	-0.8	0.0391
70	-0.7	0.050222
70	-0.6	0.054534
70	-0.5	0.05901
70	-0.4	0.056472
70	-0.3	0.05066
70	-0.2	0.043018
70	-0.1	0.037155
70	0	0.027858
70	0.1	0.022881
70	0.2	0.018471
70	0.3	0.016752
70	0.4	0.016699
70	0.5	0.019044
70	0.6	0.02444
70	0.7	0.030087
70	0.8	0.038393
70	0.9	0.042727
70	1	0.045593
70	1.1	0.046139
70	1.2	0.042944
70	1.3	0.040463
70	1.4	0.038421
70	1.5	0.035034
70	1.6	0.03423
70	1.7	0.034643
70	1.8	0.035383
70	1.9	0.036013
70	2	0.035782
70	2.1	0.034955
70	2.2	0.033348
70	2.3	0.030977
70	2.4	0.028291
70	2.5	0.026388
70	2.6	0.02286
70	2.7	0.020082
70	2.8	0.017326
70	2.9	0.014068
70	3	0.013133
70	3.1	0.011849
70	3.2	0.011955
70	3.3	0.011342
70	3.4	0.011105
70	3.5	0.010415
70	3.6	0.010557
70	3.7	0.012325
70	3.8	0.012412
70	3.9	0.013296
70	4	0.013356
80	-4	0.0077286
80	-3.9	0.0076804
80	-3.8	0.0082014
80	-3.7	0.0089478
80	-3.6	0.0093332
80	-3.5	0.0090376
80	-3.4	0.0082642
80	-3.3	0.0069584
80	-3.2	0.0067101
80	-3.1	0.0070415
80	-3	0.0075808
80	-2.9	0.0075574
80	-2.8	0.0072563
80	-2.7	0.0061522
80	-2.6	0.0061522
80	-2.5	0.0086409
80	-2.4	0.013336
80	-2.3	0.017638
80	-2.2	0.02086
80	-2.1	0.022754
80	-2	0.023568
80	-1.9	0.024355
80	-1.8	0.027365
80	-1.7	0.0296
80	-1.6	0.03263
80	-1.5	0.033884
80	-1.4	0.033217
80	-1.3	0.028957
80	-1.2	0.024226
80	-1.1	0.020562
80	-1	0.021627
80	-0.9	0.028603
80	-0.8	0.035491
80	-0.7	0.044974
80	-0.6	0.048751
80	-0.5	0.053363
80	-0.4	0.053122
80	-0.3	0.050298
80	-0.2	0.042906
80	-0.1	0.03863
80	0	0.032137
80	0.1	0.027219
80	0.2	0.023877
80	0.3	0.020969
80	0.4	0.020092
80	0.5	0.022051
80	0.6	0.02592
80	0.7	0.028627
80	0.8	0.033984
80	0.9	0.036669
80	1	0.03935
80	1.1	0.040477
80	1.2	0.039406
80	1.3	0.038793
80	1.4	0.037694
80	1.5	0.037711
80	1.6	0.037564
80	1.7	0.037238
80	1.8	0.036943
80	1.9	0.036266
80	2	0.035461
80	2.1	0.03392
80	2.2	0.032711
80	2.3	0.030637
80	2.4	0.028781
80	2.5	0.02653
80	2.6	0.022761
80	2.7	0.020348
80	2.8	0.017522
80	2.9	0.015385
80	3	0.013467
80	3.1	0.012536
80	3.2	0.010695
80	3.3	0.01017
80	3.4	0.0091954
80	3.5	0.0091337
80	3.6	0.0097416
80	3.7	0.011396
80	3.8	0.012539
80	3.9	0.012462
80	4	0.01308
90	-4	0.0090394
90	-3.9	0.0087228
90	-3.8	0.0098767
90	-3.7	0.010983
90	-3.6	0.012321
90	-3.5	0.012724
90	-3.4	0.012265
90	-3.3	0.010373
90	-3.2	0.0085355
90	-3.1	0.0073558
90	-3	0.0083382
90	-2.9	0.01044
90	-2.8	0.011475
90	-2.7	0.011161
90	-2.6	0.01005
90	-2.5	0.010057
90	-2.4	0.013298
90	-2.3	0.017109
90	-2.2	0.023281
90	-2.1	0.027168
90	-2	0.029999
90	-1.9	0.031276
90	-1.8	0.032914
90	-1.7	0.034409
90	-1.6	0.036221
90	-1.5	0.036691
90	-1.4	0.03585
90	-1.3	0.031942
90	-1.2	0.028103
90	-1.1	0.024106
90	-1	0.024447
90	-0.9	0.028614
90	-0.8	0.037695
90	-0.7	0.043508
90	-0.6	0.051428
90	-0.5	0.054028
90	-0.4	0.053178
90	-0.3	0.049779
90	-0.2	0.043298
90	-0.1	0.038044
90	0	0.032061
90	0.1	0.028373
90	0.2	0.024104
90	0.3	0.022431
90	0.4	0.020767
90	0.5	0.020479
90	0.6	0.023663
90	0.7	0.027931
90	0.8	0.031663
90	0.9	0.0364
90	1	0.040226
90	1.1	0.040689
90	1.2	0.039517
90	1.3	0.038536
90	1.4	0.0372
90	1.5	0.036948
90	1.6	0.036625
90	1.7	0.036601
90	1.8	0.036513
90	1.9	0.036334
90	2	0.035573
90	2.1	0.034398
90	2.2	0.03334
90	2.3	0.031628
90	2.4	0.029282
90	2.5	0.026801
90	2.6	0.022806
90	2.7	0.019666
90	2.8	0.014929
90	2.9	0.012048
90	3	0.0092916
90	3.1	0.0081757
90	3.2	0.0086875
90	3.3	0.010106
90	3.4	0.010805
90	3.5	0.011196
90	3.6	0.01037
90	3.7	0.010494
90	3.8	0.0099517
90	3.9	0.010097
90	4	0.010172
100	-4	0.0088825
100	-3.9	0.0084652
100	-3.8	0.0093505
100	-3.7	0.01098
100	-3.6	0.011874
100	-3.5	0.012064
100	-3.4	0.010918
100	-3.3	0.009169
100	-3.2	0.0075016
100	-3.1	0.0077328
100	-3	0.0092322
100	-2.9	0.011253
100	-2.8	0.011443
100	-2.7	0.010049
100	-2.6	0.0092532
100	-2.5	0.011508
100	-2.4	0.015794
100	-2.3	0.021504
100	-2.2	0.024942
100	-2.1	0.026701
100	-2	0.028177
100	-1.9	0.029957
100	-1.8	0.031547
100	-1.7	0.033995
100	-1.6	0.036057
100	-1.5	0.03593
100	-1.4	0.03465
100	-1.3	0.029549
100	-1.2	0.024392
100	-1.1	0.019717
100	-1	0.021943
100	-0.9	0.026653
100	-0.8	0.035887
100	-0.7	0.042607
100	-0.6	0.049564
100	-0.5	0.051288
100	-0.4	0.050245
100	-0.3	0.043645
100	-0.2	0.039381
100	-0.1	0.033647
100	0	0.030032
100	0.1	0.027158
100	0.2	0.025683
100	0.3	0.024902
100	0.4	0.024592
100	0.5	0.025861
100	0.6	0.027146
100	0.7	0.031789
100	0.8	0.03532
100	0.9	0.038399
100	1	0.039414
100	1.1	0.039098
100	1.2	0.03644
100	1.3	0.034108
100	1.4	0.032852
100	1.5	0.032426
100	1.6	0.033373
100	1.7	0.034794
100	1.8	0.036144
100	1.9	0.036575
100	2	0.035802
100	2.1	0.033984
100	2.2	0.032503
100	2.3	0.029409
100	2.4	0.027735
100	2.5	0.02438
100	2.6	0.020631
100	2.7	0.016567
100	2.8	0.013412
100	2.9	0.01247
100	3	0.011115
100	3.1	0.0098898
100	3.2	0.0089622
100	3.3	0.0083052
100	3.4	0.0078118
100	3.5	0.0082171
100	3.6	0.0093401
100	3.7	0.010183
100	3.8	0.010948
100	3.9	0.011321
100	4	0.010739
110	-4	0.0085089
110	-3.9	0.0078056
110	-3.8	0.0090287
110	-3.7	0.011118
110	-3.6	0.012286
110	-3.5	0.013018
110	-3.4	0.012506
110	-3.3	0.010706
110	-3.2	0.0093626
110	-3.1	0.0088003
110	-3	0.0091919
110	-2.9	0.0095607
110	-2.8	0.0094776
110	-2.7	0.0087856
110	-2.6	0.0084441
110	-2.5	0.010654
110	-2.4	0.015091
110	-2.3	0.019565
110	-2.2	0.023348
110	-2.1	0.025083
110	-2	0.027047
110	-1.9	0.028454
110	-1.8	0.030217
110	-1.7	0.032781
110	-1.6	0.034495
110	-1.5	0.035188
110	-1.4	0.033323
110	-1.3	0.029167
110	-1.2	0.022934
110	-1.1	0.018074
110	-1	0.01982
110	-0.9	0.027623
110	-0.8	0.037422
110	-0.7	0.044148
110	-0.6	0.051072
110	-0.5	0.052569
110	-0.4	0.050587
110	-0.3	0.045985
110	-0.2	0.040204
110	-0.1	0.03523
110	0	0.029367
110	0.1	0.027567
110	0.2	0.025682
110	0.3	0.023974
110	0.4	0.023059
110	0.5	0.023821
110	0.6	0.027627
110	0.7	0.032533
110	0.8	0.036936
110	0.9	0.039859
110	1	0.040692
110	1.1	0.040143
110	1.2	0.036522
110	1.3	0.032255
110	1.4	0.030429
110	1.5	0.029447
110	1.6	0.030186
110	1.7	0.032763
110	1.8	0.034345
110	1.9	0.034689
110	2	0.034006
110	2.1	0.033042
110	2.2	0.029705
110	2.3	0.025921
110	2.4	0.023787
110	2.5	0.022158
110	2.6	0.019551
110	2.7	0.017017
110	2.8	0.014244
110	2.9	0.012409
110	3	0.00988
110	3.1	0.0074301
110	3.2	0.006517
110	3.3	0.0061311
110	3.4	0.0064171
110	3.5	0.0073909
110	3.6	0.0083692
110	3.7	0.0095031
110	3.8	0.010323
110	3.9	0.010188
110	4	0.0098669
120	-4	0.0093072
120	-3.9	0.010499
120	-3.8	0.011589
120	-3.7	0.011266
120	-3.6	0.010074
120	-3.5	0.0081341
120	-3.4	0.0073294
120	-3.3	0.0073558
120	-3.2	0.0085336
120	-3.1	0.0098669
120	-3	0.010033
120	-2.9	0.0088278
120	-2.8	0.0075702
120	-2.7	0.0070277
120	-2.6	0.00988
120	-2.5	0.014975
120	-2.4	0.019865
120	-2.3	0.02197
120	-2.2	0.022102
120	-2.1	0.020455
120	-2	0.020168
120	-1.9	0.023167
120	-1.8	0.027649
120	-1.7	0.031501
120	-1.6	0.034024
120	-1.5	0.032753
120	-1.4	0.029113
120	-1.3	0.023036
120	-1.2	0.014145
120	-1.1	0.012863
120	-1	0.019403
120	-0.9	0.025508
120	-0.8	0.036963
120	-0.7	0.043069
120	-0.6	0.046482
120	-0.5	0.046272
120	-0.4	0.043981
120	-0.3	0.038711
120	-0.2	0.033727
120	-0.1	0.029599
120	0	0.027452
120	0.1	0.027233
120	0.2	0.027237
120	0.3	0.027502
120	0.4	0.028117
120	0.5	0.029353
120	0.6	0.0313
120	0.7	0.034773
120	0.8	0.03668
120	0.9	0.038285
120	1	0.038045
120	1.1	0.035867
120	1.2	0.032602
120	1.3	0.028555
120	1.4	0.026032
120	1.5	0.026343
120	1.6	0.027968
120	1.7	0.030833
120	1.8	0.032979
120	1.9	0.033686
120	2	0.033192
120	2.1	0.03236
120	2.2	0.031032
120	2.3	0.02982
120	2.4	0.027536
120	2.5	0.024257
120	2.6	0.021328
120	2.7	0.01709
120	2.8	0.01348
120	2.9	0.012016
120	3	0.01037
120	3.1	0.0090591
120	3.2	0.0084365
120	3.3	0.0078552
120	3.4	0.0074388
120	3.5	0.008654
120	3.6	0.010103
120	3.7	0.011939
120	3.8	0.013818
120	3.9	0.013438
120	4	0.012223
130	-4	0.0064747
130	-3.9	0.007467
130	-3.8	0.0098587
130	-3.7	0.010712
130	-3.6	0.010847
130	-3.5	0.0096516
130	-3.4	0.0080281
130	-3.3	0.0070047
130	-3.2	0.0066835
130	-3.1	0.0081698
130	-3	0.0092445
130	-2.9	0.0087191
130	-2.8	0.0076593
130	-2.7	0.0067485
130	-2.6	0.0074778
130	-2.5	0.010713
130	-2.4	0.01479
130	-2.3	0.019483
130	-2.2	0.022031
130	-2.1	0.022236
130	-2	0.021879
130	-1.9	0.023123
130	-1.8	0.026255
130	-1.7	0.029714
130	-1.6	0.032353
130	-1.5	0.03287
130	-1.4	0.030176
130	-1.3	0.023685
130	-1.2	0.017285
130	-1.1	0.013701
130	-1	0.015879
130	-0.9	0.027998
130	-0.8	0.033048
130	-0.7	0.044013
130	-0.6	0.049244
130	-0.5	0.050832
130	-0.4	0.049588
130	-0.3	0.045949
130	-0.2	0.040763
130	-0.1	0.035062
130	0	0.030556
130	0.1	0.027588
130	0.2	0.024611
130	0.3	0.023362
130	0.4	0.022678
130	0.5	0.023638
130	0.6	0.028443
130	0.7	0.031494
130	0.8	0.035145
130	0.9	0.036702
130	1	0.036826
130	1.1	0.036146
130	1.2	0.031283
130	1.3	0.029148
130	1.4	0.027634
130	1.5	0.027164
130	1.6	0.028577
130	1.7	0.030571
130	1.8	0.031692
130	1.9	0.033199
130	2	0.033289
130	2.1	0.032356
130	2.2	0.03138
130	2.3	0.028504
130	2.4	0.025323
130	2.5	0.023134
130	2.6	0.019579
130	2.7	0.016496
130	2.8	0.013418
130	2.9	0.010208
130	3	0.00973
130	3.1	0.0082289
130	3.2	0.008016
130	3.3	0.0082034
130	3.4	0.0082564
130	3.5	0.0081777
130	3.6	0.0086278
130	3.7	0.0091284
130	3.8	0.0095167
130	3.9	0.0099711
130	4	0.010395
140	-4	0.0071032
140	-3.9	0.0081262
140	-3.8	0.0086633
140	-3.7	0.010012
140	-3.6	0.009715
140	-3.5	0.0091372
140	-3.4	0.0092759
140	-3.3	0.0079675
140	-3.2	0.0075188
140	-3.1	0.0075766
140	-3	0.0080803
140	-2.9	0.0080903
140	-2.8	0.0078839
140	-2.7	0.0076614
140	-2.6	0.0086558
140	-2.5	0.011512
140	-2.4	0.015152
140	-2.3	0.018425
140	-2.2	0.020653
140	-2.1	0.021762
140	-2	0.022981
140	-1.9	0.025956
140	-1.8	0.029394
140	-1.7	0.031586
140	-1.6	0.032903
140	-1.5	0.032411
140	-1.4	0.029922
140	-1.3	0.023768
140	-1.2	0.018497
140	-1.1	0.015815
140	-1	0.017393
140	-0.9	0.027572
140	-0.8	0.03803
140	-0.7	0.044817
140	-0.6	0.047994
140	-0.5	0.049386
140	-0.4	0.047355
140	-0.3	0.044618
140	-0.2	0.039287
140	-0.1	0.0342
140	0	0.029915
140	0.1	0.027685
140	0.2	0.026393
140	0.3	0.024892
140	0.4	0.024263
140	0.5	0.024709
140	0.6	0.027285
140	0.7	0.03032
140	0.8	0.034033
140	0.9	0.036186
140	1	0.036341
140	1.1	0.035568
140	1.2	0.03282
140	1.3	0.029277
140	1.4	0.028199
140	1.5	0.027753
140	1.6	0.029588
140	1.7	0.031308
140	1.8	0.032799
140	1.9	0.033456
140	2	0.033155
140	2.1	0.031591
140	2.2	0.029609
140	2.3	0.02686
140	2.4	0.023524
140	2.5	0.022097
140	2.6	0.019337
140	2.7	0.016369
140	2.8	0.013801
140	2.9	0.012167
140	3	0.010427
140	3.1	0.0088807
140	3.2	0.0071914
140	3.3	0.0070575
140	3.4	0.0072718
140	3.5	0.0079146
140	3.6	0.010044
140	3.7	0.011758
140	3.8	0.012155
140	3.9	0.01249
140	4	0.012221
150	-4	0.0063002
150	-3.9	0.0077724
150	-3.8	0.011711
150	-3.7	0.013759
150	-3.6	0.014423
150	-3.5	0.013361
150	-3.4	0.01046
150	-3.3	0.0077328
150	-3.2	0.0063334
150	-3.1	0.0081836
150	-3	0.011263
150	-2.9	0.012379
150	-2.8	0.01165
150	-2.7	0.008152
150	-2.6	0.0081579
150	-2.5	0.011791
150	-2.4	0.015547
150	-2.3	0.022606
150	-2.2	0.0248
150	-2.1	0.026147
150	-2	0.025399
150	-1.9	0.02596
150	-1.8	0.029291
150	-1.7	0.032402
150	-1.6	0.035408
150	-1.5	0.035414
150	-1.4	0.0321
150	-1.3	0.024581
150	-1.2	0.019506
150	-1.1	0.014311
150	-1	0.017709
150	-0.9	0.028136
150	-0.8	0.037372
150	-0.7	0.044323
150	-0.6	0.052103
150	-0.5	0.053255
150	-0.4	0.052088
150	-0.3	0.049245
150	-0.2	0.042043
150	-0.1	0.035972
150	0	0.032796
150	0.1	0.027512
150	0.2	0.024964
150	0.3	0.022794
150	0.4	0.022415
150	0.5	0.023474
150	0.6	0.027698
150	0.7	0.030624
150	0.8	0.033401
150	0.9	0.035535
150	1	0.035769
150	1.1	0.034387
150	1.2	0.032536
150	1.3	0.032119
150	1.4	0.031786
150	1.5	0.033034
150	1.6	0.034357
150	1.7	0.034899
150	1.8	0.035741
150	1.9	0.034925
150	2	0.033398
150	2.1	0.031459
150	2.2	0.028828
150	2.3	0.027278
150	2.4	0.025143
150	2.5	0.023701
150	2.6	0.021141
150	2.7	0.018883
150	2.8	0.016447
150	2.9	0.012779
150	3	0.010848
150	3.1	0.0087228
150	3.2	0.0088479
150	3.3	0.0097648
150	3.4	0.010224
150	3.5	0.010429
150	3.6	0.010992
150	3.7	0.010798
150	3.8	0.010813
150	3.9	0.010068
150	4	0.0099403
160	-4	0.0079574
160	-3.9	0.008148
160	-3.8	0.010036
160	-3.7	0.010775
160	-3.6	0.011433
160	-3.5	0.010674
160	-3.4	0.0099436
160	-3.3	0.0086315
160	-3.2	0.0083266
160	-3.1	0.0099305
160	-3	0.010998
160	-2.9	0.012099
160	-2.8	0.011729
160	-2.7	0.010558
160	-2.6	0.012202
160	-2.5	0.014705
160	-2.4	0.021196
160	-2.3	0.022752
160	-2.2	0.026911
160	-2.1	0.028603
160	-2	0.030023
160	-1.9	0.030933
160	-1.8	0.034031
160	-1.7	0.035249
160	-1.6	0.037326
160	-1.5	0.035995
160	-1.4	0.035135
160	-1.3	0.029134
160	-1.2	0.023736
160	-1.1	0.021621
160	-1	0.023711
160	-0.9	0.034626
160	-0.8	0.042052
160	-0.7	0.051543
160	-0.6	0.056683
160	-0.5	0.056924
160	-0.4	0.052681
160	-0.3	0.049455
160	-0.2	0.039969
160	-0.1	0.032676
160	0	0.029563
160	0.1	0.026497
160	0.2	0.024138
160	0.3	0.022847
160	0.4	0.022576
160	0.5	0.025034
160	0.6	0.02848
160	0.7	0.033408
160	0.8	0.039385
160	0.9	0.042168
160	1	0.042127
160	1.1	0.040002
160	1.2	0.036412
160	1.3	0.03441
160	1.4	0.031302
160	1.5	0.03075
160	1.6	0.032012
160	1.7	0.033697
160	1.8	0.034944
160	1.9	0.035637
160	2	0.035515
160	2.1	0.034594
160	2.2	0.032399
160	2.3	0.029524
160	2.4	0.026478
160	2.5	0.022606
160	2.6	0.01919
160	2.7	0.016316
160	2.8	0.012542
160	2.9	0.0101
160	3	0.0096984
160	3.1	0.0095861
160	3.2	0.0090626
160	3.3	0.0083168
160	3.4	0.0085582
160	3.5	0.0081975
160	3.6	0.0086838
160	3.7	0.0088424
160	3.8	0.0088387
160	3.9	0.0095844
160	4	0.010359
170	-4	0.0078962
170	-3.9	0.0094039
170	-3.8	0.01054
170	-3.7	0.011622
170	-3.6	0.010584
170	-3.5	0.0097117
170	-3.4	0.0084096
170	-3.3	0.0077787
170	-3.2	0.0090108
170	-3.1	0.010538
170	-3	0.012033
170	-2.9	0.011973
170	-2.8	0.010952
170	-2.7	0.010671
170	-2.6	0.013495
170	-2.5	0.01956
170	-2.4	0.02272
170	-2.3	0.026297
170	-2.2	0.027725
170	-2.1	0.028318
170	-2	0.028999
170	-1.9	0.030372
170	-1.8	0.033704
170	-1.7	0.036227
170	-1.6	0.037343
170	-1.5	0.035404
170	-1.4	0.031248
170	-1.3	0.027476
170	-1.2	0.020906
170	-1.1	0.018368
170	-1	0.025033
170	-0.9	0.031172
170	-0.8	0.043055
170	-0.7	0.051513
170	-0.6	0.056074
170	-0.5	0.056693
170	-0.4	0.054986
170	-0.3	0.051555
170	-0.2	0.047501
170	-0.1	0.039628
170	0	0.034468
170	0.1	0.030407
170	0.2	0.025546
170	0.3	0.024066
170	0.4	0.023384
170	0.5	0.024788
170	0.6	0.029061
170	0.7	0.033487
170	0.8	0.037167
170	0.9	0.038638
170	1	0.039181
170	1.1	0.038827
170	1.2	0.037648
170	1.3	0.036477
170	1.4	0.035506
170	1.5	0.034603
170	1.6	0.035391
170	1.7	0.035611
170	1.8	0.035635
170	1.9	0.035363
170	2	0.035428
170	2.1	0.035069
170	2.2	0.033116
170	2.3	0.030255
170	2.4	0.027653
170	2.5	0.024377
170	2.6	0.022117
170	2.7	0.019934
170	2.8	0.016193
170	2.9	0.01406
170	3	0.012477
170	3.1	0.010235
170	3.2	0.009043
170	3.3	0.0093089
170	3.4	0.0092619
170	3.5	0.011306
170	3.6	0.011689
170	3.7	0.011001
170	3.8	0.010682
170	3.9	0.010298
170	4	0.010538
180	-4	0.007336
180	-3.9	0.0077182
180	-3.8	0.0087172
180	-3.7	0.0091425
180	-3.6	0.0095455
180	-3.5	0.0090591
180	-3.4	0.0081083
180	-3.3	0.0079533
180	-3.2	0.0083807
180	-3.1	0.0088039
180	-3	0.010437
180	-2.9	0.01169
180	-2.8	0.012856
180	-2.7	0.013936
180	-2.6	0.016345
180	-2.5	0.019615
180	-2.4	0.022678
180	-2.3	0.026282
180	-2.2	0.027667
180	-2.1	0.030483
180	-2	0.032503
180	-1.9	0.034722
180	-1.8	0.036239
180	-1.7	0.037198
180	-1.6	0.037302
180	-1.5	0.035656
180	-1.4	0.032939
180	-1.3	0.028517
180	-1.2	0.026128
180	-1.1	0.026553
180	-1	0.030547
180	-0.9	0.037896
180	-0.8	0.048702
180	-0.7	0.052027
180	-0.6	0.058523
180	-0.5	0.059008
180	-0.4	0.055875
180	-0.3	0.051593
180	-0.2	0.044722
180	-0.1	0.03915
180	0	0.031468
180	0.1	0.026856
180	0.2	0.023622
180	0.3	0.02099
180	0.4	0.021174
180	0.5	0.023927
180	0.6	0.028457
180	0.7	0.036276
180	0.8	0.041914
180	0.9	0.04357
180	1	0.043611
180	1.1	0.041701
180	1.2	0.03897
180	1.3	0.03701
180	1.4	0.034865
180	1.5	0.035878
180	1.6	0.036952
180	1.7	0.039045
180	1.8	0.038867
180	1.9	0.038015
180	2	0.036125
180	2.1	0.03471
180	2.2	0.029771
180	2.3	0.027608
180	2.4	0.024954
180	2.5	0.023151
180	2.6	0.020922
180	2.7	0.017923
180	2.8	0.014726
180	2.9	0.012378
180	3	0.010662
180	3.1	0.0089043
180	3.2	0.0080241
180	3.3	0.0080201
180	3.4	0.0081915
180	3.5	0.0089658
180	3.6	0.0096281
180	3.7	0.009893
180	3.8	0.010857
180	3.9	0.011719
180	4	0.012332
 
Uniformity Ratio =0.60779
