08-Jan-2018
13:3
TXR  008033 RM428 R24
33511B Function Generator
SN =Agilent Technologies,33511B,MY52301476,3.05-1.19-2.00-52-00
freq =+9.280000000000000E+06
burstmode =TRIG
burstN =+6.000000000000000E+01
voltage =+1.5000000000000E-01
 
DSO-X 2022A Oscilloscope
SN =AGILENT TECHNOLOGIES,DSO-X 2022A,MY54310921,02.41.2015102200
probe =+1.0000000E+00
scale =+500.0E-09
position =+19.900000E-06
range =+1.60E+00
units =VOLT
points =+2000
pointmode =NORM
format =BYTE
acqtype =NORM
trigsource =EXT
coupling =AC
 
-180	-4	0.010184
-180	-3.9	0.010479
-180	-3.8	0.010597
-180	-3.7	0.0099436
-180	-3.6	0.0090251
-180	-3.5	0.0085431
-180	-3.4	0.0091
-180	-3.3	0.0090858
-180	-3.2	0.0090626
-180	-3.1	0.0088752
-180	-3	0.0083363
-180	-2.9	0.0063741
-180	-2.8	0.0061522
-180	-2.7	0.0085714
-180	-2.6	0.0098718
-180	-2.5	0.012894
-180	-2.4	0.014238
-180	-2.3	0.017082
-180	-2.2	0.018747
-180	-2.1	0.021378
-180	-2	0.024744
-180	-1.9	0.028253
-180	-1.8	0.02943
-180	-1.7	0.030393
-180	-1.6	0.029445
-180	-1.5	0.02685
-180	-1.4	0.018919
-180	-1.3	0.015734
-180	-1.2	0.013971
-180	-1.1	0.019985
-180	-1	0.024778
-180	-0.9	0.032898
-180	-0.8	0.038106
-180	-0.7	0.039953
-180	-0.6	0.038591
-180	-0.5	0.035391
-180	-0.4	0.026111
-180	-0.3	0.021855
-180	-0.2	0.014531
-180	-0.1	0.0095962
-180	0	0.0085013
-180	0.1	0.0080683
-180	0.2	0.0070804
-180	0.3	0.0077558
-180	0.4	0.0099841
-180	0.5	0.014069
-180	0.6	0.0216
-180	0.7	0.025717
-180	0.8	0.032341
-180	0.9	0.035694
-180	1	0.03804
-180	1.1	0.038655
-180	1.2	0.037012
-180	1.3	0.033204
-180	1.4	0.029661
-180	1.5	0.026581
-180	1.6	0.024782
-180	1.7	0.024265
-180	1.8	0.025311
-180	1.9	0.02599
-180	2	0.025987
-180	2.1	0.025346
-180	2.2	0.023755
-180	2.3	0.021618
-180	2.4	0.020699
-180	2.5	0.017362
-180	2.6	0.016049
-180	2.7	0.015101
-180	2.8	0.013472
-180	2.9	0.012043
-180	3	0.0095303
-180	3.1	0.0086409
-180	3.2	0.0078139
-180	3.3	0.0077787
-180	3.4	0.0079959
-180	3.5	0.0082152
-180	3.6	0.0082446
-180	3.7	0.008732
-180	3.8	0.0089694
-180	3.9	0.0087191
-180	4	0.0078982
-170	-4	0.01108
-170	-3.9	0.011926
-170	-3.8	0.012655
-170	-3.7	0.011819
-170	-3.6	0.011419
-170	-3.5	0.0099028
-170	-3.4	0.0095455
-170	-3.3	0.0095574
-170	-3.2	0.0094571
-170	-3.1	0.0086875
-170	-3	0.0077973
-170	-2.9	0.0067293
-170	-2.8	0.0071077
-170	-2.7	0.0097366
-170	-2.6	0.013846
-170	-2.5	0.015677
-170	-2.4	0.018477
-170	-2.3	0.019938
-170	-2.2	0.021253
-170	-2.1	0.023585
-170	-2	0.025526
-170	-1.9	0.029253
-170	-1.8	0.030897
-170	-1.7	0.031211
-170	-1.6	0.029958
-170	-1.5	0.025292
-170	-1.4	0.021146
-170	-1.3	0.013498
-170	-1.2	0.012625
-170	-1.1	0.019746
-170	-1	0.028766
-170	-0.9	0.035279
-170	-0.8	0.039781
-170	-0.7	0.043039
-170	-0.6	0.042079
-170	-0.5	0.037564
-170	-0.4	0.028403
-170	-0.3	0.022927
-170	-0.2	0.015206
-170	-0.1	0.0094022
-170	0	0.0071711
-170	0.1	0.008012
-170	0.2	0.0082544
-170	0.3	0.0076699
-170	0.4	0.0093159
-170	0.5	0.012244
-170	0.6	0.018015
-170	0.7	0.023701
-170	0.8	0.029915
-170	0.9	0.036212
-170	1	0.038747
-170	1.1	0.039286
-170	1.2	0.037359
-170	1.3	0.035124
-170	1.4	0.029864
-170	1.5	0.025082
-170	1.6	0.023704
-170	1.7	0.022706
-170	1.8	0.024236
-170	1.9	0.02547
-170	2	0.025498
-170	2.1	0.024681
-170	2.2	0.022427
-170	2.3	0.020149
-170	2.4	0.017801
-170	2.5	0.016293
-170	2.6	0.014895
-170	2.7	0.014606
-170	2.8	0.013747
-170	2.9	0.012504
-170	3	0.011447
-170	3.1	0.0096666
-170	3.2	0.0092235
-170	3.3	0.0093488
-170	3.4	0.0090501
-170	3.5	0.0090929
-170	3.6	0.0091619
-170	3.7	0.0092059
-170	3.8	0.0079553
-170	3.9	0.0080362
-170	4	0.0080342
-160	-4	0.011762
-160	-3.9	0.011029
-160	-3.8	0.011067
-160	-3.7	0.010358
-160	-3.6	0.009989
-160	-3.5	0.010427
-160	-3.4	0.011209
-160	-3.3	0.012393
-160	-3.2	0.012576
-160	-3.1	0.011168
-160	-3	0.0096733
-160	-2.9	0.0071824
-160	-2.8	0.0076993
-160	-2.7	0.010829
-160	-2.6	0.013965
-160	-2.5	0.016213
-160	-2.4	0.018815
-160	-2.3	0.02159
-160	-2.2	0.024917
-160	-2.1	0.026822
-160	-2	0.032728
-160	-1.9	0.034243
-160	-1.8	0.036219
-160	-1.7	0.035811
-160	-1.6	0.033339
-160	-1.5	0.025849
-160	-1.4	0.01796
-160	-1.3	0.014698
-160	-1.2	0.017417
-160	-1.1	0.023256
-160	-1	0.031608
-160	-0.9	0.039934
-160	-0.8	0.043397
-160	-0.7	0.044271
-160	-0.6	0.041058
-160	-0.5	0.034287
-160	-0.4	0.030231
-160	-0.3	0.021135
-160	-0.2	0.015971
-160	-0.1	0.0076466
-160	0	0.0065344
-160	0.1	0.0076846
-160	0.2	0.0076318
-160	0.3	0.0075638
-160	0.4	0.0089442
-160	0.5	0.010943
-160	0.6	0.017239
-160	0.7	0.024795
-160	0.8	0.029138
-160	0.9	0.033544
-160	1	0.035955
-160	1.1	0.036296
-160	1.2	0.03425
-160	1.3	0.031886
-160	1.4	0.029553
-160	1.5	0.026771
-160	1.6	0.024136
-160	1.7	0.022674
-160	1.8	0.023631
-160	1.9	0.023175
-160	2	0.022667
-160	2.1	0.021621
-160	2.2	0.020523
-160	2.3	0.019354
-160	2.4	0.017161
-160	2.5	0.016191
-160	2.6	0.014773
-160	2.7	0.013577
-160	2.8	0.012631
-160	2.9	0.010912
-160	3	0.0093833
-160	3.1	0.0091936
-160	3.2	0.0079309
-160	3.3	0.0077286
-160	3.4	0.0077973
-160	3.5	0.0081242
-160	3.6	0.0080402
-160	3.7	0.0090911
-160	3.8	0.0076741
-160	3.9	0.0074865
-160	4	0.0078798
-150	-4	0.011412
-150	-3.9	0.012475
-150	-3.8	0.011919
-150	-3.7	0.011266
-150	-3.6	0.010169
-150	-3.5	0.0095303
-150	-3.4	0.010202
-150	-3.3	0.011204
-150	-3.2	0.011766
-150	-3.1	0.010986
-150	-3	0.0091213
-150	-2.9	0.0077119
-150	-2.8	0.0074127
-150	-2.7	0.010495
-150	-2.6	0.014016
-150	-2.5	0.019361
-150	-2.4	0.021439
-150	-2.3	0.022878
-150	-2.2	0.026513
-150	-2.1	0.029125
-150	-2	0.031346
-150	-1.9	0.034788
-150	-1.8	0.036702
-150	-1.7	0.036735
-150	-1.6	0.033677
-150	-1.5	0.028732
-150	-1.4	0.02223
-150	-1.3	0.016663
-150	-1.2	0.017131
-150	-1.1	0.024511
-150	-1	0.033576
-150	-0.9	0.043462
-150	-0.8	0.048315
-150	-0.7	0.048522
-150	-0.6	0.044784
-150	-0.5	0.040765
-150	-0.4	0.030133
-150	-0.3	0.022757
-150	-0.2	0.012936
-150	-0.1	0.0080783
-150	0	0.0064822
-150	0.1	0.0081915
-150	0.2	0.0087487
-150	0.3	0.0077412
-150	0.4	0.0087579
-150	0.5	0.014176
-150	0.6	0.018274
-150	0.7	0.024558
-150	0.8	0.028462
-150	0.9	0.03457
-150	1	0.036814
-150	1.1	0.03587
-150	1.2	0.034751
-150	1.3	0.032811
-150	1.4	0.029192
-150	1.5	0.02592
-150	1.6	0.02417
-150	1.7	0.023166
-150	1.8	0.022874
-150	1.9	0.0216
-150	2	0.020864
-150	2.1	0.020694
-150	2.2	0.019422
-150	2.3	0.017711
-150	2.4	0.016837
-150	2.5	0.015565
-150	2.6	0.014662
-150	2.7	0.013691
-150	2.8	0.011366
-150	2.9	0.0098734
-150	3	0.0088479
-150	3.1	0.0081797
-150	3.2	0.0081122
-150	3.3	0.0077579
-150	3.4	0.007886
-150	3.5	0.0081222
-150	3.6	0.008469
-150	3.7	0.0076741
-150	3.8	0.0064672
-150	3.9	0.0063944
-150	4	0.0071824
-140	-4	0.012021
-140	-3.9	0.012612
-140	-3.8	0.012348
-140	-3.7	0.010784
-140	-3.6	0.010026
-140	-3.5	0.0090179
-140	-3.4	0.010143
-140	-3.3	0.011759
-140	-3.2	0.013051
-140	-3.1	0.012884
-140	-3	0.0097133
-140	-2.9	0.0078118
-140	-2.8	0.0069723
-140	-2.7	0.010203
-140	-2.6	0.01414
-140	-2.5	0.019079
-140	-2.4	0.022784
-140	-2.3	0.025343
-140	-2.2	0.02749
-140	-2.1	0.030593
-140	-2	0.034599
-140	-1.9	0.038222
-140	-1.8	0.040585
-140	-1.7	0.039508
-140	-1.6	0.036907
-140	-1.5	0.029133
-140	-1.4	0.02058
-140	-1.3	0.017954
-140	-1.2	0.019294
-140	-1.1	0.031642
-140	-1	0.041308
-140	-0.9	0.048539
-140	-0.8	0.051605
-140	-0.7	0.051167
-140	-0.6	0.047216
-140	-0.5	0.040076
-140	-0.4	0.02782
-140	-0.3	0.023795
-140	-0.2	0.011854
-140	-0.1	0.0075488
-140	0	0.0062899
-140	0.1	0.0085032
-140	0.2	0.0082211
-140	0.3	0.007888
-140	0.4	0.0097133
-140	0.5	0.014766
-140	0.6	0.021355
-140	0.7	0.026434
-140	0.8	0.029981
-140	0.9	0.034614
-140	1	0.035577
-140	1.1	0.036068
-140	1.2	0.03491
-140	1.3	0.032366
-140	1.4	0.028848
-140	1.5	0.027002
-140	1.6	0.023172
-140	1.7	0.02177
-140	1.8	0.020833
-140	1.9	0.020551
-140	2	0.019995
-140	2.1	0.020397
-140	2.2	0.019503
-140	2.3	0.017547
-140	2.4	0.016702
-140	2.5	0.014789
-140	2.6	0.013771
-140	2.7	0.012175
-140	2.8	0.011621
-140	2.9	0.010356
-140	3	0.0094827
-140	3.1	0.0086819
-140	3.2	0.0082034
-140	3.3	0.0076551
-140	3.4	0.0083865
-140	3.5	0.0082348
-140	3.6	0.0076318
-140	3.7	0.0075295
-140	3.8	0.0060435
-140	3.9	0.005834
-140	4	0.0067939
-130	-4	0.012564
-130	-3.9	0.013241
-130	-3.8	0.012607
-130	-3.7	0.012278
-130	-3.6	0.011637
-130	-3.5	0.01232
-130	-3.4	0.012854
-130	-3.3	0.013619
-130	-3.2	0.013287
-130	-3.1	0.012078
-130	-3	0.0092637
-130	-2.9	0.0077703
-130	-2.8	0.008594
-130	-2.7	0.013199
-130	-2.6	0.017374
-130	-2.5	0.020478
-130	-2.4	0.023168
-130	-2.3	0.025811
-130	-2.2	0.029436
-130	-2.1	0.034126
-130	-2	0.038668
-130	-1.9	0.043896
-130	-1.8	0.044445
-130	-1.7	0.044734
-130	-1.6	0.040397
-130	-1.5	0.03255
-130	-1.4	0.02395
-130	-1.3	0.020463
-130	-1.2	0.024882
-130	-1.1	0.034009
-130	-1	0.044591
-130	-0.9	0.053697
-130	-0.8	0.058092
-130	-0.7	0.055718
-130	-0.6	0.051089
-130	-0.5	0.04288
-130	-0.4	0.035166
-130	-0.3	0.021002
-130	-0.2	0.016722
-130	-0.1	0.010543
-130	0	0.0078304
-130	0.1	0.0089061
-130	0.2	0.0079492
-130	0.3	0.0080019
-130	0.4	0.0095641
-130	0.5	0.015118
-130	0.6	0.022232
-130	0.7	0.027061
-130	0.8	0.033644
-130	0.9	0.035213
-130	1	0.036563
-130	1.1	0.037212
-130	1.2	0.035148
-130	1.3	0.032953
-130	1.4	0.028803
-130	1.5	0.026354
-130	1.6	0.023287
-130	1.7	0.022898
-130	1.8	0.02181
-130	1.9	0.021184
-130	2	0.021202
-130	2.1	0.019725
-130	2.2	0.018966
-130	2.3	0.017313
-130	2.4	0.016405
-130	2.5	0.016322
-130	2.6	0.016394
-130	2.7	0.015601
-130	2.8	0.014168
-130	2.9	0.012505
-130	3	0.01153
-130	3.1	0.0098028
-130	3.2	0.0091514
-130	3.3	0.0090412
-130	3.4	0.0091337
-130	3.5	0.0087727
-130	3.6	0.0082681
-130	3.7	0.0075188
-130	3.8	0.0065615
-130	3.9	0.0068247
-130	4	0.0072718
-120	-4	0.012959
-120	-3.9	0.013493
-120	-3.8	0.013343
-120	-3.7	0.012621
-120	-3.6	0.012577
-120	-3.5	0.012584
-120	-3.4	0.013731
-120	-3.3	0.013896
-120	-3.2	0.013153
-120	-3.1	0.012223
-120	-3	0.0099094
-120	-2.9	0.0090591
-120	-2.8	0.010037
-120	-2.7	0.013098
-120	-2.6	0.018257
-120	-2.5	0.022341
-120	-2.4	0.02274
-120	-2.3	0.026773
-120	-2.2	0.032836
-120	-2.1	0.038113
-120	-2	0.04285
-120	-1.9	0.046722
-120	-1.8	0.048759
-120	-1.7	0.045902
-120	-1.6	0.038799
-120	-1.5	0.034305
-120	-1.4	0.027302
-120	-1.3	0.023407
-120	-1.2	0.026895
-120	-1.1	0.041277
-120	-1	0.047645
-120	-0.9	0.055755
-120	-0.8	0.058057
-120	-0.7	0.05674
-120	-0.6	0.053305
-120	-0.5	0.042125
-120	-0.4	0.034074
-120	-0.3	0.021613
-120	-0.2	0.015779
-120	-0.1	0.011448
-120	0	0.0087727
-120	0.1	0.0090394
-120	0.2	0.0086278
-120	0.3	0.0098308
-120	0.4	0.013892
-120	0.5	0.017962
-120	0.6	0.023977
-120	0.7	0.027228
-120	0.8	0.031555
-120	0.9	0.034036
-120	1	0.035636
-120	1.1	0.034692
-120	1.2	0.034472
-120	1.3	0.03273
-120	1.4	0.028699
-120	1.5	0.0265
-120	1.6	0.023392
-120	1.7	0.022624
-120	1.8	0.021166
-120	1.9	0.021042
-120	2	0.020776
-120	2.1	0.020784
-120	2.2	0.020165
-120	2.3	0.018885
-120	2.4	0.017524
-120	2.5	0.016666
-120	2.6	0.01556
-120	2.7	0.014015
-120	2.8	0.013473
-120	2.9	0.011475
-120	3	0.010561
-120	3.1	0.009924
-120	3.2	0.0086949
-120	3.3	0.0078613
-120	3.4	0.0081262
-120	3.5	0.0090626
-120	3.6	0.0089134
-120	3.7	0.0077495
-120	3.8	0.0072138
-120	3.9	0.0065046
-120	4	0.0064872
-110	-4	0.012241
-110	-3.9	0.01309
-110	-3.8	0.013538
-110	-3.7	0.01339
-110	-3.6	0.013236
-110	-3.5	0.014278
-110	-3.4	0.014613
-110	-3.3	0.015802
-110	-3.2	0.015471
-110	-3.1	0.013413
-110	-3	0.011238
-110	-2.9	0.010676
-110	-2.8	0.012211
-110	-2.7	0.016811
-110	-2.6	0.021207
-110	-2.5	0.023648
-110	-2.4	0.026673
-110	-2.3	0.029959
-110	-2.2	0.036428
-110	-2.1	0.040728
-110	-2	0.046062
-110	-1.9	0.050089
-110	-1.8	0.051114
-110	-1.7	0.048623
-110	-1.6	0.043391
-110	-1.5	0.038201
-110	-1.4	0.027765
-110	-1.3	0.025576
-110	-1.2	0.034271
-110	-1.1	0.042811
-110	-1	0.048257
-110	-0.9	0.056227
-110	-0.8	0.059842
-110	-0.7	0.057286
-110	-0.6	0.053444
-110	-0.5	0.04259
-110	-0.4	0.035442
-110	-0.3	0.02377
-110	-0.2	0.017222
-110	-0.1	0.012518
-110	0	0.010381
-110	0.1	0.010375
-110	0.2	0.011531
-110	0.3	0.013213
-110	0.4	0.01693
-110	0.5	0.021405
-110	0.6	0.025543
-110	0.7	0.02914
-110	0.8	0.031118
-110	0.9	0.033876
-110	1	0.03441
-110	1.1	0.034405
-110	1.2	0.033676
-110	1.3	0.02978
-110	1.4	0.027522
-110	1.5	0.024749
-110	1.6	0.02247
-110	1.7	0.021442
-110	1.8	0.019789
-110	1.9	0.019202
-110	2	0.018871
-110	2.1	0.018289
-110	2.2	0.01736
-110	2.3	0.015661
-110	2.4	0.014499
-110	2.5	0.013854
-110	2.6	0.014169
-110	2.7	0.014178
-110	2.8	0.0136
-110	2.9	0.012548
-110	3	0.01195
-110	3.1	0.010409
-110	3.2	0.0091778
-110	3.3	0.0072896
-110	3.4	0.0069885
-110	3.5	0.0083052
-110	3.6	0.0082779
-110	3.7	0.0088076
-110	3.8	0.0079797
-110	3.9	0.0075123
-110	4	0.0073536
-100	-4	0.014188
-100	-3.9	0.014308
-100	-3.8	0.013753
-100	-3.7	0.012591
-100	-3.6	0.012893
-100	-3.5	0.014196
-100	-3.4	0.016634
-100	-3.3	0.017829
-100	-3.2	0.016619
-100	-3.1	0.014267
-100	-3	0.011661
-100	-2.9	0.011186
-100	-2.8	0.01302
-100	-2.7	0.020411
-100	-2.6	0.023965
-100	-2.5	0.026395
-100	-2.4	0.028647
-100	-2.3	0.030198
-100	-2.2	0.035133
-100	-2.1	0.040545
-100	-2	0.046681
-100	-1.9	0.048996
-100	-1.8	0.050294
-100	-1.7	0.048155
-100	-1.6	0.042603
-100	-1.5	0.033287
-100	-1.4	0.027652
-100	-1.3	0.025374
-100	-1.2	0.031431
-100	-1.1	0.041937
-100	-1	0.049633
-100	-0.9	0.057666
-100	-0.8	0.058899
-100	-0.7	0.058451
-100	-0.6	0.052053
-100	-0.5	0.044354
-100	-0.4	0.034451
-100	-0.3	0.025837
-100	-0.2	0.021206
-100	-0.1	0.015212
-100	0	0.01411
-100	0.1	0.013705
-100	0.2	0.014374
-100	0.3	0.017234
-100	0.4	0.019817
-100	0.5	0.0236
-100	0.6	0.028142
-100	0.7	0.030688
-100	0.8	0.033433
-100	0.9	0.034828
-100	1	0.033988
-100	1.1	0.032379
-100	1.2	0.029895
-100	1.3	0.027141
-100	1.4	0.02454
-100	1.5	0.022975
-100	1.6	0.022013
-100	1.7	0.02193
-100	1.8	0.02157
-100	1.9	0.021039
-100	2	0.020938
-100	2.1	0.019872
-100	2.2	0.018304
-100	2.3	0.016569
-100	2.4	0.01606
-100	2.5	0.01561
-100	2.6	0.015678
-100	2.7	0.014487
-100	2.8	0.014447
-100	2.9	0.014068
-100	3	0.013224
-100	3.1	0.011122
-100	3.2	0.010068
-100	3.3	0.0096917
-100	3.4	0.0092619
-100	3.5	0.009481
-100	3.6	0.0097797
-100	3.7	0.008964
-100	3.8	0.0088752
-100	3.9	0.0088734
-100	4	0.0078242
-90	-4	0.013504
-90	-3.9	0.012976
-90	-3.8	0.011398
-90	-3.7	0.011622
-90	-3.6	0.012277
-90	-3.5	0.014732
-90	-3.4	0.017051
-90	-3.3	0.017461
-90	-3.2	0.016819
-90	-3.1	0.014405
-90	-3	0.012104
-90	-2.9	0.012776
-90	-2.8	0.015573
-90	-2.7	0.020942
-90	-2.6	0.024821
-90	-2.5	0.026718
-90	-2.4	0.030812
-90	-2.3	0.034131
-90	-2.2	0.039192
-90	-2.1	0.045577
-90	-2	0.048399
-90	-1.9	0.051877
-90	-1.8	0.053298
-90	-1.7	0.050431
-90	-1.6	0.042465
-90	-1.5	0.038196
-90	-1.4	0.031532
-90	-1.3	0.030689
-90	-1.2	0.036341
-90	-1.1	0.046185
-90	-1	0.054938
-90	-0.9	0.059748
-90	-0.8	0.061417
-90	-0.7	0.05808
-90	-0.6	0.054737
-90	-0.5	0.047623
-90	-0.4	0.033231
-90	-0.3	0.028197
-90	-0.2	0.021297
-90	-0.1	0.017049
-90	0	0.013777
-90	0.1	0.013665
-90	0.2	0.015735
-90	0.3	0.017887
-90	0.4	0.021682
-90	0.5	0.024175
-90	0.6	0.02765
-90	0.7	0.031188
-90	0.8	0.03346
-90	0.9	0.033645
-90	1	0.034044
-90	1.1	0.033584
-90	1.2	0.032896
-90	1.3	0.031205
-90	1.4	0.028548
-90	1.5	0.025732
-90	1.6	0.023081
-90	1.7	0.021541
-90	1.8	0.020573
-90	1.9	0.020275
-90	2	0.020791
-90	2.1	0.020547
-90	2.2	0.019799
-90	2.3	0.018291
-90	2.4	0.016909
-90	2.5	0.015971
-90	2.6	0.014832
-90	2.7	0.014034
-90	2.8	0.012871
-90	2.9	0.012729
-90	3	0.011743
-90	3.1	0.010532
-90	3.2	0.0097615
-90	3.3	0.0086968
-90	3.4	0.0080583
-90	3.5	0.0079431
-90	3.6	0.0068977
-90	3.7	0.0067269
-90	3.8	0.0066593
-90	3.9	0.0059192
-90	4	0.005671
-80	-4	0.013053
-80	-3.9	0.012819
-80	-3.8	0.011502
-80	-3.7	0.01186
-80	-3.6	0.012223
-80	-3.5	0.01348
-80	-3.4	0.016039
-80	-3.3	0.01659
-80	-3.2	0.016275
-80	-3.1	0.015352
-80	-3	0.01315
-80	-2.9	0.013085
-80	-2.8	0.016744
-80	-2.7	0.019021
-80	-2.6	0.02442
-80	-2.5	0.029441
-80	-2.4	0.03128
-80	-2.3	0.035312
-80	-2.2	0.039536
-80	-2.1	0.044939
-80	-2	0.046995
-80	-1.9	0.050985
-80	-1.8	0.051806
-80	-1.7	0.049467
-80	-1.6	0.043017
-80	-1.5	0.037721
-80	-1.4	0.032068
-80	-1.3	0.032102
-80	-1.2	0.035799
-80	-1.1	0.047557
-80	-1	0.05544
-80	-0.9	0.060026
-80	-0.8	0.061663
-80	-0.7	0.05951
-80	-0.6	0.052888
-80	-0.5	0.046428
-80	-0.4	0.039133
-80	-0.3	0.028255
-80	-0.2	0.022527
-80	-0.1	0.018052
-80	0	0.015764
-80	0.1	0.01652
-80	0.2	0.019298
-80	0.3	0.020785
-80	0.4	0.025006
-80	0.5	0.029528
-80	0.6	0.033207
-80	0.7	0.03466
-80	0.8	0.036093
-80	0.9	0.035996
-80	1	0.035884
-80	1.1	0.034751
-80	1.2	0.034123
-80	1.3	0.032279
-80	1.4	0.030389
-80	1.5	0.02664
-80	1.6	0.025093
-80	1.7	0.022884
-80	1.8	0.021363
-80	1.9	0.02122
-80	2	0.021623
-80	2.1	0.022103
-80	2.2	0.021338
-80	2.3	0.020276
-80	2.4	0.018085
-80	2.5	0.01637
-80	2.6	0.015587
-80	2.7	0.014469
-80	2.8	0.013323
-80	2.9	0.012274
-80	3	0.011675
-80	3.1	0.010616
-80	3.2	0.010293
-80	3.3	0.0096432
-80	3.4	0.0086278
-80	3.5	0.0080281
-80	3.6	0.0075872
-80	3.7	0.006564
-80	3.8	0.0062435
-80	3.9	0.0065145
-80	4	0.006613
-70	-4	0.014668
-70	-3.9	0.015202
-70	-3.8	0.014924
-70	-3.7	0.014442
-70	-3.6	0.014437
-70	-3.5	0.015612
-70	-3.4	0.016572
-70	-3.3	0.017664
-70	-3.2	0.017624
-70	-3.1	0.015945
-70	-3	0.014475
-70	-2.9	0.016214
-70	-2.8	0.018199
-70	-2.7	0.024985
-70	-2.6	0.028129
-70	-2.5	0.030676
-70	-2.4	0.032545
-70	-2.3	0.035103
-70	-2.2	0.039823
-70	-2.1	0.043479
-70	-2	0.049236
-70	-1.9	0.051207
-70	-1.8	0.051086
-70	-1.7	0.049755
-70	-1.6	0.043516
-70	-1.5	0.038782
-70	-1.4	0.033172
-70	-1.3	0.033533
-70	-1.2	0.036122
-70	-1.1	0.048942
-70	-1	0.054465
-70	-0.9	0.061448
-70	-0.8	0.062984
-70	-0.7	0.062229
-70	-0.6	0.053674
-70	-0.5	0.048429
-70	-0.4	0.036255
-70	-0.3	0.027977
-70	-0.2	0.02333
-70	-0.1	0.018304
-70	0	0.017352
-70	0.1	0.017104
-70	0.2	0.018406
-70	0.3	0.021412
-70	0.4	0.024568
-70	0.5	0.029571
-70	0.6	0.034617
-70	0.7	0.037534
-70	0.8	0.039186
-70	0.9	0.039586
-70	1	0.038273
-70	1.1	0.036474
-70	1.2	0.033534
-70	1.3	0.030478
-70	1.4	0.027754
-70	1.5	0.02612
-70	1.6	0.025101
-70	1.7	0.024657
-70	1.8	0.023195
-70	1.9	0.022105
-70	2	0.020649
-70	2.1	0.019885
-70	2.2	0.018596
-70	2.3	0.017741
-70	2.4	0.017345
-70	2.5	0.016413
-70	2.6	0.01532
-70	2.7	0.014112
-70	2.8	0.012338
-70	2.9	0.010437
-70	3	0.010127
-70	3.1	0.0095167
-70	3.2	0.0086614
-70	3.3	0.0081202
-70	3.4	0.0086334
-70	3.5	0.0081242
-70	3.6	0.0076
-70	3.7	0.0065071
-70	3.8	0.0066033
-70	3.9	0.0061232
-70	4	0.006364
-60	-4	0.014847
-60	-3.9	0.015205
-60	-3.8	0.015441
-60	-3.7	0.015262
-60	-3.6	0.01579
-60	-3.5	0.016312
-60	-3.4	0.016948
-60	-3.3	0.017696
-60	-3.2	0.017209
-60	-3.1	0.016924
-60	-3	0.017024
-60	-2.9	0.018606
-60	-2.8	0.0211
-60	-2.7	0.024694
-60	-2.6	0.029293
-60	-2.5	0.033899
-60	-2.4	0.036235
-60	-2.3	0.039168
-60	-2.2	0.042736
-60	-2.1	0.046285
-60	-2	0.051109
-60	-1.9	0.054077
-60	-1.8	0.054088
-60	-1.7	0.050852
-60	-1.6	0.04381
-60	-1.5	0.037754
-60	-1.4	0.033842
-60	-1.3	0.034065
-60	-1.2	0.0393
-60	-1.1	0.048061
-60	-1	0.053445
-60	-0.9	0.059655
-60	-0.8	0.060331
-60	-0.7	0.058014
-60	-0.6	0.054039
-60	-0.5	0.045912
-60	-0.4	0.038994
-60	-0.3	0.029522
-60	-0.2	0.02628
-60	-0.1	0.021809
-60	0	0.021746
-60	0.1	0.021997
-60	0.2	0.023511
-60	0.3	0.025548
-60	0.4	0.027763
-60	0.5	0.030786
-60	0.6	0.034192
-60	0.7	0.036825
-60	0.8	0.038409
-60	0.9	0.039377
-60	1	0.03846
-60	1.1	0.036198
-60	1.2	0.034797
-60	1.3	0.031501
-60	1.4	0.028288
-60	1.5	0.026945
-60	1.6	0.026715
-60	1.7	0.026396
-60	1.8	0.025403
-60	1.9	0.023975
-60	2	0.022459
-60	2.1	0.020592
-60	2.2	0.019073
-60	2.3	0.018507
-60	2.4	0.017882
-60	2.5	0.01778
-60	2.6	0.017076
-60	2.7	0.015378
-60	2.8	0.012912
-60	2.9	0.011951
-60	3	0.011037
-60	3.1	0.010744
-60	3.2	0.010624
-60	3.3	0.0099484
-60	3.4	0.0096917
-60	3.5	0.0092077
-60	3.6	0.0082896
-60	3.7	0.0072183
-60	3.8	0.006698
-60	3.9	0.0074475
-60	4	0.0077014
-50	-4	0.017081
-50	-3.9	0.017028
-50	-3.8	0.01603
-50	-3.7	0.014685
-50	-3.6	0.014689
-50	-3.5	0.015848
-50	-3.4	0.018294
-50	-3.3	0.019555
-50	-3.2	0.019012
-50	-3.1	0.017229
-50	-3	0.016415
-50	-2.9	0.019317
-50	-2.8	0.023115
-50	-2.7	0.025986
-50	-2.6	0.031527
-50	-2.5	0.033256
-50	-2.4	0.035728
-50	-2.3	0.039285
-50	-2.2	0.041715
-50	-2.1	0.045522
-50	-2	0.051095
-50	-1.9	0.052479
-50	-1.8	0.052247
-50	-1.7	0.049623
-50	-1.6	0.042223
-50	-1.5	0.036664
-50	-1.4	0.032596
-50	-1.3	0.034053
-50	-1.2	0.0403
-50	-1.1	0.049771
-50	-1	0.056301
-50	-0.9	0.059853
-50	-0.8	0.060377
-50	-0.7	0.056491
-50	-0.6	0.048956
-50	-0.5	0.043433
-50	-0.4	0.037064
-50	-0.3	0.03127
-50	-0.2	0.025261
-50	-0.1	0.023244
-50	0	0.022088
-50	0.1	0.022691
-50	0.2	0.024978
-50	0.3	0.027299
-50	0.4	0.030331
-50	0.5	0.033371
-50	0.6	0.035358
-50	0.7	0.038399
-50	0.8	0.039334
-50	0.9	0.040113
-50	1	0.038532
-50	1.1	0.037679
-50	1.2	0.034937
-50	1.3	0.031782
-50	1.4	0.029277
-50	1.5	0.027019
-50	1.6	0.025954
-50	1.7	0.02488
-50	1.8	0.023571
-50	1.9	0.022663
-50	2	0.020869
-50	2.1	0.019865
-50	2.2	0.018117
-50	2.3	0.016913
-50	2.4	0.016325
-50	2.5	0.016136
-50	2.6	0.015392
-50	2.7	0.014684
-50	2.8	0.013449
-50	2.9	0.011789
-50	3	0.011116
-50	3.1	0.010298
-50	3.2	0.0092042
-50	3.3	0.0080543
-50	3.4	0.0080963
-50	3.5	0.0081639
-50	3.6	0.008991
-50	3.7	0.0083942
-50	3.8	0.0077953
-50	3.9	0.0082486
-50	4	0.0076064
-40	-4	0.01527
-40	-3.9	0.014089
-40	-3.8	0.013252
-40	-3.7	0.013606
-40	-3.6	0.015423
-40	-3.5	0.017579
-40	-3.4	0.019248
-40	-3.3	0.019457
-40	-3.2	0.018378
-40	-3.1	0.016073
-40	-3	0.016075
-40	-2.9	0.018212
-40	-2.8	0.024916
-40	-2.7	0.029316
-40	-2.6	0.032315
-40	-2.5	0.035513
-40	-2.4	0.036727
-40	-2.3	0.039115
-40	-2.2	0.043514
-40	-2.1	0.046493
-40	-2	0.0528
-40	-1.9	0.055486
-40	-1.8	0.053489
-40	-1.7	0.048562
-40	-1.6	0.041068
-40	-1.5	0.034843
-40	-1.4	0.03324
-40	-1.3	0.035191
-40	-1.2	0.044176
-40	-1.1	0.051091
-40	-1	0.056412
-40	-0.9	0.059011
-40	-0.8	0.059209
-40	-0.7	0.054536
-40	-0.6	0.052603
-40	-0.5	0.042111
-40	-0.4	0.036678
-40	-0.3	0.03013
-40	-0.2	0.026165
-40	-0.1	0.024834
-40	0	0.025438
-40	0.1	0.027904
-40	0.2	0.028964
-40	0.3	0.03061
-40	0.4	0.031718
-40	0.5	0.034136
-40	0.6	0.034802
-40	0.7	0.037057
-40	0.8	0.038654
-40	0.9	0.039705
-40	1	0.038843
-40	1.1	0.036751
-40	1.2	0.035224
-40	1.3	0.032489
-40	1.4	0.029943
-40	1.5	0.026907
-40	1.6	0.026764
-40	1.7	0.027016
-40	1.8	0.02656
-40	1.9	0.02506
-40	2	0.024194
-40	2.1	0.022779
-40	2.2	0.020413
-40	2.3	0.018941
-40	2.4	0.018309
-40	2.5	0.018262
-40	2.6	0.018172
-40	2.7	0.017274
-40	2.8	0.014487
-40	2.9	0.012893
-40	3	0.011592
-40	3.1	0.011495
-40	3.2	0.010928
-40	3.3	0.01082
-40	3.4	0.010651
-40	3.5	0.010635
-40	3.6	0.0098734
-40	3.7	0.0087708
-40	3.8	0.0082014
-40	3.9	0.0088259
-40	4	0.0087837
-30	-4	0.015918
-30	-3.9	0.015054
-30	-3.8	0.013431
-30	-3.7	0.013041
-30	-3.6	0.014392
-30	-3.5	0.017215
-30	-3.4	0.01817
-30	-3.3	0.018749
-30	-3.2	0.017245
-30	-3.1	0.015986
-30	-3	0.015128
-30	-2.9	0.017232
-30	-2.8	0.021235
-30	-2.7	0.025453
-30	-2.6	0.031192
-30	-2.5	0.032974
-30	-2.4	0.035259
-30	-2.3	0.038006
-30	-2.2	0.039498
-30	-2.1	0.044913
-30	-2	0.047283
-30	-1.9	0.049456
-30	-1.8	0.049545
-30	-1.7	0.0479
-30	-1.6	0.041331
-30	-1.5	0.036341
-30	-1.4	0.032746
-30	-1.3	0.033743
-30	-1.2	0.039258
-30	-1.1	0.047981
-30	-1	0.055718
-30	-0.9	0.059723
-30	-0.8	0.061515
-30	-0.7	0.057307
-30	-0.6	0.054364
-30	-0.5	0.045582
-30	-0.4	0.040471
-30	-0.3	0.029983
-30	-0.2	0.023576
-30	-0.1	0.020752
-30	0	0.020921
-30	0.1	0.021024
-30	0.2	0.023162
-30	0.3	0.027257
-30	0.4	0.031023
-30	0.5	0.034111
-30	0.6	0.038927
-30	0.7	0.0427
-30	0.8	0.043434
-30	0.9	0.043488
-30	1	0.04158
-30	1.1	0.04009
-30	1.2	0.038644
-30	1.3	0.036104
-30	1.4	0.033511
-30	1.5	0.030757
-30	1.6	0.029437
-30	1.7	0.028159
-30	1.8	0.027
-30	1.9	0.025149
-30	2	0.023362
-30	2.1	0.021971
-30	2.2	0.020527
-30	2.3	0.018387
-30	2.4	0.016575
-30	2.5	0.01571
-30	2.6	0.014513
-30	2.7	0.013468
-30	2.8	0.012891
-30	2.9	0.011516
-30	3	0.011087
-30	3.1	0.010167
-30	3.2	0.009695
-30	3.3	0.0090287
-30	3.4	0.0092112
-30	3.5	0.0089261
-30	3.6	0.0079857
-30	3.7	0.0070162
-30	3.8	0.0067365
-30	3.9	0.0063538
-30	4	0.0071055
-20	-4	0.012164
-20	-3.9	0.010949
-20	-3.8	0.0092968
-20	-3.7	0.010132
-20	-3.6	0.011204
-20	-3.5	0.014628
-20	-3.4	0.016036
-20	-3.3	0.016485
-20	-3.2	0.015419
-20	-3.1	0.013971
-20	-3	0.01235
-20	-2.9	0.014957
-20	-2.8	0.020777
-20	-2.7	0.025049
-20	-2.6	0.028613
-20	-2.5	0.031537
-20	-2.4	0.03228
-20	-2.3	0.035568
-20	-2.2	0.038221
-20	-2.1	0.04318
-20	-2	0.04902
-20	-1.9	0.0511
-20	-1.8	0.050655
-20	-1.7	0.04699
-20	-1.6	0.042333
-20	-1.5	0.035878
-20	-1.4	0.033786
-20	-1.3	0.038007
-20	-1.2	0.043969
-20	-1.1	0.048784
-20	-1	0.05912
-20	-0.9	0.061583
-20	-0.8	0.060875
-20	-0.7	0.05742
-20	-0.6	0.048457
-20	-0.5	0.039831
-20	-0.4	0.030425
-20	-0.3	0.02702
-20	-0.2	0.023097
-20	-0.1	0.021336
-20	0	0.021369
-20	0.1	0.02269
-20	0.2	0.02574
-20	0.3	0.029674
-20	0.4	0.032786
-20	0.5	0.03556
-20	0.6	0.037903
-20	0.7	0.039638
-20	0.8	0.040823
-20	0.9	0.040777
-20	1	0.040664
-20	1.1	0.039789
-20	1.2	0.039058
-20	1.3	0.037005
-20	1.4	0.03436
-20	1.5	0.030073
-20	1.6	0.028072
-20	1.7	0.026426
-20	1.8	0.025955
-20	1.9	0.025524
-20	2	0.025333
-20	2.1	0.024311
-20	2.2	0.023373
-20	2.3	0.020328
-20	2.4	0.016918
-20	2.5	0.015584
-20	2.6	0.015318
-20	2.7	0.01534
-20	2.8	0.014742
-20	2.9	0.013956
-20	3	0.012648
-20	3.1	0.011273
-20	3.2	0.0099484
-20	3.3	0.0092024
-20	3.4	0.0089351
-20	3.5	0.008594
-20	3.6	0.008014
-20	3.7	0.0071531
-20	3.8	0.0060435
-20	3.9	0.0053151
-20	4	0.0055267
-10	-4	0.012808
-10	-3.9	0.013997
-10	-3.8	0.01421
-10	-3.7	0.0132
-10	-3.6	0.011729
-10	-3.5	0.011852
-10	-3.4	0.012657
-10	-3.3	0.014326
-10	-3.2	0.015535
-10	-3.1	0.015472
-10	-3	0.014162
-10	-2.9	0.014896
-10	-2.8	0.019683
-10	-2.7	0.021397
-10	-2.6	0.026979
-10	-2.5	0.029678
-10	-2.4	0.033724
-10	-2.3	0.035629
-10	-2.2	0.039036
-10	-2.1	0.041633
-10	-2	0.044635
-10	-1.9	0.046338
-10	-1.8	0.04662
-10	-1.7	0.043924
-10	-1.6	0.039777
-10	-1.5	0.034834
-10	-1.4	0.032808
-10	-1.3	0.033873
-10	-1.2	0.03954
-10	-1.1	0.046901
-10	-1	0.055995
-10	-0.9	0.059203
-10	-0.8	0.059487
-10	-0.7	0.056364
-10	-0.6	0.049441
-10	-0.5	0.042483
-10	-0.4	0.035351
-10	-0.3	0.029137
-10	-0.2	0.023294
-10	-0.1	0.020817
-10	0	0.019001
-10	0.1	0.019606
-10	0.2	0.021394
-10	0.3	0.025058
-10	0.4	0.030973
-10	0.5	0.037285
-10	0.6	0.040194
-10	0.7	0.041514
-10	0.8	0.042763
-10	0.9	0.042445
-10	1	0.041543
-10	1.1	0.039719
-10	1.2	0.038108
-10	1.3	0.037188
-10	1.4	0.035583
-10	1.5	0.033503
-10	1.6	0.031961
-10	1.7	0.029638
-10	1.8	0.027585
-10	1.9	0.025691
-10	2	0.023116
-10	2.1	0.022488
-10	2.2	0.020461
-10	2.3	0.018813
-10	2.4	0.017122
-10	2.5	0.015998
-10	2.6	0.015133
-10	2.7	0.013905
-10	2.8	0.012245
-10	2.9	0.011204
-10	3	0.010986
-10	3.1	0.010662
-10	3.2	0.010257
-10	3.3	0.01056
-10	3.4	0.0097863
-10	3.5	0.0095776
-10	3.6	0.0084518
-10	3.7	0.0074605
-10	3.8	0.0065393
-10	3.9	0.0063716
-10	4	0.0064922
0	-4	0.013868
0	-3.9	0.014032
0	-3.8	0.01314
0	-3.7	0.011843
0	-3.6	0.010796
0	-3.5	0.011148
0	-3.4	0.013128
0	-3.3	0.014373
0	-3.2	0.015141
0	-3.1	0.014717
0	-3	0.013214
0	-2.9	0.013846
0	-2.8	0.018333
0	-2.7	0.023656
0	-2.6	0.027706
0	-2.5	0.030966
0	-2.4	0.033348
0	-2.3	0.033551
0	-2.2	0.035486
0	-2.1	0.038387
0	-2	0.041572
0	-1.9	0.045452
0	-1.8	0.046115
0	-1.7	0.043284
0	-1.6	0.037868
0	-1.5	0.033237
0	-1.4	0.029893
0	-1.3	0.028028
0	-1.2	0.034836
0	-1.1	0.043578
0	-1	0.050784
0	-0.9	0.057876
0	-0.8	0.058321
0	-0.7	0.056578
0	-0.6	0.052125
0	-0.5	0.043972
0	-0.4	0.033947
0	-0.3	0.02865
0	-0.2	0.022459
0	-0.1	0.020094
0	0	0.017868
0	0.1	0.019562
0	0.2	0.022426
0	0.3	0.026599
0	0.4	0.03271
0	0.5	0.036613
0	0.6	0.040498
0	0.7	0.041684
0	0.8	0.042664
0	0.9	0.0418
0	1	0.04052
0	1.1	0.038449
0	1.2	0.036435
0	1.3	0.034827
0	1.4	0.032853
0	1.5	0.031144
0	1.6	0.02943
0	1.7	0.028254
0	1.8	0.026764
0	1.9	0.02388
0	2	0.021691
0	2.1	0.018066
0	2.2	0.016839
0	2.3	0.01568
0	2.4	0.014747
0	2.5	0.013314
0	2.6	0.012521
0	2.7	0.011878
0	2.8	0.010551
0	2.9	0.0095675
0	3	0.0095759
0	3.1	0.0093816
0	3.2	0.0093298
0	3.3	0.0097698
0	3.4	0.0081441
0	3.5	0.0077203
0	3.6	0.0071214
0	3.7	0.0072093
0	3.8	0.0071463
0	3.9	0.0076804
0	4	0.007441
10	-4	0.010945
10	-3.9	0.010868
10	-3.8	0.0098538
10	-3.7	0.010279
10	-3.6	0.011121
10	-3.5	0.012135
10	-3.4	0.011733
10	-3.3	0.011351
10	-3.2	0.01063
10	-3.1	0.010058
10	-3	0.011477
10	-2.9	0.013315
10	-2.8	0.016916
10	-2.7	0.021141
10	-2.6	0.024193
10	-2.5	0.025238
10	-2.4	0.027673
10	-2.3	0.029255
10	-2.2	0.031034
10	-2.1	0.038545
10	-2	0.040696
10	-1.9	0.043579
10	-1.8	0.043231
10	-1.7	0.037742
10	-1.6	0.03237
10	-1.5	0.028951
10	-1.4	0.027417
10	-1.3	0.030351
10	-1.2	0.034619
10	-1.1	0.042358
10	-1	0.048568
10	-0.9	0.052861
10	-0.8	0.052442
10	-0.7	0.05102
10	-0.6	0.045048
10	-0.5	0.038882
10	-0.4	0.030754
10	-0.3	0.023432
10	-0.2	0.019739
10	-0.1	0.017932
10	0	0.016363
10	0.1	0.016602
10	0.2	0.018445
10	0.3	0.020472
10	0.4	0.024233
10	0.5	0.029539
10	0.6	0.033061
10	0.7	0.036214
10	0.8	0.03784
10	0.9	0.037403
10	1	0.035969
10	1.1	0.03493
10	1.2	0.032827
10	1.3	0.031902
10	1.4	0.031293
10	1.5	0.030606
10	1.6	0.030014
10	1.7	0.028493
10	1.8	0.028008
10	1.9	0.025482
10	2	0.024472
10	2.1	0.022574
10	2.2	0.020626
10	2.3	0.018197
10	2.4	0.016258
10	2.5	0.014504
10	2.6	0.013651
10	2.7	0.012886
10	2.8	0.012422
10	2.9	0.011472
10	3	0.010512
10	3.1	0.0092322
10	3.2	0.007762
10	3.3	0.0075467
10	3.4	0.0084918
10	3.5	0.0091901
10	3.6	0.0094673
10	3.7	0.0088989
10	3.8	0.0081935
10	3.9	0.0072874
10	4	0.0067149
20	-4	0.0095404
20	-3.9	0.0096717
20	-3.8	0.0087394
20	-3.7	0.0088952
20	-3.6	0.0091337
20	-3.5	0.0089134
20	-3.4	0.009302
20	-3.3	0.010486
20	-3.2	0.010999
20	-3.1	0.010483
20	-3	0.010514
20	-2.9	0.011243
20	-2.8	0.013441
20	-2.7	0.017627
20	-2.6	0.022298
20	-2.5	0.024923
20	-2.4	0.027368
20	-2.3	0.028488
20	-2.2	0.030355
20	-2.1	0.032405
20	-2	0.034513
20	-1.9	0.038471
20	-1.8	0.039167
20	-1.7	0.039024
20	-1.6	0.032635
20	-1.5	0.027986
20	-1.4	0.023768
20	-1.3	0.02463
20	-1.2	0.029581
20	-1.1	0.039182
20	-1	0.045555
20	-0.9	0.050807
20	-0.8	0.053198
20	-0.7	0.051853
20	-0.6	0.045804
20	-0.5	0.042321
20	-0.4	0.031702
20	-0.3	0.022648
20	-0.2	0.019903
20	-0.1	0.015022
20	0	0.0134
20	0.1	0.013144
20	0.2	0.015314
20	0.3	0.017806
20	0.4	0.024529
20	0.5	0.029313
20	0.6	0.034119
20	0.7	0.037065
20	0.8	0.03822
20	0.9	0.038717
20	1	0.037424
20	1.1	0.035028
20	1.2	0.033329
20	1.3	0.030805
20	1.4	0.02888
20	1.5	0.026836
20	1.6	0.026002
20	1.7	0.024382
20	1.8	0.023885
20	1.9	0.022612
20	2	0.022054
20	2.1	0.020293
20	2.2	0.018013
20	2.3	0.01759
20	2.4	0.014696
20	2.5	0.013098
20	2.6	0.012067
20	2.7	0.010996
20	2.8	0.0099857
20	2.9	0.0092357
20	3	0.008507
20	3.1	0.0080402
20	3.2	0.0071418
20	3.3	0.0069304
20	3.4	0.0073996
20	3.5	0.0088679
20	3.6	0.0093003
20	3.7	0.0087468
20	3.8	0.0084747
20	3.9	0.0080583
20	4	0.0075381
30	-4	0.0085752
30	-3.9	0.0082603
30	-3.8	0.008654
30	-3.7	0.008982
30	-3.6	0.007935
30	-3.5	0.0078263
30	-3.4	0.0081142
30	-3.3	0.0085714
30	-3.2	0.0093089
30	-3.1	0.010005
30	-3	0.010153
30	-2.9	0.010515
30	-2.8	0.01184
30	-2.7	0.015328
30	-2.6	0.018758
30	-2.5	0.022972
30	-2.4	0.025641
30	-2.3	0.027529
30	-2.2	0.030807
30	-2.1	0.032243
30	-2	0.033113
30	-1.9	0.033644
30	-1.8	0.034115
30	-1.7	0.032559
30	-1.6	0.030083
30	-1.5	0.027572
30	-1.4	0.023067
30	-1.3	0.024361
30	-1.2	0.029061
30	-1.1	0.035494
30	-1	0.042305
30	-0.9	0.047523
30	-0.8	0.049728
30	-0.7	0.047814
30	-0.6	0.042607
30	-0.5	0.039033
30	-0.4	0.031539
30	-0.3	0.025188
30	-0.2	0.019794
30	-0.1	0.01704
30	0	0.014811
30	0.1	0.012662
30	0.2	0.012901
30	0.3	0.015569
30	0.4	0.019699
30	0.5	0.024615
30	0.6	0.02755
30	0.7	0.032216
30	0.8	0.034488
30	0.9	0.035208
30	1	0.034751
30	1.1	0.033949
30	1.2	0.032432
30	1.3	0.031193
30	1.4	0.030142
30	1.5	0.030311
30	1.6	0.028675
30	1.7	0.027405
30	1.8	0.025269
30	1.9	0.024431
30	2	0.022845
30	2.1	0.020833
30	2.2	0.019581
30	2.3	0.018955
30	2.4	0.017376
30	2.5	0.015106
30	2.6	0.012876
30	2.7	0.011966
30	2.8	0.010584
30	2.9	0.00973
30	3	0.009084
30	3.1	0.0089152
30	3.2	0.0087745
30	3.3	0.0087394
30	3.4	0.0084632
30	3.5	0.0082993
30	3.6	0.0078469
30	3.7	0.0077745
30	3.8	0.0078346
30	3.9	0.0074713
30	4	0.0075595
40	-4	0.007693
40	-3.9	0.0073712
40	-3.8	0.0073294
40	-3.7	0.0054886
40	-3.6	0.0055326
40	-3.5	0.0060888
40	-3.4	0.0076551
40	-3.3	0.0077766
40	-3.2	0.0091584
40	-3.1	0.0088898
40	-3	0.0076106
40	-2.9	0.0076021
40	-2.8	0.0083904
40	-2.7	0.013692
40	-2.6	0.017276
40	-2.5	0.021338
40	-2.4	0.023958
40	-2.3	0.024875
40	-2.2	0.025577
40	-2.1	0.026761
40	-2	0.029281
40	-1.9	0.031596
40	-1.8	0.033813
40	-1.7	0.032824
40	-1.6	0.031132
40	-1.5	0.027456
40	-1.4	0.022371
40	-1.3	0.021346
40	-1.2	0.026012
40	-1.1	0.032896
40	-1	0.040941
40	-0.9	0.045642
40	-0.8	0.049147
40	-0.7	0.046721
40	-0.6	0.042216
40	-0.5	0.036085
40	-0.4	0.029119
40	-0.3	0.023012
40	-0.2	0.017816
40	-0.1	0.015291
40	0	0.013933
40	0.1	0.013779
40	0.2	0.013723
40	0.3	0.016459
40	0.4	0.021197
40	0.5	0.022717
40	0.6	0.028028
40	0.7	0.03009
40	0.8	0.031123
40	0.9	0.030376
40	1	0.029142
40	1.1	0.029051
40	1.2	0.028001
40	1.3	0.027951
40	1.4	0.028
40	1.5	0.028899
40	1.6	0.028271
40	1.7	0.025993
40	1.8	0.024181
40	1.9	0.02327
40	2	0.021848
40	2.1	0.020411
40	2.2	0.018439
40	2.3	0.017363
40	2.4	0.016166
40	2.5	0.012862
40	2.6	0.010902
40	2.7	0.0095269
40	2.8	0.0089243
40	2.9	0.0085203
40	3	0.0082289
40	3.1	0.0081182
40	3.2	0.0084019
40	3.3	0.008008
40	3.4	0.0083363
40	3.5	0.0071236
40	3.6	0.0064095
40	3.7	0.0065245
40	3.8	0.0076509
40	3.9	0.0067221
40	4	0.0071869
50	-4	0.0074345
50	-3.9	0.0076064
50	-3.8	0.0077474
50	-3.7	0.0076255
50	-3.6	0.0064145
50	-3.5	0.00611
50	-3.4	0.0060087
50	-3.3	0.0070667
50	-3.2	0.0085808
50	-3.1	0.0090448
50	-3	0.0084728
50	-2.9	0.008223
50	-2.8	0.0087431
50	-2.7	0.011583
50	-2.6	0.015947
50	-2.5	0.020892
50	-2.4	0.024084
50	-2.3	0.024901
50	-2.2	0.024483
50	-2.1	0.024552
50	-2	0.024993
50	-1.9	0.025918
50	-1.8	0.029044
50	-1.7	0.029166
50	-1.6	0.027931
50	-1.5	0.024929
50	-1.4	0.020611
50	-1.3	0.018022
50	-1.2	0.019708
50	-1.1	0.028137
50	-1	0.034801
50	-0.9	0.041404
50	-0.8	0.044997
50	-0.7	0.044208
50	-0.6	0.043845
50	-0.5	0.037746
50	-0.4	0.031386
50	-0.3	0.025376
50	-0.2	0.019941
50	-0.1	0.017466
50	0	0.015538
50	0.1	0.013963
50	0.2	0.013249
50	0.3	0.015138
50	0.4	0.018877
50	0.5	0.025463
50	0.6	0.027468
50	0.7	0.032395
50	0.8	0.033979
50	0.9	0.032595
50	1	0.031019
50	1.1	0.029023
50	1.2	0.02632
50	1.3	0.024893
50	1.4	0.024867
50	1.5	0.025413
50	1.6	0.02591
50	1.7	0.025928
50	1.8	0.025397
50	1.9	0.024402
50	2	0.023489
50	2.1	0.021208
50	2.2	0.01928
50	2.3	0.017773
50	2.4	0.015409
50	2.5	0.012838
50	2.6	0.011173
50	2.7	0.010029
50	2.8	0.0082779
50	2.9	0.0073909
50	3	0.0067724
50	3.1	0.0064972
50	3.2	0.006698
50	3.3	0.0071914
50	3.4	0.0077098
50	3.5	0.0070438
50	3.6	0.0072026
50	3.7	0.0075209
50	3.8	0.0077745
50	3.9	0.0080703
50	4	0.0076551
60	-4	0.006259
60	-3.9	0.0075188
60	-3.8	0.0084346
60	-3.7	0.0075166
60	-3.6	0.0072785
60	-3.5	0.0069653
60	-3.4	0.0067101
60	-3.3	0.0072205
60	-3.2	0.0072607
60	-3.1	0.0075231
60	-3	0.0077286
60	-2.9	0.0084652
60	-2.8	0.010648
60	-2.7	0.013598
60	-2.6	0.016354
60	-2.5	0.018509
60	-2.4	0.0217
60	-2.3	0.023358
60	-2.2	0.025253
60	-2.1	0.025964
60	-2	0.028076
60	-1.9	0.029165
60	-1.8	0.030798
60	-1.7	0.030217
60	-1.6	0.027853
60	-1.5	0.021641
60	-1.4	0.018322
60	-1.3	0.01763
60	-1.2	0.020099
60	-1.1	0.027005
60	-1	0.03093
60	-0.9	0.038159
60	-0.8	0.04077
60	-0.7	0.041031
60	-0.6	0.039925
60	-0.5	0.036464
60	-0.4	0.032707
60	-0.3	0.028608
60	-0.2	0.023283
60	-0.1	0.020369
60	0	0.018695
60	0.1	0.01587
60	0.2	0.014501
60	0.3	0.015289
60	0.4	0.017934
60	0.5	0.022111
60	0.6	0.024416
60	0.7	0.028658
60	0.8	0.032233
60	0.9	0.032164
60	1	0.032357
60	1.1	0.030831
60	1.2	0.028302
60	1.3	0.026609
60	1.4	0.025691
60	1.5	0.025538
60	1.6	0.026073
60	1.7	0.026409
60	1.8	0.026518
60	1.9	0.026861
60	2	0.025808
60	2.1	0.023635
60	2.2	0.021163
60	2.3	0.020027
60	2.4	0.01726
60	2.5	0.014097
60	2.6	0.012705
60	2.7	0.011285
60	2.8	0.010024
60	2.9	0.0087837
60	3	0.0074994
60	3.1	0.0069024
60	3.2	0.0064897
60	3.3	0.007294
60	3.4	0.0079979
60	3.5	0.0078056
60	3.6	0.0081639
60	3.7	0.0076888
60	3.8	0.007583
60	3.9	0.0073338
60	4	0.0070047
70	-4	0.0066399
70	-3.9	0.0081023
70	-3.8	0.008654
70	-3.7	0.0088534
70	-3.6	0.0085676
70	-3.5	0.0073117
70	-3.4	0.0058919
70	-3.3	0.0065145
70	-3.2	0.0074605
70	-3.1	0.0079837
70	-3	0.0084975
70	-2.9	0.0084134
70	-2.8	0.0088278
70	-2.7	0.011008
70	-2.6	0.013246
70	-2.5	0.017423
70	-2.4	0.020009
70	-2.3	0.021627
70	-2.2	0.022846
70	-2.1	0.023533
70	-2	0.023644
70	-1.9	0.023759
70	-1.8	0.024803
70	-1.7	0.024998
70	-1.6	0.025116
70	-1.5	0.022991
70	-1.4	0.020387
70	-1.3	0.015412
70	-1.2	0.015694
70	-1.1	0.023155
70	-1	0.028771
70	-0.9	0.038047
70	-0.8	0.04199
70	-0.7	0.043204
70	-0.6	0.04266
70	-0.5	0.039838
70	-0.4	0.034843
70	-0.3	0.029104
70	-0.2	0.024995
70	-0.1	0.020465
70	0	0.018146
70	0.1	0.016245
70	0.2	0.01487
70	0.3	0.014963
70	0.4	0.018126
70	0.5	0.022685
70	0.6	0.027247
70	0.7	0.034856
70	0.8	0.036083
70	0.9	0.036899
70	1	0.034971
70	1.1	0.030878
70	1.2	0.027617
70	1.3	0.024829
70	1.4	0.02395
70	1.5	0.024357
70	1.6	0.025634
70	1.7	0.026717
70	1.8	0.026277
70	1.9	0.026893
70	2	0.026024
70	2.1	0.024209
70	2.2	0.022099
70	2.3	0.021105
70	2.4	0.020386
70	2.5	0.018407
70	2.6	0.015839
70	2.7	0.014093
70	2.8	0.012685
70	2.9	0.0094519
70	3	0.008012
70	3.1	0.0074083
70	3.2	0.0077953
70	3.3	0.0075915
70	3.4	0.0076951
70	3.5	0.0078201
70	3.6	0.0074018
70	3.7	0.0083207
70	3.8	0.0087929
70	3.9	0.0093816
70	4	0.0087671
80	-4	0.0063868
80	-3.9	0.0081381
80	-3.8	0.0081935
80	-3.7	0.0081994
80	-3.6	0.0069211
80	-3.5	0.0064497
80	-3.4	0.0071779
80	-3.3	0.0074388
80	-3.2	0.0092515
80	-3.1	0.0089946
80	-3	0.0080442
80	-2.9	0.0070941
80	-2.8	0.0069071
80	-2.7	0.0086763
80	-2.6	0.013023
80	-2.5	0.016088
80	-2.4	0.019753
80	-2.3	0.021326
80	-2.2	0.021521
80	-2.1	0.021741
80	-2	0.023128
80	-1.9	0.024338
80	-1.8	0.026972
80	-1.7	0.02831
80	-1.6	0.02749
80	-1.5	0.0246
80	-1.4	0.022531
80	-1.3	0.016329
80	-1.2	0.015283
80	-1.1	0.019932
80	-1	0.026926
80	-0.9	0.033842
80	-0.8	0.037873
80	-0.7	0.041401
80	-0.6	0.041766
80	-0.5	0.040256
80	-0.4	0.038215
80	-0.3	0.033212
80	-0.2	0.025946
80	-0.1	0.024212
80	0	0.021218
80	0.1	0.018464
80	0.2	0.017248
80	0.3	0.018307
80	0.4	0.021019
80	0.5	0.023901
80	0.6	0.028076
80	0.7	0.032482
80	0.8	0.034752
80	0.9	0.035591
80	1	0.03462
80	1.1	0.032983
80	1.2	0.029656
80	1.3	0.028156
80	1.4	0.025519
80	1.5	0.025649
80	1.6	0.026685
80	1.7	0.028359
80	1.8	0.02943
80	1.9	0.030112
80	2	0.029975
80	2.1	0.028696
80	2.2	0.027535
80	2.3	0.024545
80	2.4	0.023169
80	2.5	0.019742
80	2.6	0.017623
80	2.7	0.015936
80	2.8	0.014413
80	2.9	0.01377
80	3	0.011608
80	3.1	0.010952
80	3.2	0.010172
80	3.3	0.010751
80	3.4	0.010656
80	3.5	0.010441
80	3.6	0.010194
80	3.7	0.010337
80	3.8	0.010176
80	3.9	0.010469
80	4	0.009839
90	-4	0.0072161
90	-3.9	0.0080543
90	-3.8	0.0087431
90	-3.7	0.0086165
90	-3.6	0.0079085
90	-3.5	0.0075402
90	-3.4	0.0068813
90	-3.3	0.0068907
90	-3.2	0.008667
90	-3.1	0.0092165
90	-3	0.0099322
90	-2.9	0.0087024
90	-2.8	0.0074149
90	-2.7	0.0074562
90	-2.6	0.0090982
90	-2.5	0.01276
90	-2.4	0.016928
90	-2.3	0.019638
90	-2.2	0.02124
90	-2.1	0.021931
90	-2	0.022881
90	-1.9	0.023644
90	-1.8	0.02489
90	-1.7	0.026296
90	-1.6	0.026194
90	-1.5	0.025547
90	-1.4	0.022789
90	-1.3	0.01928
90	-1.2	0.01725
90	-1.1	0.019099
90	-1	0.024285
90	-0.9	0.029827
90	-0.8	0.036765
90	-0.7	0.041302
90	-0.6	0.043724
90	-0.5	0.04322
90	-0.4	0.040555
90	-0.3	0.035644
90	-0.2	0.030943
90	-0.1	0.028518
90	0	0.024254
90	0.1	0.021828
90	0.2	0.01971
90	0.3	0.01982
90	0.4	0.022812
90	0.5	0.027389
90	0.6	0.030715
90	0.7	0.037906
90	0.8	0.041966
90	0.9	0.042147
90	1	0.040425
90	1.1	0.038196
90	1.2	0.034846
90	1.3	0.030697
90	1.4	0.02857
90	1.5	0.028218
90	1.6	0.029606
90	1.7	0.03237
90	1.8	0.032697
90	1.9	0.032768
90	2	0.032971
90	2.1	0.0316
90	2.2	0.029812
90	2.3	0.026341
90	2.4	0.024644
90	2.5	0.023018
90	2.6	0.019242
90	2.7	0.016144
90	2.8	0.015053
90	2.9	0.012837
90	3	0.01098
90	3.1	0.0088752
90	3.2	0.0085336
90	3.3	0.0092182
90	3.4	0.0097167
90	3.5	0.0096332
90	3.6	0.009839
90	3.7	0.0095776
90	3.8	0.0103
90	3.9	0.0088479
90	4	0.0091584
100	-4	0.008313
100	-3.9	0.0096449
100	-3.8	0.010509
100	-3.7	0.010866
100	-3.6	0.010648
100	-3.5	0.008732
100	-3.4	0.0085412
100	-3.3	0.0084115
100	-3.2	0.0098258
100	-3.1	0.010192
100	-3	0.010971
100	-2.9	0.010535
100	-2.8	0.0092916
100	-2.7	0.0084671
100	-2.6	0.0083421
100	-2.5	0.011119
100	-2.4	0.014911
100	-2.3	0.01809
100	-2.2	0.020425
100	-2.1	0.022683
100	-2	0.024347
100	-1.9	0.025324
100	-1.8	0.026154
100	-1.7	0.027655
100	-1.6	0.027968
100	-1.5	0.027587
100	-1.4	0.025222
100	-1.3	0.022562
100	-1.2	0.019043
100	-1.1	0.019158
100	-1	0.023689
100	-0.9	0.031088
100	-0.8	0.035005
100	-0.7	0.039502
100	-0.6	0.041388
100	-0.5	0.041577
100	-0.4	0.039653
100	-0.3	0.037363
100	-0.2	0.034095
100	-0.1	0.032156
100	0	0.029774
100	0.1	0.025736
100	0.2	0.0242
100	0.3	0.022973
100	0.4	0.025339
100	0.5	0.029123
100	0.6	0.034967
100	0.7	0.039897
100	0.8	0.043957
100	0.9	0.044458
100	1	0.043034
100	1.1	0.037887
100	1.2	0.035358
100	1.3	0.032717
100	1.4	0.031205
100	1.5	0.031171
100	1.6	0.03325
100	1.7	0.034403
100	1.8	0.03491
100	1.9	0.03471
100	2	0.034407
100	2.1	0.033002
100	2.2	0.031839
100	2.3	0.029083
100	2.4	0.026441
100	2.5	0.023774
100	2.6	0.020425
100	2.7	0.016487
100	2.8	0.013601
100	2.9	0.010167
100	3	0.009084
100	3.1	0.0083246
100	3.2	0.0089387
100	3.3	0.0097582
100	3.4	0.0095675
100	3.5	0.0092689
100	3.6	0.008955
100	3.7	0.008225
100	3.8	0.0082759
100	3.9	0.0077286
100	4	0.0076867
110	-4	0.0067915
110	-3.9	0.007617
110	-3.8	0.0092619
110	-3.7	0.0098669
110	-3.6	0.0098275
110	-3.5	0.0095844
110	-3.4	0.0096332
110	-3.3	0.0091018
110	-3.2	0.0098225
110	-3.1	0.010189
110	-3	0.010353
110	-2.9	0.0094108
110	-2.8	0.009227
110	-2.7	0.0080723
110	-2.6	0.0086689
110	-2.5	0.010862
110	-2.4	0.014262
110	-2.3	0.016854
110	-2.2	0.019342
110	-2.1	0.020308
110	-2	0.022387
110	-1.9	0.024824
110	-1.8	0.027343
110	-1.7	0.02878
110	-1.6	0.029719
110	-1.5	0.029422
110	-1.4	0.027244
110	-1.3	0.022922
110	-1.2	0.02
110	-1.1	0.019974
110	-1	0.024141
110	-0.9	0.028887
110	-0.8	0.03715
110	-0.7	0.041276
110	-0.6	0.044814
110	-0.5	0.044973
110	-0.4	0.04221
110	-0.3	0.038756
110	-0.2	0.03508
110	-0.1	0.030329
110	0	0.027157
110	0.1	0.024601
110	0.2	0.023377
110	0.3	0.023915
110	0.4	0.027333
110	0.5	0.030749
110	0.6	0.035759
110	0.7	0.040832
110	0.8	0.045532
110	0.9	0.046177
110	1	0.04549
110	1.1	0.042639
110	1.2	0.036882
110	1.3	0.03282
110	1.4	0.030782
110	1.5	0.029755
110	1.6	0.030785
110	1.7	0.033126
110	1.8	0.034971
110	1.9	0.036365
110	2	0.036918
110	2.1	0.035216
110	2.2	0.032755
110	2.3	0.030635
110	2.4	0.027567
110	2.5	0.024768
110	2.6	0.021973
110	2.7	0.018945
110	2.8	0.017612
110	2.9	0.015654
110	3	0.013064
110	3.1	0.010437
110	3.2	0.010186
110	3.3	0.010347
110	3.4	0.010488
110	3.5	0.011144
110	3.6	0.011379
110	3.7	0.010412
110	3.8	0.010701
110	3.9	0.010591
110	4	0.010427
120	-4	0.0078942
120	-3.9	0.0090982
120	-3.8	0.010549
120	-3.7	0.011383
120	-3.6	0.011791
120	-3.5	0.012215
120	-3.4	0.011385
120	-3.3	0.011446
120	-3.2	0.011335
120	-3.1	0.0117
120	-3	0.011896
120	-2.9	0.01166
120	-2.8	0.010148
120	-2.7	0.0096348
120	-2.6	0.008973
120	-2.5	0.011148
120	-2.4	0.01435
120	-2.3	0.018175
120	-2.2	0.020058
120	-2.1	0.02091
120	-2	0.02172
120	-1.9	0.022425
120	-1.8	0.025574
120	-1.7	0.027362
120	-1.6	0.029042
120	-1.5	0.029591
120	-1.4	0.028011
120	-1.3	0.024458
120	-1.2	0.020249
120	-1.1	0.018191
120	-1	0.02066
120	-0.9	0.025185
120	-0.8	0.033568
120	-0.7	0.039172
120	-0.6	0.042311
120	-0.5	0.044146
120	-0.4	0.044032
120	-0.3	0.041117
120	-0.2	0.036471
120	-0.1	0.030152
120	0	0.028564
120	0.1	0.024147
120	0.2	0.022215
120	0.3	0.023198
120	0.4	0.025768
120	0.5	0.02951
120	0.6	0.036172
120	0.7	0.040139
120	0.8	0.044443
120	0.9	0.046894
120	1	0.046594
120	1.1	0.044547
120	1.2	0.041467
120	1.3	0.037172
120	1.4	0.032547
120	1.5	0.030155
120	1.6	0.029487
120	1.7	0.031639
120	1.8	0.033192
120	1.9	0.035645
120	2	0.035944
120	2.1	0.035418
120	2.2	0.032209
120	2.3	0.029415
120	2.4	0.026499
120	2.5	0.024276
120	2.6	0.021691
120	2.7	0.019496
120	2.8	0.016756
120	2.9	0.016036
120	3	0.013194
120	3.1	0.011737
120	3.2	0.010923
120	3.3	0.01023
120	3.4	0.0098652
120	3.5	0.010624
120	3.6	0.010495
120	3.7	0.0099922
120	3.8	0.010372
120	3.9	0.010127
120	4	0.0098242
130	-4	0.0076149
130	-3.9	0.0092881
130	-3.8	0.010918
130	-3.7	0.01269
130	-3.6	0.012047
130	-3.5	0.010945
130	-3.4	0.010199
130	-3.3	0.010697
130	-3.2	0.011465
130	-3.1	0.012528
130	-3	0.012635
130	-2.9	0.011376
130	-2.8	0.0095658
130	-2.7	0.0080703
130	-2.6	0.0085013
130	-2.5	0.012607
130	-2.4	0.01495
130	-2.3	0.017967
130	-2.2	0.019042
130	-2.1	0.01971
130	-2	0.019935
130	-1.9	0.023334
130	-1.8	0.026291
130	-1.7	0.02995
130	-1.6	0.032673
130	-1.5	0.033069
130	-1.4	0.030574
130	-1.3	0.024867
130	-1.2	0.019141
130	-1.1	0.017548
130	-1	0.020922
130	-0.9	0.029962
130	-0.8	0.038656
130	-0.7	0.045912
130	-0.6	0.047794
130	-0.5	0.046879
130	-0.4	0.042904
130	-0.3	0.03892
130	-0.2	0.032377
130	-0.1	0.02913
130	0	0.024433
130	0.1	0.021881
130	0.2	0.020606
130	0.3	0.021993
130	0.4	0.027188
130	0.5	0.030579
130	0.6	0.037352
130	0.7	0.041755
130	0.8	0.047003
130	0.9	0.047458
130	1	0.047463
130	1.1	0.045446
130	1.2	0.040802
130	1.3	0.035397
130	1.4	0.031416
130	1.5	0.029923
130	1.6	0.029796
130	1.7	0.030683
130	1.8	0.032258
130	1.9	0.034326
130	2	0.035447
130	2.1	0.035012
130	2.2	0.032923
130	2.3	0.029907
130	2.4	0.027703
130	2.5	0.0244
130	2.6	0.022557
130	2.7	0.019685
130	2.8	0.018712
130	2.9	0.017007
130	3	0.015147
130	3.1	0.013019
130	3.2	0.011379
130	3.3	0.011278
130	3.4	0.010878
130	3.5	0.011305
130	3.6	0.011132
130	3.7	0.011474
130	3.8	0.011741
130	3.9	0.011942
130	4	0.011637
140	-4	0.0083961
140	-3.9	0.010607
140	-3.8	0.012663
140	-3.7	0.012767
140	-3.6	0.012341
140	-3.5	0.010601
140	-3.4	0.0092112
140	-3.3	0.0088424
140	-3.2	0.01006
140	-3.1	0.013144
140	-3	0.013673
140	-2.9	0.013298
140	-2.8	0.01089
140	-2.7	0.0071032
140	-2.6	0.0069537
140	-2.5	0.010526
140	-2.4	0.014506
140	-2.3	0.017684
140	-2.2	0.019356
140	-2.1	0.018948
140	-2	0.019149
140	-1.9	0.020506
140	-1.8	0.024759
140	-1.7	0.027322
140	-1.6	0.0294
140	-1.5	0.030716
140	-1.4	0.029464
140	-1.3	0.025235
140	-1.2	0.017414
140	-1.1	0.016885
140	-1	0.019879
140	-0.9	0.026884
140	-0.8	0.03462
140	-0.7	0.041458
140	-0.6	0.044442
140	-0.5	0.044891
140	-0.4	0.043294
140	-0.3	0.036514
140	-0.2	0.032034
140	-0.1	0.026766
140	0	0.021792
140	0.1	0.017887
140	0.2	0.017284
140	0.3	0.018315
140	0.4	0.023714
140	0.5	0.028199
140	0.6	0.035005
140	0.7	0.040677
140	0.8	0.045122
140	0.9	0.046643
140	1	0.046029
140	1.1	0.04395
140	1.2	0.038853
140	1.3	0.034291
140	1.4	0.031565
140	1.5	0.03026
140	1.6	0.029533
140	1.7	0.030226
140	1.8	0.031451
140	1.9	0.03281
140	2	0.032609
140	2.1	0.030764
140	2.2	0.029597
140	2.3	0.028599
140	2.4	0.02689
140	2.5	0.024228
140	2.6	0.021626
140	2.7	0.019097
140	2.8	0.017029
140	2.9	0.01499
140	3	0.012502
140	3.1	0.011029
140	3.2	0.010471
140	3.3	0.0095387
140	3.4	0.0091619
140	3.5	0.0093159
140	3.6	0.0091655
140	3.7	0.00972
140	3.8	0.010517
140	3.9	0.010353
140	4	0.01034
150	-4	0.009618
150	-3.9	0.010955
150	-3.8	0.011056
150	-3.7	0.01011
150	-3.6	0.0092567
150	-3.5	0.0080482
150	-3.4	0.0091602
150	-3.3	0.010041
150	-3.2	0.011881
150	-3.1	0.012042
150	-3	0.011406
150	-2.9	0.0097084
150	-2.8	0.0070507
150	-2.7	0.0060782
150	-2.6	0.0084441
150	-2.5	0.011008
150	-2.4	0.01284
150	-2.3	0.015989
150	-2.2	0.016913
150	-2.1	0.017752
150	-2	0.020032
150	-1.9	0.023299
150	-1.8	0.026629
150	-1.7	0.02848
150	-1.6	0.028244
150	-1.5	0.025692
150	-1.4	0.023133
150	-1.3	0.017453
150	-1.2	0.016113
150	-1.1	0.015952
150	-1	0.02304
150	-0.9	0.029045
150	-0.8	0.033373
150	-0.7	0.037278
150	-0.6	0.039965
150	-0.5	0.039309
150	-0.4	0.037163
150	-0.3	0.033356
150	-0.2	0.028049
150	-0.1	0.025972
150	0	0.02039
150	0.1	0.018647
150	0.2	0.016835
150	0.3	0.016997
150	0.4	0.019392
150	0.5	0.023587
150	0.6	0.030708
150	0.7	0.036444
150	0.8	0.042587
150	0.9	0.044139
150	1	0.045571
150	1.1	0.042912
150	1.2	0.040327
150	1.3	0.034521
150	1.4	0.032025
150	1.5	0.0303
150	1.6	0.030152
150	1.7	0.031893
150	1.8	0.033845
150	1.9	0.036356
150	2	0.036197
150	2.1	0.034187
150	2.2	0.030803
150	2.3	0.028401
150	2.4	0.025789
150	2.5	0.022507
150	2.6	0.02117
150	2.7	0.018959
150	2.8	0.017052
150	2.9	0.014528
150	3	0.012
150	3.1	0.010551
150	3.2	0.010323
150	3.3	0.010426
150	3.4	0.011187
150	3.5	0.011589
150	3.6	0.011233
150	3.7	0.010829
150	3.8	0.0098865
150	3.9	0.0093332
150	4	0.0083846
160	-4	0.0077245
160	-3.9	0.0099647
160	-3.8	0.010948
160	-3.7	0.010959
160	-3.6	0.010095
160	-3.5	0.0097333
160	-3.4	0.008639
160	-3.3	0.0083961
160	-3.2	0.010623
160	-3.1	0.011803
160	-3	0.012138
160	-2.9	0.011174
160	-2.8	0.008148
160	-2.7	0.0065121
160	-2.6	0.0065344
160	-2.5	0.010446
160	-2.4	0.013079
160	-2.3	0.016526
160	-2.2	0.017743
160	-2.1	0.019579
160	-2	0.02046
160	-1.9	0.025037
160	-1.8	0.026296
160	-1.7	0.027579
160	-1.6	0.028189
160	-1.5	0.02651
160	-1.4	0.023883
160	-1.3	0.019288
160	-1.2	0.016108
160	-1.1	0.016017
160	-1	0.022852
160	-0.9	0.027461
160	-0.8	0.032617
160	-0.7	0.035855
160	-0.6	0.037872
160	-0.5	0.036735
160	-0.4	0.033424
160	-0.3	0.027183
160	-0.2	0.024035
160	-0.1	0.019438
160	0	0.01635
160	0.1	0.014197
160	0.2	0.0128
160	0.3	0.013334
160	0.4	0.015918
160	0.5	0.023781
160	0.6	0.025486
160	0.7	0.034732
160	0.8	0.039521
160	0.9	0.04231
160	1	0.042355
160	1.1	0.040839
160	1.2	0.039332
160	1.3	0.035043
160	1.4	0.031934
160	1.5	0.030102
160	1.6	0.028957
160	1.7	0.029431
160	1.8	0.030704
160	1.9	0.031136
160	2	0.031352
160	2.1	0.03028
160	2.2	0.029152
160	2.3	0.027166
160	2.4	0.02504
160	2.5	0.023192
160	2.6	0.020392
160	2.7	0.017542
160	2.8	0.014709
160	2.9	0.012847
160	3	0.010328
160	3.1	0.0091936
160	3.2	0.0091443
160	3.3	0.0091231
160	3.4	0.0098554
160	3.5	0.0099549
160	3.6	0.0095218
160	3.7	0.0088387
160	3.8	0.0084307
160	3.9	0.0081876
160	4	0.007672
170	-4	0.0078778
170	-3.9	0.0088916
170	-3.8	0.0090911
170	-3.7	0.0092392
170	-3.6	0.0094519
170	-3.5	0.0081162
170	-3.4	0.0077161
170	-3.3	0.0082681
170	-3.2	0.0089116
170	-3.1	0.0090822
170	-3	0.0083188
170	-2.9	0.0073558
170	-2.8	0.0057193
170	-2.7	0.0068507
170	-2.6	0.0087984
170	-2.5	0.012199
170	-2.4	0.015075
170	-2.3	0.01678
170	-2.2	0.017008
170	-2.1	0.017684
170	-2	0.0206
170	-1.9	0.022745
170	-1.8	0.026063
170	-1.7	0.028058
170	-1.6	0.029048
170	-1.5	0.027592
170	-1.4	0.022534
170	-1.3	0.016517
170	-1.2	0.011512
170	-1.1	0.012612
170	-1	0.021704
170	-0.9	0.031491
170	-0.8	0.036891
170	-0.7	0.041936
170	-0.6	0.041431
170	-0.5	0.038484
170	-0.4	0.032389
170	-0.3	0.027531
170	-0.2	0.020976
170	-0.1	0.015707
170	0	0.012199
170	0.1	0.0090608
170	0.2	0.0085393
170	0.3	0.0099663
170	0.4	0.013132
170	0.5	0.019385
170	0.6	0.025208
170	0.7	0.032905
170	0.8	0.037526
170	0.9	0.040294
170	1	0.041905
170	1.1	0.041064
170	1.2	0.035435
170	1.3	0.031723
170	1.4	0.029798
170	1.5	0.027361
170	1.6	0.025201
170	1.7	0.025199
170	1.8	0.026389
170	1.9	0.027947
170	2	0.027974
170	2.1	0.026417
170	2.2	0.024725
170	2.3	0.02267
170	2.4	0.020688
170	2.5	0.019202
170	2.6	0.017057
170	2.7	0.016034
170	2.8	0.015177
170	2.9	0.01338
170	3	0.011712
170	3.1	0.010192
170	3.2	0.0090233
170	3.3	0.0086165
170	3.4	0.0089224
170	3.5	0.00922
170	3.6	0.010331
170	3.7	0.0094142
170	3.8	0.0091142
170	3.9	0.0088424
170	4	0.0092077
180	-4	0.010282
180	-3.9	0.010361
180	-3.8	0.01007
180	-3.7	0.009997
180	-3.6	0.0093902
180	-3.5	0.0087468
180	-3.4	0.0089946
180	-3.3	0.0097449
180	-3.2	0.00922
180	-3.1	0.0082837
180	-3	0.0073996
180	-2.9	0.0066179
180	-2.8	0.0065393
180	-2.7	0.0078407
180	-2.6	0.010356
180	-2.5	0.012699
180	-2.4	0.014799
180	-2.3	0.016241
180	-2.2	0.019296
180	-2.1	0.021118
180	-2	0.025163
180	-1.9	0.027796
180	-1.8	0.029986
180	-1.7	0.029817
180	-1.6	0.027646
180	-1.5	0.02499
180	-1.4	0.019353
180	-1.3	0.015121
180	-1.2	0.0143
180	-1.1	0.020383
180	-1	0.028533
180	-0.9	0.034085
180	-0.8	0.039015
180	-0.7	0.039756
180	-0.6	0.037151
180	-0.5	0.034385
180	-0.4	0.02797
180	-0.3	0.021375
180	-0.2	0.015746
180	-0.1	0.010342
180	0	0.0080281
180	0.1	0.0084326
180	0.2	0.0074192
180	0.3	0.0072696
180	0.4	0.01006
180	0.5	0.015053
180	0.6	0.020608
180	0.7	0.027817
180	0.8	0.03264
180	0.9	0.035154
180	1	0.038373
180	1.1	0.038667
180	1.2	0.037008
180	1.3	0.032682
180	1.4	0.029123
180	1.5	0.026721
180	1.6	0.024349
180	1.7	0.024087
180	1.8	0.025249
180	1.9	0.025504
180	2	0.025816
180	2.1	0.025413
180	2.2	0.02395
180	2.3	0.022048
180	2.4	0.020244
180	2.5	0.01762
180	2.6	0.016736
180	2.7	0.015781
180	2.8	0.014451
180	2.9	0.012888
180	3	0.010804
180	3.1	0.0089514
180	3.2	0.0082603
180	3.3	0.0074018
180	3.4	0.0080543
180	3.5	0.0081975
180	3.6	0.0082642
180	3.7	0.0084956
180	3.8	0.0085695
180	3.9	0.0087061
180	4	0.0082896
 
Uniformity Ratio =0.45043
