05-Jan-2018
9:38
TXR  008006 RM428 R24
33511B Function Generator
SN =Agilent Technologies,33511B,MY52301476,3.05-1.19-2.00-52-00
freq =+9.270000000000000E+06
burstmode =TRIG
burstN =+6.000000000000000E+01
voltage =+1.5000000000000E-01
 
DSO-X 2022A Oscilloscope
SN =AGILENT TECHNOLOGIES,DSO-X 2022A,MY54310921,02.41.2015102200
probe =+1.0000000E+00
scale =+500.0E-09
position =+19.900000E-06
range =+1.60E+00
units =VOLT
points =+2000
pointmode =NORM
format =BYTE
acqtype =NORM
trigsource =EXT
coupling =AC
 
-180	-4	0.0061993
-180	-3.9	0.0070713
-180	-3.8	0.0075102
-180	-3.7	0.0084115
-180	-3.6	0.0085657
-180	-3.5	0.00878
-180	-3.4	0.0092042
-180	-3.3	0.010259
-180	-3.2	0.01027
-180	-3.1	0.012044
-180	-3	0.012443
-180	-2.9	0.013392
-180	-2.8	0.015395
-180	-2.7	0.01693
-180	-2.6	0.019626
-180	-2.5	0.022152
-180	-2.4	0.023108
-180	-2.3	0.023836
-180	-2.2	0.023751
-180	-2.1	0.02368
-180	-2	0.023533
-180	-1.9	0.023863
-180	-1.8	0.024557
-180	-1.7	0.025555
-180	-1.6	0.025252
-180	-1.5	0.025745
-180	-1.4	0.026886
-180	-1.3	0.029817
-180	-1.2	0.034483
-180	-1.1	0.042395
-180	-1	0.048052
-180	-0.9	0.051705
-180	-0.8	0.055321
-180	-0.7	0.055239
-180	-0.6	0.051951
-180	-0.5	0.04342
-180	-0.4	0.037971
-180	-0.3	0.030139
-180	-0.2	0.021242
-180	-0.1	0.015724
-180	0	0.012195
-180	0.1	0.01154
-180	0.2	0.01372
-180	0.3	0.017019
-180	0.4	0.020706
-180	0.5	0.02444
-180	0.6	0.031777
-180	0.7	0.035362
-180	0.8	0.042419
-180	0.9	0.046404
-180	1	0.049404
-180	1.1	0.051315
-180	1.2	0.051655
-180	1.3	0.048274
-180	1.4	0.045756
-180	1.5	0.040831
-180	1.6	0.035971
-180	1.7	0.032875
-180	1.8	0.029781
-180	1.9	0.028738
-180	2	0.028847
-180	2.1	0.02861
-180	2.2	0.028451
-180	2.3	0.02558
-180	2.4	0.0241
-180	2.5	0.022137
-180	2.6	0.020904
-180	2.7	0.020005
-180	2.8	0.019868
-180	2.9	0.019775
-180	3	0.018953
-180	3.1	0.016817
-180	3.2	0.014389
-180	3.3	0.012652
-180	3.4	0.011554
-180	3.5	0.010962
-180	3.6	0.011427
-180	3.7	0.011475
-180	3.8	0.011113
-180	3.9	0.01046
-180	4	0.008654
-170	-4	0.010443
-170	-3.9	0.011265
-170	-3.8	0.0099647
-170	-3.7	0.00966
-170	-3.6	0.0094074
-170	-3.5	0.010768
-170	-3.4	0.011468
-170	-3.3	0.013597
-170	-3.2	0.014747
-170	-3.1	0.014991
-170	-3	0.015247
-170	-2.9	0.015886
-170	-2.8	0.018462
-170	-2.7	0.021058
-170	-2.6	0.023484
-170	-2.5	0.025297
-170	-2.4	0.025601
-170	-2.3	0.025293
-170	-2.2	0.023798
-170	-2.1	0.023069
-170	-2	0.023659
-170	-1.9	0.024632
-170	-1.8	0.025953
-170	-1.7	0.027965
-170	-1.6	0.028395
-170	-1.5	0.028102
-170	-1.4	0.029144
-170	-1.3	0.032548
-170	-1.2	0.038841
-170	-1.1	0.045922
-170	-1	0.050881
-170	-0.9	0.056828
-170	-0.8	0.059865
-170	-0.7	0.058592
-170	-0.6	0.054126
-170	-0.5	0.048382
-170	-0.4	0.040758
-170	-0.3	0.029262
-170	-0.2	0.023404
-170	-0.1	0.013874
-170	0	0.012384
-170	0.1	0.011879
-170	0.2	0.015214
-170	0.3	0.019516
-170	0.4	0.024066
-170	0.5	0.029113
-170	0.6	0.034642
-170	0.7	0.040936
-170	0.8	0.044029
-170	0.9	0.047662
-170	1	0.049824
-170	1.1	0.05048
-170	1.2	0.050011
-170	1.3	0.046919
-170	1.4	0.043265
-170	1.5	0.0391
-170	1.6	0.034669
-170	1.7	0.031974
-170	1.8	0.029366
-170	1.9	0.028524
-170	2	0.028315
-170	2.1	0.02771
-170	2.2	0.026245
-170	2.3	0.02464
-170	2.4	0.023362
-170	2.5	0.022652
-170	2.6	0.021951
-170	2.7	0.021074
-170	2.8	0.019988
-170	2.9	0.018914
-170	3	0.018112
-170	3.1	0.01558
-170	3.2	0.01351
-170	3.3	0.012142
-170	3.4	0.011424
-170	3.5	0.011496
-170	3.6	0.011395
-170	3.7	0.011033
-170	3.8	0.010514
-170	3.9	0.0091989
-170	4	0.0087635
-160	-4	0.010102
-160	-3.9	0.010509
-160	-3.8	0.010572
-160	-3.7	0.0097466
-160	-3.6	0.010333
-160	-3.5	0.011311
-160	-3.4	0.012212
-160	-3.3	0.014766
-160	-3.2	0.016138
-160	-3.1	0.017548
-160	-3	0.01829
-160	-2.9	0.019077
-160	-2.8	0.020752
-160	-2.7	0.022459
-160	-2.6	0.024579
-160	-2.5	0.02643
-160	-2.4	0.026308
-160	-2.3	0.026762
-160	-2.2	0.027197
-160	-2.1	0.027659
-160	-2	0.02884
-160	-1.9	0.029839
-160	-1.8	0.029814
-160	-1.7	0.029632
-160	-1.6	0.03134
-160	-1.5	0.031778
-160	-1.4	0.035167
-160	-1.3	0.040096
-160	-1.2	0.047902
-160	-1.1	0.05088
-160	-1	0.057023
-160	-0.9	0.058875
-160	-0.8	0.057221
-160	-0.7	0.054367
-160	-0.6	0.04683
-160	-0.5	0.038193
-160	-0.4	0.032853
-160	-0.3	0.025606
-160	-0.2	0.020408
-160	-0.1	0.014784
-160	0	0.012833
-160	0.1	0.014284
-160	0.2	0.017732
-160	0.3	0.023503
-160	0.4	0.026288
-160	0.5	0.031115
-160	0.6	0.035033
-160	0.7	0.039099
-160	0.8	0.043712
-160	0.9	0.046192
-160	1	0.048537
-160	1.1	0.050681
-160	1.2	0.049909
-160	1.3	0.046603
-160	1.4	0.040535
-160	1.5	0.038996
-160	1.6	0.033612
-160	1.7	0.030629
-160	1.8	0.029519
-160	1.9	0.029828
-160	2	0.029442
-160	2.1	0.028409
-160	2.2	0.026419
-160	2.3	0.0242
-160	2.4	0.021927
-160	2.5	0.021256
-160	2.6	0.020246
-160	2.7	0.019203
-160	2.8	0.0187
-160	2.9	0.01754
-160	3	0.01548
-160	3.1	0.013368
-160	3.2	0.011286
-160	3.3	0.011366
-160	3.4	0.011262
-160	3.5	0.011776
-160	3.6	0.010143
-160	3.7	0.010138
-160	3.8	0.0088186
-160	3.9	0.0078901
-160	4	0.0073404
-150	-4	0.011262
-150	-3.9	0.010574
-150	-3.8	0.0096783
-150	-3.7	0.0099387
-150	-3.6	0.011834
-150	-3.5	0.014153
-150	-3.4	0.016296
-150	-3.3	0.017186
-150	-3.2	0.017191
-150	-3.1	0.016419
-150	-3	0.016872
-150	-2.9	0.019192
-150	-2.8	0.021697
-150	-2.7	0.024159
-150	-2.6	0.02724
-150	-2.5	0.027176
-150	-2.4	0.026007
-150	-2.3	0.024669
-150	-2.2	0.024722
-150	-2.1	0.025574
-150	-2	0.029072
-150	-1.9	0.03129
-150	-1.8	0.033974
-150	-1.7	0.034148
-150	-1.6	0.034348
-150	-1.5	0.036523
-150	-1.4	0.039457
-150	-1.3	0.046456
-150	-1.2	0.050803
-150	-1.1	0.056083
-150	-1	0.060804
-150	-0.9	0.062735
-150	-0.8	0.061817
-150	-0.7	0.055025
-150	-0.6	0.047702
-150	-0.5	0.040909
-150	-0.4	0.025924
-150	-0.3	0.020491
-150	-0.2	0.013456
-150	-0.1	0.01146
-150	0	0.012265
-150	0.1	0.015801
-150	0.2	0.021575
-150	0.3	0.025571
-150	0.4	0.030406
-150	0.5	0.035595
-150	0.6	0.039744
-150	0.7	0.044915
-150	0.8	0.047312
-150	0.9	0.048123
-150	1	0.047927
-150	1.1	0.048024
-150	1.2	0.044752
-150	1.3	0.042309
-150	1.4	0.036877
-150	1.5	0.033605
-150	1.6	0.031068
-150	1.7	0.02968
-150	1.8	0.028799
-150	1.9	0.028216
-150	2	0.028252
-150	2.1	0.026656
-150	2.2	0.024928
-150	2.3	0.022149
-150	2.4	0.020026
-150	2.5	0.019778
-150	2.6	0.019144
-150	2.7	0.018126
-150	2.8	0.017647
-150	2.9	0.01668
-150	3	0.014263
-150	3.1	0.012467
-150	3.2	0.011879
-150	3.3	0.011005
-150	3.4	0.010745
-150	3.5	0.010278
-150	3.6	0.0095776
-150	3.7	0.0088003
-150	3.8	0.0084575
-150	3.9	0.0081381
-150	4	0.0078962
-140	-4	0.011009
-140	-3.9	0.0095184
-140	-3.8	0.0095641
-140	-3.7	0.010145
-140	-3.6	0.012358
-140	-3.5	0.015293
-140	-3.4	0.016482
-140	-3.3	0.017281
-140	-3.2	0.016782
-140	-3.1	0.015975
-140	-3	0.016544
-140	-2.9	0.019926
-140	-2.8	0.023456
-140	-2.7	0.027193
-140	-2.6	0.029072
-140	-2.5	0.028817
-140	-2.4	0.026805
-140	-2.3	0.026097
-140	-2.2	0.026643
-140	-2.1	0.030162
-140	-2	0.033429
-140	-1.9	0.036339
-140	-1.8	0.036829
-140	-1.7	0.03739
-140	-1.6	0.03775
-140	-1.5	0.040272
-140	-1.4	0.045206
-140	-1.3	0.049123
-140	-1.2	0.057883
-140	-1.1	0.060557
-140	-1	0.064675
-140	-0.9	0.06338
-140	-0.8	0.05929
-140	-0.7	0.049723
-140	-0.6	0.038638
-140	-0.5	0.031008
-140	-0.4	0.021686
-140	-0.3	0.015743
-140	-0.2	0.011481
-140	-0.1	0.011335
-140	0	0.013175
-140	0.1	0.01632
-140	0.2	0.022891
-140	0.3	0.027419
-140	0.4	0.032403
-140	0.5	0.037421
-140	0.6	0.042309
-140	0.7	0.043725
-140	0.8	0.04652
-140	0.9	0.046557
-140	1	0.04574
-140	1.1	0.044834
-140	1.2	0.041576
-140	1.3	0.038262
-140	1.4	0.035166
-140	1.5	0.031945
-140	1.6	0.03
-140	1.7	0.029016
-140	1.8	0.027732
-140	1.9	0.02769
-140	2	0.027047
-140	2.1	0.025622
-140	2.2	0.023805
-140	2.3	0.022275
-140	2.4	0.020961
-140	2.5	0.020614
-140	2.6	0.019454
-140	2.7	0.019031
-140	2.8	0.017995
-140	2.9	0.016333
-140	3	0.014833
-140	3.1	0.012863
-140	3.2	0.012515
-140	3.3	0.01231
-140	3.4	0.012396
-140	3.5	0.011368
-140	3.6	0.0106
-140	3.7	0.0092182
-140	3.8	0.0084899
-140	3.9	0.0089152
-140	4	0.0093988
-130	-4	0.0089748
-130	-3.9	0.0079614
-130	-3.8	0.0097416
-130	-3.7	0.013035
-130	-3.6	0.016162
-130	-3.5	0.018087
-130	-3.4	0.018075
-130	-3.3	0.017532
-130	-3.2	0.016038
-130	-3.1	0.01557
-130	-3	0.019204
-130	-2.9	0.023799
-130	-2.8	0.027998
-130	-2.7	0.029753
-130	-2.6	0.030807
-130	-2.5	0.028942
-130	-2.4	0.027838
-130	-2.3	0.029712
-130	-2.2	0.032553
-130	-2.1	0.034724
-130	-2	0.038209
-130	-1.9	0.039876
-130	-1.8	0.039505
-130	-1.7	0.039443
-130	-1.6	0.041715
-130	-1.5	0.047659
-130	-1.4	0.052036
-130	-1.3	0.057946
-130	-1.2	0.062899
-130	-1.1	0.065685
-130	-1	0.065635
-130	-0.9	0.06049
-130	-0.8	0.054171
-130	-0.7	0.045055
-130	-0.6	0.034674
-130	-0.5	0.028157
-130	-0.4	0.020026
-130	-0.3	0.012448
-130	-0.2	0.011099
-130	-0.1	0.012789
-130	0	0.015508
-130	0.1	0.019797
-130	0.2	0.024486
-130	0.3	0.029503
-130	0.4	0.035342
-130	0.5	0.040989
-130	0.6	0.043898
-130	0.7	0.048132
-130	0.8	0.049014
-130	0.9	0.048334
-130	1	0.04675
-130	1.1	0.043028
-130	1.2	0.039397
-130	1.3	0.037349
-130	1.4	0.033449
-130	1.5	0.031369
-130	1.6	0.030779
-130	1.7	0.029401
-130	1.8	0.028785
-130	1.9	0.027488
-130	2	0.025566
-130	2.1	0.023347
-130	2.2	0.022251
-130	2.3	0.021054
-130	2.4	0.021184
-130	2.5	0.020523
-130	2.6	0.019243
-130	2.7	0.017225
-130	2.8	0.014846
-130	2.9	0.012782
-130	3	0.011295
-130	3.1	0.010906
-130	3.2	0.010407
-130	3.3	0.010012
-130	3.4	0.0091972
-130	3.5	0.0080201
-130	3.6	0.007568
-130	3.7	0.0067557
-130	3.8	0.007135
-130	3.9	0.0076297
-130	4	0.0079248
-120	-4	0.01189
-120	-3.9	0.011109
-120	-3.8	0.01198
-120	-3.7	0.014093
-120	-3.6	0.01635
-120	-3.5	0.017462
-120	-3.4	0.018082
-120	-3.3	0.017591
-120	-3.2	0.017713
-120	-3.1	0.019164
-120	-3	0.022309
-120	-2.9	0.026278
-120	-2.8	0.028908
-120	-2.7	0.02998
-120	-2.6	0.029816
-120	-2.5	0.029083
-120	-2.4	0.029878
-120	-2.3	0.031812
-120	-2.2	0.035536
-120	-2.1	0.039041
-120	-2	0.040344
-120	-1.9	0.042457
-120	-1.8	0.041796
-120	-1.7	0.040586
-120	-1.6	0.041328
-120	-1.5	0.044929
-120	-1.4	0.050616
-120	-1.3	0.057822
-120	-1.2	0.060097
-120	-1.1	0.06176
-120	-1	0.060019
-120	-0.9	0.052734
-120	-0.8	0.044052
-120	-0.7	0.037491
-120	-0.6	0.029677
-120	-0.5	0.018199
-120	-0.4	0.012688
-120	-0.3	0.011917
-120	-0.2	0.013084
-120	-0.1	0.015394
-120	0	0.018334
-120	0.1	0.022275
-120	0.2	0.026713
-120	0.3	0.032068
-120	0.4	0.034874
-120	0.5	0.039497
-120	0.6	0.042634
-120	0.7	0.043605
-120	0.8	0.043526
-120	0.9	0.042302
-120	1	0.038773
-120	1.1	0.034767
-120	1.2	0.032042
-120	1.3	0.029024
-120	1.4	0.02583
-120	1.5	0.024921
-120	1.6	0.023612
-120	1.7	0.023005
-120	1.8	0.022305
-120	1.9	0.02172
-120	2	0.020838
-120	2.1	0.020472
-120	2.2	0.019099
-120	2.3	0.018941
-120	2.4	0.018051
-120	2.5	0.017192
-120	2.6	0.015992
-120	2.7	0.013989
-120	2.8	0.013034
-120	2.9	0.011759
-120	3	0.011392
-120	3.1	0.011766
-120	3.2	0.010802
-120	3.3	0.010824
-120	3.4	0.0094963
-120	3.5	0.0087874
-120	3.6	0.0083904
-120	3.7	0.008446
-120	3.8	0.0086745
-120	3.9	0.0087929
-120	4	0.0088296
-110	-4	0.0096516
-110	-3.9	0.0088497
-110	-3.8	0.010462
-110	-3.7	0.01368
-110	-3.6	0.016742
-110	-3.5	0.017896
-110	-3.4	0.018066
-110	-3.3	0.016279
-110	-3.2	0.016106
-110	-3.1	0.017933
-110	-3	0.020885
-110	-2.9	0.026933
-110	-2.8	0.030415
-110	-2.7	0.031965
-110	-2.6	0.030249
-110	-2.5	0.029117
-110	-2.4	0.028782
-110	-2.3	0.033123
-110	-2.2	0.040568
-110	-2.1	0.041879
-110	-2	0.046388
-110	-1.9	0.045579
-110	-1.8	0.043381
-110	-1.7	0.042551
-110	-1.6	0.042222
-110	-1.5	0.048925
-110	-1.4	0.052863
-110	-1.3	0.057328
-110	-1.2	0.059903
-110	-1.1	0.060846
-110	-1	0.054906
-110	-0.9	0.048993
-110	-0.8	0.041211
-110	-0.7	0.028774
-110	-0.6	0.023847
-110	-0.5	0.015781
-110	-0.4	0.01259
-110	-0.3	0.013072
-110	-0.2	0.014194
-110	-0.1	0.017426
-110	0	0.021633
-110	0.1	0.026366
-110	0.2	0.030201
-110	0.3	0.035013
-110	0.4	0.037794
-110	0.5	0.03901
-110	0.6	0.039348
-110	0.7	0.038339
-110	0.8	0.035056
-110	0.9	0.034597
-110	1	0.030727
-110	1.1	0.02836
-110	1.2	0.027116
-110	1.3	0.023759
-110	1.4	0.021878
-110	1.5	0.020631
-110	1.6	0.019798
-110	1.7	0.019061
-110	1.8	0.018277
-110	1.9	0.017551
-110	2	0.018019
-110	2.1	0.01698
-110	2.2	0.015862
-110	2.3	0.014053
-110	2.4	0.013964
-110	2.5	0.012811
-110	2.6	0.012533
-110	2.7	0.011529
-110	2.8	0.010455
-110	2.9	0.009862
-110	3	0.0098767
-110	3.1	0.0095827
-110	3.2	0.0094451
-110	3.3	0.0093643
-110	3.4	0.009675
-110	3.5	0.0087984
-110	3.6	0.0081401
-110	3.7	0.0073051
-110	3.8	0.0074994
-110	3.9	0.0081579
-110	4	0.0084747
-100	-4	0.011419
-100	-3.9	0.012186
-100	-3.8	0.013809
-100	-3.7	0.016018
-100	-3.6	0.01716
-100	-3.5	0.017507
-100	-3.4	0.01753
-100	-3.3	0.017104
-100	-3.2	0.018743
-100	-3.1	0.021812
-100	-3	0.025408
-100	-2.9	0.028613
-100	-2.8	0.030055
-100	-2.7	0.030343
-100	-2.6	0.030159
-100	-2.5	0.031166
-100	-2.4	0.034401
-100	-2.3	0.040741
-100	-2.2	0.043993
-100	-2.1	0.046679
-100	-2	0.047084
-100	-1.9	0.04644
-100	-1.8	0.045337
-100	-1.7	0.044368
-100	-1.6	0.045312
-100	-1.5	0.047084
-100	-1.4	0.049182
-100	-1.3	0.051517
-100	-1.2	0.051969
-100	-1.1	0.049984
-100	-1	0.045241
-100	-0.9	0.040582
-100	-0.8	0.034347
-100	-0.7	0.026503
-100	-0.6	0.022763
-100	-0.5	0.018822
-100	-0.4	0.017838
-100	-0.3	0.017945
-100	-0.2	0.018677
-100	-0.1	0.020772
-100	0	0.022408
-100	0.1	0.025759
-100	0.2	0.029094
-100	0.3	0.032165
-100	0.4	0.033202
-100	0.5	0.032903
-100	0.6	0.032998
-100	0.7	0.031806
-100	0.8	0.029335
-100	0.9	0.026921
-100	1	0.024583
-100	1.1	0.021752
-100	1.2	0.020722
-100	1.3	0.017781
-100	1.4	0.01752
-100	1.5	0.017147
-100	1.6	0.017211
-100	1.7	0.016222
-100	1.8	0.015132
-100	1.9	0.014462
-100	2	0.014647
-100	2.1	0.013759
-100	2.2	0.012957
-100	2.3	0.012464
-100	2.4	0.011582
-100	2.5	0.011187
-100	2.6	0.0098816
-100	2.7	0.0086894
-100	2.8	0.007714
-100	2.9	0.0083421
-100	3	0.0079105
-100	3.1	0.0077391
-100	3.2	0.0079574
-100	3.3	0.0068837
-100	3.4	0.0071282
-100	3.5	0.0072429
-100	3.6	0.0068696
-100	3.7	0.0073139
-100	3.8	0.0076741
-100	3.9	0.0077495
-100	4	0.0085714
-90	-4	0.010271
-90	-3.9	0.010973
-90	-3.8	0.0126
-90	-3.7	0.016324
-90	-3.6	0.017262
-90	-3.5	0.016464
-90	-3.4	0.016284
-90	-3.3	0.014942
-90	-3.2	0.01635
-90	-3.1	0.018712
-90	-3	0.025844
-90	-2.9	0.028945
-90	-2.8	0.029817
-90	-2.7	0.030336
-90	-2.6	0.030451
-90	-2.5	0.031973
-90	-2.4	0.034926
-90	-2.3	0.038388
-90	-2.2	0.042641
-90	-2.1	0.046994
-90	-2	0.046501
-90	-1.9	0.047284
-90	-1.8	0.044387
-90	-1.7	0.042623
-90	-1.6	0.040337
-90	-1.5	0.040396
-90	-1.4	0.042398
-90	-1.3	0.04361
-90	-1.2	0.045916
-90	-1.1	0.044088
-90	-1	0.042031
-90	-0.9	0.0389
-90	-0.8	0.035438
-90	-0.7	0.027107
-90	-0.6	0.024476
-90	-0.5	0.022066
-90	-0.4	0.019457
-90	-0.3	0.019857
-90	-0.2	0.021264
-90	-0.1	0.022828
-90	0	0.024294
-90	0.1	0.027675
-90	0.2	0.02904
-90	0.3	0.030162
-90	0.4	0.030389
-90	0.5	0.029785
-90	0.6	0.02843
-90	0.7	0.026745
-90	0.8	0.023721
-90	0.9	0.021077
-90	1	0.019097
-90	1.1	0.016628
-90	1.2	0.014246
-90	1.3	0.013855
-90	1.4	0.012576
-90	1.5	0.01209
-90	1.6	0.012971
-90	1.7	0.012289
-90	1.8	0.011534
-90	1.9	0.011433
-90	2	0.0096917
-90	2.1	0.0086912
-90	2.2	0.007508
-90	2.3	0.0064246
-90	2.4	0.0069047
-90	2.5	0.0067269
-90	2.6	0.0062071
-90	2.7	0.0057447
-90	2.8	0.0053454
-90	2.9	0.0052416
-90	3	0.0057221
-90	3.1	0.0059492
-90	3.2	0.0060355
-90	3.3	0.0066057
-90	3.4	0.0062976
-90	3.5	0.0070552
-90	3.6	0.0072339
-90	3.7	0.0075059
-90	3.8	0.0072317
-90	3.9	0.0073228
-90	4	0.0072829
-80	-4	0.0099159
-80	-3.9	0.011115
-80	-3.8	0.013025
-80	-3.7	0.01516
-80	-3.6	0.016134
-80	-3.5	0.016538
-80	-3.4	0.01575
-80	-3.3	0.014529
-80	-3.2	0.015815
-80	-3.1	0.019218
-80	-3	0.023296
-80	-2.9	0.027079
-80	-2.8	0.031099
-80	-2.7	0.032397
-80	-2.6	0.032385
-80	-2.5	0.032735
-80	-2.4	0.035811
-80	-2.3	0.038198
-80	-2.2	0.044056
-80	-2.1	0.048599
-80	-2	0.050786
-80	-1.9	0.049866
-80	-1.8	0.044821
-80	-1.7	0.041901
-80	-1.6	0.037491
-80	-1.5	0.036076
-80	-1.4	0.036938
-80	-1.3	0.039284
-80	-1.2	0.041853
-80	-1.1	0.043913
-80	-1	0.044338
-80	-0.9	0.041701
-80	-0.8	0.038302
-80	-0.7	0.032934
-80	-0.6	0.027372
-80	-0.5	0.023473
-80	-0.4	0.021784
-80	-0.3	0.021341
-80	-0.2	0.023277
-80	-0.1	0.025042
-80	0	0.026351
-80	0.1	0.028762
-80	0.2	0.029057
-80	0.3	0.028775
-80	0.4	0.027051
-80	0.5	0.025557
-80	0.6	0.023055
-80	0.7	0.021027
-80	0.8	0.019214
-80	0.9	0.017065
-80	1	0.015667
-80	1.1	0.013395
-80	1.2	0.011266
-80	1.3	0.0093384
-80	1.4	0.0080643
-80	1.5	0.0074388
-80	1.6	0.0078778
-80	1.7	0.0082368
-80	1.8	0.007937
-80	1.9	0.0077014
-80	2	0.0066301
-80	2.1	0.0054738
-80	2.2	0.0058809
-80	2.3	0.0048275
-80	2.4	0.0055849
-80	2.5	0.0056022
-80	2.6	0.0057531
-80	2.7	0.0060516
-80	2.8	0.0059492
-80	2.9	0.0055733
-80	3	0.0060248
-80	3.1	0.0062719
-80	3.2	0.0059844
-80	3.3	0.0070713
-80	3.4	0.0065984
-80	3.5	0.0059028
-80	3.6	0.0066739
-80	3.7	0.0066472
-80	3.8	0.0063385
-80	3.9	0.0063155
-80	4	0.0070644
-70	-4	0.010249
-70	-3.9	0.012517
-70	-3.8	0.013874
-70	-3.7	0.015708
-70	-3.6	0.015981
-70	-3.5	0.0149
-70	-3.4	0.013525
-70	-3.3	0.013849
-70	-3.2	0.016709
-70	-3.1	0.021906
-70	-3	0.024471
-70	-2.9	0.029095
-70	-2.8	0.031767
-70	-2.7	0.031524
-70	-2.6	0.031126
-70	-2.5	0.031787
-70	-2.4	0.035067
-70	-2.3	0.04043
-70	-2.2	0.04333
-70	-2.1	0.047826
-70	-2	0.049588
-70	-1.9	0.048854
-70	-1.8	0.041756
-70	-1.7	0.035111
-70	-1.6	0.031652
-70	-1.5	0.029198
-70	-1.4	0.029846
-70	-1.3	0.035431
-70	-1.2	0.040266
-70	-1.1	0.041583
-70	-1	0.043295
-70	-0.9	0.042596
-70	-0.8	0.038774
-70	-0.7	0.034842
-70	-0.6	0.029124
-70	-0.5	0.026665
-70	-0.4	0.02422
-70	-0.3	0.024055
-70	-0.2	0.024685
-70	-0.1	0.026328
-70	0	0.027642
-70	0.1	0.028637
-70	0.2	0.028971
-70	0.3	0.028298
-70	0.4	0.025624
-70	0.5	0.021251
-70	0.6	0.018962
-70	0.7	0.016281
-70	0.8	0.013339
-70	0.9	0.011389
-70	1	0.0091884
-70	1.1	0.0083459
-70	1.2	0.0075872
-70	1.3	0.0069954
-70	1.4	0.0068977
-70	1.5	0.0072161
-70	1.6	0.0079187
-70	1.7	0.0067077
-70	1.8	0.0073712
-70	1.9	0.0072071
-70	2	0.0069653
-70	2.1	0.0071824
-70	2.2	0.0075402
-70	2.3	0.0066908
-70	2.4	0.0065442
-70	2.5	0.0065935
-70	2.6	0.0065492
-70	2.7	0.0062564
-70	2.8	0.0065046
-70	2.9	0.0070461
-70	3	0.0071846
-70	3.1	0.0069188
-70	3.2	0.0060302
-70	3.3	0.0058891
-70	3.4	0.0061706
-70	3.5	0.0051639
-70	3.6	0.0056425
-70	3.7	0.0062071
-70	3.8	0.0066472
-70	3.9	0.006517
-70	4	0.0060355
-60	-4	0.01023
-60	-3.9	0.01122
-60	-3.8	0.012387
-60	-3.7	0.013547
-60	-3.6	0.013793
-60	-3.5	0.013595
-60	-3.4	0.013291
-60	-3.3	0.013496
-60	-3.2	0.016091
-60	-3.1	0.019712
-60	-3	0.024479
-60	-2.9	0.026638
-60	-2.8	0.029061
-60	-2.7	0.030395
-60	-2.6	0.031588
-60	-2.5	0.032857
-60	-2.4	0.037285
-60	-2.3	0.039403
-60	-2.2	0.043132
-60	-2.1	0.0454
-60	-2	0.046017
-60	-1.9	0.044232
-60	-1.8	0.039255
-60	-1.7	0.035704
-60	-1.6	0.030674
-60	-1.5	0.026895
-60	-1.4	0.027689
-60	-1.3	0.03109
-60	-1.2	0.035108
-60	-1.1	0.038746
-60	-1	0.040245
-60	-0.9	0.04008
-60	-0.8	0.039075
-60	-0.7	0.035576
-60	-0.6	0.03307
-60	-0.5	0.031026
-60	-0.4	0.030418
-60	-0.3	0.030508
-60	-0.2	0.031057
-60	-0.1	0.031394
-60	0	0.030507
-60	0.1	0.029275
-60	0.2	0.026112
-60	0.3	0.024268
-60	0.4	0.022027
-60	0.5	0.017681
-60	0.6	0.014747
-60	0.7	0.01316
-60	0.8	0.011403
-60	0.9	0.010358
-60	1	0.008964
-60	1.1	0.0084899
-60	1.2	0.0080703
-60	1.3	0.007617
-60	1.4	0.0085582
-60	1.5	0.0093419
-60	1.6	0.0094946
-60	1.7	0.0093936
-60	1.8	0.0092217
-60	1.9	0.008769
-60	2	0.0080301
-60	2.1	0.0073602
-60	2.2	0.0074388
-60	2.3	0.0077973
-60	2.4	0.0078284
-60	2.5	0.0077579
-60	2.6	0.0065984
-60	2.7	0.0056796
-60	2.8	0.0056568
-60	2.9	0.0056339
-60	3	0.0055791
-60	3.1	0.0049823
-60	3.2	0.0056396
-60	3.3	0.0051009
-60	3.4	0.0058506
-60	3.5	0.0056367
-60	3.6	0.0061915
-60	3.7	0.0060248
-60	3.8	0.0063792
-60	3.9	0.0060006
-60	4	0.0059056
-50	-4	0.0088131
-50	-3.9	0.010005
-50	-3.8	0.010939
-50	-3.7	0.013237
-50	-3.6	0.013768
-50	-3.5	0.014415
-50	-3.4	0.013526
-50	-3.3	0.012998
-50	-3.2	0.014574
-50	-3.1	0.016416
-50	-3	0.021779
-50	-2.9	0.026575
-50	-2.8	0.029709
-50	-2.7	0.031427
-50	-2.6	0.031556
-50	-2.5	0.031139
-50	-2.4	0.032267
-50	-2.3	0.035347
-50	-2.2	0.040742
-50	-2.1	0.043664
-50	-2	0.042857
-50	-1.9	0.042518
-50	-1.8	0.037085
-50	-1.7	0.032447
-50	-1.6	0.02674
-50	-1.5	0.023657
-50	-1.4	0.024534
-50	-1.3	0.027874
-50	-1.2	0.030627
-50	-1.1	0.036042
-50	-1	0.038798
-50	-0.9	0.039146
-50	-0.8	0.037143
-50	-0.7	0.03294
-50	-0.6	0.031049
-50	-0.5	0.02762
-50	-0.4	0.025825
-50	-0.3	0.026063
-50	-0.2	0.026983
-50	-0.1	0.0286
-50	0	0.030085
-50	0.1	0.030067
-50	0.2	0.029892
-50	0.3	0.027657
-50	0.4	0.024179
-50	0.5	0.020041
-50	0.6	0.016535
-50	0.7	0.012095
-50	0.8	0.007693
-50	0.9	0.0063155
-50	1	0.0063232
-50	1.1	0.0060755
-50	1.2	0.0064522
-50	1.3	0.0061758
-50	1.4	0.0069468
-50	1.5	0.0084632
-50	1.6	0.0083498
-50	1.7	0.0077953
-50	1.8	0.0080763
-50	1.9	0.0080362
-50	2	0.0080663
-50	2.1	0.0092305
-50	2.2	0.010149
-50	2.3	0.010899
-50	2.4	0.010952
-50	2.5	0.010331
-50	2.6	0.008156
-50	2.7	0.0073073
-50	2.8	0.0059302
-50	2.9	0.0058782
-50	3	0.0067891
-50	3.1	0.0080241
-50	3.2	0.0076149
-50	3.3	0.0073426
-50	3.4	0.0067245
-50	3.5	0.0060596
-50	3.6	0.005631
-50	3.7	0.0062305
-50	3.8	0.006364
-50	3.9	0.0062796
-50	4	0.0059925
-40	-4	0.0086614
-40	-3.9	0.0095591
-40	-3.8	0.010183
-40	-3.7	0.010897
-40	-3.6	0.011091
-40	-3.5	0.010948
-40	-3.4	0.011077
-40	-3.3	0.011358
-40	-3.2	0.013075
-40	-3.1	0.015359
-40	-3	0.019559
-40	-2.9	0.022768
-40	-2.8	0.02488
-40	-2.7	0.027225
-40	-2.6	0.028492
-40	-2.5	0.03027
-40	-2.4	0.034043
-40	-2.3	0.03843
-40	-2.2	0.040367
-40	-2.1	0.040779
-40	-2	0.039848
-40	-1.9	0.037022
-40	-1.8	0.035778
-40	-1.7	0.032733
-40	-1.6	0.03097
-40	-1.5	0.028274
-40	-1.4	0.027994
-40	-1.3	0.029727
-40	-1.2	0.032368
-40	-1.1	0.034347
-40	-1	0.035079
-40	-0.9	0.034168
-40	-0.8	0.029958
-40	-0.7	0.027802
-40	-0.6	0.025192
-40	-0.5	0.023072
-40	-0.4	0.023785
-40	-0.3	0.024945
-40	-0.2	0.027482
-40	-0.1	0.031427
-40	0	0.032416
-40	0.1	0.0321
-40	0.2	0.030842
-40	0.3	0.026657
-40	0.4	0.024211
-40	0.5	0.021488
-40	0.6	0.016264
-40	0.7	0.013777
-40	0.8	0.01034
-40	0.9	0.0092217
-40	1	0.0073624
-40	1.1	0.0070621
-40	1.2	0.0065763
-40	1.3	0.0066472
-40	1.4	0.0072228
-40	1.5	0.0076318
-40	1.6	0.007568
-40	1.7	0.0076
-40	1.8	0.0081182
-40	1.9	0.0083421
-40	2	0.0084842
-40	2.1	0.0082564
-40	2.2	0.0082368
-40	2.3	0.0075188
-40	2.4	0.0073095
-40	2.5	0.0064221
-40	2.6	0.0061575
-40	2.7	0.0060194
-40	2.8	0.0057559
-40	2.9	0.0053905
-40	3	0.0055675
-40	3.1	0.0054502
-40	3.2	0.0055849
-40	3.3	0.0047634
-40	3.4	0.0055003
-40	3.5	0.0051262
-40	3.6	0.0053544
-40	3.7	0.0048807
-40	3.8	0.0054323
-40	3.9	0.0053242
-40	4	0.004726
-30	-4	0.0075059
-30	-3.9	0.0088076
-30	-3.8	0.011119
-30	-3.7	0.012071
-30	-3.6	0.012308
-30	-3.5	0.01141
-30	-3.4	0.0095099
-30	-3.3	0.010721
-30	-3.2	0.014221
-30	-3.1	0.017471
-30	-3	0.020689
-30	-2.9	0.023859
-30	-2.8	0.025391
-30	-2.7	0.025571
-30	-2.6	0.026466
-30	-2.5	0.027273
-30	-2.4	0.02879
-30	-2.3	0.031486
-30	-2.2	0.034995
-30	-2.1	0.036459
-30	-2	0.036512
-30	-1.9	0.034208
-30	-1.8	0.031542
-30	-1.7	0.028751
-30	-1.6	0.026896
-30	-1.5	0.02708
-30	-1.4	0.029787
-30	-1.3	0.032978
-30	-1.2	0.035174
-30	-1.1	0.034915
-30	-1	0.031357
-30	-0.9	0.029216
-30	-0.8	0.025501
-30	-0.7	0.02125
-30	-0.6	0.019474
-30	-0.5	0.017205
-30	-0.4	0.015696
-30	-0.3	0.017034
-30	-0.2	0.018164
-30	-0.1	0.022214
-30	0	0.024362
-30	0.1	0.029108
-30	0.2	0.031726
-30	0.3	0.033035
-30	0.4	0.032503
-30	0.5	0.02982
-30	0.6	0.024517
-30	0.7	0.021304
-30	0.8	0.016293
-30	0.9	0.010667
-30	1	0.0079452
-30	1.1	0.0076783
-30	1.2	0.0089116
-30	1.3	0.0099614
-30	1.4	0.011378
-30	1.5	0.011381
-30	1.6	0.011232
-30	1.7	0.0098176
-30	1.8	0.0086502
-30	1.9	0.0079513
-30	2	0.0068531
-30	2.1	0.006295
-30	2.2	0.0071372
-30	2.3	0.0068954
-30	2.4	0.006412
-30	2.5	0.0061679
-30	2.6	0.0058118
-30	2.7	0.0052013
-30	2.8	0.005312
-30	2.9	0.0050851
-30	3	0.0053242
-30	3.1	0.006181
-30	3.2	0.0052137
-30	3.3	0.0049791
-30	3.4	0.0051451
-30	3.5	0.0054561
-30	3.6	0.0052815
-30	3.7	0.0045482
-30	3.8	0.0052075
-30	3.9	0.0051357
-30	4	0.0050404
-20	-4	0.0068907
-20	-3.9	0.0078778
-20	-3.8	0.0091266
-20	-3.7	0.01
-20	-3.6	0.009839
-20	-3.5	0.0094194
-20	-3.4	0.0087339
-20	-3.3	0.009302
-20	-3.2	0.010499
-20	-3.1	0.012904
-20	-3	0.016988
-20	-2.9	0.018871
-20	-2.8	0.021668
-20	-2.7	0.023739
-20	-2.6	0.024899
-20	-2.5	0.026747
-20	-2.4	0.028837
-20	-2.3	0.030844
-20	-2.2	0.032406
-20	-2.1	0.032591
-20	-2	0.032216
-20	-1.9	0.030871
-20	-1.8	0.029088
-20	-1.7	0.028547
-20	-1.6	0.02978
-20	-1.5	0.033437
-20	-1.4	0.035734
-20	-1.3	0.036866
-20	-1.2	0.037013
-20	-1.1	0.034918
-20	-1	0.028372
-20	-0.9	0.026617
-20	-0.8	0.020469
-20	-0.7	0.016499
-20	-0.6	0.013806
-20	-0.5	0.012551
-20	-0.4	0.011572
-20	-0.3	0.012997
-20	-0.2	0.014102
-20	-0.1	0.01676
-20	0	0.021586
-20	0.1	0.024106
-20	0.2	0.027396
-20	0.3	0.031266
-20	0.4	0.031608
-20	0.5	0.030991
-20	0.6	0.029085
-20	0.7	0.026103
-20	0.8	0.022212
-20	0.9	0.020024
-20	1	0.018026
-20	1.1	0.017097
-20	1.2	0.016922
-20	1.3	0.017502
-20	1.4	0.017653
-20	1.5	0.017683
-20	1.6	0.018061
-20	1.7	0.016692
-20	1.8	0.015709
-20	1.9	0.012973
-20	2	0.012046
-20	2.1	0.010557
-20	2.2	0.0082112
-20	2.3	0.0068365
-20	2.4	0.0067028
-20	2.5	0.006407
-20	2.6	0.0070116
-20	2.7	0.0066787
-20	2.8	0.007274
-20	2.9	0.0084096
-20	3	0.0078531
-20	3.1	0.0083769
-20	3.2	0.0083343
-20	3.3	0.00748
-20	3.4	0.007937
-20	3.5	0.0072451
-20	3.6	0.0071009
-20	3.7	0.0063842
-20	3.8	0.0054294
-20	3.9	0.0061153
-20	4	0.0061259
-10	-4	0.007053
-10	-3.9	0.0066666
-10	-3.8	0.0064672
-10	-3.7	0.0084422
-10	-3.6	0.0098225
-10	-3.5	0.0097416
-10	-3.4	0.009665
-10	-3.3	0.0080623
-10	-3.2	0.0080241
-10	-3.1	0.011027
-10	-3	0.013874
-10	-2.9	0.017745
-10	-2.8	0.021914
-10	-2.7	0.022669
-10	-2.6	0.023451
-10	-2.5	0.023305
-10	-2.4	0.023831
-10	-2.3	0.025363
-10	-2.2	0.028049
-10	-2.1	0.030288
-10	-2	0.031719
-10	-1.9	0.030992
-10	-1.8	0.027716
-10	-1.7	0.025098
-10	-1.6	0.024985
-10	-1.5	0.029833
-10	-1.4	0.035485
-10	-1.3	0.03999
-10	-1.2	0.043164
-10	-1.1	0.042574
-10	-1	0.037595
-10	-0.9	0.029824
-10	-0.8	0.02443
-10	-0.7	0.016581
-10	-0.6	0.011171
-10	-0.5	0.0085714
-10	-0.4	0.008526
-10	-0.3	0.0087005
-10	-0.2	0.0087487
-10	-0.1	0.011734
-10	0	0.017874
-10	0.1	0.023127
-10	0.2	0.029713
-10	0.3	0.034959
-10	0.4	0.037113
-10	0.5	0.036486
-10	0.6	0.03518
-10	0.7	0.030995
-10	0.8	0.02752
-10	0.9	0.02468
-10	1	0.022434
-10	1.1	0.020703
-10	1.2	0.0207
-10	1.3	0.020652
-10	1.4	0.020422
-10	1.5	0.020624
-10	1.6	0.021053
-10	1.7	0.020966
-10	1.8	0.020426
-10	1.9	0.019161
-10	2	0.017692
-10	2.1	0.016246
-10	2.2	0.012873
-10	2.3	0.010178
-10	2.4	0.0097
-10	2.5	0.0083285
-10	2.6	0.008373
-10	2.7	0.008313
-10	2.8	0.0083207
-10	2.9	0.0087874
-10	3	0.0088534
-10	3.1	0.0096717
-10	3.2	0.0090733
-10	3.3	0.0088369
-10	3.4	0.0091496
-10	3.5	0.0093107
-10	3.6	0.0094776
-10	3.7	0.0084556
-10	3.8	0.0081856
-10	3.9	0.0083981
-10	4	0.00815
0	-4	0.0088424
0	-3.9	0.0075787
0	-3.8	0.0071553
0	-3.7	0.0076106
0	-3.6	0.0085959
0	-3.5	0.0091989
0	-3.4	0.008955
0	-3.3	0.0085582
0	-3.2	0.008507
0	-3.1	0.0093781
0	-3	0.012262
0	-2.9	0.016732
0	-2.8	0.018768
0	-2.7	0.020608
0	-2.6	0.021159
0	-2.5	0.021004
0	-2.4	0.021234
0	-2.3	0.022461
0	-2.2	0.023929
0	-2.1	0.026935
0	-2	0.027793
0	-1.9	0.026014
0	-1.8	0.024112
0	-1.7	0.021679
0	-1.6	0.022571
0	-1.5	0.025958
0	-1.4	0.033296
0	-1.3	0.038947
0	-1.2	0.040845
0	-1.1	0.042211
0	-1	0.038335
0	-0.9	0.033573
0	-0.8	0.028992
0	-0.7	0.022507
0	-0.6	0.018964
0	-0.5	0.016301
0	-0.4	0.014374
0	-0.3	0.012001
0	-0.2	0.010004
0	-0.1	0.0083149
0	0	0.0126
0	0.1	0.018679
0	0.2	0.026898
0	0.3	0.032119
0	0.4	0.035053
0	0.5	0.03896
0	0.6	0.038774
0	0.7	0.038259
0	0.8	0.034309
0	0.9	0.0307
0	1	0.027281
0	1.1	0.02441
0	1.2	0.022517
0	1.3	0.023348
0	1.4	0.024865
0	1.5	0.026041
0	1.6	0.027102
0	1.7	0.028216
0	1.8	0.027089
0	1.9	0.023777
0	2	0.021385
0	2.1	0.019945
0	2.2	0.015867
0	2.3	0.014378
0	2.4	0.012016
0	2.5	0.01034
0	2.6	0.0090394
0	2.7	0.0085355
0	2.8	0.0083479
0	2.9	0.0085469
0	3	0.0096549
0	3.1	0.010347
0	3.2	0.0099061
0	3.3	0.0097233
0	3.4	0.0091531
0	3.5	0.0088916
0	3.6	0.0082388
0	3.7	0.0086558
0	3.8	0.0080783
0	3.9	0.0080683
0	4	0.0080342
10	-4	0.0092724
10	-3.9	0.0079695
10	-3.8	0.0064472
10	-3.7	0.0060248
10	-3.6	0.0065689
10	-3.5	0.0082427
10	-3.4	0.0091496
10	-3.3	0.0084804
10	-3.2	0.0065046
10	-3.1	0.0062512
10	-3	0.0093089
10	-2.9	0.011696
10	-2.8	0.01725
10	-2.7	0.020249
10	-2.6	0.021259
10	-2.5	0.020976
10	-2.4	0.019895
10	-2.3	0.018236
10	-2.2	0.019216
10	-2.1	0.021196
10	-2	0.023593
10	-1.9	0.024367
10	-1.8	0.023167
10	-1.7	0.021172
10	-1.6	0.019706
10	-1.5	0.024206
10	-1.4	0.026553
10	-1.3	0.036126
10	-1.2	0.041957
10	-1.1	0.045111
10	-1	0.044523
10	-0.9	0.043351
10	-0.8	0.038703
10	-0.7	0.032858
10	-0.6	0.027485
10	-0.5	0.02355
10	-0.4	0.020428
10	-0.3	0.018539
10	-0.2	0.015831
10	-0.1	0.01041
10	0	0.008609
10	0.1	0.015471
10	0.2	0.021984
10	0.3	0.029922
10	0.4	0.036197
10	0.5	0.041594
10	0.6	0.044603
10	0.7	0.042401
10	0.8	0.039785
10	0.9	0.036699
10	1	0.031365
10	1.1	0.029281
10	1.2	0.026304
10	1.3	0.026513
10	1.4	0.02887
10	1.5	0.030775
10	1.6	0.031661
10	1.7	0.032296
10	1.8	0.031182
10	1.9	0.028833
10	2	0.02768
10	2.1	0.024609
10	2.2	0.02166
10	2.3	0.02036
10	2.4	0.017852
10	2.5	0.015317
10	2.6	0.012526
10	2.7	0.010545
10	2.8	0.010199
10	2.9	0.010134
10	3	0.010638
10	3.1	0.011815
10	3.2	0.011989
10	3.3	0.012013
10	3.4	0.011863
10	3.5	0.011506
10	3.6	0.010519
10	3.7	0.010241
10	3.8	0.00988
10	3.9	0.0098242
10	4	0.0097764
20	-4	0.0084326
20	-3.9	0.0081698
20	-3.8	0.0079064
20	-3.7	0.0075531
20	-3.6	0.0064322
20	-3.5	0.0069188
20	-3.4	0.0075252
20	-3.3	0.0074605
20	-3.2	0.0073492
20	-3.1	0.0070781
20	-3	0.0082053
20	-2.9	0.0097631
20	-2.8	0.014401
20	-2.7	0.017539
20	-2.6	0.018925
20	-2.5	0.019516
20	-2.4	0.019348
20	-2.3	0.018531
20	-2.2	0.018714
20	-2.1	0.019987
20	-2	0.022014
20	-1.9	0.021609
20	-1.8	0.020704
20	-1.7	0.017879
20	-1.6	0.015891
20	-1.5	0.018407
20	-1.4	0.024431
20	-1.3	0.032588
20	-1.2	0.039812
20	-1.1	0.045142
20	-1	0.047883
20	-0.9	0.047216
20	-0.8	0.045148
20	-0.7	0.039518
20	-0.6	0.035267
20	-0.5	0.030674
20	-0.4	0.02706
20	-0.3	0.024331
20	-0.2	0.018701
20	-0.1	0.012596
20	0	0.010446
20	0.1	0.010463
20	0.2	0.015795
20	0.3	0.024081
20	0.4	0.033188
20	0.5	0.038733
20	0.6	0.041096
20	0.7	0.041616
20	0.8	0.041718
20	0.9	0.03973
20	1	0.035684
20	1.1	0.032728
20	1.2	0.029878
20	1.3	0.02886
20	1.4	0.028746
20	1.5	0.029912
20	1.6	0.031307
20	1.7	0.032817
20	1.8	0.032555
20	1.9	0.032719
20	2	0.030788
20	2.1	0.030616
20	2.2	0.026462
20	2.3	0.024033
20	2.4	0.022445
20	2.5	0.018125
20	2.6	0.016651
20	2.7	0.014872
20	2.8	0.013322
20	2.9	0.01308
20	3	0.013167
20	3.1	0.012425
20	3.2	0.012039
20	3.3	0.012333
20	3.4	0.012513
20	3.5	0.013503
20	3.6	0.013133
20	3.7	0.012819
20	3.8	0.011754
20	3.9	0.011712
20	4	0.01099
30	-4	0.0084652
30	-3.9	0.008991
30	-3.8	0.0086949
30	-3.7	0.0080543
30	-3.6	0.0064872
30	-3.5	0.0062641
30	-3.4	0.0065467
30	-3.3	0.0067962
30	-3.2	0.008225
30	-3.1	0.0080342
30	-3	0.0078263
30	-2.9	0.0079918
30	-2.8	0.0098554
30	-2.7	0.014139
30	-2.6	0.017482
30	-2.5	0.019739
30	-2.4	0.020749
30	-2.3	0.02102
30	-2.2	0.019265
30	-2.1	0.018467
30	-2	0.018189
30	-1.9	0.018701
30	-1.8	0.01934
30	-1.7	0.019026
30	-1.6	0.016759
30	-1.5	0.016143
30	-1.4	0.018553
30	-1.3	0.024003
30	-1.2	0.032482
30	-1.1	0.04018
30	-1	0.045502
30	-0.9	0.046236
30	-0.8	0.047658
30	-0.7	0.044821
30	-0.6	0.043476
30	-0.5	0.038338
30	-0.4	0.035138
30	-0.3	0.031729
30	-0.2	0.024613
30	-0.1	0.02033
30	0	0.013985
30	0.1	0.011874
30	0.2	0.012082
30	0.3	0.016262
30	0.4	0.024544
30	0.5	0.035806
30	0.6	0.037791
30	0.7	0.042718
30	0.8	0.043664
30	0.9	0.042707
30	1	0.039715
30	1.1	0.037541
30	1.2	0.03395
30	1.3	0.031529
30	1.4	0.030697
30	1.5	0.031469
30	1.6	0.033527
30	1.7	0.035333
30	1.8	0.036811
30	1.9	0.036882
30	2	0.036879
30	2.1	0.035758
30	2.2	0.032318
30	2.3	0.027624
30	2.4	0.024847
30	2.5	0.022612
30	2.6	0.020168
30	2.7	0.016238
30	2.8	0.014531
30	2.9	0.012483
30	3	0.012203
30	3.1	0.011651
30	3.2	0.012336
30	3.3	0.013274
30	3.4	0.013508
30	3.5	0.013718
30	3.6	0.012636
30	3.7	0.011705
30	3.8	0.010577
30	3.9	0.011027
30	4	0.011272
40	-4	0.0066496
40	-3.9	0.007935
40	-3.8	0.008154
40	-3.7	0.0084766
40	-3.6	0.0077077
40	-3.5	0.0064847
40	-3.4	0.0058919
40	-3.3	0.0059056
40	-3.2	0.0075037
40	-3.1	0.0072696
40	-3	0.0075702
40	-2.9	0.0072518
40	-2.8	0.008223
40	-2.7	0.010515
40	-2.6	0.014485
40	-2.5	0.017871
40	-2.4	0.020028
40	-2.3	0.021278
40	-2.2	0.021814
40	-2.1	0.021521
40	-2	0.019873
40	-1.9	0.017857
40	-1.8	0.017371
40	-1.7	0.016655
40	-1.6	0.016699
40	-1.5	0.016125
40	-1.4	0.017176
40	-1.3	0.018335
40	-1.2	0.025904
40	-1.1	0.031177
40	-1	0.041275
40	-0.9	0.044842
40	-0.8	0.049134
40	-0.7	0.04915
40	-0.6	0.0461
40	-0.5	0.042741
40	-0.4	0.03879
40	-0.3	0.034609
40	-0.2	0.030208
40	-0.1	0.025183
40	0	0.020998
40	0.1	0.013536
40	0.2	0.010839
40	0.3	0.013875
40	0.4	0.022796
40	0.5	0.029482
40	0.6	0.037267
40	0.7	0.042714
40	0.8	0.044539
40	0.9	0.044048
40	1	0.041103
40	1.1	0.040561
40	1.2	0.037771
40	1.3	0.035585
40	1.4	0.034522
40	1.5	0.034355
40	1.6	0.035074
40	1.7	0.036077
40	1.8	0.036607
40	1.9	0.036872
40	2	0.036438
40	2.1	0.035538
40	2.2	0.033623
40	2.3	0.030885
40	2.4	0.025853
40	2.5	0.022962
40	2.6	0.020525
40	2.7	0.016595
40	2.8	0.014816
40	2.9	0.013219
40	3	0.012761
40	3.1	0.011572
40	3.2	0.011081
40	3.3	0.010936
40	3.4	0.010285
40	3.5	0.0103
40	3.6	0.0098521
40	3.7	0.0094383
40	3.8	0.0086857
40	3.9	0.0091725
40	4	0.0093988
50	-4	0.0059601
50	-3.9	0.0076993
50	-3.8	0.0083595
50	-3.7	0.0077766
50	-3.6	0.007358
50	-3.5	0.0058257
50	-3.4	0.0054174
50	-3.3	0.0061496
50	-3.2	0.0078366
50	-3.1	0.0091831
50	-3	0.0088058
50	-2.9	0.00748
50	-2.8	0.0064922
50	-2.7	0.0078098
50	-2.6	0.012983
50	-2.5	0.017164
50	-2.4	0.021847
50	-2.3	0.023114
50	-2.2	0.023781
50	-2.1	0.023284
50	-2	0.019992
50	-1.9	0.018814
50	-1.8	0.017751
50	-1.7	0.017858
50	-1.6	0.017692
50	-1.5	0.017677
50	-1.4	0.017046
50	-1.3	0.017434
50	-1.2	0.019945
50	-1.1	0.025506
50	-1	0.028968
50	-0.9	0.037808
50	-0.8	0.046043
50	-0.7	0.048358
50	-0.6	0.049281
50	-0.5	0.047716
50	-0.4	0.042482
50	-0.3	0.039105
50	-0.2	0.03356
50	-0.1	0.0264
50	0	0.021675
50	0.1	0.016732
50	0.2	0.013116
50	0.3	0.014034
50	0.4	0.020495
50	0.5	0.029761
50	0.6	0.036345
50	0.7	0.041303
50	0.8	0.04687
50	0.9	0.046507
50	1	0.04336
50	1.1	0.042889
50	1.2	0.038606
50	1.3	0.035957
50	1.4	0.034874
50	1.5	0.033522
50	1.6	0.033617
50	1.7	0.034686
50	1.8	0.036627
50	1.9	0.037
50	2	0.036386
50	2.1	0.036087
50	2.2	0.034865
50	2.3	0.030856
50	2.4	0.025572
50	2.5	0.02308
50	2.6	0.020825
50	2.7	0.017459
50	2.8	0.015002
50	2.9	0.014392
50	3	0.013056
50	3.1	0.012063
50	3.2	0.010769
50	3.3	0.0098996
50	3.4	0.010629
50	3.5	0.011491
50	3.6	0.011859
50	3.7	0.011893
50	3.8	0.011151
50	3.9	0.01123
50	4	0.011667
60	-4	0.0069258
60	-3.9	0.0068883
60	-3.8	0.0083363
60	-3.7	0.0085336
60	-3.6	0.0089116
60	-3.5	0.0088186
60	-3.4	0.0073338
60	-3.3	0.0066593
60	-3.2	0.0060569
60	-3.1	0.0082112
60	-3	0.0088679
60	-2.9	0.010386
60	-2.8	0.010583
60	-2.7	0.011491
60	-2.6	0.013472
60	-2.5	0.017154
60	-2.4	0.020777
60	-2.3	0.023772
60	-2.2	0.026378
60	-2.1	0.026196
60	-2	0.025591
60	-1.9	0.023087
60	-1.8	0.022046
60	-1.7	0.020739
60	-1.6	0.02068
60	-1.5	0.02029
60	-1.4	0.017145
60	-1.3	0.016133
60	-1.2	0.016806
60	-1.1	0.021987
60	-1	0.029183
60	-0.9	0.036388
60	-0.8	0.042619
60	-0.7	0.045816
60	-0.6	0.048854
60	-0.5	0.046409
60	-0.4	0.045358
60	-0.3	0.040653
60	-0.2	0.035039
60	-0.1	0.026764
60	0	0.02193
60	0.1	0.016855
60	0.2	0.012725
60	0.3	0.013033
60	0.4	0.017815
60	0.5	0.023623
60	0.6	0.029693
60	0.7	0.038899
60	0.8	0.0447
60	0.9	0.046427
60	1	0.044572
60	1.1	0.04298
60	1.2	0.040739
60	1.3	0.038767
60	1.4	0.03496
60	1.5	0.03349
60	1.6	0.033074
60	1.7	0.033486
60	1.8	0.034348
60	1.9	0.035102
60	2	0.035219
60	2.1	0.035055
60	2.2	0.033212
60	2.3	0.032266
60	2.4	0.030638
60	2.5	0.025746
60	2.6	0.02399
60	2.7	0.019403
60	2.8	0.015515
60	2.9	0.014254
60	3	0.012329
60	3.1	0.011222
60	3.2	0.010627
60	3.3	0.01046
60	3.4	0.010044
60	3.5	0.010243
60	3.6	0.010532
60	3.7	0.010293
60	3.8	0.010677
60	3.9	0.01122
60	4	0.012135
70	-4	0.0060275
70	-3.9	0.0080703
70	-3.8	0.0086446
70	-3.7	0.0090394
70	-3.6	0.0088039
70	-3.5	0.0071689
70	-3.4	0.006277
70	-3.3	0.0057278
70	-3.2	0.0064045
70	-3.1	0.0079003
70	-3	0.0090144
70	-2.9	0.0096466
70	-2.8	0.0098538
70	-2.7	0.011113
70	-2.6	0.012685
70	-2.5	0.016895
70	-2.4	0.020513
70	-2.3	0.023152
70	-2.2	0.024534
70	-2.1	0.024673
70	-2	0.024188
70	-1.9	0.022636
70	-1.8	0.022534
70	-1.7	0.021984
70	-1.6	0.022072
70	-1.5	0.021402
70	-1.4	0.019591
70	-1.3	0.017324
70	-1.2	0.016442
70	-1.1	0.020014
70	-1	0.025509
70	-0.9	0.029039
70	-0.8	0.037283
70	-0.7	0.045936
70	-0.6	0.046987
70	-0.5	0.048933
70	-0.4	0.046663
70	-0.3	0.039355
70	-0.2	0.035438
70	-0.1	0.027231
70	0	0.021073
70	0.1	0.016525
70	0.2	0.013151
70	0.3	0.013892
70	0.4	0.01893
70	0.5	0.02283
70	0.6	0.030767
70	0.7	0.035675
70	0.8	0.039133
70	0.9	0.04464
70	1	0.045931
70	1.1	0.045132
70	1.2	0.043242
70	1.3	0.040291
70	1.4	0.038398
70	1.5	0.035717
70	1.6	0.032932
70	1.7	0.033383
70	1.8	0.0337
70	1.9	0.033938
70	2	0.034577
70	2.1	0.034973
70	2.2	0.033972
70	2.3	0.032291
70	2.4	0.029338
70	2.5	0.027276
70	2.6	0.024939
70	2.7	0.023204
70	2.8	0.020968
70	2.9	0.018962
70	3	0.016756
70	3.1	0.014946
70	3.2	0.012714
70	3.3	0.011002
70	3.4	0.010499
70	3.5	0.011686
70	3.6	0.01202
70	3.7	0.012969
70	3.8	0.012744
70	3.9	0.012533
70	4	0.01166
80	-4	0.0070575
80	-3.9	0.0077161
80	-3.8	0.0072071
80	-3.7	0.0067748
80	-3.6	0.0064019
80	-3.5	0.0064497
80	-3.4	0.006801
80	-3.3	0.0073161
80	-3.2	0.0072652
80	-3.1	0.0072518
80	-3	0.0070346
80	-2.9	0.0077932
80	-2.8	0.0094946
80	-2.7	0.011243
80	-2.6	0.014239
80	-2.5	0.017804
80	-2.4	0.020327
80	-2.3	0.022416
80	-2.2	0.024396
80	-2.1	0.02562
80	-2	0.027064
80	-1.9	0.028274
80	-1.8	0.028392
80	-1.7	0.028113
80	-1.6	0.026993
80	-1.5	0.023477
80	-1.4	0.021261
80	-1.3	0.018477
80	-1.2	0.01775
80	-1.1	0.019655
80	-1	0.024791
80	-0.9	0.030871
80	-0.8	0.038633
80	-0.7	0.042869
80	-0.6	0.04532
80	-0.5	0.044779
80	-0.4	0.042341
80	-0.3	0.039602
80	-0.2	0.033094
80	-0.1	0.028298
80	0	0.022809
80	0.1	0.017554
80	0.2	0.014984
80	0.3	0.014285
80	0.4	0.016
80	0.5	0.020631
80	0.6	0.02598
80	0.7	0.032954
80	0.8	0.038879
80	0.9	0.042561
80	1	0.046108
80	1.1	0.047045
80	1.2	0.047215
80	1.3	0.045541
80	1.4	0.043019
80	1.5	0.040163
80	1.6	0.038848
80	1.7	0.036898
80	1.8	0.035792
80	1.9	0.035605
80	2	0.036629
80	2.1	0.03785
80	2.2	0.037982
80	2.3	0.035896
80	2.4	0.031512
80	2.5	0.02788
80	2.6	0.024913
80	2.7	0.021218
80	2.8	0.018268
80	2.9	0.016593
80	3	0.015776
80	3.1	0.014801
80	3.2	0.013484
80	3.3	0.010946
80	3.4	0.009385
80	3.5	0.0092846
80	3.6	0.010337
80	3.7	0.011382
80	3.8	0.011719
80	3.9	0.011727
80	4	0.010636
90	-4	0.0062331
90	-3.9	0.0056682
90	-3.8	0.0055762
90	-3.7	0.0062616
90	-3.6	0.0064672
90	-3.5	0.0072116
90	-3.4	0.0061653
90	-3.3	0.0061443
90	-3.2	0.0055238
90	-3.1	0.0062719
90	-3	0.0081955
90	-2.9	0.0099857
90	-2.8	0.010915
90	-2.7	0.011589
90	-2.6	0.012044
90	-2.5	0.012598
90	-2.4	0.016572
90	-2.3	0.018512
90	-2.2	0.023655
90	-2.1	0.02718
90	-2	0.030248
90	-1.9	0.030198
90	-1.8	0.028848
90	-1.7	0.026646
90	-1.6	0.024607
90	-1.5	0.023892
90	-1.4	0.024008
90	-1.3	0.024045
90	-1.2	0.023262
90	-1.1	0.022088
90	-1	0.022751
90	-0.9	0.025994
90	-0.8	0.032129
90	-0.7	0.038746
90	-0.6	0.044523
90	-0.5	0.047023
90	-0.4	0.046878
90	-0.3	0.043139
90	-0.2	0.03888
90	-0.1	0.030352
90	0	0.024471
90	0.1	0.017148
90	0.2	0.012897
90	0.3	0.013055
90	0.4	0.017124
90	0.5	0.02179
90	0.6	0.028665
90	0.7	0.033887
90	0.8	0.039837
90	0.9	0.047363
90	1	0.048558
90	1.1	0.04947
90	1.2	0.049628
90	1.3	0.047736
90	1.4	0.044305
90	1.5	0.042005
90	1.6	0.039854
90	1.7	0.038043
90	1.8	0.036307
90	1.9	0.034225
90	2	0.033494
90	2.1	0.03278
90	2.2	0.032351
90	2.3	0.030979
90	2.4	0.029266
90	2.5	0.02542
90	2.6	0.022242
90	2.7	0.020081
90	2.8	0.017536
90	2.9	0.014689
90	3	0.013598
90	3.1	0.011715
90	3.2	0.011216
90	3.3	0.0097
90	3.4	0.0092112
90	3.5	0.0094022
90	3.6	0.0095591
90	3.7	0.009963
90	3.8	0.010311
90	3.9	0.010203
90	4	0.01007
100	-4	0.0078798
100	-3.9	0.0073338
100	-3.8	0.0060248
100	-3.7	0.0053454
100	-3.6	0.0059736
100	-3.5	0.0064797
100	-3.4	0.0069374
100	-3.3	0.0067796
100	-3.2	0.0067652
100	-3.1	0.0056966
100	-3	0.0075723
100	-2.9	0.0094005
100	-2.8	0.011176
100	-2.7	0.012902
100	-2.6	0.014163
100	-2.5	0.014919
100	-2.4	0.017048
100	-2.3	0.020308
100	-2.2	0.023211
100	-2.1	0.027124
100	-2	0.028898
100	-1.9	0.029936
100	-1.8	0.029926
100	-1.7	0.028648
100	-1.6	0.027011
100	-1.5	0.025183
100	-1.4	0.02383
100	-1.3	0.022433
100	-1.2	0.021391
100	-1.1	0.021676
100	-1	0.023267
100	-0.9	0.028002
100	-0.8	0.033298
100	-0.7	0.038533
100	-0.6	0.042907
100	-0.5	0.044006
100	-0.4	0.043998
100	-0.3	0.040694
100	-0.2	0.035759
100	-0.1	0.026843
100	0	0.022157
100	0.1	0.018054
100	0.2	0.014541
100	0.3	0.015016
100	0.4	0.017715
100	0.5	0.021224
100	0.6	0.026969
100	0.7	0.0328
100	0.8	0.03947
100	0.9	0.044602
100	1	0.047978
100	1.1	0.049779
100	1.2	0.050052
100	1.3	0.048636
100	1.4	0.046727
100	1.5	0.043085
100	1.6	0.041316
100	1.7	0.039517
100	1.8	0.037447
100	1.9	0.03546
100	2	0.034961
100	2.1	0.034386
100	2.2	0.032536
100	2.3	0.031509
100	2.4	0.030667
100	2.5	0.02876
100	2.6	0.026155
100	2.7	0.021658
100	2.8	0.020891
100	2.9	0.016879
100	3	0.015033
100	3.1	0.012159
100	3.2	0.011023
100	3.3	0.010877
100	3.4	0.010095
100	3.5	0.010169
100	3.6	0.010095
100	3.7	0.0095404
100	3.8	0.0095286
100	3.9	0.0098127
100	4	0.0096783
110	-4	0.0058285
110	-3.9	0.0062123
110	-3.8	0.005979
110	-3.7	0.0068413
110	-3.6	0.0069723
110	-3.5	0.0064547
110	-3.4	0.0060994
110	-3.3	0.0060435
110	-3.2	0.0066106
110	-3.1	0.0072851
110	-3	0.0083846
110	-2.9	0.0096516
110	-2.8	0.01013
110	-2.7	0.010512
110	-2.6	0.011413
110	-2.5	0.014272
110	-2.4	0.01738
110	-2.3	0.021469
110	-2.2	0.024097
110	-2.1	0.02831
110	-2	0.028936
110	-1.9	0.029
110	-1.8	0.027733
110	-1.7	0.025896
110	-1.6	0.024601
110	-1.5	0.024116
110	-1.4	0.024109
110	-1.3	0.023778
110	-1.2	0.023173
110	-1.1	0.022343
110	-1	0.021949
110	-0.9	0.024249
110	-0.8	0.032809
110	-0.7	0.035413
110	-0.6	0.04142
110	-0.5	0.044711
110	-0.4	0.044071
110	-0.3	0.04159
110	-0.2	0.036632
110	-0.1	0.028976
110	0	0.020416
110	0.1	0.01854
110	0.2	0.015032
110	0.3	0.016222
110	0.4	0.017745
110	0.5	0.021753
110	0.6	0.024394
110	0.7	0.032341
110	0.8	0.038261
110	0.9	0.042948
110	1	0.047308
110	1.1	0.051756
110	1.2	0.053884
110	1.3	0.052339
110	1.4	0.048742
110	1.5	0.045046
110	1.6	0.04084
110	1.7	0.037517
110	1.8	0.035185
110	1.9	0.034461
110	2	0.034698
110	2.1	0.034768
110	2.2	0.033864
110	2.3	0.031439
110	2.4	0.029867
110	2.5	0.026038
110	2.6	0.024296
110	2.7	0.020214
110	2.8	0.019099
110	2.9	0.017773
110	3	0.016547
110	3.1	0.013924
110	3.2	0.012917
110	3.3	0.011334
110	3.4	0.010656
110	3.5	0.010597
110	3.6	0.011011
110	3.7	0.010398
110	3.8	0.010635
110	3.9	0.0091778
110	4	0.0094861
120	-4	0.0058423
120	-3.9	0.0057249
120	-3.8	0.0061469
120	-3.7	0.005708
120	-3.6	0.0053665
120	-3.5	0.0052937
120	-3.4	0.0050018
120	-3.3	0.0054974
120	-3.2	0.005739
120	-3.1	0.0063334
120	-3	0.0063893
120	-2.9	0.0082073
120	-2.8	0.0089243
120	-2.7	0.010012
120	-2.6	0.010949
120	-2.5	0.013892
120	-2.4	0.018133
120	-2.3	0.020851
120	-2.2	0.0231
120	-2.1	0.025981
120	-2	0.026717
120	-1.9	0.026271
120	-1.8	0.025577
120	-1.7	0.024924
120	-1.6	0.025894
120	-1.5	0.026368
120	-1.4	0.025915
120	-1.3	0.023678
120	-1.2	0.021075
120	-1.1	0.020522
120	-1	0.022383
120	-0.9	0.027218
120	-0.8	0.033624
120	-0.7	0.041893
120	-0.6	0.04471
120	-0.5	0.044738
120	-0.4	0.042082
120	-0.3	0.037587
120	-0.2	0.030902
120	-0.1	0.023506
120	0	0.018119
120	0.1	0.01408
120	0.2	0.012575
120	0.3	0.014304
120	0.4	0.018342
120	0.5	0.021532
120	0.6	0.028703
120	0.7	0.03561
120	0.8	0.039149
120	0.9	0.044923
120	1	0.048076
120	1.1	0.04848
120	1.2	0.049037
120	1.3	0.048353
120	1.4	0.047113
120	1.5	0.042416
120	1.6	0.041753
120	1.7	0.037797
120	1.8	0.033339
120	1.9	0.031551
120	2	0.029946
120	2.1	0.0302
120	2.2	0.029834
120	2.3	0.029675
120	2.4	0.0279
120	2.5	0.025816
120	2.6	0.02401
120	2.7	0.021582
120	2.8	0.018591
120	2.9	0.017288
120	3	0.016307
120	3.1	0.014866
120	3.2	0.01389
120	3.3	0.01269
120	3.4	0.01108
120	3.5	0.010058
120	3.6	0.0098357
120	3.7	0.010194
120	3.8	0.0099776
120	3.9	0.010734
120	4	0.010654
130	-4	0.0050692
130	-3.9	0.0052907
130	-3.8	0.0058946
130	-3.7	0.0060167
130	-3.6	0.0060382
130	-3.5	0.0062616
130	-3.4	0.0059329
130	-3.3	0.0058312
130	-3.2	0.0065763
130	-3.1	0.0073646
130	-3	0.0083071
130	-2.9	0.0089152
130	-2.8	0.0088204
130	-2.7	0.01002
130	-2.6	0.012228
130	-2.5	0.015254
130	-2.4	0.01745
130	-2.3	0.020996
130	-2.2	0.022044
130	-2.1	0.022896
130	-2	0.023423
130	-1.9	0.023211
130	-1.8	0.023519
130	-1.7	0.023644
130	-1.6	0.024989
130	-1.5	0.02448
130	-1.4	0.023512
130	-1.3	0.02177
130	-1.2	0.020252
130	-1.1	0.019882
130	-1	0.023411
130	-0.9	0.029038
130	-0.8	0.038032
130	-0.7	0.042167
130	-0.6	0.04562
130	-0.5	0.047743
130	-0.4	0.04503
130	-0.3	0.039829
130	-0.2	0.032608
130	-0.1	0.025997
130	0	0.01997
130	0.1	0.015561
130	0.2	0.015526
130	0.3	0.016239
130	0.4	0.017498
130	0.5	0.019783
130	0.6	0.022854
130	0.7	0.030324
130	0.8	0.038176
130	0.9	0.043572
130	1	0.048218
130	1.1	0.051352
130	1.2	0.0528
130	1.3	0.052466
130	1.4	0.049832
130	1.5	0.044165
130	1.6	0.04155
130	1.7	0.038344
130	1.8	0.036837
130	1.9	0.033754
130	2	0.033135
130	2.1	0.031149
130	2.2	0.029447
130	2.3	0.027642
130	2.4	0.026096
130	2.5	0.023752
130	2.6	0.023029
130	2.7	0.020962
130	2.8	0.019463
130	2.9	0.017403
130	3	0.015586
130	3.1	0.01361
130	3.2	0.012461
130	3.3	0.01141
130	3.4	0.010768
130	3.5	0.0099728
130	3.6	0.010176
130	3.7	0.0098751
130	3.8	0.0095337
130	3.9	0.0092619
130	4	0.0093211
140	-4	0.0060755
140	-3.9	0.0052416
140	-3.8	0.0055209
140	-3.7	0.0056739
140	-3.6	0.0058062
140	-3.5	0.0053875
140	-3.4	0.0052815
140	-3.3	0.0055675
140	-3.2	0.006014
140	-3.1	0.0074821
140	-3	0.0088149
140	-2.9	0.009469
140	-2.8	0.011299
140	-2.7	0.012901
140	-2.6	0.015466
140	-2.5	0.018889
140	-2.4	0.0209
140	-2.3	0.023389
140	-2.2	0.024263
140	-2.1	0.024214
140	-2	0.023329
140	-1.9	0.023562
140	-1.8	0.023999
140	-1.7	0.024475
140	-1.6	0.024437
140	-1.5	0.02395
140	-1.4	0.022733
140	-1.3	0.019882
140	-1.2	0.019583
140	-1.1	0.022094
140	-1	0.025864
140	-0.9	0.032225
140	-0.8	0.038875
140	-0.7	0.04274
140	-0.6	0.043749
140	-0.5	0.043994
140	-0.4	0.041329
140	-0.3	0.034187
140	-0.2	0.030859
140	-0.1	0.021736
140	0	0.015322
140	0.1	0.013478
140	0.2	0.014361
140	0.3	0.017196
140	0.4	0.020135
140	0.5	0.022722
140	0.6	0.026288
140	0.7	0.033727
140	0.8	0.037804
140	0.9	0.04388
140	1	0.04895
140	1.1	0.051629
140	1.2	0.053088
140	1.3	0.052542
140	1.4	0.051534
140	1.5	0.047829
140	1.6	0.043723
140	1.7	0.038861
140	1.8	0.034861
140	1.9	0.032256
140	2	0.031028
140	2.1	0.030457
140	2.2	0.02968
140	2.3	0.028809
140	2.4	0.027203
140	2.5	0.025392
140	2.6	0.023391
140	2.7	0.02124
140	2.8	0.019353
140	2.9	0.019049
140	3	0.017424
140	3.1	0.016674
140	3.2	0.01467
140	3.3	0.012891
140	3.4	0.011596
140	3.5	0.010023
140	3.6	0.0095337
140	3.7	0.0093332
140	3.8	0.0096967
140	3.9	0.0099143
140	4	0.010122
150	-4	0.0049596
150	-3.9	0.0050787
150	-3.8	0.0064196
150	-3.7	0.0063868
150	-3.6	0.0065566
150	-3.5	0.0058034
150	-3.4	0.005553
150	-3.3	0.0056224
150	-3.2	0.0071756
150	-3.1	0.0083942
150	-3	0.010105
150	-2.9	0.01073
150	-2.8	0.011346
150	-2.7	0.011596
150	-2.6	0.012186
150	-2.5	0.016172
150	-2.4	0.020166
150	-2.3	0.022777
150	-2.2	0.025242
150	-2.1	0.025587
150	-2	0.02464
150	-1.9	0.023111
150	-1.8	0.021299
150	-1.7	0.021027
150	-1.6	0.0216
150	-1.5	0.023024
150	-1.4	0.02303
150	-1.3	0.022847
150	-1.2	0.022815
150	-1.1	0.024951
150	-1	0.029398
150	-0.9	0.036339
150	-0.8	0.04145
150	-0.7	0.045713
150	-0.6	0.048543
150	-0.5	0.046445
150	-0.4	0.043188
150	-0.3	0.036331
150	-0.2	0.027481
150	-0.1	0.021115
150	0	0.01483
150	0.1	0.012331
150	0.2	0.012478
150	0.3	0.014506
150	0.4	0.016704
150	0.5	0.02124
150	0.6	0.026415
150	0.7	0.034582
150	0.8	0.041162
150	0.9	0.047669
150	1	0.053204
150	1.1	0.054167
150	1.2	0.054911
150	1.3	0.053706
150	1.4	0.051331
150	1.5	0.047025
150	1.6	0.04126
150	1.7	0.037799
150	1.8	0.035238
150	1.9	0.033574
150	2	0.031893
150	2.1	0.031321
150	2.2	0.030092
150	2.3	0.02682
150	2.4	0.025374
150	2.5	0.024175
150	2.6	0.020925
150	2.7	0.019858
150	2.8	0.017874
150	2.9	0.017849
150	3	0.016219
150	3.1	0.014444
150	3.2	0.013004
150	3.3	0.011233
150	3.4	0.010106
150	3.5	0.0091989
150	3.6	0.0088643
150	3.7	0.0088131
150	3.8	0.0088552
150	3.9	0.0082053
150	4	0.007347
160	-4	0.0048973
160	-3.9	0.0046916
160	-3.8	0.0057221
160	-3.7	0.0069677
160	-3.6	0.0062873
160	-3.5	0.005312
160	-3.4	0.0054174
160	-3.3	0.0062019
160	-3.2	0.0083459
160	-3.1	0.010575
160	-3	0.011189
160	-2.9	0.011515
160	-2.8	0.011492
160	-2.7	0.011413
160	-2.6	0.012874
160	-2.5	0.017363
160	-2.4	0.020919
160	-2.3	0.023366
160	-2.2	0.024905
160	-2.1	0.024867
160	-2	0.023834
160	-1.9	0.021993
160	-1.8	0.021804
160	-1.7	0.021599
160	-1.6	0.022716
160	-1.5	0.023788
160	-1.4	0.024351
160	-1.3	0.024362
160	-1.2	0.025647
160	-1.1	0.028731
160	-1	0.034885
160	-0.9	0.042078
160	-0.8	0.047234
160	-0.7	0.049075
160	-0.6	0.047649
160	-0.5	0.043856
160	-0.4	0.037723
160	-0.3	0.032961
160	-0.2	0.026449
160	-0.1	0.016386
160	0	0.012329
160	0.1	0.010246
160	0.2	0.011454
160	0.3	0.016026
160	0.4	0.019303
160	0.5	0.026598
160	0.6	0.028736
160	0.7	0.037143
160	0.8	0.041149
160	0.9	0.046753
160	1	0.048154
160	1.1	0.050938
160	1.2	0.05031
160	1.3	0.048898
160	1.4	0.046747
160	1.5	0.044318
160	1.6	0.041556
160	1.7	0.037298
160	1.8	0.032784
160	1.9	0.029869
160	2	0.028215
160	2.1	0.026932
160	2.2	0.02569
160	2.3	0.024785
160	2.4	0.02362
160	2.5	0.02318
160	2.6	0.020378
160	2.7	0.019083
160	2.8	0.017062
160	2.9	0.016124
160	3	0.014094
160	3.1	0.012641
160	3.2	0.011071
160	3.3	0.010838
160	3.4	0.0097433
160	3.5	0.0089532
160	3.6	0.0084422
160	3.7	0.0079391
160	3.8	0.0078469
160	3.9	0.0069839
160	4	0.0068507
170	-4	0.0079166
170	-3.9	0.0081262
170	-3.8	0.007787
170	-3.7	0.0066496
170	-3.6	0.0059192
170	-3.5	0.0061601
170	-3.4	0.0077724
170	-3.3	0.010216
170	-3.2	0.011457
170	-3.1	0.012277
170	-3	0.011461
170	-2.9	0.011599
170	-2.8	0.011909
170	-2.7	0.013391
170	-2.6	0.017106
170	-2.5	0.01961
170	-2.4	0.022158
170	-2.3	0.022971
170	-2.2	0.023067
170	-2.1	0.02238
170	-2	0.02165
170	-1.9	0.021593
170	-1.8	0.021847
170	-1.7	0.022662
170	-1.6	0.023067
170	-1.5	0.022745
170	-1.4	0.022547
170	-1.3	0.02442
170	-1.2	0.030147
170	-1.1	0.033952
170	-1	0.040871
170	-0.9	0.045241
170	-0.8	0.049555
170	-0.7	0.051453
170	-0.6	0.048948
170	-0.5	0.046354
170	-0.4	0.038985
170	-0.3	0.030949
170	-0.2	0.021603
170	-0.1	0.017847
170	0	0.014063
170	0.1	0.012204
170	0.2	0.012843
170	0.3	0.015264
170	0.4	0.019063
170	0.5	0.023671
170	0.6	0.029579
170	0.7	0.034937
170	0.8	0.039894
170	0.9	0.043732
170	1	0.049291
170	1.1	0.050048
170	1.2	0.050596
170	1.3	0.0498
170	1.4	0.045369
170	1.5	0.041588
170	1.6	0.03999
170	1.7	0.035373
170	1.8	0.032828
170	1.9	0.03124
170	2	0.030316
170	2.1	0.030258
170	2.2	0.0295
170	2.3	0.028046
170	2.4	0.026148
170	2.5	0.023777
170	2.6	0.021798
170	2.7	0.019396
170	2.8	0.018886
170	2.9	0.0182
170	3	0.016417
170	3.1	0.016378
170	3.2	0.013726
170	3.3	0.012371
170	3.4	0.010362
170	3.5	0.0095065
170	3.6	0.0091796
170	3.7	0.0098603
170	3.8	0.0092515
170	3.9	0.0085374
170	4	0.0080362
180	-4	0.0069024
180	-3.9	0.0064497
180	-3.8	0.0070872
180	-3.7	0.0073624
180	-3.6	0.0087561
180	-3.5	0.0088406
180	-3.4	0.0093522
180	-3.3	0.010175
180	-3.2	0.010918
180	-3.1	0.011722
180	-3	0.013237
180	-2.9	0.013817
180	-2.8	0.017013
180	-2.7	0.019116
180	-2.6	0.021309
180	-2.5	0.022384
180	-2.4	0.023721
180	-2.3	0.023849
180	-2.2	0.023771
180	-2.1	0.024351
180	-2	0.024431
180	-1.9	0.024854
180	-1.8	0.025867
180	-1.7	0.025851
180	-1.6	0.026445
180	-1.5	0.02666
180	-1.4	0.027567
180	-1.3	0.030575
180	-1.2	0.036109
180	-1.1	0.043009
180	-1	0.048303
180	-0.9	0.053347
180	-0.8	0.05627
180	-0.7	0.05561
180	-0.6	0.05177
180	-0.5	0.043082
180	-0.4	0.038667
180	-0.3	0.031188
180	-0.2	0.021375
180	-0.1	0.015548
180	0	0.012261
180	0.1	0.012079
180	0.2	0.013983
180	0.3	0.017429
180	0.4	0.022792
180	0.5	0.025625
180	0.6	0.032296
180	0.7	0.037927
180	0.8	0.043112
180	0.9	0.04739
180	1	0.050638
180	1.1	0.051864
180	1.2	0.052461
180	1.3	0.049335
180	1.4	0.046547
180	1.5	0.041792
180	1.6	0.036831
180	1.7	0.032485
180	1.8	0.029233
180	1.9	0.029079
180	2	0.029565
180	2.1	0.029595
180	2.2	0.028501
180	2.3	0.027149
180	2.4	0.025496
180	2.5	0.02278
180	2.6	0.02102
180	2.7	0.020009
180	2.8	0.019707
180	2.9	0.019984
180	3	0.018512
180	3.1	0.017712
180	3.2	0.014182
180	3.3	0.012853
180	3.4	0.011366
180	3.5	0.011072
180	3.6	0.01158
180	3.7	0.011379
180	3.8	0.010933
180	3.9	0.0090072
180	4	0.0089025
 
Uniformity Ratio =0.45847
