08-Jan-2018
12:17
TXR  008030 RM428 R24
33511B Function Generator
SN =Agilent Technologies,33511B,MY52301476,3.05-1.19-2.00-52-00
freq =+9.290000000000000E+06
burstmode =TRIG
burstN =+6.000000000000000E+01
voltage =+1.5000000000000E-01
 
DSO-X 2022A Oscilloscope
SN =AGILENT TECHNOLOGIES,DSO-X 2022A,MY54310921,02.41.2015102200
probe =+1.0000000E+00
scale =+500.0E-09
position =+19.900000E-06
range =+1.60E+00
units =VOLT
points =+2000
pointmode =NORM
format =BYTE
acqtype =NORM
trigsource =EXT
coupling =AC
 
-180	-4	0.0075274
-180	-3.9	0.0072607
-180	-3.8	0.0076212
-180	-3.7	0.0076255
-180	-3.6	0.0077077
-180	-3.5	0.0077537
-180	-3.4	0.0069954
-180	-3.3	0.0071123
-180	-3.2	0.0078139
-180	-3.1	0.0093678
-180	-3	0.011829
-180	-2.9	0.012617
-180	-2.8	0.012979
-180	-2.7	0.012999
-180	-2.6	0.013639
-180	-2.5	0.015456
-180	-2.4	0.019197
-180	-2.3	0.024117
-180	-2.2	0.027082
-180	-2.1	0.029127
-180	-2	0.029428
-180	-1.9	0.028969
-180	-1.8	0.028572
-180	-1.7	0.029539
-180	-1.6	0.030669
-180	-1.5	0.032801
-180	-1.4	0.034242
-180	-1.3	0.033498
-180	-1.2	0.032167
-180	-1.1	0.032913
-180	-1	0.036292
-180	-0.9	0.043973
-180	-0.8	0.053203
-180	-0.7	0.059327
-180	-0.6	0.061657
-180	-0.5	0.061677
-180	-0.4	0.05434
-180	-0.3	0.049243
-180	-0.2	0.035952
-180	-0.1	0.027984
-180	0	0.01928
-180	0.1	0.013961
-180	0.2	0.011921
-180	0.3	0.012371
-180	0.4	0.016058
-180	0.5	0.020937
-180	0.6	0.031575
-180	0.7	0.036456
-180	0.8	0.044784
-180	0.9	0.051327
-180	1	0.054383
-180	1.1	0.05624
-180	1.2	0.056211
-180	1.3	0.053121
-180	1.4	0.053094
-180	1.5	0.048506
-180	1.6	0.044849
-180	1.7	0.040676
-180	1.8	0.03852
-180	1.9	0.036556
-180	2	0.035691
-180	2.1	0.034564
-180	2.2	0.034405
-180	2.3	0.032921
-180	2.4	0.030142
-180	2.5	0.027882
-180	2.6	0.025336
-180	2.7	0.023692
-180	2.8	0.021269
-180	2.9	0.020026
-180	3	0.01851
-180	3.1	0.017772
-180	3.2	0.016876
-180	3.3	0.015642
-180	3.4	0.013197
-180	3.5	0.012829
-180	3.6	0.012249
-180	3.7	0.01278
-180	3.8	0.011845
-180	3.9	0.011042
-180	4	0.010847
-170	-4	0.0054442
-170	-3.9	0.0065344
-170	-3.8	0.0084288
-170	-3.7	0.0095557
-170	-3.6	0.009328
-170	-3.5	0.0083788
-170	-3.4	0.0064347
-170	-3.3	0.0053785
-170	-3.2	0.0068507
-170	-3.1	0.0095489
-170	-3	0.012148
-170	-2.9	0.012439
-170	-2.8	0.012639
-170	-2.7	0.01208
-170	-2.6	0.012805
-170	-2.5	0.01635
-170	-2.4	0.02019
-170	-2.3	0.024896
-170	-2.2	0.027951
-170	-2.1	0.028917
-170	-2	0.029023
-170	-1.9	0.028442
-170	-1.8	0.028507
-170	-1.7	0.029453
-170	-1.6	0.03051
-170	-1.5	0.031367
-170	-1.4	0.031011
-170	-1.3	0.030691
-170	-1.2	0.029445
-170	-1.1	0.031421
-170	-1	0.035986
-170	-0.9	0.042998
-170	-0.8	0.048453
-170	-0.7	0.052643
-170	-0.6	0.05359
-170	-0.5	0.051297
-170	-0.4	0.046039
-170	-0.3	0.03911
-170	-0.2	0.030281
-170	-0.1	0.023632
-170	0	0.016897
-170	0.1	0.012872
-170	0.2	0.011513
-170	0.3	0.013063
-170	0.4	0.018196
-170	0.5	0.023723
-170	0.6	0.032675
-170	0.7	0.038208
-170	0.8	0.042001
-170	0.9	0.047479
-170	1	0.049689
-170	1.1	0.051957
-170	1.2	0.050763
-170	1.3	0.049418
-170	1.4	0.04759
-170	1.5	0.045206
-170	1.6	0.042229
-170	1.7	0.039505
-170	1.8	0.036846
-170	1.9	0.035608
-170	2	0.034047
-170	2.1	0.032633
-170	2.2	0.032498
-170	2.3	0.030443
-170	2.4	0.029226
-170	2.5	0.027078
-170	2.6	0.025642
-170	2.7	0.023005
-170	2.8	0.020022
-170	2.9	0.018378
-170	3	0.016859
-170	3.1	0.0153
-170	3.2	0.014473
-170	3.3	0.013892
-170	3.4	0.013208
-170	3.5	0.012774
-170	3.6	0.012265
-170	3.7	0.0098734
-170	3.8	0.0086502
-170	3.9	0.0074562
-170	4	0.0073294
-160	-4	0.0067843
-160	-3.9	0.0070644
-160	-3.8	0.0077994
-160	-3.7	0.0082544
-160	-3.6	0.0080482
-160	-3.5	0.0073382
-160	-3.4	0.0064221
-160	-3.3	0.0056396
-160	-3.2	0.0070895
-160	-3.1	0.0089369
-160	-3	0.0099452
-160	-2.9	0.010739
-160	-2.8	0.011339
-160	-2.7	0.011332
-160	-2.6	0.014812
-160	-2.5	0.017841
-160	-2.4	0.021515
-160	-2.3	0.023917
-160	-2.2	0.026553
-160	-2.1	0.026546
-160	-2	0.026481
-160	-1.9	0.026477
-160	-1.8	0.027829
-160	-1.7	0.028031
-160	-1.6	0.03032
-160	-1.5	0.031306
-160	-1.4	0.031356
-160	-1.3	0.028828
-160	-1.2	0.02842
-160	-1.1	0.029914
-160	-1	0.03675
-160	-0.9	0.042263
-160	-0.8	0.046385
-160	-0.7	0.050559
-160	-0.6	0.053141
-160	-0.5	0.049367
-160	-0.4	0.045472
-160	-0.3	0.037578
-160	-0.2	0.026425
-160	-0.1	0.019707
-160	0	0.013777
-160	0.1	0.011125
-160	0.2	0.01024
-160	0.3	0.011353
-160	0.4	0.018213
-160	0.5	0.02363
-160	0.6	0.030063
-160	0.7	0.039352
-160	0.8	0.04466
-160	0.9	0.048723
-160	1	0.050885
-160	1.1	0.050719
-160	1.2	0.049276
-160	1.3	0.046336
-160	1.4	0.042698
-160	1.5	0.039221
-160	1.6	0.03709
-160	1.7	0.035597
-160	1.8	0.035392
-160	1.9	0.034171
-160	2	0.031992
-160	2.1	0.030762
-160	2.2	0.029127
-160	2.3	0.028371
-160	2.4	0.02703
-160	2.5	0.025394
-160	2.6	0.024145
-160	2.7	0.021821
-160	2.8	0.019447
-160	2.9	0.01781
-160	3	0.015454
-160	3.1	0.013767
-160	3.2	0.012923
-160	3.3	0.012143
-160	3.4	0.011741
-160	3.5	0.011122
-160	3.6	0.01098
-160	3.7	0.009989
-160	3.8	0.0086446
-160	3.9	0.0081757
-160	4	0.0078036
-150	-4	0.006846
-150	-3.9	0.0086745
-150	-3.8	0.0096399
-150	-3.7	0.0098193
-150	-3.6	0.0083459
-150	-3.5	0.0068743
-150	-3.4	0.0063817
-150	-3.3	0.0078284
-150	-3.2	0.009373
-150	-3.1	0.0111
-150	-3	0.011163
-150	-2.9	0.010535
-150	-2.8	0.010574
-150	-2.7	0.01318
-150	-2.6	0.01664
-150	-2.5	0.021528
-150	-2.4	0.023017
-150	-2.3	0.024908
-150	-2.2	0.025515
-150	-2.1	0.025251
-150	-2	0.025199
-150	-1.9	0.027513
-150	-1.8	0.02908
-150	-1.7	0.030748
-150	-1.6	0.030912
-150	-1.5	0.028989
-150	-1.4	0.025206
-150	-1.3	0.021875
-150	-1.2	0.022274
-150	-1.1	0.026121
-150	-1	0.035959
-150	-0.9	0.042953
-150	-0.8	0.047609
-150	-0.7	0.04938
-150	-0.6	0.049053
-150	-0.5	0.045309
-150	-0.4	0.037997
-150	-0.3	0.029837
-150	-0.2	0.022788
-150	-0.1	0.015339
-150	0	0.012253
-150	0.1	0.011585
-150	0.2	0.012947
-150	0.3	0.01635
-150	0.4	0.023453
-150	0.5	0.028196
-150	0.6	0.034481
-150	0.7	0.040489
-150	0.8	0.044922
-150	0.9	0.048769
-150	1	0.05014
-150	1.1	0.048795
-150	1.2	0.046325
-150	1.3	0.041937
-150	1.4	0.038801
-150	1.5	0.035744
-150	1.6	0.032212
-150	1.7	0.029724
-150	1.8	0.030282
-150	1.9	0.030947
-150	2	0.030582
-150	2.1	0.029376
-150	2.2	0.028271
-150	2.3	0.026744
-150	2.4	0.023938
-150	2.5	0.021329
-150	2.6	0.019813
-150	2.7	0.018931
-150	2.8	0.018198
-150	2.9	0.016255
-150	3	0.015446
-150	3.1	0.013582
-150	3.2	0.011908
-150	3.3	0.009811
-150	3.4	0.0085695
-150	3.5	0.0080543
-150	3.6	0.0090144
-150	3.7	0.010005
-150	3.8	0.009893
-150	3.9	0.009675
-150	4	0.0091372
-140	-4	0.0061259
-140	-3.9	0.0062486
-140	-3.8	0.0060516
-140	-3.7	0.0070093
-140	-3.6	0.0064672
-140	-3.5	0.0070346
-140	-3.4	0.0063309
-140	-3.3	0.0062667
-140	-3.2	0.0063462
-140	-3.1	0.0072116
-140	-3	0.0079492
-140	-2.9	0.0089134
-140	-2.8	0.010627
-140	-2.7	0.013366
-140	-2.6	0.016565
-140	-2.5	0.018467
-140	-2.4	0.02073
-140	-2.3	0.022701
-140	-2.2	0.02403
-140	-2.1	0.025181
-140	-2	0.026564
-140	-1.9	0.027821
-140	-1.8	0.028581
-140	-1.7	0.02889
-140	-1.6	0.027567
-140	-1.5	0.025168
-140	-1.4	0.023477
-140	-1.3	0.023548
-140	-1.2	0.026572
-140	-1.1	0.031787
-140	-1	0.035963
-140	-0.9	0.042615
-140	-0.8	0.045536
-140	-0.7	0.04619
-140	-0.6	0.043852
-140	-0.5	0.040648
-140	-0.4	0.034489
-140	-0.3	0.024465
-140	-0.2	0.019159
-140	-0.1	0.012029
-140	0	0.010683
-140	0.1	0.010074
-140	0.2	0.011985
-140	0.3	0.015108
-140	0.4	0.022766
-140	0.5	0.029889
-140	0.6	0.036375
-140	0.7	0.042491
-140	0.8	0.044542
-140	0.9	0.047612
-140	1	0.047947
-140	1.1	0.046312
-140	1.2	0.043487
-140	1.3	0.03924
-140	1.4	0.037555
-140	1.5	0.033523
-140	1.6	0.032536
-140	1.7	0.031291
-140	1.8	0.031045
-140	1.9	0.029574
-140	2	0.029433
-140	2.1	0.028598
-140	2.2	0.027666
-140	2.3	0.026936
-140	2.4	0.024607
-140	2.5	0.02348
-140	2.6	0.021149
-140	2.7	0.018883
-140	2.8	0.01753
-140	2.9	0.014226
-140	3	0.013012
-140	3.1	0.012032
-140	3.2	0.011601
-140	3.3	0.010874
-140	3.4	0.0094844
-140	3.5	0.0091337
-140	3.6	0.0086819
-140	3.7	0.0083692
-140	3.8	0.0073668
-140	3.9	0.0074757
-140	4	0.0085752
-130	-4	0.010016
-130	-3.9	0.011996
-130	-3.8	0.012956
-130	-3.7	0.011536
-130	-3.6	0.0093488
-130	-3.5	0.0075872
-130	-3.4	0.0071214
-130	-3.3	0.0083188
-130	-3.2	0.010361
-130	-3.1	0.01108
-130	-3	0.010811
-130	-2.9	0.011536
-130	-2.8	0.013079
-130	-2.7	0.016945
-130	-2.6	0.021234
-130	-2.5	0.025248
-130	-2.4	0.028344
-130	-2.3	0.029493
-130	-2.2	0.028711
-130	-2.1	0.027328
-130	-2	0.026966
-130	-1.9	0.027068
-130	-1.8	0.028109
-130	-1.7	0.02974
-130	-1.6	0.029132
-130	-1.5	0.02652
-130	-1.4	0.022754
-130	-1.3	0.01897
-130	-1.2	0.021118
-130	-1.1	0.027135
-130	-1	0.036112
-130	-0.9	0.040338
-130	-0.8	0.045769
-130	-0.7	0.046135
-130	-0.6	0.044462
-130	-0.5	0.039221
-130	-0.4	0.032942
-130	-0.3	0.02616
-130	-0.2	0.020974
-130	-0.1	0.014843
-130	0	0.012551
-130	0.1	0.013407
-130	0.2	0.017277
-130	0.3	0.021397
-130	0.4	0.025743
-130	0.5	0.03289
-130	0.6	0.03814
-130	0.7	0.041311
-130	0.8	0.04467
-130	0.9	0.046693
-130	1	0.046643
-130	1.1	0.044426
-130	1.2	0.040949
-130	1.3	0.038572
-130	1.4	0.03361
-130	1.5	0.032355
-130	1.6	0.028346
-130	1.7	0.02806
-130	1.8	0.029486
-130	1.9	0.029
-130	2	0.028414
-130	2.1	0.027528
-130	2.2	0.025098
-130	2.3	0.023832
-130	2.4	0.021409
-130	2.5	0.019681
-130	2.6	0.019028
-130	2.7	0.01812
-130	2.8	0.017525
-130	2.9	0.014969
-130	3	0.012758
-130	3.1	0.010301
-130	3.2	0.0086689
-130	3.3	0.0076551
-130	3.4	0.0079898
-130	3.5	0.0085544
-130	3.6	0.0098685
-130	3.7	0.010118
-130	3.8	0.0095489
-130	3.9	0.0088186
-130	4	0.0075402
-120	-4	0.0078469
-120	-3.9	0.0083052
-120	-3.8	0.0083032
-120	-3.7	0.007467
-120	-3.6	0.0059979
-120	-3.5	0.0054472
-120	-3.4	0.0071123
-120	-3.3	0.0091053
-120	-3.2	0.010839
-120	-3.1	0.01071
-120	-3	0.0092985
-120	-2.9	0.0090662
-120	-2.8	0.011601
-120	-2.7	0.017314
-120	-2.6	0.021578
-120	-2.5	0.025417
-120	-2.4	0.02748
-120	-2.3	0.027471
-120	-2.2	0.025726
-120	-2.1	0.025519
-120	-2	0.026738
-120	-1.9	0.028933
-120	-1.8	0.02967
-120	-1.7	0.029445
-120	-1.6	0.027502
-120	-1.5	0.024405
-120	-1.4	0.018576
-120	-1.3	0.017456
-120	-1.2	0.022986
-120	-1.1	0.02821
-120	-1	0.038856
-120	-0.9	0.04327
-120	-0.8	0.045895
-120	-0.7	0.046392
-120	-0.6	0.041264
-120	-0.5	0.036358
-120	-0.4	0.029453
-120	-0.3	0.024119
-120	-0.2	0.016097
-120	-0.1	0.012124
-120	0	0.011658
-120	0.1	0.015317
-120	0.2	0.019338
-120	0.3	0.025679
-120	0.4	0.031176
-120	0.5	0.037623
-120	0.6	0.041927
-120	0.7	0.044422
-120	0.8	0.046048
-120	0.9	0.046011
-120	1	0.044481
-120	1.1	0.041298
-120	1.2	0.038043
-120	1.3	0.035883
-120	1.4	0.032678
-120	1.5	0.03157
-120	1.6	0.028873
-120	1.7	0.028732
-120	1.8	0.027239
-120	1.9	0.027452
-120	2	0.025868
-120	2.1	0.025116
-120	2.2	0.02517
-120	2.3	0.023615
-120	2.4	0.020852
-120	2.5	0.01904
-120	2.6	0.017774
-120	2.7	0.017137
-120	2.8	0.015435
-120	2.9	0.012893
-120	3	0.011373
-120	3.1	0.010423
-120	3.2	0.0094741
-120	3.3	0.0082954
-120	3.4	0.0078469
-120	3.5	0.0077807
-120	3.6	0.008594
-120	3.7	0.0084594
-120	3.8	0.0083711
-120	3.9	0.0080241
-120	4	0.0083207
-110	-4	0.0092863
-110	-3.9	0.00971
-110	-3.8	0.0098767
-110	-3.7	0.0083981
-110	-3.6	0.0057419
-110	-3.5	0.005192
-110	-3.4	0.0073536
-110	-3.3	0.0095759
-110	-3.2	0.010359
-110	-3.1	0.011106
-110	-3	0.010365
-110	-2.9	0.0097764
-110	-2.8	0.011782
-110	-2.7	0.017096
-110	-2.6	0.023069
-110	-2.5	0.026121
-110	-2.4	0.028958
-110	-2.3	0.029904
-110	-2.2	0.029867
-110	-2.1	0.029968
-110	-2	0.030606
-110	-1.9	0.030271
-110	-1.8	0.030718
-110	-1.7	0.028855
-110	-1.6	0.026947
-110	-1.5	0.022496
-110	-1.4	0.018728
-110	-1.3	0.020947
-110	-1.2	0.025382
-110	-1.1	0.033072
-110	-1	0.042245
-110	-0.9	0.046332
-110	-0.8	0.04786
-110	-0.7	0.046781
-110	-0.6	0.040224
-110	-0.5	0.034195
-110	-0.4	0.028153
-110	-0.3	0.023833
-110	-0.2	0.018383
-110	-0.1	0.015331
-110	0	0.014321
-110	0.1	0.015677
-110	0.2	0.019652
-110	0.3	0.024159
-110	0.4	0.029679
-110	0.5	0.036721
-110	0.6	0.040205
-110	0.7	0.042874
-110	0.8	0.044119
-110	0.9	0.045737
-110	1	0.04294
-110	1.1	0.041014
-110	1.2	0.038285
-110	1.3	0.03546
-110	1.4	0.032835
-110	1.5	0.03136
-110	1.6	0.029461
-110	1.7	0.02977
-110	1.8	0.031154
-110	1.9	0.030865
-110	2	0.028961
-110	2.1	0.028416
-110	2.2	0.026782
-110	2.3	0.024252
-110	2.4	0.021812
-110	2.5	0.019441
-110	2.6	0.016711
-110	2.7	0.015965
-110	2.8	0.013462
-110	2.9	0.011873
-110	3	0.009989
-110	3.1	0.0092933
-110	3.2	0.0088039
-110	3.3	0.008227
-110	3.4	0.0067843
-110	3.5	0.0064322
-110	3.6	0.0072272
-110	3.7	0.0075445
-110	3.8	0.0081381
-110	3.9	0.0088039
-110	4	0.0090822
-100	-4	0.010578
-100	-3.9	0.0098538
-100	-3.8	0.0085752
-100	-3.7	0.0066106
-100	-3.6	0.0064322
-100	-3.5	0.0074345
-100	-3.4	0.0082857
-100	-3.3	0.0089188
-100	-3.2	0.008745
-100	-3.1	0.0078757
-100	-3	0.0083188
-100	-2.9	0.01177
-100	-2.8	0.01623
-100	-2.7	0.021108
-100	-2.6	0.023511
-100	-2.5	0.026495
-100	-2.4	0.026951
-100	-2.3	0.027261
-100	-2.2	0.027849
-100	-2.1	0.030155
-100	-2	0.031935
-100	-1.9	0.033346
-100	-1.8	0.031007
-100	-1.7	0.028143
-100	-1.6	0.022958
-100	-1.5	0.017053
-100	-1.4	0.017918
-100	-1.3	0.024687
-100	-1.2	0.033424
-100	-1.1	0.040459
-100	-1	0.04617
-100	-0.9	0.047758
-100	-0.8	0.047402
-100	-0.7	0.044145
-100	-0.6	0.038189
-100	-0.5	0.033444
-100	-0.4	0.026745
-100	-0.3	0.020369
-100	-0.2	0.018018
-100	-0.1	0.016834
-100	0	0.016618
-100	0.1	0.018787
-100	0.2	0.023944
-100	0.3	0.027511
-100	0.4	0.03477
-100	0.5	0.037519
-100	0.6	0.042103
-100	0.7	0.043542
-100	0.8	0.043846
-100	0.9	0.043336
-100	1	0.040517
-100	1.1	0.03777
-100	1.2	0.035201
-100	1.3	0.034225
-100	1.4	0.031428
-100	1.5	0.030397
-100	1.6	0.029299
-100	1.7	0.029962
-100	1.8	0.029417
-100	1.9	0.029095
-100	2	0.028583
-100	2.1	0.026756
-100	2.2	0.026196
-100	2.3	0.024155
-100	2.4	0.02103
-100	2.5	0.017715
-100	2.6	0.015466
-100	2.7	0.012732
-100	2.8	0.011173
-100	2.9	0.0095472
-100	3	0.0095844
-100	3.1	0.0094417
-100	3.2	0.0090519
-100	3.3	0.0079166
-100	3.4	0.0072896
-100	3.5	0.0067962
-100	3.6	0.0071191
-100	3.7	0.0072116
-100	3.8	0.0076466
-100	3.9	0.0075059
-100	4	0.0083537
-90	-4	0.012604
-90	-3.9	0.012558
-90	-3.8	0.011608
-90	-3.7	0.0094946
-90	-3.6	0.0075787
-90	-3.5	0.0074562
-90	-3.4	0.0081955
-90	-3.3	0.0088934
-90	-3.2	0.0085601
-90	-3.1	0.0087856
-90	-3	0.010354
-90	-2.9	0.013921
-90	-2.8	0.019162
-90	-2.7	0.024828
-90	-2.6	0.026941
-90	-2.5	0.028038
-90	-2.4	0.028442
-90	-2.3	0.029415
-90	-2.2	0.029841
-90	-2.1	0.032478
-90	-2	0.033925
-90	-1.9	0.035021
-90	-1.8	0.03233
-90	-1.7	0.028813
-90	-1.6	0.020105
-90	-1.5	0.016218
-90	-1.4	0.017447
-90	-1.3	0.023789
-90	-1.2	0.036153
-90	-1.1	0.040804
-90	-1	0.04946
-90	-0.9	0.050332
-90	-0.8	0.049281
-90	-0.7	0.044505
-90	-0.6	0.040346
-90	-0.5	0.031545
-90	-0.4	0.028097
-90	-0.3	0.022826
-90	-0.2	0.019203
-90	-0.1	0.017497
-90	0	0.017306
-90	0.1	0.019294
-90	0.2	0.024535
-90	0.3	0.02825
-90	0.4	0.036098
-90	0.5	0.040237
-90	0.6	0.042875
-90	0.7	0.044024
-90	0.8	0.043713
-90	0.9	0.042758
-90	1	0.040506
-90	1.1	0.035683
-90	1.2	0.03445
-90	1.3	0.03238
-90	1.4	0.030097
-90	1.5	0.028826
-90	1.6	0.029053
-90	1.7	0.029242
-90	1.8	0.02968
-90	1.9	0.028014
-90	2	0.027419
-90	2.1	0.025632
-90	2.2	0.022947
-90	2.3	0.020529
-90	2.4	0.018015
-90	2.5	0.016627
-90	2.6	0.014555
-90	2.7	0.013097
-90	2.8	0.010612
-90	2.9	0.0083266
-90	3	0.0068507
-90	3.1	0.0078654
-90	3.2	0.0070001
-90	3.3	0.0073228
-90	3.4	0.0076043
-90	3.5	0.0073712
-90	3.6	0.0075509
-90	3.7	0.0075552
-90	3.8	0.007818
-90	3.9	0.0075102
-90	4	0.0076678
-80	-4	0.010055
-80	-3.9	0.0094912
-80	-3.8	0.0081639
-80	-3.7	0.00677
-80	-3.6	0.0066787
-80	-3.5	0.0079979
-80	-3.4	0.008223
-80	-3.3	0.0082388
-80	-3.2	0.007358
-80	-3.1	0.008227
-80	-3	0.011765
-80	-2.9	0.014606
-80	-2.8	0.019497
-80	-2.7	0.021708
-80	-2.6	0.023526
-80	-2.5	0.02427
-80	-2.4	0.024967
-80	-2.3	0.026694
-80	-2.2	0.027869
-80	-2.1	0.030665
-80	-2	0.032166
-80	-1.9	0.032274
-80	-1.8	0.029481
-80	-1.7	0.024742
-80	-1.6	0.017261
-80	-1.5	0.013957
-80	-1.4	0.020826
-80	-1.3	0.029809
-80	-1.2	0.037706
-80	-1.1	0.046669
-80	-1	0.051028
-80	-0.9	0.051523
-80	-0.8	0.049249
-80	-0.7	0.043317
-80	-0.6	0.03748
-80	-0.5	0.032567
-80	-0.4	0.025709
-80	-0.3	0.022652
-80	-0.2	0.018136
-80	-0.1	0.016585
-80	0	0.016549
-80	0.1	0.018481
-80	0.2	0.024391
-80	0.3	0.029012
-80	0.4	0.035133
-80	0.5	0.038497
-80	0.6	0.042072
-80	0.7	0.042575
-80	0.8	0.04157
-80	0.9	0.039501
-80	1	0.036
-80	1.1	0.032892
-80	1.2	0.031817
-80	1.3	0.031582
-80	1.4	0.031493
-80	1.5	0.031831
-80	1.6	0.031236
-80	1.7	0.030762
-80	1.8	0.028455
-80	1.9	0.027896
-80	2	0.025745
-80	2.1	0.024293
-80	2.2	0.022508
-80	2.3	0.020864
-80	2.4	0.019004
-80	2.5	0.016254
-80	2.6	0.014681
-80	2.7	0.012178
-80	2.8	0.010627
-80	2.9	0.0086857
-80	3	0.0069746
-80	3.1	0.0060702
-80	3.2	0.0063766
-80	3.3	0.0073206
-80	3.4	0.007254
-80	3.5	0.0081876
-80	3.6	0.0083576
-80	3.7	0.008006
-80	3.8	0.0073646
-80	3.9	0.0066617
-80	4	0.0063614
-70	-4	0.011802
-70	-3.9	0.010455
-70	-3.8	0.0086015
-70	-3.7	0.0078077
-70	-3.6	0.0086165
-70	-3.5	0.010149
-70	-3.4	0.010245
-70	-3.3	0.00969
-70	-3.2	0.0079003
-70	-3.1	0.0082915
-70	-3	0.012262
-70	-2.9	0.01649
-70	-2.8	0.021869
-70	-2.7	0.025194
-70	-2.6	0.026861
-70	-2.5	0.027105
-70	-2.4	0.027762
-70	-2.3	0.02922
-70	-2.2	0.031764
-70	-2.1	0.035127
-70	-2	0.037338
-70	-1.9	0.035575
-70	-1.8	0.030306
-70	-1.7	0.022772
-70	-1.6	0.017227
-70	-1.5	0.016485
-70	-1.4	0.023454
-70	-1.3	0.033355
-70	-1.2	0.043057
-70	-1.1	0.050465
-70	-1	0.053293
-70	-0.9	0.054058
-70	-0.8	0.050198
-70	-0.7	0.045458
-70	-0.6	0.039316
-70	-0.5	0.031652
-70	-0.4	0.027065
-70	-0.3	0.023087
-70	-0.2	0.019983
-70	-0.1	0.01842
-70	0	0.018199
-70	0.1	0.01945
-70	0.2	0.02284
-70	0.3	0.027112
-70	0.4	0.031571
-70	0.5	0.035887
-70	0.6	0.038327
-70	0.7	0.037931
-70	0.8	0.038443
-70	0.9	0.03522
-70	1	0.033502
-70	1.1	0.031668
-70	1.2	0.030857
-70	1.3	0.030449
-70	1.4	0.03061
-70	1.5	0.03048
-70	1.6	0.031308
-70	1.7	0.032005
-70	1.8	0.031555
-70	1.9	0.029987
-70	2	0.027727
-70	2.1	0.026384
-70	2.2	0.023902
-70	2.3	0.020631
-70	2.4	0.017325
-70	2.5	0.016356
-70	2.6	0.01481
-70	2.7	0.012843
-70	2.8	0.012106
-70	2.9	0.010685
-70	3	0.0088661
-70	3.1	0.0071259
-70	3.2	0.0067962
-70	3.3	0.0077077
-70	3.4	0.008654
-70	3.5	0.0092811
-70	3.6	0.00967
-70	3.7	0.0095116
-70	3.8	0.0082329
-70	3.9	0.0069491
-70	4	0.0067101
-60	-4	0.011191
-60	-3.9	0.010103
-60	-3.8	0.0091408
-60	-3.7	0.008448
-60	-3.6	0.0092654
-60	-3.5	0.010078
-60	-3.4	0.0095421
-60	-3.3	0.0085506
-60	-3.2	0.007007
-60	-3.1	0.0060542
-60	-3	0.010415
-60	-2.9	0.01484
-60	-2.8	0.021692
-60	-2.7	0.024312
-60	-2.6	0.025852
-60	-2.5	0.02677
-60	-2.4	0.027838
-60	-2.3	0.030404
-60	-2.2	0.034098
-60	-2.1	0.03563
-60	-2	0.036454
-60	-1.9	0.03417
-60	-1.8	0.027887
-60	-1.7	0.023138
-60	-1.6	0.01557
-60	-1.5	0.018807
-60	-1.4	0.028462
-60	-1.3	0.035231
-60	-1.2	0.045483
-60	-1.1	0.048977
-60	-1	0.053232
-60	-0.9	0.052326
-60	-0.8	0.04746
-60	-0.7	0.044313
-60	-0.6	0.038741
-60	-0.5	0.029983
-60	-0.4	0.027387
-60	-0.3	0.023787
-60	-0.2	0.021653
-60	-0.1	0.019845
-60	0	0.019095
-60	0.1	0.01996
-60	0.2	0.023039
-60	0.3	0.025963
-60	0.4	0.030119
-60	0.5	0.03338
-60	0.6	0.035998
-60	0.7	0.036967
-60	0.8	0.035899
-60	0.9	0.035623
-60	1	0.033674
-60	1.1	0.031799
-60	1.2	0.031032
-60	1.3	0.031382
-60	1.4	0.031148
-60	1.5	0.03048
-60	1.6	0.031623
-60	1.7	0.032243
-60	1.8	0.031398
-60	1.9	0.029268
-60	2	0.027392
-60	2.1	0.026272
-60	2.2	0.022394
-60	2.3	0.019934
-60	2.4	0.01839
-60	2.5	0.015847
-60	2.6	0.013817
-60	2.7	0.010574
-60	2.8	0.0082525
-60	2.9	0.0075381
-60	3	0.0075359
-60	3.1	0.0085789
-60	3.2	0.0085714
-60	3.3	0.0084632
-60	3.4	0.0071032
-60	3.5	0.0073952
-60	3.6	0.0071485
-60	3.7	0.0079614
-60	3.8	0.0091936
-60	3.9	0.0094314
-60	4	0.0099614
-50	-4	0.013875
-50	-3.9	0.011526
-50	-3.8	0.0096967
-50	-3.7	0.0093764
-50	-3.6	0.0086838
-50	-3.5	0.0098996
-50	-3.4	0.010769
-50	-3.3	0.0099175
-50	-3.2	0.0081579
-50	-3.1	0.0075338
-50	-3	0.0095048
-50	-2.9	0.013198
-50	-2.8	0.019479
-50	-2.7	0.023451
-50	-2.6	0.026781
-50	-2.5	0.028625
-50	-2.4	0.030032
-50	-2.3	0.032271
-50	-2.2	0.03459
-50	-2.1	0.03623
-50	-2	0.036505
-50	-1.9	0.034047
-50	-1.8	0.031189
-50	-1.7	0.021528
-50	-1.6	0.017179
-50	-1.5	0.017196
-50	-1.4	0.027932
-50	-1.3	0.035375
-50	-1.2	0.042389
-50	-1.1	0.051334
-50	-1	0.05199
-50	-0.9	0.050226
-50	-0.8	0.045851
-50	-0.7	0.042081
-50	-0.6	0.038474
-50	-0.5	0.034
-50	-0.4	0.030185
-50	-0.3	0.027105
-50	-0.2	0.023432
-50	-0.1	0.0211
-50	0	0.018131
-50	0.1	0.017848
-50	0.2	0.021113
-50	0.3	0.024515
-50	0.4	0.028586
-50	0.5	0.03145
-50	0.6	0.033844
-50	0.7	0.034539
-50	0.8	0.034502
-50	0.9	0.033189
-50	1	0.03254
-50	1.1	0.031848
-50	1.2	0.032184
-50	1.3	0.03298
-50	1.4	0.033159
-50	1.5	0.032219
-50	1.6	0.032386
-50	1.7	0.032154
-50	1.8	0.031553
-50	1.9	0.029661
-50	2	0.027413
-50	2.1	0.025496
-50	2.2	0.023554
-50	2.3	0.01857
-50	2.4	0.01595
-50	2.5	0.012072
-50	2.6	0.0093488
-50	2.7	0.0081262
-50	2.8	0.0081381
-50	2.9	0.0075209
-50	3	0.0070185
-50	3.1	0.0067796
-50	3.2	0.0072518
-50	3.3	0.0077911
-50	3.4	0.0083246
-50	3.5	0.0087635
-50	3.6	0.0092322
-50	3.7	0.0089874
-50	3.8	0.0086446
-50	3.9	0.0075808
-50	4	0.0069468
-40	-4	0.011722
-40	-3.9	0.010118
-40	-3.8	0.0087061
-40	-3.7	0.0088168
-40	-3.6	0.0091866
-40	-3.5	0.0099143
-40	-3.4	0.0099614
-40	-3.3	0.0091089
-40	-3.2	0.0068105
-40	-3.1	0.0061732
-40	-3	0.0091319
-40	-2.9	0.013182
-40	-2.8	0.018888
-40	-2.7	0.020645
-40	-2.6	0.022813
-40	-2.5	0.024465
-40	-2.4	0.027234
-40	-2.3	0.030478
-40	-2.2	0.033712
-40	-2.1	0.035913
-40	-2	0.036053
-40	-1.9	0.032758
-40	-1.8	0.026489
-40	-1.7	0.021525
-40	-1.6	0.017054
-40	-1.5	0.019664
-40	-1.4	0.025533
-40	-1.3	0.037661
-40	-1.2	0.045534
-40	-1.1	0.052124
-40	-1	0.054716
-40	-0.9	0.052832
-40	-0.8	0.046849
-40	-0.7	0.041896
-40	-0.6	0.035733
-40	-0.5	0.029833
-40	-0.4	0.025093
-40	-0.3	0.022589
-40	-0.2	0.021098
-40	-0.1	0.018915
-40	0	0.01775
-40	0.1	0.01798
-40	0.2	0.020701
-40	0.3	0.023176
-40	0.4	0.028483
-40	0.5	0.031992
-40	0.6	0.033858
-40	0.7	0.033372
-40	0.8	0.031967
-40	0.9	0.030524
-40	1	0.029893
-40	1.1	0.028852
-40	1.2	0.028975
-40	1.3	0.030468
-40	1.4	0.031854
-40	1.5	0.03288
-40	1.6	0.032439
-40	1.7	0.031722
-40	1.8	0.031032
-40	1.9	0.027583
-40	2	0.024892
-40	2.1	0.022508
-40	2.2	0.019205
-40	2.3	0.016899
-40	2.4	0.014363
-40	2.5	0.010712
-40	2.6	0.010358
-40	2.7	0.0080903
-40	2.8	0.0071914
-40	2.9	0.0071168
-40	3	0.0067772
-40	3.1	0.0067939
-40	3.2	0.0070644
-40	3.3	0.007441
-40	3.4	0.0073338
-40	3.5	0.0070392
-40	3.6	0.0073161
-40	3.7	0.0078222
-40	3.8	0.0082466
-40	3.9	0.0073646
-40	4	0.0069118
-30	-4	0.013716
-30	-3.9	0.013107
-30	-3.8	0.012036
-30	-3.7	0.011519
-30	-3.6	0.010887
-30	-3.5	0.011161
-30	-3.4	0.01034
-30	-3.3	0.0090555
-30	-3.2	0.0078675
-30	-3.1	0.0079979
-30	-3	0.0099922
-30	-2.9	0.014556
-30	-2.8	0.019454
-30	-2.7	0.022903
-30	-2.6	0.025895
-30	-2.5	0.025676
-30	-2.4	0.028761
-30	-2.3	0.0332
-30	-2.2	0.034946
-30	-2.1	0.036106
-30	-2	0.036461
-30	-1.9	0.032748
-30	-1.8	0.027836
-30	-1.7	0.020134
-30	-1.6	0.016246
-30	-1.5	0.018901
-30	-1.4	0.025316
-30	-1.3	0.034855
-30	-1.2	0.044235
-30	-1.1	0.049713
-30	-1	0.051831
-30	-0.9	0.04881
-30	-0.8	0.046868
-30	-0.7	0.040788
-30	-0.6	0.038133
-30	-0.5	0.032692
-30	-0.4	0.030351
-30	-0.3	0.026389
-30	-0.2	0.023892
-30	-0.1	0.020631
-30	0	0.017973
-30	0.1	0.017342
-30	0.2	0.017856
-30	0.3	0.02278
-30	0.4	0.025147
-30	0.5	0.028311
-30	0.6	0.030487
-30	0.7	0.030841
-30	0.8	0.030452
-30	0.9	0.029907
-30	1	0.028245
-30	1.1	0.028371
-30	1.2	0.027041
-30	1.3	0.027244
-30	1.4	0.029168
-30	1.5	0.029946
-30	1.6	0.030156
-30	1.7	0.031359
-30	1.8	0.030998
-30	1.9	0.029358
-30	2	0.027036
-30	2.1	0.021971
-30	2.2	0.018643
-30	2.3	0.01632
-30	2.4	0.014613
-30	2.5	0.012449
-30	2.6	0.011785
-30	2.7	0.01066
-30	2.8	0.0089586
-30	2.9	0.0075445
-30	3	0.006613
-30	3.1	0.0061967
-30	3.2	0.0068837
-30	3.3	0.0076509
-30	3.4	0.0079391
-30	3.5	0.0077558
-30	3.6	0.0076064
-30	3.7	0.0077161
-30	3.8	0.0075595
-30	3.9	0.007441
-30	4	0.0072496
-20	-4	0.012948
-20	-3.9	0.012465
-20	-3.8	0.011173
-20	-3.7	0.010826
-20	-3.6	0.010384
-20	-3.5	0.010082
-20	-3.4	0.0088186
-20	-3.3	0.0068813
-20	-3.2	0.005979
-20	-3.1	0.0079187
-20	-3	0.010318
-20	-2.9	0.013751
-20	-2.8	0.017421
-20	-2.7	0.020438
-20	-2.6	0.022498
-20	-2.5	0.025382
-20	-2.4	0.027028
-20	-2.3	0.029409
-20	-2.2	0.033073
-20	-2.1	0.034254
-20	-2	0.03542
-20	-1.9	0.033721
-20	-1.8	0.027885
-20	-1.7	0.01971
-20	-1.6	0.013693
-20	-1.5	0.016118
-20	-1.4	0.021499
-20	-1.3	0.032182
-20	-1.2	0.042616
-20	-1.1	0.050045
-20	-1	0.051139
-20	-0.9	0.049863
-20	-0.8	0.044123
-20	-0.7	0.040594
-20	-0.6	0.033737
-20	-0.5	0.029019
-20	-0.4	0.02399
-20	-0.3	0.021308
-20	-0.2	0.019824
-20	-0.1	0.017157
-20	0	0.016413
-20	0.1	0.017141
-20	0.2	0.022053
-20	0.3	0.024072
-20	0.4	0.028718
-20	0.5	0.030208
-20	0.6	0.030998
-20	0.7	0.029521
-20	0.8	0.027672
-20	0.9	0.025683
-20	1	0.02506
-20	1.1	0.024932
-20	1.2	0.027037
-20	1.3	0.027471
-20	1.4	0.029397
-20	1.5	0.029427
-20	1.6	0.028013
-20	1.7	0.025778
-20	1.8	0.024461
-20	1.9	0.023536
-20	2	0.021685
-20	2.1	0.020644
-20	2.2	0.019593
-20	2.3	0.016521
-20	2.4	0.014434
-20	2.5	0.011352
-20	2.6	0.0087947
-20	2.7	0.0067629
-20	2.8	0.007053
-20	2.9	0.0074757
-20	3	0.0087782
-20	3.1	0.0084747
-20	3.2	0.0085431
-20	3.3	0.0087302
-20	3.4	0.0097549
-20	3.5	0.0097
-20	3.6	0.0099045
-20	3.7	0.011094
-20	3.8	0.011251
-20	3.9	0.010774
-20	4	0.0081282
-10	-4	0.014558
-10	-3.9	0.014037
-10	-3.8	0.012241
-10	-3.7	0.010945
-10	-3.6	0.010248
-10	-3.5	0.0097
-10	-3.4	0.0098094
-10	-3.3	0.0092968
-10	-3.2	0.0075037
-10	-3.1	0.0065195
-10	-3	0.0079655
-10	-2.9	0.012466
-10	-2.8	0.018058
-10	-2.7	0.020107
-10	-2.6	0.022293
-10	-2.5	0.022896
-10	-2.4	0.02395
-10	-2.3	0.028272
-10	-2.2	0.032041
-10	-2.1	0.0358
-10	-2	0.037923
-10	-1.9	0.035866
-10	-1.8	0.028737
-10	-1.7	0.020298
-10	-1.6	0.013683
-10	-1.5	0.013758
-10	-1.4	0.022066
-10	-1.3	0.030419
-10	-1.2	0.040725
-10	-1.1	0.04526
-10	-1	0.049361
-10	-0.9	0.048582
-10	-0.8	0.045181
-10	-0.7	0.039544
-10	-0.6	0.035116
-10	-0.5	0.027502
-10	-0.4	0.023589
-10	-0.3	0.021726
-10	-0.2	0.019276
-10	-0.1	0.0178
-10	0	0.017542
-10	0.1	0.019545
-10	0.2	0.021301
-10	0.3	0.025074
-10	0.4	0.026825
-10	0.5	0.028656
-10	0.6	0.029094
-10	0.7	0.028342
-10	0.8	0.027093
-10	0.9	0.025838
-10	1	0.024567
-10	1.1	0.024168
-10	1.2	0.023996
-10	1.3	0.025235
-10	1.4	0.026903
-10	1.5	0.027359
-10	1.6	0.027989
-10	1.7	0.026615
-10	1.8	0.025911
-10	1.9	0.024084
-10	2	0.021199
-10	2.1	0.017676
-10	2.2	0.016768
-10	2.3	0.014809
-10	2.4	0.013797
-10	2.5	0.013327
-10	2.6	0.01222
-10	2.7	0.010005
-10	2.8	0.0087579
-10	2.9	0.0073161
-10	3	0.0066326
-10	3.1	0.0073426
-10	3.2	0.0083343
-10	3.3	0.0090537
-10	3.4	0.0087431
-10	3.5	0.0083246
-10	3.6	0.0065492
-10	3.7	0.00677
-10	3.8	0.0065664
-10	3.9	0.0071981
-10	4	0.0069954
0	-4	0.013106
0	-3.9	0.012088
0	-3.8	0.010329
0	-3.7	0.0087339
0	-3.6	0.0095557
0	-3.5	0.010102
0	-3.4	0.01104
0	-3.3	0.010826
0	-3.2	0.0081202
0	-3.1	0.0064095
0	-3	0.0069258
0	-2.9	0.012705
0	-2.8	0.016412
0	-2.7	0.019582
0	-2.6	0.023158
0	-2.5	0.025292
0	-2.4	0.027827
0	-2.3	0.028668
0	-2.2	0.030894
0	-2.1	0.033466
0	-2	0.035996
0	-1.9	0.035259
0	-1.8	0.031665
0	-1.7	0.024378
0	-1.6	0.01675
0	-1.5	0.013611
0	-1.4	0.021304
0	-1.3	0.028648
0	-1.2	0.037811
0	-1.1	0.045847
0	-1	0.049995
0	-0.9	0.049951
0	-0.8	0.044565
0	-0.7	0.041584
0	-0.6	0.034943
0	-0.5	0.027783
0	-0.4	0.023959
0	-0.3	0.020631
0	-0.2	0.019149
0	-0.1	0.0175
0	0	0.017851
0	0.1	0.019755
0	0.2	0.022631
0	0.3	0.027501
0	0.4	0.030778
0	0.5	0.034222
0	0.6	0.034803
0	0.7	0.03335
0	0.8	0.030743
0	0.9	0.028261
0	1	0.025084
0	1.1	0.024109
0	1.2	0.02357
0	1.3	0.024716
0	1.4	0.026934
0	1.5	0.028215
0	1.6	0.028456
0	1.7	0.027364
0	1.8	0.026276
0	1.9	0.024409
0	2	0.020576
0	2.1	0.01956
0	2.2	0.016675
0	2.3	0.01471
0	2.4	0.013195
0	2.5	0.010998
0	2.6	0.0091972
0	2.7	0.008016
0	2.8	0.0070208
0	2.9	0.0070047
0	3	0.0071598
0	3.1	0.0085506
0	3.2	0.0080201
0	3.3	0.0081162
0	3.4	0.0078921
0	3.5	0.0074149
0	3.6	0.007274
0	3.7	0.0083711
0	3.8	0.0081043
0	3.9	0.0079105
0	4	0.008469
10	-4	0.013797
10	-3.9	0.012493
10	-3.8	0.0097466
10	-3.7	0.0066228
10	-3.6	0.006886
10	-3.5	0.0088898
10	-3.4	0.010365
10	-3.3	0.010689
10	-3.2	0.0087431
10	-3.1	0.0074778
10	-3	0.0071869
10	-2.9	0.011259
10	-2.8	0.017064
10	-2.7	0.021102
10	-2.6	0.022927
10	-2.5	0.023923
10	-2.4	0.024318
10	-2.3	0.025776
10	-2.2	0.028817
10	-2.1	0.032946
10	-2	0.035355
10	-1.9	0.03564
10	-1.8	0.032315
10	-1.7	0.026514
10	-1.6	0.019613
10	-1.5	0.013721
10	-1.4	0.019744
10	-1.3	0.026854
10	-1.2	0.034117
10	-1.1	0.042413
10	-1	0.047189
10	-0.9	0.047653
10	-0.8	0.042814
10	-0.7	0.03923
10	-0.6	0.032207
10	-0.5	0.025553
10	-0.4	0.022606
10	-0.3	0.019649
10	-0.2	0.018909
10	-0.1	0.018742
10	0	0.018738
10	0.1	0.02175
10	0.2	0.024084
10	0.3	0.028006
10	0.4	0.030701
10	0.5	0.032442
10	0.6	0.033094
10	0.7	0.031273
10	0.8	0.028751
10	0.9	0.026841
10	1	0.025473
10	1.1	0.024557
10	1.2	0.025017
10	1.3	0.025793
10	1.4	0.02607
10	1.5	0.026603
10	1.6	0.027102
10	1.7	0.02735
10	1.8	0.026974
10	1.9	0.026879
10	2	0.026052
10	2.1	0.02306
10	2.2	0.020866
10	2.3	0.016653
10	2.4	0.012314
10	2.5	0.009725
10	2.6	0.0085393
10	2.7	0.0094946
10	2.8	0.010135
10	2.9	0.010334
10	3	0.0096466
10	3.1	0.0083884
10	3.2	0.0064872
10	3.3	0.007274
10	3.4	0.0078634
10	3.5	0.0090715
10	3.6	0.009695
10	3.7	0.010086
10	3.8	0.0096934
10	3.9	0.0088406
10	4	0.0081896
20	-4	0.013541
20	-3.9	0.012316
20	-3.8	0.010298
20	-3.7	0.0080763
20	-3.6	0.0079228
20	-3.5	0.0088661
20	-3.4	0.010431
20	-3.3	0.010238
20	-3.2	0.0099126
20	-3.1	0.0064196
20	-3	0.0073095
20	-2.9	0.011548
20	-2.8	0.015278
20	-2.7	0.018742
20	-2.6	0.021901
20	-2.5	0.023417
20	-2.4	0.024729
20	-2.3	0.027436
20	-2.2	0.030213
20	-2.1	0.033395
20	-2	0.036753
20	-1.9	0.037217
20	-1.8	0.034113
20	-1.7	0.02858
20	-1.6	0.017851
20	-1.5	0.012708
20	-1.4	0.014332
20	-1.3	0.021161
20	-1.2	0.032048
20	-1.1	0.041652
20	-1	0.046114
20	-0.9	0.045974
20	-0.8	0.04501
20	-0.7	0.040996
20	-0.6	0.033996
20	-0.5	0.028439
20	-0.4	0.024073
20	-0.3	0.021643
20	-0.2	0.019814
20	-0.1	0.019371
20	0	0.019852
20	0.1	0.021396
20	0.2	0.026295
20	0.3	0.028828
20	0.4	0.032361
20	0.5	0.035369
20	0.6	0.03763
20	0.7	0.036754
20	0.8	0.034543
20	0.9	0.031738
20	1	0.028754
20	1.1	0.027571
20	1.2	0.02759
20	1.3	0.027705
20	1.4	0.029571
20	1.5	0.031168
20	1.6	0.029828
20	1.7	0.030051
20	1.8	0.028045
20	1.9	0.025723
20	2	0.023582
20	2.1	0.022936
20	2.2	0.02082
20	2.3	0.019448
20	2.4	0.016593
20	2.5	0.014354
20	2.6	0.011158
20	2.7	0.0094091
20	2.8	0.010097
20	2.9	0.010289
20	3	0.011631
20	3.1	0.011132
20	3.2	0.010563
20	3.3	0.0092585
20	3.4	0.0086614
20	3.5	0.0082329
20	3.6	0.008507
20	3.7	0.0090876
20	3.8	0.010016
20	3.9	0.010358
20	4	0.0097863
30	-4	0.01193
30	-3.9	0.012315
30	-3.8	0.011604
30	-3.7	0.0099825
30	-3.6	0.0082427
30	-3.5	0.0073821
30	-3.4	0.0082093
30	-3.3	0.0082954
30	-3.2	0.0079938
30	-3.1	0.0076064
30	-3	0.0071077
30	-2.9	0.010526
30	-2.8	0.012838
30	-2.7	0.017026
30	-2.6	0.021019
30	-2.5	0.023613
30	-2.4	0.025313
30	-2.3	0.027052
30	-2.2	0.029546
30	-2.1	0.031219
30	-2	0.033516
30	-1.9	0.033513
30	-1.8	0.031537
30	-1.7	0.025791
30	-1.6	0.020208
30	-1.5	0.012594
30	-1.4	0.012627
30	-1.3	0.022236
30	-1.2	0.027928
30	-1.1	0.035963
30	-1	0.039627
30	-0.9	0.044407
30	-0.8	0.044153
30	-0.7	0.041155
30	-0.6	0.036546
30	-0.5	0.032315
30	-0.4	0.026511
30	-0.3	0.022716
30	-0.2	0.02128
30	-0.1	0.019502
30	0	0.018446
30	0.1	0.020387
30	0.2	0.022222
30	0.3	0.026556
30	0.4	0.03
30	0.5	0.03363
30	0.6	0.036571
30	0.7	0.038419
30	0.8	0.037628
30	0.9	0.034574
30	1	0.032174
30	1.1	0.029562
30	1.2	0.026752
30	1.3	0.027011
30	1.4	0.027278
30	1.5	0.028463
30	1.6	0.030761
30	1.7	0.03013
30	1.8	0.029681
30	1.9	0.026945
30	2	0.024886
30	2.1	0.022459
30	2.2	0.019587
30	2.3	0.017597
30	2.4	0.016286
30	2.5	0.015033
30	2.6	0.013334
30	2.7	0.011875
30	2.8	0.010441
30	2.9	0.0086521
30	3	0.0074929
30	3.1	0.0073668
30	3.2	0.0081341
30	3.3	0.009255
30	3.4	0.0096834
30	3.5	0.0094605
30	3.6	0.0091884
30	3.7	0.0088058
30	3.8	0.0082093
30	3.9	0.0082171
30	4	0.0084134
40	-4	0.010875
40	-3.9	0.011736
40	-3.8	0.010445
40	-3.7	0.0099728
40	-3.6	0.0088971
40	-3.5	0.0085808
40	-3.4	0.0089387
40	-3.3	0.0085733
40	-3.2	0.0077224
40	-3.1	0.0063462
40	-3	0.0077035
40	-2.9	0.0098094
40	-2.8	0.014397
40	-2.7	0.017149
40	-2.6	0.022129
40	-2.5	0.024546
40	-2.4	0.02509
40	-2.3	0.026433
40	-2.2	0.027941
40	-2.1	0.030277
40	-2	0.032325
40	-1.9	0.034224
40	-1.8	0.032991
40	-1.7	0.028808
40	-1.6	0.023489
40	-1.5	0.016643
40	-1.4	0.012808
40	-1.3	0.01852
40	-1.2	0.024619
40	-1.1	0.032908
40	-1	0.040512
40	-0.9	0.043712
40	-0.8	0.045675
40	-0.7	0.042652
40	-0.6	0.038522
40	-0.5	0.033637
40	-0.4	0.026939
40	-0.3	0.022408
40	-0.2	0.019554
40	-0.1	0.017655
40	0	0.017933
40	0.1	0.019172
40	0.2	0.021563
40	0.3	0.028218
40	0.4	0.031798
40	0.5	0.036937
40	0.6	0.039192
40	0.7	0.040135
40	0.8	0.039902
40	0.9	0.036432
40	1	0.035433
40	1.1	0.033141
40	1.2	0.031245
40	1.3	0.029805
40	1.4	0.029018
40	1.5	0.028758
40	1.6	0.029096
40	1.7	0.029253
40	1.8	0.028478
40	1.9	0.028621
40	2	0.027096
40	2.1	0.025845
40	2.2	0.022705
40	2.3	0.019617
40	2.4	0.016058
40	2.5	0.012848
40	2.6	0.010878
40	2.7	0.010486
40	2.8	0.011031
40	2.9	0.011045
40	3	0.011029
40	3.1	0.0098636
40	3.2	0.0080563
40	3.3	0.007714
40	3.4	0.0090876
40	3.5	0.010052
40	3.6	0.010159
40	3.7	0.010252
40	3.8	0.010557
40	3.9	0.0089061
40	4	0.0081421
50	-4	0.010382
50	-3.9	0.010668
50	-3.8	0.01029
50	-3.7	0.0085279
50	-3.6	0.0068176
50	-3.5	0.0069954
50	-3.4	0.007617
50	-3.3	0.0085431
50	-3.2	0.0073712
50	-3.1	0.0058809
50	-3	0.0067605
50	-2.9	0.0098849
50	-2.8	0.01353
50	-2.7	0.016928
50	-2.6	0.021205
50	-2.5	0.022948
50	-2.4	0.023355
50	-2.3	0.024171
50	-2.2	0.024996
50	-2.1	0.027453
50	-2	0.029625
50	-1.9	0.031022
50	-1.8	0.030696
50	-1.7	0.030311
50	-1.6	0.023651
50	-1.5	0.017329
50	-1.4	0.012359
50	-1.3	0.013368
50	-1.2	0.020197
50	-1.1	0.030497
50	-1	0.037023
50	-0.9	0.042512
50	-0.8	0.04427
50	-0.7	0.043617
50	-0.6	0.038152
50	-0.5	0.034186
50	-0.4	0.028821
50	-0.3	0.022333
50	-0.2	0.018502
50	-0.1	0.015923
50	0	0.014962
50	0.1	0.016544
50	0.2	0.01862
50	0.3	0.024161
50	0.4	0.03331
50	0.5	0.037303
50	0.6	0.04006
50	0.7	0.043128
50	0.8	0.043152
50	0.9	0.038905
50	1	0.034681
50	1.1	0.031937
50	1.2	0.029412
50	1.3	0.029
50	1.4	0.029688
50	1.5	0.030775
50	1.6	0.031995
50	1.7	0.030812
50	1.8	0.029305
50	1.9	0.026977
50	2	0.025356
50	2.1	0.024084
50	2.2	0.022551
50	2.3	0.02033
50	2.4	0.019086
50	2.5	0.016173
50	2.6	0.012736
50	2.7	0.011226
50	2.8	0.0093003
50	2.9	0.0088934
50	3	0.009
50	3.1	0.0094228
50	3.2	0.010092
50	3.3	0.0094194
50	3.4	0.010015
50	3.5	0.0099175
50	3.6	0.010159
50	3.7	0.0104
50	3.8	0.010823
50	3.9	0.010543
50	4	0.0094039
60	-4	0.0095031
60	-3.9	0.0093401
60	-3.8	0.0091213
60	-3.7	0.0078346
60	-3.6	0.0068625
60	-3.5	0.006181
60	-3.4	0.0077953
60	-3.3	0.0091919
60	-3.2	0.0095692
60	-3.1	0.0084956
60	-3	0.0058201
60	-2.9	0.0060516
60	-2.8	0.010326
60	-2.7	0.0162
60	-2.6	0.020131
60	-2.5	0.021789
60	-2.4	0.023262
60	-2.3	0.023154
60	-2.2	0.024171
60	-2.1	0.025593
60	-2	0.028872
60	-1.9	0.029463
60	-1.8	0.030266
60	-1.7	0.027672
60	-1.6	0.025174
60	-1.5	0.02019
60	-1.4	0.013852
60	-1.3	0.013766
60	-1.2	0.018953
60	-1.1	0.026508
60	-1	0.037866
60	-0.9	0.040369
60	-0.8	0.044505
60	-0.7	0.04455
60	-0.6	0.04081
60	-0.5	0.037738
60	-0.4	0.032097
60	-0.3	0.025843
60	-0.2	0.0216
60	-0.1	0.01758
60	0	0.014935
60	0.1	0.014374
60	0.2	0.017872
60	0.3	0.02188
60	0.4	0.02774
60	0.5	0.033981
60	0.6	0.03862
60	0.7	0.041916
60	0.8	0.0425
60	0.9	0.042146
60	1	0.039243
60	1.1	0.036602
60	1.2	0.032849
60	1.3	0.029862
60	1.4	0.02888
60	1.5	0.028375
60	1.6	0.029703
60	1.7	0.030665
60	1.8	0.030872
60	1.9	0.030995
60	2	0.028308
60	2.1	0.026962
60	2.2	0.022716
60	2.3	0.01944
60	2.4	0.018282
60	2.5	0.016535
60	2.6	0.014862
60	2.7	0.01394
60	2.8	0.012091
60	2.9	0.0093953
60	3	0.0083692
60	3.1	0.0086484
60	3.2	0.0094707
60	3.3	0.010403
60	3.4	0.011122
60	3.5	0.010965
60	3.6	0.010226
60	3.7	0.0091567
60	3.8	0.0093781
60	3.9	0.010227
60	4	0.010719
70	-4	0.0071869
70	-3.9	0.0084
70	-3.8	0.0084937
70	-3.7	0.007816
70	-3.6	0.0069607
70	-3.5	0.0057221
70	-3.4	0.0059138
70	-3.3	0.0066908
70	-3.2	0.0079248
70	-3.1	0.0082623
70	-3	0.0079837
70	-2.9	0.0071055
70	-2.8	0.00711
70	-2.7	0.010263
70	-2.6	0.015501
70	-2.5	0.018873
70	-2.4	0.020637
70	-2.3	0.021629
70	-2.2	0.022796
70	-2.1	0.023857
70	-2	0.026155
70	-1.9	0.028669
70	-1.8	0.029017
70	-1.7	0.027471
70	-1.6	0.02419
70	-1.5	0.020766
70	-1.4	0.016383
70	-1.3	0.016128
70	-1.2	0.020819
70	-1.1	0.027341
70	-1	0.033948
70	-0.9	0.038846
70	-0.8	0.040756
70	-0.7	0.040892
70	-0.6	0.039623
70	-0.5	0.034412
70	-0.4	0.029876
70	-0.3	0.024466
70	-0.2	0.019969
70	-0.1	0.016683
70	0	0.014521
70	0.1	0.013541
70	0.2	0.014091
70	0.3	0.019159
70	0.4	0.023264
70	0.5	0.030851
70	0.6	0.035717
70	0.7	0.039574
70	0.8	0.041592
70	0.9	0.041446
70	1	0.040166
70	1.1	0.03721
70	1.2	0.035987
70	1.3	0.033547
70	1.4	0.031177
70	1.5	0.030955
70	1.6	0.030017
70	1.7	0.030396
70	1.8	0.029701
70	1.9	0.030118
70	2	0.029492
70	2.1	0.028347
70	2.2	0.025828
70	2.3	0.024745
70	2.4	0.022153
70	2.5	0.018831
70	2.6	0.016031
70	2.7	0.014257
70	2.8	0.013249
70	2.9	0.012834
70	3	0.012413
70	3.1	0.011788
70	3.2	0.012152
70	3.3	0.011676
70	3.4	0.010563
70	3.5	0.0099857
70	3.6	0.0088186
70	3.7	0.0084134
70	3.8	0.007672
70	3.9	0.0078325
70	4	0.0077035
80	-4	0.0069977
80	-3.9	0.0074821
80	-3.8	0.0081421
80	-3.7	0.008344
80	-3.6	0.0070093
80	-3.5	0.0060489
80	-3.4	0.0050914
80	-3.3	0.0060409
80	-3.2	0.0078056
80	-3.1	0.0090519
80	-3	0.0093367
80	-2.9	0.0070895
80	-2.8	0.0064697
80	-2.7	0.0085355
80	-2.6	0.012589
80	-2.5	0.017864
80	-2.4	0.022335
80	-2.3	0.023969
80	-2.2	0.023945
80	-2.1	0.022597
80	-2	0.021758
80	-1.9	0.022478
80	-1.8	0.024292
80	-1.7	0.025575
80	-1.6	0.024821
80	-1.5	0.021385
80	-1.4	0.019077
80	-1.3	0.0154
80	-1.2	0.01484
80	-1.1	0.020101
80	-1	0.031061
80	-0.9	0.035879
80	-0.8	0.041452
80	-0.7	0.043554
80	-0.6	0.043134
80	-0.5	0.04169
80	-0.4	0.036249
80	-0.3	0.030501
80	-0.2	0.024701
80	-0.1	0.018868
80	0	0.01484
80	0.1	0.011353
80	0.2	0.012154
80	0.3	0.013958
80	0.4	0.020038
80	0.5	0.026213
80	0.6	0.031739
80	0.7	0.037274
80	0.8	0.040154
80	0.9	0.042046
80	1	0.04228
80	1.1	0.041405
80	1.2	0.038736
80	1.3	0.036304
80	1.4	0.032283
80	1.5	0.029876
80	1.6	0.028783
80	1.7	0.028186
80	1.8	0.027421
80	1.9	0.027406
80	2	0.02718
80	2.1	0.02642
80	2.2	0.024837
80	2.3	0.022953
80	2.4	0.020891
80	2.5	0.01952
80	2.6	0.018371
80	2.7	0.015584
80	2.8	0.013714
80	2.9	0.011962
80	3	0.011088
80	3.1	0.010505
80	3.2	0.010218
80	3.3	0.010542
80	3.4	0.010979
80	3.5	0.0099257
80	3.6	0.0094005
80	3.7	0.0084861
80	3.8	0.0085808
80	3.9	0.0083032
80	4	0.0087302
90	-4	0.0065615
90	-3.9	0.008014
90	-3.8	0.0097183
90	-3.7	0.0097912
90	-3.6	0.0089478
90	-3.5	0.008225
90	-3.4	0.0065368
90	-3.3	0.0059492
90	-3.2	0.0064672
90	-3.1	0.0075166
90	-3	0.0090662
90	-2.9	0.0085032
90	-2.8	0.0078982
90	-2.7	0.0081122
90	-2.6	0.011576
90	-2.5	0.015341
90	-2.4	0.019525
90	-2.3	0.022165
90	-2.2	0.023305
90	-2.1	0.022782
90	-2	0.022226
90	-1.9	0.02191
90	-1.8	0.022887
90	-1.7	0.024332
90	-1.6	0.024469
90	-1.5	0.024039
90	-1.4	0.020774
90	-1.3	0.016309
90	-1.2	0.015629
90	-1.1	0.020036
90	-1	0.025261
90	-0.9	0.032174
90	-0.8	0.041993
90	-0.7	0.046837
90	-0.6	0.046477
90	-0.5	0.045583
90	-0.4	0.041982
90	-0.3	0.032579
90	-0.2	0.026825
90	-0.1	0.022722
90	0	0.014948
90	0.1	0.011439
90	0.2	0.0097582
90	0.3	0.012674
90	0.4	0.017363
90	0.5	0.023539
90	0.6	0.032733
90	0.7	0.038442
90	0.8	0.042059
90	0.9	0.043181
90	1	0.044431
90	1.1	0.044623
90	1.2	0.041831
90	1.3	0.038235
90	1.4	0.036724
90	1.5	0.034166
90	1.6	0.031986
90	1.7	0.030711
90	1.8	0.029671
90	1.9	0.028414
90	2	0.02784
90	2.1	0.025671
90	2.2	0.022833
90	2.3	0.02018
90	2.4	0.018396
90	2.5	0.01706
90	2.6	0.015581
90	2.7	0.01464
90	2.8	0.014254
90	2.9	0.012942
90	3	0.011248
90	3.1	0.010475
90	3.2	0.0097017
90	3.3	0.009665
90	3.4	0.010917
90	3.5	0.010757
90	3.6	0.010584
90	3.7	0.010545
90	3.8	0.010406
90	3.9	0.01041
90	4	0.010063
100	-4	0.0061127
100	-3.9	0.0076783
100	-3.8	0.0085336
100	-3.7	0.0088789
100	-3.6	0.0080763
100	-3.5	0.0072116
100	-3.4	0.0067293
100	-3.3	0.0068648
100	-3.2	0.0078366
100	-3.1	0.0084709
100	-3	0.0089568
100	-2.9	0.0085032
100	-2.8	0.0084823
100	-2.7	0.0093436
100	-2.6	0.012156
100	-2.5	0.016329
100	-2.4	0.017776
100	-2.3	0.019457
100	-2.2	0.020355
100	-2.1	0.019716
100	-2	0.020408
100	-1.9	0.021474
100	-1.8	0.022884
100	-1.7	0.023258
100	-1.6	0.024241
100	-1.5	0.024733
100	-1.4	0.023632
100	-1.3	0.019727
100	-1.2	0.017635
100	-1.1	0.021196
100	-1	0.028769
100	-0.9	0.037604
100	-0.8	0.044901
100	-0.7	0.048664
100	-0.6	0.048092
100	-0.5	0.046527
100	-0.4	0.042411
100	-0.3	0.036598
100	-0.2	0.028646
100	-0.1	0.020943
100	0	0.016299
100	0.1	0.013505
100	0.2	0.010049
100	0.3	0.0092007
100	0.4	0.012035
100	0.5	0.019515
100	0.6	0.026198
100	0.7	0.031024
100	0.8	0.037126
100	0.9	0.039251
100	1	0.042457
100	1.1	0.04388
100	1.2	0.041289
100	1.3	0.040141
100	1.4	0.035454
100	1.5	0.034079
100	1.6	0.032746
100	1.7	0.031756
100	1.8	0.031559
100	1.9	0.031644
100	2	0.031311
100	2.1	0.030072
100	2.2	0.028286
100	2.3	0.025029
100	2.4	0.02404
100	2.5	0.022447
100	2.6	0.021848
100	2.7	0.020471
100	2.8	0.019908
100	2.9	0.017862
100	3	0.015274
100	3.1	0.013473
100	3.2	0.010905
100	3.3	0.010682
100	3.4	0.010013
100	3.5	0.010449
100	3.6	0.0097333
100	3.7	0.0096884
100	3.8	0.00988
100	3.9	0.0093089
100	4	0.0092689
110	-4	0.0067341
110	-3.9	0.0063614
110	-3.8	0.0079655
110	-3.7	0.0091213
110	-3.6	0.0091355
110	-3.5	0.008846
110	-3.4	0.0071531
110	-3.3	0.0065787
110	-3.2	0.0068413
110	-3.1	0.0081401
110	-3	0.0093453
110	-2.9	0.0098898
110	-2.8	0.0093712
110	-2.7	0.0094656
110	-2.6	0.010673
110	-2.5	0.013719
110	-2.4	0.018094
110	-2.3	0.019473
110	-2.2	0.021335
110	-2.1	0.021413
110	-2	0.020993
110	-1.9	0.02041
110	-1.8	0.020043
110	-1.7	0.020996
110	-1.6	0.021519
110	-1.5	0.022758
110	-1.4	0.02186
110	-1.3	0.020673
110	-1.2	0.019433
110	-1.1	0.022442
110	-1	0.028302
110	-0.9	0.037537
110	-0.8	0.042323
110	-0.7	0.047243
110	-0.6	0.051875
110	-0.5	0.049689
110	-0.4	0.046961
110	-0.3	0.041368
110	-0.2	0.033452
110	-0.1	0.025488
110	0	0.018152
110	0.1	0.01367
110	0.2	0.011276
110	0.3	0.0102
110	0.4	0.010968
110	0.5	0.015921
110	0.6	0.024658
110	0.7	0.030478
110	0.8	0.038108
110	0.9	0.043449
110	1	0.047294
110	1.1	0.047993
110	1.2	0.047282
110	1.3	0.043256
110	1.4	0.038641
110	1.5	0.036538
110	1.6	0.033311
110	1.7	0.031922
110	1.8	0.031657
110	1.9	0.032146
110	2	0.032331
110	2.1	0.031269
110	2.2	0.028733
110	2.3	0.026036
110	2.4	0.023274
110	2.5	0.021512
110	2.6	0.019341
110	2.7	0.018336
110	2.8	0.017473
110	2.9	0.016796
110	3	0.015155
110	3.1	0.013545
110	3.2	0.012231
110	3.3	0.011289
110	3.4	0.011213
110	3.5	0.011275
110	3.6	0.010946
110	3.7	0.010815
110	3.8	0.011369
110	3.9	0.010471
110	4	0.0096616
120	-4	0.0052692
120	-3.9	0.0060782
120	-3.8	0.007441
120	-3.7	0.0084288
120	-3.6	0.0085506
120	-3.5	0.0074192
120	-3.4	0.0062641
120	-3.3	0.0061601
120	-3.2	0.0076867
120	-3.1	0.0095894
120	-3	0.010802
120	-2.9	0.011023
120	-2.8	0.010021
120	-2.7	0.0077787
120	-2.6	0.0082466
120	-2.5	0.012959
120	-2.4	0.018828
120	-2.3	0.021292
120	-2.2	0.022895
120	-2.1	0.023272
120	-2	0.022502
120	-1.9	0.022601
120	-1.8	0.021918
120	-1.7	0.023471
120	-1.6	0.024598
120	-1.5	0.026891
120	-1.4	0.027132
120	-1.3	0.025432
120	-1.2	0.023667
120	-1.1	0.023722
120	-1	0.029332
120	-0.9	0.037804
120	-0.8	0.04538
120	-0.7	0.052335
120	-0.6	0.055415
120	-0.5	0.055321
120	-0.4	0.05108
120	-0.3	0.044427
120	-0.2	0.03896
120	-0.1	0.026756
120	0	0.02023
120	0.1	0.016366
120	0.2	0.01213
120	0.3	0.01099
120	0.4	0.012461
120	0.5	0.015298
120	0.6	0.021978
120	0.7	0.027446
120	0.8	0.032797
120	0.9	0.03821
120	1	0.04187
120	1.1	0.045522
120	1.2	0.046796
120	1.3	0.046398
120	1.4	0.043992
120	1.5	0.042047
120	1.6	0.039081
120	1.7	0.036635
120	1.8	0.034776
120	1.9	0.033388
120	2	0.033108
120	2.1	0.031845
120	2.2	0.029996
120	2.3	0.029338
120	2.4	0.027669
120	2.5	0.025264
120	2.6	0.023745
120	2.7	0.021838
120	2.8	0.020178
120	2.9	0.019077
120	3	0.017006
120	3.1	0.014878
120	3.2	0.013304
120	3.3	0.013441
120	3.4	0.013591
120	3.5	0.0146
120	3.6	0.01391
120	3.7	0.012929
120	3.8	0.012202
120	3.9	0.011375
120	4	0.010774
130	-4	0.0064547
130	-3.9	0.0074432
130	-3.8	0.0081023
130	-3.7	0.0087061
130	-3.6	0.0088807
130	-3.5	0.0074778
130	-3.4	0.0059925
130	-3.3	0.0056166
130	-3.2	0.0063206
130	-3.1	0.0087874
130	-3	0.0095303
130	-2.9	0.010271
130	-2.8	0.010289
130	-2.7	0.010218
130	-2.6	0.011024
130	-2.5	0.011776
130	-2.4	0.016096
130	-2.3	0.018749
130	-2.2	0.021092
130	-2.1	0.022261
130	-2	0.022738
130	-1.9	0.02308
130	-1.8	0.022214
130	-1.7	0.023078
130	-1.6	0.024565
130	-1.5	0.02542
130	-1.4	0.026151
130	-1.3	0.026389
130	-1.2	0.026448
130	-1.1	0.030371
130	-1	0.035257
130	-0.9	0.041267
130	-0.8	0.047246
130	-0.7	0.053942
130	-0.6	0.056446
130	-0.5	0.056614
130	-0.4	0.05285
130	-0.3	0.045912
130	-0.2	0.037923
130	-0.1	0.029414
130	0	0.021272
130	0.1	0.016946
130	0.2	0.012801
130	0.3	0.011209
130	0.4	0.010555
130	0.5	0.011721
130	0.6	0.02003
130	0.7	0.027956
130	0.8	0.035229
130	0.9	0.040562
130	1	0.04582
130	1.1	0.047438
130	1.2	0.049136
130	1.3	0.049107
130	1.4	0.046722
130	1.5	0.045875
130	1.6	0.043313
130	1.7	0.042973
130	1.8	0.039656
130	1.9	0.037321
130	2	0.035569
130	2.1	0.034602
130	2.2	0.03318
130	2.3	0.033163
130	2.4	0.031065
130	2.5	0.029329
130	2.6	0.02742
130	2.7	0.02429
130	2.8	0.022345
130	2.9	0.021038
130	3	0.019449
130	3.1	0.017986
130	3.2	0.016147
130	3.3	0.014389
130	3.4	0.013182
130	3.5	0.012393
130	3.6	0.010315
130	3.7	0.0098406
130	3.8	0.0099094
130	3.9	0.01026
130	4	0.0097399
140	-4	0.0072585
140	-3.9	0.0079979
140	-3.8	0.0081678
140	-3.7	0.0090394
140	-3.6	0.0093902
140	-3.5	0.0088643
140	-3.4	0.0075231
140	-3.3	0.0066057
140	-3.2	0.0064296
140	-3.1	0.0089586
140	-3	0.010213
140	-2.9	0.012884
140	-2.8	0.013385
140	-2.7	0.013888
140	-2.6	0.014198
140	-2.5	0.015993
140	-2.4	0.0177
140	-2.3	0.021829
140	-2.2	0.024365
140	-2.1	0.025528
140	-2	0.026339
140	-1.9	0.026534
140	-1.8	0.025929
140	-1.7	0.025515
140	-1.6	0.026385
140	-1.5	0.027795
140	-1.4	0.028308
140	-1.3	0.027517
140	-1.2	0.028246
140	-1.1	0.030635
140	-1	0.035276
140	-0.9	0.042549
140	-0.8	0.049214
140	-0.7	0.05436
140	-0.6	0.057674
140	-0.5	0.058461
140	-0.4	0.055934
140	-0.3	0.049273
140	-0.2	0.041164
140	-0.1	0.033153
140	0	0.024678
140	0.1	0.020842
140	0.2	0.014047
140	0.3	0.012432
140	0.4	0.01219
140	0.5	0.016469
140	0.6	0.021125
140	0.7	0.027601
140	0.8	0.035099
140	0.9	0.041681
140	1	0.045035
140	1.1	0.048857
140	1.2	0.052072
140	1.3	0.052259
140	1.4	0.050713
140	1.5	0.049853
140	1.6	0.047179
140	1.7	0.043963
140	1.8	0.043254
140	1.9	0.040714
140	2	0.037691
140	2.1	0.036699
140	2.2	0.034795
140	2.3	0.032534
140	2.4	0.030931
140	2.5	0.028851
140	2.6	0.027109
140	2.7	0.024658
140	2.8	0.023233
140	2.9	0.020893
140	3	0.018502
140	3.1	0.016296
140	3.2	0.01453
140	3.3	0.014117
140	3.4	0.01408
140	3.5	0.013479
140	3.6	0.012509
140	3.7	0.010671
140	3.8	0.0099012
140	3.9	0.0078982
140	4	0.0083091
150	-4	0.0074713
150	-3.9	0.0062719
150	-3.8	0.0069839
150	-3.7	0.0075915
150	-3.6	0.010053
150	-3.5	0.01122
150	-3.4	0.011018
150	-3.3	0.0093592
150	-3.2	0.0082974
150	-3.1	0.0072585
150	-3	0.0093436
150	-2.9	0.011219
150	-2.8	0.012087
150	-2.7	0.012674
150	-2.6	0.012852
150	-2.5	0.013751
150	-2.4	0.014996
150	-2.3	0.018049
150	-2.2	0.022951
150	-2.1	0.026351
150	-2	0.027523
150	-1.9	0.027896
150	-1.8	0.026443
150	-1.7	0.025772
150	-1.6	0.026141
150	-1.5	0.027473
150	-1.4	0.028792
150	-1.3	0.029404
150	-1.2	0.029824
150	-1.1	0.03066
150	-1	0.034816
150	-0.9	0.041469
150	-0.8	0.049305
150	-0.7	0.052912
150	-0.6	0.058044
150	-0.5	0.059904
150	-0.4	0.057551
150	-0.3	0.051624
150	-0.2	0.045118
150	-0.1	0.037001
150	0	0.025594
150	0.1	0.017373
150	0.2	0.014842
150	0.3	0.010917
150	0.4	0.011756
150	0.5	0.013753
150	0.6	0.020466
150	0.7	0.028994
150	0.8	0.035699
150	0.9	0.043469
150	1	0.048644
150	1.1	0.053056
150	1.2	0.056287
150	1.3	0.054547
150	1.4	0.052862
150	1.5	0.050819
150	1.6	0.04639
150	1.7	0.043406
150	1.8	0.041108
150	1.9	0.039664
150	2	0.040276
150	2.1	0.038518
150	2.2	0.036753
150	2.3	0.035303
150	2.4	0.031032
150	2.5	0.028123
150	2.6	0.025484
150	2.7	0.023522
150	2.8	0.021544
150	2.9	0.020144
150	3	0.018704
150	3.1	0.016768
150	3.2	0.014463
150	3.3	0.012789
150	3.4	0.011348
150	3.5	0.011314
150	3.6	0.011467
150	3.7	0.011883
150	3.8	0.012123
150	3.9	0.010996
150	4	0.010029
160	-4	0.0068247
160	-3.9	0.0069954
160	-3.8	0.0077119
160	-3.7	0.0085902
160	-3.6	0.0092968
160	-3.5	0.009537
160	-3.4	0.0087837
160	-3.3	0.0086222
160	-3.2	0.0088588
160	-3.1	0.0097929
160	-3	0.011331
160	-2.9	0.011848
160	-2.8	0.011294
160	-2.7	0.011009
160	-2.6	0.012524
160	-2.5	0.016055
160	-2.4	0.021376
160	-2.3	0.023998
160	-2.2	0.026977
160	-2.1	0.026614
160	-2	0.026076
160	-1.9	0.023981
160	-1.8	0.0243
160	-1.7	0.025692
160	-1.6	0.027639
160	-1.5	0.03175
160	-1.4	0.034111
160	-1.3	0.033685
160	-1.2	0.032054
160	-1.1	0.03307
160	-1	0.037445
160	-0.9	0.042894
160	-0.8	0.053793
160	-0.7	0.058958
160	-0.6	0.064525
160	-0.5	0.064659
160	-0.4	0.059217
160	-0.3	0.052798
160	-0.2	0.042484
160	-0.1	0.03468
160	0	0.022011
160	0.1	0.017054
160	0.2	0.013235
160	0.3	0.012564
160	0.4	0.012596
160	0.5	0.017987
160	0.6	0.022711
160	0.7	0.031612
160	0.8	0.036994
160	0.9	0.043653
160	1	0.049006
160	1.1	0.051733
160	1.2	0.05206
160	1.3	0.052038
160	1.4	0.051089
160	1.5	0.049578
160	1.6	0.04707
160	1.7	0.044951
160	1.8	0.042779
160	1.9	0.041102
160	2	0.038111
160	2.1	0.0364
160	2.2	0.035791
160	2.3	0.034552
160	2.4	0.034434
160	2.5	0.033377
160	2.6	0.029612
160	2.7	0.027128
160	2.8	0.025821
160	2.9	0.022828
160	3	0.02098
160	3.1	0.020443
160	3.2	0.018125
160	3.3	0.01726
160	3.4	0.015336
160	3.5	0.013162
160	3.6	0.010644
160	3.7	0.011181
160	3.8	0.012147
160	3.9	0.011315
160	4	0.011121
170	-4	0.0075209
170	-3.9	0.0075766
170	-3.8	0.0083537
170	-3.7	0.0092933
170	-3.6	0.010534
170	-3.5	0.010415
170	-3.4	0.0098324
170	-3.3	0.0088843
170	-3.2	0.008609
170	-3.1	0.0095489
170	-3	0.011533
170	-2.9	0.012523
170	-2.8	0.012626
170	-2.7	0.012824
170	-2.6	0.013678
170	-2.5	0.016578
170	-2.4	0.019744
170	-2.3	0.023481
170	-2.2	0.02617
170	-2.1	0.026638
170	-2	0.026451
170	-1.9	0.02498
170	-1.8	0.024908
170	-1.7	0.025778
170	-1.6	0.027693
170	-1.5	0.030349
170	-1.4	0.030209
170	-1.3	0.029764
170	-1.2	0.028457
170	-1.1	0.030541
170	-1	0.034352
170	-0.9	0.042586
170	-0.8	0.051845
170	-0.7	0.056546
170	-0.6	0.058309
170	-0.5	0.059065
170	-0.4	0.05373
170	-0.3	0.048771
170	-0.2	0.039611
170	-0.1	0.030944
170	0	0.022013
170	0.1	0.015125
170	0.2	0.012396
170	0.3	0.012128
170	0.4	0.01394
170	0.5	0.017273
170	0.6	0.025991
170	0.7	0.03371
170	0.8	0.039788
170	0.9	0.046659
170	1	0.051842
170	1.1	0.054113
170	1.2	0.054291
170	1.3	0.051692
170	1.4	0.049912
170	1.5	0.046143
170	1.6	0.042486
170	1.7	0.040676
170	1.8	0.039432
170	1.9	0.03907
170	2	0.038929
170	2.1	0.036353
170	2.2	0.035325
170	2.3	0.034089
170	2.4	0.030807
170	2.5	0.028594
170	2.6	0.027344
170	2.7	0.025906
170	2.8	0.024489
170	2.9	0.023607
170	3	0.022067
170	3.1	0.020763
170	3.2	0.017931
170	3.3	0.015901
170	3.4	0.013768
170	3.5	0.012628
170	3.6	0.012746
170	3.7	0.013939
170	3.8	0.013616
170	3.9	0.0128
170	4	0.011612
180	-4	0.0071304
180	-3.9	0.0071191
180	-3.8	0.0074735
180	-3.7	0.0079675
180	-3.6	0.0084211
180	-3.5	0.0074865
180	-3.4	0.006963
180	-3.3	0.007737
180	-3.2	0.0078634
180	-3.1	0.0096817
180	-3	0.011115
180	-2.9	0.012123
180	-2.8	0.012486
180	-2.7	0.012395
180	-2.6	0.012645
180	-2.5	0.014602
180	-2.4	0.019339
180	-2.3	0.021723
180	-2.2	0.025884
180	-2.1	0.027568
180	-2	0.027475
180	-1.9	0.027139
180	-1.8	0.026807
180	-1.7	0.026975
180	-1.6	0.02846
180	-1.5	0.030005
180	-1.4	0.031344
180	-1.3	0.031251
180	-1.2	0.030151
180	-1.1	0.029973
180	-1	0.034305
180	-0.9	0.0419
180	-0.8	0.047916
180	-0.7	0.055179
180	-0.6	0.057956
180	-0.5	0.058123
180	-0.4	0.055684
180	-0.3	0.043614
180	-0.2	0.037456
180	-0.1	0.029415
180	0	0.019061
180	0.1	0.012824
180	0.2	0.011132
180	0.3	0.012319
180	0.4	0.013668
180	0.5	0.019488
180	0.6	0.029078
180	0.7	0.033448
180	0.8	0.040453
180	0.9	0.047111
180	1	0.050736
180	1.1	0.052653
180	1.2	0.053396
180	1.3	0.051972
180	1.4	0.048952
180	1.5	0.045827
180	1.6	0.043431
180	1.7	0.039169
180	1.8	0.037196
180	1.9	0.0355
180	2	0.034043
180	2.1	0.033356
180	2.2	0.032415
180	2.3	0.030962
180	2.4	0.02973
180	2.5	0.026496
180	2.6	0.024192
180	2.7	0.022462
180	2.8	0.020594
180	2.9	0.019583
180	3	0.018244
180	3.1	0.017131
180	3.2	0.016094
180	3.3	0.014349
180	3.4	0.012725
180	3.5	0.012116
180	3.6	0.01155
180	3.7	0.011722
180	3.8	0.011285
180	3.9	0.010796
180	4	0.0098373
 
Uniformity Ratio =0.55625
