09-Jan-2018
10:22
TXR  008047 RM428 R24
33511B Function Generator
SN =Agilent Technologies,33511B,MY52301476,3.05-1.19-2.00-52-00
freq =+9.260000000000000E+06
burstmode =TRIG
burstN =+6.000000000000000E+01
voltage =+1.5000000000000E-01
 
DSO-X 2022A Oscilloscope
SN =AGILENT TECHNOLOGIES,DSO-X 2022A,MY54310921,02.41.2015102200
probe =+1.0000000E+00
scale =+500.0E-09
position =+19.900000E-06
range =+1.60E+00
units =VOLT
points =+2000
pointmode =NORM
format =BYTE
acqtype =NORM
trigsource =EXT
coupling =AC
 
-180	-4	0.0076783
-180	-3.9	0.0080823
-180	-3.8	0.0087209
-180	-3.7	0.0089351
-180	-3.6	0.0084766
-180	-3.5	0.0076972
-180	-3.4	0.0078407
-180	-3.3	0.0090982
-180	-3.2	0.010951
-180	-3.1	0.011988
-180	-3	0.012573
-180	-2.9	0.012497
-180	-2.8	0.011664
-180	-2.7	0.012462
-180	-2.6	0.014514
-180	-2.5	0.017626
-180	-2.4	0.022952
-180	-2.3	0.025517
-180	-2.2	0.026367
-180	-2.1	0.026094
-180	-2	0.025826
-180	-1.9	0.026547
-180	-1.8	0.027779
-180	-1.7	0.029019
-180	-1.6	0.030508
-180	-1.5	0.030208
-180	-1.4	0.026915
-180	-1.3	0.024841
-180	-1.2	0.023658
-180	-1.1	0.026845
-180	-1	0.031035
-180	-0.9	0.040731
-180	-0.8	0.048001
-180	-0.7	0.05203
-180	-0.6	0.054604
-180	-0.5	0.053629
-180	-0.4	0.048775
-180	-0.3	0.040547
-180	-0.2	0.033873
-180	-0.1	0.026518
-180	0	0.019968
-180	0.1	0.017054
-180	0.2	0.016502
-180	0.3	0.018257
-180	0.4	0.019964
-180	0.5	0.026851
-180	0.6	0.031231
-180	0.7	0.038416
-180	0.8	0.0452
-180	0.9	0.048205
-180	1	0.051306
-180	1.1	0.052159
-180	1.2	0.050782
-180	1.3	0.048773
-180	1.4	0.04554
-180	1.5	0.042828
-180	1.6	0.037077
-180	1.7	0.034967
-180	1.8	0.034216
-180	1.9	0.034145
-180	2	0.033578
-180	2.1	0.032771
-180	2.2	0.032819
-180	2.3	0.031815
-180	2.4	0.028578
-180	2.5	0.025752
-180	2.6	0.024421
-180	2.7	0.022136
-180	2.8	0.020659
-180	2.9	0.018679
-180	3	0.017062
-180	3.1	0.016631
-180	3.2	0.015162
-180	3.3	0.014469
-180	3.4	0.011204
-180	3.5	0.010029
-180	3.6	0.009816
-180	3.7	0.009554
-180	3.8	0.0088296
-180	3.9	0.0081975
-180	4	0.0082466
-170	-4	0.007634
-170	-3.9	0.0089874
-170	-3.8	0.0094741
-170	-3.7	0.0078819
-170	-3.6	0.0067891
-170	-3.5	0.0052846
-170	-3.4	0.0055936
-170	-3.3	0.0076085
-170	-3.2	0.0091708
-170	-3.1	0.011043
-170	-3	0.011272
-170	-2.9	0.01082
-170	-2.8	0.009043
-170	-2.7	0.0091849
-170	-2.6	0.014766
-170	-2.5	0.018101
-170	-2.4	0.024252
-170	-2.3	0.026054
-170	-2.2	0.027772
-170	-2.1	0.027041
-170	-2	0.025907
-170	-1.9	0.025384
-170	-1.8	0.026769
-170	-1.7	0.028193
-170	-1.6	0.030634
-170	-1.5	0.030719
-170	-1.4	0.027996
-170	-1.3	0.026312
-170	-1.2	0.026586
-170	-1.1	0.030754
-170	-1	0.03803
-170	-0.9	0.044706
-170	-0.8	0.050484
-170	-0.7	0.053363
-170	-0.6	0.054275
-170	-0.5	0.050297
-170	-0.4	0.045756
-170	-0.3	0.038583
-170	-0.2	0.029276
-170	-0.1	0.02285
-170	0	0.018583
-170	0.1	0.01625
-170	0.2	0.015835
-170	0.3	0.017583
-170	0.4	0.022338
-170	0.5	0.02789
-170	0.6	0.035263
-170	0.7	0.039092
-170	0.8	0.047048
-170	0.9	0.049668
-170	1	0.050815
-170	1.1	0.049836
-170	1.2	0.047615
-170	1.3	0.045783
-170	1.4	0.043625
-170	1.5	0.042001
-170	1.6	0.039316
-170	1.7	0.0375
-170	1.8	0.035965
-170	1.9	0.033562
-170	2	0.031149
-170	2.1	0.031076
-170	2.2	0.031549
-170	2.3	0.032259
-170	2.4	0.030549
-170	2.5	0.028303
-170	2.6	0.026339
-170	2.7	0.023913
-170	2.8	0.019985
-170	2.9	0.016389
-170	3	0.014931
-170	3.1	0.01453
-170	3.2	0.015195
-170	3.3	0.014137
-170	3.4	0.012919
-170	3.5	0.011554
-170	3.6	0.011265
-170	3.7	0.01029
-170	3.8	0.0092707
-170	3.9	0.0084038
-170	4	0.008917
-160	-4	0.0069141
-160	-3.9	0.0075467
-160	-3.8	0.0078056
-160	-3.7	0.0074778
-160	-3.6	0.0064296
-160	-3.5	0.005167
-160	-3.4	0.0062045
-160	-3.3	0.008423
-160	-3.2	0.0098291
-160	-3.1	0.010368
-160	-3	0.010178
-160	-2.9	0.0084594
-160	-2.8	0.0093885
-160	-2.7	0.011867
-160	-2.6	0.0157
-160	-2.5	0.020407
-160	-2.4	0.023827
-160	-2.3	0.024847
-160	-2.2	0.024779
-160	-2.1	0.024215
-160	-2	0.024991
-160	-1.9	0.026787
-160	-1.8	0.028879
-160	-1.7	0.030005
-160	-1.6	0.030018
-160	-1.5	0.028183
-160	-1.4	0.024742
-160	-1.3	0.023454
-160	-1.2	0.027272
-160	-1.1	0.030569
-160	-1	0.038871
-160	-0.9	0.047368
-160	-0.8	0.051511
-160	-0.7	0.054083
-160	-0.6	0.052296
-160	-0.5	0.04654
-160	-0.4	0.040562
-160	-0.3	0.032452
-160	-0.2	0.025916
-160	-0.1	0.020289
-160	0	0.017796
-160	0.1	0.016081
-160	0.2	0.016422
-160	0.3	0.017903
-160	0.4	0.021712
-160	0.5	0.02819
-160	0.6	0.03542
-160	0.7	0.041209
-160	0.8	0.045357
-160	0.9	0.049293
-160	1	0.050214
-160	1.1	0.049552
-160	1.2	0.047004
-160	1.3	0.044589
-160	1.4	0.042598
-160	1.5	0.038796
-160	1.6	0.036647
-160	1.7	0.035848
-160	1.8	0.035678
-160	1.9	0.034841
-160	2	0.034173
-160	2.1	0.033156
-160	2.2	0.032726
-160	2.3	0.03089
-160	2.4	0.029705
-160	2.5	0.026575
-160	2.6	0.025172
-160	2.7	0.023315
-160	2.8	0.021419
-160	2.9	0.01901
-160	3	0.016233
-160	3.1	0.014479
-160	3.2	0.01336
-160	3.3	0.012591
-160	3.4	0.011743
-160	3.5	0.011811
-160	3.6	0.011868
-160	3.7	0.011243
-160	3.8	0.0091567
-160	3.9	0.007634
-160	4	0.0076191
-150	-4	0.0071123
-150	-3.9	0.0083595
-150	-3.8	0.010756
-150	-3.7	0.010987
-150	-3.6	0.010351
-150	-3.5	0.0090197
-150	-3.4	0.0064872
-150	-3.3	0.0067077
-150	-3.2	0.0075231
-150	-3.1	0.0099045
-150	-3	0.011412
-150	-2.9	0.012445
-150	-2.8	0.013176
-150	-2.7	0.014107
-150	-2.6	0.016943
-150	-2.5	0.020878
-150	-2.4	0.023039
-150	-2.3	0.025607
-150	-2.2	0.027376
-150	-2.1	0.027543
-150	-2	0.027666
-150	-1.9	0.028414
-150	-1.8	0.028878
-150	-1.7	0.029046
-150	-1.6	0.028377
-150	-1.5	0.026323
-150	-1.4	0.024764
-150	-1.3	0.024772
-150	-1.2	0.026704
-150	-1.1	0.031125
-150	-1	0.040248
-150	-0.9	0.047673
-150	-0.8	0.052573
-150	-0.7	0.054865
-150	-0.6	0.052962
-150	-0.5	0.046447
-150	-0.4	0.042887
-150	-0.3	0.034923
-150	-0.2	0.024755
-150	-0.1	0.020771
-150	0	0.016746
-150	0.1	0.015146
-150	0.2	0.015048
-150	0.3	0.016329
-150	0.4	0.021186
-150	0.5	0.025631
-150	0.6	0.033866
-150	0.7	0.038707
-150	0.8	0.046307
-150	0.9	0.04987
-150	1	0.052185
-150	1.1	0.052023
-150	1.2	0.049938
-150	1.3	0.046552
-150	1.4	0.042827
-150	1.5	0.04016
-150	1.6	0.035503
-150	1.7	0.034435
-150	1.8	0.033895
-150	1.9	0.034101
-150	2	0.033851
-150	2.1	0.033893
-150	2.2	0.033389
-150	2.3	0.030392
-150	2.4	0.027569
-150	2.5	0.025935
-150	2.6	0.023944
-150	2.7	0.021924
-150	2.8	0.020659
-150	2.9	0.019279
-150	3	0.017594
-150	3.1	0.016036
-150	3.2	0.013935
-150	3.3	0.013059
-150	3.4	0.012673
-150	3.5	0.012287
-150	3.6	0.012613
-150	3.7	0.012475
-150	3.8	0.011226
-150	3.9	0.0098308
-150	4	0.009169
-140	-4	0.0078242
-140	-3.9	0.0083518
-140	-3.8	0.0079736
-140	-3.7	0.0070918
-140	-3.6	0.0067629
-140	-3.5	0.0063918
-140	-3.4	0.0069024
-140	-3.3	0.0075723
-140	-3.2	0.0084518
-140	-3.1	0.0087117
-140	-3	0.0084594
-140	-2.9	0.0089297
-140	-2.8	0.011338
-140	-2.7	0.013662
-140	-2.6	0.019021
-140	-2.5	0.021369
-140	-2.4	0.022967
-140	-2.3	0.023299
-140	-2.2	0.022984
-140	-2.1	0.022949
-140	-2	0.024421
-140	-1.9	0.025824
-140	-1.8	0.027926
-140	-1.7	0.028847
-140	-1.6	0.028339
-140	-1.5	0.0257
-140	-1.4	0.022706
-140	-1.3	0.022881
-140	-1.2	0.027085
-140	-1.1	0.035806
-140	-1	0.042624
-140	-0.9	0.050418
-140	-0.8	0.057167
-140	-0.7	0.05761
-140	-0.6	0.055054
-140	-0.5	0.046875
-140	-0.4	0.038591
-140	-0.3	0.027809
-140	-0.2	0.02365
-140	-0.1	0.016158
-140	0	0.013843
-140	0.1	0.012577
-140	0.2	0.013193
-140	0.3	0.016916
-140	0.4	0.021534
-140	0.5	0.027915
-140	0.6	0.03593
-140	0.7	0.043539
-140	0.8	0.048473
-140	0.9	0.05057
-140	1	0.049825
-140	1.1	0.048032
-140	1.2	0.044227
-140	1.3	0.039953
-140	1.4	0.037201
-140	1.5	0.035441
-140	1.6	0.034614
-140	1.7	0.034105
-140	1.8	0.033521
-140	1.9	0.03178
-140	2	0.031344
-140	2.1	0.030805
-140	2.2	0.029919
-140	2.3	0.027693
-140	2.4	0.025948
-140	2.5	0.024587
-140	2.6	0.023043
-140	2.7	0.020257
-140	2.8	0.018594
-140	2.9	0.017875
-140	3	0.016956
-140	3.1	0.015914
-140	3.2	0.014765
-140	3.3	0.013615
-140	3.4	0.01155
-140	3.5	0.010587
-140	3.6	0.010514
-140	3.7	0.010903
-140	3.8	0.011371
-140	3.9	0.011366
-140	4	0.011048
-130	-4	0.0087708
-130	-3.9	0.0099403
-130	-3.8	0.0096466
-130	-3.7	0.0097449
-130	-3.6	0.0084556
-130	-3.5	0.0081935
-130	-3.4	0.0089333
-130	-3.3	0.0094365
-130	-3.2	0.0099338
-130	-3.1	0.0098718
-130	-3	0.010205
-130	-2.9	0.011951
-130	-2.8	0.013664
-130	-2.7	0.018138
-130	-2.6	0.021199
-130	-2.5	0.02465
-130	-2.4	0.026095
-130	-2.3	0.026432
-130	-2.2	0.026106
-130	-2.1	0.026457
-130	-2	0.02707
-130	-1.9	0.028811
-130	-1.8	0.029812
-130	-1.7	0.030571
-130	-1.6	0.029096
-130	-1.5	0.027157
-130	-1.4	0.025419
-130	-1.3	0.026175
-130	-1.2	0.032382
-130	-1.1	0.038873
-130	-1	0.04621
-130	-0.9	0.053478
-130	-0.8	0.055918
-130	-0.7	0.054462
-130	-0.6	0.051245
-130	-0.5	0.045243
-130	-0.4	0.035853
-130	-0.3	0.028325
-130	-0.2	0.02307
-130	-0.1	0.017099
-130	0	0.015336
-130	0.1	0.014066
-130	0.2	0.015026
-130	0.3	0.01776
-130	0.4	0.023932
-130	0.5	0.029624
-130	0.6	0.03837
-130	0.7	0.045134
-130	0.8	0.049939
-130	0.9	0.051182
-130	1	0.051001
-130	1.1	0.049212
-130	1.2	0.044774
-130	1.3	0.040899
-130	1.4	0.037789
-130	1.5	0.035008
-130	1.6	0.034736
-130	1.7	0.034583
-130	1.8	0.033733
-130	1.9	0.03288
-130	2	0.032161
-130	2.1	0.030959
-130	2.2	0.028566
-130	2.3	0.025637
-130	2.4	0.024801
-130	2.5	0.023269
-130	2.6	0.022126
-130	2.7	0.019018
-130	2.8	0.016765
-130	2.9	0.015128
-130	3	0.013397
-130	3.1	0.01266
-130	3.2	0.010974
-130	3.3	0.010509
-130	3.4	0.009715
-130	3.5	0.0094571
-130	3.6	0.0083421
-130	3.7	0.0083324
-130	3.8	0.0083614
-130	3.9	0.0088734
-130	4	0.0089279
-120	-4	0.012425
-120	-3.9	0.011974
-120	-3.8	0.011049
-120	-3.7	0.0080723
-120	-3.6	0.006963
-120	-3.5	0.0071214
-120	-3.4	0.0099273
-120	-3.3	0.012568
-120	-3.2	0.013697
-120	-3.1	0.012879
-120	-3	0.010677
-120	-2.9	0.0094314
-120	-2.8	0.011882
-120	-2.7	0.017589
-120	-2.6	0.023592
-120	-2.5	0.02756
-120	-2.4	0.029217
-120	-2.3	0.028978
-120	-2.2	0.027842
-120	-2.1	0.027703
-120	-2	0.028479
-120	-1.9	0.030516
-120	-1.8	0.031995
-120	-1.7	0.031319
-120	-1.6	0.029337
-120	-1.5	0.024759
-120	-1.4	0.024222
-120	-1.3	0.028847
-120	-1.2	0.03504
-120	-1.1	0.044071
-120	-1	0.051781
-120	-0.9	0.055467
-120	-0.8	0.056387
-120	-0.7	0.052278
-120	-0.6	0.048455
-120	-0.5	0.042984
-120	-0.4	0.033431
-120	-0.3	0.024438
-120	-0.2	0.019767
-120	-0.1	0.017052
-120	0	0.016218
-120	0.1	0.016947
-120	0.2	0.019396
-120	0.3	0.022214
-120	0.4	0.029756
-120	0.5	0.036747
-120	0.6	0.040354
-120	0.7	0.04579
-120	0.8	0.049165
-120	0.9	0.049763
-120	1	0.048756
-120	1.1	0.045523
-120	1.2	0.043807
-120	1.3	0.037262
-120	1.4	0.034822
-120	1.5	0.032443
-120	1.6	0.031501
-120	1.7	0.032485
-120	1.8	0.033559
-120	1.9	0.034502
-120	2	0.034631
-120	2.1	0.033382
-120	2.2	0.030503
-120	2.3	0.026562
-120	2.4	0.024404
-120	2.5	0.022845
-120	2.6	0.021498
-120	2.7	0.020104
-120	2.8	0.018404
-120	2.9	0.017231
-120	3	0.014849
-120	3.1	0.013226
-120	3.2	0.012366
-120	3.3	0.011674
-120	3.4	0.011811
-120	3.5	0.011628
-120	3.6	0.010441
-120	3.7	0.0098406
-120	3.8	0.0087376
-120	3.9	0.0091248
-120	4	0.0097846
-110	-4	0.0090036
-110	-3.9	0.0090947
-110	-3.8	0.00922
-110	-3.7	0.0089478
-110	-3.6	0.0086614
-110	-3.5	0.0080863
-110	-3.4	0.0091567
-110	-3.3	0.010289
-110	-3.2	0.010412
-110	-3.1	0.010967
-110	-3	0.011689
-110	-2.9	0.013344
-110	-2.8	0.014866
-110	-2.7	0.018901
-110	-2.6	0.022221
-110	-2.5	0.024784
-110	-2.4	0.027077
-110	-2.3	0.028765
-110	-2.2	0.030258
-110	-2.1	0.031322
-110	-2	0.032324
-110	-1.9	0.032662
-110	-1.8	0.032384
-110	-1.7	0.031376
-110	-1.6	0.029082
-110	-1.5	0.027761
-110	-1.4	0.029337
-110	-1.3	0.032884
-110	-1.2	0.041023
-110	-1.1	0.047184
-110	-1	0.05264
-110	-0.9	0.054785
-110	-0.8	0.054858
-110	-0.7	0.050902
-110	-0.6	0.048779
-110	-0.5	0.041481
-110	-0.4	0.033271
-110	-0.3	0.026392
-110	-0.2	0.022449
-110	-0.1	0.019052
-110	0	0.016829
-110	0.1	0.015955
-110	0.2	0.017561
-110	0.3	0.023688
-110	0.4	0.028432
-110	0.5	0.034084
-110	0.6	0.041534
-110	0.7	0.045589
-110	0.8	0.049209
-110	0.9	0.049832
-110	1	0.049076
-110	1.1	0.047535
-110	1.2	0.044114
-110	1.3	0.041966
-110	1.4	0.03892
-110	1.5	0.037612
-110	1.6	0.036426
-110	1.7	0.03578
-110	1.8	0.035144
-110	1.9	0.033295
-110	2	0.032407
-110	2.1	0.03022
-110	2.2	0.02854
-110	2.3	0.026631
-110	2.4	0.024428
-110	2.5	0.022649
-110	2.6	0.020605
-110	2.7	0.017879
-110	2.8	0.01541
-110	2.9	0.012709
-110	3	0.011661
-110	3.1	0.010933
-110	3.2	0.011222
-110	3.3	0.010982
-110	3.4	0.011116
-110	3.5	0.010172
-110	3.6	0.008562
-110	3.7	0.0073799
-110	3.8	0.0067939
-110	3.9	0.0074236
-110	4	0.0075209
-100	-4	0.0089061
-100	-3.9	0.0102
-100	-3.8	0.010859
-100	-3.7	0.0092742
-100	-3.6	0.007358
-100	-3.5	0.006559
-100	-3.4	0.0068318
-100	-3.3	0.0091567
-100	-3.2	0.010472
-100	-3.1	0.011263
-100	-3	0.01093
-100	-2.9	0.011457
-100	-2.8	0.013917
-100	-2.7	0.018057
-100	-2.6	0.021134
-100	-2.5	0.026234
-100	-2.4	0.028509
-100	-2.3	0.03054
-100	-2.2	0.030471
-100	-2.1	0.029482
-100	-2	0.028542
-100	-1.9	0.028963
-100	-1.8	0.030506
-100	-1.7	0.031389
-100	-1.6	0.0305
-100	-1.5	0.028217
-100	-1.4	0.027301
-100	-1.3	0.029168
-100	-1.2	0.037176
-100	-1.1	0.046064
-100	-1	0.055133
-100	-0.9	0.058972
-100	-0.8	0.060592
-100	-0.7	0.057562
-100	-0.6	0.05116
-100	-0.5	0.045152
-100	-0.4	0.035442
-100	-0.3	0.026622
-100	-0.2	0.019338
-100	-0.1	0.016204
-100	0	0.014579
-100	0.1	0.014778
-100	0.2	0.018883
-100	0.3	0.025531
-100	0.4	0.032272
-100	0.5	0.039274
-100	0.6	0.046658
-100	0.7	0.050974
-100	0.8	0.052675
-100	0.9	0.052184
-100	1	0.049752
-100	1.1	0.047129
-100	1.2	0.043138
-100	1.3	0.040354
-100	1.4	0.037223
-100	1.5	0.035784
-100	1.6	0.034117
-100	1.7	0.033288
-100	1.8	0.031967
-100	1.9	0.031443
-100	2	0.031373
-100	2.1	0.030856
-100	2.2	0.029415
-100	2.3	0.027887
-100	2.4	0.025139
-100	2.5	0.023483
-100	2.6	0.018597
-100	2.7	0.016136
-100	2.8	0.014422
-100	2.9	0.013943
-100	3	0.013799
-100	3.1	0.01342
-100	3.2	0.012803
-100	3.3	0.011888
-100	3.4	0.010309
-100	3.5	0.0093695
-100	3.6	0.0087154
-100	3.7	0.0088442
-100	3.8	0.0093384
-100	3.9	0.009725
-100	4	0.0091866
-90	-4	0.010386
-90	-3.9	0.010836
-90	-3.8	0.010656
-90	-3.7	0.0087339
-90	-3.6	0.0077973
-90	-3.5	0.0081876
-90	-3.4	0.0092532
-90	-3.3	0.010423
-90	-3.2	0.011716
-90	-3.1	0.0118
-90	-3	0.011847
-90	-2.9	0.012771
-90	-2.8	0.016243
-90	-2.7	0.020912
-90	-2.6	0.02573
-90	-2.5	0.029286
-90	-2.4	0.03005
-90	-2.3	0.030831
-90	-2.2	0.030738
-90	-2.1	0.031352
-90	-2	0.032148
-90	-1.9	0.03411
-90	-1.8	0.034278
-90	-1.7	0.033203
-90	-1.6	0.030581
-90	-1.5	0.028822
-90	-1.4	0.029539
-90	-1.3	0.03376
-90	-1.2	0.041836
-90	-1.1	0.049849
-90	-1	0.057001
-90	-0.9	0.059607
-90	-0.8	0.05897
-90	-0.7	0.055647
-90	-0.6	0.048389
-90	-0.5	0.039985
-90	-0.4	0.034531
-90	-0.3	0.024817
-90	-0.2	0.018945
-90	-0.1	0.016551
-90	0	0.015444
-90	0.1	0.016174
-90	0.2	0.020207
-90	0.3	0.025923
-90	0.4	0.031876
-90	0.5	0.040836
-90	0.6	0.044751
-90	0.7	0.048557
-90	0.8	0.050726
-90	0.9	0.051164
-90	1	0.050197
-90	1.1	0.047223
-90	1.2	0.04612
-90	1.3	0.041184
-90	1.4	0.038837
-90	1.5	0.035508
-90	1.6	0.034419
-90	1.7	0.033638
-90	1.8	0.03357
-90	1.9	0.034056
-90	2	0.034045
-90	2.1	0.032088
-90	2.2	0.030738
-90	2.3	0.025967
-90	2.4	0.024278
-90	2.5	0.021316
-90	2.6	0.019049
-90	2.7	0.018026
-90	2.8	0.017831
-90	2.9	0.016757
-90	3	0.015638
-90	3.1	0.013917
-90	3.2	0.012146
-90	3.3	0.011776
-90	3.4	0.01181
-90	3.5	0.01174
-90	3.6	0.011561
-90	3.7	0.010801
-90	3.8	0.0099208
-90	3.9	0.0094878
-90	4	0.0095928
-80	-4	0.010172
-80	-3.9	0.0099191
-80	-3.8	0.0090341
-80	-3.7	0.008526
-80	-3.6	0.0076783
-80	-3.5	0.0078695
-80	-3.4	0.0086894
-80	-3.3	0.0095116
-80	-3.2	0.010167
-80	-3.1	0.010745
-80	-3	0.011886
-80	-2.9	0.014951
-80	-2.8	0.018925
-80	-2.7	0.022548
-80	-2.6	0.024628
-80	-2.5	0.027097
-80	-2.4	0.028768
-80	-2.3	0.030347
-80	-2.2	0.031898
-80	-2.1	0.033976
-80	-2	0.034654
-80	-1.9	0.034232
-80	-1.8	0.032231
-80	-1.7	0.030352
-80	-1.6	0.028518
-80	-1.5	0.027159
-80	-1.4	0.029428
-80	-1.3	0.035774
-80	-1.2	0.041958
-80	-1.1	0.050622
-80	-1	0.05777
-80	-0.9	0.060285
-80	-0.8	0.059334
-80	-0.7	0.054069
-80	-0.6	0.045465
-80	-0.5	0.037201
-80	-0.4	0.029085
-80	-0.3	0.023415
-80	-0.2	0.018812
-80	-0.1	0.017698
-80	0	0.017078
-80	0.1	0.01814
-80	0.2	0.021691
-80	0.3	0.029475
-80	0.4	0.035723
-80	0.5	0.042953
-80	0.6	0.047157
-80	0.7	0.052713
-80	0.8	0.053327
-80	0.9	0.051688
-80	1	0.04774
-80	1.1	0.0433
-80	1.2	0.039236
-80	1.3	0.036219
-80	1.4	0.035154
-80	1.5	0.035551
-80	1.6	0.037102
-80	1.7	0.037376
-80	1.8	0.036215
-80	1.9	0.034438
-80	2	0.032279
-80	2.1	0.029608
-80	2.2	0.027523
-80	2.3	0.025161
-80	2.4	0.02422
-80	2.5	0.023704
-80	2.6	0.022626
-80	2.7	0.020246
-80	2.8	0.017144
-80	2.9	0.01486
-80	3	0.012346
-80	3.1	0.011352
-80	3.2	0.010766
-80	3.3	0.011339
-80	3.4	0.011776
-80	3.5	0.010982
-80	3.6	0.0097598
-80	3.7	0.008667
-80	3.8	0.0083479
-80	3.9	0.0085506
-80	4	0.0090323
-70	-4	0.012972
-70	-3.9	0.01256
-70	-3.8	0.010842
-70	-3.7	0.0082014
-70	-3.6	0.0075445
-70	-3.5	0.0091124
-70	-3.4	0.010659
-70	-3.3	0.012195
-70	-3.2	0.012316
-70	-3.1	0.011997
-70	-3	0.012921
-70	-2.9	0.014267
-70	-2.8	0.01873
-70	-2.7	0.023983
-70	-2.6	0.026258
-70	-2.5	0.030105
-70	-2.4	0.031346
-70	-2.3	0.031731
-70	-2.2	0.032662
-70	-2.1	0.03377
-70	-2	0.035069
-70	-1.9	0.036282
-70	-1.8	0.036295
-70	-1.7	0.034261
-70	-1.6	0.029896
-70	-1.5	0.027625
-70	-1.4	0.028605
-70	-1.3	0.03624
-70	-1.2	0.0441
-70	-1.1	0.053274
-70	-1	0.05769
-70	-0.9	0.059766
-70	-0.8	0.058729
-70	-0.7	0.051502
-70	-0.6	0.04618
-70	-0.5	0.039253
-70	-0.4	0.029215
-70	-0.3	0.022823
-70	-0.2	0.019073
-70	-0.1	0.017635
-70	0	0.017363
-70	0.1	0.018863
-70	0.2	0.023918
-70	0.3	0.029485
-70	0.4	0.036144
-70	0.5	0.044774
-70	0.6	0.048532
-70	0.7	0.052897
-70	0.8	0.053613
-70	0.9	0.051352
-70	1	0.047799
-70	1.1	0.044381
-70	1.2	0.040549
-70	1.3	0.035895
-70	1.4	0.033991
-70	1.5	0.03408
-70	1.6	0.034655
-70	1.7	0.034872
-70	1.8	0.033474
-70	1.9	0.032401
-70	2	0.0309
-70	2.1	0.028945
-70	2.2	0.026743
-70	2.3	0.024348
-70	2.4	0.023337
-70	2.5	0.022949
-70	2.6	0.021047
-70	2.7	0.019098
-70	2.8	0.015873
-70	2.9	0.013501
-70	3	0.012122
-70	3.1	0.011097
-70	3.2	0.01075
-70	3.3	0.01124
-70	3.4	0.011647
-70	3.5	0.011665
-70	3.6	0.010113
-70	3.7	0.0095726
-70	3.8	0.0097797
-70	3.9	0.010161
-70	4	0.010566
-60	-4	0.012017
-60	-3.9	0.011566
-60	-3.8	0.0098783
-60	-3.7	0.0085108
-60	-3.6	0.0081876
-60	-3.5	0.0091743
-60	-3.4	0.010959
-60	-3.3	0.012548
-60	-3.2	0.011996
-60	-3.1	0.011071
-60	-3	0.010449
-60	-2.9	0.012344
-60	-2.8	0.020029
-60	-2.7	0.026542
-60	-2.6	0.031001
-60	-2.5	0.034239
-60	-2.4	0.035021
-60	-2.3	0.032992
-60	-2.2	0.03231
-60	-2.1	0.033946
-60	-2	0.036095
-60	-1.9	0.037701
-60	-1.8	0.037869
-60	-1.7	0.036216
-60	-1.6	0.032284
-60	-1.5	0.028646
-60	-1.4	0.029646
-60	-1.3	0.035597
-60	-1.2	0.040902
-60	-1.1	0.052911
-60	-1	0.058051
-60	-0.9	0.059622
-60	-0.8	0.057938
-60	-0.7	0.054688
-60	-0.6	0.045419
-60	-0.5	0.039141
-60	-0.4	0.028064
-60	-0.3	0.022292
-60	-0.2	0.018702
-60	-0.1	0.017082
-60	0	0.017521
-60	0.1	0.020717
-60	0.2	0.027066
-60	0.3	0.032572
-60	0.4	0.040178
-60	0.5	0.044249
-60	0.6	0.0504
-60	0.7	0.052767
-60	0.8	0.053451
-60	0.9	0.05127
-60	1	0.047381
-60	1.1	0.04475
-60	1.2	0.039637
-60	1.3	0.036287
-60	1.4	0.034263
-60	1.5	0.032421
-60	1.6	0.033049
-60	1.7	0.033284
-60	1.8	0.03301
-60	1.9	0.032013
-60	2	0.031078
-60	2.1	0.027746
-60	2.2	0.02511
-60	2.3	0.022344
-60	2.4	0.019997
-60	2.5	0.018953
-60	2.6	0.017259
-60	2.7	0.015666
-60	2.8	0.014449
-60	2.9	0.013486
-60	3	0.012866
-60	3.1	0.011423
-60	3.2	0.0099679
-60	3.3	0.010036
-60	3.4	0.0090804
-60	3.5	0.0095861
-60	3.6	0.0094263
-60	3.7	0.0092759
-60	3.8	0.0097945
-60	3.9	0.010841
-60	4	0.0096616
-50	-4	0.010691
-50	-3.9	0.0099305
-50	-3.8	0.0091919
-50	-3.7	0.0082974
-50	-3.6	0.007634
-50	-3.5	0.0084115
-50	-3.4	0.010024
-50	-3.3	0.010897
-50	-3.2	0.011056
-50	-3.1	0.010657
-50	-3	0.011453
-50	-2.9	0.01469
-50	-2.8	0.020505
-50	-2.7	0.024703
-50	-2.6	0.0276
-50	-2.5	0.029534
-50	-2.4	0.030252
-50	-2.3	0.031779
-50	-2.2	0.033912
-50	-2.1	0.036534
-50	-2	0.037537
-50	-1.9	0.037699
-50	-1.8	0.03657
-50	-1.7	0.033302
-50	-1.6	0.028481
-50	-1.5	0.0271
-50	-1.4	0.027797
-50	-1.3	0.034231
-50	-1.2	0.043742
-50	-1.1	0.052085
-50	-1	0.059372
-50	-0.9	0.060846
-50	-0.8	0.057282
-50	-0.7	0.052415
-50	-0.6	0.043031
-50	-0.5	0.035643
-50	-0.4	0.027215
-50	-0.3	0.021637
-50	-0.2	0.017282
-50	-0.1	0.015943
-50	0	0.015835
-50	0.1	0.017723
-50	0.2	0.023958
-50	0.3	0.032386
-50	0.4	0.036455
-50	0.5	0.04562
-50	0.6	0.050256
-50	0.7	0.052862
-50	0.8	0.052399
-50	0.9	0.049816
-50	1	0.045599
-50	1.1	0.043252
-50	1.2	0.04011
-50	1.3	0.037743
-50	1.4	0.035312
-50	1.5	0.034687
-50	1.6	0.033814
-50	1.7	0.032352
-50	1.8	0.030189
-50	1.9	0.029417
-50	2	0.028451
-50	2.1	0.028163
-50	2.2	0.026559
-50	2.3	0.024335
-50	2.4	0.022103
-50	2.5	0.019611
-50	2.6	0.017076
-50	2.7	0.013952
-50	2.8	0.012143
-50	2.9	0.011228
-50	3	0.010857
-50	3.1	0.010226
-50	3.2	0.0098357
-50	3.3	0.0094554
-50	3.4	0.0086875
-50	3.5	0.0078222
-50	3.6	0.0072429
-50	3.7	0.0069094
-50	3.8	0.0073514
-50	3.9	0.0082093
-50	4	0.0091637
-40	-4	0.011083
-40	-3.9	0.01063
-40	-3.8	0.0094929
-40	-3.7	0.0077391
-40	-3.6	0.0072071
-40	-3.5	0.0077119
-40	-3.4	0.0098291
-40	-3.3	0.010874
-40	-3.2	0.011023
-40	-3.1	0.0095303
-40	-3	0.0087098
-40	-2.9	0.010243
-40	-2.8	0.01676
-40	-2.7	0.022682
-40	-2.6	0.026893
-40	-2.5	0.030057
-40	-2.4	0.032754
-40	-2.3	0.034837
-40	-2.2	0.036077
-40	-2.1	0.03772
-40	-2	0.038801
-40	-1.9	0.038614
-40	-1.8	0.037374
-40	-1.7	0.034991
-40	-1.6	0.030615
-40	-1.5	0.028434
-40	-1.4	0.029917
-40	-1.3	0.036353
-40	-1.2	0.044834
-40	-1.1	0.054602
-40	-1	0.05731
-40	-0.9	0.059309
-40	-0.8	0.057012
-40	-0.7	0.049949
-40	-0.6	0.043372
-40	-0.5	0.032965
-40	-0.4	0.024745
-40	-0.3	0.019702
-40	-0.2	0.015933
-40	-0.1	0.014957
-40	0	0.015584
-40	0.1	0.01731
-40	0.2	0.022565
-40	0.3	0.031514
-40	0.4	0.040197
-40	0.5	0.045635
-40	0.6	0.049918
-40	0.7	0.051213
-40	0.8	0.050519
-40	0.9	0.048197
-40	1	0.044299
-40	1.1	0.04251
-40	1.2	0.039569
-40	1.3	0.037006
-40	1.4	0.035258
-40	1.5	0.033379
-40	1.6	0.032631
-40	1.7	0.032
-40	1.8	0.031162
-40	1.9	0.030232
-40	2	0.029322
-40	2.1	0.028994
-40	2.2	0.025938
-40	2.3	0.022874
-40	2.4	0.020584
-40	2.5	0.017377
-40	2.6	0.015803
-40	2.7	0.013725
-40	2.8	0.012277
-40	2.9	0.011954
-40	3	0.011305
-40	3.1	0.0099371
-40	3.2	0.0091284
-40	3.3	0.0081381
-40	3.4	0.0073974
-40	3.5	0.0070804
-40	3.6	0.0068436
-40	3.7	0.006846
-40	3.8	0.0065071
-40	3.9	0.0072874
-40	4	0.0073095
-30	-4	0.012131
-30	-3.9	0.012098
-30	-3.8	0.01217
-30	-3.7	0.011246
-30	-3.6	0.0098044
-30	-3.5	0.010295
-30	-3.4	0.010841
-30	-3.3	0.011228
-30	-3.2	0.011437
-30	-3.1	0.01039
-30	-3	0.012581
-30	-2.9	0.016101
-30	-2.8	0.020671
-30	-2.7	0.026234
-30	-2.6	0.027977
-30	-2.5	0.030572
-30	-2.4	0.031725
-30	-2.3	0.032989
-30	-2.2	0.034767
-30	-2.1	0.03855
-30	-2	0.040667
-30	-1.9	0.041687
-30	-1.8	0.040949
-30	-1.7	0.036579
-30	-1.6	0.03184
-30	-1.5	0.026331
-30	-1.4	0.026302
-30	-1.3	0.035473
-30	-1.2	0.043908
-30	-1.1	0.052768
-30	-1	0.055318
-30	-0.9	0.057541
-30	-0.8	0.055328
-30	-0.7	0.050009
-30	-0.6	0.040745
-30	-0.5	0.034857
-30	-0.4	0.025833
-30	-0.3	0.020406
-30	-0.2	0.016242
-30	-0.1	0.015085
-30	0	0.016616
-30	0.1	0.018173
-30	0.2	0.023561
-30	0.3	0.0304
-30	0.4	0.03576
-30	0.5	0.042816
-30	0.6	0.045081
-30	0.7	0.048272
-30	0.8	0.048612
-30	0.9	0.04662
-30	1	0.045426
-30	1.1	0.040888
-30	1.2	0.039516
-30	1.3	0.034674
-30	1.4	0.030956
-30	1.5	0.028822
-30	1.6	0.028863
-30	1.7	0.029419
-30	1.8	0.029716
-30	1.9	0.02921
-30	2	0.027776
-30	2.1	0.026527
-30	2.2	0.023905
-30	2.3	0.021275
-30	2.4	0.019154
-30	2.5	0.018633
-30	2.6	0.017911
-30	2.7	0.016189
-30	2.8	0.01412
-30	2.9	0.011464
-30	3	0.010407
-30	3.1	0.0095404
-30	3.2	0.0095455
-30	3.3	0.009857
-30	3.4	0.010183
-30	3.5	0.010079
-30	3.6	0.0082681
-30	3.7	0.007787
-30	3.8	0.0068081
-30	3.9	0.0068954
-30	4	0.0084766
-20	-4	0.012497
-20	-3.9	0.012461
-20	-3.8	0.012285
-20	-3.7	0.010289
-20	-3.6	0.0088058
-20	-3.5	0.008973
-20	-3.4	0.009857
-20	-3.3	0.010002
-20	-3.2	0.00969
-20	-3.1	0.0089315
-20	-3	0.01097
-20	-2.9	0.014559
-20	-2.8	0.019208
-20	-2.7	0.02353
-20	-2.6	0.026586
-20	-2.5	0.029699
-20	-2.4	0.031683
-20	-2.3	0.034262
-20	-2.2	0.035596
-20	-2.1	0.038569
-20	-2	0.041204
-20	-1.9	0.041958
-20	-1.8	0.041318
-20	-1.7	0.037234
-20	-1.6	0.030717
-20	-1.5	0.025923
-20	-1.4	0.028315
-20	-1.3	0.033667
-20	-1.2	0.04179
-20	-1.1	0.051304
-20	-1	0.055088
-20	-0.9	0.055664
-20	-0.8	0.051255
-20	-0.7	0.044433
-20	-0.6	0.038265
-20	-0.5	0.031625
-20	-0.4	0.023059
-20	-0.3	0.017929
-20	-0.2	0.016582
-20	-0.1	0.015359
-20	0	0.016199
-20	0.1	0.018537
-20	0.2	0.024041
-20	0.3	0.028259
-20	0.4	0.037574
-20	0.5	0.041636
-20	0.6	0.045094
-20	0.7	0.046572
-20	0.8	0.046345
-20	0.9	0.044357
-20	1	0.041454
-20	1.1	0.03838
-20	1.2	0.034833
-20	1.3	0.032637
-20	1.4	0.030765
-20	1.5	0.029368
-20	1.6	0.029121
-20	1.7	0.029078
-20	1.8	0.02974
-20	1.9	0.029352
-20	2	0.028572
-20	2.1	0.026884
-20	2.2	0.026181
-20	2.3	0.024113
-20	2.4	0.022216
-20	2.5	0.020604
-20	2.6	0.018877
-20	2.7	0.017394
-20	2.8	0.01575
-20	2.9	0.013817
-20	3	0.012118
-20	3.1	0.010252
-20	3.2	0.0089622
-20	3.3	0.0085089
-20	3.4	0.0089333
-20	3.5	0.0091954
-20	3.6	0.0090287
-20	3.7	0.0088989
-20	3.8	0.0088241
-20	3.9	0.0082857
-20	4	0.0079472
-10	-4	0.013135
-10	-3.9	0.012199
-10	-3.8	0.010745
-10	-3.7	0.0089928
-10	-3.6	0.0087154
-10	-3.5	0.0095014
-10	-3.4	0.010983
-10	-3.3	0.011721
-10	-3.2	0.011378
-10	-3.1	0.010018
-10	-3	0.0099061
-10	-2.9	0.011829
-10	-2.8	0.017078
-10	-2.7	0.023415
-10	-2.6	0.027207
-10	-2.5	0.030073
-10	-2.4	0.032324
-10	-2.3	0.033749
-10	-2.2	0.034855
-10	-2.1	0.038234
-10	-2	0.041955
-10	-1.9	0.044383
-10	-1.8	0.043891
-10	-1.7	0.039077
-10	-1.6	0.032416
-10	-1.5	0.025633
-10	-1.4	0.024182
-10	-1.3	0.030675
-10	-1.2	0.039697
-10	-1.1	0.046905
-10	-1	0.055913
-10	-0.9	0.058264
-10	-0.8	0.057599
-10	-0.7	0.05075
-10	-0.6	0.043295
-10	-0.5	0.032285
-10	-0.4	0.026766
-10	-0.3	0.02081
-10	-0.2	0.014676
-10	-0.1	0.014225
-10	0	0.014718
-10	0.1	0.016379
-10	0.2	0.021621
-10	0.3	0.027519
-10	0.4	0.035219
-10	0.5	0.0414
-10	0.6	0.046717
-10	0.7	0.047904
-10	0.8	0.048098
-10	0.9	0.046136
-10	1	0.041984
-10	1.1	0.037819
-10	1.2	0.033624
-10	1.3	0.031224
-10	1.4	0.029169
-10	1.5	0.028107
-10	1.6	0.027472
-10	1.7	0.027502
-10	1.8	0.027646
-10	1.9	0.027617
-10	2	0.027426
-10	2.1	0.026389
-10	2.2	0.023812
-10	2.3	0.021556
-10	2.4	0.018956
-10	2.5	0.016655
-10	2.6	0.01414
-10	2.7	0.013499
-10	2.8	0.012324
-10	2.9	0.010787
-10	3	0.010119
-10	3.1	0.0081994
-10	3.2	0.007007
-10	3.3	0.0063842
-10	3.4	0.0063487
-10	3.5	0.0079452
-10	3.6	0.008274
-10	3.7	0.0080783
-10	3.8	0.0080843
-10	3.9	0.0072026
-10	4	0.005922
0	-4	0.011782
0	-3.9	0.011059
0	-3.8	0.010659
0	-3.7	0.0094605
0	-3.6	0.0084728
0	-3.5	0.0091107
0	-3.4	0.0099938
0	-3.3	0.010379
0	-3.2	0.0098044
0	-3.1	0.009354
0	-3	0.0095709
0	-2.9	0.010888
0	-2.8	0.014388
0	-2.7	0.019415
0	-2.6	0.024249
0	-2.5	0.029047
0	-2.4	0.033284
0	-2.3	0.035402
0	-2.2	0.036619
0	-2.1	0.037975
0	-2	0.039841
0	-1.9	0.04133
0	-1.8	0.041995
0	-1.7	0.039721
0	-1.6	0.035131
0	-1.5	0.029782
0	-1.4	0.024395
0	-1.3	0.025799
0	-1.2	0.033854
0	-1.1	0.041492
0	-1	0.050655
0	-0.9	0.053881
0	-0.8	0.055198
0	-0.7	0.053154
0	-0.6	0.046119
0	-0.5	0.038518
0	-0.4	0.029445
0	-0.3	0.02377
0	-0.2	0.016233
0	-0.1	0.013176
0	0	0.012482
0	0.1	0.014205
0	0.2	0.017561
0	0.3	0.023433
0	0.4	0.030044
0	0.5	0.034854
0	0.6	0.040833
0	0.7	0.043327
0	0.8	0.045977
0	0.9	0.046191
0	1	0.044735
0	1.1	0.041996
0	1.2	0.036876
0	1.3	0.034525
0	1.4	0.028765
0	1.5	0.026643
0	1.6	0.025151
0	1.7	0.025726
0	1.8	0.027358
0	1.9	0.027897
0	2	0.027191
0	2.1	0.024573
0	2.2	0.022604
0	2.3	0.020573
0	2.4	0.017385
0	2.5	0.01604
0	2.6	0.015675
0	2.7	0.015721
0	2.8	0.015104
0	2.9	0.013842
0	3	0.011527
0	3.1	0.01032
0	3.2	0.0083246
0	3.3	0.0085431
0	3.4	0.0095438
0	3.5	0.0096516
0	3.6	0.0097233
0	3.7	0.0085827
0	3.8	0.0075638
0	3.9	0.0061784
0	4	0.006635
10	-4	0.012174
10	-3.9	0.01216
10	-3.8	0.010827
10	-3.7	0.0087098
10	-3.6	0.0073073
10	-3.5	0.0074236
10	-3.4	0.0093902
10	-3.3	0.010577
10	-3.2	0.010762
10	-3.1	0.010113
10	-3	0.009
10	-2.9	0.010191
10	-2.8	0.012847
10	-2.7	0.018352
10	-2.6	0.025443
10	-2.5	0.029645
10	-2.4	0.031825
10	-2.3	0.034162
10	-2.2	0.03527
10	-2.1	0.036316
10	-2	0.039013
10	-1.9	0.040662
10	-1.8	0.041401
10	-1.7	0.040143
10	-1.6	0.037592
10	-1.5	0.028908
10	-1.4	0.02502
10	-1.3	0.025154
10	-1.2	0.029573
10	-1.1	0.040107
10	-1	0.047888
10	-0.9	0.055397
10	-0.8	0.057321
10	-0.7	0.056524
10	-0.6	0.049973
10	-0.5	0.04153
10	-0.4	0.03054
10	-0.3	0.025879
10	-0.2	0.016857
10	-0.1	0.013471
10	0	0.012043
10	0.1	0.012257
10	0.2	0.015291
10	0.3	0.0196
10	0.4	0.026096
10	0.5	0.032018
10	0.6	0.038116
10	0.7	0.042899
10	0.8	0.044377
10	0.9	0.044439
10	1	0.042447
10	1.1	0.040708
10	1.2	0.038481
10	1.3	0.03566
10	1.4	0.034524
10	1.5	0.031782
10	1.6	0.028924
10	1.7	0.027156
10	1.8	0.02649
10	1.9	0.026003
10	2	0.025517
10	2.1	0.025235
10	2.2	0.02552
10	2.3	0.025192
10	2.4	0.022826
10	2.5	0.019979
10	2.6	0.017482
10	2.7	0.015455
10	2.8	0.014027
10	2.9	0.011453
10	3	0.0098865
10	3.1	0.0091372
10	3.2	0.0090341
10	3.3	0.008946
10	3.4	0.0083246
10	3.5	0.0075531
10	3.6	0.0082309
10	3.7	0.0079431
10	3.8	0.0076783
10	3.9	0.0070001
10	4	0.0069792
20	-4	0.0087708
20	-3.9	0.0098832
20	-3.8	0.010336
20	-3.7	0.009725
20	-3.6	0.0078962
20	-3.5	0.0072116
20	-3.4	0.0069792
20	-3.3	0.0083207
20	-3.2	0.0093953
20	-3.1	0.010111
20	-3	0.0097167
20	-2.9	0.008313
20	-2.8	0.0093471
20	-2.7	0.015286
20	-2.6	0.020351
20	-2.5	0.026587
20	-2.4	0.029811
20	-2.3	0.03422
20	-2.2	0.035459
20	-2.1	0.03568
20	-2	0.036733
20	-1.9	0.038765
20	-1.8	0.039779
20	-1.7	0.039632
20	-1.6	0.036275
20	-1.5	0.031031
20	-1.4	0.02681
20	-1.3	0.024327
20	-1.2	0.027079
20	-1.1	0.035098
20	-1	0.046288
20	-0.9	0.053402
20	-0.8	0.055939
20	-0.7	0.056011
20	-0.6	0.05244
20	-0.5	0.044887
20	-0.4	0.035749
20	-0.3	0.026594
20	-0.2	0.019372
20	-0.1	0.014985
20	0	0.012775
20	0.1	0.012028
20	0.2	0.013732
20	0.3	0.015977
20	0.4	0.020222
20	0.5	0.027388
20	0.6	0.033574
20	0.7	0.039997
20	0.8	0.043209
20	0.9	0.044098
20	1	0.043483
20	1.1	0.042377
20	1.2	0.039184
20	1.3	0.035221
20	1.4	0.033802
20	1.5	0.029351
20	1.6	0.027039
20	1.7	0.025329
20	1.8	0.025063
20	1.9	0.02601
20	2	0.026473
20	2.1	0.026472
20	2.2	0.026164
20	2.3	0.025448
20	2.4	0.021856
20	2.5	0.019524
20	2.6	0.017284
20	2.7	0.016332
20	2.8	0.015402
20	2.9	0.01395
20	3	0.012013
20	3.1	0.010113
20	3.2	0.0094057
20	3.3	0.0088314
20	3.4	0.0084058
20	3.5	0.0075574
20	3.6	0.0078284
20	3.7	0.0071644
20	3.8	0.0071936
20	3.9	0.0060729
20	4	0.0067867
30	-4	0.0093211
30	-3.9	0.010234
30	-3.8	0.011138
30	-3.7	0.011135
30	-3.6	0.0098652
30	-3.5	0.0092165
30	-3.4	0.0086875
30	-3.3	0.0090929
30	-3.2	0.0099371
30	-3.1	0.010557
30	-3	0.011209
30	-2.9	0.012338
30	-2.8	0.014324
30	-2.7	0.01804
30	-2.6	0.022103
30	-2.5	0.025939
30	-2.4	0.030167
30	-2.3	0.033611
30	-2.2	0.035357
30	-2.1	0.036819
30	-2	0.03871
30	-1.9	0.042501
30	-1.8	0.043826
30	-1.7	0.043657
30	-1.6	0.04115
30	-1.5	0.035984
30	-1.4	0.028324
30	-1.3	0.02424
30	-1.2	0.02535
30	-1.1	0.033706
30	-1	0.040469
30	-0.9	0.052456
30	-0.8	0.057926
30	-0.7	0.059459
30	-0.6	0.05628
30	-0.5	0.049987
30	-0.4	0.040794
30	-0.3	0.033477
30	-0.2	0.022848
30	-0.1	0.018152
30	0	0.013909
30	0.1	0.013237
30	0.2	0.014555
30	0.3	0.016003
30	0.4	0.020623
30	0.5	0.02867
30	0.6	0.034137
30	0.7	0.039453
30	0.8	0.043998
30	0.9	0.045781
30	1	0.045868
30	1.1	0.044143
30	1.2	0.03932
30	1.3	0.03704
30	1.4	0.032335
30	1.5	0.030438
30	1.6	0.027047
30	1.7	0.025749
30	1.8	0.025292
30	1.9	0.025478
30	2	0.025531
30	2.1	0.024985
30	2.2	0.024674
30	2.3	0.024361
30	2.4	0.022613
30	2.5	0.0204
30	2.6	0.019086
30	2.7	0.017195
30	2.8	0.015824
30	2.9	0.013894
30	3	0.012418
30	3.1	0.011792
30	3.2	0.010227
30	3.3	0.0098603
30	3.4	0.0090305
30	3.5	0.0081659
30	3.6	0.0077516
30	3.7	0.0075016
30	3.8	0.0078242
30	3.9	0.0079228
30	4	0.0080843
40	-4	0.0071576
40	-3.9	0.0086147
40	-3.8	0.011395
40	-3.7	0.012236
40	-3.6	0.012397
40	-3.5	0.0114
40	-3.4	0.0087763
40	-3.3	0.007508
40	-3.2	0.0077265
40	-3.1	0.0088643
40	-3	0.010392
40	-2.9	0.011071
40	-2.8	0.011453
40	-2.7	0.014074
40	-2.6	0.016951
40	-2.5	0.023723
40	-2.4	0.029794
40	-2.3	0.034845
40	-2.2	0.038168
40	-2.1	0.039398
40	-2	0.039533
40	-1.9	0.039033
40	-1.8	0.039801
40	-1.7	0.04028
40	-1.6	0.04065
40	-1.5	0.03773
40	-1.4	0.034149
40	-1.3	0.030375
40	-1.2	0.026108
40	-1.1	0.028324
40	-1	0.035009
40	-0.9	0.04326
40	-0.8	0.052103
40	-0.7	0.054911
40	-0.6	0.05554
40	-0.5	0.053079
40	-0.4	0.045368
40	-0.3	0.038716
40	-0.2	0.030827
40	-0.1	0.023791
40	0	0.018888
40	0.1	0.01504
40	0.2	0.013391
40	0.3	0.014584
40	0.4	0.016822
40	0.5	0.022226
40	0.6	0.027861
40	0.7	0.034518
40	0.8	0.037435
40	0.9	0.041749
40	1	0.043661
40	1.1	0.044691
40	1.2	0.043192
40	1.3	0.040491
40	1.4	0.03869
40	1.5	0.033249
40	1.6	0.029191
40	1.7	0.026009
40	1.8	0.025515
40	1.9	0.026179
40	2	0.026799
40	2.1	0.026297
40	2.2	0.02522
40	2.3	0.023514
40	2.4	0.02192
40	2.5	0.019928
40	2.6	0.018861
40	2.7	0.018171
40	2.8	0.017753
40	2.9	0.016384
40	3	0.014194
40	3.1	0.011407
40	3.2	0.0099565
40	3.3	0.0082681
40	3.4	0.0076635
40	3.5	0.0081698
40	3.6	0.0088204
40	3.7	0.0083634
40	3.8	0.0081836
40	3.9	0.0075616
40	4	0.0070667
50	-4	0.0073909
50	-3.9	0.0092602
50	-3.8	0.012032
50	-3.7	0.01306
50	-3.6	0.012265
50	-3.5	0.0098832
50	-3.4	0.0078716
50	-3.3	0.0087394
50	-3.2	0.010446
50	-3.1	0.012354
50	-3	0.012766
50	-2.9	0.012147
50	-2.8	0.012032
50	-2.7	0.012956
50	-2.6	0.017876
50	-2.5	0.025155
50	-2.4	0.03133
50	-2.3	0.035301
50	-2.2	0.038102
50	-2.1	0.03837
50	-2	0.037818
50	-1.9	0.037892
50	-1.8	0.038317
50	-1.7	0.039028
50	-1.6	0.039596
50	-1.5	0.039052
50	-1.4	0.036134
50	-1.3	0.031231
50	-1.2	0.026105
50	-1.1	0.02543
50	-1	0.032631
50	-0.9	0.042417
50	-0.8	0.051409
50	-0.7	0.058937
50	-0.6	0.060311
50	-0.5	0.059373
50	-0.4	0.052767
50	-0.3	0.04436
50	-0.2	0.037655
50	-0.1	0.027654
50	0	0.018967
50	0.1	0.014677
50	0.2	0.013617
50	0.3	0.014526
50	0.4	0.015789
50	0.5	0.018517
50	0.6	0.02617
50	0.7	0.032236
50	0.8	0.038176
50	0.9	0.042431
50	1	0.04588
50	1.1	0.046297
50	1.2	0.043821
50	1.3	0.039604
50	1.4	0.03476
50	1.5	0.031979
50	1.6	0.02915
50	1.7	0.027966
50	1.8	0.027729
50	1.9	0.028544
50	2	0.028443
50	2.1	0.026347
50	2.2	0.024903
50	2.3	0.022862
50	2.4	0.022586
50	2.5	0.022667
50	2.6	0.022783
50	2.7	0.022438
50	2.8	0.022158
50	2.9	0.020388
50	3	0.017024
50	3.1	0.01422
50	3.2	0.011352
50	3.3	0.010721
50	3.4	0.01195
50	3.5	0.012562
50	3.6	0.012442
50	3.7	0.011803
50	3.8	0.011154
50	3.9	0.010412
50	4	0.0099208
60	-4	0.0072718
60	-3.9	0.0091549
60	-3.8	0.011308
60	-3.7	0.012466
60	-3.6	0.012094
60	-3.5	0.010213
60	-3.4	0.0084326
60	-3.3	0.00697
60	-3.2	0.0075381
60	-3.1	0.0094758
60	-3	0.010175
60	-2.9	0.0097698
60	-2.8	0.0089369
60	-2.7	0.0095014
60	-2.6	0.014052
60	-2.5	0.018533
60	-2.4	0.025704
60	-2.3	0.028235
60	-2.2	0.032542
60	-2.1	0.034549
60	-2	0.035901
60	-1.9	0.038636
60	-1.8	0.041621
60	-1.7	0.043932
60	-1.6	0.044197
60	-1.5	0.043072
60	-1.4	0.037166
60	-1.3	0.03023
60	-1.2	0.025574
60	-1.1	0.027218
60	-1	0.036818
60	-0.9	0.044208
60	-0.8	0.052435
60	-0.7	0.056076
60	-0.6	0.05918
60	-0.5	0.058386
60	-0.4	0.053313
60	-0.3	0.044402
60	-0.2	0.038538
60	-0.1	0.029478
60	0	0.02301
60	0.1	0.017988
60	0.2	0.015171
60	0.3	0.015184
60	0.4	0.016339
60	0.5	0.018628
60	0.6	0.021923
60	0.7	0.026072
60	0.8	0.028703
60	0.9	0.034506
60	1	0.037932
60	1.1	0.040523
60	1.2	0.042509
60	1.3	0.042012
60	1.4	0.040583
60	1.5	0.039035
60	1.6	0.035189
60	1.7	0.030635
60	1.8	0.029191
60	1.9	0.029202
60	2	0.03015
60	2.1	0.030866
60	2.2	0.030321
60	2.3	0.029694
60	2.4	0.028302
60	2.5	0.0252
60	2.6	0.024013
60	2.7	0.022191
60	2.8	0.022326
60	2.9	0.022308
60	3	0.020994
60	3.1	0.018535
60	3.2	0.016831
60	3.3	0.013579
60	3.4	0.012919
60	3.5	0.012198
60	3.6	0.011548
60	3.7	0.011977
60	3.8	0.012482
60	3.9	0.012346
60	4	0.010957
70	-4	0.0083614
70	-3.9	0.0088296
70	-3.8	0.0093902
70	-3.7	0.010045
70	-3.6	0.009976
70	-3.5	0.0085298
70	-3.4	0.0069001
70	-3.3	0.0068743
70	-3.2	0.0082583
70	-3.1	0.010249
70	-3	0.010664
70	-2.9	0.010307
70	-2.8	0.0097333
70	-2.7	0.0094434
70	-2.6	0.013305
70	-2.5	0.019487
70	-2.4	0.023395
70	-2.3	0.028827
70	-2.2	0.032164
70	-2.1	0.034159
70	-2	0.035813
70	-1.9	0.036255
70	-1.8	0.037155
70	-1.7	0.038096
70	-1.6	0.039538
70	-1.5	0.039724
70	-1.4	0.037832
70	-1.3	0.035655
70	-1.2	0.029843
70	-1.1	0.027329
70	-1	0.032017
70	-0.9	0.039158
70	-0.8	0.048195
70	-0.7	0.055005
70	-0.6	0.060255
70	-0.5	0.061955
70	-0.4	0.059202
70	-0.3	0.051586
70	-0.2	0.042939
70	-0.1	0.032417
70	0	0.023494
70	0.1	0.018355
70	0.2	0.014768
70	0.3	0.013376
70	0.4	0.013997
70	0.5	0.01609
70	0.6	0.021072
70	0.7	0.026254
70	0.8	0.030662
70	0.9	0.037686
70	1	0.042451
70	1.1	0.045061
70	1.2	0.04557
70	1.3	0.043758
70	1.4	0.042129
70	1.5	0.039466
70	1.6	0.037825
70	1.7	0.034093
70	1.8	0.031919
70	1.9	0.030419
70	2	0.029797
70	2.1	0.028962
70	2.2	0.028631
70	2.3	0.028659
70	2.4	0.029121
70	2.5	0.028458
70	2.6	0.02591
70	2.7	0.023898
70	2.8	0.022353
70	2.9	0.020735
70	3	0.018114
70	3.1	0.016703
70	3.2	0.015859
70	3.3	0.014489
70	3.4	0.01238
70	3.5	0.011132
70	3.6	0.009924
70	3.7	0.010472
70	3.8	0.011314
70	3.9	0.011554
70	4	0.011773
80	-4	0.0067461
80	-3.9	0.006886
80	-3.8	0.0082329
80	-3.7	0.0091672
80	-3.6	0.010725
80	-3.5	0.010114
80	-3.4	0.0093643
80	-3.3	0.0076888
80	-3.2	0.0071959
80	-3.1	0.0082427
80	-3	0.0095793
80	-2.9	0.0097797
80	-2.8	0.0091831
80	-2.7	0.0088296
80	-2.6	0.010638
80	-2.5	0.013677
80	-2.4	0.019049
80	-2.3	0.025244
80	-2.2	0.029531
80	-2.1	0.03323
80	-2	0.035576
80	-1.9	0.037175
80	-1.8	0.038629
80	-1.7	0.040219
80	-1.6	0.041675
80	-1.5	0.041665
80	-1.4	0.040929
80	-1.3	0.037879
80	-1.2	0.034446
80	-1.1	0.031555
80	-1	0.032695
80	-0.9	0.037625
80	-0.8	0.045619
80	-0.7	0.050421
80	-0.6	0.056764
80	-0.5	0.057959
80	-0.4	0.05698
80	-0.3	0.052439
80	-0.2	0.044597
80	-0.1	0.037084
80	0	0.029535
80	0.1	0.024644
80	0.2	0.01915
80	0.3	0.017857
80	0.4	0.016281
80	0.5	0.016637
80	0.6	0.01952
80	0.7	0.022981
80	0.8	0.030689
80	0.9	0.033904
80	1	0.039228
80	1.1	0.041851
80	1.2	0.042797
80	1.3	0.043085
80	1.4	0.042802
80	1.5	0.043081
80	1.6	0.041677
80	1.7	0.039437
80	1.8	0.036871
80	1.9	0.034712
80	2	0.032727
80	2.1	0.030918
80	2.2	0.030239
80	2.3	0.029774
80	2.4	0.029508
80	2.5	0.028466
80	2.6	0.025984
80	2.7	0.023227
80	2.8	0.020946
80	2.9	0.018386
80	3	0.015406
80	3.1	0.013747
80	3.2	0.012838
80	3.3	0.011687
80	3.4	0.010766
80	3.5	0.010008
80	3.6	0.0094724
80	3.7	0.0088497
80	3.8	0.0083382
80	3.9	0.0074778
80	4	0.0067077
90	-4	0.0070461
90	-3.9	0.0068223
90	-3.8	0.0078304
90	-3.7	0.010485
90	-3.6	0.012483
90	-3.5	0.01217
90	-3.4	0.011965
90	-3.3	0.0095827
90	-3.2	0.0081659
90	-3.1	0.0070667
90	-3	0.0093124
90	-2.9	0.011376
90	-2.8	0.01205
90	-2.7	0.011339
90	-2.6	0.011078
90	-2.5	0.012868
90	-2.4	0.018218
90	-2.3	0.022963
90	-2.2	0.028056
90	-2.1	0.033509
90	-2	0.035379
90	-1.9	0.036379
90	-1.8	0.037534
90	-1.7	0.039491
90	-1.6	0.040792
90	-1.5	0.041322
90	-1.4	0.040852
90	-1.3	0.03885
90	-1.2	0.033798
90	-1.1	0.030883
90	-1	0.031295
90	-0.9	0.036151
90	-0.8	0.042295
90	-0.7	0.049319
90	-0.6	0.056369
90	-0.5	0.059344
90	-0.4	0.057136
90	-0.3	0.052798
90	-0.2	0.045125
90	-0.1	0.038314
90	0	0.029172
90	0.1	0.020931
90	0.2	0.017561
90	0.3	0.015351
90	0.4	0.015339
90	0.5	0.01759
90	0.6	0.023496
90	0.7	0.026505
90	0.8	0.032439
90	0.9	0.037744
90	1	0.040677
90	1.1	0.043254
90	1.2	0.044394
90	1.3	0.043532
90	1.4	0.042438
90	1.5	0.03976
90	1.6	0.038478
90	1.7	0.035524
90	1.8	0.032383
90	1.9	0.030677
90	2	0.030038
90	2.1	0.02958
90	2.2	0.02921
90	2.3	0.028718
90	2.4	0.027764
90	2.5	0.027068
90	2.6	0.024345
90	2.7	0.022883
90	2.8	0.02119
90	2.9	0.019756
90	3	0.018652
90	3.1	0.016312
90	3.2	0.015258
90	3.3	0.013941
90	3.4	0.01263
90	3.5	0.011091
90	3.6	0.010989
90	3.7	0.010713
90	3.8	0.010552
90	3.9	0.010013
90	4	0.0091778
100	-4	0.0062847
100	-3.9	0.0069398
100	-3.8	0.0087635
100	-3.7	0.0097449
100	-3.6	0.010703
100	-3.5	0.010906
100	-3.4	0.0091708
100	-3.3	0.0077349
100	-3.2	0.0069141
100	-3.1	0.007762
100	-3	0.0090323
100	-2.9	0.0098127
100	-2.8	0.0096583
100	-2.7	0.0088259
100	-2.6	0.010448
100	-2.5	0.013138
100	-2.4	0.018226
100	-2.3	0.0256
100	-2.2	0.027531
100	-2.1	0.030616
100	-2	0.03159
100	-1.9	0.032777
100	-1.8	0.035936
100	-1.7	0.038702
100	-1.6	0.042989
100	-1.5	0.044727
100	-1.4	0.04497
100	-1.3	0.04028
100	-1.2	0.03536
100	-1.1	0.029536
100	-1	0.029233
100	-0.9	0.034457
100	-0.8	0.044365
100	-0.7	0.050985
100	-0.6	0.058203
100	-0.5	0.06063
100	-0.4	0.05974
100	-0.3	0.054601
100	-0.2	0.045908
100	-0.1	0.035302
100	0	0.029411
100	0.1	0.022762
100	0.2	0.017804
100	0.3	0.015769
100	0.4	0.015971
100	0.5	0.016709
100	0.6	0.02115
100	0.7	0.024348
100	0.8	0.029309
100	0.9	0.03469
100	1	0.037522
100	1.1	0.041202
100	1.2	0.043385
100	1.3	0.044053
100	1.4	0.043277
100	1.5	0.041498
100	1.6	0.039418
100	1.7	0.036346
100	1.8	0.03334
100	1.9	0.032332
100	2	0.032156
100	2.1	0.032048
100	2.2	0.031733
100	2.3	0.030764
100	2.4	0.028889
100	2.5	0.027364
100	2.6	0.024727
100	2.7	0.022138
100	2.8	0.021307
100	2.9	0.02105
100	3	0.019912
100	3.1	0.018065
100	3.2	0.016553
100	3.3	0.014773
100	3.4	0.012191
100	3.5	0.010792
100	3.6	0.0099354
100	3.7	0.010189
100	3.8	0.010863
100	3.9	0.01082
100	4	0.010274
110	-4	0.0074083
110	-3.9	0.0065492
110	-3.8	0.0077119
110	-3.7	0.010178
110	-3.6	0.011491
110	-3.5	0.011465
110	-3.4	0.0095269
110	-3.3	0.007404
110	-3.2	0.0063944
110	-3.1	0.0076064
110	-3	0.010827
110	-2.9	0.011967
110	-2.8	0.01199
110	-2.7	0.0097714
110	-2.6	0.0088643
110	-2.5	0.013208
110	-2.4	0.017494
110	-2.3	0.02362
110	-2.2	0.02845
110	-2.1	0.031966
110	-2	0.032777
110	-1.9	0.031894
110	-1.8	0.031827
110	-1.7	0.032577
110	-1.6	0.035004
110	-1.5	0.0398
110	-1.4	0.041479
110	-1.3	0.040114
110	-1.2	0.032694
110	-1.1	0.029758
110	-1	0.027109
110	-0.9	0.033229
110	-0.8	0.04138
110	-0.7	0.051751
110	-0.6	0.059647
110	-0.5	0.062508
110	-0.4	0.061996
110	-0.3	0.056358
110	-0.2	0.047542
110	-0.1	0.040159
110	0	0.026838
110	0.1	0.020105
110	0.2	0.015481
110	0.3	0.013835
110	0.4	0.014993
110	0.5	0.016996
110	0.6	0.01974
110	0.7	0.027597
110	0.8	0.032729
110	0.9	0.039595
110	1	0.043745
110	1.1	0.045814
110	1.2	0.046285
110	1.3	0.044571
110	1.4	0.042878
110	1.5	0.040128
110	1.6	0.038166
110	1.7	0.036614
110	1.8	0.034586
110	1.9	0.033686
110	2	0.03187
110	2.1	0.03057
110	2.2	0.029002
110	2.3	0.027829
110	2.4	0.027344
110	2.5	0.026726
110	2.6	0.025741
110	2.7	0.023555
110	2.8	0.022521
110	2.9	0.019757
110	3	0.019119
110	3.1	0.0173
110	3.2	0.015885
110	3.3	0.014761
110	3.4	0.013571
110	3.5	0.012416
110	3.6	0.010285
110	3.7	0.0093246
110	3.8	0.0095404
110	3.9	0.010382
110	4	0.010987
120	-4	0.0084384
120	-3.9	0.0079837
120	-3.8	0.0079736
120	-3.7	0.0086819
120	-3.6	0.010095
120	-3.5	0.010154
120	-3.4	0.0089279
120	-3.3	0.0077766
120	-3.2	0.00748
120	-3.1	0.0084019
120	-3	0.010238
120	-2.9	0.011302
120	-2.8	0.011503
120	-2.7	0.010515
120	-2.6	0.010135
120	-2.5	0.012894
120	-2.4	0.018026
120	-2.3	0.022986
120	-2.2	0.028118
120	-2.1	0.03125
120	-2	0.032144
120	-1.9	0.032039
120	-1.8	0.031859
120	-1.7	0.032426
120	-1.6	0.034252
120	-1.5	0.036003
120	-1.4	0.038261
120	-1.3	0.036807
120	-1.2	0.034951
120	-1.1	0.031088
120	-1	0.028172
120	-0.9	0.030402
120	-0.8	0.039132
120	-0.7	0.04604
120	-0.6	0.05266
120	-0.5	0.058494
120	-0.4	0.058888
120	-0.3	0.054392
120	-0.2	0.047719
120	-0.1	0.040239
120	0	0.030727
120	0.1	0.021546
120	0.2	0.01697
120	0.3	0.015292
120	0.4	0.014695
120	0.5	0.015458
120	0.6	0.020373
120	0.7	0.025957
120	0.8	0.03185
120	0.9	0.039086
120	1	0.042968
120	1.1	0.046629
120	1.2	0.048432
120	1.3	0.048566
120	1.4	0.047716
120	1.5	0.045079
120	1.6	0.043047
120	1.7	0.039471
120	1.8	0.035669
120	1.9	0.033146
120	2	0.031732
120	2.1	0.030523
120	2.2	0.030155
120	2.3	0.030412
120	2.4	0.029994
120	2.5	0.028425
120	2.6	0.023961
120	2.7	0.022194
120	2.8	0.020222
120	2.9	0.018403
120	3	0.017344
120	3.1	0.016625
120	3.2	0.015738
120	3.3	0.014389
120	3.4	0.012152
120	3.5	0.010148
120	3.6	0.0088424
120	3.7	0.0093816
120	3.8	0.010511
120	3.9	0.011147
120	4	0.01067
130	-4	0.0095455
130	-3.9	0.0076212
130	-3.8	0.0074886
130	-3.7	0.0085808
130	-3.6	0.011275
130	-3.5	0.011698
130	-3.4	0.01085
130	-3.3	0.0095438
130	-3.2	0.0077161
130	-3.1	0.0081994
130	-3	0.01086
130	-2.9	0.012488
130	-2.8	0.013939
130	-2.7	0.013361
130	-2.6	0.012342
130	-2.5	0.014442
130	-2.4	0.017701
130	-2.3	0.023108
130	-2.2	0.027837
130	-2.1	0.031981
130	-2	0.033984
130	-1.9	0.034726
130	-1.8	0.03419
130	-1.7	0.034542
130	-1.6	0.035207
130	-1.5	0.036446
130	-1.4	0.036664
130	-1.3	0.035718
130	-1.2	0.034017
130	-1.1	0.030245
130	-1	0.029362
130	-0.9	0.032945
130	-0.8	0.039595
130	-0.7	0.047159
130	-0.6	0.053804
130	-0.5	0.056798
130	-0.4	0.056494
130	-0.3	0.052148
130	-0.2	0.047505
130	-0.1	0.040488
130	0	0.030489
130	0.1	0.022962
130	0.2	0.017854
130	0.3	0.015815
130	0.4	0.014965
130	0.5	0.017399
130	0.6	0.020875
130	0.7	0.028458
130	0.8	0.035407
130	0.9	0.039892
130	1	0.04543
130	1.1	0.050081
130	1.2	0.051133
130	1.3	0.049974
130	1.4	0.049147
130	1.5	0.045329
130	1.6	0.042282
130	1.7	0.039065
130	1.8	0.037212
130	1.9	0.036531
130	2	0.03532
130	2.1	0.033587
130	2.2	0.031716
130	2.3	0.030812
130	2.4	0.028514
130	2.5	0.02664
130	2.6	0.024989
130	2.7	0.024049
130	2.8	0.02285
130	2.9	0.021332
130	3	0.019335
130	3.1	0.015592
130	3.2	0.013511
130	3.3	0.010781
130	3.4	0.010148
130	3.5	0.010053
130	3.6	0.010566
130	3.7	0.011351
130	3.8	0.010145
130	3.9	0.0095557
130	4	0.0071055
140	-4	0.0070277
140	-3.9	0.00703
140	-3.8	0.0086147
140	-3.7	0.010845
140	-3.6	0.011961
140	-3.5	0.011957
140	-3.4	0.010691
140	-3.3	0.0087984
140	-3.2	0.0072071
140	-3.1	0.0081262
140	-3	0.010138
140	-2.9	0.01254
140	-2.8	0.013594
140	-2.7	0.01368
140	-2.6	0.013513
140	-2.5	0.014171
140	-2.4	0.017601
140	-2.3	0.023311
140	-2.2	0.027522
140	-2.1	0.028634
140	-2	0.03034
140	-1.9	0.030823
140	-1.8	0.031822
140	-1.7	0.033831
140	-1.6	0.036217
140	-1.5	0.038308
140	-1.4	0.038153
140	-1.3	0.035179
140	-1.2	0.02998
140	-1.1	0.027845
140	-1	0.027284
140	-0.9	0.032626
140	-0.8	0.038267
140	-0.7	0.049572
140	-0.6	0.053255
140	-0.5	0.056549
140	-0.4	0.055105
140	-0.3	0.04954
140	-0.2	0.043476
140	-0.1	0.034846
140	0	0.027072
140	0.1	0.022901
140	0.2	0.018443
140	0.3	0.016767
140	0.4	0.017151
140	0.5	0.020684
140	0.6	0.026363
140	0.7	0.034616
140	0.8	0.038558
140	0.9	0.044972
140	1	0.047036
140	1.1	0.048601
140	1.2	0.048065
140	1.3	0.047458
140	1.4	0.045501
140	1.5	0.043243
140	1.6	0.041112
140	1.7	0.038385
140	1.8	0.037472
140	1.9	0.034743
140	2	0.033726
140	2.1	0.031982
140	2.2	0.030721
140	2.3	0.030503
140	2.4	0.029688
140	2.5	0.027276
140	2.6	0.025781
140	2.7	0.024027
140	2.8	0.021642
140	2.9	0.018617
140	3	0.016608
140	3.1	0.01568
140	3.2	0.015265
140	3.3	0.014796
140	3.4	0.013546
140	3.5	0.011601
140	3.6	0.010905
140	3.7	0.0096113
140	3.8	0.0088752
140	3.9	0.0086465
140	4	0.0085978
150	-4	0.0075359
150	-3.9	0.0091619
150	-3.8	0.0097846
150	-3.7	0.01061
150	-3.6	0.010786
150	-3.5	0.0091655
150	-3.4	0.0081202
150	-3.3	0.0075787
150	-3.2	0.0090519
150	-3.1	0.010685
150	-3	0.012012
150	-2.9	0.012055
150	-2.8	0.011661
150	-2.7	0.011161
150	-2.6	0.012074
150	-2.5	0.016209
150	-2.4	0.022202
150	-2.3	0.026257
150	-2.2	0.02985
150	-2.1	0.031267
150	-2	0.030945
150	-1.9	0.030046
150	-1.8	0.0305
150	-1.7	0.031338
150	-1.6	0.033039
150	-1.5	0.034951
150	-1.4	0.035343
150	-1.3	0.032021
150	-1.2	0.029223
150	-1.1	0.027461
150	-1	0.028418
150	-0.9	0.034382
150	-0.8	0.041392
150	-0.7	0.047452
150	-0.6	0.051916
150	-0.5	0.054922
150	-0.4	0.053667
150	-0.3	0.049472
150	-0.2	0.043635
150	-0.1	0.03573
150	0	0.027633
150	0.1	0.023551
150	0.2	0.020053
150	0.3	0.018115
150	0.4	0.018593
150	0.5	0.021039
150	0.6	0.027301
150	0.7	0.030988
150	0.8	0.038127
150	0.9	0.041431
150	1	0.047074
150	1.1	0.04924
150	1.2	0.050452
150	1.3	0.050682
150	1.4	0.049579
150	1.5	0.0479
150	1.6	0.044071
150	1.7	0.040426
150	1.8	0.038077
150	1.9	0.036024
150	2	0.034128
150	2.1	0.033914
150	2.2	0.034274
150	2.3	0.034147
150	2.4	0.032887
150	2.5	0.030951
150	2.6	0.028595
150	2.7	0.025584
150	2.8	0.023355
150	2.9	0.020709
150	3	0.018351
150	3.1	0.01676
150	3.2	0.015394
150	3.3	0.014407
150	3.4	0.013114
150	3.5	0.012252
150	3.6	0.01212
150	3.7	0.011823
150	3.8	0.010528
150	3.9	0.010116
150	4	0.0092322
160	-4	0.008446
160	-3.9	0.0090358
160	-3.8	0.0096549
160	-3.7	0.010134
160	-3.6	0.0099175
160	-3.5	0.0091531
160	-3.4	0.0083401
160	-3.3	0.0083865
160	-3.2	0.0092235
160	-3.1	0.010621
160	-3	0.012005
160	-2.9	0.012171
160	-2.8	0.012235
160	-2.7	0.012743
160	-2.6	0.015059
160	-2.5	0.017491
160	-2.4	0.022014
160	-2.3	0.025484
160	-2.2	0.027809
160	-2.1	0.028591
160	-2	0.029846
160	-1.9	0.030166
160	-1.8	0.030629
160	-1.7	0.031817
160	-1.6	0.032897
160	-1.5	0.034027
160	-1.4	0.033539
160	-1.3	0.030474
160	-1.2	0.02819
160	-1.1	0.02615
160	-1	0.028591
160	-0.9	0.034324
160	-0.8	0.042646
160	-0.7	0.050475
160	-0.6	0.052768
160	-0.5	0.055822
160	-0.4	0.054208
160	-0.3	0.048705
160	-0.2	0.041189
160	-0.1	0.036386
160	0	0.028307
160	0.1	0.01981
160	0.2	0.018324
160	0.3	0.016467
160	0.4	0.016916
160	0.5	0.019544
160	0.6	0.024661
160	0.7	0.032094
160	0.8	0.039439
160	0.9	0.044976
160	1	0.048905
160	1.1	0.052034
160	1.2	0.053513
160	1.3	0.053185
160	1.4	0.052146
160	1.5	0.049364
160	1.6	0.044823
160	1.7	0.041727
160	1.8	0.039696
160	1.9	0.036439
160	2	0.035661
160	2.1	0.034425
160	2.2	0.033787
160	2.3	0.032752
160	2.4	0.030927
160	2.5	0.028386
160	2.6	0.026063
160	2.7	0.022899
160	2.8	0.022248
160	2.9	0.020754
160	3	0.018175
160	3.1	0.017313
160	3.2	0.015746
160	3.3	0.013118
160	3.4	0.011604
160	3.5	0.01
160	3.6	0.0094519
160	3.7	0.0098914
160	3.8	0.010314
160	3.9	0.0099857
160	4	0.0099322
170	-4	0.0071756
170	-3.9	0.007583
170	-3.8	0.0085298
170	-3.7	0.0099322
170	-3.6	0.010268
170	-3.5	0.0095793
170	-3.4	0.0079166
170	-3.3	0.0072362
170	-3.2	0.0079289
170	-3.1	0.0096867
170	-3	0.011366
170	-2.9	0.0118
170	-2.8	0.012075
170	-2.7	0.012266
170	-2.6	0.013208
170	-2.5	0.016231
170	-2.4	0.019322
170	-2.3	0.022659
170	-2.2	0.026052
170	-2.1	0.027324
170	-2	0.027528
170	-1.9	0.027393
170	-1.8	0.027803
170	-1.7	0.02894
170	-1.6	0.031533
170	-1.5	0.032732
170	-1.4	0.032325
170	-1.3	0.029734
170	-1.2	0.027183
170	-1.1	0.026849
170	-1	0.030151
170	-0.9	0.035227
170	-0.8	0.047142
170	-0.7	0.051923
170	-0.6	0.056317
170	-0.5	0.058169
170	-0.4	0.054282
170	-0.3	0.050029
170	-0.2	0.040459
170	-0.1	0.031693
170	0	0.022605
170	0.1	0.01926
170	0.2	0.015876
170	0.3	0.015834
170	0.4	0.016992
170	0.5	0.020532
170	0.6	0.027048
170	0.7	0.03766
170	0.8	0.043988
170	0.9	0.048713
170	1	0.05344
170	1.1	0.055
170	1.2	0.053995
170	1.3	0.052824
170	1.4	0.049946
170	1.5	0.045306
170	1.6	0.041993
170	1.7	0.039569
170	1.8	0.037917
170	1.9	0.036516
170	2	0.035533
170	2.1	0.034708
170	2.2	0.034293
170	2.3	0.032689
170	2.4	0.029622
170	2.5	0.027777
170	2.6	0.025786
170	2.7	0.02467
170	2.8	0.023668
170	2.9	0.022475
170	3	0.020048
170	3.1	0.018615
170	3.2	0.017988
170	3.3	0.015799
170	3.4	0.01301
170	3.5	0.012447
170	3.6	0.01234
170	3.7	0.012832
170	3.8	0.012303
170	3.9	0.011875
170	4	0.01173
180	-4	0.0071531
180	-3.9	0.0082818
180	-3.8	0.0087911
180	-3.7	0.0085959
180	-3.6	0.0082053
180	-3.5	0.0075616
180	-3.4	0.0076043
180	-3.3	0.0088333
180	-3.2	0.010807
180	-3.1	0.012282
180	-3	0.012416
180	-2.9	0.011762
180	-2.8	0.01066
180	-2.7	0.011252
180	-2.6	0.015024
180	-2.5	0.017917
180	-2.4	0.022801
180	-2.3	0.025053
180	-2.2	0.026671
180	-2.1	0.026676
180	-2	0.026279
180	-1.9	0.026205
180	-1.8	0.028072
180	-1.7	0.030028
180	-1.6	0.031736
180	-1.5	0.031723
180	-1.4	0.029858
180	-1.3	0.026413
180	-1.2	0.023778
180	-1.1	0.026276
180	-1	0.031128
180	-0.9	0.03769
180	-0.8	0.046492
180	-0.7	0.051874
180	-0.6	0.054766
180	-0.5	0.054205
180	-0.4	0.050149
180	-0.3	0.042916
180	-0.2	0.035923
180	-0.1	0.028783
180	0	0.021363
180	0.1	0.017259
180	0.2	0.016648
180	0.3	0.017196
180	0.4	0.019971
180	0.5	0.024989
180	0.6	0.030134
180	0.7	0.03892
180	0.8	0.04396
180	0.9	0.048168
180	1	0.051602
180	1.1	0.052583
180	1.2	0.051889
180	1.3	0.050722
180	1.4	0.047071
180	1.5	0.044253
180	1.6	0.039758
180	1.7	0.037443
180	1.8	0.03559
180	1.9	0.034909
180	2	0.034288
180	2.1	0.034132
180	2.2	0.033657
180	2.3	0.032646
180	2.4	0.029709
180	2.5	0.026228
180	2.6	0.02474
180	2.7	0.022023
180	2.8	0.021485
180	2.9	0.018977
180	3	0.01805
180	3.1	0.016682
180	3.2	0.015642
180	3.3	0.013103
180	3.4	0.01178
180	3.5	0.010254
180	3.6	0.0097133
180	3.7	0.0089243
180	3.8	0.0087098
180	3.9	0.0082993
180	4	0.0082329
 
Uniformity Ratio =0.83888
