14-Dec-2017
10:40
TXR  007958 RM428 R24
33511B Function Generator
SN =Agilent Technologies,33511B,MY52301476,3.05-1.19-2.00-52-00
freq =+9.240000000000000E+06
burstmode =TRIG
burstN =+6.000000000000000E+01
voltage =+1.5000000000000E-01
 
DSO-X 2022A Oscilloscope
SN =AGILENT TECHNOLOGIES,DSO-X 2022A,MY54310921,02.41.2015102200
probe =+1.0000000E+00
scale =+500.0E-09
position =+19.900000E-06
range =+1.60E+00
units =VOLT
points =+2000
pointmode =NORM
format =BYTE
acqtype =NORM
trigsource =EXT
coupling =AC
 
-180	-4	0.009116
-180	-3.9	0.011605
-180	-3.8	0.011916
-180	-3.7	0.011389
-180	-3.6	0.0094724
-180	-3.5	0.0074388
-180	-3.4	0.0061259
-180	-3.3	0.0089784
-180	-3.2	0.011632
-180	-3.1	0.012252
-180	-3	0.012366
-180	-2.9	0.0092898
-180	-2.8	0.0086931
-180	-2.7	0.011845
-180	-2.6	0.019105
-180	-2.5	0.026281
-180	-2.4	0.029857
-180	-2.3	0.034483
-180	-2.2	0.034549
-180	-2.1	0.033105
-180	-2	0.031696
-180	-1.9	0.032554
-180	-1.8	0.033722
-180	-1.7	0.036441
-180	-1.6	0.036283
-180	-1.5	0.033816
-180	-1.4	0.028457
-180	-1.3	0.024685
-180	-1.2	0.025128
-180	-1.1	0.030739
-180	-1	0.040072
-180	-0.9	0.049774
-180	-0.8	0.054552
-180	-0.7	0.058607
-180	-0.6	0.056505
-180	-0.5	0.051356
-180	-0.4	0.045336
-180	-0.3	0.035356
-180	-0.2	0.026214
-180	-0.1	0.018374
-180	0	0.014732
-180	0.1	0.013614
-180	0.2	0.013911
-180	0.3	0.017608
-180	0.4	0.021518
-180	0.5	0.029539
-180	0.6	0.03732
-180	0.7	0.04503
-180	0.8	0.049793
-180	0.9	0.051808
-180	1	0.051293
-180	1.1	0.049843
-180	1.2	0.045553
-180	1.3	0.042962
-180	1.4	0.039957
-180	1.5	0.037583
-180	1.6	0.036622
-180	1.7	0.035687
-180	1.8	0.034262
-180	1.9	0.032908
-180	2	0.032169
-180	2.1	0.03141
-180	2.2	0.030121
-180	2.3	0.028915
-180	2.4	0.02703
-180	2.5	0.024989
-180	2.6	0.022441
-180	2.7	0.019438
-180	2.8	0.016625
-180	2.9	0.014067
-180	3	0.011919
-180	3.1	0.0097067
-180	3.2	0.0088825
-180	3.3	0.0081619
-180	3.4	0.0080301
-180	3.5	0.0079023
-180	3.6	0.0070986
-180	3.7	0.0068129
-180	3.8	0.0071531
-180	3.9	0.0074908
-180	4	0.0084671
-170	-4	0.0089982
-170	-3.9	0.010162
-170	-3.8	0.011415
-170	-3.7	0.010772
-170	-3.6	0.0099598
-170	-3.5	0.009043
-170	-3.4	0.0087598
-170	-3.3	0.0096583
-170	-3.2	0.010526
-170	-3.1	0.010781
-170	-3	0.010613
-170	-2.9	0.011361
-170	-2.8	0.012991
-170	-2.7	0.016779
-170	-2.6	0.019843
-170	-2.5	0.024979
-170	-2.4	0.027941
-170	-2.3	0.030774
-170	-2.2	0.031361
-170	-2.1	0.032611
-170	-2	0.034351
-170	-1.9	0.036134
-170	-1.8	0.040028
-170	-1.7	0.040846
-170	-1.6	0.037872
-170	-1.5	0.034003
-170	-1.4	0.026614
-170	-1.3	0.023551
-170	-1.2	0.025445
-170	-1.1	0.036863
-170	-1	0.045733
-170	-0.9	0.057103
-170	-0.8	0.064003
-170	-0.7	0.066064
-170	-0.6	0.062584
-170	-0.5	0.056436
-170	-0.4	0.042909
-170	-0.3	0.035739
-170	-0.2	0.026135
-170	-0.1	0.016826
-170	0	0.013711
-170	0.1	0.013923
-170	0.2	0.014442
-170	0.3	0.017015
-170	0.4	0.023087
-170	0.5	0.031046
-170	0.6	0.040824
-170	0.7	0.046874
-170	0.8	0.054613
-170	0.9	0.055476
-170	1	0.05458
-170	1.1	0.052403
-170	1.2	0.046212
-170	1.3	0.043124
-170	1.4	0.040009
-170	1.5	0.037752
-170	1.6	0.036868
-170	1.7	0.036514
-170	1.8	0.035306
-170	1.9	0.03498
-170	2	0.034292
-170	2.1	0.032588
-170	2.2	0.031257
-170	2.3	0.029228
-170	2.4	0.026465
-170	2.5	0.024752
-170	2.6	0.023198
-170	2.7	0.01975
-170	2.8	0.018259
-170	2.9	0.016464
-170	3	0.012854
-170	3.1	0.012361
-170	3.2	0.011226
-170	3.3	0.011326
-170	3.4	0.011321
-170	3.5	0.011105
-170	3.6	0.010284
-170	3.7	0.00944
-170	3.8	0.0092375
-170	3.9	0.0094861
-170	4	0.010367
-160	-4	0.009862
-160	-3.9	0.012152
-160	-3.8	0.012948
-160	-3.7	0.012737
-160	-3.6	0.010847
-160	-3.5	0.0092217
-160	-3.4	0.008146
-160	-3.3	0.0081619
-160	-3.2	0.010122
-160	-3.1	0.011157
-160	-3	0.011992
-160	-2.9	0.011441
-160	-2.8	0.012
-160	-2.7	0.014602
-160	-2.6	0.018243
-160	-2.5	0.023638
-160	-2.4	0.029947
-160	-2.3	0.032546
-160	-2.2	0.033974
-160	-2.1	0.034801
-160	-2	0.035422
-160	-1.9	0.03783
-160	-1.8	0.040083
-160	-1.7	0.039832
-160	-1.6	0.037718
-160	-1.5	0.032963
-160	-1.4	0.025729
-160	-1.3	0.025722
-160	-1.2	0.02823
-160	-1.1	0.037267
-160	-1	0.047378
-160	-0.9	0.056763
-160	-0.8	0.06205
-160	-0.7	0.063297
-160	-0.6	0.060239
-160	-0.5	0.055575
-160	-0.4	0.046819
-160	-0.3	0.034455
-160	-0.2	0.024975
-160	-0.1	0.017486
-160	0	0.015873
-160	0.1	0.015901
-160	0.2	0.01812
-160	0.3	0.020446
-160	0.4	0.025425
-160	0.5	0.034012
-160	0.6	0.038124
-160	0.7	0.048167
-160	0.8	0.05189
-160	0.9	0.053419
-160	1	0.05316
-160	1.1	0.052023
-160	1.2	0.04811
-160	1.3	0.043952
-160	1.4	0.042093
-160	1.5	0.040096
-160	1.6	0.039392
-160	1.7	0.038618
-160	1.8	0.037957
-160	1.9	0.037236
-160	2	0.037034
-160	2.1	0.035224
-160	2.2	0.031754
-160	2.3	0.029968
-160	2.4	0.027108
-160	2.5	0.023354
-160	2.6	0.02193
-160	2.7	0.019217
-160	2.8	0.017541
-160	2.9	0.016145
-160	3	0.014886
-160	3.1	0.011671
-160	3.2	0.01018
-160	3.3	0.0093384
-160	3.4	0.0088934
-160	3.5	0.0092933
-160	3.6	0.0096432
-160	3.7	0.0095962
-160	3.8	0.0090947
-160	3.9	0.0096583
-160	4	0.0085695
-150	-4	0.010097
-150	-3.9	0.01083
-150	-3.8	0.011548
-150	-3.7	0.011341
-150	-3.6	0.010899
-150	-3.5	0.011121
-150	-3.4	0.011817
-150	-3.3	0.011874
-150	-3.2	0.011603
-150	-3.1	0.010221
-150	-3	0.0084096
-150	-2.9	0.0095523
-150	-2.8	0.013675
-150	-2.7	0.0179
-150	-2.6	0.024528
-150	-2.5	0.028484
-150	-2.4	0.030798
-150	-2.3	0.031225
-150	-2.2	0.030934
-150	-2.1	0.03191
-150	-2	0.033834
-150	-1.9	0.037494
-150	-1.8	0.041663
-150	-1.7	0.04199
-150	-1.6	0.037524
-150	-1.5	0.033772
-150	-1.4	0.026083
-150	-1.3	0.026141
-150	-1.2	0.031899
-150	-1.1	0.041306
-150	-1	0.049419
-150	-0.9	0.061614
-150	-0.8	0.06744
-150	-0.7	0.067179
-150	-0.6	0.062887
-150	-0.5	0.05477
-150	-0.4	0.045658
-150	-0.3	0.035094
-150	-0.2	0.024899
-150	-0.1	0.020311
-150	0	0.017719
-150	0.1	0.016704
-150	0.2	0.017583
-150	0.3	0.022055
-150	0.4	0.026309
-150	0.5	0.034226
-150	0.6	0.039532
-150	0.7	0.046886
-150	0.8	0.050165
-150	0.9	0.050275
-150	1	0.049454
-150	1.1	0.046638
-150	1.2	0.043751
-150	1.3	0.042066
-150	1.4	0.041133
-150	1.5	0.041237
-150	1.6	0.041469
-150	1.7	0.040615
-150	1.8	0.038087
-150	1.9	0.036005
-150	2	0.035219
-150	2.1	0.033972
-150	2.2	0.032713
-150	2.3	0.030658
-150	2.4	0.02895
-150	2.5	0.027479
-150	2.6	0.024402
-150	2.7	0.020084
-150	2.8	0.016674
-150	2.9	0.015088
-150	3	0.012933
-150	3.1	0.011685
-150	3.2	0.0095928
-150	3.3	0.0087874
-150	3.4	0.0084441
-150	3.5	0.010015
-150	3.6	0.010754
-150	3.7	0.010489
-150	3.8	0.010188
-150	3.9	0.0095354
-150	4	0.0087505
-140	-4	0.013001
-140	-3.9	0.014628
-140	-3.8	0.01471
-140	-3.7	0.01285
-140	-3.6	0.011723
-140	-3.5	0.0084861
-140	-3.4	0.008857
-140	-3.3	0.0094502
-140	-3.2	0.011427
-140	-3.1	0.012387
-140	-3	0.01232
-140	-2.9	0.011217
-140	-2.8	0.011905
-140	-2.7	0.015424
-140	-2.6	0.020721
-140	-2.5	0.028342
-140	-2.4	0.030735
-140	-2.3	0.03277
-140	-2.2	0.033179
-140	-2.1	0.033255
-140	-2	0.034791
-140	-1.9	0.03655
-140	-1.8	0.039351
-140	-1.7	0.039566
-140	-1.6	0.036679
-140	-1.5	0.031559
-140	-1.4	0.028496
-140	-1.3	0.027122
-140	-1.2	0.032384
-140	-1.1	0.042856
-140	-1	0.050765
-140	-0.9	0.060818
-140	-0.8	0.065831
-140	-0.7	0.066603
-140	-0.6	0.063562
-140	-0.5	0.056982
-140	-0.4	0.046478
-140	-0.3	0.035473
-140	-0.2	0.027096
-140	-0.1	0.021216
-140	0	0.017034
-140	0.1	0.016192
-140	0.2	0.017392
-140	0.3	0.020948
-140	0.4	0.02816
-140	0.5	0.035237
-140	0.6	0.042616
-140	0.7	0.04736
-140	0.8	0.050144
-140	0.9	0.050834
-140	1	0.049736
-140	1.1	0.047468
-140	1.2	0.045354
-140	1.3	0.042559
-140	1.4	0.040805
-140	1.5	0.039664
-140	1.6	0.039012
-140	1.7	0.037786
-140	1.8	0.036695
-140	1.9	0.035537
-140	2	0.03474
-140	2.1	0.032478
-140	2.2	0.030511
-140	2.3	0.028475
-140	2.4	0.02677
-140	2.5	0.024179
-140	2.6	0.021212
-140	2.7	0.019877
-140	2.8	0.017964
-140	2.9	0.016365
-140	3	0.014545
-140	3.1	0.012024
-140	3.2	0.010707
-140	3.3	0.0095337
-140	3.4	0.0094451
-140	3.5	0.0098767
-140	3.6	0.0094776
-140	3.7	0.0094724
-140	3.8	0.010141
-140	3.9	0.010654
-140	4	0.0093471
-130	-4	0.011139
-130	-3.9	0.011806
-130	-3.8	0.011622
-130	-3.7	0.010454
-130	-3.6	0.0098094
-130	-3.5	0.0097067
-130	-3.4	0.01121
-130	-3.3	0.012257
-130	-3.2	0.012845
-130	-3.1	0.011682
-130	-3	0.0099987
-130	-2.9	0.0097549
-130	-2.8	0.01345
-130	-2.7	0.019759
-130	-2.6	0.02346
-130	-2.5	0.027905
-130	-2.4	0.02932
-130	-2.3	0.030531
-130	-2.2	0.031942
-130	-2.1	0.03406
-130	-2	0.036993
-130	-1.9	0.03971
-130	-1.8	0.041397
-130	-1.7	0.03901
-130	-1.6	0.036124
-130	-1.5	0.032554
-130	-1.4	0.026123
-130	-1.3	0.025763
-130	-1.2	0.031875
-130	-1.1	0.042714
-130	-1	0.054163
-130	-0.9	0.062194
-130	-0.8	0.064433
-130	-0.7	0.064688
-130	-0.6	0.060951
-130	-0.5	0.052804
-130	-0.4	0.042291
-130	-0.3	0.03405
-130	-0.2	0.025532
-130	-0.1	0.021588
-130	0	0.018911
-130	0.1	0.017978
-130	0.2	0.018871
-130	0.3	0.022963
-130	0.4	0.02818
-130	0.5	0.034093
-130	0.6	0.041339
-130	0.7	0.046081
-130	0.8	0.048411
-130	0.9	0.04876
-130	1	0.047242
-130	1.1	0.045351
-130	1.2	0.042276
-130	1.3	0.039673
-130	1.4	0.038713
-130	1.5	0.038567
-130	1.6	0.038514
-130	1.7	0.037888
-130	1.8	0.036876
-130	1.9	0.036245
-130	2	0.035205
-130	2.1	0.034576
-130	2.2	0.03256
-130	2.3	0.031343
-130	2.4	0.028412
-130	2.5	0.02586
-130	2.6	0.022875
-130	2.7	0.01952
-130	2.8	0.015834
-130	2.9	0.014519
-130	3	0.013161
-130	3.1	0.012366
-130	3.2	0.012202
-130	3.3	0.011388
-130	3.4	0.010899
-130	3.5	0.010007
-130	3.6	0.0093592
-130	3.7	0.0092829
-130	3.8	0.010015
-130	3.9	0.010894
-130	4	0.011106
-120	-4	0.012628
-120	-3.9	0.013877
-120	-3.8	0.013145
-120	-3.7	0.011555
-120	-3.6	0.0097515
-120	-3.5	0.0089478
-120	-3.4	0.011232
-120	-3.3	0.012371
-120	-3.2	0.01351
-120	-3.1	0.012273
-120	-3	0.010896
-120	-2.9	0.00922
-120	-2.8	0.011266
-120	-2.7	0.01876
-120	-2.6	0.024085
-120	-2.5	0.030069
-120	-2.4	0.032751
-120	-2.3	0.03327
-120	-2.2	0.033385
-120	-2.1	0.033996
-120	-2	0.036208
-120	-1.9	0.038819
-120	-1.8	0.041314
-120	-1.7	0.04171
-120	-1.6	0.037886
-120	-1.5	0.030802
-120	-1.4	0.027553
-120	-1.3	0.028262
-120	-1.2	0.032695
-120	-1.1	0.043927
-120	-1	0.053413
-120	-0.9	0.061715
-120	-0.8	0.065427
-120	-0.7	0.063613
-120	-0.6	0.060943
-120	-0.5	0.050629
-120	-0.4	0.042729
-120	-0.3	0.033649
-120	-0.2	0.027654
-120	-0.1	0.021758
-120	0	0.018172
-120	0.1	0.016756
-120	0.2	0.018172
-120	0.3	0.022568
-120	0.4	0.027423
-120	0.5	0.033313
-120	0.6	0.040513
-120	0.7	0.042987
-120	0.8	0.043512
-120	0.9	0.042836
-120	1	0.041021
-120	1.1	0.039758
-120	1.2	0.03857
-120	1.3	0.037943
-120	1.4	0.0382
-120	1.5	0.038424
-120	1.6	0.037645
-120	1.7	0.03603
-120	1.8	0.034316
-120	1.9	0.033904
-120	2	0.033083
-120	2.1	0.031748
-120	2.2	0.030464
-120	2.3	0.029178
-120	2.4	0.026634
-120	2.5	0.023245
-120	2.6	0.019903
-120	2.7	0.016576
-120	2.8	0.015582
-120	2.9	0.013984
-120	3	0.01255
-120	3.1	0.011246
-120	3.2	0.010178
-120	3.3	0.0091655
-120	3.4	0.0084134
-120	3.5	0.0084804
-120	3.6	0.0079574
-120	3.7	0.0078387
-120	3.8	0.008152
-120	3.9	0.0075702
-120	4	0.0071485
-110	-4	0.012107
-110	-3.9	0.012798
-110	-3.8	0.012455
-110	-3.7	0.010491
-110	-3.6	0.009416
-110	-3.5	0.0080523
-110	-3.4	0.0089838
-110	-3.3	0.0098143
-110	-3.2	0.010774
-110	-3.1	0.010326
-110	-3	0.0094108
-110	-2.9	0.0099468
-110	-2.8	0.013828
-110	-2.7	0.018847
-110	-2.6	0.02356
-110	-2.5	0.028317
-110	-2.4	0.030417
-110	-2.3	0.033013
-110	-2.2	0.0333
-110	-2.1	0.034768
-110	-2	0.036672
-110	-1.9	0.038282
-110	-1.8	0.039286
-110	-1.7	0.036824
-110	-1.6	0.03222
-110	-1.5	0.026835
-110	-1.4	0.023695
-110	-1.3	0.027443
-110	-1.2	0.033729
-110	-1.1	0.04401
-110	-1	0.05645
-110	-0.9	0.062125
-110	-0.8	0.06531
-110	-0.7	0.063899
-110	-0.6	0.056721
-110	-0.5	0.048555
-110	-0.4	0.038728
-110	-0.3	0.033577
-110	-0.2	0.023803
-110	-0.1	0.019654
-110	0	0.016477
-110	0.1	0.015976
-110	0.2	0.018153
-110	0.3	0.022224
-110	0.4	0.027547
-110	0.5	0.0315
-110	0.6	0.037846
-110	0.7	0.041383
-110	0.8	0.043477
-110	0.9	0.043841
-110	1	0.043091
-110	1.1	0.041634
-110	1.2	0.03886
-110	1.3	0.037909
-110	1.4	0.036353
-110	1.5	0.035163
-110	1.6	0.033916
-110	1.7	0.032755
-110	1.8	0.032594
-110	1.9	0.033217
-110	2	0.03316
-110	2.1	0.032444
-110	2.2	0.03098
-110	2.3	0.029122
-110	2.4	0.025634
-110	2.5	0.022301
-110	2.6	0.019981
-110	2.7	0.019193
-110	2.8	0.017728
-110	2.9	0.016543
-110	3	0.014574
-110	3.1	0.012625
-110	3.2	0.011363
-110	3.3	0.010638
-110	3.4	0.010392
-110	3.5	0.011091
-110	3.6	0.010482
-110	3.7	0.010768
-110	3.8	0.010543
-110	3.9	0.010232
-110	4	0.009248
-100	-4	0.013989
-100	-3.9	0.013698
-100	-3.8	0.012857
-100	-3.7	0.011665
-100	-3.6	0.010531
-100	-3.5	0.010571
-100	-3.4	0.011697
-100	-3.3	0.012289
-100	-3.2	0.011833
-100	-3.1	0.010381
-100	-3	0.010203
-100	-2.9	0.012722
-100	-2.8	0.017876
-100	-2.7	0.022706
-100	-2.6	0.027109
-100	-2.5	0.029524
-100	-2.4	0.032028
-100	-2.3	0.034114
-100	-2.2	0.036069
-100	-2.1	0.038714
-100	-2	0.040222
-100	-1.9	0.041004
-100	-1.8	0.040098
-100	-1.7	0.036985
-100	-1.6	0.032089
-100	-1.5	0.026503
-100	-1.4	0.024196
-100	-1.3	0.030728
-100	-1.2	0.035879
-100	-1.1	0.047514
-100	-1	0.052284
-100	-0.9	0.058571
-100	-0.8	0.060267
-100	-0.7	0.057953
-100	-0.6	0.055424
-100	-0.5	0.045708
-100	-0.4	0.039925
-100	-0.3	0.033812
-100	-0.2	0.026048
-100	-0.1	0.022641
-100	0	0.018983
-100	0.1	0.01783
-100	0.2	0.018581
-100	0.3	0.020137
-100	0.4	0.025353
-100	0.5	0.03031
-100	0.6	0.034252
-100	0.7	0.037507
-100	0.8	0.041634
-100	0.9	0.04231
-100	1	0.042493
-100	1.1	0.040978
-100	1.2	0.038214
-100	1.3	0.035973
-100	1.4	0.03424
-100	1.5	0.034358
-100	1.6	0.03415
-100	1.7	0.034391
-100	1.8	0.034618
-100	1.9	0.034706
-100	2	0.033027
-100	2.1	0.030192
-100	2.2	0.027861
-100	2.3	0.026189
-100	2.4	0.023457
-100	2.5	0.022184
-100	2.6	0.020194
-100	2.7	0.018238
-100	2.8	0.015873
-100	2.9	0.013643
-100	3	0.012156
-100	3.1	0.010146
-100	3.2	0.0098423
-100	3.3	0.010052
-100	3.4	0.010018
-100	3.5	0.0093885
-100	3.6	0.0090448
-100	3.7	0.0089007
-100	3.8	0.0094211
-100	3.9	0.010116
-100	4	0.010156
-90	-4	0.012083
-90	-3.9	0.013133
-90	-3.8	0.013243
-90	-3.7	0.012621
-90	-3.6	0.011235
-90	-3.5	0.0093919
-90	-3.4	0.0087727
-90	-3.3	0.0087782
-90	-3.2	0.0090751
-90	-3.1	0.0097233
-90	-3	0.010546
-90	-2.9	0.012442
-90	-2.8	0.015853
-90	-2.7	0.021008
-90	-2.6	0.026116
-90	-2.5	0.02909
-90	-2.4	0.031337
-90	-2.3	0.03231
-90	-2.2	0.033402
-90	-2.1	0.036206
-90	-2	0.037469
-90	-1.9	0.040315
-90	-1.8	0.040834
-90	-1.7	0.038403
-90	-1.6	0.031676
-90	-1.5	0.024173
-90	-1.4	0.0215
-90	-1.3	0.02472
-90	-1.2	0.032588
-90	-1.1	0.046108
-90	-1	0.052867
-90	-0.9	0.058974
-90	-0.8	0.060152
-90	-0.7	0.058468
-90	-0.6	0.053106
-90	-0.5	0.046112
-90	-0.4	0.038605
-90	-0.3	0.030765
-90	-0.2	0.021689
-90	-0.1	0.018646
-90	0	0.014582
-90	0.1	0.013314
-90	0.2	0.016645
-90	0.3	0.019481
-90	0.4	0.027425
-90	0.5	0.0313
-90	0.6	0.038663
-90	0.7	0.041591
-90	0.8	0.042999
-90	0.9	0.043072
-90	1	0.042325
-90	1.1	0.041435
-90	1.2	0.038274
-90	1.3	0.03598
-90	1.4	0.034535
-90	1.5	0.033998
-90	1.6	0.033384
-90	1.7	0.032075
-90	1.8	0.031477
-90	1.9	0.030703
-90	2	0.030126
-90	2.1	0.028276
-90	2.2	0.026301
-90	2.3	0.023597
-90	2.4	0.022285
-90	2.5	0.019818
-90	2.6	0.018054
-90	2.7	0.015793
-90	2.8	0.013346
-90	2.9	0.010781
-90	3	0.009816
-90	3.1	0.0069908
-90	3.2	0.0068436
-90	3.3	0.0074497
-90	3.4	0.0077994
-90	3.5	0.0080462
-90	3.6	0.0077119
-90	3.7	0.0076297
-90	3.8	0.0078613
-90	3.9	0.0076488
-90	4	0.0072807
-80	-4	0.013132
-80	-3.9	0.012928
-80	-3.8	0.011947
-80	-3.7	0.010641
-80	-3.6	0.010208
-80	-3.5	0.010417
-80	-3.4	0.011048
-80	-3.3	0.011373
-80	-3.2	0.011279
-80	-3.1	0.010509
-80	-3	0.010469
-80	-2.9	0.012901
-80	-2.8	0.018022
-80	-2.7	0.022118
-80	-2.6	0.027337
-80	-2.5	0.030837
-80	-2.4	0.034712
-80	-2.3	0.036694
-80	-2.2	0.039999
-80	-2.1	0.041046
-80	-2	0.042068
-80	-1.9	0.040791
-80	-1.8	0.038748
-80	-1.7	0.033651
-80	-1.6	0.027194
-80	-1.5	0.024099
-80	-1.4	0.02403
-80	-1.3	0.02975
-80	-1.2	0.037241
-80	-1.1	0.044722
-80	-1	0.051458
-80	-0.9	0.055222
-80	-0.8	0.054775
-80	-0.7	0.05144
-80	-0.6	0.044196
-80	-0.5	0.040362
-80	-0.4	0.033077
-80	-0.3	0.02947
-80	-0.2	0.024437
-80	-0.1	0.020966
-80	0	0.017541
-80	0.1	0.01689
-80	0.2	0.018422
-80	0.3	0.020571
-80	0.4	0.025715
-80	0.5	0.030939
-80	0.6	0.03511
-80	0.7	0.039508
-80	0.8	0.041721
-80	0.9	0.042962
-80	1	0.042121
-80	1.1	0.040552
-80	1.2	0.037146
-80	1.3	0.033995
-80	1.4	0.032593
-80	1.5	0.031878
-80	1.6	0.031697
-80	1.7	0.031975
-80	1.8	0.032418
-80	1.9	0.03226
-80	2	0.031642
-80	2.1	0.029335
-80	2.2	0.027004
-80	2.3	0.02446
-80	2.4	0.02231
-80	2.5	0.020827
-80	2.6	0.017798
-80	2.7	0.016646
-80	2.8	0.014702
-80	2.9	0.011978
-80	3	0.011321
-80	3.1	0.009255
-80	3.2	0.0084211
-80	3.3	0.0086912
-80	3.4	0.0085469
-80	3.5	0.0082896
-80	3.6	0.0078798
-80	3.7	0.0073952
-80	3.8	0.0080683
-80	3.9	0.0076
-80	4	0.0070872
-70	-4	0.01225
-70	-3.9	0.011879
-70	-3.8	0.0111
-70	-3.7	0.0095286
-70	-3.6	0.008654
-70	-3.5	0.0088039
-70	-3.4	0.0093781
-70	-3.3	0.0096884
-70	-3.2	0.0092916
-70	-3.1	0.0079105
-70	-3	0.0079574
-70	-2.9	0.013156
-70	-2.8	0.018704
-70	-2.7	0.024248
-70	-2.6	0.030233
-70	-2.5	0.032655
-70	-2.4	0.034452
-70	-2.3	0.034562
-70	-2.2	0.034634
-70	-2.1	0.035384
-70	-2	0.037674
-70	-1.9	0.038985
-70	-1.8	0.038999
-70	-1.7	0.03513
-70	-1.6	0.030383
-70	-1.5	0.02323
-70	-1.4	0.021005
-70	-1.3	0.023527
-70	-1.2	0.033873
-70	-1.1	0.043714
-70	-1	0.052454
-70	-0.9	0.057549
-70	-0.8	0.057592
-70	-0.7	0.05518
-70	-0.6	0.050556
-70	-0.5	0.041135
-70	-0.4	0.034012
-70	-0.3	0.025681
-70	-0.2	0.01908
-70	-0.1	0.016018
-70	0	0.012981
-70	0.1	0.01284
-70	0.2	0.01452
-70	0.3	0.02006
-70	0.4	0.024561
-70	0.5	0.031541
-70	0.6	0.038063
-70	0.7	0.040938
-70	0.8	0.043523
-70	0.9	0.044799
-70	1	0.044062
-70	1.1	0.040502
-70	1.2	0.037573
-70	1.3	0.033891
-70	1.4	0.031061
-70	1.5	0.028954
-70	1.6	0.028341
-70	1.7	0.028061
-70	1.8	0.02882
-70	1.9	0.029387
-70	2	0.028691
-70	2.1	0.026159
-70	2.2	0.024646
-70	2.3	0.023019
-70	2.4	0.020562
-70	2.5	0.019223
-70	2.6	0.017846
-70	2.7	0.015701
-70	2.8	0.014012
-70	2.9	0.011165
-70	3	0.009857
-70	3.1	0.0081202
-70	3.2	0.0082974
-70	3.3	0.0090394
-70	3.4	0.0097133
-70	3.5	0.0086109
-70	3.6	0.0082662
-70	3.7	0.0079756
-70	3.8	0.0082681
-70	3.9	0.0090215
-70	4	0.0092619
-60	-4	0.013707
-60	-3.9	0.012719
-60	-3.8	0.011005
-60	-3.7	0.0086109
-60	-3.6	0.0077014
-60	-3.5	0.0086128
-60	-3.4	0.011136
-60	-3.3	0.011011
-60	-3.2	0.0097664
-60	-3.1	0.0086875
-60	-3	0.0089007
-60	-2.9	0.013101
-60	-2.8	0.018455
-60	-2.7	0.02341
-60	-2.6	0.026178
-60	-2.5	0.028835
-60	-2.4	0.030631
-60	-2.3	0.0337
-60	-2.2	0.03618
-60	-2.1	0.04096
-60	-2	0.044123
-60	-1.9	0.045064
-60	-1.8	0.04133
-60	-1.7	0.036421
-60	-1.6	0.025805
-60	-1.5	0.019281
-60	-1.4	0.019484
-60	-1.3	0.027839
-60	-1.2	0.040395
-60	-1.1	0.048711
-60	-1	0.056478
-60	-0.9	0.059058
-60	-0.8	0.05762
-60	-0.7	0.050313
-60	-0.6	0.046206
-60	-0.5	0.035359
-60	-0.4	0.026852
-60	-0.3	0.020107
-60	-0.2	0.016747
-60	-0.1	0.015014
-60	0	0.013767
-60	0.1	0.014276
-60	0.2	0.018039
-60	0.3	0.0237
-60	0.4	0.028798
-60	0.5	0.035236
-60	0.6	0.040906
-60	0.7	0.044683
-60	0.8	0.046511
-60	0.9	0.046701
-60	1	0.044906
-60	1.1	0.043539
-60	1.2	0.039847
-60	1.3	0.037145
-60	1.4	0.035615
-60	1.5	0.03548
-60	1.6	0.034813
-60	1.7	0.034488
-60	1.8	0.03413
-60	1.9	0.033831
-60	2	0.03217
-60	2.1	0.029586
-60	2.2	0.027518
-60	2.3	0.024284
-60	2.4	0.022184
-60	2.5	0.019348
-60	2.6	0.01644
-60	2.7	0.015113
-60	2.8	0.012779
-60	2.9	0.010426
-60	3	0.0088515
-60	3.1	0.0080322
-60	3.2	0.0081003
-60	3.3	0.0084192
-60	3.4	0.0083168
-60	3.5	0.0073909
-60	3.6	0.0066374
-60	3.7	0.0063436
-60	3.8	0.0074908
-60	3.9	0.0078407
-60	4	0.0079411
-50	-4	0.012027
-50	-3.9	0.011534
-50	-3.8	0.010721
-50	-3.7	0.0099452
-50	-3.6	0.008667
-50	-3.5	0.0084269
-50	-3.4	0.0093072
-50	-3.3	0.0094383
-50	-3.2	0.0094844
-50	-3.1	0.0084804
-50	-3	0.008344
-50	-2.9	0.014357
-50	-2.8	0.017656
-50	-2.7	0.023291
-50	-2.6	0.028013
-50	-2.5	0.031175
-50	-2.4	0.034066
-50	-2.3	0.035737
-50	-2.2	0.037274
-50	-2.1	0.039356
-50	-2	0.040148
-50	-1.9	0.04024
-50	-1.8	0.037392
-50	-1.7	0.031362
-50	-1.6	0.025083
-50	-1.5	0.019555
-50	-1.4	0.019857
-50	-1.3	0.026445
-50	-1.2	0.034483
-50	-1.1	0.044013
-50	-1	0.056097
-50	-0.9	0.058002
-50	-0.8	0.054998
-50	-0.7	0.051783
-50	-0.6	0.042369
-50	-0.5	0.033113
-50	-0.4	0.023712
-50	-0.3	0.018573
-50	-0.2	0.015035
-50	-0.1	0.012782
-50	0	0.012804
-50	0.1	0.013448
-50	0.2	0.018549
-50	0.3	0.021937
-50	0.4	0.027408
-50	0.5	0.032377
-50	0.6	0.038903
-50	0.7	0.043366
-50	0.8	0.045042
-50	0.9	0.045068
-50	1	0.043178
-50	1.1	0.040597
-50	1.2	0.037523
-50	1.3	0.032744
-50	1.4	0.029541
-50	1.5	0.028587
-50	1.6	0.026165
-50	1.7	0.025893
-50	1.8	0.026085
-50	1.9	0.026094
-50	2	0.025662
-50	2.1	0.02481
-50	2.2	0.023522
-50	2.3	0.022666
-50	2.4	0.020942
-50	2.5	0.018447
-50	2.6	0.017099
-50	2.7	0.015234
-50	2.8	0.011587
-50	2.9	0.010157
-50	3	0.0096817
-50	3.1	0.0097316
-50	3.2	0.0099549
-50	3.3	0.010365
-50	3.4	0.0095894
-50	3.5	0.0088278
-50	3.6	0.0080903
-50	3.7	0.0080301
-50	3.8	0.0088094
-50	3.9	0.0089405
-50	4	0.0089928
-40	-4	0.013376
-40	-3.9	0.013315
-40	-3.8	0.011886
-40	-3.7	0.009234
-40	-3.6	0.0083032
-40	-3.5	0.008152
-40	-3.4	0.0097283
-40	-3.3	0.010603
-40	-3.2	0.0097283
-40	-3.1	0.0070392
-40	-3	0.0075274
-40	-2.9	0.011555
-40	-2.8	0.01854
-40	-2.7	0.024214
-40	-2.6	0.029826
-40	-2.5	0.031669
-40	-2.4	0.033065
-40	-2.3	0.033532
-40	-2.2	0.03404
-40	-2.1	0.034514
-40	-2	0.03725
-40	-1.9	0.039222
-40	-1.8	0.038961
-40	-1.7	0.035525
-40	-1.6	0.028207
-40	-1.5	0.020493
-40	-1.4	0.017179
-40	-1.3	0.02512
-40	-1.2	0.032616
-40	-1.1	0.04416
-40	-1	0.053845
-40	-0.9	0.055808
-40	-0.8	0.05467
-40	-0.7	0.048623
-40	-0.6	0.044433
-40	-0.5	0.034419
-40	-0.4	0.027669
-40	-0.3	0.020854
-40	-0.2	0.014683
-40	-0.1	0.013249
-40	0	0.012283
-40	0.1	0.013606
-40	0.2	0.016608
-40	0.3	0.022547
-40	0.4	0.028592
-40	0.5	0.034875
-40	0.6	0.03821
-40	0.7	0.042013
-40	0.8	0.044086
-40	0.9	0.043885
-40	1	0.043664
-40	1.1	0.040871
-40	1.2	0.037592
-40	1.3	0.03415
-40	1.4	0.03115
-40	1.5	0.030245
-40	1.6	0.028462
-40	1.7	0.027811
-40	1.8	0.027912
-40	1.9	0.028241
-40	2	0.027391
-40	2.1	0.026015
-40	2.2	0.025031
-40	2.3	0.023493
-40	2.4	0.021863
-40	2.5	0.019883
-40	2.6	0.016687
-40	2.7	0.015348
-40	2.8	0.013855
-40	2.9	0.011578
-40	3	0.010432
-40	3.1	0.0091725
-40	3.2	0.0087394
-40	3.3	0.0086782
-40	3.4	0.0090018
-40	3.5	0.0091036
-40	3.6	0.0094605
-40	3.7	0.0093867
-40	3.8	0.0098077
-40	3.9	0.0094125
-40	4	0.0088588
-30	-4	0.011272
-30	-3.9	0.01107
-30	-3.8	0.010546
-30	-3.7	0.009213
-30	-3.6	0.0072228
-30	-3.5	0.0073426
-30	-3.4	0.0079472
-30	-3.3	0.0082348
-30	-3.2	0.008006
-30	-3.1	0.0080983
-30	-3	0.0094057
-30	-2.9	0.012535
-30	-2.8	0.016306
-30	-2.7	0.020339
-30	-2.6	0.025893
-30	-2.5	0.027609
-30	-2.4	0.030026
-30	-2.3	0.032589
-30	-2.2	0.034531
-30	-2.1	0.03856
-30	-2	0.040371
-30	-1.9	0.041905
-30	-1.8	0.040621
-30	-1.7	0.036117
-30	-1.6	0.02799
-30	-1.5	0.018872
-30	-1.4	0.01794
-30	-1.3	0.025922
-30	-1.2	0.034653
-30	-1.1	0.042949
-30	-1	0.05445
-30	-0.9	0.058856
-30	-0.8	0.058713
-30	-0.7	0.053211
-30	-0.6	0.046955
-30	-0.5	0.035455
-30	-0.4	0.026333
-30	-0.3	0.017747
-30	-0.2	0.013629
-30	-0.1	0.011593
-30	0	0.011513
-30	0.1	0.011582
-30	0.2	0.01538
-30	0.3	0.019992
-30	0.4	0.029812
-30	0.5	0.035855
-30	0.6	0.041057
-30	0.7	0.04803
-30	0.8	0.049443
-30	0.9	0.049165
-30	1	0.048662
-30	1.1	0.045579
-30	1.2	0.040567
-30	1.3	0.036226
-30	1.4	0.033818
-30	1.5	0.032772
-30	1.6	0.031481
-30	1.7	0.03081
-30	1.8	0.03038
-30	1.9	0.029468
-30	2	0.028062
-30	2.1	0.026153
-30	2.2	0.024621
-30	2.3	0.022317
-30	2.4	0.019815
-30	2.5	0.017539
-30	2.6	0.016506
-30	2.7	0.015258
-30	2.8	0.013793
-30	2.9	0.011915
-30	3	0.010281
-30	3.1	0.0078387
-30	3.2	0.0072026
-30	3.3	0.0075188
-30	3.4	0.0081003
-30	3.5	0.0085374
-30	3.6	0.0086315
-30	3.7	0.0084671
-30	3.8	0.008227
-30	3.9	0.0074323
-30	4	0.0062175
-20	-4	0.010488
-20	-3.9	0.010897
-20	-3.8	0.010053
-20	-3.7	0.0084632
-20	-3.6	0.0081876
-20	-3.5	0.0077828
-20	-3.4	0.0086109
-20	-3.3	0.0090982
-20	-3.2	0.0093471
-20	-3.1	0.0082701
-20	-3	0.0066106
-20	-2.9	0.0077807
-20	-2.8	0.013081
-20	-2.7	0.020245
-20	-2.6	0.023058
-20	-2.5	0.027232
-20	-2.4	0.028859
-20	-2.3	0.02972
-20	-2.2	0.033211
-20	-2.1	0.035539
-20	-2	0.039237
-20	-1.9	0.040709
-20	-1.8	0.040975
-20	-1.7	0.035139
-20	-1.6	0.02998
-20	-1.5	0.021445
-20	-1.4	0.018115
-20	-1.3	0.023442
-20	-1.2	0.034613
-20	-1.1	0.044356
-20	-1	0.053686
-20	-0.9	0.057829
-20	-0.8	0.056985
-20	-0.7	0.049122
-20	-0.6	0.045619
-20	-0.5	0.034537
-20	-0.4	0.026767
-20	-0.3	0.017562
-20	-0.2	0.013838
-20	-0.1	0.012827
-20	0	0.0128
-20	0.1	0.014308
-20	0.2	0.017757
-20	0.3	0.023617
-20	0.4	0.030272
-20	0.5	0.037282
-20	0.6	0.042427
-20	0.7	0.045919
-20	0.8	0.047637
-20	0.9	0.046493
-20	1	0.044488
-20	1.1	0.041396
-20	1.2	0.036741
-20	1.3	0.032775
-20	1.4	0.029473
-20	1.5	0.02679
-20	1.6	0.026366
-20	1.7	0.026953
-20	1.8	0.027832
-20	1.9	0.028516
-20	2	0.028165
-20	2.1	0.026747
-20	2.2	0.024244
-20	2.3	0.022178
-20	2.4	0.019292
-20	2.5	0.017651
-20	2.6	0.016413
-20	2.7	0.016035
-20	2.8	0.014501
-20	2.9	0.012724
-20	3	0.010703
-20	3.1	0.0092846
-20	3.2	0.0090573
-20	3.3	0.0091355
-20	3.4	0.0093246
-20	3.5	0.0094074
-20	3.6	0.0089297
-20	3.7	0.0084652
-20	3.8	0.0077849
-20	3.9	0.0074453
-20	4	0.0075638
-10	-4	0.0104
-10	-3.9	0.0093643
-10	-3.8	0.0086633
-10	-3.7	0.0079187
-10	-3.6	0.0085051
-10	-3.5	0.0091655
-10	-3.4	0.0099289
-10	-3.3	0.009911
-10	-3.2	0.008373
-10	-3.1	0.0074972
-10	-3	0.0071418
-10	-2.9	0.0095048
-10	-2.8	0.014668
-10	-2.7	0.020335
-10	-2.6	0.026158
-10	-2.5	0.027455
-10	-2.4	0.03063
-10	-2.3	0.032105
-10	-2.2	0.033167
-10	-2.1	0.035409
-10	-2	0.036179
-10	-1.9	0.037924
-10	-1.8	0.037974
-10	-1.7	0.034893
-10	-1.6	0.030177
-10	-1.5	0.024414
-10	-1.4	0.020708
-10	-1.3	0.023544
-10	-1.2	0.032843
-10	-1.1	0.043371
-10	-1	0.049216
-10	-0.9	0.057204
-10	-0.8	0.057643
-10	-0.7	0.054464
-10	-0.6	0.050009
-10	-0.5	0.038912
-10	-0.4	0.032623
-10	-0.3	0.023361
-10	-0.2	0.017114
-10	-0.1	0.013173
-10	0	0.012486
-10	0.1	0.011963
-10	0.2	0.013752
-10	0.3	0.018538
-10	0.4	0.024068
-10	0.5	0.028798
-10	0.6	0.037725
-10	0.7	0.042367
-10	0.8	0.045741
-10	0.9	0.045911
-10	1	0.045081
-10	1.1	0.041923
-10	1.2	0.038192
-10	1.3	0.035367
-10	1.4	0.031242
-10	1.5	0.029595
-10	1.6	0.028591
-10	1.7	0.028536
-10	1.8	0.028643
-10	1.9	0.02868
-10	2	0.028133
-10	2.1	0.027133
-10	2.2	0.025952
-10	2.3	0.023442
-10	2.4	0.022269
-10	2.5	0.019997
-10	2.6	0.017378
-10	2.7	0.015825
-10	2.8	0.012932
-10	2.9	0.010606
-10	3	0.0092916
-10	3.1	0.0090733
-10	3.2	0.0090822
-10	3.3	0.0094554
-10	3.4	0.0096348
-10	3.5	0.0096917
-10	3.6	0.0094331
-10	3.7	0.0092916
-10	3.8	0.0094314
-10	3.9	0.010196
-10	4	0.010387
0	-4	0.010583
0	-3.9	0.011091
0	-3.8	0.010343
0	-3.7	0.0087339
0	-3.6	0.0069468
0	-3.5	0.0071146
0	-3.4	0.0088021
0	-3.3	0.0096717
0	-3.2	0.0099744
0	-3.1	0.0086949
0	-3	0.0076656
0	-2.9	0.007634
0	-2.8	0.010598
0	-2.7	0.015458
0	-2.6	0.018393
0	-2.5	0.023192
0	-2.4	0.027041
0	-2.3	0.029805
0	-2.2	0.032074
0	-2.1	0.033176
0	-2	0.035669
0	-1.9	0.036742
0	-1.8	0.037922
0	-1.7	0.036531
0	-1.6	0.031682
0	-1.5	0.026566
0	-1.4	0.01992
0	-1.3	0.020293
0	-1.2	0.028272
0	-1.1	0.040131
0	-1	0.047555
0	-0.9	0.054151
0	-0.8	0.056699
0	-0.7	0.055117
0	-0.6	0.049058
0	-0.5	0.042712
0	-0.4	0.033427
0	-0.3	0.026218
0	-0.2	0.018182
0	-0.1	0.013902
0	0	0.012709
0	0.1	0.012912
0	0.2	0.015155
0	0.3	0.020584
0	0.4	0.026322
0	0.5	0.035656
0	0.6	0.041422
0	0.7	0.044827
0	0.8	0.04769
0	0.9	0.048942
0	1	0.047791
0	1.1	0.045446
0	1.2	0.040958
0	1.3	0.038786
0	1.4	0.035443
0	1.5	0.034131
0	1.6	0.033341
0	1.7	0.031978
0	1.8	0.030948
0	1.9	0.029826
0	2	0.02884
0	2.1	0.027289
0	2.2	0.026025
0	2.3	0.024732
0	2.4	0.023019
0	2.5	0.02132
0	2.6	0.018253
0	2.7	0.01581
0	2.8	0.013514
0	2.9	0.010766
0	3	0.010207
0	3.1	0.01046
0	3.2	0.010707
0	3.3	0.010477
0	3.4	0.0097846
0	3.5	0.0083013
0	3.6	0.0076318
0	3.7	0.0077516
0	3.8	0.00801
0	3.9	0.009608
0	4	0.0095658
10	-4	0.010736
10	-3.9	0.011934
10	-3.8	0.011339
10	-3.7	0.0092567
10	-3.6	0.0075744
10	-3.5	0.006369
10	-3.4	0.0072339
10	-3.3	0.0085355
10	-3.2	0.0096834
10	-3.1	0.010256
10	-3	0.0095894
10	-2.9	0.0091567
10	-2.8	0.010795
10	-2.7	0.01564
10	-2.6	0.020551
10	-2.5	0.023497
10	-2.4	0.026741
10	-2.3	0.028915
10	-2.2	0.0305
10	-2.1	0.031478
10	-2	0.03311
10	-1.9	0.034484
10	-1.8	0.036396
10	-1.7	0.036566
10	-1.6	0.034219
10	-1.5	0.031091
10	-1.4	0.023106
10	-1.3	0.022297
10	-1.2	0.02784
10	-1.1	0.038317
10	-1	0.049758
10	-0.9	0.054806
10	-0.8	0.058095
10	-0.7	0.057943
10	-0.6	0.053329
10	-0.5	0.047079
10	-0.4	0.037259
10	-0.3	0.026689
10	-0.2	0.01977
10	-0.1	0.015173
10	0	0.014167
10	0.1	0.014576
10	0.2	0.016452
10	0.3	0.019423
10	0.4	0.02596
10	0.5	0.032252
10	0.6	0.038099
10	0.7	0.044651
10	0.8	0.046252
10	0.9	0.047287
10	1	0.046609
10	1.1	0.043313
10	1.2	0.039509
10	1.3	0.035992
10	1.4	0.032254
10	1.5	0.030398
10	1.6	0.029595
10	1.7	0.029076
10	1.8	0.029357
10	1.9	0.029728
10	2	0.029728
10	2.1	0.028561
10	2.2	0.027098
10	2.3	0.025567
10	2.4	0.023073
10	2.5	0.020834
10	2.6	0.019128
10	2.7	0.017533
10	2.8	0.016948
10	2.9	0.01569
10	3	0.014211
10	3.1	0.01284
10	3.2	0.011058
10	3.3	0.010382
10	3.4	0.0095709
10	3.5	0.0090698
10	3.6	0.0087616
10	3.7	0.0087505
10	3.8	0.0084019
10	3.9	0.0075851
10	4	0.0071077
20	-4	0.010612
20	-3.9	0.011193
20	-3.8	0.010145
20	-3.7	0.0085921
20	-3.6	0.0074843
20	-3.5	0.0082407
20	-3.4	0.009116
20	-3.3	0.01164
20	-3.2	0.012307
20	-3.1	0.011353
20	-3	0.0085089
20	-2.9	0.0070872
20	-2.8	0.010122
20	-2.7	0.017079
20	-2.6	0.021591
20	-2.5	0.025637
20	-2.4	0.027957
20	-2.3	0.028053
20	-2.2	0.027814
20	-2.1	0.028865
20	-2	0.032136
20	-1.9	0.036412
20	-1.8	0.038127
20	-1.7	0.038425
20	-1.6	0.036184
20	-1.5	0.0318
20	-1.4	0.026732
20	-1.3	0.024023
20	-1.2	0.028193
20	-1.1	0.037475
20	-1	0.048354
20	-0.9	0.054065
20	-0.8	0.058099
20	-0.7	0.058811
20	-0.6	0.054567
20	-0.5	0.047242
20	-0.4	0.039408
20	-0.3	0.032749
20	-0.2	0.025841
20	-0.1	0.019929
20	0	0.017459
20	0.1	0.016808
20	0.2	0.01791
20	0.3	0.020084
20	0.4	0.025023
20	0.5	0.030069
20	0.6	0.03621
20	0.7	0.040621
20	0.8	0.044667
20	0.9	0.046141
20	1	0.045639
20	1.1	0.0448
20	1.2	0.040772
20	1.3	0.035107
20	1.4	0.032676
20	1.5	0.031242
20	1.6	0.030818
20	1.7	0.031129
20	1.8	0.031983
20	1.9	0.032309
20	2	0.031454
20	2.1	0.02948
20	2.2	0.027034
20	2.3	0.025036
20	2.4	0.022553
20	2.5	0.020922
20	2.6	0.020088
20	2.7	0.019335
20	2.8	0.01755
20	2.9	0.015701
20	3	0.01254
20	3.1	0.010282
20	3.2	0.0099191
20	3.3	0.0099598
20	3.4	0.010993
20	3.5	0.010842
20	3.6	0.010502
20	3.7	0.0095303
20	3.8	0.0086931
20	3.9	0.0081599
20	4	0.0079938
30	-4	0.0098669
30	-3.9	0.01075
30	-3.8	0.010996
30	-3.7	0.010141
30	-3.6	0.0091778
30	-3.5	0.0084441
30	-3.4	0.0093453
30	-3.3	0.009665
30	-3.2	0.01034
30	-3.1	0.0099695
30	-3	0.0093712
30	-2.9	0.0095218
30	-2.8	0.011116
30	-2.7	0.013869
30	-2.6	0.018013
30	-2.5	0.022598
30	-2.4	0.025749
30	-2.3	0.026995
30	-2.2	0.027822
30	-2.1	0.029026
30	-2	0.031091
30	-1.9	0.034326
30	-1.8	0.037006
30	-1.7	0.037449
30	-1.6	0.036294
30	-1.5	0.032691
30	-1.4	0.028773
30	-1.3	0.025812
30	-1.2	0.027628
30	-1.1	0.032663
30	-1	0.042382
30	-0.9	0.053582
30	-0.8	0.060435
30	-0.7	0.062869
30	-0.6	0.061166
30	-0.5	0.05601
30	-0.4	0.046296
30	-0.3	0.041679
30	-0.2	0.033308
30	-0.1	0.02357
30	0	0.019769
30	0.1	0.017579
30	0.2	0.017178
30	0.3	0.018548
30	0.4	0.023509
30	0.5	0.029226
30	0.6	0.037164
30	0.7	0.046002
30	0.8	0.050945
30	0.9	0.052318
30	1	0.052068
30	1.1	0.049619
30	1.2	0.044847
30	1.3	0.040736
30	1.4	0.036294
30	1.5	0.035333
30	1.6	0.035232
30	1.7	0.03587
30	1.8	0.036074
30	1.9	0.03485
30	2	0.033382
30	2.1	0.030815
30	2.2	0.028454
30	2.3	0.026674
30	2.4	0.02561
30	2.5	0.024947
30	2.6	0.023807
30	2.7	0.022078
30	2.8	0.019853
30	2.9	0.017025
30	3	0.014442
30	3.1	0.01194
30	3.2	0.010906
30	3.3	0.010945
30	3.4	0.011426
30	3.5	0.011334
30	3.6	0.011014
30	3.7	0.010106
30	3.8	0.0096666
30	3.9	0.0094776
30	4	0.010079
40	-4	0.0094005
40	-3.9	0.010597
40	-3.8	0.011193
40	-3.7	0.010798
40	-3.6	0.0096197
40	-3.5	0.0087984
40	-3.4	0.0084173
40	-3.3	0.0095962
40	-3.2	0.010973
40	-3.1	0.011686
40	-3	0.011531
40	-2.9	0.010987
40	-2.8	0.010654
40	-2.7	0.012857
40	-2.6	0.017256
40	-2.5	0.023046
40	-2.4	0.027677
40	-2.3	0.028651
40	-2.2	0.029103
40	-2.1	0.029678
40	-2	0.030786
40	-1.9	0.034275
40	-1.8	0.037444
40	-1.7	0.040717
40	-1.6	0.040129
40	-1.5	0.037754
40	-1.4	0.032557
40	-1.3	0.029487
40	-1.2	0.030536
40	-1.1	0.037381
40	-1	0.045812
40	-0.9	0.05212
40	-0.8	0.058634
40	-0.7	0.061536
40	-0.6	0.06019
40	-0.5	0.057187
40	-0.4	0.051453
40	-0.3	0.042683
40	-0.2	0.032875
40	-0.1	0.026559
40	0	0.021922
40	0.1	0.020038
40	0.2	0.019578
40	0.3	0.021288
40	0.4	0.027339
40	0.5	0.033483
40	0.6	0.037478
40	0.7	0.041937
40	0.8	0.047008
40	0.9	0.049104
40	1	0.049303
40	1.1	0.04702
40	1.2	0.04482
40	1.3	0.040467
40	1.4	0.038477
40	1.5	0.034231
40	1.6	0.032211
40	1.7	0.032079
40	1.8	0.033105
40	1.9	0.034196
40	2	0.034977
40	2.1	0.034811
40	2.2	0.033882
40	2.3	0.030712
40	2.4	0.029473
40	2.5	0.026354
40	2.6	0.024445
40	2.7	0.022243
40	2.8	0.021347
40	2.9	0.019858
40	3	0.018098
40	3.1	0.015286
40	3.2	0.013614
40	3.3	0.012321
40	3.4	0.012179
40	3.5	0.011734
40	3.6	0.011696
40	3.7	0.011838
40	3.8	0.011992
40	3.9	0.011672
40	4	0.010926
50	-4	0.0090982
50	-3.9	0.009735
50	-3.8	0.0099387
50	-3.7	0.010378
50	-3.6	0.0095286
50	-3.5	0.0085203
50	-3.4	0.0081023
50	-3.3	0.0093747
50	-3.2	0.010555
50	-3.1	0.011843
50	-3	0.011375
50	-2.9	0.010322
50	-2.8	0.010114
50	-2.7	0.012063
50	-2.6	0.016127
50	-2.5	0.021948
50	-2.4	0.025836
50	-2.3	0.028155
50	-2.2	0.029538
50	-2.1	0.030606
50	-2	0.031526
50	-1.9	0.033138
50	-1.8	0.035369
50	-1.7	0.038605
50	-1.6	0.039675
50	-1.5	0.038226
50	-1.4	0.034665
50	-1.3	0.031179
50	-1.2	0.030942
50	-1.1	0.036496
50	-1	0.045121
50	-0.9	0.051262
50	-0.8	0.061914
50	-0.7	0.064785
50	-0.6	0.066405
50	-0.5	0.063921
50	-0.4	0.05683
50	-0.3	0.04841
50	-0.2	0.042587
50	-0.1	0.032879
50	0	0.026721
50	0.1	0.023267
50	0.2	0.020994
50	0.3	0.020787
50	0.4	0.023565
50	0.5	0.030483
50	0.6	0.035739
50	0.7	0.043759
50	0.8	0.047167
50	0.9	0.051049
50	1	0.053124
50	1.1	0.052749
50	1.2	0.050343
50	1.3	0.045648
50	1.4	0.042377
50	1.5	0.040859
50	1.6	0.038665
50	1.7	0.03799
50	1.8	0.03802
50	1.9	0.038392
50	2	0.038449
50	2.1	0.037604
50	2.2	0.035953
50	2.3	0.033283
50	2.4	0.031069
50	2.5	0.029309
50	2.6	0.027108
50	2.7	0.023931
50	2.8	0.020473
50	2.9	0.019198
50	3	0.016386
50	3.1	0.013716
50	3.2	0.012751
50	3.3	0.011911
50	3.4	0.011207
50	3.5	0.010392
50	3.6	0.0099582
50	3.7	0.0088515
50	3.8	0.0085412
50	3.9	0.0080221
50	4	0.0084134
60	-4	0.0073007
60	-3.9	0.0082407
60	-3.8	0.0088204
60	-3.7	0.0096967
60	-3.6	0.0092881
60	-3.5	0.0091584
60	-3.4	0.0079655
60	-3.3	0.008225
60	-3.2	0.010243
60	-3.1	0.011888
60	-3	0.013087
60	-2.9	0.012832
60	-2.8	0.011708
60	-2.7	0.011926
60	-2.6	0.014599
60	-2.5	0.01813
60	-2.4	0.023466
60	-2.3	0.027721
60	-2.2	0.030373
60	-2.1	0.03138
60	-2	0.0321
60	-1.9	0.033427
60	-1.8	0.034614
60	-1.7	0.037352
60	-1.6	0.03918
60	-1.5	0.039874
60	-1.4	0.039298
60	-1.3	0.035862
60	-1.2	0.034391
60	-1.1	0.037439
60	-1	0.044379
60	-0.9	0.051088
60	-0.8	0.058016
60	-0.7	0.061997
60	-0.6	0.064692
60	-0.5	0.062725
60	-0.4	0.05904
60	-0.3	0.049667
60	-0.2	0.040454
60	-0.1	0.032616
60	0	0.025654
60	0.1	0.022601
60	0.2	0.020766
60	0.3	0.021075
60	0.4	0.025657
60	0.5	0.02992
60	0.6	0.037111
60	0.7	0.044146
60	0.8	0.050342
60	0.9	0.054353
60	1	0.055044
60	1.1	0.054583
60	1.2	0.051421
60	1.3	0.049194
60	1.4	0.045119
60	1.5	0.043228
60	1.6	0.042087
60	1.7	0.041323
60	1.8	0.040177
60	1.9	0.039488
60	2	0.037431
60	2.1	0.03624
60	2.2	0.033796
60	2.3	0.03235
60	2.4	0.030874
60	2.5	0.028868
60	2.6	0.026737
60	2.7	0.023917
60	2.8	0.021313
60	2.9	0.018767
60	3	0.016073
60	3.1	0.01471
60	3.2	0.012942
60	3.3	0.012761
60	3.4	0.01273
60	3.5	0.011803
60	3.6	0.0107
60	3.7	0.0097582
60	3.8	0.0088497
60	3.9	0.0089946
60	4	0.0092392
70	-4	0.0084
70	-3.9	0.009084
70	-3.8	0.0097366
70	-3.7	0.01014
70	-3.6	0.010361
70	-3.5	0.0094108
70	-3.4	0.0084785
70	-3.3	0.0091936
70	-3.2	0.010833
70	-3.1	0.012563
70	-3	0.013419
70	-2.9	0.012787
70	-2.8	0.012001
70	-2.7	0.012617
70	-2.6	0.014165
70	-2.5	0.020935
70	-2.4	0.023831
70	-2.3	0.027491
70	-2.2	0.029528
70	-2.1	0.030632
70	-2	0.03136
70	-1.9	0.032785
70	-1.8	0.034904
70	-1.7	0.037132
70	-1.6	0.038581
70	-1.5	0.03873
70	-1.4	0.036707
70	-1.3	0.033975
70	-1.2	0.03385
70	-1.1	0.038062
70	-1	0.043626
70	-0.9	0.053211
70	-0.8	0.058159
70	-0.7	0.061731
70	-0.6	0.062588
70	-0.5	0.059165
70	-0.4	0.053476
70	-0.3	0.049044
70	-0.2	0.038883
70	-0.1	0.033489
70	0	0.02758
70	0.1	0.022523
70	0.2	0.021638
70	0.3	0.021403
70	0.4	0.024903
70	0.5	0.030389
70	0.6	0.037491
70	0.7	0.043626
70	0.8	0.049275
70	0.9	0.053853
70	1	0.055433
70	1.1	0.054986
70	1.2	0.053249
70	1.3	0.050228
70	1.4	0.046712
70	1.5	0.043729
70	1.6	0.041295
70	1.7	0.040423
70	1.8	0.039367
70	1.9	0.039022
70	2	0.038878
70	2.1	0.038694
70	2.2	0.037123
70	2.3	0.035728
70	2.4	0.033779
70	2.5	0.031736
70	2.6	0.028916
70	2.7	0.026105
70	2.8	0.023005
70	2.9	0.02037
70	3	0.019541
70	3.1	0.01696
70	3.2	0.01598
70	3.3	0.014998
70	3.4	0.0146
70	3.5	0.013841
70	3.6	0.012906
70	3.7	0.011516
70	3.8	0.01085
70	3.9	0.010284
70	4	0.010199
80	-4	0.0071644
80	-3.9	0.007935
80	-3.8	0.0093089
80	-3.7	0.0099744
80	-3.6	0.010153
80	-3.5	0.0093211
80	-3.4	0.0087154
80	-3.3	0.008667
80	-3.2	0.0098341
80	-3.1	0.010606
80	-3	0.011424
80	-2.9	0.011745
80	-2.8	0.012227
80	-2.7	0.013414
80	-2.6	0.017042
80	-2.5	0.020976
80	-2.4	0.023069
80	-2.3	0.028263
80	-2.2	0.029521
80	-2.1	0.031216
80	-2	0.033159
80	-1.9	0.034018
80	-1.8	0.036273
80	-1.7	0.039379
80	-1.6	0.040986
80	-1.5	0.04085
80	-1.4	0.03847
80	-1.3	0.035639
80	-1.2	0.034697
80	-1.1	0.036715
80	-1	0.043661
80	-0.9	0.050348
80	-0.8	0.056977
80	-0.7	0.062394
80	-0.6	0.063398
80	-0.5	0.06272
80	-0.4	0.056325
80	-0.3	0.050807
80	-0.2	0.042392
80	-0.1	0.037277
80	0	0.029887
80	0.1	0.026817
80	0.2	0.02441
80	0.3	0.023776
80	0.4	0.026505
80	0.5	0.031612
80	0.6	0.036457
80	0.7	0.041438
80	0.8	0.049213
80	0.9	0.052135
80	1	0.05342
80	1.1	0.053973
80	1.2	0.053262
80	1.3	0.050776
80	1.4	0.048114
80	1.5	0.044196
80	1.6	0.041449
80	1.7	0.040354
80	1.8	0.0384
80	1.9	0.03844
80	2	0.039413
80	2.1	0.040143
80	2.2	0.039435
80	2.3	0.037699
80	2.4	0.035515
80	2.5	0.030718
80	2.6	0.027927
80	2.7	0.024735
80	2.8	0.022686
80	2.9	0.021654
80	3	0.020762
80	3.1	0.017964
80	3.2	0.016493
80	3.3	0.013378
80	3.4	0.011252
80	3.5	0.011096
80	3.6	0.011151
80	3.7	0.011099
80	3.8	0.010915
80	3.9	0.010311
80	4	0.0095557
90	-4	0.0073426
90	-3.9	0.0083846
90	-3.8	0.0097034
90	-3.7	0.010243
90	-3.6	0.0095337
90	-3.5	0.0083013
90	-3.4	0.0076762
90	-3.3	0.0077203
90	-3.2	0.0093384
90	-3.1	0.01052
90	-3	0.011152
90	-2.9	0.011157
90	-2.8	0.010202
90	-2.7	0.011832
90	-2.6	0.015552
90	-2.5	0.020182
90	-2.4	0.022954
90	-2.3	0.026376
90	-2.2	0.026974
90	-2.1	0.02755
90	-2	0.027988
90	-1.9	0.02947
90	-1.8	0.033535
90	-1.7	0.036574
90	-1.6	0.039602
90	-1.5	0.039991
90	-1.4	0.036438
90	-1.3	0.031355
90	-1.2	0.027691
90	-1.1	0.032763
90	-1	0.038841
90	-0.9	0.046363
90	-0.8	0.057253
90	-0.7	0.064268
90	-0.6	0.065719
90	-0.5	0.064064
90	-0.4	0.056907
90	-0.3	0.048875
90	-0.2	0.042011
90	-0.1	0.030279
90	0	0.024216
90	0.1	0.021065
90	0.2	0.018614
90	0.3	0.018732
90	0.4	0.02112
90	0.5	0.028488
90	0.6	0.038221
90	0.7	0.043294
90	0.8	0.049958
90	0.9	0.056409
90	1	0.057803
90	1.1	0.056894
90	1.2	0.053565
90	1.3	0.048451
90	1.4	0.043954
90	1.5	0.040693
90	1.6	0.039438
90	1.7	0.038951
90	1.8	0.039174
90	1.9	0.039096
90	2	0.039129
90	2.1	0.0378
90	2.2	0.035956
90	2.3	0.034525
90	2.4	0.033225
90	2.5	0.031872
90	2.6	0.029176
90	2.7	0.027526
90	2.8	0.02564
90	2.9	0.022437
90	3	0.020169
90	3.1	0.018033
90	3.2	0.016327
90	3.3	0.015114
90	3.4	0.014335
90	3.5	0.013756
90	3.6	0.013054
90	3.7	0.013503
90	3.8	0.013877
90	3.9	0.014587
90	4	0.014219
100	-4	0.0053059
100	-3.9	0.0065269
100	-3.8	0.0088223
100	-3.7	0.0096683
100	-3.6	0.0096717
100	-3.5	0.0082896
100	-3.4	0.0065541
100	-3.3	0.0067485
100	-3.2	0.0081122
100	-3.1	0.011288
100	-3	0.012066
100	-2.9	0.011708
100	-2.8	0.0099517
100	-2.7	0.0086128
100	-2.6	0.010985
100	-2.5	0.016533
100	-2.4	0.0235
100	-2.3	0.027768
100	-2.2	0.030069
100	-2.1	0.030874
100	-2	0.030107
100	-1.9	0.029462
100	-1.8	0.030916
100	-1.7	0.033224
100	-1.6	0.035642
100	-1.5	0.037111
100	-1.4	0.035128
100	-1.3	0.033414
100	-1.2	0.028306
100	-1.1	0.029467
100	-1	0.032835
100	-0.9	0.043707
100	-0.8	0.05307
100	-0.7	0.057639
100	-0.6	0.061168
100	-0.5	0.060073
100	-0.4	0.053873
100	-0.3	0.047557
100	-0.2	0.04209
100	-0.1	0.032031
100	0	0.024152
100	0.1	0.019899
100	0.2	0.017573
100	0.3	0.018194
100	0.4	0.021579
100	0.5	0.027807
100	0.6	0.033117
100	0.7	0.042097
100	0.8	0.049306
100	0.9	0.05301
100	1	0.05429
100	1.1	0.054717
100	1.2	0.052266
100	1.3	0.049756
100	1.4	0.045957
100	1.5	0.043131
100	1.6	0.039065
100	1.7	0.037265
100	1.8	0.035533
100	1.9	0.034995
100	2	0.035277
100	2.1	0.035006
100	2.2	0.033985
100	2.3	0.032499
100	2.4	0.031326
100	2.5	0.028052
100	2.6	0.024418
100	2.7	0.022843
100	2.8	0.020874
100	2.9	0.019665
100	3	0.01901
100	3.1	0.017153
100	3.2	0.015953
100	3.3	0.013642
100	3.4	0.010967
100	3.5	0.0099289
100	3.6	0.0095523
100	3.7	0.010002
100	3.8	0.010811
100	3.9	0.011217
100	4	0.0098587
110	-4	0.0067173
110	-3.9	0.0074236
110	-3.8	0.0088643
110	-3.7	0.0090698
110	-3.6	0.0092672
110	-3.5	0.0071644
110	-3.4	0.0064972
110	-3.3	0.006313
110	-3.2	0.0072696
110	-3.1	0.0099501
110	-3	0.010378
110	-2.9	0.010018
110	-2.8	0.0090929
110	-2.7	0.010793
110	-2.6	0.014382
110	-2.5	0.018931
110	-2.4	0.024786
110	-2.3	0.027863
110	-2.2	0.028782
110	-2.1	0.028681
110	-2	0.027735
110	-1.9	0.02803
110	-1.8	0.031366
110	-1.7	0.032612
110	-1.6	0.034367
110	-1.5	0.034632
110	-1.4	0.031522
110	-1.3	0.026214
110	-1.2	0.024523
110	-1.1	0.027639
110	-1	0.036386
110	-0.9	0.043404
110	-0.8	0.050302
110	-0.7	0.055128
110	-0.6	0.056898
110	-0.5	0.054233
110	-0.4	0.05107
110	-0.3	0.044386
110	-0.2	0.03276
110	-0.1	0.025386
110	0	0.021319
110	0.1	0.018234
110	0.2	0.016206
110	0.3	0.016939
110	0.4	0.020996
110	0.5	0.02399
110	0.6	0.031613
110	0.7	0.039247
110	0.8	0.045579
110	0.9	0.049045
110	1	0.051969
110	1.1	0.052072
110	1.2	0.049852
110	1.3	0.047012
110	1.4	0.044595
110	1.5	0.040796
110	1.6	0.038625
110	1.7	0.036417
110	1.8	0.035448
110	1.9	0.034828
110	2	0.034606
110	2.1	0.034823
110	2.2	0.033814
110	2.3	0.03297
110	2.4	0.031803
110	2.5	0.030334
110	2.6	0.026782
110	2.7	0.025318
110	2.8	0.022681
110	2.9	0.021033
110	3	0.01852
110	3.1	0.015798
110	3.2	0.014273
110	3.3	0.013741
110	3.4	0.013289
110	3.5	0.012473
110	3.6	0.011874
110	3.7	0.011012
110	3.8	0.010183
110	3.9	0.01018
110	4	0.0097648
120	-4	0.0057278
120	-3.9	0.0074258
120	-3.8	0.0091372
120	-3.7	0.0095184
120	-3.6	0.0093089
120	-3.5	0.0076678
120	-3.4	0.0060275
120	-3.3	0.0056625
120	-3.2	0.0095014
120	-3.1	0.010639
120	-3	0.011951
120	-2.9	0.011222
120	-2.8	0.0092672
120	-2.7	0.0085051
120	-2.6	0.010866
120	-2.5	0.015721
120	-2.4	0.022508
120	-2.3	0.026223
120	-2.2	0.029045
120	-2.1	0.029276
120	-2	0.028743
120	-1.9	0.02799
120	-1.8	0.028598
120	-1.7	0.030232
120	-1.6	0.032209
120	-1.5	0.032824
120	-1.4	0.032227
120	-1.3	0.028469
120	-1.2	0.025066
120	-1.1	0.025831
120	-1	0.029173
120	-0.9	0.04023
120	-0.8	0.047884
120	-0.7	0.052688
120	-0.6	0.054479
120	-0.5	0.052139
120	-0.4	0.0484
120	-0.3	0.042067
120	-0.2	0.031749
120	-0.1	0.025612
120	0	0.020231
120	0.1	0.016853
120	0.2	0.015018
120	0.3	0.014447
120	0.4	0.017709
120	0.5	0.022962
120	0.6	0.029287
120	0.7	0.037531
120	0.8	0.045872
120	0.9	0.05059
120	1	0.052537
120	1.1	0.052841
120	1.2	0.051111
120	1.3	0.047125
120	1.4	0.041627
120	1.5	0.038226
120	1.6	0.035837
120	1.7	0.034163
120	1.8	0.033547
120	1.9	0.032203
120	2	0.03198
120	2.1	0.031067
120	2.2	0.03009
120	2.3	0.028783
120	2.4	0.027305
120	2.5	0.025675
120	2.6	0.023817
120	2.7	0.021506
120	2.8	0.019451
120	2.9	0.017099
120	3	0.014652
120	3.1	0.012789
120	3.2	0.01145
120	3.3	0.010454
120	3.4	0.010587
120	3.5	0.010241
120	3.6	0.0096248
120	3.7	0.0084365
120	3.8	0.008152
120	3.9	0.0081102
120	4	0.0085431
130	-4	0.0067293
130	-3.9	0.0070986
130	-3.8	0.0070047
130	-3.7	0.0066569
130	-3.6	0.0058007
130	-3.5	0.0055209
130	-3.4	0.0065959
130	-3.3	0.0081421
130	-3.2	0.0095523
130	-3.1	0.010331
130	-3	0.0099922
130	-2.9	0.0090394
130	-2.8	0.0089297
130	-2.7	0.010129
130	-2.6	0.016603
130	-2.5	0.019993
130	-2.4	0.02398
130	-2.3	0.026737
130	-2.2	0.027034
130	-2.1	0.026098
130	-2	0.025578
130	-1.9	0.027502
130	-1.8	0.028912
130	-1.7	0.032382
130	-1.6	0.033246
130	-1.5	0.032721
130	-1.4	0.027682
130	-1.3	0.022177
130	-1.2	0.021212
130	-1.1	0.022523
130	-1	0.031118
130	-0.9	0.039078
130	-0.8	0.046797
130	-0.7	0.052701
130	-0.6	0.053715
130	-0.5	0.051362
130	-0.4	0.046078
130	-0.3	0.037839
130	-0.2	0.028927
130	-0.1	0.021618
130	0	0.014682
130	0.1	0.012982
130	0.2	0.011756
130	0.3	0.012669
130	0.4	0.017523
130	0.5	0.023794
130	0.6	0.031072
130	0.7	0.038579
130	0.8	0.045489
130	0.9	0.050058
130	1	0.052076
130	1.1	0.052126
130	1.2	0.049515
130	1.3	0.046567
130	1.4	0.041205
130	1.5	0.038037
130	1.6	0.034952
130	1.7	0.033138
130	1.8	0.032416
130	1.9	0.031821
130	2	0.031875
130	2.1	0.031865
130	2.2	0.030328
130	2.3	0.029208
130	2.4	0.027746
130	2.5	0.026552
130	2.6	0.024214
130	2.7	0.022205
130	2.8	0.019116
130	2.9	0.017127
130	3	0.015114
130	3.1	0.012978
130	3.2	0.012425
130	3.3	0.010765
130	3.4	0.010931
130	3.5	0.010665
130	3.6	0.010188
130	3.7	0.009608
130	3.8	0.0092287
130	3.9	0.008888
130	4	0.008446
140	-4	0.0056653
140	-3.9	0.0065245
140	-3.8	0.0081282
140	-3.7	0.0091107
140	-3.6	0.0094057
140	-3.5	0.0082662
140	-3.4	0.0059763
140	-3.3	0.0058891
140	-3.2	0.0072339
140	-3.1	0.0090179
140	-3	0.010273
140	-2.9	0.010647
140	-2.8	0.010238
140	-2.7	0.011272
140	-2.6	0.015205
140	-2.5	0.020405
140	-2.4	0.023941
140	-2.3	0.027804
140	-2.2	0.029271
140	-2.1	0.03056
140	-2	0.030198
140	-1.9	0.030079
140	-1.8	0.030305
140	-1.7	0.031282
140	-1.6	0.031387
140	-1.5	0.030123
140	-1.4	0.027584
140	-1.3	0.023375
140	-1.2	0.022217
140	-1.1	0.027323
140	-1	0.032504
140	-0.9	0.038971
140	-0.8	0.047239
140	-0.7	0.050969
140	-0.6	0.050676
140	-0.5	0.047916
140	-0.4	0.040881
140	-0.3	0.036012
140	-0.2	0.028363
140	-0.1	0.018582
140	0	0.01517
140	0.1	0.012961
140	0.2	0.011281
140	0.3	0.012918
140	0.4	0.018127
140	0.5	0.021644
140	0.6	0.031203
140	0.7	0.037975
140	0.8	0.045093
140	0.9	0.049048
140	1	0.050438
140	1.1	0.050273
140	1.2	0.048393
140	1.3	0.043918
140	1.4	0.04007
140	1.5	0.036262
140	1.6	0.032884
140	1.7	0.030328
140	1.8	0.029028
140	1.9	0.028835
140	2	0.029659
140	2.1	0.030213
140	2.2	0.029726
140	2.3	0.028245
140	2.4	0.026108
140	2.5	0.024049
140	2.6	0.021385
140	2.7	0.018413
140	2.8	0.017086
140	2.9	0.015499
140	3	0.014579
140	3.1	0.012762
140	3.2	0.0098701
140	3.3	0.0088094
140	3.4	0.0076804
140	3.5	0.0077495
140	3.6	0.008014
140	3.7	0.0076234
140	3.8	0.0078139
140	3.9	0.0085051
140	4	0.0081102
150	-4	0.0066593
150	-3.9	0.0079857
150	-3.8	0.0090787
150	-3.7	0.009354
150	-3.6	0.0088952
150	-3.5	0.0074192
150	-3.4	0.0071009
150	-3.3	0.0072161
150	-3.2	0.0079979
150	-3.1	0.0085393
150	-3	0.0098881
150	-2.9	0.0099371
150	-2.8	0.01151
150	-2.7	0.014689
150	-2.6	0.019276
150	-2.5	0.023857
150	-2.4	0.025729
150	-2.3	0.027614
150	-2.2	0.027717
150	-2.1	0.027376
150	-2	0.027569
150	-1.9	0.028241
150	-1.8	0.030498
150	-1.7	0.032412
150	-1.6	0.032068
150	-1.5	0.02933
150	-1.4	0.025988
150	-1.3	0.021185
150	-1.2	0.018576
150	-1.1	0.023687
150	-1	0.030355
150	-0.9	0.043953
150	-0.8	0.049933
150	-0.7	0.054432
150	-0.6	0.055773
150	-0.5	0.051319
150	-0.4	0.04324
150	-0.3	0.036633
150	-0.2	0.023689
150	-0.1	0.016952
150	0	0.013159
150	0.1	0.01098
150	0.2	0.011309
150	0.3	0.013173
150	0.4	0.015207
150	0.5	0.024888
150	0.6	0.029699
150	0.7	0.04156
150	0.8	0.046848
150	0.9	0.05067
150	1	0.052147
150	1.1	0.051297
150	1.2	0.048607
150	1.3	0.043744
150	1.4	0.039821
150	1.5	0.034641
150	1.6	0.032799
150	1.7	0.031657
150	1.8	0.030989
150	1.9	0.030183
150	2	0.030141
150	2.1	0.029867
150	2.2	0.02913
150	2.3	0.026637
150	2.4	0.025475
150	2.5	0.023428
150	2.6	0.021154
150	2.7	0.019722
150	2.8	0.017392
150	2.9	0.01558
150	3	0.014279
150	3.1	0.013202
150	3.2	0.010205
150	3.3	0.008624
150	3.4	0.0084077
150	3.5	0.0085771
150	3.6	0.0090394
150	3.7	0.0092427
150	3.8	0.0090787
150	3.9	0.0089856
150	4	0.0082329
160	-4	0.0073514
160	-3.9	0.0077911
160	-3.8	0.0084861
160	-3.7	0.00801
160	-3.6	0.0065787
160	-3.5	0.0061548
160	-3.4	0.006118
160	-3.3	0.0073448
160	-3.2	0.0080301
160	-3.1	0.0093488
160	-3	0.0087653
160	-2.9	0.0091796
160	-2.8	0.010071
160	-2.7	0.014341
160	-2.6	0.019023
160	-2.5	0.02221
160	-2.4	0.025874
160	-2.3	0.0283
160	-2.2	0.028366
160	-2.1	0.029439
160	-2	0.029974
160	-1.9	0.032086
160	-1.8	0.03334
160	-1.7	0.034614
160	-1.6	0.03374
160	-1.5	0.030467
160	-1.4	0.025206
160	-1.3	0.021864
160	-1.2	0.020129
160	-1.1	0.026624
160	-1	0.034793
160	-0.9	0.044525
160	-0.8	0.051802
160	-0.7	0.053368
160	-0.6	0.052787
160	-0.5	0.050155
160	-0.4	0.042671
160	-0.3	0.031386
160	-0.2	0.027301
160	-0.1	0.018476
160	0	0.013622
160	0.1	0.012187
160	0.2	0.012282
160	0.3	0.013442
160	0.4	0.017739
160	0.5	0.026453
160	0.6	0.031195
160	0.7	0.039433
160	0.8	0.045863
160	0.9	0.049237
160	1	0.051797
160	1.1	0.052347
160	1.2	0.04963
160	1.3	0.046929
160	1.4	0.041747
160	1.5	0.039079
160	1.6	0.036393
160	1.7	0.033907
160	1.8	0.032943
160	1.9	0.032531
160	2	0.032912
160	2.1	0.032612
160	2.2	0.031349
160	2.3	0.028102
160	2.4	0.02564
160	2.5	0.022944
160	2.6	0.020539
160	2.7	0.017715
160	2.8	0.016974
160	2.9	0.015352
160	3	0.01418
160	3.1	0.01052
160	3.2	0.0080843
160	3.3	0.0074453
160	3.4	0.0067413
160	3.5	0.0081262
160	3.6	0.0088716
160	3.7	0.008008
160	3.8	0.0075766
160	3.9	0.0069468
160	4	0.0070781
170	-4	0.0084671
170	-3.9	0.0086015
170	-3.8	0.0090893
170	-3.7	0.0081935
170	-3.6	0.0080803
170	-3.5	0.0072984
170	-3.4	0.0071666
170	-3.3	0.0077828
170	-3.2	0.008991
170	-3.1	0.0097466
170	-3	0.0098209
170	-2.9	0.010222
170	-2.8	0.011023
170	-2.7	0.013979
170	-2.6	0.0181
170	-2.5	0.022274
170	-2.4	0.025873
170	-2.3	0.028353
170	-2.2	0.030747
170	-2.1	0.032143
170	-2	0.033536
170	-1.9	0.034191
170	-1.8	0.03505
170	-1.7	0.034412
170	-1.6	0.032053
170	-1.5	0.030839
170	-1.4	0.026027
170	-1.3	0.02349
170	-1.2	0.024921
170	-1.1	0.032402
170	-1	0.039598
170	-0.9	0.045022
170	-0.8	0.052567
170	-0.7	0.055599
170	-0.6	0.054718
170	-0.5	0.049482
170	-0.4	0.044465
170	-0.3	0.033022
170	-0.2	0.023948
170	-0.1	0.018581
170	0	0.013522
170	0.1	0.0127
170	0.2	0.013007
170	0.3	0.015693
170	0.4	0.019516
170	0.5	0.025168
170	0.6	0.035251
170	0.7	0.041605
170	0.8	0.046442
170	0.9	0.050701
170	1	0.051243
170	1.1	0.050734
170	1.2	0.048017
170	1.3	0.043707
170	1.4	0.040501
170	1.5	0.03739
170	1.6	0.035409
170	1.7	0.033943
170	1.8	0.032005
170	1.9	0.03094
170	2	0.03093
170	2.1	0.03132
170	2.2	0.03044
170	2.3	0.028826
170	2.4	0.027259
170	2.5	0.025461
170	2.6	0.022537
170	2.7	0.019459
170	2.8	0.017579
170	2.9	0.01474
170	3	0.013447
170	3.1	0.012363
170	3.2	0.010635
170	3.3	0.0098783
170	3.4	0.008964
170	3.5	0.0092724
170	3.6	0.0093592
170	3.7	0.009581
170	3.8	0.0091514
170	3.9	0.0095827
170	4	0.0091672
180	-4	0.0094348
180	-3.9	0.011097
180	-3.8	0.012408
180	-3.7	0.011569
180	-3.6	0.009213
180	-3.5	0.0068696
180	-3.4	0.0063027
180	-3.3	0.0099077
180	-3.2	0.011785
180	-3.1	0.012888
180	-3	0.012798
180	-2.9	0.010598
180	-2.8	0.0089856
180	-2.7	0.010683
180	-2.6	0.018527
180	-2.5	0.026108
180	-2.4	0.032269
180	-2.3	0.034214
180	-2.2	0.034213
180	-2.1	0.03352
180	-2	0.032501
180	-1.9	0.033856
180	-1.8	0.035756
180	-1.7	0.037198
180	-1.6	0.036536
180	-1.5	0.032691
180	-1.4	0.027558
180	-1.3	0.023946
180	-1.2	0.027013
180	-1.1	0.032757
180	-1	0.041483
180	-0.9	0.050136
180	-0.8	0.055597
180	-0.7	0.059023
180	-0.6	0.057992
180	-0.5	0.052382
180	-0.4	0.041827
180	-0.3	0.031035
180	-0.2	0.024617
180	-0.1	0.019196
180	0	0.01472
180	0.1	0.014012
180	0.2	0.015094
180	0.3	0.018484
180	0.4	0.023634
180	0.5	0.029656
180	0.6	0.038009
180	0.7	0.046405
180	0.8	0.050181
180	0.9	0.051719
180	1	0.051342
180	1.1	0.050055
180	1.2	0.047923
180	1.3	0.043412
180	1.4	0.039949
180	1.5	0.038634
180	1.6	0.037015
180	1.7	0.036536
180	1.8	0.034902
180	1.9	0.033745
180	2	0.033562
180	2.1	0.032541
180	2.2	0.030953
180	2.3	0.028809
180	2.4	0.027705
180	2.5	0.02521
180	2.6	0.022086
180	2.7	0.019809
180	2.8	0.018059
180	2.9	0.014633
180	3	0.012691
180	3.1	0.010364
180	3.2	0.0089964
180	3.3	0.0084709
180	3.4	0.0081955
180	3.5	0.0081361
180	3.6	0.0076804
180	3.7	0.0074432
180	3.8	0.0068223
180	3.9	0.007787
180	4	0.00815
 
Uniformity Ratio =0.68683
