08-Jan-2018
6:33
TXR  008012 RM428 R24
33511B Function Generator
SN =Agilent Technologies,33511B,MY52301476,3.05-1.19-2.00-52-00
freq =+9.300000000000000E+06
burstmode =TRIG
burstN =+6.000000000000000E+01
voltage =+1.5000000000000E-01
 
DSO-X 2022A Oscilloscope
SN =AGILENT TECHNOLOGIES,DSO-X 2022A,MY54310921,02.41.2015102200
probe =+1.0000000E+00
scale =+500.0E-09
position =+19.900000E-06
range =+1.60E+00
units =VOLT
points =+2000
pointmode =NORM
format =BYTE
acqtype =NORM
trigsource =EXT
coupling =AC
 
-180	-4	0.010237
-180	-3.9	0.011094
-180	-3.8	0.010934
-180	-3.7	0.00966
-180	-3.6	0.0089622
-180	-3.5	0.0078613
-180	-3.4	0.0085657
-180	-3.3	0.0093037
-180	-3.2	0.0099776
-180	-3.1	0.0098538
-180	-3	0.010129
-180	-2.9	0.012819
-180	-2.8	0.016799
-180	-2.7	0.023233
-180	-2.6	0.027377
-180	-2.5	0.031544
-180	-2.4	0.034368
-180	-2.3	0.03567
-180	-2.2	0.036462
-180	-2.1	0.037918
-180	-2	0.040199
-180	-1.9	0.042035
-180	-1.8	0.042317
-180	-1.7	0.039176
-180	-1.6	0.033304
-180	-1.5	0.027163
-180	-1.4	0.022862
-180	-1.3	0.026723
-180	-1.2	0.033534
-180	-1.1	0.043365
-180	-1	0.051739
-180	-0.9	0.05653
-180	-0.8	0.058736
-180	-0.7	0.05721
-180	-0.6	0.050422
-180	-0.5	0.043642
-180	-0.4	0.035433
-180	-0.3	0.027335
-180	-0.2	0.021655
-180	-0.1	0.018259
-180	0	0.017018
-180	0.1	0.017433
-180	0.2	0.018317
-180	0.3	0.023299
-180	0.4	0.029452
-180	0.5	0.035109
-180	0.6	0.039956
-180	0.7	0.042746
-180	0.8	0.045312
-180	0.9	0.045389
-180	1	0.04319
-180	1.1	0.040625
-180	1.2	0.037024
-180	1.3	0.033708
-180	1.4	0.030443
-180	1.5	0.028658
-180	1.6	0.027734
-180	1.7	0.027988
-180	1.8	0.027566
-180	1.9	0.027
-180	2	0.026379
-180	2.1	0.025223
-180	2.2	0.024092
-180	2.3	0.022275
-180	2.4	0.020554
-180	2.5	0.01932
-180	2.6	0.017787
-180	2.7	0.015699
-180	2.8	0.014443
-180	2.9	0.012819
-180	3	0.011597
-180	3.1	0.010519
-180	3.2	0.0097316
-180	3.3	0.0083246
-180	3.4	0.0074192
-180	3.5	0.0069258
-180	3.6	0.0056966
-180	3.7	0.0055179
-180	3.8	0.0063334
-180	3.9	0.0067341
-180	4	0.006652
-170	-4	0.013797
-170	-3.9	0.013283
-170	-3.8	0.010848
-170	-3.7	0.0086857
-170	-3.6	0.0066811
-170	-3.5	0.0074972
-170	-3.4	0.009695
-170	-3.3	0.010798
-170	-3.2	0.010137
-170	-3.1	0.0087524
-170	-3	0.0082466
-170	-2.9	0.011119
-170	-2.8	0.016475
-170	-2.7	0.024014
-170	-2.6	0.028018
-170	-2.5	0.031657
-170	-2.4	0.034596
-170	-2.3	0.035493
-170	-2.2	0.036807
-170	-2.1	0.038388
-170	-2	0.040399
-170	-1.9	0.04301
-170	-1.8	0.044005
-170	-1.7	0.042027
-170	-1.6	0.036417
-170	-1.5	0.028144
-170	-1.4	0.021998
-170	-1.3	0.026006
-170	-1.2	0.036552
-170	-1.1	0.04706
-170	-1	0.057036
-170	-0.9	0.061892
-170	-0.8	0.064322
-170	-0.7	0.060698
-170	-0.6	0.053753
-170	-0.5	0.04472
-170	-0.4	0.036095
-170	-0.3	0.03019
-170	-0.2	0.021469
-170	-0.1	0.019341
-170	0	0.019181
-170	0.1	0.020105
-170	0.2	0.021903
-170	0.3	0.026648
-170	0.4	0.03209
-170	0.5	0.035845
-170	0.6	0.040169
-170	0.7	0.043436
-170	0.8	0.045032
-170	0.9	0.044143
-170	1	0.041897
-170	1.1	0.039792
-170	1.2	0.037166
-170	1.3	0.033701
-170	1.4	0.030612
-170	1.5	0.028798
-170	1.6	0.026988
-170	1.7	0.025545
-170	1.8	0.024063
-170	1.9	0.023779
-170	2	0.024299
-170	2.1	0.024478
-170	2.2	0.024435
-170	2.3	0.023308
-170	2.4	0.021596
-170	2.5	0.01958
-170	2.6	0.016873
-170	2.7	0.014027
-170	2.8	0.012725
-170	2.9	0.012266
-170	3	0.012628
-170	3.1	0.012464
-170	3.2	0.011118
-170	3.3	0.0095472
-170	3.4	0.0080281
-170	3.5	0.0058891
-170	3.6	0.0049465
-170	3.7	0.0049856
-170	3.8	0.0058478
-170	3.9	0.0066252
-170	4	0.0068318
-160	-4	0.013704
-160	-3.9	0.014125
-160	-3.8	0.013401
-160	-3.7	0.011618
-160	-3.6	0.0099273
-160	-3.5	0.0092759
-160	-3.4	0.010213
-160	-3.3	0.011378
-160	-3.2	0.011419
-160	-3.1	0.011005
-160	-3	0.011416
-160	-2.9	0.015093
-160	-2.8	0.019414
-160	-2.7	0.025503
-160	-2.6	0.030138
-160	-2.5	0.034751
-160	-2.4	0.037268
-160	-2.3	0.039391
-160	-2.2	0.041779
-160	-2.1	0.044037
-160	-2	0.046574
-160	-1.9	0.047904
-160	-1.8	0.046485
-160	-1.7	0.043478
-160	-1.6	0.036231
-160	-1.5	0.027592
-160	-1.4	0.024254
-160	-1.3	0.029076
-160	-1.2	0.039078
-160	-1.1	0.049328
-160	-1	0.058089
-160	-0.9	0.062793
-160	-0.8	0.065811
-160	-0.7	0.063146
-160	-0.6	0.058472
-160	-0.5	0.051804
-160	-0.4	0.042768
-160	-0.3	0.033716
-160	-0.2	0.027021
-160	-0.1	0.023743
-160	0	0.022884
-160	0.1	0.022787
-160	0.2	0.024741
-160	0.3	0.028284
-160	0.4	0.032107
-160	0.5	0.035967
-160	0.6	0.040953
-160	0.7	0.043011
-160	0.8	0.044155
-160	0.9	0.043529
-160	1	0.041656
-160	1.1	0.039449
-160	1.2	0.036854
-160	1.3	0.033378
-160	1.4	0.030297
-160	1.5	0.028572
-160	1.6	0.027655
-160	1.7	0.026724
-160	1.8	0.026087
-160	1.9	0.025803
-160	2	0.026037
-160	2.1	0.026083
-160	2.2	0.025429
-160	2.3	0.023464
-160	2.4	0.022326
-160	2.5	0.020222
-160	2.6	0.017545
-160	2.7	0.014701
-160	2.8	0.012572
-160	2.9	0.010592
-160	3	0.0099679
-160	3.1	0.0095031
-160	3.2	0.0095641
-160	3.3	0.0092235
-160	3.4	0.0093453
-160	3.5	0.0084994
-160	3.6	0.0064372
-160	3.7	0.0056453
-160	3.8	0.0052539
-160	3.9	0.0057136
-160	4	0.0057362
-150	-4	0.014878
-150	-3.9	0.014825
-150	-3.8	0.013701
-150	-3.7	0.011015
-150	-3.6	0.009416
-150	-3.5	0.0089243
-150	-3.4	0.010039
-150	-3.3	0.010899
-150	-3.2	0.010644
-150	-3.1	0.010823
-150	-3	0.011733
-150	-2.9	0.015773
-150	-2.8	0.021403
-150	-2.7	0.025888
-150	-2.6	0.030377
-150	-2.5	0.034417
-150	-2.4	0.037551
-150	-2.3	0.039612
-150	-2.2	0.041356
-150	-2.1	0.044024
-150	-2	0.04556
-150	-1.9	0.047582
-150	-1.8	0.04638
-150	-1.7	0.042391
-150	-1.6	0.035595
-150	-1.5	0.026311
-150	-1.4	0.023247
-150	-1.3	0.029808
-150	-1.2	0.040705
-150	-1.1	0.051342
-150	-1	0.058991
-150	-0.9	0.064948
-150	-0.8	0.06588
-150	-0.7	0.062424
-150	-0.6	0.055689
-150	-0.5	0.048383
-150	-0.4	0.040924
-150	-0.3	0.032819
-150	-0.2	0.02762
-150	-0.1	0.025625
-150	0	0.024363
-150	0.1	0.023979
-150	0.2	0.024849
-150	0.3	0.027099
-150	0.4	0.031046
-150	0.5	0.034656
-150	0.6	0.037614
-150	0.7	0.040096
-150	0.8	0.040779
-150	0.9	0.039952
-150	1	0.038083
-150	1.1	0.035937
-150	1.2	0.033671
-150	1.3	0.0306
-150	1.4	0.02857
-150	1.5	0.026897
-150	1.6	0.026248
-150	1.7	0.025266
-150	1.8	0.025443
-150	1.9	0.025697
-150	2	0.025513
-150	2.1	0.024411
-150	2.2	0.023187
-150	2.3	0.021324
-150	2.4	0.019997
-150	2.5	0.018994
-150	2.6	0.01829
-150	2.7	0.017165
-150	2.8	0.015955
-150	2.9	0.01409
-150	3	0.011646
-150	3.1	0.0093471
-150	3.2	0.0078572
-150	3.3	0.0077349
-150	3.4	0.0080402
-150	3.5	0.0078675
-150	3.6	0.0068766
-150	3.7	0.0063817
-150	3.8	0.0062097
-150	3.9	0.0061679
-150	4	0.0055646
-140	-4	0.013204
-140	-3.9	0.013238
-140	-3.8	0.012338
-140	-3.7	0.011004
-140	-3.6	0.010262
-140	-3.5	0.010343
-140	-3.4	0.010878
-140	-3.3	0.011113
-140	-3.2	0.01001
-140	-3.1	0.0093953
-140	-3	0.011485
-140	-2.9	0.015899
-140	-2.8	0.022306
-140	-2.7	0.02767
-140	-2.6	0.032073
-140	-2.5	0.034288
-140	-2.4	0.036613
-140	-2.3	0.038849
-140	-2.2	0.04213
-140	-2.1	0.046071
-140	-2	0.048486
-140	-1.9	0.048969
-140	-1.8	0.046245
-140	-1.7	0.03975
-140	-1.6	0.03333
-140	-1.5	0.024835
-140	-1.4	0.023911
-140	-1.3	0.03034
-140	-1.2	0.045167
-140	-1.1	0.053174
-140	-1	0.060874
-140	-0.9	0.063959
-140	-0.8	0.063905
-140	-0.7	0.060184
-140	-0.6	0.053109
-140	-0.5	0.04495
-140	-0.4	0.038652
-140	-0.3	0.031562
-140	-0.2	0.028756
-140	-0.1	0.027311
-140	0	0.026823
-140	0.1	0.027441
-140	0.2	0.028974
-140	0.3	0.031377
-140	0.4	0.03443
-140	0.5	0.036465
-140	0.6	0.037678
-140	0.7	0.037966
-140	0.8	0.03757
-140	0.9	0.035902
-140	1	0.034364
-140	1.1	0.033035
-140	1.2	0.030796
-140	1.3	0.028656
-140	1.4	0.026905
-140	1.5	0.02596
-140	1.6	0.024806
-140	1.7	0.024864
-140	1.8	0.025309
-140	1.9	0.025709
-140	2	0.025861
-140	2.1	0.024791
-140	2.2	0.023292
-140	2.3	0.021288
-140	2.4	0.020529
-140	2.5	0.018792
-140	2.6	0.017545
-140	2.7	0.016805
-140	2.8	0.015935
-140	2.9	0.014162
-140	3	0.01174
-140	3.1	0.0097183
-140	3.2	0.0084556
-140	3.3	0.0079553
-140	3.4	0.0083304
-140	3.5	0.0083865
-140	3.6	0.0082798
-140	3.7	0.0081003
-140	3.8	0.0071959
-140	3.9	0.0064996
-140	4	0.0066277
-130	-4	0.014305
-130	-3.9	0.012988
-130	-3.8	0.011122
-130	-3.7	0.0096566
-130	-3.6	0.0096415
-130	-3.5	0.011036
-130	-3.4	0.011804
-130	-3.3	0.012374
-130	-3.2	0.011253
-130	-3.1	0.0109
-130	-3	0.013072
-130	-2.9	0.017834
-130	-2.8	0.022566
-130	-2.7	0.029999
-130	-2.6	0.033375
-130	-2.5	0.036449
-130	-2.4	0.03859
-130	-2.3	0.039876
-130	-2.2	0.041813
-130	-2.1	0.043654
-130	-2	0.045537
-130	-1.9	0.045767
-130	-1.8	0.044589
-130	-1.7	0.037706
-130	-1.6	0.033275
-130	-1.5	0.024577
-130	-1.4	0.02206
-130	-1.3	0.027406
-130	-1.2	0.043605
-130	-1.1	0.049673
-130	-1	0.060142
-130	-0.9	0.065487
-130	-0.8	0.065194
-130	-0.7	0.061743
-130	-0.6	0.053833
-130	-0.5	0.048165
-130	-0.4	0.040951
-130	-0.3	0.033921
-130	-0.2	0.028675
-130	-0.1	0.026252
-130	0	0.025193
-130	0.1	0.02415
-130	0.2	0.024868
-130	0.3	0.026946
-130	0.4	0.029978
-130	0.5	0.03306
-130	0.6	0.035644
-130	0.7	0.037256
-130	0.8	0.037376
-130	0.9	0.036498
-130	1	0.034235
-130	1.1	0.03185
-130	1.2	0.029309
-130	1.3	0.026159
-130	1.4	0.024115
-130	1.5	0.022518
-130	1.6	0.022136
-130	1.7	0.021437
-130	1.8	0.021412
-130	1.9	0.021147
-130	2	0.020688
-130	2.1	0.019669
-130	2.2	0.018656
-130	2.3	0.017456
-130	2.4	0.015991
-130	2.5	0.015211
-130	2.6	0.014427
-130	2.7	0.013562
-130	2.8	0.013088
-130	2.9	0.011508
-130	3	0.010095
-130	3.1	0.0088424
-130	3.2	0.0075059
-130	3.3	0.0074778
-130	3.4	0.0074258
-130	3.5	0.0075166
-130	3.6	0.0070827
-130	3.7	0.0069398
-130	3.8	0.0073558
-130	3.9	0.0064847
-130	4	0.0059056
-120	-4	0.013545
-120	-3.9	0.012542
-120	-3.8	0.011131
-120	-3.7	0.010557
-120	-3.6	0.010629
-120	-3.5	0.0118
-120	-3.4	0.01216
-120	-3.3	0.011426
-120	-3.2	0.01029
-120	-3.1	0.010412
-120	-3	0.013455
-120	-2.9	0.020261
-120	-2.8	0.025359
-120	-2.7	0.029716
-120	-2.6	0.032913
-120	-2.5	0.035384
-120	-2.4	0.036542
-120	-2.3	0.037458
-120	-2.2	0.04038
-120	-2.1	0.043561
-120	-2	0.046152
-120	-1.9	0.046948
-120	-1.8	0.044078
-120	-1.7	0.039047
-120	-1.6	0.03013
-120	-1.5	0.021863
-120	-1.4	0.021943
-120	-1.3	0.028163
-120	-1.2	0.038988
-120	-1.1	0.051844
-120	-1	0.059081
-120	-0.9	0.062938
-120	-0.8	0.062195
-120	-0.7	0.058731
-120	-0.6	0.051056
-120	-0.5	0.047399
-120	-0.4	0.03915
-120	-0.3	0.034145
-120	-0.2	0.030721
-120	-0.1	0.028257
-120	0	0.026734
-120	0.1	0.025856
-120	0.2	0.025981
-120	0.3	0.027205
-120	0.4	0.029387
-120	0.5	0.0324
-120	0.6	0.034648
-120	0.7	0.036022
-120	0.8	0.03684
-120	0.9	0.036579
-120	1	0.035224
-120	1.1	0.033361
-120	1.2	0.030483
-120	1.3	0.027701
-120	1.4	0.025543
-120	1.5	0.024447
-120	1.6	0.024133
-120	1.7	0.024015
-120	1.8	0.024906
-120	1.9	0.025028
-120	2	0.024821
-120	2.1	0.023979
-120	2.2	0.022178
-120	2.3	0.020866
-120	2.4	0.01926
-120	2.5	0.018075
-120	2.6	0.017488
-120	2.7	0.016369
-120	2.8	0.014446
-120	2.9	0.012371
-120	3	0.010951
-120	3.1	0.0084192
-120	3.2	0.007762
-120	3.3	0.0078757
-120	3.4	0.008373
-120	3.5	0.0081678
-120	3.6	0.0074865
-120	3.7	0.006879
-120	3.8	0.0067077
-120	3.9	0.0066617
-120	4	0.0065195
-110	-4	0.013544
-110	-3.9	0.012596
-110	-3.8	0.010712
-110	-3.7	0.0089025
-110	-3.6	0.0086109
-110	-3.5	0.0095641
-110	-3.4	0.010679
-110	-3.3	0.011529
-110	-3.2	0.010833
-110	-3.1	0.0097217
-110	-3	0.010934
-110	-2.9	0.016174
-110	-2.8	0.021034
-110	-2.7	0.027309
-110	-2.6	0.031407
-110	-2.5	0.034513
-110	-2.4	0.036782
-110	-2.3	0.037722
-110	-2.2	0.0405
-110	-2.1	0.042935
-110	-2	0.045028
-110	-1.9	0.045255
-110	-1.8	0.043461
-110	-1.7	0.038423
-110	-1.6	0.030334
-110	-1.5	0.023111
-110	-1.4	0.022423
-110	-1.3	0.032282
-110	-1.2	0.040338
-110	-1.1	0.049419
-110	-1	0.059001
-110	-0.9	0.062527
-110	-0.8	0.062551
-110	-0.7	0.058659
-110	-0.6	0.052377
-110	-0.5	0.04568
-110	-0.4	0.03852
-110	-0.3	0.033003
-110	-0.2	0.029532
-110	-0.1	0.027073
-110	0	0.026105
-110	0.1	0.025168
-110	0.2	0.025064
-110	0.3	0.025615
-110	0.4	0.027644
-110	0.5	0.028847
-110	0.6	0.030641
-110	0.7	0.031869
-110	0.8	0.032609
-110	0.9	0.032455
-110	1	0.031748
-110	1.1	0.030147
-110	1.2	0.029405
-110	1.3	0.027967
-110	1.4	0.026093
-110	1.5	0.024098
-110	1.6	0.022231
-110	1.7	0.022213
-110	1.8	0.02241
-110	1.9	0.023478
-110	2	0.023672
-110	2.1	0.02289
-110	2.2	0.022167
-110	2.3	0.020114
-110	2.4	0.017342
-110	2.5	0.015039
-110	2.6	0.014168
-110	2.7	0.013133
-110	2.8	0.013229
-110	2.9	0.012702
-110	3	0.011807
-110	3.1	0.010351
-110	3.2	0.008488
-110	3.3	0.007714
-110	3.4	0.0069398
-110	3.5	0.0069001
-110	3.6	0.0064797
-110	3.7	0.0061443
-110	3.8	0.0059492
-110	3.9	0.0059465
-110	4	0.0059925
-100	-4	0.01
-100	-3.9	0.010604
-100	-3.8	0.01032
-100	-3.7	0.0093141
-100	-3.6	0.0086558
-100	-3.5	0.0087911
-100	-3.4	0.0094929
-100	-3.3	0.0099028
-100	-3.2	0.011072
-100	-3.1	0.011601
-100	-3	0.013045
-100	-2.9	0.016238
-100	-2.8	0.019407
-100	-2.7	0.025778
-100	-2.6	0.029307
-100	-2.5	0.03422
-100	-2.4	0.036731
-100	-2.3	0.03846
-100	-2.2	0.039732
-100	-2.1	0.041838
-100	-2	0.042443
-100	-1.9	0.043247
-100	-1.8	0.042055
-100	-1.7	0.03642
-100	-1.6	0.03103
-100	-1.5	0.025639
-100	-1.4	0.022184
-100	-1.3	0.027191
-100	-1.2	0.037182
-100	-1.1	0.047751
-100	-1	0.055421
-100	-0.9	0.05964
-100	-0.8	0.061354
-100	-0.7	0.058911
-100	-0.6	0.052942
-100	-0.5	0.045132
-100	-0.4	0.040033
-100	-0.3	0.033401
-100	-0.2	0.02923
-100	-0.1	0.026487
-100	0	0.022986
-100	0.1	0.021336
-100	0.2	0.021458
-100	0.3	0.022837
-100	0.4	0.026692
-100	0.5	0.031271
-100	0.6	0.03511
-100	0.7	0.0388
-100	0.8	0.040039
-100	0.9	0.039718
-100	1	0.037665
-100	1.1	0.036376
-100	1.2	0.032387
-100	1.3	0.030436
-100	1.4	0.027898
-100	1.5	0.026121
-100	1.6	0.025554
-100	1.7	0.024795
-100	1.8	0.024269
-100	1.9	0.023592
-100	2	0.022459
-100	2.1	0.02222
-100	2.2	0.021406
-100	2.3	0.019961
-100	2.4	0.019001
-100	2.5	0.017221
-100	2.6	0.014563
-100	2.7	0.013145
-100	2.8	0.011355
-100	2.9	0.0095201
-100	3	0.0090929
-100	3.1	0.008745
-100	3.2	0.0084766
-100	3.3	0.0077119
-100	3.4	0.0062873
-100	3.5	0.0058946
-100	3.6	0.0047225
-100	3.7	0.005192
-100	3.8	0.0054115
-100	3.9	0.0056281
-100	4	0.0056881
-90	-4	0.011498
-90	-3.9	0.011071
-90	-3.8	0.0099468
-90	-3.7	0.0096046
-90	-3.6	0.0093712
-90	-3.5	0.0099533
-90	-3.4	0.010621
-90	-3.3	0.011312
-90	-3.2	0.01226
-90	-3.1	0.013222
-90	-3	0.014386
-90	-2.9	0.017104
-90	-2.8	0.020837
-90	-2.7	0.025053
-90	-2.6	0.03039
-90	-2.5	0.034129
-90	-2.4	0.037218
-90	-2.3	0.038067
-90	-2.2	0.039625
-90	-2.1	0.041622
-90	-2	0.042462
-90	-1.9	0.042588
-90	-1.8	0.040598
-90	-1.7	0.038054
-90	-1.6	0.030428
-90	-1.5	0.024147
-90	-1.4	0.022681
-90	-1.3	0.02924
-90	-1.2	0.036993
-90	-1.1	0.044272
-90	-1	0.055323
-90	-0.9	0.059449
-90	-0.8	0.059708
-90	-0.7	0.057089
-90	-0.6	0.053229
-90	-0.5	0.047027
-90	-0.4	0.039021
-90	-0.3	0.032123
-90	-0.2	0.02692
-90	-0.1	0.024331
-90	0	0.022094
-90	0.1	0.021014
-90	0.2	0.021345
-90	0.3	0.023218
-90	0.4	0.02604
-90	0.5	0.031496
-90	0.6	0.035768
-90	0.7	0.038468
-90	0.8	0.040416
-90	0.9	0.040157
-90	1	0.038248
-90	1.1	0.036382
-90	1.2	0.033359
-90	1.3	0.030207
-90	1.4	0.028172
-90	1.5	0.027732
-90	1.6	0.0271
-90	1.7	0.026985
-90	1.8	0.02665
-90	1.9	0.025124
-90	2	0.024224
-90	2.1	0.022495
-90	2.2	0.021767
-90	2.3	0.020349
-90	2.4	0.019477
-90	2.5	0.018554
-90	2.6	0.017395
-90	2.7	0.015772
-90	2.8	0.01378
-90	2.9	0.011081
-90	3	0.0090591
-90	3.1	0.0087117
-90	3.2	0.0084899
-90	3.3	0.0079003
-90	3.4	0.0074127
-90	3.5	0.0066399
-90	3.6	0.0069491
-90	3.7	0.006014
-90	3.8	0.0062847
-90	3.9	0.0061074
-90	4	0.0061601
-80	-4	0.0097449
-80	-3.9	0.01006
-80	-3.8	0.0093902
-80	-3.7	0.0087061
-80	-3.6	0.0086109
-80	-3.5	0.00968
-80	-3.4	0.010274
-80	-3.3	0.01054
-80	-3.2	0.011204
-80	-3.1	0.011382
-80	-3	0.014092
-80	-2.9	0.017053
-80	-2.8	0.020073
-80	-2.7	0.024207
-80	-2.6	0.027303
-80	-2.5	0.030648
-80	-2.4	0.032429
-80	-2.3	0.035506
-80	-2.2	0.037366
-80	-2.1	0.039687
-80	-2	0.041529
-80	-1.9	0.042141
-80	-1.8	0.041499
-80	-1.7	0.038027
-80	-1.6	0.032307
-80	-1.5	0.025934
-80	-1.4	0.023876
-80	-1.3	0.029204
-80	-1.2	0.034843
-80	-1.1	0.046913
-80	-1	0.054029
-80	-0.9	0.057177
-80	-0.8	0.056686
-80	-0.7	0.054246
-80	-0.6	0.047402
-80	-0.5	0.040515
-80	-0.4	0.035589
-80	-0.3	0.028218
-80	-0.2	0.025225
-80	-0.1	0.022444
-80	0	0.021322
-80	0.1	0.021307
-80	0.2	0.023073
-80	0.3	0.027216
-80	0.4	0.029955
-80	0.5	0.032757
-80	0.6	0.036793
-80	0.7	0.039973
-80	0.8	0.040989
-80	0.9	0.041178
-80	1	0.039319
-80	1.1	0.03778
-80	1.2	0.033352
-80	1.3	0.030895
-80	1.4	0.028335
-80	1.5	0.027312
-80	1.6	0.026424
-80	1.7	0.026506
-80	1.8	0.026276
-80	1.9	0.025998
-80	2	0.025054
-80	2.1	0.023155
-80	2.2	0.021267
-80	2.3	0.019516
-80	2.4	0.018797
-80	2.5	0.018125
-80	2.6	0.017443
-80	2.7	0.015756
-80	2.8	0.013391
-80	2.9	0.011326
-80	3	0.0094108
-80	3.1	0.0079614
-80	3.2	0.0079695
-80	3.3	0.0088661
-80	3.4	0.0085808
-80	3.5	0.0071666
-80	3.6	0.0065294
-80	3.7	0.0056596
-80	3.8	0.0055092
-80	3.9	0.006522
-80	4	0.007369
-70	-4	0.010506
-70	-3.9	0.010674
-70	-3.8	0.010041
-70	-3.7	0.0083981
-70	-3.6	0.007851
-70	-3.5	0.0080903
-70	-3.4	0.0095506
-70	-3.3	0.010854
-70	-3.2	0.011893
-70	-3.1	0.011811
-70	-3	0.013079
-70	-2.9	0.016042
-70	-2.8	0.01964
-70	-2.7	0.024314
-70	-2.6	0.02778
-70	-2.5	0.030287
-70	-2.4	0.031735
-70	-2.3	0.03337
-70	-2.2	0.034807
-70	-2.1	0.03659
-70	-2	0.038519
-70	-1.9	0.039716
-70	-1.8	0.038923
-70	-1.7	0.035959
-70	-1.6	0.032061
-70	-1.5	0.025647
-70	-1.4	0.024213
-70	-1.3	0.027652
-70	-1.2	0.036444
-70	-1.1	0.045423
-70	-1	0.051741
-70	-0.9	0.056543
-70	-0.8	0.056275
-70	-0.7	0.053204
-70	-0.6	0.046745
-70	-0.5	0.04171
-70	-0.4	0.031376
-70	-0.3	0.026513
-70	-0.2	0.023228
-70	-0.1	0.020268
-70	0	0.019387
-70	0.1	0.019862
-70	0.2	0.023033
-70	0.3	0.025161
-70	0.4	0.032027
-70	0.5	0.035342
-70	0.6	0.040155
-70	0.7	0.042474
-70	0.8	0.043817
-70	0.9	0.043309
-70	1	0.042108
-70	1.1	0.040343
-70	1.2	0.037546
-70	1.3	0.033495
-70	1.4	0.031252
-70	1.5	0.029395
-70	1.6	0.028696
-70	1.7	0.028832
-70	1.8	0.028328
-70	1.9	0.027686
-70	2	0.025849
-70	2.1	0.02313
-70	2.2	0.021275
-70	2.3	0.020266
-70	2.4	0.019348
-70	2.5	0.018816
-70	2.6	0.018398
-70	2.7	0.017364
-70	2.8	0.015416
-70	2.9	0.013308
-70	3	0.011489
-70	3.1	0.0094194
-70	3.2	0.0089025
-70	3.3	0.0084077
-70	3.4	0.0082857
-70	3.5	0.0078098
-70	3.6	0.0072851
-70	3.7	0.0074366
-70	3.8	0.0074388
-70	3.9	0.0077328
-70	4	0.0084403
-60	-4	0.0085336
-60	-3.9	0.010234
-60	-3.8	0.010549
-60	-3.7	0.010016
-60	-3.6	0.0094177
-60	-3.5	0.0088204
-60	-3.4	0.010178
-60	-3.3	0.011353
-60	-3.2	0.012166
-60	-3.1	0.012528
-60	-3	0.01227
-60	-2.9	0.014078
-60	-2.8	0.016802
-60	-2.7	0.022579
-60	-2.6	0.028252
-60	-2.5	0.030983
-60	-2.4	0.033071
-60	-2.3	0.034627
-60	-2.2	0.035049
-60	-2.1	0.036457
-60	-2	0.038371
-60	-1.9	0.040209
-60	-1.8	0.0408
-60	-1.7	0.039451
-60	-1.6	0.034549
-60	-1.5	0.031822
-60	-1.4	0.026911
-60	-1.3	0.028141
-60	-1.2	0.035544
-60	-1.1	0.042126
-60	-1	0.050143
-60	-0.9	0.054682
-60	-0.8	0.055511
-60	-0.7	0.052486
-60	-0.6	0.048886
-60	-0.5	0.041527
-60	-0.4	0.035121
-60	-0.3	0.028404
-60	-0.2	0.022863
-60	-0.1	0.019457
-60	0	0.018204
-60	0.1	0.018853
-60	0.2	0.022505
-60	0.3	0.025783
-60	0.4	0.030517
-60	0.5	0.036603
-60	0.6	0.041389
-60	0.7	0.044528
-60	0.8	0.047284
-60	0.9	0.048067
-60	1	0.047145
-60	1.1	0.044864
-60	1.2	0.041348
-60	1.3	0.03725
-60	1.4	0.034686
-60	1.5	0.031035
-60	1.6	0.029763
-60	1.7	0.029018
-60	1.8	0.028847
-60	1.9	0.028397
-60	2	0.026378
-60	2.1	0.023633
-60	2.2	0.021531
-60	2.3	0.018896
-60	2.4	0.016919
-60	2.5	0.016088
-60	2.6	0.015964
-60	2.7	0.015565
-60	2.8	0.0144
-60	2.9	0.01284
-60	3	0.010747
-60	3.1	0.008562
-60	3.2	0.0071304
-60	3.3	0.007053
-60	3.4	0.0071214
-60	3.5	0.0067533
-60	3.6	0.0068531
-60	3.7	0.0060622
-60	3.8	0.0059083
-60	3.9	0.0057839
-60	4	0.0061417
-50	-4	0.0085657
-50	-3.9	0.0088149
-50	-3.8	0.0081083
-50	-3.7	0.0072984
-50	-3.6	0.0072026
-50	-3.5	0.0081282
-50	-3.4	0.0090448
-50	-3.3	0.010865
-50	-3.2	0.011701
-50	-3.1	0.011232
-50	-3	0.011617
-50	-2.9	0.012439
-50	-2.8	0.01449
-50	-2.7	0.018669
-50	-2.6	0.021778
-50	-2.5	0.026521
-50	-2.4	0.028459
-50	-2.3	0.030493
-50	-2.2	0.03149
-50	-2.1	0.032354
-50	-2	0.034545
-50	-1.9	0.035701
-50	-1.8	0.037566
-50	-1.7	0.037615
-50	-1.6	0.036092
-50	-1.5	0.031343
-50	-1.4	0.029628
-50	-1.3	0.029595
-50	-1.2	0.034645
-50	-1.1	0.042637
-50	-1	0.049518
-50	-0.9	0.054442
-50	-0.8	0.056461
-50	-0.7	0.05586
-50	-0.6	0.050015
-50	-0.5	0.04297
-50	-0.4	0.03833
-50	-0.3	0.027146
-50	-0.2	0.020047
-50	-0.1	0.01687
-50	0	0.015815
-50	0.1	0.016246
-50	0.2	0.019463
-50	0.3	0.024484
-50	0.4	0.030397
-50	0.5	0.037068
-50	0.6	0.041373
-50	0.7	0.046336
-50	0.8	0.050078
-50	0.9	0.050683
-50	1	0.050495
-50	1.1	0.048701
-50	1.2	0.046226
-50	1.3	0.043998
-50	1.4	0.04139
-50	1.5	0.037225
-50	1.6	0.034219
-50	1.7	0.030866
-50	1.8	0.029867
-50	1.9	0.028789
-50	2	0.028247
-50	2.1	0.027491
-50	2.2	0.026435
-50	2.3	0.024811
-50	2.4	0.022414
-50	2.5	0.019061
-50	2.6	0.016168
-50	2.7	0.013244
-50	2.8	0.01186
-50	2.9	0.010881
-50	3	0.009893
-50	3.1	0.0088021
-50	3.2	0.007737
-50	3.3	0.0076424
-50	3.4	0.0062616
-50	3.5	0.006259
-50	3.6	0.0061311
-50	3.7	0.0062899
-50	3.8	0.0059601
-50	3.9	0.0058754
-50	4	0.0063538
-40	-4	0.0095844
-40	-3.9	0.0097
-40	-3.8	0.00878
-40	-3.7	0.0081321
-40	-3.6	0.0069351
-40	-3.5	0.0070484
-40	-3.4	0.0085089
-40	-3.3	0.010345
-40	-3.2	0.011986
-40	-3.1	0.01213
-40	-3	0.011889
-40	-2.9	0.011771
-40	-2.8	0.01368
-40	-2.7	0.018675
-40	-2.6	0.023191
-40	-2.5	0.02713
-40	-2.4	0.029847
-40	-2.3	0.030355
-40	-2.2	0.030514
-40	-2.1	0.031949
-40	-2	0.034727
-40	-1.9	0.037244
-40	-1.8	0.040156
-40	-1.7	0.040133
-40	-1.6	0.03804
-40	-1.5	0.033026
-40	-1.4	0.029231
-40	-1.3	0.030267
-40	-1.2	0.035218
-40	-1.1	0.04133
-40	-1	0.047809
-40	-0.9	0.052009
-40	-0.8	0.054001
-40	-0.7	0.051302
-40	-0.6	0.046562
-40	-0.5	0.039371
-40	-0.4	0.03236
-40	-0.3	0.025243
-40	-0.2	0.020963
-40	-0.1	0.017852
-40	0	0.016721
-40	0.1	0.018846
-40	0.2	0.020414
-40	0.3	0.026324
-40	0.4	0.031889
-40	0.5	0.038327
-40	0.6	0.042884
-40	0.7	0.047298
-40	0.8	0.048892
-40	0.9	0.048889
-40	1	0.047367
-40	1.1	0.04523
-40	1.2	0.042718
-40	1.3	0.040159
-40	1.4	0.038627
-40	1.5	0.036566
-40	1.6	0.035027
-40	1.7	0.032661
-40	1.8	0.031312
-40	1.9	0.030342
-40	2	0.029262
-40	2.1	0.028944
-40	2.2	0.027761
-40	2.3	0.026777
-40	2.4	0.024464
-40	2.5	0.020858
-40	2.6	0.019027
-40	2.7	0.016998
-40	2.8	0.013296
-40	2.9	0.011909
-40	3	0.010312
-40	3.1	0.009608
-40	3.2	0.0092515
-40	3.3	0.0088351
-40	3.4	0.0083634
-40	3.5	0.0075467
-40	3.6	0.0071485
-40	3.7	0.0063817
-40	3.8	0.006517
-40	3.9	0.0066033
-40	4	0.0074692
-30	-4	0.0083266
-30	-3.9	0.0089243
-30	-3.8	0.0086465
-30	-3.7	0.0078056
-30	-3.6	0.0066447
-30	-3.5	0.0068176
-30	-3.4	0.0084594
-30	-3.3	0.010012
-30	-3.2	0.01037
-30	-3.1	0.010598
-30	-3	0.010149
-30	-2.9	0.010885
-30	-2.8	0.014599
-30	-2.7	0.01839
-30	-2.6	0.022009
-30	-2.5	0.024489
-30	-2.4	0.025418
-30	-2.3	0.026203
-30	-2.2	0.027112
-30	-2.1	0.029915
-30	-2	0.032239
-30	-1.9	0.03513
-30	-1.8	0.036752
-30	-1.7	0.036082
-30	-1.6	0.033804
-30	-1.5	0.031513
-30	-1.4	0.028686
-30	-1.3	0.029884
-30	-1.2	0.03404
-30	-1.1	0.040622
-30	-1	0.049379
-30	-0.9	0.054709
-30	-0.8	0.056337
-30	-0.7	0.054387
-30	-0.6	0.049086
-30	-0.5	0.043544
-30	-0.4	0.036019
-30	-0.3	0.025893
-30	-0.2	0.021682
-30	-0.1	0.017584
-30	0	0.016357
-30	0.1	0.018408
-30	0.2	0.022638
-30	0.3	0.02783
-30	0.4	0.032989
-30	0.5	0.038682
-30	0.6	0.044823
-30	0.7	0.049148
-30	0.8	0.051254
-30	0.9	0.052051
-30	1	0.051478
-30	1.1	0.049917
-30	1.2	0.046445
-30	1.3	0.043969
-30	1.4	0.041667
-30	1.5	0.038751
-30	1.6	0.036851
-30	1.7	0.03556
-30	1.8	0.034657
-30	1.9	0.033965
-30	2	0.032887
-30	2.1	0.030938
-30	2.2	0.028855
-30	2.3	0.026727
-30	2.4	0.024492
-30	2.5	0.022165
-30	2.6	0.020682
-30	2.7	0.019611
-30	2.8	0.018633
-30	2.9	0.016433
-30	3	0.014676
-30	3.1	0.010863
-30	3.2	0.010146
-30	3.3	0.009234
-30	3.4	0.0091602
-30	3.5	0.0093936
-30	3.6	0.010073
-30	3.7	0.010603
-30	3.8	0.0096717
-30	3.9	0.0083904
-30	4	0.0081341
-20	-4	0.007818
-20	-3.9	0.0085431
-20	-3.8	0.0090161
-20	-3.7	0.0090215
-20	-3.6	0.0086259
-20	-3.5	0.0077579
-20	-3.4	0.0078366
-20	-3.3	0.0090787
-20	-3.2	0.0105
-20	-3.1	0.011888
-20	-3	0.012692
-20	-2.9	0.012757
-20	-2.8	0.013503
-20	-2.7	0.015507
-20	-2.6	0.019985
-20	-2.5	0.022676
-20	-2.4	0.027633
-20	-2.3	0.028685
-20	-2.2	0.028782
-20	-2.1	0.028478
-20	-2	0.028849
-20	-1.9	0.029961
-20	-1.8	0.032645
-20	-1.7	0.034361
-20	-1.6	0.034053
-20	-1.5	0.032426
-20	-1.4	0.029994
-20	-1.3	0.029184
-20	-1.2	0.032489
-20	-1.1	0.038204
-20	-1	0.043024
-20	-0.9	0.04901
-20	-0.8	0.052726
-20	-0.7	0.052843
-20	-0.6	0.051251
-20	-0.5	0.047097
-20	-0.4	0.038908
-20	-0.3	0.031965
-20	-0.2	0.024914
-20	-0.1	0.02005
-20	0	0.016497
-20	0.1	0.015945
-20	0.2	0.018114
-20	0.3	0.022986
-20	0.4	0.029433
-20	0.5	0.038751
-20	0.6	0.045438
-20	0.7	0.049303
-20	0.8	0.053465
-20	0.9	0.054722
-20	1	0.054746
-20	1.1	0.052296
-20	1.2	0.048875
-20	1.3	0.046137
-20	1.4	0.042338
-20	1.5	0.040214
-20	1.6	0.037828
-20	1.7	0.035917
-20	1.8	0.035645
-20	1.9	0.034635
-20	2	0.033761
-20	2.1	0.031322
-20	2.2	0.028889
-20	2.3	0.02736
-20	2.4	0.025244
-20	2.5	0.022392
-20	2.6	0.020536
-20	2.7	0.018327
-20	2.8	0.015516
-20	2.9	0.012917
-20	3	0.011125
-20	3.1	0.0091177
-20	3.2	0.0081777
-20	3.3	0.0079959
-20	3.4	0.0074778
-20	3.5	0.0071191
-20	3.6	0.0073777
-20	3.7	0.0077724
-20	3.8	0.0083904
-20	3.9	0.0087487
-20	4	0.0075766
-10	-4	0.0064972
-10	-3.9	0.0074432
-10	-3.8	0.008016
-10	-3.7	0.0080643
-10	-3.6	0.0070827
-10	-3.5	0.0054709
-10	-3.4	0.005739
-10	-3.3	0.0075317
-10	-3.2	0.010194
-10	-3.1	0.012261
-10	-3	0.012159
-10	-2.9	0.011077
-10	-2.8	0.0091089
-10	-2.7	0.011052
-10	-2.6	0.016349
-10	-2.5	0.022123
-10	-2.4	0.026118
-10	-2.3	0.027283
-10	-2.2	0.025382
-10	-2.1	0.022725
-10	-2	0.021502
-10	-1.9	0.023418
-10	-1.8	0.028537
-10	-1.7	0.032894
-10	-1.6	0.033909
-10	-1.5	0.032919
-10	-1.4	0.029415
-10	-1.3	0.027492
-10	-1.2	0.030208
-10	-1.1	0.036466
-10	-1	0.043513
-10	-0.9	0.049317
-10	-0.8	0.05528
-10	-0.7	0.057189
-10	-0.6	0.055819
-10	-0.5	0.050084
-10	-0.4	0.043609
-10	-0.3	0.031905
-10	-0.2	0.02604
-10	-0.1	0.016629
-10	0	0.013855
-10	0.1	0.0137
-10	0.2	0.016537
-10	0.3	0.021838
-10	0.4	0.028555
-10	0.5	0.034473
-10	0.6	0.043637
-10	0.7	0.049678
-10	0.8	0.052024
-10	0.9	0.053454
-10	1	0.053223
-10	1.1	0.051232
-10	1.2	0.049326
-10	1.3	0.047182
-10	1.4	0.043478
-10	1.5	0.042088
-10	1.6	0.039945
-10	1.7	0.037966
-10	1.8	0.03587
-10	1.9	0.035653
-10	2	0.034875
-10	2.1	0.033401
-10	2.2	0.031414
-10	2.3	0.030002
-10	2.4	0.027598
-10	2.5	0.024888
-10	2.6	0.021893
-10	2.7	0.020185
-10	2.8	0.019134
-10	2.9	0.017464
-10	3	0.015816
-10	3.1	0.014488
-10	3.2	0.012042
-10	3.3	0.010421
-10	3.4	0.009963
-10	3.5	0.0094502
-10	3.6	0.010372
-10	3.7	0.010987
-10	3.8	0.011197
-10	3.9	0.01048
-10	4	0.0090929
0	-4	0.007069
0	-3.9	0.0067557
0	-3.8	0.0067197
0	-3.7	0.0063027
0	-3.6	0.0067843
0	-3.5	0.0074951
0	-3.4	0.0085639
0	-3.3	0.0098193
0	-3.2	0.0099159
0	-3.1	0.0097233
0	-3	0.0097067
0	-2.9	0.010252
0	-2.8	0.012146
0	-2.7	0.014941
0	-2.6	0.018292
0	-2.5	0.021186
0	-2.4	0.022526
0	-2.3	0.023275
0	-2.2	0.023304
0	-2.1	0.02336
0	-2	0.024559
0	-1.9	0.026729
0	-1.8	0.029133
0	-1.7	0.029403
0	-1.6	0.02851
0	-1.5	0.027299
0	-1.4	0.025627
0	-1.3	0.026239
0	-1.2	0.030583
0	-1.1	0.037059
0	-1	0.044255
0	-0.9	0.048219
0	-0.8	0.051298
0	-0.7	0.051749
0	-0.6	0.049626
0	-0.5	0.045997
0	-0.4	0.039216
0	-0.3	0.034536
0	-0.2	0.027655
0	-0.1	0.022408
0	0	0.019349
0	0.1	0.017031
0	0.2	0.01786
0	0.3	0.021793
0	0.4	0.025047
0	0.5	0.029287
0	0.6	0.03746
0	0.7	0.040291
0	0.8	0.046369
0	0.9	0.050791
0	1	0.051783
0	1.1	0.05226
0	1.2	0.051154
0	1.3	0.049401
0	1.4	0.046171
0	1.5	0.04348
0	1.6	0.041981
0	1.7	0.040389
0	1.8	0.039771
0	1.9	0.039818
0	2	0.038844
0	2.1	0.037591
0	2.2	0.03438
0	2.3	0.03173
0	2.4	0.028412
0	2.5	0.026505
0	2.6	0.02429
0	2.7	0.022536
0	2.8	0.021066
0	2.9	0.019599
0	3	0.016694
0	3.1	0.013501
0	3.2	0.011508
0	3.3	0.010724
0	3.4	0.01098
0	3.5	0.011067
0	3.6	0.011295
0	3.7	0.010738
0	3.8	0.0093228
0	3.9	0.008846
0	4	0.0082329
10	-4	0.0063334
10	-3.9	0.0067485
10	-3.8	0.0069514
10	-3.7	0.0066374
10	-3.6	0.0061889
10	-3.5	0.0056339
10	-3.4	0.0064422
10	-3.3	0.0074518
10	-3.2	0.009009
10	-3.1	0.010074
10	-3	0.010528
10	-2.9	0.010534
10	-2.8	0.011301
10	-2.7	0.012558
10	-2.6	0.016509
10	-2.5	0.019111
10	-2.4	0.02109
10	-2.3	0.023131
10	-2.2	0.023341
10	-2.1	0.02306
10	-2	0.022671
10	-1.9	0.023414
10	-1.8	0.0246
10	-1.7	0.026346
10	-1.6	0.027352
10	-1.5	0.027105
10	-1.4	0.026622
10	-1.3	0.026371
10	-1.2	0.029181
10	-1.1	0.032734
10	-1	0.041966
10	-0.9	0.048501
10	-0.8	0.054194
10	-0.7	0.055797
10	-0.6	0.054916
10	-0.5	0.050356
10	-0.4	0.044934
10	-0.3	0.03478
10	-0.2	0.028634
10	-0.1	0.02437
10	0	0.018384
10	0.1	0.016199
10	0.2	0.015156
10	0.3	0.016988
10	0.4	0.025163
10	0.5	0.032084
10	0.6	0.039426
10	0.7	0.046839
10	0.8	0.051429
10	0.9	0.053226
10	1	0.054127
10	1.1	0.053026
10	1.2	0.050722
10	1.3	0.049279
10	1.4	0.047587
10	1.5	0.045898
10	1.6	0.044357
10	1.7	0.04184
10	1.8	0.040426
10	1.9	0.038633
10	2	0.037972
10	2.1	0.03773
10	2.2	0.037316
10	2.3	0.036224
10	2.4	0.034221
10	2.5	0.029728
10	2.6	0.026885
10	2.7	0.023451
10	2.8	0.021759
10	2.9	0.019528
10	3	0.01818
10	3.1	0.016754
10	3.2	0.015593
10	3.3	0.013811
10	3.4	0.012509
10	3.5	0.01086
10	3.6	0.0097797
10	3.7	0.0096315
10	3.8	0.0092252
10	3.9	0.0090287
10	4	0.0088113
20	-4	0.0052539
20	-3.9	0.0057811
20	-3.8	0.0076909
20	-3.7	0.0083923
20	-3.6	0.0082171
20	-3.5	0.0062899
20	-3.4	0.0058616
20	-3.3	0.006259
20	-3.2	0.008225
20	-3.1	0.011325
20	-3	0.012923
20	-2.9	0.013604
20	-2.8	0.013055
20	-2.7	0.012614
20	-2.6	0.012832
20	-2.5	0.016239
20	-2.4	0.02038
20	-2.3	0.023646
20	-2.2	0.025765
20	-2.1	0.025747
20	-2	0.022923
20	-1.9	0.02068
20	-1.8	0.020649
20	-1.7	0.021495
20	-1.6	0.02445
20	-1.5	0.026184
20	-1.4	0.026791
20	-1.3	0.026018
20	-1.2	0.026598
20	-1.1	0.031028
20	-1	0.036318
20	-0.9	0.041877
20	-0.8	0.050304
20	-0.7	0.054487
20	-0.6	0.054821
20	-0.5	0.052329
20	-0.4	0.046445
20	-0.3	0.041642
20	-0.2	0.032635
20	-0.1	0.026213
20	0	0.019328
20	0.1	0.01638
20	0.2	0.014626
20	0.3	0.017459
20	0.4	0.02167
20	0.5	0.031086
20	0.6	0.036866
20	0.7	0.046505
20	0.8	0.05152
20	0.9	0.054181
20	1	0.055167
20	1.1	0.054411
20	1.2	0.052074
20	1.3	0.048825
20	1.4	0.046663
20	1.5	0.04425
20	1.6	0.041351
20	1.7	0.040238
20	1.8	0.038493
20	1.9	0.037075
20	2	0.036479
20	2.1	0.035779
20	2.2	0.034646
20	2.3	0.032778
20	2.4	0.031534
20	2.5	0.029183
20	2.6	0.02622
20	2.7	0.023791
20	2.8	0.021464
20	2.9	0.018982
20	3	0.017198
20	3.1	0.015878
20	3.2	0.014704
20	3.3	0.014478
20	3.4	0.01395
20	3.5	0.013198
20	3.6	0.011848
20	3.7	0.011215
20	3.8	0.009989
20	3.9	0.0091284
20	4	0.0086165
30	-4	0.0051514
30	-3.9	0.0063078
30	-3.8	0.0070667
30	-3.7	0.0078387
30	-3.6	0.0077932
30	-3.5	0.0068271
30	-3.4	0.0057503
30	-3.3	0.0060941
30	-3.2	0.0079857
30	-3.1	0.010222
30	-3	0.011372
30	-2.9	0.012176
30	-2.8	0.012944
30	-2.7	0.014229
30	-2.6	0.016625
30	-2.5	0.019234
30	-2.4	0.02251
30	-2.3	0.024186
30	-2.2	0.02508
30	-2.1	0.024437
30	-2	0.02363
30	-1.9	0.022639
30	-1.8	0.022496
30	-1.7	0.023625
30	-1.6	0.024577
30	-1.5	0.025134
30	-1.4	0.025268
30	-1.3	0.025397
30	-1.2	0.026803
30	-1.1	0.030525
30	-1	0.035311
30	-0.9	0.043973
30	-0.8	0.04974
30	-0.7	0.053541
30	-0.6	0.05502
30	-0.5	0.052451
30	-0.4	0.048482
30	-0.3	0.040441
30	-0.2	0.036502
30	-0.1	0.027099
30	0	0.021121
30	0.1	0.017543
30	0.2	0.01513
30	0.3	0.017029
30	0.4	0.019765
30	0.5	0.02931
30	0.6	0.034541
30	0.7	0.042153
30	0.8	0.046145
30	0.9	0.051482
30	1	0.05407
30	1.1	0.054452
30	1.2	0.053851
30	1.3	0.051729
30	1.4	0.049272
30	1.5	0.045158
30	1.6	0.042625
30	1.7	0.040257
30	1.8	0.038995
30	1.9	0.038662
30	2	0.039065
30	2.1	0.038658
30	2.2	0.037126
30	2.3	0.034548
30	2.4	0.031748
30	2.5	0.028607
30	2.6	0.026452
30	2.7	0.025295
30	2.8	0.023682
30	2.9	0.023122
30	3	0.020155
30	3.1	0.018351
30	3.2	0.014536
30	3.3	0.013229
30	3.4	0.013192
30	3.5	0.012548
30	3.6	0.012363
30	3.7	0.012103
30	3.8	0.011375
30	3.9	0.010829
30	4	0.010024
40	-4	0.0059383
40	-3.9	0.0065046
40	-3.8	0.0078407
40	-3.7	0.0093885
40	-3.6	0.010279
40	-3.5	0.0095557
40	-3.4	0.0078798
40	-3.3	0.0074583
40	-3.2	0.0095844
40	-3.1	0.012115
40	-3	0.014671
40	-2.9	0.0166
40	-2.8	0.016886
40	-2.7	0.016043
40	-2.6	0.015672
40	-2.5	0.017444
40	-2.4	0.021084
40	-2.3	0.024562
40	-2.2	0.02706
40	-2.1	0.027012
40	-2	0.024982
40	-1.9	0.022343
40	-1.8	0.019375
40	-1.7	0.019629
40	-1.6	0.022223
40	-1.5	0.023393
40	-1.4	0.023652
40	-1.3	0.023288
40	-1.2	0.024276
40	-1.1	0.026836
40	-1	0.032224
40	-0.9	0.039035
40	-0.8	0.04633
40	-0.7	0.052358
40	-0.6	0.055351
40	-0.5	0.055498
40	-0.4	0.053038
40	-0.3	0.047684
40	-0.2	0.039843
40	-0.1	0.033508
40	0	0.023381
40	0.1	0.018692
40	0.2	0.014304
40	0.3	0.015822
40	0.4	0.020366
40	0.5	0.026646
40	0.6	0.035107
40	0.7	0.042631
40	0.8	0.044722
40	0.9	0.051408
40	1	0.05451
40	1.1	0.056099
40	1.2	0.055628
40	1.3	0.053306
40	1.4	0.049422
40	1.5	0.04613
40	1.6	0.042819
40	1.7	0.041386
40	1.8	0.040418
40	1.9	0.040021
40	2	0.039945
40	2.1	0.039312
40	2.2	0.037148
40	2.3	0.035368
40	2.4	0.032254
40	2.5	0.030574
40	2.6	0.027669
40	2.7	0.026126
40	2.8	0.024589
40	2.9	0.023047
40	3	0.021467
40	3.1	0.018409
40	3.2	0.016586
40	3.3	0.014919
40	3.4	0.014295
40	3.5	0.013538
40	3.6	0.013522
40	3.7	0.013229
40	3.8	0.012761
40	3.9	0.012685
40	4	0.012108
50	-4	0.0055501
50	-3.9	0.0054353
50	-3.8	0.0065096
50	-3.7	0.0083614
50	-3.6	0.0089568
50	-3.5	0.0084823
50	-3.4	0.0078407
50	-3.3	0.008016
50	-3.2	0.0096399
50	-3.1	0.011386
50	-3	0.013642
50	-2.9	0.014495
50	-2.8	0.014643
50	-2.7	0.014705
50	-2.6	0.016023
50	-2.5	0.01963
50	-2.4	0.023236
50	-2.3	0.026491
50	-2.2	0.027514
50	-2.1	0.027226
50	-2	0.024244
50	-1.9	0.021401
50	-1.8	0.01997
50	-1.7	0.020069
50	-1.6	0.022112
50	-1.5	0.022681
50	-1.4	0.023154
50	-1.3	0.023121
50	-1.2	0.023024
50	-1.1	0.026292
50	-1	0.029855
50	-0.9	0.040265
50	-0.8	0.047485
50	-0.7	0.053159
50	-0.6	0.056663
50	-0.5	0.056601
50	-0.4	0.05316
50	-0.3	0.044834
50	-0.2	0.040771
50	-0.1	0.03038
50	0	0.024289
50	0.1	0.016226
50	0.2	0.013616
50	0.3	0.014392
50	0.4	0.018082
50	0.5	0.023232
50	0.6	0.028832
50	0.7	0.037124
50	0.8	0.042466
50	0.9	0.049478
50	1	0.053878
50	1.1	0.05535
50	1.2	0.055457
50	1.3	0.05414
50	1.4	0.050826
50	1.5	0.04634
50	1.6	0.042628
50	1.7	0.040045
50	1.8	0.038208
50	1.9	0.037488
50	2	0.037218
50	2.1	0.036915
50	2.2	0.03638
50	2.3	0.034704
50	2.4	0.033087
50	2.5	0.030145
50	2.6	0.028915
50	2.7	0.027127
50	2.8	0.02587
50	2.9	0.024476
50	3	0.022548
50	3.1	0.020092
50	3.2	0.018212
50	3.3	0.016238
50	3.4	0.014247
50	3.5	0.013246
50	3.6	0.012577
50	3.7	0.012474
50	3.8	0.012253
50	3.9	0.012878
50	4	0.01272
60	-4	0.0052815
60	-3.9	0.0078737
60	-3.8	0.010381
60	-3.7	0.011562
60	-3.6	0.010535
60	-3.5	0.0087154
60	-3.4	0.006006
60	-3.3	0.0067365
60	-3.2	0.0095726
60	-3.1	0.013581
60	-3	0.015678
60	-2.9	0.015877
60	-2.8	0.014355
60	-2.7	0.013029
60	-2.6	0.01465
60	-2.5	0.017898
60	-2.4	0.023438
60	-2.3	0.027599
60	-2.2	0.02903
60	-2.1	0.027112
60	-2	0.024258
60	-1.9	0.020556
60	-1.8	0.019486
60	-1.7	0.02056
60	-1.6	0.023047
60	-1.5	0.024017
60	-1.4	0.024296
60	-1.3	0.022909
60	-1.2	0.021756
60	-1.1	0.024646
60	-1	0.030332
60	-0.9	0.039626
60	-0.8	0.047938
60	-0.7	0.053091
60	-0.6	0.056705
60	-0.5	0.055478
60	-0.4	0.052306
60	-0.3	0.046008
60	-0.2	0.038808
60	-0.1	0.030655
60	0	0.023583
60	0.1	0.0173
60	0.2	0.013912
60	0.3	0.013785
60	0.4	0.017055
60	0.5	0.023312
60	0.6	0.028648
60	0.7	0.03816
60	0.8	0.043528
60	0.9	0.049217
60	1	0.052686
60	1.1	0.054482
60	1.2	0.054397
60	1.3	0.052842
60	1.4	0.04959
60	1.5	0.045284
60	1.6	0.041921
60	1.7	0.040236
60	1.8	0.038088
60	1.9	0.037848
60	2	0.038536
60	2.1	0.03887
60	2.2	0.038706
60	2.3	0.036678
60	2.4	0.034513
60	2.5	0.032427
60	2.6	0.030719
60	2.7	0.028763
60	2.8	0.027286
60	2.9	0.025527
60	3	0.023528
60	3.1	0.021425
60	3.2	0.019027
60	3.3	0.01677
60	3.4	0.015702
60	3.5	0.015404
60	3.6	0.015564
60	3.7	0.014703
60	3.8	0.013926
60	3.9	0.01281
60	4	0.012711
70	-4	0.0063411
70	-3.9	0.0056995
70	-3.8	0.0065517
70	-3.7	0.0068766
70	-3.6	0.0075702
70	-3.5	0.0077433
70	-3.4	0.0074757
70	-3.3	0.0065021
70	-3.2	0.006517
70	-3.1	0.0088534
70	-3	0.01217
70	-2.9	0.013584
70	-2.8	0.015504
70	-2.7	0.015631
70	-2.6	0.015218
70	-2.5	0.016813
70	-2.4	0.019517
70	-2.3	0.023347
70	-2.2	0.02673
70	-2.1	0.027603
70	-2	0.027331
70	-1.9	0.026092
70	-1.8	0.024065
70	-1.7	0.022258
70	-1.6	0.020325
70	-1.5	0.020168
70	-1.4	0.021939
70	-1.3	0.02373
70	-1.2	0.02549
70	-1.1	0.029041
70	-1	0.034162
70	-0.9	0.04062
70	-0.8	0.048256
70	-0.7	0.052906
70	-0.6	0.055125
70	-0.5	0.055167
70	-0.4	0.051528
70	-0.3	0.045851
70	-0.2	0.036969
70	-0.1	0.031566
70	0	0.024919
70	0.1	0.019153
70	0.2	0.015349
70	0.3	0.011841
70	0.4	0.012686
70	0.5	0.020124
70	0.6	0.028997
70	0.7	0.037286
70	0.8	0.045916
70	0.9	0.050122
70	1	0.053886
70	1.1	0.055931
70	1.2	0.055622
70	1.3	0.054116
70	1.4	0.051743
70	1.5	0.048531
70	1.6	0.045899
70	1.7	0.043469
70	1.8	0.040446
70	1.9	0.038744
70	2	0.037762
70	2.1	0.037526
70	2.2	0.036751
70	2.3	0.035482
70	2.4	0.033683
70	2.5	0.031036
70	2.6	0.028464
70	2.7	0.025514
70	2.8	0.02275
70	2.9	0.019883
70	3	0.018174
70	3.1	0.016812
70	3.2	0.015259
70	3.3	0.013903
70	3.4	0.01334
70	3.5	0.013259
70	3.6	0.012007
70	3.7	0.011071
70	3.8	0.009811
70	3.9	0.0081757
70	4	0.0077973
80	-4	0.0073777
80	-3.9	0.0064597
80	-3.8	0.0060968
80	-3.7	0.0069653
80	-3.6	0.0079614
80	-3.5	0.008917
80	-3.4	0.0086203
80	-3.3	0.0082486
80	-3.2	0.0078982
80	-3.1	0.0087966
80	-3	0.010934
80	-2.9	0.011996
80	-2.8	0.013275
80	-2.7	0.014649
80	-2.6	0.016353
80	-2.5	0.018453
80	-2.4	0.020656
80	-2.3	0.022647
80	-2.2	0.025043
80	-2.1	0.026052
80	-2	0.026267
80	-1.9	0.025401
80	-1.8	0.02408
80	-1.7	0.021933
80	-1.6	0.020653
80	-1.5	0.020645
80	-1.4	0.020681
80	-1.3	0.022069
80	-1.2	0.023998
80	-1.1	0.027262
80	-1	0.033846
80	-0.9	0.04359
80	-0.8	0.049386
80	-0.7	0.054713
80	-0.6	0.057158
80	-0.5	0.056849
80	-0.4	0.051545
80	-0.3	0.044658
80	-0.2	0.034699
80	-0.1	0.028031
80	0	0.022042
80	0.1	0.015806
80	0.2	0.013277
80	0.3	0.010987
80	0.4	0.011927
80	0.5	0.018312
80	0.6	0.028458
80	0.7	0.034763
80	0.8	0.043371
80	0.9	0.05029
80	1	0.055005
80	1.1	0.056153
80	1.2	0.055972
80	1.3	0.053552
80	1.4	0.051132
80	1.5	0.048187
80	1.6	0.045178
80	1.7	0.043187
80	1.8	0.040488
80	1.9	0.037981
80	2	0.037043
80	2.1	0.036141
80	2.2	0.036116
80	2.3	0.035181
80	2.4	0.033658
80	2.5	0.031315
80	2.6	0.028714
80	2.7	0.026881
80	2.8	0.022523
80	2.9	0.021467
80	3	0.018684
80	3.1	0.017165
80	3.2	0.014447
80	3.3	0.013349
80	3.4	0.012287
80	3.5	0.012458
80	3.6	0.0117
80	3.7	0.010627
80	3.8	0.0097598
80	3.9	0.0088003
80	4	0.0086801
90	-4	0.0062744
90	-3.9	0.0059111
90	-3.8	0.0070986
90	-3.7	0.0086558
90	-3.6	0.0093574
90	-3.5	0.0088934
90	-3.4	0.0080843
90	-3.3	0.0070895
90	-3.2	0.0074865
90	-3.1	0.0083981
90	-3	0.010466
90	-2.9	0.012225
90	-2.8	0.013619
90	-2.7	0.014885
90	-2.6	0.015941
90	-2.5	0.0187
90	-2.4	0.02224
90	-2.3	0.025102
90	-2.2	0.027555
90	-2.1	0.028088
90	-2	0.027676
90	-1.9	0.026058
90	-1.8	0.02534
90	-1.7	0.023761
90	-1.6	0.023334
90	-1.5	0.023187
90	-1.4	0.023212
90	-1.3	0.02266
90	-1.2	0.023119
90	-1.1	0.029219
90	-1	0.037582
90	-0.9	0.045894
90	-0.8	0.051982
90	-0.7	0.054866
90	-0.6	0.057652
90	-0.5	0.054826
90	-0.4	0.051442
90	-0.3	0.042149
90	-0.2	0.03707
90	-0.1	0.025285
90	0	0.018327
90	0.1	0.014256
90	0.2	0.012418
90	0.3	0.011212
90	0.4	0.013024
90	0.5	0.01873
90	0.6	0.027936
90	0.7	0.034509
90	0.8	0.04136
90	0.9	0.047326
90	1	0.052666
90	1.1	0.055472
90	1.2	0.056198
90	1.3	0.054519
90	1.4	0.05293
90	1.5	0.046602
90	1.6	0.04211
90	1.7	0.039149
90	1.8	0.036146
90	1.9	0.035115
90	2	0.034971
90	2.1	0.0356
90	2.2	0.035153
90	2.3	0.034794
90	2.4	0.031601
90	2.5	0.029008
90	2.6	0.026829
90	2.7	0.025223
90	2.8	0.023628
90	2.9	0.022275
90	3	0.020586
90	3.1	0.01875
90	3.2	0.015493
90	3.3	0.013171
90	3.4	0.011571
90	3.5	0.011461
90	3.6	0.011931
90	3.7	0.012419
90	3.8	0.012075
90	3.9	0.011372
90	4	0.0099598
100	-4	0.0065714
100	-3.9	0.0075274
100	-3.8	0.0082935
100	-3.7	0.0087228
100	-3.6	0.0084575
100	-3.5	0.0077828
100	-3.4	0.006564
100	-3.3	0.0058891
100	-3.2	0.0071846
100	-3.1	0.0086109
100	-3	0.010031
100	-2.9	0.010662
100	-2.8	0.011061
100	-2.7	0.011644
100	-2.6	0.014046
100	-2.5	0.017966
100	-2.4	0.021055
100	-2.3	0.024998
100	-2.2	0.026971
100	-2.1	0.027121
100	-2	0.026223
100	-1.9	0.025079
100	-1.8	0.024936
100	-1.7	0.025785
100	-1.6	0.026689
100	-1.5	0.026442
100	-1.4	0.02461
100	-1.3	0.022167
100	-1.2	0.023409
100	-1.1	0.027467
100	-1	0.037211
100	-0.9	0.046265
100	-0.8	0.053325
100	-0.7	0.058883
100	-0.6	0.060645
100	-0.5	0.057671
100	-0.4	0.051064
100	-0.3	0.041325
100	-0.2	0.031384
100	-0.1	0.021148
100	0	0.014554
100	0.1	0.011907
100	0.2	0.010989
100	0.3	0.011093
100	0.4	0.01393
100	0.5	0.022081
100	0.6	0.027316
100	0.7	0.035634
100	0.8	0.042975
100	0.9	0.048552
100	1	0.052391
100	1.1	0.053235
100	1.2	0.052436
100	1.3	0.050759
100	1.4	0.048166
100	1.5	0.044347
100	1.6	0.041071
100	1.7	0.037615
100	1.8	0.035289
100	1.9	0.034349
100	2	0.033528
100	2.1	0.033544
100	2.2	0.034033
100	2.3	0.033499
100	2.4	0.031702
100	2.5	0.029503
100	2.6	0.028045
100	2.7	0.02582
100	2.8	0.024075
100	2.9	0.022472
100	3	0.02102
100	3.1	0.019491
100	3.2	0.01818
100	3.3	0.01605
100	3.4	0.01433
100	3.5	0.01255
100	3.6	0.012545
100	3.7	0.013445
100	3.8	0.013525
100	3.9	0.013468
100	4	0.013432
110	-4	0.0061993
110	-3.9	0.0069931
110	-3.8	0.0086857
110	-3.7	0.010298
110	-3.6	0.0097084
110	-3.5	0.0087616
110	-3.4	0.0060033
110	-3.3	0.0056739
110	-3.2	0.0070139
110	-3.1	0.010076
110	-3	0.011468
110	-2.9	0.011309
110	-2.8	0.010489
110	-2.7	0.010856
110	-2.6	0.014276
110	-2.5	0.019649
110	-2.4	0.026415
110	-2.3	0.029301
110	-2.2	0.03034
110	-2.1	0.029783
110	-2	0.026729
110	-1.9	0.025609
110	-1.8	0.02526
110	-1.7	0.026654
110	-1.6	0.028428
110	-1.5	0.028193
110	-1.4	0.026606
110	-1.3	0.023834
110	-1.2	0.023504
110	-1.1	0.028672
110	-1	0.037264
110	-0.9	0.047413
110	-0.8	0.056766
110	-0.7	0.061191
110	-0.6	0.061496
110	-0.5	0.058246
110	-0.4	0.051123
110	-0.3	0.039207
110	-0.2	0.029015
110	-0.1	0.021462
110	0	0.013672
110	0.1	0.01118
110	0.2	0.010883
110	0.3	0.011432
110	0.4	0.015473
110	0.5	0.022239
110	0.6	0.031449
110	0.7	0.037869
110	0.8	0.044442
110	0.9	0.048864
110	1	0.052838
110	1.1	0.054409
110	1.2	0.053057
110	1.3	0.050852
110	1.4	0.046606
110	1.5	0.042735
110	1.6	0.038726
110	1.7	0.034216
110	1.8	0.033367
110	1.9	0.03223
110	2	0.031476
110	2.1	0.030802
110	2.2	0.030565
110	2.3	0.028413
110	2.4	0.027069
110	2.5	0.02562
110	2.6	0.024061
110	2.7	0.023687
110	2.8	0.022383
110	2.9	0.021359
110	3	0.019709
110	3.1	0.017601
110	3.2	0.015108
110	3.3	0.012681
110	3.4	0.012168
110	3.5	0.011503
110	3.6	0.011177
110	3.7	0.011328
110	3.8	0.010792
110	3.9	0.0098914
110	4	0.01006
120	-4	0.0077807
120	-3.9	0.0081856
120	-3.8	0.0088607
120	-3.7	0.009924
120	-3.6	0.0093764
120	-3.5	0.0076635
120	-3.4	0.0071621
120	-3.3	0.007274
120	-3.2	0.0088971
120	-3.1	0.010354
120	-3	0.010597
120	-2.9	0.010421
120	-2.8	0.010359
120	-2.7	0.011905
120	-2.6	0.016105
120	-2.5	0.020522
120	-2.4	0.025085
120	-2.3	0.029496
120	-2.2	0.030371
120	-2.1	0.029986
120	-2	0.028969
120	-1.9	0.028021
120	-1.8	0.029298
120	-1.7	0.030434
120	-1.6	0.030248
120	-1.5	0.028956
120	-1.4	0.025191
120	-1.3	0.022151
120	-1.2	0.023296
120	-1.1	0.029909
120	-1	0.040145
120	-0.9	0.049215
120	-0.8	0.057615
120	-0.7	0.059634
120	-0.6	0.058796
120	-0.5	0.052887
120	-0.4	0.041749
120	-0.3	0.035066
120	-0.2	0.025806
120	-0.1	0.019721
120	0	0.012683
120	0.1	0.011094
120	0.2	0.010597
120	0.3	0.01124
120	0.4	0.014865
120	0.5	0.023866
120	0.6	0.029956
120	0.7	0.03848
120	0.8	0.044815
120	0.9	0.049192
120	1	0.053401
120	1.1	0.053741
120	1.2	0.052213
120	1.3	0.049469
120	1.4	0.045834
120	1.5	0.040849
120	1.6	0.036067
120	1.7	0.033734
120	1.8	0.032741
120	1.9	0.032203
120	2	0.031864
120	2.1	0.031757
120	2.2	0.030853
120	2.3	0.028165
120	2.4	0.025671
120	2.5	0.023587
120	2.6	0.021852
120	2.7	0.01992
120	2.8	0.018609
120	2.9	0.016966
120	3	0.015607
120	3.1	0.013097
120	3.2	0.010172
120	3.3	0.0090519
120	3.4	0.0085808
120	3.5	0.0092462
120	3.6	0.0094365
120	3.7	0.0091478
120	3.8	0.0087265
120	3.9	0.0076149
120	4	0.0073865
130	-4	0.0070024
130	-3.9	0.0082388
130	-3.8	0.0097631
130	-3.7	0.010495
130	-3.6	0.00972
130	-3.5	0.0075638
130	-3.4	0.0063842
130	-3.3	0.0060542
130	-3.2	0.0067461
130	-3.1	0.0081381
130	-3	0.0092462
130	-2.9	0.0086465
130	-2.8	0.0093574
130	-2.7	0.011018
130	-2.6	0.016362
130	-2.5	0.023351
130	-2.4	0.026622
130	-2.3	0.030392
130	-2.2	0.031528
130	-2.1	0.031471
130	-2	0.030939
130	-1.9	0.031378
130	-1.8	0.032903
130	-1.7	0.034614
130	-1.6	0.034889
130	-1.5	0.031454
130	-1.4	0.028438
130	-1.3	0.025292
130	-1.2	0.027204
130	-1.1	0.035577
130	-1	0.042248
130	-0.9	0.050979
130	-0.8	0.056828
130	-0.7	0.059741
130	-0.6	0.057367
130	-0.5	0.051035
130	-0.4	0.042511
130	-0.3	0.032089
130	-0.2	0.023075
130	-0.1	0.016801
130	0	0.014285
130	0.1	0.011878
130	0.2	0.010891
130	0.3	0.012576
130	0.4	0.018326
130	0.5	0.026012
130	0.6	0.033606
130	0.7	0.039411
130	0.8	0.047567
130	0.9	0.050406
130	1	0.052067
130	1.1	0.051581
130	1.2	0.050681
130	1.3	0.048029
130	1.4	0.04621
130	1.5	0.041616
130	1.6	0.038327
130	1.7	0.033341
130	1.8	0.031592
130	1.9	0.029451
130	2	0.029233
130	2.1	0.029508
130	2.2	0.030218
130	2.3	0.028805
130	2.4	0.027377
130	2.5	0.024957
130	2.6	0.021821
130	2.7	0.019254
130	2.8	0.017473
130	2.9	0.015768
130	3	0.014584
130	3.1	0.01409
130	3.2	0.012673
130	3.3	0.011187
130	3.4	0.010502
130	3.5	0.0088698
130	3.6	0.0076614
130	3.7	0.0068625
130	3.8	0.0065541
130	3.9	0.0074083
130	4	0.007617
140	-4	0.0097846
140	-3.9	0.010968
140	-3.8	0.012051
140	-3.7	0.01104
140	-3.6	0.0087966
140	-3.5	0.0069444
140	-3.4	0.0058974
140	-3.3	0.0068648
140	-3.2	0.0092024
140	-3.1	0.010016
140	-3	0.0095979
140	-2.9	0.0095675
140	-2.8	0.01089
140	-2.7	0.01547
140	-2.6	0.018864
140	-2.5	0.023941
140	-2.4	0.026769
140	-2.3	0.030146
140	-2.2	0.030925
140	-2.1	0.030765
140	-2	0.031032
140	-1.9	0.031729
140	-1.8	0.03364
140	-1.7	0.034598
140	-1.6	0.033668
140	-1.5	0.029472
140	-1.4	0.024064
140	-1.3	0.022785
140	-1.2	0.026137
140	-1.1	0.034885
140	-1	0.047259
140	-0.9	0.052628
140	-0.8	0.056886
140	-0.7	0.058707
140	-0.6	0.055811
140	-0.5	0.048987
140	-0.4	0.039186
140	-0.3	0.029035
140	-0.2	0.019347
140	-0.1	0.012307
140	0	0.010259
140	0.1	0.0098308
140	0.2	0.01089
140	0.3	0.012944
140	0.4	0.016775
140	0.5	0.024475
140	0.6	0.031547
140	0.7	0.03682
140	0.8	0.044983
140	0.9	0.048442
140	1	0.049506
140	1.1	0.048933
140	1.2	0.047212
140	1.3	0.042819
140	1.4	0.041112
140	1.5	0.036332
140	1.6	0.033785
140	1.7	0.030958
140	1.8	0.029698
140	1.9	0.028883
140	2	0.027923
140	2.1	0.027039
140	2.2	0.025856
140	2.3	0.024719
140	2.4	0.023448
140	2.5	0.022367
140	2.6	0.020976
140	2.7	0.018626
140	2.8	0.016597
140	2.9	0.014834
140	3	0.011989
140	3.1	0.010594
140	3.2	0.0096482
140	3.3	0.0094946
140	3.4	0.0092811
140	3.5	0.0087376
140	3.6	0.0076888
140	3.7	0.0073448
140	3.8	0.0064897
140	3.9	0.0062822
140	4	0.0071959
150	-4	0.0090733
150	-3.9	0.0099776
150	-3.8	0.010076
150	-3.7	0.0093471
150	-3.6	0.008012
150	-3.5	0.0069328
150	-3.4	0.0066859
150	-3.3	0.007467
150	-3.2	0.0086446
150	-3.1	0.0090376
150	-3	0.0087966
150	-2.9	0.0090733
150	-2.8	0.011864
150	-2.7	0.015549
150	-2.6	0.021713
150	-2.5	0.025205
150	-2.4	0.029728
150	-2.3	0.031288
150	-2.2	0.032574
150	-2.1	0.032773
150	-2	0.032715
150	-1.9	0.034637
150	-1.8	0.036742
150	-1.7	0.037249
150	-1.6	0.035416
150	-1.5	0.03144
150	-1.4	0.024546
150	-1.3	0.023524
150	-1.2	0.028755
150	-1.1	0.033631
150	-1	0.048029
150	-0.9	0.052233
150	-0.8	0.057188
150	-0.7	0.058189
150	-0.6	0.054596
150	-0.5	0.044194
150	-0.4	0.038367
150	-0.3	0.028262
150	-0.2	0.020195
150	-0.1	0.014201
150	0	0.011576
150	0.1	0.011027
150	0.2	0.011142
150	0.3	0.014106
150	0.4	0.019264
150	0.5	0.026165
150	0.6	0.034244
150	0.7	0.038972
150	0.8	0.043495
150	0.9	0.047879
150	1	0.048946
150	1.1	0.047521
150	1.2	0.04562
150	1.3	0.042509
150	1.4	0.038735
150	1.5	0.034297
150	1.6	0.030925
150	1.7	0.029408
150	1.8	0.029182
150	1.9	0.028785
150	2	0.028883
150	2.1	0.028164
150	2.2	0.027113
150	2.3	0.025007
150	2.4	0.023127
150	2.5	0.021419
150	2.6	0.020743
150	2.7	0.019517
150	2.8	0.017532
150	2.9	0.016295
150	3	0.014182
150	3.1	0.012557
150	3.2	0.010951
150	3.3	0.0097316
150	3.4	0.0089442
150	3.5	0.0083266
150	3.6	0.0078634
150	3.7	0.0069931
150	3.8	0.0062149
150	3.9	0.0063258
150	4	0.0062331
160	-4	0.0084096
160	-3.9	0.0090608
160	-3.8	0.0093626
160	-3.7	0.0083207
160	-3.6	0.0067269
160	-3.5	0.0064246
160	-3.4	0.007274
160	-3.3	0.0082564
160	-3.2	0.0086949
160	-3.1	0.0081975
160	-3	0.0081836
160	-2.9	0.010586
160	-2.8	0.014244
160	-2.7	0.018303
160	-2.6	0.023326
160	-2.5	0.026053
160	-2.4	0.028762
160	-2.3	0.030368
160	-2.2	0.031537
160	-2.1	0.033152
160	-2	0.034755
160	-1.9	0.037767
160	-1.8	0.040069
160	-1.7	0.039062
160	-1.6	0.035322
160	-1.5	0.031536
160	-1.4	0.025929
160	-1.3	0.023308
160	-1.2	0.03043
160	-1.1	0.03938
160	-1	0.047819
160	-0.9	0.05501
160	-0.8	0.058405
160	-0.7	0.057688
160	-0.6	0.051216
160	-0.5	0.044542
160	-0.4	0.034239
160	-0.3	0.02716
160	-0.2	0.018282
160	-0.1	0.013687
160	0	0.01254
160	0.1	0.012911
160	0.2	0.014323
160	0.3	0.016698
160	0.4	0.024363
160	0.5	0.029061
160	0.6	0.03473
160	0.7	0.040002
160	0.8	0.044419
160	0.9	0.046315
160	1	0.046721
160	1.1	0.04507
160	1.2	0.043558
160	1.3	0.040626
160	1.4	0.034672
160	1.5	0.032774
160	1.6	0.029602
160	1.7	0.028817
160	1.8	0.02833
160	1.9	0.028042
160	2	0.02791
160	2.1	0.027011
160	2.2	0.025003
160	2.3	0.022955
160	2.4	0.022078
160	2.5	0.020831
160	2.6	0.020087
160	2.7	0.019137
160	2.8	0.018084
160	2.9	0.015725
160	3	0.012918
160	3.1	0.010451
160	3.2	0.009893
160	3.3	0.008526
160	3.4	0.0088916
160	3.5	0.0086259
160	3.6	0.0080843
160	3.7	0.0068318
160	3.8	0.0066374
160	3.9	0.0066106
160	4	0.0068318
170	-4	0.0097217
170	-3.9	0.010668
170	-3.8	0.010237
170	-3.7	0.0088789
170	-3.6	0.0077953
170	-3.5	0.0071598
170	-3.4	0.0073646
170	-3.3	0.0082662
170	-3.2	0.0088989
170	-3.1	0.0085921
170	-3	0.008991
170	-2.9	0.011791
170	-2.8	0.015707
170	-2.7	0.021274
170	-2.6	0.026696
170	-2.5	0.029496
170	-2.4	0.031683
170	-2.3	0.032993
170	-2.2	0.033252
170	-2.1	0.034766
170	-2	0.036479
170	-1.9	0.039223
170	-1.8	0.041109
170	-1.7	0.040983
170	-1.6	0.035902
170	-1.5	0.02779
170	-1.4	0.0241
170	-1.3	0.022696
170	-1.2	0.029814
170	-1.1	0.03907
170	-1	0.048926
170	-0.9	0.05417
170	-0.8	0.058735
170	-0.7	0.057689
170	-0.6	0.051029
170	-0.5	0.044752
170	-0.4	0.035839
170	-0.3	0.028305
170	-0.2	0.022434
170	-0.1	0.016248
170	0	0.015293
170	0.1	0.015207
170	0.2	0.016767
170	0.3	0.018692
170	0.4	0.022924
170	0.5	0.030252
170	0.6	0.0356
170	0.7	0.041681
170	0.8	0.045627
170	0.9	0.047593
170	1	0.04721
170	1.1	0.044944
170	1.2	0.041338
170	1.3	0.037958
170	1.4	0.032627
170	1.5	0.02891
170	1.6	0.028134
170	1.7	0.028733
170	1.8	0.029613
170	1.9	0.029445
170	2	0.028408
170	2.1	0.026707
170	2.2	0.023706
170	2.3	0.021755
170	2.4	0.019739
170	2.5	0.019062
170	2.6	0.019032
170	2.7	0.018315
170	2.8	0.01705
170	2.9	0.014297
170	3	0.011229
170	3.1	0.0095201
170	3.2	0.0076488
170	3.3	0.0077766
170	3.4	0.0081659
170	3.5	0.008313
170	3.6	0.0080261
170	3.7	0.0071914
170	3.8	0.0069584
170	3.9	0.0067077
170	4	0.0069071
180	-4	0.010612
180	-3.9	0.010998
180	-3.8	0.010998
180	-3.7	0.0098881
180	-3.6	0.0085469
180	-3.5	0.0081955
180	-3.4	0.0087024
180	-3.3	0.0093747
180	-3.2	0.0097266
180	-3.1	0.0093902
180	-3	0.00988
180	-2.9	0.012906
180	-2.8	0.017197
180	-2.7	0.023787
180	-2.6	0.027667
180	-2.5	0.030809
180	-2.4	0.033382
180	-2.3	0.035244
180	-2.2	0.03634
180	-2.1	0.038571
180	-2	0.039795
180	-1.9	0.042146
180	-1.8	0.042882
180	-1.7	0.041513
180	-1.6	0.034469
180	-1.5	0.026395
180	-1.4	0.02278
180	-1.3	0.025695
180	-1.2	0.033263
180	-1.1	0.046892
180	-1	0.052185
180	-0.9	0.057937
180	-0.8	0.059524
180	-0.7	0.056559
180	-0.6	0.049129
180	-0.5	0.043515
180	-0.4	0.03387
180	-0.3	0.026428
180	-0.2	0.02062
180	-0.1	0.018069
180	0	0.017558
180	0.1	0.018029
180	0.2	0.019267
180	0.3	0.025478
180	0.4	0.029346
180	0.5	0.036281
180	0.6	0.039103
180	0.7	0.043048
180	0.8	0.045874
180	0.9	0.04535
180	1	0.04437
180	1.1	0.040918
180	1.2	0.036929
180	1.3	0.034155
180	1.4	0.030516
180	1.5	0.027915
180	1.6	0.027767
180	1.7	0.027875
180	1.8	0.027709
180	1.9	0.027421
180	2	0.02709
180	2.1	0.026063
180	2.2	0.024298
180	2.3	0.022284
180	2.4	0.020301
180	2.5	0.019064
180	2.6	0.01783
180	2.7	0.016223
180	2.8	0.014536
180	2.9	0.013065
180	3	0.011748
180	3.1	0.0099273
180	3.2	0.0080221
180	3.3	0.0073228
180	3.4	0.0068743
180	3.5	0.0062847
180	3.6	0.0061758
180	3.7	0.0059165
180	3.8	0.005708
180	3.9	0.0062435
180	4	0.0061206
 
Uniformity Ratio =0.85779
