05-Jan-2018
6:38
TXR  007997 RM428 R24
33511B Function Generator
SN =Agilent Technologies,33511B,MY52301476,3.05-1.19-2.00-52-00
freq =+9.280000000000000E+06
burstmode =TRIG
burstN =+6.000000000000000E+01
voltage =+1.5000000000000E-01
 
DSO-X 2022A Oscilloscope
SN =AGILENT TECHNOLOGIES,DSO-X 2022A,MY54310921,02.41.2015102200
probe =+1.0000000E+00
scale =+500.0E-09
position =+19.900000E-06
range =+1.60E+00
units =VOLT
points =+2000
pointmode =NORM
format =BYTE
acqtype =NORM
trigsource =EXT
coupling =AC
 
-180	-4	0.0094434
-180	-3.9	0.010184
-180	-3.8	0.010172
-180	-3.7	0.0096633
-180	-3.6	0.0087191
-180	-3.5	0.0076909
-180	-3.4	0.0077474
-180	-3.3	0.0084575
-180	-3.2	0.0094057
-180	-3.1	0.009498
-180	-3	0.0079594
-180	-2.9	0.0060941
-180	-2.8	0.005631
-180	-2.7	0.0078901
-180	-2.6	0.011147
-180	-2.5	0.014547
-180	-2.4	0.017328
-180	-2.3	0.018468
-180	-2.2	0.020227
-180	-2.1	0.022421
-180	-2	0.024617
-180	-1.9	0.028402
-180	-1.8	0.030503
-180	-1.7	0.032224
-180	-1.6	0.031751
-180	-1.5	0.029567
-180	-1.4	0.022445
-180	-1.3	0.01795
-180	-1.2	0.01498
-180	-1.1	0.016407
-180	-1	0.022401
-180	-0.9	0.032646
-180	-0.8	0.038947
-180	-0.7	0.043094
-180	-0.6	0.045584
-180	-0.5	0.045062
-180	-0.4	0.040165
-180	-0.3	0.034247
-180	-0.2	0.030268
-180	-0.1	0.023912
-180	0	0.019209
-180	0.1	0.014831
-180	0.2	0.014016
-180	0.3	0.012982
-180	0.4	0.014342
-180	0.5	0.018185
-180	0.6	0.021752
-180	0.7	0.02617
-180	0.8	0.031186
-180	0.9	0.034143
-180	1	0.035404
-180	1.1	0.037526
-180	1.2	0.035633
-180	1.3	0.033005
-180	1.4	0.030696
-180	1.5	0.026842
-180	1.6	0.022688
-180	1.7	0.021615
-180	1.8	0.021546
-180	1.9	0.022009
-180	2	0.022535
-180	2.1	0.022819
-180	2.2	0.022488
-180	2.3	0.021842
-180	2.4	0.020678
-180	2.5	0.019711
-180	2.6	0.0184
-180	2.7	0.018073
-180	2.8	0.017083
-180	2.9	0.015245
-180	3	0.013162
-180	3.1	0.012465
-180	3.2	0.0099175
-180	3.3	0.0089261
-180	3.4	0.0073206
-180	3.5	0.0073448
-180	3.6	0.0078716
-180	3.7	0.0074865
-180	3.8	0.0077161
-180	3.9	0.0074757
-180	4	0.0076951
-170	-4	0.0089405
-170	-3.9	0.0097067
-170	-3.8	0.010021
-170	-3.7	0.0098258
-170	-3.6	0.0086558
-170	-3.5	0.0081262
-170	-3.4	0.0082837
-170	-3.3	0.0088789
-170	-3.2	0.009613
-170	-3.1	0.0093712
-170	-3	0.0087929
-170	-2.9	0.0079837
-170	-2.8	0.0064547
-170	-2.7	0.0075872
-170	-2.6	0.0094074
-170	-2.5	0.013475
-170	-2.4	0.016668
-170	-2.3	0.01993
-170	-2.2	0.021195
-170	-2.1	0.023477
-170	-2	0.02565
-170	-1.9	0.028226
-170	-1.8	0.032874
-170	-1.7	0.034533
-170	-1.6	0.035355
-170	-1.5	0.033295
-170	-1.4	0.028982
-170	-1.3	0.019818
-170	-1.2	0.016491
-170	-1.1	0.017604
-170	-1	0.024705
-170	-0.9	0.030375
-170	-0.8	0.038297
-170	-0.7	0.043171
-170	-0.6	0.044971
-170	-0.5	0.043444
-170	-0.4	0.040705
-170	-0.3	0.034927
-170	-0.2	0.029851
-170	-0.1	0.02464
-170	0	0.017633
-170	0.1	0.015766
-170	0.2	0.014105
-170	0.3	0.013272
-170	0.4	0.014153
-170	0.5	0.017183
-170	0.6	0.01976
-170	0.7	0.024452
-170	0.8	0.028912
-170	0.9	0.03327
-170	1	0.034197
-170	1.1	0.036103
-170	1.2	0.03513
-170	1.3	0.033093
-170	1.4	0.030255
-170	1.5	0.027129
-170	1.6	0.023557
-170	1.7	0.021986
-170	1.8	0.021791
-170	1.9	0.023012
-170	2	0.024453
-170	2.1	0.025571
-170	2.2	0.024637
-170	2.3	0.023591
-170	2.4	0.021084
-170	2.5	0.019624
-170	2.6	0.017821
-170	2.7	0.016188
-170	2.8	0.015359
-170	2.9	0.013525
-170	3	0.01176
-170	3.1	0.0094895
-170	3.2	0.0083188
-170	3.3	0.0066301
-170	3.4	0.0066301
-170	3.5	0.0069862
-170	3.6	0.0078139
-170	3.7	0.0075894
-170	3.8	0.0069954
-170	3.9	0.0070116
-170	4	0.0068223
-160	-4	0.0093695
-160	-3.9	0.011544
-160	-3.8	0.012106
-160	-3.7	0.011312
-160	-3.6	0.0093557
-160	-3.5	0.0075616
-160	-3.4	0.0058062
-160	-3.3	0.0070024
-160	-3.2	0.0092375
-160	-3.1	0.010246
-160	-3	0.010203
-160	-2.9	0.0086147
-160	-2.8	0.0056881
-160	-2.7	0.0051168
-160	-2.6	0.0090964
-160	-2.5	0.015287
-160	-2.4	0.018754
-160	-2.3	0.021385
-160	-2.2	0.023271
-160	-2.1	0.023894
-160	-2	0.024461
-160	-1.9	0.025826
-160	-1.8	0.028817
-160	-1.7	0.032055
-160	-1.6	0.035375
-160	-1.5	0.034868
-160	-1.4	0.032446
-160	-1.3	0.026059
-160	-1.2	0.020975
-160	-1.1	0.019072
-160	-1	0.025151
-160	-0.9	0.032388
-160	-0.8	0.038904
-160	-0.7	0.044655
-160	-0.6	0.046903
-160	-0.5	0.044627
-160	-0.4	0.041453
-160	-0.3	0.034246
-160	-0.2	0.026441
-160	-0.1	0.018207
-160	0	0.013793
-160	0.1	0.012048
-160	0.2	0.011506
-160	0.3	0.012896
-160	0.4	0.016826
-160	0.5	0.021093
-160	0.6	0.026277
-160	0.7	0.032235
-160	0.8	0.035135
-160	0.9	0.037651
-160	1	0.038637
-160	1.1	0.038492
-160	1.2	0.035184
-160	1.3	0.033012
-160	1.4	0.030059
-160	1.5	0.026837
-160	1.6	0.024697
-160	1.7	0.022836
-160	1.8	0.020833
-160	1.9	0.020214
-160	2	0.020847
-160	2.1	0.021375
-160	2.2	0.021999
-160	2.3	0.021167
-160	2.4	0.020581
-160	2.5	0.018761
-160	2.6	0.016488
-160	2.7	0.012976
-160	2.8	0.0126
-160	2.9	0.011122
-160	3	0.010403
-160	3.1	0.0093453
-160	3.2	0.0087209
-160	3.3	0.007454
-160	3.4	0.0070139
-160	3.5	0.0073755
-160	3.6	0.0063766
-160	3.7	0.0070941
-160	3.8	0.0069769
-160	3.9	0.0078819
-160	4	0.0074105
-150	-4	0.0087061
-150	-3.9	0.010783
-150	-3.8	0.012455
-150	-3.7	0.012535
-150	-3.6	0.011534
-150	-3.5	0.0093799
-150	-3.4	0.008745
-150	-3.3	0.0095658
-150	-3.2	0.011642
-150	-3.1	0.013118
-150	-3	0.012997
-150	-2.9	0.010138
-150	-2.8	0.0079614
-150	-2.7	0.0081441
-150	-2.6	0.01104
-150	-2.5	0.017383
-150	-2.4	0.019871
-150	-2.3	0.022415
-150	-2.2	0.022939
-150	-2.1	0.02481
-150	-2	0.026971
-150	-1.9	0.031516
-150	-1.8	0.036237
-150	-1.7	0.040373
-150	-1.6	0.040347
-150	-1.5	0.036396
-150	-1.4	0.031376
-150	-1.3	0.025537
-150	-1.2	0.021065
-150	-1.1	0.02192
-150	-1	0.030016
-150	-0.9	0.037907
-150	-0.8	0.04199
-150	-0.7	0.045481
-150	-0.6	0.044986
-150	-0.5	0.040707
-150	-0.4	0.037857
-150	-0.3	0.0286
-150	-0.2	0.025238
-150	-0.1	0.019701
-150	0	0.015756
-150	0.1	0.014676
-150	0.2	0.014679
-150	0.3	0.016509
-150	0.4	0.018971
-150	0.5	0.023444
-150	0.6	0.027224
-150	0.7	0.029637
-150	0.8	0.034073
-150	0.9	0.037044
-150	1	0.037627
-150	1.1	0.038243
-150	1.2	0.036907
-150	1.3	0.035068
-150	1.4	0.031595
-150	1.5	0.027888
-150	1.6	0.025887
-150	1.7	0.025243
-150	1.8	0.025113
-150	1.9	0.025221
-150	2	0.024577
-150	2.1	0.024706
-150	2.2	0.024798
-150	2.3	0.023998
-150	2.4	0.023097
-150	2.5	0.022205
-150	2.6	0.021324
-150	2.7	0.018771
-150	2.8	0.016622
-150	2.9	0.012716
-150	3	0.011238
-150	3.1	0.009328
-150	3.2	0.0096399
-150	3.3	0.0099744
-150	3.4	0.010475
-150	3.5	0.0098603
-150	3.6	0.0089694
-150	3.7	0.007404
-150	3.8	0.0065021
-150	3.9	0.0069328
-150	4	0.0086745
-140	-4	0.0071485
-140	-3.9	0.0083421
-140	-3.8	0.0095911
-140	-3.7	0.010317
-140	-3.6	0.010359
-140	-3.5	0.0095048
-140	-3.4	0.0084804
-140	-3.3	0.0083032
-140	-3.2	0.008846
-140	-3.1	0.0093159
-140	-3	0.0095928
-140	-2.9	0.0091107
-140	-2.8	0.0084537
-140	-2.7	0.0089333
-140	-2.6	0.01081
-140	-2.5	0.013583
-140	-2.4	0.017256
-140	-2.3	0.020389
-140	-2.2	0.023768
-140	-2.1	0.027179
-140	-2	0.02972
-140	-1.9	0.033358
-140	-1.8	0.036455
-140	-1.7	0.03791
-140	-1.6	0.037981
-140	-1.5	0.03552
-140	-1.4	0.03162
-140	-1.3	0.027878
-140	-1.2	0.025522
-140	-1.1	0.026988
-140	-1	0.030173
-140	-0.9	0.037288
-140	-0.8	0.044437
-140	-0.7	0.047906
-140	-0.6	0.047677
-140	-0.5	0.044552
-140	-0.4	0.039457
-140	-0.3	0.03312
-140	-0.2	0.025618
-140	-0.1	0.018548
-140	0	0.014763
-140	0.1	0.013517
-140	0.2	0.013756
-140	0.3	0.016825
-140	0.4	0.019847
-140	0.5	0.025659
-140	0.6	0.031156
-140	0.7	0.037259
-140	0.8	0.041256
-140	0.9	0.043642
-140	1	0.044165
-140	1.1	0.044444
-140	1.2	0.041508
-140	1.3	0.038516
-140	1.4	0.033645
-140	1.5	0.030107
-140	1.6	0.028325
-140	1.7	0.026199
-140	1.8	0.024877
-140	1.9	0.024381
-140	2	0.024133
-140	2.1	0.025585
-140	2.2	0.025256
-140	2.3	0.023938
-140	2.4	0.021733
-140	2.5	0.019611
-140	2.6	0.017533
-140	2.7	0.016472
-140	2.8	0.015003
-140	2.9	0.013226
-140	3	0.012333
-140	3.1	0.010143
-140	3.2	0.0087283
-140	3.3	0.0070621
-140	3.4	0.0071055
-140	3.5	0.0080783
-140	3.6	0.0085108
-140	3.7	0.0084288
-140	3.8	0.0077328
-140	3.9	0.0079614
-140	4	0.0075295
-130	-4	0.0086353
-130	-3.9	0.0096231
-130	-3.8	0.0099338
-130	-3.7	0.01014
-130	-3.6	0.0090876
-130	-3.5	0.008982
-130	-3.4	0.0095675
-130	-3.3	0.010915
-130	-3.2	0.011671
-130	-3.1	0.01088
-130	-3	0.0096867
-130	-2.9	0.0079776
-130	-2.8	0.0072829
-130	-2.7	0.011042
-130	-2.6	0.015216
-130	-2.5	0.019788
-130	-2.4	0.020868
-130	-2.3	0.023016
-130	-2.2	0.024224
-130	-2.1	0.025413
-130	-2	0.028454
-130	-1.9	0.033884
-130	-1.8	0.037342
-130	-1.7	0.040872
-130	-1.6	0.041673
-130	-1.5	0.038835
-130	-1.4	0.033788
-130	-1.3	0.02816
-130	-1.2	0.025443
-130	-1.1	0.027847
-130	-1	0.034075
-130	-0.9	0.041322
-130	-0.8	0.048348
-130	-0.7	0.0505
-130	-0.6	0.051019
-130	-0.5	0.04668
-130	-0.4	0.041701
-130	-0.3	0.032483
-130	-0.2	0.026446
-130	-0.1	0.018499
-130	0	0.015945
-130	0.1	0.01444
-130	0.2	0.015148
-130	0.3	0.016234
-130	0.4	0.021272
-130	0.5	0.026796
-130	0.6	0.032441
-130	0.7	0.038284
-130	0.8	0.044111
-130	0.9	0.046499
-130	1	0.04639
-130	1.1	0.043741
-130	1.2	0.042164
-130	1.3	0.039416
-130	1.4	0.034562
-130	1.5	0.030865
-130	1.6	0.029718
-130	1.7	0.029132
-130	1.8	0.028323
-130	1.9	0.027328
-130	2	0.026697
-130	2.1	0.026327
-130	2.2	0.025125
-130	2.3	0.023853
-130	2.4	0.021901
-130	2.5	0.020153
-130	2.6	0.01942
-130	2.7	0.01781
-130	2.8	0.016446
-130	2.9	0.014695
-130	3	0.01367
-130	3.1	0.011734
-130	3.2	0.0096783
-130	3.3	0.0080462
-130	3.4	0.0074648
-130	3.5	0.0080823
-130	3.6	0.0090054
-130	3.7	0.0096332
-130	3.8	0.008982
-130	3.9	0.0090358
-130	4	0.0087763
-120	-4	0.010124
-120	-3.9	0.011012
-120	-3.8	0.010986
-120	-3.7	0.0098505
-120	-3.6	0.008545
-120	-3.5	0.0081003
-120	-3.4	0.0087172
-120	-3.3	0.009778
-120	-3.2	0.011344
-120	-3.1	0.011183
-120	-3	0.010445
-120	-2.9	0.0079938
-120	-2.8	0.008225
-120	-2.7	0.01081
-120	-2.6	0.016233
-120	-2.5	0.021041
-120	-2.4	0.023757
-120	-2.3	0.026105
-120	-2.2	0.026851
-120	-2.1	0.028552
-120	-2	0.030123
-120	-1.9	0.034545
-120	-1.8	0.039488
-120	-1.7	0.042733
-120	-1.6	0.042822
-120	-1.5	0.040889
-120	-1.4	0.033332
-120	-1.3	0.030398
-120	-1.2	0.027913
-120	-1.1	0.031931
-120	-1	0.037172
-120	-0.9	0.045879
-120	-0.8	0.052122
-120	-0.7	0.053586
-120	-0.6	0.052506
-120	-0.5	0.046976
-120	-0.4	0.041326
-120	-0.3	0.033996
-120	-0.2	0.024508
-120	-0.1	0.020616
-120	0	0.016688
-120	0.1	0.016506
-120	0.2	0.018162
-120	0.3	0.020953
-120	0.4	0.025662
-120	0.5	0.031063
-120	0.6	0.03706
-120	0.7	0.043165
-120	0.8	0.046402
-120	0.9	0.048446
-120	1	0.04877
-120	1.1	0.047382
-120	1.2	0.044772
-120	1.3	0.041023
-120	1.4	0.038476
-120	1.5	0.035309
-120	1.6	0.031971
-120	1.7	0.030848
-120	1.8	0.029634
-120	1.9	0.028736
-120	2	0.028638
-120	2.1	0.0289
-120	2.2	0.027648
-120	2.3	0.02592
-120	2.4	0.023149
-120	2.5	0.021555
-120	2.6	0.019963
-120	2.7	0.018001
-120	2.8	0.016781
-120	2.9	0.015665
-120	3	0.014466
-120	3.1	0.01254
-120	3.2	0.010183
-120	3.3	0.0080763
-120	3.4	0.0078778
-120	3.5	0.0087837
-120	3.6	0.010414
-120	3.7	0.01071
-120	3.8	0.010262
-120	3.9	0.009893
-120	4	0.0095658
-110	-4	0.010489
-110	-3.9	0.012058
-110	-3.8	0.011951
-110	-3.7	0.010119
-110	-3.6	0.0083595
-110	-3.5	0.0070552
-110	-3.4	0.0086071
-110	-3.3	0.010654
-110	-3.2	0.012734
-110	-3.1	0.013611
-110	-3	0.012035
-110	-2.9	0.0098225
-110	-2.8	0.0087598
-110	-2.7	0.012059
-110	-2.6	0.017849
-110	-2.5	0.022475
-110	-2.4	0.025408
-110	-2.3	0.028677
-110	-2.2	0.029695
-110	-2.1	0.031089
-110	-2	0.033217
-110	-1.9	0.038616
-110	-1.8	0.041104
-110	-1.7	0.043978
-110	-1.6	0.043579
-110	-1.5	0.04101
-110	-1.4	0.035494
-110	-1.3	0.030655
-110	-1.2	0.029231
-110	-1.1	0.035095
-110	-1	0.040993
-110	-0.9	0.047431
-110	-0.8	0.054594
-110	-0.7	0.056277
-110	-0.6	0.054134
-110	-0.5	0.049375
-110	-0.4	0.042705
-110	-0.3	0.031058
-110	-0.2	0.026415
-110	-0.1	0.019531
-110	0	0.017207
-110	0.1	0.017091
-110	0.2	0.019494
-110	0.3	0.025441
-110	0.4	0.029627
-110	0.5	0.036557
-110	0.6	0.040917
-110	0.7	0.044679
-110	0.8	0.049133
-110	0.9	0.050859
-110	1	0.050796
-110	1.1	0.050253
-110	1.2	0.047931
-110	1.3	0.046098
-110	1.4	0.04199
-110	1.5	0.036552
-110	1.6	0.033925
-110	1.7	0.030451
-110	1.8	0.028126
-110	1.9	0.027391
-110	2	0.028222
-110	2.1	0.028403
-110	2.2	0.026787
-110	2.3	0.025474
-110	2.4	0.022754
-110	2.5	0.021382
-110	2.6	0.019593
-110	2.7	0.017937
-110	2.8	0.016505
-110	2.9	0.015819
-110	3	0.014626
-110	3.1	0.012599
-110	3.2	0.0097266
-110	3.3	0.0085771
-110	3.4	0.0079126
-110	3.5	0.0087984
-110	3.6	0.009924
-110	3.7	0.0092515
-110	3.8	0.0093936
-110	3.9	0.0087487
-110	4	0.0070047
-100	-4	0.0086053
-100	-3.9	0.0088607
-100	-3.8	0.0097565
-100	-3.7	0.0099938
-100	-3.6	0.0088076
-100	-3.5	0.0084307
-100	-3.4	0.0087579
-100	-3.3	0.0095675
-100	-3.2	0.010246
-100	-3.1	0.01158
-100	-3	0.011276
-100	-2.9	0.011417
-100	-2.8	0.011701
-100	-2.7	0.013539
-100	-2.6	0.016495
-100	-2.5	0.019331
-100	-2.4	0.023349
-100	-2.3	0.026277
-100	-2.2	0.030946
-100	-2.1	0.033009
-100	-2	0.035998
-100	-1.9	0.037391
-100	-1.8	0.038462
-100	-1.7	0.037335
-100	-1.6	0.036159
-100	-1.5	0.034106
-100	-1.4	0.031118
-100	-1.3	0.029962
-100	-1.2	0.033354
-100	-1.1	0.037237
-100	-1	0.042281
-100	-0.9	0.049263
-100	-0.8	0.052468
-100	-0.7	0.052362
-100	-0.6	0.048624
-100	-0.5	0.046647
-100	-0.4	0.040046
-100	-0.3	0.033641
-100	-0.2	0.024594
-100	-0.1	0.020684
-100	0	0.017421
-100	0.1	0.01615
-100	0.2	0.017351
-100	0.3	0.021397
-100	0.4	0.027937
-100	0.5	0.031388
-100	0.6	0.041143
-100	0.7	0.045078
-100	0.8	0.050659
-100	0.9	0.051233
-100	1	0.050776
-100	1.1	0.048732
-100	1.2	0.047567
-100	1.3	0.043854
-100	1.4	0.040482
-100	1.5	0.037883
-100	1.6	0.035201
-100	1.7	0.032462
-100	1.8	0.031685
-100	1.9	0.02988
-100	2	0.028907
-100	2.1	0.028564
-100	2.2	0.027516
-100	2.3	0.026996
-100	2.4	0.025658
-100	2.5	0.024571
-100	2.6	0.02063
-100	2.7	0.017309
-100	2.8	0.014137
-100	2.9	0.011814
-100	3	0.010401
-100	3.1	0.01075
-100	3.2	0.011236
-100	3.3	0.010917
-100	3.4	0.010395
-100	3.5	0.0088387
-100	3.6	0.0072093
-100	3.7	0.0066569
-100	3.8	0.0066932
-100	3.9	0.0080221
-100	4	0.0087505
-90	-4	0.012306
-90	-3.9	0.012404
-90	-3.8	0.010949
-90	-3.7	0.0088479
-90	-3.6	0.0067101
-90	-3.5	0.0083052
-90	-3.4	0.010848
-90	-3.3	0.013023
-90	-3.2	0.01333
-90	-3.1	0.011693
-90	-3	0.0090787
-90	-2.9	0.0083827
-90	-2.8	0.010945
-90	-2.7	0.017338
-90	-2.6	0.023621
-90	-2.5	0.025859
-90	-2.4	0.027625
-90	-2.3	0.027775
-90	-2.2	0.027255
-90	-2.1	0.028268
-90	-2	0.033481
-90	-1.9	0.037725
-90	-1.8	0.041866
-90	-1.7	0.043131
-90	-1.6	0.042397
-90	-1.5	0.035315
-90	-1.4	0.029593
-90	-1.3	0.028367
-90	-1.2	0.03242
-90	-1.1	0.043021
-90	-1	0.047948
-90	-0.9	0.056181
-90	-0.8	0.058514
-90	-0.7	0.057397
-90	-0.6	0.053548
-90	-0.5	0.047469
-90	-0.4	0.038992
-90	-0.3	0.030814
-90	-0.2	0.021396
-90	-0.1	0.017498
-90	0	0.015832
-90	0.1	0.016447
-90	0.2	0.0196
-90	0.3	0.02718
-90	0.4	0.032055
-90	0.5	0.039215
-90	0.6	0.045231
-90	0.7	0.048401
-90	0.8	0.050519
-90	0.9	0.050125
-90	1	0.048828
-90	1.1	0.047359
-90	1.2	0.042811
-90	1.3	0.040893
-90	1.4	0.037859
-90	1.5	0.035051
-90	1.6	0.032144
-90	1.7	0.029327
-90	1.8	0.027996
-90	1.9	0.027716
-90	2	0.028551
-90	2.1	0.028589
-90	2.2	0.027853
-90	2.3	0.02695
-90	2.4	0.025835
-90	2.5	0.022635
-90	2.6	0.020885
-90	2.7	0.019034
-90	2.8	0.018293
-90	2.9	0.016727
-90	3	0.015916
-90	3.1	0.014231
-90	3.2	0.013309
-90	3.3	0.012493
-90	3.4	0.011147
-90	3.5	0.010718
-90	3.6	0.010569
-90	3.7	0.010796
-90	3.8	0.010211
-90	3.9	0.0094314
-90	4	0.0084766
-80	-4	0.0112
-80	-3.9	0.012151
-80	-3.8	0.011949
-80	-3.7	0.0096466
-80	-3.6	0.0076149
-80	-3.5	0.0072451
-80	-3.4	0.0087635
-80	-3.3	0.010592
-80	-3.2	0.012281
-80	-3.1	0.01192
-80	-3	0.0105
-80	-2.9	0.0095421
-80	-2.8	0.012345
-80	-2.7	0.017141
-80	-2.6	0.020662
-80	-2.5	0.02394
-80	-2.4	0.027807
-80	-2.3	0.0285
-80	-2.2	0.028846
-80	-2.1	0.028817
-80	-2	0.031401
-80	-1.9	0.032989
-80	-1.8	0.035725
-80	-1.7	0.036894
-80	-1.6	0.035075
-80	-1.5	0.031235
-80	-1.4	0.02731
-80	-1.3	0.026415
-80	-1.2	0.031479
-80	-1.1	0.036039
-80	-1	0.044346
-80	-0.9	0.052025
-80	-0.8	0.05548
-80	-0.7	0.054042
-80	-0.6	0.051144
-80	-0.5	0.044045
-80	-0.4	0.037165
-80	-0.3	0.028227
-80	-0.2	0.021842
-80	-0.1	0.017606
-80	0	0.015421
-80	0.1	0.015298
-80	0.2	0.017404
-80	0.3	0.021663
-80	0.4	0.025816
-80	0.5	0.033583
-80	0.6	0.040079
-80	0.7	0.044885
-80	0.8	0.048635
-80	0.9	0.049598
-80	1	0.050119
-80	1.1	0.049497
-80	1.2	0.046677
-80	1.3	0.04258
-80	1.4	0.038287
-80	1.5	0.035287
-80	1.6	0.032648
-80	1.7	0.03105
-80	1.8	0.030129
-80	1.9	0.030438
-80	2	0.029908
-80	2.1	0.028845
-80	2.2	0.027256
-80	2.3	0.025175
-80	2.4	0.022531
-80	2.5	0.020759
-80	2.6	0.018653
-80	2.7	0.016687
-80	2.8	0.016294
-80	2.9	0.0153
-80	3	0.013254
-80	3.1	0.010167
-80	3.2	0.008272
-80	3.3	0.0071395
-80	3.4	0.0076656
-80	3.5	0.0084918
-80	3.6	0.0087246
-80	3.7	0.0087042
-80	3.8	0.0086353
-80	3.9	0.0076
-80	4	0.0067317
-70	-4	0.0085771
-70	-3.9	0.0089297
-70	-3.8	0.0092165
-70	-3.7	0.0091301
-70	-3.6	0.0091619
-70	-3.5	0.0098044
-70	-3.4	0.0093089
-70	-3.3	0.0097183
-70	-3.2	0.0093471
-70	-3.1	0.0092322
-70	-3	0.0091849
-70	-2.9	0.011637
-70	-2.8	0.013059
-70	-2.7	0.017589
-70	-2.6	0.020218
-70	-2.5	0.022916
-70	-2.4	0.024463
-70	-2.3	0.025156
-70	-2.2	0.026425
-70	-2.1	0.029778
-70	-2	0.0315
-70	-1.9	0.03235
-70	-1.8	0.033419
-70	-1.7	0.031784
-70	-1.6	0.028712
-70	-1.5	0.024043
-70	-1.4	0.02262
-70	-1.3	0.023525
-70	-1.2	0.02939
-70	-1.1	0.036632
-70	-1	0.042588
-70	-0.9	0.048938
-70	-0.8	0.053097
-70	-0.7	0.051779
-70	-0.6	0.047352
-70	-0.5	0.04202
-70	-0.4	0.033363
-70	-0.3	0.027998
-70	-0.2	0.022108
-70	-0.1	0.01525
-70	0	0.01419
-70	0.1	0.013404
-70	0.2	0.017173
-70	0.3	0.021783
-70	0.4	0.024598
-70	0.5	0.030889
-70	0.6	0.036782
-70	0.7	0.041968
-70	0.8	0.044116
-70	0.9	0.045276
-70	1	0.044617
-70	1.1	0.043833
-70	1.2	0.039694
-70	1.3	0.035938
-70	1.4	0.03362
-70	1.5	0.030953
-70	1.6	0.030668
-70	1.7	0.028972
-70	1.8	0.027918
-70	1.9	0.026542
-70	2	0.026252
-70	2.1	0.025136
-70	2.2	0.024465
-70	2.3	0.023453
-70	2.4	0.02284
-70	2.5	0.021746
-70	2.6	0.020297
-70	2.7	0.018333
-70	2.8	0.016653
-70	2.9	0.014223
-70	3	0.012573
-70	3.1	0.011822
-70	3.2	0.010928
-70	3.3	0.010985
-70	3.4	0.010331
-70	3.5	0.010007
-70	3.6	0.0090929
-70	3.7	0.0089351
-70	3.8	0.0090161
-70	3.9	0.0088424
-70	4	0.0087561
-60	-4	0.0088916
-60	-3.9	0.0098718
-60	-3.8	0.0093124
-60	-3.7	0.0089061
-60	-3.6	0.0084937
-60	-3.5	0.0078982
-60	-3.4	0.0084173
-60	-3.3	0.0088862
-60	-3.2	0.0096834
-60	-3.1	0.0098947
-60	-3	0.0099191
-60	-2.9	0.011122
-60	-2.8	0.013456
-60	-2.7	0.017353
-60	-2.6	0.020766
-60	-2.5	0.024296
-60	-2.4	0.025397
-60	-2.3	0.027035
-60	-2.2	0.02849
-60	-2.1	0.029451
-60	-2	0.030786
-60	-1.9	0.032213
-60	-1.8	0.032422
-60	-1.7	0.031903
-60	-1.6	0.02904
-60	-1.5	0.024607
-60	-1.4	0.022708
-60	-1.3	0.025798
-60	-1.2	0.031054
-60	-1.1	0.039126
-60	-1	0.046492
-60	-0.9	0.051728
-60	-0.8	0.052342
-60	-0.7	0.05023
-60	-0.6	0.044855
-60	-0.5	0.038689
-60	-0.4	0.030963
-60	-0.3	0.024088
-60	-0.2	0.017666
-60	-0.1	0.013403
-60	0	0.012035
-60	0.1	0.01215
-60	0.2	0.015247
-60	0.3	0.020576
-60	0.4	0.025549
-60	0.5	0.03043
-60	0.6	0.03714
-60	0.7	0.039302
-60	0.8	0.041631
-60	0.9	0.042928
-60	1	0.042882
-60	1.1	0.040467
-60	1.2	0.038214
-60	1.3	0.034191
-60	1.4	0.029476
-60	1.5	0.026443
-60	1.6	0.024457
-60	1.7	0.024295
-60	1.8	0.024929
-60	1.9	0.025752
-60	2	0.026238
-60	2.1	0.025294
-60	2.2	0.023404
-60	2.3	0.021458
-60	2.4	0.020336
-60	2.5	0.019559
-60	2.6	0.018906
-60	2.7	0.018226
-60	2.8	0.017976
-60	2.9	0.016204
-60	3	0.014761
-60	3.1	0.011614
-60	3.2	0.0096783
-60	3.3	0.0094365
-60	3.4	0.0096884
-60	3.5	0.010378
-60	3.6	0.010888
-60	3.7	0.010918
-60	3.8	0.010202
-60	3.9	0.0098028
-60	4	0.0095489
-50	-4	0.0091989
-50	-3.9	0.0090161
-50	-3.8	0.0076762
-50	-3.7	0.0062847
-50	-3.6	0.0063078
-50	-3.5	0.0072563
-50	-3.4	0.0087339
-50	-3.3	0.0094297
-50	-3.2	0.0088351
-50	-3.1	0.0079655
-50	-3	0.0076085
-50	-2.9	0.0096113
-50	-2.8	0.01517
-50	-2.7	0.019815
-50	-2.6	0.022327
-50	-2.5	0.025118
-50	-2.4	0.025414
-50	-2.3	0.025662
-50	-2.2	0.025824
-50	-2.1	0.026756
-50	-2	0.028955
-50	-1.9	0.031037
-50	-1.8	0.032376
-50	-1.7	0.030062
-50	-1.6	0.027793
-50	-1.5	0.023843
-50	-1.4	0.022302
-50	-1.3	0.026354
-50	-1.2	0.035301
-50	-1.1	0.03897
-50	-1	0.048017
-50	-0.9	0.050776
-50	-0.8	0.049781
-50	-0.7	0.047336
-50	-0.6	0.040646
-50	-0.5	0.035188
-50	-0.4	0.027205
-50	-0.3	0.021958
-50	-0.2	0.017234
-50	-0.1	0.014677
-50	0	0.011575
-50	0.1	0.011883
-50	0.2	0.013847
-50	0.3	0.018954
-50	0.4	0.023554
-50	0.5	0.029112
-50	0.6	0.033816
-50	0.7	0.037294
-50	0.8	0.037676
-50	0.9	0.037525
-50	1	0.037985
-50	1.1	0.035626
-50	1.2	0.032659
-50	1.3	0.029624
-50	1.4	0.028617
-50	1.5	0.026451
-50	1.6	0.024563
-50	1.7	0.024088
-50	1.8	0.024956
-50	1.9	0.025637
-50	2	0.026153
-50	2.1	0.025968
-50	2.2	0.025077
-50	2.3	0.024576
-50	2.4	0.023032
-50	2.5	0.021297
-50	2.6	0.019814
-50	2.7	0.019102
-50	2.8	0.018151
-50	2.9	0.017439
-50	3	0.01515
-50	3.1	0.013613
-50	3.2	0.01218
-50	3.3	0.011295
-50	3.4	0.010784
-50	3.5	0.01058
-50	3.6	0.011372
-50	3.7	0.011547
-50	3.8	0.011407
-50	3.9	0.010654
-50	4	0.010241
-40	-4	0.0084096
-40	-3.9	0.0075445
-40	-3.8	0.0067125
-40	-3.7	0.005739
-40	-3.6	0.0063283
-40	-3.5	0.0068907
-40	-3.4	0.0075958
-40	-3.3	0.008272
-40	-3.2	0.0089568
-40	-3.1	0.0078839
-40	-3	0.007789
-40	-2.9	0.0092881
-40	-2.8	0.01116
-40	-2.7	0.016222
-40	-2.6	0.019596
-40	-2.5	0.021676
-40	-2.4	0.023551
-40	-2.3	0.024884
-40	-2.2	0.026386
-40	-2.1	0.027273
-40	-2	0.029402
-40	-1.9	0.029741
-40	-1.8	0.029258
-40	-1.7	0.027856
-40	-1.6	0.025122
-40	-1.5	0.022973
-40	-1.4	0.022857
-40	-1.3	0.026822
-40	-1.2	0.035906
-40	-1.1	0.040782
-40	-1	0.049372
-40	-0.9	0.052724
-40	-0.8	0.05222
-40	-0.7	0.04779
-40	-0.6	0.041499
-40	-0.5	0.033146
-40	-0.4	0.026638
-40	-0.3	0.019295
-40	-0.2	0.013571
-40	-0.1	0.011299
-40	0	0.010031
-40	0.1	0.011051
-40	0.2	0.01253
-40	0.3	0.018338
-40	0.4	0.021729
-40	0.5	0.029465
-40	0.6	0.033861
-40	0.7	0.03658
-40	0.8	0.037387
-40	0.9	0.037676
-40	1	0.037282
-40	1.1	0.033939
-40	1.2	0.03252
-40	1.3	0.029483
-40	1.4	0.028907
-40	1.5	0.026675
-40	1.6	0.02442
-40	1.7	0.023183
-40	1.8	0.023725
-40	1.9	0.024724
-40	2	0.024902
-40	2.1	0.024862
-40	2.2	0.025242
-40	2.3	0.023959
-40	2.4	0.022333
-40	2.5	0.018859
-40	2.6	0.016905
-40	2.7	0.014731
-40	2.8	0.013881
-40	2.9	0.012849
-40	3	0.012037
-40	3.1	0.011654
-40	3.2	0.010736
-40	3.3	0.010137
-40	3.4	0.0088094
-40	3.5	0.0074908
-40	3.6	0.0069001
-40	3.7	0.0070415
-40	3.8	0.0066228
-40	3.9	0.0066787
-40	4	0.0071936
-30	-4	0.0096717
-30	-3.9	0.0095184
-30	-3.8	0.0083266
-30	-3.7	0.0070346
-30	-3.6	0.0071055
-30	-3.5	0.0067101
-30	-3.4	0.0080723
-30	-3.3	0.0086427
-30	-3.2	0.0090215
-30	-3.1	0.0089658
-30	-3	0.0098028
-30	-2.9	0.010973
-30	-2.8	0.014642
-30	-2.7	0.017896
-30	-2.6	0.021757
-30	-2.5	0.024559
-30	-2.4	0.026283
-30	-2.3	0.02784
-30	-2.2	0.029998
-30	-2.1	0.030649
-30	-2	0.031939
-30	-1.9	0.032471
-30	-1.8	0.02991
-30	-1.7	0.026168
-30	-1.6	0.023218
-30	-1.5	0.021171
-30	-1.4	0.023246
-30	-1.3	0.029185
-30	-1.2	0.036638
-30	-1.1	0.0437
-30	-1	0.049711
-30	-0.9	0.051562
-30	-0.8	0.0501
-30	-0.7	0.047144
-30	-0.6	0.039973
-30	-0.5	0.031506
-30	-0.4	0.026218
-30	-0.3	0.022027
-30	-0.2	0.016534
-30	-0.1	0.013868
-30	0	0.012425
-30	0.1	0.010945
-30	0.2	0.012308
-30	0.3	0.015526
-30	0.4	0.022262
-30	0.5	0.028081
-30	0.6	0.03368
-30	0.7	0.035712
-30	0.8	0.03795
-30	0.9	0.038549
-30	1	0.037798
-30	1.1	0.036846
-30	1.2	0.033784
-30	1.3	0.030518
-30	1.4	0.028773
-30	1.5	0.026234
-30	1.6	0.024568
-30	1.7	0.02428
-30	1.8	0.024732
-30	1.9	0.025046
-30	2	0.025422
-30	2.1	0.024971
-30	2.2	0.024265
-30	2.3	0.022346
-30	2.4	0.021039
-30	2.5	0.018401
-30	2.6	0.017197
-30	2.7	0.014953
-30	2.8	0.012471
-30	2.9	0.011017
-30	3	0.010033
-30	3.1	0.0092602
-30	3.2	0.0088296
-30	3.3	0.0086259
-30	3.4	0.0081797
-30	3.5	0.0072518
-30	3.6	0.0066472
-30	3.7	0.0063411
-30	3.8	0.0061863
-30	3.9	0.006635
-30	4	0.0062123
-20	-4	0.0082876
-20	-3.9	0.0084652
-20	-3.8	0.0084326
-20	-3.7	0.0077182
-20	-3.6	0.0073294
-20	-3.5	0.0070713
-20	-3.4	0.0068813
-20	-3.3	0.0071395
-20	-3.2	0.0076656
-20	-3.1	0.0079716
-20	-3	0.0085978
-20	-2.9	0.010196
-20	-2.8	0.013545
-20	-2.7	0.017688
-20	-2.6	0.020681
-20	-2.5	0.024574
-20	-2.4	0.02591
-20	-2.3	0.027237
-20	-2.2	0.028851
-20	-2.1	0.028743
-20	-2	0.031291
-20	-1.9	0.032347
-20	-1.8	0.031876
-20	-1.7	0.030197
-20	-1.6	0.028566
-20	-1.5	0.02374
-20	-1.4	0.023969
-20	-1.3	0.02844
-20	-1.2	0.036272
-20	-1.1	0.04481
-20	-1	0.049032
-20	-0.9	0.054705
-20	-0.8	0.05274
-20	-0.7	0.04838
-20	-0.6	0.043726
-20	-0.5	0.03687
-20	-0.4	0.026175
-20	-0.3	0.021623
-20	-0.2	0.016442
-20	-0.1	0.013113
-20	0	0.012216
-20	0.1	0.012426
-20	0.2	0.014799
-20	0.3	0.019103
-20	0.4	0.023158
-20	0.5	0.029204
-20	0.6	0.033515
-20	0.7	0.036828
-20	0.8	0.038045
-20	0.9	0.037756
-20	1	0.037848
-20	1.1	0.036021
-20	1.2	0.033897
-20	1.3	0.031625
-20	1.4	0.029044
-20	1.5	0.025949
-20	1.6	0.025502
-20	1.7	0.026167
-20	1.8	0.027025
-20	1.9	0.02754
-20	2	0.026859
-20	2.1	0.026155
-20	2.2	0.024653
-20	2.3	0.023343
-20	2.4	0.021339
-20	2.5	0.020437
-20	2.6	0.019532
-20	2.7	0.017808
-20	2.8	0.015967
-20	2.9	0.013521
-20	3	0.011494
-20	3.1	0.0096767
-20	3.2	0.0085279
-20	3.3	0.0086484
-20	3.4	0.0093661
-20	3.5	0.009248
-20	3.6	0.0077328
-20	3.7	0.0072518
-20	3.8	0.0072785
-20	3.9	0.007818
-20	4	0.0082014
-10	-4	0.0068129
-10	-3.9	0.007085
-10	-3.8	0.00711
-10	-3.7	0.0072339
-10	-3.6	0.0076
-10	-3.5	0.0075402
-10	-3.4	0.0073448
-10	-3.3	0.0068223
-10	-3.2	0.0065787
-10	-3.1	0.0070438
-10	-3	0.0091213
-10	-2.9	0.013063
-10	-2.8	0.016584
-10	-2.7	0.020114
-10	-2.6	0.02298
-10	-2.5	0.024721
-10	-2.4	0.025572
-10	-2.3	0.026325
-10	-2.2	0.02832
-10	-2.1	0.029354
-10	-2	0.032214
-10	-1.9	0.032841
-10	-1.8	0.031635
-10	-1.7	0.029338
-10	-1.6	0.02406
-10	-1.5	0.022505
-10	-1.4	0.022927
-10	-1.3	0.029811
-10	-1.2	0.034522
-10	-1.1	0.046665
-10	-1	0.050769
-10	-0.9	0.053584
-10	-0.8	0.053469
-10	-0.7	0.049963
-10	-0.6	0.044166
-10	-0.5	0.03585
-10	-0.4	0.028696
-10	-0.3	0.020638
-10	-0.2	0.017428
-10	-0.1	0.01446
-10	0	0.012867
-10	0.1	0.013059
-10	0.2	0.014982
-10	0.3	0.019575
-10	0.4	0.026365
-10	0.5	0.030152
-10	0.6	0.034879
-10	0.7	0.037792
-10	0.8	0.039833
-10	0.9	0.038806
-10	1	0.03869
-10	1.1	0.035891
-10	1.2	0.034303
-10	1.3	0.031567
-10	1.4	0.029361
-10	1.5	0.02912
-10	1.6	0.02753
-10	1.7	0.026694
-10	1.8	0.027099
-10	1.9	0.027367
-10	2	0.0266
-10	2.1	0.025958
-10	2.2	0.023819
-10	2.3	0.022584
-10	2.4	0.020781
-10	2.5	0.018313
-10	2.6	0.017163
-10	2.7	0.016662
-10	2.8	0.015665
-10	2.9	0.013666
-10	3	0.011656
-10	3.1	0.0091248
-10	3.2	0.0074757
-10	3.3	0.0079023
-10	3.4	0.0079918
-10	3.5	0.0094741
-10	3.6	0.0093747
-10	3.7	0.0091831
-10	3.8	0.0082093
-10	3.9	0.0062796
-10	4	0.0067485
0	-4	0.0096867
0	-3.9	0.0090644
0	-3.8	0.0073272
0	-3.7	0.0062097
0	-3.6	0.0071598
0	-3.5	0.0079146
0	-3.4	0.010432
0	-3.3	0.010235
0	-3.2	0.0095743
0	-3.1	0.0079411
0	-3	0.0088752
0	-2.9	0.010778
0	-2.8	0.016193
0	-2.7	0.023147
0	-2.6	0.025145
0	-2.5	0.028188
0	-2.4	0.028558
0	-2.3	0.028869
0	-2.2	0.029629
0	-2.1	0.031914
0	-2	0.035899
0	-1.9	0.037392
0	-1.8	0.038202
0	-1.7	0.033591
0	-1.6	0.028131
0	-1.5	0.023043
0	-1.4	0.024284
0	-1.3	0.030724
0	-1.2	0.041222
0	-1.1	0.050374
0	-1	0.058677
0	-0.9	0.060234
0	-0.8	0.058657
0	-0.7	0.055307
0	-0.6	0.047042
0	-0.5	0.036122
0	-0.4	0.027375
0	-0.3	0.0227
0	-0.2	0.016803
0	-0.1	0.016076
0	0	0.016144
0	0.1	0.017711
0	0.2	0.021861
0	0.3	0.025253
0	0.4	0.03165
0	0.5	0.036129
0	0.6	0.040543
0	0.7	0.042603
0	0.8	0.042515
0	0.9	0.041922
0	1	0.039851
0	1.1	0.036134
0	1.2	0.032498
0	1.3	0.03046
0	1.4	0.028463
0	1.5	0.027997
0	1.6	0.027136
0	1.7	0.025705
0	1.8	0.026062
0	1.9	0.026402
0	2	0.027492
0	2.1	0.026459
0	2.2	0.025896
0	2.3	0.024117
0	2.4	0.022485
0	2.5	0.020386
0	2.6	0.018735
0	2.7	0.017656
0	2.8	0.017465
0	2.9	0.016094
0	3	0.013984
0	3.1	0.010826
0	3.2	0.0088186
0	3.3	0.0081142
0	3.4	0.0090341
0	3.5	0.0098947
0	3.6	0.010358
0	3.7	0.0098011
0	3.8	0.0089478
0	3.9	0.0083614
0	4	0.0068294
10	-4	0.0092637
10	-3.9	0.0099647
10	-3.8	0.0082388
10	-3.7	0.0077119
10	-3.6	0.0066714
10	-3.5	0.0070001
10	-3.4	0.0092968
10	-3.3	0.010441
10	-3.2	0.010869
10	-3.1	0.010312
10	-3	0.0093936
10	-2.9	0.011075
10	-2.8	0.015863
10	-2.7	0.021525
10	-2.6	0.025352
10	-2.5	0.028316
10	-2.4	0.030934
10	-2.3	0.031919
10	-2.2	0.03352
10	-2.1	0.035761
10	-2	0.037312
10	-1.9	0.037939
10	-1.8	0.03829
10	-1.7	0.0347
10	-1.6	0.03118
10	-1.5	0.02848
10	-1.4	0.02753
10	-1.3	0.032016
10	-1.2	0.037754
10	-1.1	0.048459
10	-1	0.054347
10	-0.9	0.057222
10	-0.8	0.057423
10	-0.7	0.053974
10	-0.6	0.045599
10	-0.5	0.036915
10	-0.4	0.030285
10	-0.3	0.022631
10	-0.2	0.018439
10	-0.1	0.016368
10	0	0.016068
10	0.1	0.01676
10	0.2	0.023539
10	0.3	0.025707
10	0.4	0.031625
10	0.5	0.037425
10	0.6	0.042198
10	0.7	0.04719
10	0.8	0.046877
10	0.9	0.045868
10	1	0.044147
10	1.1	0.041361
10	1.2	0.038004
10	1.3	0.034308
10	1.4	0.030442
10	1.5	0.028826
10	1.6	0.028675
10	1.7	0.028603
10	1.8	0.027347
10	1.9	0.027599
10	2	0.02653
10	2.1	0.024031
10	2.2	0.022759
10	2.3	0.02184
10	2.4	0.020527
10	2.5	0.018816
10	2.6	0.017093
10	2.7	0.015774
10	2.8	0.013552
10	2.9	0.011665
10	3	0.0096733
10	3.1	0.0082779
10	3.2	0.0078366
10	3.3	0.0075574
10	3.4	0.0084365
10	3.5	0.0075979
10	3.6	0.0069001
10	3.7	0.0068176
10	3.8	0.0063078
10	3.9	0.0063792
10	4	0.0069954
20	-4	0.010575
20	-3.9	0.0093902
20	-3.8	0.007672
20	-3.7	0.0072918
20	-3.6	0.0077849
20	-3.5	0.0096633
20	-3.4	0.010937
20	-3.3	0.011352
20	-3.2	0.010207
20	-3.1	0.0094228
20	-3	0.010303
20	-2.9	0.014062
20	-2.8	0.017361
20	-2.7	0.02125
20	-2.6	0.027052
20	-2.5	0.028814
20	-2.4	0.029945
20	-2.3	0.031691
20	-2.2	0.033767
20	-2.1	0.036074
20	-2	0.037842
20	-1.9	0.03951
20	-1.8	0.040176
20	-1.7	0.037055
20	-1.6	0.031966
20	-1.5	0.028067
20	-1.4	0.027815
20	-1.3	0.032885
20	-1.2	0.039556
20	-1.1	0.048206
20	-1	0.050515
20	-0.9	0.056785
20	-0.8	0.055261
20	-0.7	0.050448
20	-0.6	0.044931
20	-0.5	0.038421
20	-0.4	0.031465
20	-0.3	0.02489
20	-0.2	0.019912
20	-0.1	0.018812
20	0	0.0184
20	0.1	0.02009
20	0.2	0.022765
20	0.3	0.028413
20	0.4	0.033018
20	0.5	0.037294
20	0.6	0.043407
20	0.7	0.046053
20	0.8	0.046829
20	0.9	0.045125
20	1	0.043588
20	1.1	0.041667
20	1.2	0.039181
20	1.3	0.034765
20	1.4	0.034241
20	1.5	0.031605
20	1.6	0.029741
20	1.7	0.028284
20	1.8	0.027431
20	1.9	0.027049
20	2	0.026926
20	2.1	0.027155
20	2.2	0.025557
20	2.3	0.024331
20	2.4	0.022324
20	2.5	0.020063
20	2.6	0.016182
20	2.7	0.013237
20	2.8	0.011847
20	2.9	0.011379
20	3	0.01079
20	3.1	0.010557
20	3.2	0.011043
20	3.3	0.0093988
20	3.4	0.0088607
20	3.5	0.0069444
20	3.6	0.0071214
20	3.7	0.00711
20	3.8	0.007069
20	3.9	0.0076656
20	4	0.0075402
30	-4	0.0092235
30	-3.9	0.0093332
30	-3.8	0.0083981
30	-3.7	0.0071032
30	-3.6	0.0063614
30	-3.5	0.0065269
30	-3.4	0.0095607
30	-3.3	0.011093
30	-3.2	0.010676
30	-3.1	0.0099012
30	-3	0.0099338
30	-2.9	0.012076
30	-2.8	0.015366
30	-2.7	0.022156
30	-2.6	0.025362
30	-2.5	0.029606
30	-2.4	0.031516
30	-2.3	0.032523
30	-2.2	0.034477
30	-2.1	0.03688
30	-2	0.039692
30	-1.9	0.041969
30	-1.8	0.041513
30	-1.7	0.038384
30	-1.6	0.034223
30	-1.5	0.031961
30	-1.4	0.028608
30	-1.3	0.030431
30	-1.2	0.036855
30	-1.1	0.046617
30	-1	0.052949
30	-0.9	0.056754
30	-0.8	0.058229
30	-0.7	0.05491
30	-0.6	0.050885
30	-0.5	0.03746
30	-0.4	0.031479
30	-0.3	0.024765
30	-0.2	0.02113
30	-0.1	0.01902
30	0	0.019045
30	0.1	0.020297
30	0.2	0.02495
30	0.3	0.030058
30	0.4	0.035821
30	0.5	0.043056
30	0.6	0.047449
30	0.7	0.049526
30	0.8	0.049191
30	0.9	0.048719
30	1	0.045499
30	1.1	0.042796
30	1.2	0.040201
30	1.3	0.038199
30	1.4	0.033547
30	1.5	0.032614
30	1.6	0.030544
30	1.7	0.028413
30	1.8	0.028615
30	1.9	0.028843
30	2	0.029303
30	2.1	0.029744
30	2.2	0.028425
30	2.3	0.026866
30	2.4	0.023173
30	2.5	0.021157
30	2.6	0.017555
30	2.7	0.015285
30	2.8	0.014181
30	2.9	0.013178
30	3	0.012766
30	3.1	0.011131
30	3.2	0.0098061
30	3.3	0.0080883
30	3.4	0.0071576
30	3.5	0.00697
30	3.6	0.0071282
30	3.7	0.0071553
30	3.8	0.0072763
30	3.9	0.007789
30	4	0.0078387
40	-4	0.0092322
40	-3.9	0.0097532
40	-3.8	0.0096616
40	-3.7	0.0088643
40	-3.6	0.0086596
40	-3.5	0.0083479
40	-3.4	0.0092059
40	-3.3	0.010328
40	-3.2	0.010951
40	-3.1	0.012107
40	-3	0.012136
40	-2.9	0.01431
40	-2.8	0.016873
40	-2.7	0.019699
40	-2.6	0.02307
40	-2.5	0.026967
40	-2.4	0.03032
40	-2.3	0.033107
40	-2.2	0.035128
40	-2.1	0.03706
40	-2	0.039819
40	-1.9	0.040199
40	-1.8	0.038905
40	-1.7	0.036268
40	-1.6	0.034705
40	-1.5	0.030689
40	-1.4	0.029577
40	-1.3	0.028792
40	-1.2	0.034958
40	-1.1	0.040775
40	-1	0.045644
40	-0.9	0.051785
40	-0.8	0.054289
40	-0.7	0.051851
40	-0.6	0.047494
40	-0.5	0.040475
40	-0.4	0.032744
40	-0.3	0.029208
40	-0.2	0.022059
40	-0.1	0.02021
40	0	0.018769
40	0.1	0.020671
40	0.2	0.02478
40	0.3	0.029806
40	0.4	0.033984
40	0.5	0.03974
40	0.6	0.043109
40	0.7	0.045745
40	0.8	0.046205
40	0.9	0.046797
40	1	0.04529
40	1.1	0.042997
40	1.2	0.040252
40	1.3	0.037291
40	1.4	0.032736
40	1.5	0.029572
40	1.6	0.027775
40	1.7	0.026995
40	1.8	0.026364
40	1.9	0.026806
40	2	0.026412
40	2.1	0.026155
40	2.2	0.02299
40	2.3	0.020372
40	2.4	0.01803
40	2.5	0.01658
40	2.6	0.015386
40	2.7	0.01443
40	2.8	0.013164
40	2.9	0.011433
40	3	0.010329
40	3.1	0.0077433
40	3.2	0.0069723
40	3.3	0.0067796
40	3.4	0.0080663
40	3.5	0.0082368
40	3.6	0.0086987
40	3.7	0.0087487
40	3.8	0.0077537
40	3.9	0.0070208
40	4	0.0065195
50	-4	0.0092654
50	-3.9	0.0098669
50	-3.8	0.00972
50	-3.7	0.008888
50	-3.6	0.0089007
50	-3.5	0.0095286
50	-3.4	0.01068
50	-3.3	0.010664
50	-3.2	0.010192
50	-3.1	0.0095472
50	-3	0.01174
50	-2.9	0.013526
50	-2.8	0.017615
50	-2.7	0.021906
50	-2.6	0.02504
50	-2.5	0.027526
50	-2.4	0.027499
50	-2.3	0.031074
50	-2.2	0.032809
50	-2.1	0.035426
50	-2	0.041038
50	-1.9	0.042703
50	-1.8	0.04167
50	-1.7	0.039974
50	-1.6	0.034058
50	-1.5	0.029424
50	-1.4	0.0267
50	-1.3	0.027399
50	-1.2	0.034005
50	-1.1	0.042302
50	-1	0.045288
50	-0.9	0.050195
50	-0.8	0.050352
50	-0.7	0.048412
50	-0.6	0.041175
50	-0.5	0.037439
50	-0.4	0.03044
50	-0.3	0.024519
50	-0.2	0.020693
50	-0.1	0.018826
50	0	0.020151
50	0.1	0.023126
50	0.2	0.026032
50	0.3	0.030421
50	0.4	0.035159
50	0.5	0.039259
50	0.6	0.042236
50	0.7	0.043544
50	0.8	0.043517
50	0.9	0.043053
50	1	0.042947
50	1.1	0.040868
50	1.2	0.039205
50	1.3	0.035255
50	1.4	0.033381
50	1.5	0.0313
50	1.6	0.029816
50	1.7	0.02839
50	1.8	0.029117
50	1.9	0.028449
50	2	0.027937
50	2.1	0.025877
50	2.2	0.023417
50	2.3	0.021626
50	2.4	0.019139
50	2.5	0.017928
50	2.6	0.01708
50	2.7	0.01589
50	2.8	0.014689
50	2.9	0.011665
50	3	0.0095675
50	3.1	0.008227
50	3.2	0.0074062
50	3.3	0.0084307
50	3.4	0.0092462
50	3.5	0.0091372
50	3.6	0.0089478
50	3.7	0.0091089
50	3.8	0.0082837
50	3.9	0.008654
50	4	0.0093367
60	-4	0.011128
60	-3.9	0.010528
60	-3.8	0.0095776
60	-3.7	0.0087228
60	-3.6	0.009924
60	-3.5	0.011734
60	-3.4	0.012918
60	-3.3	0.013193
60	-3.2	0.010712
60	-3.1	0.0097598
60	-3	0.010098
60	-2.9	0.013955
60	-2.8	0.019921
60	-2.7	0.023373
60	-2.6	0.027603
60	-2.5	0.029043
60	-2.4	0.030118
60	-2.3	0.029668
60	-2.2	0.031316
60	-2.1	0.0342
60	-2	0.038815
60	-1.9	0.043745
60	-1.8	0.044679
60	-1.7	0.042864
60	-1.6	0.037408
60	-1.5	0.031685
60	-1.4	0.028455
60	-1.3	0.027386
60	-1.2	0.030667
60	-1.1	0.03782
60	-1	0.046394
60	-0.9	0.048681
60	-0.8	0.052246
60	-0.7	0.050565
60	-0.6	0.049075
60	-0.5	0.044522
60	-0.4	0.035524
60	-0.3	0.03052
60	-0.2	0.025409
60	-0.1	0.021009
60	0	0.019295
60	0.1	0.020961
60	0.2	0.023442
60	0.3	0.029672
60	0.4	0.034338
60	0.5	0.038701
60	0.6	0.045245
60	0.7	0.046671
60	0.8	0.047893
60	0.9	0.048011
60	1	0.044903
60	1.1	0.041925
60	1.2	0.039053
60	1.3	0.033189
60	1.4	0.032047
60	1.5	0.03087
60	1.6	0.030887
60	1.7	0.029493
60	1.8	0.030007
60	1.9	0.028684
60	2	0.026822
60	2.1	0.025383
60	2.2	0.022611
60	2.3	0.020863
60	2.4	0.01928
60	2.5	0.018645
60	2.6	0.015983
60	2.7	0.014548
60	2.8	0.012393
60	2.9	0.01026
60	3	0.007583
60	3.1	0.0063944
60	3.2	0.0062253
60	3.3	0.0064847
60	3.4	0.0074236
60	3.5	0.0068954
60	3.6	0.0063817
60	3.7	0.0066884
60	3.8	0.0066447
60	3.9	0.0075851
60	4	0.0077849
70	-4	0.0097499
70	-3.9	0.0097896
70	-3.8	0.0093384
70	-3.7	0.0083556
70	-3.6	0.0086763
70	-3.5	0.0091372
70	-3.4	0.0107
70	-3.3	0.010939
70	-3.2	0.011165
70	-3.1	0.011176
70	-3	0.010667
70	-2.9	0.011709
70	-2.8	0.014683
70	-2.7	0.018429
70	-2.6	0.022195
70	-2.5	0.025751
70	-2.4	0.029058
70	-2.3	0.03116
70	-2.2	0.033505
70	-2.1	0.035414
70	-2	0.039346
70	-1.9	0.042306
70	-1.8	0.04393
70	-1.7	0.043246
70	-1.6	0.039623
70	-1.5	0.030894
70	-1.4	0.026641
70	-1.3	0.026019
70	-1.2	0.031648
70	-1.1	0.03749
70	-1	0.046426
70	-0.9	0.04821
70	-0.8	0.048676
70	-0.7	0.046672
70	-0.6	0.042956
70	-0.5	0.039165
70	-0.4	0.031239
70	-0.3	0.028016
70	-0.2	0.023802
70	-0.1	0.021482
70	0	0.020611
70	0.1	0.021112
70	0.2	0.023595
70	0.3	0.028721
70	0.4	0.032838
70	0.5	0.039106
70	0.6	0.042192
70	0.7	0.045282
70	0.8	0.04741
70	0.9	0.047255
70	1	0.045929
70	1.1	0.043435
70	1.2	0.040262
70	1.3	0.034215
70	1.4	0.02892
70	1.5	0.026076
70	1.6	0.024162
70	1.7	0.024164
70	1.8	0.024347
70	1.9	0.024708
70	2	0.025088
70	2.1	0.025044
70	2.2	0.023082
70	2.3	0.019799
70	2.4	0.01749
70	2.5	0.016055
70	2.6	0.01529
70	2.7	0.014811
70	2.8	0.014206
70	2.9	0.012508
70	3	0.010435
70	3.1	0.0075359
70	3.2	0.0061522
70	3.3	0.0063842
70	3.4	0.0076021
70	3.5	0.0079675
70	3.6	0.0078819
70	3.7	0.0070918
70	3.8	0.0072339
70	3.9	0.0066326
70	4	0.0057334
80	-4	0.010387
80	-3.9	0.010058
80	-3.8	0.0090197
80	-3.7	0.0086596
80	-3.6	0.0080703
80	-3.5	0.0088351
80	-3.4	0.0099436
80	-3.3	0.010881
80	-3.2	0.011643
80	-3.1	0.011907
80	-3	0.011515
80	-2.9	0.010167
80	-2.8	0.010789
80	-2.7	0.014841
80	-2.6	0.020885
80	-2.5	0.022305
80	-2.4	0.027916
80	-2.3	0.030997
80	-2.2	0.033697
80	-2.1	0.035221
80	-2	0.037415
80	-1.9	0.03924
80	-1.8	0.040299
80	-1.7	0.040774
80	-1.6	0.038494
80	-1.5	0.033655
80	-1.4	0.029443
80	-1.3	0.026641
80	-1.2	0.027279
80	-1.1	0.031896
80	-1	0.040679
80	-0.9	0.046455
80	-0.8	0.048914
80	-0.7	0.049933
80	-0.6	0.047102
80	-0.5	0.041804
80	-0.4	0.035121
80	-0.3	0.030499
80	-0.2	0.024916
80	-0.1	0.022075
80	0	0.020431
80	0.1	0.020485
80	0.2	0.02165
80	0.3	0.024515
80	0.4	0.027885
80	0.5	0.033176
80	0.6	0.03754
80	0.7	0.040751
80	0.8	0.042078
80	0.9	0.043211
80	1	0.043004
80	1.1	0.041954
80	1.2	0.039263
80	1.3	0.037455
80	1.4	0.033855
80	1.5	0.031714
80	1.6	0.029274
80	1.7	0.026805
80	1.8	0.025534
80	1.9	0.024985
80	2	0.024536
80	2.1	0.023721
80	2.2	0.021878
80	2.3	0.020374
80	2.4	0.018246
80	2.5	0.014697
80	2.6	0.012862
80	2.7	0.010962
80	2.8	0.0096533
80	2.9	0.0088497
80	3	0.0085657
80	3.1	0.0077412
80	3.2	0.0068907
80	3.3	0.0063614
80	3.4	0.0063411
80	3.5	0.0067939
80	3.6	0.0065368
80	3.7	0.0070001
80	3.8	0.0071666
80	3.9	0.0074518
80	4	0.0069468
90	-4	0.010074
90	-3.9	0.010222
90	-3.8	0.0092707
90	-3.7	0.0076297
90	-3.6	0.0071666
90	-3.5	0.0074778
90	-3.4	0.0090644
90	-3.3	0.010372
90	-3.2	0.010486
90	-3.1	0.008955
90	-3	0.0074432
90	-2.9	0.0089224
90	-2.8	0.01116
90	-2.7	0.01563
90	-2.6	0.018728
90	-2.5	0.020424
90	-2.4	0.022925
90	-2.3	0.025946
90	-2.2	0.028807
90	-2.1	0.032292
90	-2	0.035186
90	-1.9	0.039109
90	-1.8	0.041507
90	-1.7	0.042055
90	-1.6	0.038104
90	-1.5	0.032395
90	-1.4	0.024496
90	-1.3	0.022963
90	-1.2	0.026951
90	-1.1	0.032734
90	-1	0.042325
90	-0.9	0.045834
90	-0.8	0.047426
90	-0.7	0.048293
90	-0.6	0.044187
90	-0.5	0.040777
90	-0.4	0.034617
90	-0.3	0.028706
90	-0.2	0.026469
90	-0.1	0.022197
90	0	0.02147
90	0.1	0.021546
90	0.2	0.022438
90	0.3	0.025646
90	0.4	0.028058
90	0.5	0.033168
90	0.6	0.035863
90	0.7	0.039207
90	0.8	0.040179
90	0.9	0.040234
90	1	0.039206
90	1.1	0.037073
90	1.2	0.034194
90	1.3	0.032636
90	1.4	0.030758
90	1.5	0.028464
90	1.6	0.027885
90	1.7	0.027394
90	1.8	0.027382
90	1.9	0.027506
90	2	0.027051
90	2.1	0.026679
90	2.2	0.02554
90	2.3	0.024112
90	2.4	0.022982
90	2.5	0.020203
90	2.6	0.018355
90	2.7	0.016309
90	2.8	0.013111
90	2.9	0.012143
90	3	0.01042
90	3.1	0.0098176
90	3.2	0.0096967
90	3.3	0.0097466
90	3.4	0.0089586
90	3.5	0.0077807
90	3.6	0.0070277
90	3.7	0.0064947
90	3.8	0.0070552
90	3.9	0.007935
90	4	0.0083421
100	-4	0.010706
100	-3.9	0.012205
100	-3.8	0.012748
100	-3.7	0.010796
100	-3.6	0.008526
100	-3.5	0.0072473
100	-3.4	0.0073492
100	-3.3	0.0097366
100	-3.2	0.01104
100	-3.1	0.010805
100	-3	0.0083013
100	-2.9	0.0076149
100	-2.8	0.0095218
100	-2.7	0.015241
100	-2.6	0.019362
100	-2.5	0.02275
100	-2.4	0.025337
100	-2.3	0.025779
100	-2.2	0.027158
100	-2.1	0.03005
100	-2	0.035427
100	-1.9	0.038204
100	-1.8	0.04176
100	-1.7	0.042224
100	-1.6	0.039691
100	-1.5	0.035214
100	-1.4	0.02818
100	-1.3	0.025871
100	-1.2	0.025329
100	-1.1	0.028682
100	-1	0.037387
100	-0.9	0.043906
100	-0.8	0.04784
100	-0.7	0.048743
100	-0.6	0.047867
100	-0.5	0.04482
100	-0.4	0.035977
100	-0.3	0.030718
100	-0.2	0.024555
100	-0.1	0.022148
100	0	0.019028
100	0.1	0.019348
100	0.2	0.021213
100	0.3	0.02427
100	0.4	0.026715
100	0.5	0.030391
100	0.6	0.034178
100	0.7	0.03764
100	0.8	0.040968
100	0.9	0.041303
100	1	0.040761
100	1.1	0.038114
100	1.2	0.034728
100	1.3	0.033044
100	1.4	0.031033
100	1.5	0.028816
100	1.6	0.026298
100	1.7	0.026879
100	1.8	0.026208
100	1.9	0.02668
100	2	0.025843
100	2.1	0.025541
100	2.2	0.023546
100	2.3	0.021682
100	2.4	0.019721
100	2.5	0.017765
100	2.6	0.01678
100	2.7	0.014491
100	2.8	0.012637
100	2.9	0.01039
100	3	0.0096415
100	3.1	0.0082954
100	3.2	0.0071146
100	3.3	0.0066399
100	3.4	0.0063766
100	3.5	0.0070162
100	3.6	0.0069468
100	3.7	0.0067293
100	3.8	0.006652
100	3.9	0.0064897
100	4	0.0072451
110	-4	0.0077703
110	-3.9	0.0087246
110	-3.8	0.0090376
110	-3.7	0.0090715
110	-3.6	0.0094776
110	-3.5	0.010194
110	-3.4	0.010002
110	-3.3	0.0098176
110	-3.2	0.0089243
110	-3.1	0.0080281
110	-3	0.0069537
110	-2.9	0.0075102
110	-2.8	0.0097714
110	-2.7	0.012272
110	-2.6	0.015029
110	-2.5	0.017587
110	-2.4	0.019768
110	-2.3	0.022333
110	-2.2	0.025037
110	-2.1	0.029298
110	-2	0.035127
110	-1.9	0.037342
110	-1.8	0.039074
110	-1.7	0.039144
110	-1.6	0.036497
110	-1.5	0.031289
110	-1.4	0.025553
110	-1.3	0.02191
110	-1.2	0.024029
110	-1.1	0.030839
110	-1	0.037277
110	-0.9	0.043772
110	-0.8	0.046259
110	-0.7	0.046529
110	-0.6	0.045736
110	-0.5	0.042618
110	-0.4	0.035879
110	-0.3	0.030049
110	-0.2	0.025427
110	-0.1	0.022138
110	0	0.020661
110	0.1	0.020605
110	0.2	0.02115
110	0.3	0.022408
110	0.4	0.02545
110	0.5	0.028705
110	0.6	0.031408
110	0.7	0.034592
110	0.8	0.038175
110	0.9	0.038589
110	1	0.039168
110	1.1	0.037267
110	1.2	0.036164
110	1.3	0.031104
110	1.4	0.0284
110	1.5	0.02599
110	1.6	0.024298
110	1.7	0.024905
110	1.8	0.025354
110	1.9	0.02577
110	2	0.025929
110	2.1	0.025927
110	2.2	0.025192
110	2.3	0.024069
110	2.4	0.021424
110	2.5	0.019006
110	2.6	0.018012
110	2.7	0.015345
110	2.8	0.014113
110	2.9	0.012239
110	3	0.010948
110	3.1	0.0089712
110	3.2	0.0079126
110	3.3	0.00703
110	3.4	0.0069211
110	3.5	0.0066932
110	3.6	0.0071146
110	3.7	0.0073492
110	3.8	0.0081182
110	3.9	0.0077599
110	4	0.0075467
120	-4	0.0095692
120	-3.9	0.0091919
120	-3.8	0.0092811
120	-3.7	0.0083711
120	-3.6	0.0077474
120	-3.5	0.0078778
120	-3.4	0.0083498
120	-3.3	0.0094022
120	-3.2	0.010127
120	-3.1	0.0091796
120	-3	0.0077203
120	-2.9	0.0065145
120	-2.8	0.0076656
120	-2.7	0.0097383
120	-2.6	0.014328
120	-2.5	0.017704
120	-2.4	0.020506
120	-2.3	0.021552
120	-2.2	0.023187
120	-2.1	0.026121
120	-2	0.030002
120	-1.9	0.032957
120	-1.8	0.03775
120	-1.7	0.03846
120	-1.6	0.036747
120	-1.5	0.033543
120	-1.4	0.027303
120	-1.3	0.021962
120	-1.2	0.021617
120	-1.1	0.028116
120	-1	0.034791
120	-0.9	0.041335
120	-0.8	0.047702
120	-0.7	0.049464
120	-0.6	0.049094
120	-0.5	0.046906
120	-0.4	0.042247
120	-0.3	0.035803
120	-0.2	0.028965
120	-0.1	0.025734
120	0	0.02017
120	0.1	0.018704
120	0.2	0.018888
120	0.3	0.020034
120	0.4	0.023101
120	0.5	0.025934
120	0.6	0.031564
120	0.7	0.035857
120	0.8	0.037634
120	0.9	0.038644
120	1	0.039316
120	1.1	0.037471
120	1.2	0.034228
120	1.3	0.032041
120	1.4	0.029794
120	1.5	0.027428
120	1.6	0.026837
120	1.7	0.026102
120	1.8	0.026473
120	1.9	0.026555
120	2	0.027707
120	2.1	0.026937
120	2.2	0.026158
120	2.3	0.02506
120	2.4	0.022584
120	2.5	0.02138
120	2.6	0.019213
120	2.7	0.017592
120	2.8	0.016454
120	2.9	0.015905
120	3	0.01394
120	3.1	0.011585
120	3.2	0.0091337
120	3.3	0.0071531
120	3.4	0.0067461
120	3.5	0.0078098
120	3.6	0.0087024
120	3.7	0.0097499
120	3.8	0.0093781
120	3.9	0.0090929
120	4	0.0079228
130	-4	0.008507
130	-3.9	0.0094554
130	-3.8	0.0097515
130	-3.7	0.0094022
130	-3.6	0.0088497
130	-3.5	0.0087172
130	-3.4	0.0081222
130	-3.3	0.008012
130	-3.2	0.0081935
130	-3.1	0.008006
130	-3	0.0067915
130	-2.9	0.0058891
130	-2.8	0.0061863
130	-2.7	0.0082798
130	-2.6	0.011502
130	-2.5	0.014209
130	-2.4	0.018235
130	-2.3	0.021311
130	-2.2	0.022965
130	-2.1	0.024925
130	-2	0.028553
130	-1.9	0.030398
130	-1.8	0.034246
130	-1.7	0.036004
130	-1.6	0.036084
130	-1.5	0.032386
130	-1.4	0.027563
130	-1.3	0.023025
130	-1.2	0.021157
130	-1.1	0.026081
130	-1	0.032064
130	-0.9	0.03885
130	-0.8	0.046779
130	-0.7	0.050904
130	-0.6	0.051739
130	-0.5	0.048985
130	-0.4	0.045047
130	-0.3	0.035376
130	-0.2	0.032341
130	-0.1	0.026448
130	0	0.021643
130	0.1	0.020356
130	0.2	0.019139
130	0.3	0.020013
130	0.4	0.020985
130	0.5	0.023773
130	0.6	0.026972
130	0.7	0.031546
130	0.8	0.035228
130	0.9	0.035482
130	1	0.036611
130	1.1	0.035344
130	1.2	0.035349
130	1.3	0.031313
130	1.4	0.029755
130	1.5	0.027008
130	1.6	0.024981
130	1.7	0.024867
130	1.8	0.025107
130	1.9	0.027019
130	2	0.027043
130	2.1	0.028637
130	2.2	0.028523
130	2.3	0.02793
130	2.4	0.025646
130	2.5	0.022946
130	2.6	0.019662
130	2.7	0.01817
130	2.8	0.0176
130	2.9	0.015842
130	3	0.014921
130	3.1	0.012659
130	3.2	0.011547
130	3.3	0.0084785
130	3.4	0.0075595
130	3.5	0.0077182
130	3.6	0.008917
130	3.7	0.0092287
130	3.8	0.0084671
130	3.9	0.0078304
130	4	0.0070575
140	-4	0.0092392
140	-3.9	0.0099257
140	-3.8	0.010712
140	-3.7	0.010569
140	-3.6	0.0098881
140	-3.5	0.0089134
140	-3.4	0.0079959
140	-3.3	0.0086222
140	-3.2	0.0093159
140	-3.1	0.0095031
140	-3	0.0088752
140	-2.9	0.0079655
140	-2.8	0.0065861
140	-2.7	0.0076
140	-2.6	0.011559
140	-2.5	0.016541
140	-2.4	0.020441
140	-2.3	0.023704
140	-2.2	0.025721
140	-2.1	0.027396
140	-2	0.027964
140	-1.9	0.031863
140	-1.8	0.033581
140	-1.7	0.035028
140	-1.6	0.034522
140	-1.5	0.033434
140	-1.4	0.027091
140	-1.3	0.023118
140	-1.2	0.01982
140	-1.1	0.024178
140	-1	0.030402
140	-0.9	0.037836
140	-0.8	0.045543
140	-0.7	0.051825
140	-0.6	0.051553
140	-0.5	0.049046
140	-0.4	0.04693
140	-0.3	0.040994
140	-0.2	0.034796
140	-0.1	0.026341
140	0	0.022835
140	0.1	0.019618
140	0.2	0.017925
140	0.3	0.017009
140	0.4	0.018174
140	0.5	0.020339
140	0.6	0.025339
140	0.7	0.028989
140	0.8	0.034082
140	0.9	0.036126
140	1	0.037904
140	1.1	0.038048
140	1.2	0.03519
140	1.3	0.033527
140	1.4	0.029974
140	1.5	0.028706
140	1.6	0.025577
140	1.7	0.02485
140	1.8	0.025856
140	1.9	0.025889
140	2	0.026609
140	2.1	0.027764
140	2.2	0.027178
140	2.3	0.026175
140	2.4	0.02575
140	2.5	0.023804
140	2.6	0.022645
140	2.7	0.019099
140	2.8	0.017143
140	2.9	0.013432
140	3	0.012179
140	3.1	0.010146
140	3.2	0.0090484
140	3.3	0.0090072
140	3.4	0.0088789
140	3.5	0.009213
140	3.6	0.0082623
140	3.7	0.006522
140	3.8	0.0056625
140	3.9	0.0064897
140	4	0.0075274
150	-4	0.0070484
150	-3.9	0.0087947
150	-3.8	0.010221
150	-3.7	0.011527
150	-3.6	0.011036
150	-3.5	0.010251
150	-3.4	0.0088186
150	-3.3	0.0072563
150	-3.2	0.0068766
150	-3.1	0.0078901
150	-3	0.008946
150	-2.9	0.0082876
150	-2.8	0.0075808
150	-2.7	0.0065245
150	-2.6	0.0084096
150	-2.5	0.011754
150	-2.4	0.0167
150	-2.3	0.022149
150	-2.2	0.02579
150	-2.1	0.02796
150	-2	0.029701
150	-1.9	0.0299
150	-1.8	0.031938
150	-1.7	0.032387
150	-1.6	0.031131
150	-1.5	0.029279
150	-1.4	0.026342
150	-1.3	0.021616
150	-1.2	0.0185
150	-1.1	0.020961
150	-1	0.028658
150	-0.9	0.035893
150	-0.8	0.042724
150	-0.7	0.048711
150	-0.6	0.050249
150	-0.5	0.049487
150	-0.4	0.047384
150	-0.3	0.040397
150	-0.2	0.032327
150	-0.1	0.02874
150	0	0.022686
150	0.1	0.018591
150	0.2	0.016862
150	0.3	0.015575
150	0.4	0.01609
150	0.5	0.01739
150	0.6	0.019985
150	0.7	0.026204
150	0.8	0.030786
150	0.9	0.034881
150	1	0.036336
150	1.1	0.037384
150	1.2	0.037349
150	1.3	0.035547
150	1.4	0.031842
150	1.5	0.027508
150	1.6	0.024357
150	1.7	0.023042
150	1.8	0.023628
150	1.9	0.02416
150	2	0.024861
150	2.1	0.025635
150	2.2	0.025145
150	2.3	0.02476
150	2.4	0.024117
150	2.5	0.023062
150	2.6	0.020428
150	2.7	0.01712
150	2.8	0.015586
150	2.9	0.013692
150	3	0.011053
150	3.1	0.0091778
150	3.2	0.008667
150	3.3	0.0083285
150	3.4	0.0083865
150	3.5	0.0076445
150	3.6	0.0070024
150	3.7	0.0065541
150	3.8	0.0061338
150	3.9	0.0059056
150	4	0.0061601
160	-4	0.010974
160	-3.9	0.01123
160	-3.8	0.010725
160	-3.7	0.0095438
160	-3.6	0.0079003
160	-3.5	0.0071485
160	-3.4	0.0068081
160	-3.3	0.0080843
160	-3.2	0.0088588
160	-3.1	0.0076212
160	-3	0.0072696
160	-2.9	0.0056511
160	-2.8	0.007404
160	-2.7	0.0098554
160	-2.6	0.012931
160	-2.5	0.015269
160	-2.4	0.018212
160	-2.3	0.019418
160	-2.2	0.021808
160	-2.1	0.023928
160	-2	0.026199
160	-1.9	0.030294
160	-1.8	0.032798
160	-1.7	0.03472
160	-1.6	0.033583
160	-1.5	0.028791
160	-1.4	0.025724
160	-1.3	0.021423
160	-1.2	0.017768
160	-1.1	0.020012
160	-1	0.029556
160	-0.9	0.036037
160	-0.8	0.041441
160	-0.7	0.046872
160	-0.6	0.049482
160	-0.5	0.048449
160	-0.4	0.044801
160	-0.3	0.040023
160	-0.2	0.033578
160	-0.1	0.027458
160	0	0.023439
160	0.1	0.018629
160	0.2	0.016998
160	0.3	0.016159
160	0.4	0.016287
160	0.5	0.018272
160	0.6	0.021699
160	0.7	0.025606
160	0.8	0.030771
160	0.9	0.035157
160	1	0.036238
160	1.1	0.037533
160	1.2	0.035796
160	1.3	0.033456
160	1.4	0.030617
160	1.5	0.027784
160	1.6	0.025471
160	1.7	0.025584
160	1.8	0.02528
160	1.9	0.027181
160	2	0.028264
160	2.1	0.028052
160	2.2	0.028458
160	2.3	0.027257
160	2.4	0.025746
160	2.5	0.024228
160	2.6	0.022334
160	2.7	0.020312
160	2.8	0.018415
160	2.9	0.016661
160	3	0.015736
160	3.1	0.012444
160	3.2	0.01032
160	3.3	0.0094827
160	3.4	0.0084134
160	3.5	0.0075231
160	3.6	0.0076551
160	3.7	0.007634
160	3.8	0.0082525
160	3.9	0.0086071
160	4	0.0085657
170	-4	0.0098669
170	-3.9	0.0097283
170	-3.8	0.010207
170	-3.7	0.011344
170	-3.6	0.012438
170	-3.5	0.012646
170	-3.4	0.01253
170	-3.3	0.012131
170	-3.2	0.011385
170	-3.1	0.010273
170	-3	0.0079044
170	-2.9	0.0070208
170	-2.8	0.0075037
170	-2.7	0.0097995
170	-2.6	0.013453
170	-2.5	0.015634
170	-2.4	0.018363
170	-2.3	0.020743
170	-2.2	0.023012
170	-2.1	0.026261
170	-2	0.028832
170	-1.9	0.030127
170	-1.8	0.034457
170	-1.7	0.035956
170	-1.6	0.035149
170	-1.5	0.032651
170	-1.4	0.026796
170	-1.3	0.019387
170	-1.2	0.0173
170	-1.1	0.019948
170	-1	0.027912
170	-0.9	0.032351
170	-0.8	0.041653
170	-0.7	0.044606
170	-0.6	0.047053
170	-0.5	0.045568
170	-0.4	0.042785
170	-0.3	0.037435
170	-0.2	0.03093
170	-0.1	0.028645
170	0	0.021712
170	0.1	0.018697
170	0.2	0.016793
170	0.3	0.015423
170	0.4	0.016071
170	0.5	0.01778
170	0.6	0.020767
170	0.7	0.025771
170	0.8	0.028677
170	0.9	0.0313
170	1	0.035418
170	1.1	0.035597
170	1.2	0.035023
170	1.3	0.032234
170	1.4	0.029213
170	1.5	0.024074
170	1.6	0.021586
170	1.7	0.019332
170	1.8	0.020423
170	1.9	0.022669
170	2	0.024828
170	2.1	0.026598
170	2.2	0.026923
170	2.3	0.025298
170	2.4	0.023032
170	2.5	0.021341
170	2.6	0.019378
170	2.7	0.018726
170	2.8	0.018171
170	2.9	0.018019
170	3	0.01524
170	3.1	0.013481
170	3.2	0.010835
170	3.3	0.0089243
170	3.4	0.0083537
170	3.5	0.0094656
170	3.6	0.010084
170	3.7	0.01088
170	3.8	0.010238
170	3.9	0.0093678
170	4	0.0095099
180	-4	0.009554
180	-3.9	0.010881
180	-3.8	0.010974
180	-3.7	0.011173
180	-3.6	0.0095489
180	-3.5	0.0076993
180	-3.4	0.0077182
180	-3.3	0.007467
180	-3.2	0.0086819
180	-3.1	0.0087357
180	-3	0.0083981
180	-2.9	0.0062512
180	-2.8	0.0059329
180	-2.7	0.0075702
180	-2.6	0.010949
180	-2.5	0.014765
180	-2.4	0.016973
180	-2.3	0.01975
180	-2.2	0.020497
180	-2.1	0.022896
180	-2	0.024792
180	-1.9	0.027455
180	-1.8	0.030526
180	-1.7	0.032223
180	-1.6	0.033517
180	-1.5	0.031684
180	-1.4	0.026123
180	-1.3	0.021352
180	-1.2	0.01642
180	-1.1	0.017
180	-1	0.021756
180	-0.9	0.033985
180	-0.8	0.041838
180	-0.7	0.045483
180	-0.6	0.047217
180	-0.5	0.047752
180	-0.4	0.042294
180	-0.3	0.035722
180	-0.2	0.030578
180	-0.1	0.026114
180	0	0.018419
180	0.1	0.014376
180	0.2	0.013143
180	0.3	0.013103
180	0.4	0.014868
180	0.5	0.0177
180	0.6	0.022242
180	0.7	0.027392
180	0.8	0.032532
180	0.9	0.03489
180	1	0.037483
180	1.1	0.038324
180	1.2	0.036545
180	1.3	0.034345
180	1.4	0.030944
180	1.5	0.02531
180	1.6	0.024059
180	1.7	0.021731
180	1.8	0.021274
180	1.9	0.022
180	2	0.023162
180	2.1	0.023575
180	2.2	0.023598
180	2.3	0.023561
180	2.4	0.021153
180	2.5	0.019774
180	2.6	0.018117
180	2.7	0.01783
180	2.8	0.016957
180	2.9	0.016047
180	3	0.01408
180	3.1	0.012473
180	3.2	0.011748
180	3.3	0.0092445
180	3.4	0.0072807
180	3.5	0.0077724
180	3.6	0.0079207
180	3.7	0.0087376
180	3.8	0.0086015
180	3.9	0.0085203
180	4	0.0089134
 
Uniformity Ratio =0.57263
