02-Jan-2018
10:54
TXR  007971 RM428 R24
33511B Function Generator
SN =Agilent Technologies,33511B,MY52301476,3.05-1.19-2.00-52-00
freq =+9.280000000000000E+06
burstmode =TRIG
burstN =+6.000000000000000E+01
voltage =+1.5000000000000E-01
 
DSO-X 2022A Oscilloscope
SN =AGILENT TECHNOLOGIES,DSO-X 2022A,MY54310921,02.41.2015102200
probe =+1.0000000E+00
scale =+500.0E-09
position =+19.900000E-06
range =+1.60E+00
units =VOLT
points =+2000
pointmode =NORM
format =BYTE
acqtype =NORM
trigsource =EXT
coupling =AC
 
-180	-4	0.0095894
-180	-3.9	0.011097
-180	-3.8	0.011439
-180	-3.7	0.011001
-180	-3.6	0.0099533
-180	-3.5	0.0083091
-180	-3.4	0.0091531
-180	-3.3	0.0097482
-180	-3.2	0.010891
-180	-3.1	0.011295
-180	-3	0.010896
-180	-2.9	0.010704
-180	-2.8	0.012984
-180	-2.7	0.018206
-180	-2.6	0.022376
-180	-2.5	0.025678
-180	-2.4	0.028579
-180	-2.3	0.030032
-180	-2.2	0.030783
-180	-2.1	0.031185
-180	-2	0.032391
-180	-1.9	0.034023
-180	-1.8	0.035114
-180	-1.7	0.035027
-180	-1.6	0.032828
-180	-1.5	0.028099
-180	-1.4	0.025718
-180	-1.3	0.026258
-180	-1.2	0.031816
-180	-1.1	0.040096
-180	-1	0.047507
-180	-0.9	0.054218
-180	-0.8	0.055065
-180	-0.7	0.052807
-180	-0.6	0.048255
-180	-0.5	0.038215
-180	-0.4	0.032471
-180	-0.3	0.025969
-180	-0.2	0.01982
-180	-0.1	0.016159
-180	0	0.014908
-180	0.1	0.014486
-180	0.2	0.017535
-180	0.3	0.022889
-180	0.4	0.029681
-180	0.5	0.039992
-180	0.6	0.046599
-180	0.7	0.051185
-180	0.8	0.055014
-180	0.9	0.055736
-180	1	0.053634
-180	1.1	0.050776
-180	1.2	0.045424
-180	1.3	0.041185
-180	1.4	0.038614
-180	1.5	0.036807
-180	1.6	0.036566
-180	1.7	0.037185
-180	1.8	0.038606
-180	1.9	0.03854
-180	2	0.037341
-180	2.1	0.034917
-180	2.2	0.032645
-180	2.3	0.029314
-180	2.4	0.026144
-180	2.5	0.024663
-180	2.6	0.022247
-180	2.7	0.021215
-180	2.8	0.018819
-180	2.9	0.016288
-180	3	0.013162
-180	3.1	0.011217
-180	3.2	0.0106
-180	3.3	0.011286
-180	3.4	0.011658
-180	3.5	0.011573
-180	3.6	0.01054
-180	3.7	0.0093367
-180	3.8	0.0089982
-180	3.9	0.008769
-180	4	0.0086857
-170	-4	0.0097615
-170	-3.9	0.012004
-170	-3.8	0.01321
-170	-3.7	0.012602
-170	-3.6	0.010289
-170	-3.5	0.0085108
-170	-3.4	0.0081896
-170	-3.3	0.0094554
-170	-3.2	0.011496
-170	-3.1	0.012007
-170	-3	0.011543
-170	-2.9	0.0114
-170	-2.8	0.014935
-170	-2.7	0.019073
-170	-2.6	0.025021
-170	-2.5	0.030152
-170	-2.4	0.032112
-170	-2.3	0.032115
-170	-2.2	0.031255
-170	-2.1	0.0304
-170	-2	0.031221
-170	-1.9	0.033354
-170	-1.8	0.034873
-170	-1.7	0.034823
-170	-1.6	0.032434
-170	-1.5	0.028935
-170	-1.4	0.025546
-170	-1.3	0.027851
-170	-1.2	0.03416
-170	-1.1	0.040839
-170	-1	0.049867
-170	-0.9	0.055151
-170	-0.8	0.056022
-170	-0.7	0.05378
-170	-0.6	0.046267
-170	-0.5	0.039225
-170	-0.4	0.030737
-170	-0.3	0.023907
-170	-0.2	0.018366
-170	-0.1	0.015927
-170	0	0.014308
-170	0.1	0.015237
-170	0.2	0.01948
-170	0.3	0.027013
-170	0.4	0.035579
-170	0.5	0.044598
-170	0.6	0.048976
-170	0.7	0.053965
-170	0.8	0.055485
-170	0.9	0.055228
-170	1	0.053707
-170	1.1	0.049051
-170	1.2	0.04602
-170	1.3	0.041708
-170	1.4	0.039497
-170	1.5	0.037614
-170	1.6	0.036336
-170	1.7	0.036489
-170	1.8	0.036776
-170	1.9	0.036782
-170	2	0.035649
-170	2.1	0.033427
-170	2.2	0.031456
-170	2.3	0.028776
-170	2.4	0.02652
-170	2.5	0.023928
-170	2.6	0.020693
-170	2.7	0.019075
-170	2.8	0.016794
-170	2.9	0.01398
-170	3	0.011953
-170	3.1	0.011136
-170	3.2	0.010373
-170	3.3	0.0099403
-170	3.4	0.009234
-170	3.5	0.0092112
-170	3.6	0.0092933
-170	3.7	0.0097565
-170	3.8	0.0099322
-170	3.9	0.0096616
-170	4	0.00973
-160	-4	0.010679
-160	-3.9	0.01124
-160	-3.8	0.0099663
-160	-3.7	0.0091637
-160	-3.6	0.0082642
-160	-3.5	0.0081341
-160	-3.4	0.0097316
-160	-3.3	0.010495
-160	-3.2	0.010226
-160	-3.1	0.009385
-160	-3	0.0082191
-160	-2.9	0.010328
-160	-2.8	0.015178
-160	-2.7	0.018631
-160	-2.6	0.022993
-160	-2.5	0.026025
-160	-2.4	0.026464
-160	-2.3	0.025968
-160	-2.2	0.025992
-160	-2.1	0.02689
-160	-2	0.030453
-160	-1.9	0.033443
-160	-1.8	0.034978
-160	-1.7	0.033891
-160	-1.6	0.031353
-160	-1.5	0.026724
-160	-1.4	0.02331
-160	-1.3	0.026077
-160	-1.2	0.032354
-160	-1.1	0.042012
-160	-1	0.051034
-160	-0.9	0.056311
-160	-0.8	0.056931
-160	-0.7	0.053277
-160	-0.6	0.046243
-160	-0.5	0.037459
-160	-0.4	0.027291
-160	-0.3	0.021046
-160	-0.2	0.015696
-160	-0.1	0.014227
-160	0	0.013861
-160	0.1	0.015273
-160	0.2	0.021158
-160	0.3	0.029962
-160	0.4	0.036465
-160	0.5	0.043995
-160	0.6	0.051548
-160	0.7	0.055024
-160	0.8	0.055709
-160	0.9	0.05366
-160	1	0.050925
-160	1.1	0.045634
-160	1.2	0.041461
-160	1.3	0.038421
-160	1.4	0.036862
-160	1.5	0.035597
-160	1.6	0.034874
-160	1.7	0.034727
-160	1.8	0.035097
-160	1.9	0.034325
-160	2	0.033156
-160	2.1	0.030788
-160	2.2	0.029658
-160	2.3	0.027111
-160	2.4	0.024061
-160	2.5	0.021454
-160	2.6	0.019095
-160	2.7	0.018048
-160	2.8	0.016448
-160	2.9	0.014578
-160	3	0.013164
-160	3.1	0.011977
-160	3.2	0.01123
-160	3.3	0.0097731
-160	3.4	0.0094451
-160	3.5	0.010199
-160	3.6	0.010958
-160	3.7	0.011498
-160	3.8	0.010754
-160	3.9	0.010273
-160	4	0.010334
-150	-4	0.011256
-150	-3.9	0.011863
-150	-3.8	0.011155
-150	-3.7	0.0082564
-150	-3.6	0.0069584
-150	-3.5	0.0070484
-150	-3.4	0.0090287
-150	-3.3	0.01083
-150	-3.2	0.012361
-150	-3.1	0.011543
-150	-3	0.010505
-150	-2.9	0.010641
-150	-2.8	0.015428
-150	-2.7	0.020558
-150	-2.6	0.026973
-150	-2.5	0.030029
-150	-2.4	0.030681
-150	-2.3	0.029964
-150	-2.2	0.028909
-150	-2.1	0.028408
-150	-2	0.029967
-150	-1.9	0.032189
-150	-1.8	0.033609
-150	-1.7	0.032969
-150	-1.6	0.029781
-150	-1.5	0.025838
-150	-1.4	0.024763
-150	-1.3	0.028558
-150	-1.2	0.037804
-150	-1.1	0.046233
-150	-1	0.052866
-150	-0.9	0.056108
-150	-0.8	0.05447
-150	-0.7	0.049091
-150	-0.6	0.04201
-150	-0.5	0.034153
-150	-0.4	0.025653
-150	-0.3	0.01838
-150	-0.2	0.015863
-150	-0.1	0.014598
-150	0	0.014818
-150	0.1	0.019246
-150	0.2	0.026887
-150	0.3	0.035003
-150	0.4	0.041243
-150	0.5	0.049768
-150	0.6	0.052744
-150	0.7	0.055092
-150	0.8	0.054802
-150	0.9	0.053399
-150	1	0.050037
-150	1.1	0.046004
-150	1.2	0.04101
-150	1.3	0.038041
-150	1.4	0.035549
-150	1.5	0.035512
-150	1.6	0.036298
-150	1.7	0.037289
-150	1.8	0.037361
-150	1.9	0.035951
-150	2	0.032866
-150	2.1	0.031039
-150	2.2	0.027357
-150	2.3	0.02497
-150	2.4	0.023299
-150	2.5	0.022944
-150	2.6	0.021926
-150	2.7	0.020682
-150	2.8	0.017043
-150	2.9	0.014323
-150	3	0.011767
-150	3.1	0.010475
-150	3.2	0.010877
-150	3.3	0.011773
-150	3.4	0.012012
-150	3.5	0.011826
-150	3.6	0.010499
-150	3.7	0.0094997
-150	3.8	0.0087837
-150	3.9	0.0089007
-150	4	0.010694
-140	-4	0.011696
-140	-3.9	0.010651
-140	-3.8	0.0098947
-140	-3.7	0.0088934
-140	-3.6	0.0099191
-140	-3.5	0.011142
-140	-3.4	0.011197
-140	-3.3	0.011703
-140	-3.2	0.011569
-140	-3.1	0.011081
-140	-3	0.012664
-140	-2.9	0.016062
-140	-2.8	0.018418
-140	-2.7	0.023017
-140	-2.6	0.026051
-140	-2.5	0.028087
-140	-2.4	0.02913
-140	-2.3	0.029681
-140	-2.2	0.031108
-140	-2.1	0.032097
-140	-2	0.033518
-140	-1.9	0.033493
-140	-1.8	0.032087
-140	-1.7	0.029139
-140	-1.6	0.025979
-140	-1.5	0.025142
-140	-1.4	0.029265
-140	-1.3	0.038099
-140	-1.2	0.042422
-140	-1.1	0.050333
-140	-1	0.053796
-140	-0.9	0.054419
-140	-0.8	0.051084
-140	-0.7	0.044383
-140	-0.6	0.035969
-140	-0.5	0.029684
-140	-0.4	0.022852
-140	-0.3	0.017159
-140	-0.2	0.015273
-140	-0.1	0.014553
-140	0	0.016867
-140	0.1	0.020006
-140	0.2	0.027129
-140	0.3	0.033396
-140	0.4	0.041728
-140	0.5	0.047257
-140	0.6	0.051904
-140	0.7	0.053254
-140	0.8	0.052993
-140	0.9	0.051034
-140	1	0.047645
-140	1.1	0.044096
-140	1.2	0.040285
-140	1.3	0.038386
-140	1.4	0.03678
-140	1.5	0.036042
-140	1.6	0.03562
-140	1.7	0.035743
-140	1.8	0.035595
-140	1.9	0.034892
-140	2	0.033866
-140	2.1	0.032461
-140	2.2	0.030196
-140	2.3	0.0277
-140	2.4	0.02481
-140	2.5	0.021926
-140	2.6	0.019195
-140	2.7	0.017056
-140	2.8	0.015163
-140	2.9	0.014074
-140	3	0.013639
-140	3.1	0.01349
-140	3.2	0.012608
-140	3.3	0.011379
-140	3.4	0.010503
-140	3.5	0.010566
-140	3.6	0.010499
-140	3.7	0.010207
-140	3.8	0.010472
-140	3.9	0.010262
-140	4	0.009469
-130	-4	0.0098094
-130	-3.9	0.0090751
-130	-3.8	0.0080563
-130	-3.7	0.0067629
-130	-3.6	0.0071282
-130	-3.5	0.0073777
-130	-3.4	0.008955
-130	-3.3	0.010058
-130	-3.2	0.0097549
-130	-3.1	0.0096633
-130	-3	0.011272
-130	-2.9	0.013853
-130	-2.8	0.018767
-130	-2.7	0.022887
-130	-2.6	0.02556
-130	-2.5	0.027103
-130	-2.4	0.027993
-130	-2.3	0.028735
-130	-2.2	0.029007
-130	-2.1	0.029933
-130	-2	0.030683
-130	-1.9	0.030858
-130	-1.8	0.029492
-130	-1.7	0.027371
-130	-1.6	0.025355
-130	-1.5	0.026539
-130	-1.4	0.032137
-130	-1.3	0.040152
-130	-1.2	0.047559
-130	-1.1	0.053912
-130	-1	0.057347
-130	-0.9	0.056667
-130	-0.8	0.051636
-130	-0.7	0.044317
-130	-0.6	0.035824
-130	-0.5	0.026384
-130	-0.4	0.020389
-130	-0.3	0.015215
-130	-0.2	0.013815
-130	-0.1	0.013868
-130	0	0.016717
-130	0.1	0.021688
-130	0.2	0.030722
-130	0.3	0.039235
-130	0.4	0.047032
-130	0.5	0.053057
-130	0.6	0.055756
-130	0.7	0.05542
-130	0.8	0.053362
-130	0.9	0.050028
-130	1	0.046954
-130	1.1	0.043454
-130	1.2	0.040884
-130	1.3	0.0393
-130	1.4	0.03821
-130	1.5	0.036394
-130	1.6	0.035669
-130	1.7	0.034993
-130	1.8	0.034716
-130	1.9	0.034233
-130	2	0.033298
-130	2.1	0.031501
-130	2.2	0.028514
-130	2.3	0.026374
-130	2.4	0.022054
-130	2.5	0.0183
-130	2.6	0.01561
-130	2.7	0.014194
-130	2.8	0.012991
-130	2.9	0.01264
-130	3	0.012062
-130	3.1	0.011071
-130	3.2	0.0096147
-130	3.3	0.008507
-130	3.4	0.0081817
-130	3.5	0.0081915
-130	3.6	0.008154
-130	3.7	0.0078798
-130	3.8	0.0085639
-130	3.9	0.0087431
-130	4	0.008545
-120	-4	0.0098783
-120	-3.9	0.0080963
-120	-3.8	0.0067269
-120	-3.7	0.0075915
-120	-3.6	0.010802
-120	-3.5	0.012139
-120	-3.4	0.012107
-120	-3.3	0.011187
-120	-3.2	0.0089315
-120	-3.1	0.010192
-120	-3	0.013767
-120	-2.9	0.02029
-120	-2.8	0.02458
-120	-2.7	0.027449
-120	-2.6	0.02824
-120	-2.5	0.027518
-120	-2.4	0.027981
-120	-2.3	0.030094
-120	-2.2	0.03219
-120	-2.1	0.035227
-120	-2	0.03636
-120	-1.9	0.035175
-120	-1.8	0.030667
-120	-1.7	0.027045
-120	-1.6	0.024321
-120	-1.5	0.027152
-120	-1.4	0.036613
-120	-1.3	0.044782
-120	-1.2	0.052675
-120	-1.1	0.060144
-120	-1	0.06113
-120	-0.9	0.057822
-120	-0.8	0.052475
-120	-0.7	0.042593
-120	-0.6	0.030815
-120	-0.5	0.023017
-120	-0.4	0.016862
-120	-0.3	0.014398
-120	-0.2	0.014693
-120	-0.1	0.01656
-120	0	0.01948
-120	0.1	0.02575
-120	0.2	0.033786
-120	0.3	0.04343
-120	0.4	0.049931
-120	0.5	0.053622
-120	0.6	0.056111
-120	0.7	0.055526
-120	0.8	0.053293
-120	0.9	0.049852
-120	1	0.044522
-120	1.1	0.039915
-120	1.2	0.037267
-120	1.3	0.036147
-120	1.4	0.035564
-120	1.5	0.035383
-120	1.6	0.035486
-120	1.7	0.035688
-120	1.8	0.034935
-120	1.9	0.033421
-120	2	0.03141
-120	2.1	0.029439
-120	2.2	0.026734
-120	2.3	0.024091
-120	2.4	0.02231
-120	2.5	0.019443
-120	2.6	0.018045
-120	2.7	0.014748
-120	2.8	0.013958
-120	2.9	0.012938
-120	3	0.012338
-120	3.1	0.012676
-120	3.2	0.012436
-120	3.3	0.011649
-120	3.4	0.010841
-120	3.5	0.0096733
-120	3.6	0.0092252
-120	3.7	0.0087265
-120	3.8	0.0098947
-120	3.9	0.010031
-120	4	0.010162
-110	-4	0.0089874
-110	-3.9	0.0092024
-110	-3.8	0.0093781
-110	-3.7	0.0091213
-110	-3.6	0.0089025
-110	-3.5	0.0089982
-110	-3.4	0.0093522
-110	-3.3	0.0089025
-110	-3.2	0.010996
-110	-3.1	0.01509
-110	-3	0.018119
-110	-2.9	0.022114
-110	-2.8	0.025489
-110	-2.7	0.027237
-110	-2.6	0.028057
-110	-2.5	0.028376
-110	-2.4	0.029061
-110	-2.3	0.030882
-110	-2.2	0.032758
-110	-2.1	0.034374
-110	-2	0.034308
-110	-1.9	0.032233
-110	-1.8	0.029081
-110	-1.7	0.026644
-110	-1.6	0.02601
-110	-1.5	0.031563
-110	-1.4	0.039797
-110	-1.3	0.048403
-110	-1.2	0.055048
-110	-1.1	0.059716
-110	-1	0.059924
-110	-0.9	0.056229
-110	-0.8	0.049615
-110	-0.7	0.041291
-110	-0.6	0.03003
-110	-0.5	0.02466
-110	-0.4	0.018077
-110	-0.3	0.015574
-110	-0.2	0.014929
-110	-0.1	0.016373
-110	0	0.020301
-110	0.1	0.027701
-110	0.2	0.035061
-110	0.3	0.042937
-110	0.4	0.051138
-110	0.5	0.055427
-110	0.6	0.056873
-110	0.7	0.055013
-110	0.8	0.052338
-110	0.9	0.04814
-110	1	0.042713
-110	1.1	0.039117
-110	1.2	0.037066
-110	1.3	0.037015
-110	1.4	0.03716
-110	1.5	0.037634
-110	1.6	0.037063
-110	1.7	0.036487
-110	1.8	0.034778
-110	1.9	0.03273
-110	2	0.030443
-110	2.1	0.028587
-110	2.2	0.027175
-110	2.3	0.025269
-110	2.4	0.023878
-110	2.5	0.021811
-110	2.6	0.019282
-110	2.7	0.016832
-110	2.8	0.014308
-110	2.9	0.012327
-110	3	0.011692
-110	3.1	0.011661
-110	3.2	0.011144
-110	3.3	0.010587
-110	3.4	0.010157
-110	3.5	0.01014
-110	3.6	0.010653
-110	3.7	0.010958
-110	3.8	0.010998
-110	3.9	0.010486
-110	4	0.0095641
-100	-4	0.0099906
-100	-3.9	0.008423
-100	-3.8	0.0073909
-100	-3.7	0.0082427
-100	-3.6	0.0099549
-100	-3.5	0.010429
-100	-3.4	0.010364
-100	-3.3	0.010282
-100	-3.2	0.011457
-100	-3.1	0.01511
-100	-3	0.019167
-100	-2.9	0.023304
-100	-2.8	0.027753
-100	-2.7	0.029505
-100	-2.6	0.02964
-100	-2.5	0.029748
-100	-2.4	0.02991
-100	-2.3	0.0313
-100	-2.2	0.033299
-100	-2.1	0.03469
-100	-2	0.034127
-100	-1.9	0.032288
-100	-1.8	0.028508
-100	-1.7	0.025776
-100	-1.6	0.028117
-100	-1.5	0.036924
-100	-1.4	0.044179
-100	-1.3	0.053258
-100	-1.2	0.060199
-100	-1.1	0.062932
-100	-1	0.062224
-100	-0.9	0.057103
-100	-0.8	0.048129
-100	-0.7	0.039661
-100	-0.6	0.02683
-100	-0.5	0.020453
-100	-0.4	0.015467
-100	-0.3	0.015239
-100	-0.2	0.016227
-100	-0.1	0.018653
-100	0	0.023451
-100	0.1	0.030464
-100	0.2	0.038907
-100	0.3	0.04527
-100	0.4	0.052377
-100	0.5	0.057144
-100	0.6	0.057355
-100	0.7	0.055809
-100	0.8	0.051742
-100	0.9	0.047016
-100	1	0.041626
-100	1.1	0.03779
-100	1.2	0.036166
-100	1.3	0.035883
-100	1.4	0.036404
-100	1.5	0.036451
-100	1.6	0.036035
-100	1.7	0.035277
-100	1.8	0.034212
-100	1.9	0.032242
-100	2	0.030224
-100	2.1	0.027857
-100	2.2	0.026029
-100	2.3	0.024151
-100	2.4	0.022264
-100	2.5	0.020451
-100	2.6	0.018327
-100	2.7	0.016211
-100	2.8	0.014636
-100	2.9	0.012653
-100	3	0.011767
-100	3.1	0.011647
-100	3.2	0.012191
-100	3.3	0.012429
-100	3.4	0.01258
-100	3.5	0.012521
-100	3.6	0.011935
-100	3.7	0.010967
-100	3.8	0.0094519
-100	3.9	0.0090305
-100	4	0.0078716
-90	-4	0.0089315
-90	-3.9	0.0083827
-90	-3.8	0.0085883
-90	-3.7	0.0099077
-90	-3.6	0.010695
-90	-3.5	0.010584
-90	-3.4	0.0098456
-90	-3.3	0.0099126
-90	-3.2	0.01315
-90	-3.1	0.016672
-90	-3	0.021997
-90	-2.9	0.027177
-90	-2.8	0.029346
-90	-2.7	0.03009
-90	-2.6	0.029616
-90	-2.5	0.029491
-90	-2.4	0.030499
-90	-2.3	0.032351
-90	-2.2	0.03472
-90	-2.1	0.035239
-90	-2	0.034138
-90	-1.9	0.030644
-90	-1.8	0.02679
-90	-1.7	0.026063
-90	-1.6	0.030092
-90	-1.5	0.037471
-90	-1.4	0.049459
-90	-1.3	0.056334
-90	-1.2	0.061935
-90	-1.1	0.063551
-90	-1	0.059545
-90	-0.9	0.052764
-90	-0.8	0.042179
-90	-0.7	0.033083
-90	-0.6	0.025201
-90	-0.5	0.017051
-90	-0.4	0.015179
-90	-0.3	0.01502
-90	-0.2	0.016158
-90	-0.1	0.020013
-90	0	0.02488
-90	0.1	0.033837
-90	0.2	0.040726
-90	0.3	0.049018
-90	0.4	0.055665
-90	0.5	0.05879
-90	0.6	0.05813
-90	0.7	0.053242
-90	0.8	0.049751
-90	0.9	0.042361
-90	1	0.037719
-90	1.1	0.033893
-90	1.2	0.033415
-90	1.3	0.034759
-90	1.4	0.036195
-90	1.5	0.036035
-90	1.6	0.035008
-90	1.7	0.032816
-90	1.8	0.030676
-90	1.9	0.027488
-90	2	0.026629
-90	2.1	0.025734
-90	2.2	0.024797
-90	2.3	0.02333
-90	2.4	0.021347
-90	2.5	0.017481
-90	2.6	0.014975
-90	2.7	0.012641
-90	2.8	0.012493
-90	2.9	0.011923
-90	3	0.012099
-90	3.1	0.011464
-90	3.2	0.010004
-90	3.3	0.0093592
-90	3.4	0.0083091
-90	3.5	0.0091672
-90	3.6	0.0098094
-90	3.7	0.010853
-90	3.8	0.010512
-90	3.9	0.010145
-90	4	0.0089442
-80	-4	0.0071282
-80	-3.9	0.0073558
-80	-3.8	0.0095065
-80	-3.7	0.010751
-80	-3.6	0.010899
-80	-3.5	0.0096029
-80	-3.4	0.0088843
-80	-3.3	0.0098816
-80	-3.2	0.014329
-80	-3.1	0.018164
-80	-3	0.021954
-80	-2.9	0.026374
-80	-2.8	0.028522
-80	-2.7	0.029362
-80	-2.6	0.030368
-80	-2.5	0.031724
-80	-2.4	0.033968
-80	-2.3	0.035903
-80	-2.2	0.037205
-80	-2.1	0.036247
-80	-2	0.032363
-80	-1.9	0.029707
-80	-1.8	0.026576
-80	-1.7	0.030376
-80	-1.6	0.038632
-80	-1.5	0.050484
-80	-1.4	0.058435
-80	-1.3	0.064132
-80	-1.2	0.065349
-80	-1.1	0.060858
-80	-1	0.055522
-80	-0.9	0.044965
-80	-0.8	0.036022
-80	-0.7	0.026526
-80	-0.6	0.018165
-80	-0.5	0.014559
-80	-0.4	0.013498
-80	-0.3	0.013332
-80	-0.2	0.01465
-80	-0.1	0.020242
-80	0	0.026737
-80	0.1	0.037059
-80	0.2	0.043374
-80	0.3	0.050588
-80	0.4	0.05454
-80	0.5	0.055786
-80	0.6	0.053494
-80	0.7	0.050461
-80	0.8	0.045133
-80	0.9	0.041368
-80	1	0.038441
-80	1.1	0.036003
-80	1.2	0.035738
-80	1.3	0.035487
-80	1.4	0.03551
-80	1.5	0.035174
-80	1.6	0.034573
-80	1.7	0.034143
-80	1.8	0.033466
-80	1.9	0.032444
-80	2	0.030514
-80	2.1	0.028899
-80	2.2	0.025708
-80	2.3	0.02222
-80	2.4	0.01999
-80	2.5	0.017047
-80	2.6	0.015703
-80	2.7	0.014596
-80	2.8	0.014006
-80	2.9	0.013491
-80	3	0.012336
-80	3.1	0.011233
-80	3.2	0.0095337
-80	3.3	0.0087929
-80	3.4	0.0091355
-80	3.5	0.0095793
-80	3.6	0.010102
-80	3.7	0.010356
-80	3.8	0.0093401
-80	3.9	0.0093332
-80	4	0.0081935
-70	-4	0.0077182
-70	-3.9	0.0073448
-70	-3.8	0.008012
-70	-3.7	0.010169
-70	-3.6	0.010905
-70	-3.5	0.010636
-70	-3.4	0.0083091
-70	-3.3	0.0083692
-70	-3.2	0.012116
-70	-3.1	0.018444
-70	-3	0.023893
-70	-2.9	0.028812
-70	-2.8	0.031243
-70	-2.7	0.032402
-70	-2.6	0.032828
-70	-2.5	0.034244
-70	-2.4	0.035649
-70	-2.3	0.036886
-70	-2.2	0.037618
-70	-2.1	0.036426
-70	-2	0.034114
-70	-1.9	0.030432
-70	-1.8	0.030142
-70	-1.7	0.03348
-70	-1.6	0.043662
-70	-1.5	0.052085
-70	-1.4	0.059167
-70	-1.3	0.06297
-70	-1.2	0.064072
-70	-1.1	0.06037
-70	-1	0.053115
-70	-0.9	0.044454
-70	-0.8	0.034136
-70	-0.7	0.024571
-70	-0.6	0.018438
-70	-0.5	0.014668
-70	-0.4	0.013928
-70	-0.3	0.012943
-70	-0.2	0.014485
-70	-0.1	0.019298
-70	0	0.029902
-70	0.1	0.035007
-70	0.2	0.043839
-70	0.3	0.051029
-70	0.4	0.054496
-70	0.5	0.055047
-70	0.6	0.052997
-70	0.7	0.048523
-70	0.8	0.043375
-70	0.9	0.040227
-70	1	0.037103
-70	1.1	0.035444
-70	1.2	0.034841
-70	1.3	0.034587
-70	1.4	0.034486
-70	1.5	0.03443
-70	1.6	0.033543
-70	1.7	0.032467
-70	1.8	0.030567
-70	1.9	0.028939
-70	2	0.027552
-70	2.1	0.02562
-70	2.2	0.0232
-70	2.3	0.020246
-70	2.4	0.018648
-70	2.5	0.015853
-70	2.6	0.014239
-70	2.7	0.013489
-70	2.8	0.012544
-70	2.9	0.011946
-70	3	0.011106
-70	3.1	0.0098308
-70	3.2	0.0093072
-70	3.3	0.0084192
-70	3.4	0.0086296
-70	3.5	0.0088625
-70	3.6	0.008946
-70	3.7	0.0089568
-70	3.8	0.0087098
-70	3.9	0.0087579
-70	4	0.0084785
-60	-4	0.0097764
-60	-3.9	0.0098011
-60	-3.8	0.0099175
-60	-3.7	0.010304
-60	-3.6	0.01034
-60	-3.5	0.01048
-60	-3.4	0.010426
-60	-3.3	0.011951
-60	-3.2	0.015104
-60	-3.1	0.021047
-60	-3	0.025213
-60	-2.9	0.028634
-60	-2.8	0.031661
-60	-2.7	0.033886
-60	-2.6	0.03575
-60	-2.5	0.03733
-60	-2.4	0.039046
-60	-2.3	0.039472
-60	-2.2	0.038518
-60	-2.1	0.036057
-60	-2	0.031567
-60	-1.9	0.028256
-60	-1.8	0.028776
-60	-1.7	0.035297
-60	-1.6	0.043659
-60	-1.5	0.052577
-60	-1.4	0.060346
-60	-1.3	0.063318
-60	-1.2	0.062719
-60	-1.1	0.058442
-60	-1	0.050602
-60	-0.9	0.037808
-60	-0.8	0.030441
-60	-0.7	0.021681
-60	-0.6	0.016607
-60	-0.5	0.014013
-60	-0.4	0.013246
-60	-0.3	0.012422
-60	-0.2	0.013862
-60	-0.1	0.020372
-60	0	0.028806
-60	0.1	0.036942
-60	0.2	0.043798
-60	0.3	0.04998
-60	0.4	0.053192
-60	0.5	0.053125
-60	0.6	0.050595
-60	0.7	0.046505
-60	0.8	0.04313
-60	0.9	0.038664
-60	1	0.035158
-60	1.1	0.03308
-60	1.2	0.031945
-60	1.3	0.031933
-60	1.4	0.032066
-60	1.5	0.032103
-60	1.6	0.031909
-60	1.7	0.031536
-60	1.8	0.030463
-60	1.9	0.028864
-60	2	0.026094
-60	2.1	0.02384
-60	2.2	0.021085
-60	2.3	0.018144
-60	2.4	0.016279
-60	2.5	0.014102
-60	2.6	0.012509
-60	2.7	0.01145
-60	2.8	0.011083
-60	2.9	0.010799
-60	3	0.01
-60	3.1	0.0099159
-60	3.2	0.009715
-60	3.3	0.0085902
-60	3.4	0.008272
-60	3.5	0.0082701
-60	3.6	0.0085393
-60	3.7	0.0089694
-60	3.8	0.0091514
-60	3.9	0.0090733
-60	4	0.0093401
-50	-4	0.010784
-50	-3.9	0.0099711
-50	-3.8	0.010226
-50	-3.7	0.010041
-50	-3.6	0.0092933
-50	-3.5	0.0090751
-50	-3.4	0.0095286
-50	-3.3	0.012595
-50	-3.2	0.01618
-50	-3.1	0.022071
-50	-3	0.02582
-50	-2.9	0.028288
-50	-2.8	0.030687
-50	-2.7	0.032773
-50	-2.6	0.034826
-50	-2.5	0.037185
-50	-2.4	0.039108
-50	-2.3	0.039584
-50	-2.2	0.037939
-50	-2.1	0.034197
-50	-2	0.030191
-50	-1.9	0.026369
-50	-1.8	0.027203
-50	-1.7	0.03356
-50	-1.6	0.042219
-50	-1.5	0.052763
-50	-1.4	0.056955
-50	-1.3	0.059904
-50	-1.2	0.058802
-50	-1.1	0.051809
-50	-1	0.046696
-50	-0.9	0.035438
-50	-0.8	0.027244
-50	-0.7	0.020797
-50	-0.6	0.016836
-50	-0.5	0.015013
-50	-0.4	0.013732
-50	-0.3	0.012989
-50	-0.2	0.01507
-50	-0.1	0.021489
-50	0	0.027876
-50	0.1	0.036632
-50	0.2	0.042034
-50	0.3	0.046714
-50	0.4	0.049672
-50	0.5	0.049799
-50	0.6	0.047536
-50	0.7	0.044682
-50	0.8	0.04054
-50	0.9	0.03599
-50	1	0.032224
-50	1.1	0.03094
-50	1.2	0.029881
-50	1.3	0.030801
-50	1.4	0.030752
-50	1.5	0.030849
-50	1.6	0.030134
-50	1.7	0.028987
-50	1.8	0.027369
-50	1.9	0.024639
-50	2	0.022641
-50	2.1	0.021187
-50	2.2	0.020117
-50	2.3	0.018429
-50	2.4	0.016477
-50	2.5	0.014328
-50	2.6	0.012513
-50	2.7	0.0097945
-50	2.8	0.0089206
-50	2.9	0.0086838
-50	3	0.0088789
-50	3.1	0.0092007
-50	3.2	0.0094125
-50	3.3	0.0088058
-50	3.4	0.0079085
-50	3.5	0.0081242
-50	3.6	0.007583
-50	3.7	0.0078056
-50	3.8	0.0080523
-50	3.9	0.0077807
-50	4	0.0082053
-40	-4	0.0099257
-40	-3.9	0.010477
-40	-3.8	0.01029
-40	-3.7	0.0094519
-40	-3.6	0.0078819
-40	-3.5	0.0076318
-40	-3.4	0.0097846
-40	-3.3	0.014328
-40	-3.2	0.018002
-40	-3.1	0.021803
-40	-3	0.025174
-40	-2.9	0.02701
-40	-2.8	0.028966
-40	-2.7	0.032691
-40	-2.6	0.036412
-40	-2.5	0.039208
-40	-2.4	0.041144
-40	-2.3	0.040895
-40	-2.2	0.037792
-40	-2.1	0.034133
-40	-2	0.027728
-40	-1.9	0.026142
-40	-1.8	0.028889
-40	-1.7	0.036039
-40	-1.6	0.042971
-40	-1.5	0.052516
-40	-1.4	0.058009
-40	-1.3	0.0603
-40	-1.2	0.058636
-40	-1.1	0.050731
-40	-1	0.04284
-40	-0.9	0.031722
-40	-0.8	0.023038
-40	-0.7	0.016504
-40	-0.6	0.014563
-40	-0.5	0.014433
-40	-0.4	0.013815
-40	-0.3	0.012881
-40	-0.2	0.014042
-40	-0.1	0.019082
-40	0	0.026793
-40	0.1	0.035089
-40	0.2	0.040148
-40	0.3	0.044756
-40	0.4	0.048113
-40	0.5	0.047644
-40	0.6	0.045638
-40	0.7	0.041404
-40	0.8	0.036869
-40	0.9	0.033302
-40	1	0.03104
-40	1.1	0.029755
-40	1.2	0.029751
-40	1.3	0.029825
-40	1.4	0.030342
-40	1.5	0.030037
-40	1.6	0.029746
-40	1.7	0.029146
-40	1.8	0.027495
-40	1.9	0.024984
-40	2	0.022413
-40	2.1	0.0205
-40	2.2	0.018537
-40	2.3	0.017206
-40	2.4	0.015763
-40	2.5	0.014432
-40	2.6	0.012632
-40	2.7	0.011878
-40	2.8	0.0095658
-40	2.9	0.0083923
-40	3	0.0087042
-40	3.1	0.0096382
-40	3.2	0.010282
-40	3.3	0.010485
-40	3.4	0.0093522
-40	3.5	0.0088424
-40	3.6	0.0074062
-40	3.7	0.0069071
-40	3.8	0.0073996
-40	3.9	0.0064196
-40	4	0.0075766
-30	-4	0.0079166
-30	-3.9	0.0091989
-30	-3.8	0.010927
-30	-3.7	0.011248
-30	-3.6	0.009778
-30	-3.5	0.0081202
-30	-3.4	0.008344
-30	-3.3	0.013233
-30	-3.2	0.018526
-30	-3.1	0.023302
-30	-3	0.02784
-30	-2.9	0.029855
-30	-2.8	0.031419
-30	-2.7	0.032361
-30	-2.6	0.033177
-30	-2.5	0.035167
-30	-2.4	0.038144
-30	-2.3	0.040245
-30	-2.2	0.039839
-30	-2.1	0.036761
-30	-2	0.029249
-30	-1.9	0.023003
-30	-1.8	0.023753
-30	-1.7	0.03251
-30	-1.6	0.045749
-30	-1.5	0.053613
-30	-1.4	0.059632
-30	-1.3	0.060785
-30	-1.2	0.05693
-30	-1.1	0.050044
-30	-1	0.040621
-30	-0.9	0.028719
-30	-0.8	0.022829
-30	-0.7	0.016301
-30	-0.6	0.014755
-30	-0.5	0.013793
-30	-0.4	0.012799
-30	-0.3	0.012187
-30	-0.2	0.015572
-30	-0.1	0.023695
-30	0	0.02922
-30	0.1	0.03735
-30	0.2	0.04456
-30	0.3	0.046954
-30	0.4	0.047843
-30	0.5	0.045301
-30	0.6	0.041292
-30	0.7	0.037506
-30	0.8	0.032452
-30	0.9	0.029231
-30	1	0.027064
-30	1.1	0.024867
-30	1.2	0.024856
-30	1.3	0.025644
-30	1.4	0.026341
-30	1.5	0.02682
-30	1.6	0.026231
-30	1.7	0.025882
-30	1.8	0.024615
-30	1.9	0.022717
-30	2	0.021529
-30	2.1	0.020455
-30	2.2	0.019354
-30	2.3	0.01787
-30	2.4	0.015592
-30	2.5	0.013236
-30	2.6	0.011447
-30	2.7	0.0092863
-30	2.8	0.0089586
-30	2.9	0.0089658
-30	3	0.0090305
-30	3.1	0.0093367
-30	3.2	0.0092305
-30	3.3	0.0085487
-30	3.4	0.0085108
-30	3.5	0.0086558
-30	3.6	0.009811
-30	3.7	0.010169
-30	3.8	0.0097
-30	3.9	0.0089424
-30	4	0.0085203
-20	-4	0.0075488
-20	-3.9	0.008311
-20	-3.8	0.010141
-20	-3.7	0.010911
-20	-3.6	0.010137
-20	-3.5	0.0083923
-20	-3.4	0.0079959
-20	-3.3	0.010841
-20	-3.2	0.018559
-20	-3.1	0.023708
-20	-3	0.027721
-20	-2.9	0.03039
-20	-2.8	0.030865
-20	-2.7	0.032143
-20	-2.6	0.033243
-20	-2.5	0.037196
-20	-2.4	0.040997
-20	-2.3	0.042146
-20	-2.2	0.040571
-20	-2.1	0.035168
-20	-2	0.027863
-20	-1.9	0.022162
-20	-1.8	0.024027
-20	-1.7	0.034681
-20	-1.6	0.041181
-20	-1.5	0.050143
-20	-1.4	0.056258
-20	-1.3	0.059024
-20	-1.2	0.055338
-20	-1.1	0.05052
-20	-1	0.043012
-20	-0.9	0.033169
-20	-0.8	0.022134
-20	-0.7	0.01609
-20	-0.6	0.013473
-20	-0.5	0.012623
-20	-0.4	0.012403
-20	-0.3	0.013298
-20	-0.2	0.01689
-20	-0.1	0.022725
-20	0	0.029693
-20	0.1	0.036032
-20	0.2	0.041853
-20	0.3	0.04461
-20	0.4	0.045872
-20	0.5	0.04503
-20	0.6	0.04251
-20	0.7	0.038926
-20	0.8	0.03445
-20	0.9	0.031047
-20	1	0.027709
-20	1.1	0.025618
-20	1.2	0.025292
-20	1.3	0.025687
-20	1.4	0.026337
-20	1.5	0.02665
-20	1.6	0.026413
-20	1.7	0.026042
-20	1.8	0.024864
-20	1.9	0.023682
-20	2	0.02148
-20	2.1	0.019755
-20	2.2	0.017719
-20	2.3	0.01619
-20	2.4	0.01345
-20	2.5	0.011885
-20	2.6	0.010081
-20	2.7	0.0087966
-20	2.8	0.0090822
-20	2.9	0.0095184
-20	3	0.0092427
-20	3.1	0.0085582
-20	3.2	0.0085203
-20	3.3	0.0083363
-20	3.4	0.0076212
-20	3.5	0.0081142
-20	3.6	0.0089079
-20	3.7	0.0097183
-20	3.8	0.0082818
-20	3.9	0.00815
-20	4	0.0076297
-10	-4	0.0078757
-10	-3.9	0.0069444
-10	-3.8	0.0082603
-10	-3.7	0.0095133
-10	-3.6	0.010029
-10	-3.5	0.0092689
-10	-3.4	0.0081202
-10	-3.3	0.0098094
-10	-3.2	0.01338
-10	-3.1	0.021839
-10	-3	0.026277
-10	-2.9	0.03008
-10	-2.8	0.034003
-10	-2.7	0.035897
-10	-2.6	0.037525
-10	-2.5	0.038773
-10	-2.4	0.039597
-10	-2.3	0.039853
-10	-2.2	0.038752
-10	-2.1	0.035689
-10	-2	0.029974
-10	-1.9	0.024952
-10	-1.8	0.023333
-10	-1.7	0.027347
-10	-1.6	0.035952
-10	-1.5	0.046044
-10	-1.4	0.053484
-10	-1.3	0.05669
-10	-1.2	0.056843
-10	-1.1	0.052435
-10	-1	0.046583
-10	-0.9	0.036636
-10	-0.8	0.030363
-10	-0.7	0.022558
-10	-0.6	0.01753
-10	-0.5	0.016318
-10	-0.4	0.01419
-10	-0.3	0.013459
-10	-0.2	0.015057
-10	-0.1	0.022051
-10	0	0.02725
-10	0.1	0.034399
-10	0.2	0.040039
-10	0.3	0.046474
-10	0.4	0.048832
-10	0.5	0.048597
-10	0.6	0.046194
-10	0.7	0.0428
-10	0.8	0.038013
-10	0.9	0.032974
-10	1	0.029202
-10	1.1	0.027181
-10	1.2	0.027019
-10	1.3	0.027792
-10	1.4	0.028195
-10	1.5	0.028051
-10	1.6	0.027233
-10	1.7	0.026155
-10	1.8	0.024201
-10	1.9	0.022405
-10	2	0.01956
-10	2.1	0.017636
-10	2.2	0.016288
-10	2.3	0.013693
-10	2.4	0.011413
-10	2.5	0.010254
-10	2.6	0.009481
-10	2.7	0.0085657
-10	2.8	0.0085374
-10	2.9	0.0086109
-10	3	0.0083246
-10	3.1	0.0069954
-10	3.2	0.0069374
-10	3.3	0.0072718
-10	3.4	0.0077265
-10	3.5	0.0083981
-10	3.6	0.0083653
-10	3.7	0.0083421
-10	3.8	0.0069723
-10	3.9	0.0064497
-10	4	0.005979
0	-4	0.0063918
0	-3.9	0.0068081
0	-3.8	0.0088442
0	-3.7	0.0097017
0	-3.6	0.0091901
0	-3.5	0.0083634
0	-3.4	0.007787
0	-3.3	0.010519
0	-3.2	0.017177
0	-3.1	0.022532
0	-3	0.026924
0	-2.9	0.03001
0	-2.8	0.031085
0	-2.7	0.031732
0	-2.6	0.033127
0	-2.5	0.035022
0	-2.4	0.03851
0	-2.3	0.041105
0	-2.2	0.041504
0	-2.1	0.038932
0	-2	0.03335
0	-1.9	0.025569
0	-1.8	0.02095
0	-1.7	0.024797
0	-1.6	0.030562
0	-1.5	0.042846
0	-1.4	0.052747
0	-1.3	0.059158
0	-1.2	0.061253
0	-1.1	0.058342
0	-1	0.050172
0	-0.9	0.041751
0	-0.8	0.03032
0	-0.7	0.022475
0	-0.6	0.017041
0	-0.5	0.015065
0	-0.4	0.014818
0	-0.3	0.015186
0	-0.2	0.017838
0	-0.1	0.023771
0	0	0.031458
0	0.1	0.037675
0	0.2	0.042586
0	0.3	0.047132
0	0.4	0.048388
0	0.5	0.046656
0	0.6	0.043642
0	0.7	0.039272
0	0.8	0.035626
0	0.9	0.031566
0	1	0.029329
0	1.1	0.028254
0	1.2	0.027893
0	1.3	0.027382
0	1.4	0.026961
0	1.5	0.026425
0	1.6	0.026274
0	1.7	0.025826
0	1.8	0.025262
0	1.9	0.024637
0	2	0.023066
0	2.1	0.021833
0	2.2	0.019592
0	2.3	0.017571
0	2.4	0.015302
0	2.5	0.012924
0	2.6	0.011997
0	2.7	0.011433
0	2.8	0.010627
0	2.9	0.010623
0	3	0.010382
0	3.1	0.009537
0	3.2	0.0091584
0	3.3	0.008008
0	3.4	0.008311
0	3.5	0.0089152
0	3.6	0.0099922
0	3.7	0.010517
0	3.8	0.01088
0	3.9	0.010337
0	4	0.0090108
10	-4	0.0077119
10	-3.9	0.0083459
10	-3.8	0.0096934
10	-3.7	0.010068
10	-3.6	0.0096365
10	-3.5	0.0082093
10	-3.4	0.0074865
10	-3.3	0.01176
10	-3.2	0.018056
10	-3.1	0.023646
10	-3	0.028412
10	-2.9	0.030705
10	-2.8	0.031575
10	-2.7	0.032614
10	-2.6	0.034139
10	-2.5	0.036672
10	-2.4	0.039564
10	-2.3	0.041155
10	-2.2	0.04144
10	-2.1	0.03926
10	-2	0.034433
10	-1.9	0.027538
10	-1.8	0.020983
10	-1.7	0.021213
10	-1.6	0.028041
10	-1.5	0.037846
10	-1.4	0.047382
10	-1.3	0.056166
10	-1.2	0.059585
10	-1.1	0.058892
10	-1	0.052543
10	-0.9	0.046463
10	-0.8	0.035166
10	-0.7	0.027563
10	-0.6	0.021049
10	-0.5	0.018075
10	-0.4	0.016575
10	-0.3	0.016442
10	-0.2	0.01751
10	-0.1	0.02072
10	0	0.028484
10	0.1	0.036403
10	0.2	0.041713
10	0.3	0.046821
10	0.4	0.050512
10	0.5	0.050778
10	0.6	0.048299
10	0.7	0.043973
10	0.8	0.037876
10	0.9	0.034523
10	1	0.029318
10	1.1	0.027587
10	1.2	0.027613
10	1.3	0.029131
10	1.4	0.029666
10	1.5	0.029577
10	1.6	0.028543
10	1.7	0.026445
10	1.8	0.024935
10	1.9	0.023682
10	2	0.022543
10	2.1	0.021912
10	2.2	0.021281
10	2.3	0.019657
10	2.4	0.016334
10	2.5	0.01489
10	2.6	0.011573
10	2.7	0.010869
10	2.8	0.010488
10	2.9	0.011011
10	3	0.011714
10	3.1	0.011183
10	3.2	0.010426
10	3.3	0.0098685
10	3.4	0.0097598
10	3.5	0.010452
10	3.6	0.011424
10	3.7	0.012116
10	3.8	0.011335
10	3.9	0.010424
10	4	0.0092007
20	-4	0.010023
20	-3.9	0.0086409
20	-3.8	0.0077433
20	-3.7	0.0083827
20	-3.6	0.0087246
20	-3.5	0.0092112
20	-3.4	0.0092759
20	-3.3	0.012198
20	-3.2	0.014793
20	-3.1	0.019595
20	-3	0.024065
20	-2.9	0.027603
20	-2.8	0.030088
20	-2.7	0.031884
20	-2.6	0.033588
20	-2.5	0.035889
20	-2.4	0.038444
20	-2.3	0.040377
20	-2.2	0.040307
20	-2.1	0.038906
20	-2	0.035126
20	-1.9	0.029831
20	-1.8	0.023568
20	-1.7	0.021344
20	-1.6	0.025185
20	-1.5	0.034428
20	-1.4	0.044393
20	-1.3	0.052197
20	-1.2	0.059285
20	-1.1	0.059862
20	-1	0.056124
20	-0.9	0.048245
20	-0.8	0.041807
20	-0.7	0.031044
20	-0.6	0.022975
20	-0.5	0.018282
20	-0.4	0.016545
20	-0.3	0.016553
20	-0.2	0.017965
20	-0.1	0.022012
20	0	0.027516
20	0.1	0.034641
20	0.2	0.041887
20	0.3	0.047119
20	0.4	0.051192
20	0.5	0.051924
20	0.6	0.050106
20	0.7	0.04647
20	0.8	0.041088
20	0.9	0.034705
20	1	0.032355
20	1.1	0.030486
20	1.2	0.029963
20	1.3	0.029739
20	1.4	0.029327
20	1.5	0.029051
20	1.6	0.028334
20	1.7	0.027468
20	1.8	0.0267
20	1.9	0.025744
20	2	0.025102
20	2.1	0.023382
20	2.2	0.021615
20	2.3	0.019302
20	2.4	0.016424
20	2.5	0.014924
20	2.6	0.014213
20	2.7	0.012471
20	2.8	0.011263
20	2.9	0.0099208
20	3	0.0082427
20	3.1	0.0079574
20	3.2	0.0090893
20	3.3	0.010169
20	3.4	0.011491
20	3.5	0.012124
20	3.6	0.011745
20	3.7	0.010514
20	3.8	0.0087892
20	3.9	0.0078015
20	4	0.0080883
30	-4	0.010465
30	-3.9	0.0090911
30	-3.8	0.0076255
30	-3.7	0.0083961
30	-3.6	0.0096683
30	-3.5	0.0099679
30	-3.4	0.0092217
30	-3.3	0.0083168
30	-3.2	0.01143
30	-3.1	0.01556
30	-3	0.022064
30	-2.9	0.028019
30	-2.8	0.031677
30	-2.7	0.033836
30	-2.6	0.034446
30	-2.5	0.035262
30	-2.4	0.036658
30	-2.3	0.038308
30	-2.2	0.040734
30	-2.1	0.041713
30	-2	0.040215
30	-1.9	0.036034
30	-1.8	0.028372
30	-1.7	0.021917
30	-1.6	0.022218
30	-1.5	0.031686
30	-1.4	0.043247
30	-1.3	0.052524
30	-1.2	0.060513
30	-1.1	0.062475
30	-1	0.060762
30	-0.9	0.054736
30	-0.8	0.046693
30	-0.7	0.037731
30	-0.6	0.027987
30	-0.5	0.0221
30	-0.4	0.01651
30	-0.3	0.015621
30	-0.2	0.015552
30	-0.1	0.019136
30	0	0.026274
30	0.1	0.03147
30	0.2	0.041158
30	0.3	0.049056
30	0.4	0.052838
30	0.5	0.055402
30	0.6	0.05404
30	0.7	0.051437
30	0.8	0.045275
30	0.9	0.03923
30	1	0.033643
30	1.1	0.031114
30	1.2	0.031549
30	1.3	0.032995
30	1.4	0.033739
30	1.5	0.033343
30	1.6	0.031303
30	1.7	0.029624
30	1.8	0.027184
30	1.9	0.025225
30	2	0.023875
30	2.1	0.021858
30	2.2	0.021032
30	2.3	0.018779
30	2.4	0.017725
30	2.5	0.014899
30	2.6	0.012668
30	2.7	0.011894
30	2.8	0.011074
30	2.9	0.010529
30	3	0.0094383
30	3.1	0.0088058
30	3.2	0.0085752
30	3.3	0.0089279
30	3.4	0.0094519
30	3.5	0.0096298
30	3.6	0.0099305
30	3.7	0.0093574
30	3.8	0.008745
30	3.9	0.0073051
30	4	0.0067867
40	-4	0.010607
40	-3.9	0.0091972
40	-3.8	0.0079695
40	-3.7	0.0077953
40	-3.6	0.0083653
40	-3.5	0.0088186
40	-3.4	0.008272
40	-3.3	0.0084365
40	-3.2	0.0087947
40	-3.1	0.012196
40	-3	0.017709
40	-2.9	0.022809
40	-2.8	0.02782
40	-2.7	0.030258
40	-2.6	0.032518
40	-2.5	0.03497
40	-2.4	0.036572
40	-2.3	0.038573
40	-2.2	0.04076
40	-2.1	0.042188
40	-2	0.042225
40	-1.9	0.037594
40	-1.8	0.031384
40	-1.7	0.025362
40	-1.6	0.023214
40	-1.5	0.028153
40	-1.4	0.038288
40	-1.3	0.049768
40	-1.2	0.055991
40	-1.1	0.060413
40	-1	0.060998
40	-0.9	0.056976
40	-0.8	0.049332
40	-0.7	0.041123
40	-0.6	0.031579
40	-0.5	0.025172
40	-0.4	0.020167
40	-0.3	0.0182
40	-0.2	0.017912
40	-0.1	0.019468
40	0	0.024534
40	0.1	0.032018
40	0.2	0.037041
40	0.3	0.043529
40	0.4	0.048429
40	0.5	0.05089
40	0.6	0.050765
40	0.7	0.046762
40	0.8	0.042865
40	0.9	0.038834
40	1	0.035237
40	1.1	0.033019
40	1.2	0.031888
40	1.3	0.031938
40	1.4	0.031939
40	1.5	0.031848
40	1.6	0.031294
40	1.7	0.030807
40	1.8	0.030973
40	1.9	0.030806
40	2	0.029205
40	2.1	0.02713
40	2.2	0.024668
40	2.3	0.021688
40	2.4	0.019568
40	2.5	0.016241
40	2.6	0.014484
40	2.7	0.013705
40	2.8	0.012007
40	2.9	0.011186
40	3	0.010506
40	3.1	0.010304
40	3.2	0.010462
40	3.3	0.011077
40	3.4	0.011381
40	3.5	0.01082
40	3.6	0.01026
40	3.7	0.0098783
40	3.8	0.0098996
40	3.9	0.010036
40	4	0.0099598
50	-4	0.012236
50	-3.9	0.010532
50	-3.8	0.0083769
50	-3.7	0.0068294
50	-3.6	0.0094827
50	-3.5	0.010952
50	-3.4	0.012623
50	-3.3	0.011026
50	-3.2	0.0079553
50	-3.1	0.0072607
50	-3	0.012648
50	-2.9	0.020323
50	-2.8	0.026365
50	-2.7	0.030472
50	-2.6	0.035013
50	-2.5	0.035872
50	-2.4	0.036343
50	-2.3	0.0376
50	-2.2	0.040282
50	-2.1	0.042319
50	-2	0.044613
50	-1.9	0.043794
50	-1.8	0.039248
50	-1.7	0.033492
50	-1.6	0.026366
50	-1.5	0.024936
50	-1.4	0.032034
50	-1.3	0.046028
50	-1.2	0.052723
50	-1.1	0.060554
50	-1	0.063647
50	-0.9	0.060514
50	-0.8	0.055484
50	-0.7	0.047422
50	-0.6	0.035573
50	-0.5	0.02699
50	-0.4	0.02223
50	-0.3	0.01912
50	-0.2	0.017645
50	-0.1	0.018174
50	0	0.021128
50	0.1	0.027551
50	0.2	0.032936
50	0.3	0.040092
50	0.4	0.044956
50	0.5	0.048379
50	0.6	0.049424
50	0.7	0.048282
50	0.8	0.045581
50	0.9	0.041686
50	1	0.03887
50	1.1	0.03696
50	1.2	0.033341
50	1.3	0.032154
50	1.4	0.030272
50	1.5	0.029731
50	1.6	0.029322
50	1.7	0.029551
50	1.8	0.030477
50	1.9	0.030966
50	2	0.02994
50	2.1	0.027639
50	2.2	0.024485
50	2.3	0.021694
50	2.4	0.018221
50	2.5	0.01416
50	2.6	0.013125
50	2.7	0.012068
50	2.8	0.011545
50	2.9	0.010844
50	3	0.0097399
50	3.1	0.010062
50	3.2	0.0090591
50	3.3	0.0087394
50	3.4	0.0083981
50	3.5	0.0079736
50	3.6	0.0081915
50	3.7	0.0084346
50	3.8	0.0092165
50	3.9	0.0093816
50	4	0.0095218
60	-4	0.015387
60	-3.9	0.01339
60	-3.8	0.011126
60	-3.7	0.010601
60	-3.6	0.010771
60	-3.5	0.012513
60	-3.4	0.012929
60	-3.3	0.011916
60	-3.2	0.0095235
60	-3.1	0.0085582
60	-3	0.011592
60	-2.9	0.017716
60	-2.8	0.024167
60	-2.7	0.02918
60	-2.6	0.033191
60	-2.5	0.03606
60	-2.4	0.036667
60	-2.3	0.037684
60	-2.2	0.040672
60	-2.1	0.043633
60	-2	0.045667
60	-1.9	0.045215
60	-1.8	0.04089
60	-1.7	0.032878
60	-1.6	0.023517
60	-1.5	0.023482
60	-1.4	0.032663
60	-1.3	0.040473
60	-1.2	0.049529
60	-1.1	0.055573
60	-1	0.057346
60	-0.9	0.056199
60	-0.8	0.052381
60	-0.7	0.045523
60	-0.6	0.038138
60	-0.5	0.032576
60	-0.4	0.026688
60	-0.3	0.022662
60	-0.2	0.019415
60	-0.1	0.018613
60	0	0.019578
60	0.1	0.022988
60	0.2	0.026941
60	0.3	0.034653
60	0.4	0.039451
60	0.5	0.043289
60	0.6	0.044999
60	0.7	0.044602
60	0.8	0.042892
60	0.9	0.039933
60	1	0.037229
60	1.1	0.034027
60	1.2	0.031586
60	1.3	0.03137
60	1.4	0.031478
60	1.5	0.032312
60	1.6	0.032092
60	1.7	0.031802
60	1.8	0.031588
60	1.9	0.031237
60	2	0.030356
60	2.1	0.028861
60	2.2	0.027348
60	2.3	0.026324
60	2.4	0.02328
60	2.5	0.019859
60	2.6	0.016138
60	2.7	0.013385
60	2.8	0.012086
60	2.9	0.011505
60	3	0.011266
60	3.1	0.011215
60	3.2	0.010971
60	3.3	0.010098
60	3.4	0.0096096
60	3.5	0.0094348
60	3.6	0.0093661
60	3.7	0.010329
60	3.8	0.011105
60	3.9	0.011023
60	4	0.010891
70	-4	0.014433
70	-3.9	0.01352
70	-3.8	0.011618
70	-3.7	0.010226
70	-3.6	0.010434
70	-3.5	0.010826
70	-3.4	0.01124
70	-3.3	0.010765
70	-3.2	0.0093159
70	-3.1	0.0082818
70	-3	0.0091284
70	-2.9	0.013138
70	-2.8	0.018824
70	-2.7	0.023565
70	-2.6	0.026999
70	-2.5	0.030391
70	-2.4	0.032082
70	-2.3	0.035092
70	-2.2	0.036886
70	-2.1	0.039949
70	-2	0.043015
70	-1.9	0.043449
70	-1.8	0.042443
70	-1.7	0.0363
70	-1.6	0.029959
70	-1.5	0.023281
70	-1.4	0.023954
70	-1.3	0.034173
70	-1.2	0.044428
70	-1.1	0.053566
70	-1	0.059963
70	-0.9	0.060875
70	-0.8	0.055509
70	-0.7	0.047624
70	-0.6	0.041259
70	-0.5	0.031569
70	-0.4	0.025296
70	-0.3	0.020054
70	-0.2	0.018001
70	-0.1	0.016959
70	0	0.016097
70	0.1	0.017843
70	0.2	0.0224
70	0.3	0.028041
70	0.4	0.035131
70	0.5	0.040815
70	0.6	0.045436
70	0.7	0.047552
70	0.8	0.04641
70	0.9	0.042691
70	1	0.039597
70	1.1	0.034636
70	1.2	0.031326
70	1.3	0.029638
70	1.4	0.029057
70	1.5	0.029969
70	1.6	0.030777
70	1.7	0.031444
70	1.8	0.032029
70	1.9	0.032144
70	2	0.030674
70	2.1	0.028434
70	2.2	0.026368
70	2.3	0.024388
70	2.4	0.021911
70	2.5	0.019933
70	2.6	0.018578
70	2.7	0.015866
70	2.8	0.013513
70	2.9	0.011199
70	3	0.0095099
70	3.1	0.0086334
70	3.2	0.0085298
70	3.3	0.0091972
70	3.4	0.0093988
70	3.5	0.0093695
70	3.6	0.0086409
70	3.7	0.0081083
70	3.8	0.0077994
70	3.9	0.008311
70	4	0.0092392
80	-4	0.012582
80	-3.9	0.01419
80	-3.8	0.014184
80	-3.7	0.013517
80	-3.6	0.012318
80	-3.5	0.011174
80	-3.4	0.011049
80	-3.3	0.010594
80	-3.2	0.0090982
80	-3.1	0.008469
80	-3	0.0088661
80	-2.9	0.011978
80	-2.8	0.017366
80	-2.7	0.02169
80	-2.6	0.025252
80	-2.5	0.029063
80	-2.4	0.031199
80	-2.3	0.033428
80	-2.2	0.036277
80	-2.1	0.038605
80	-2	0.041212
80	-1.9	0.04317
80	-1.8	0.042332
80	-1.7	0.036678
80	-1.6	0.032621
80	-1.5	0.026698
80	-1.4	0.025391
80	-1.3	0.031049
80	-1.2	0.041415
80	-1.1	0.05167
80	-1	0.056573
80	-0.9	0.059932
80	-0.8	0.058504
80	-0.7	0.054221
80	-0.6	0.043575
80	-0.5	0.034305
80	-0.4	0.026948
80	-0.3	0.020436
80	-0.2	0.01775
80	-0.1	0.016202
80	0	0.015667
80	0.1	0.016695
80	0.2	0.020076
80	0.3	0.0261
80	0.4	0.032597
80	0.5	0.03777
80	0.6	0.04232
80	0.7	0.044858
80	0.8	0.044498
80	0.9	0.042564
80	1	0.039547
80	1.1	0.035333
80	1.2	0.032511
80	1.3	0.031234
80	1.4	0.029609
80	1.5	0.029486
80	1.6	0.029115
80	1.7	0.028604
80	1.8	0.029048
80	1.9	0.030092
80	2	0.030039
80	2.1	0.029049
80	2.2	0.027576
80	2.3	0.024819
80	2.4	0.021417
80	2.5	0.018898
80	2.6	0.016535
80	2.7	0.015232
80	2.8	0.013752
80	2.9	0.013018
80	3	0.01081
80	3.1	0.0094605
80	3.2	0.0083865
80	3.3	0.0074757
80	3.4	0.0084403
80	3.5	0.0098193
80	3.6	0.0096415
80	3.7	0.010238
80	3.8	0.010232
80	3.9	0.0095894
80	4	0.0088058
90	-4	0.013439
90	-3.9	0.013319
90	-3.8	0.013082
90	-3.7	0.012462
90	-3.6	0.010974
90	-3.5	0.010744
90	-3.4	0.01206
90	-3.3	0.012174
90	-3.2	0.011551
90	-3.1	0.01044
90	-3	0.0079044
90	-2.9	0.0090412
90	-2.8	0.013727
90	-2.7	0.020684
90	-2.6	0.025136
90	-2.5	0.027779
90	-2.4	0.030126
90	-2.3	0.031454
90	-2.2	0.0324
90	-2.1	0.034258
90	-2	0.037194
90	-1.9	0.039876
90	-1.8	0.041045
90	-1.7	0.037959
90	-1.6	0.034742
90	-1.5	0.027419
90	-1.4	0.021905
90	-1.3	0.024375
90	-1.2	0.034913
90	-1.1	0.044576
90	-1	0.052624
90	-0.9	0.058029
90	-0.8	0.057995
90	-0.7	0.053881
90	-0.6	0.047349
90	-0.5	0.037535
90	-0.4	0.028563
90	-0.3	0.02248
90	-0.2	0.018196
90	-0.1	0.016091
90	0	0.014375
90	0.1	0.012542
90	0.2	0.014449
90	0.3	0.019573
90	0.4	0.026647
90	0.5	0.034093
90	0.6	0.038663
90	0.7	0.042957
90	0.8	0.04362
90	0.9	0.04318
90	1	0.040385
90	1.1	0.037461
90	1.2	0.032907
90	1.3	0.031149
90	1.4	0.029047
90	1.5	0.028504
90	1.6	0.02881
90	1.7	0.029167
90	1.8	0.030296
90	1.9	0.031503
90	2	0.03209
90	2.1	0.031302
90	2.2	0.028879
90	2.3	0.026043
90	2.4	0.023298
90	2.5	0.020992
90	2.6	0.018775
90	2.7	0.017087
90	2.8	0.015526
90	2.9	0.01471
90	3	0.012623
90	3.1	0.010392
90	3.2	0.0083884
90	3.3	0.0076699
90	3.4	0.0092933
90	3.5	0.010118
90	3.6	0.01071
90	3.7	0.010432
90	3.8	0.010074
90	3.9	0.008857
90	4	0.0081083
100	-4	0.012406
100	-3.9	0.013838
100	-3.8	0.014352
100	-3.7	0.01334
100	-3.6	0.011209
100	-3.5	0.009675
100	-3.4	0.0095184
100	-3.3	0.0097283
100	-3.2	0.010267
100	-3.1	0.0097449
100	-3	0.0088552
100	-2.9	0.0088497
100	-2.8	0.010434
100	-2.7	0.015854
100	-2.6	0.020117
100	-2.5	0.02557
100	-2.4	0.029088
100	-2.3	0.032328
100	-2.2	0.033856
100	-2.1	0.034729
100	-2	0.036354
100	-1.9	0.0374
100	-1.8	0.038531
100	-1.7	0.03701
100	-1.6	0.034609
100	-1.5	0.028008
100	-1.4	0.022621
100	-1.3	0.023208
100	-1.2	0.031075
100	-1.1	0.038613
100	-1	0.04802
100	-0.9	0.054505
100	-0.8	0.057139
100	-0.7	0.055521
100	-0.6	0.049137
100	-0.5	0.042926
100	-0.4	0.033761
100	-0.3	0.026914
100	-0.2	0.022041
100	-0.1	0.018169
100	0	0.016125
100	0.1	0.014163
100	0.2	0.012869
100	0.3	0.015252
100	0.4	0.021434
100	0.5	0.028309
100	0.6	0.037978
100	0.7	0.042051
100	0.8	0.044441
100	0.9	0.044684
100	1	0.042964
100	1.1	0.039755
100	1.2	0.035759
100	1.3	0.03265
100	1.4	0.029929
100	1.5	0.029936
100	1.6	0.029859
100	1.7	0.03044
100	1.8	0.03139
100	1.9	0.03226
100	2	0.032073
100	2.1	0.030754
100	2.2	0.028797
100	2.3	0.027092
100	2.4	0.024353
100	2.5	0.022346
100	2.6	0.020384
100	2.7	0.018088
100	2.8	0.015842
100	2.9	0.013807
100	3	0.012131
100	3.1	0.01056
100	3.2	0.0092322
100	3.3	0.009043
100	3.4	0.0094297
100	3.5	0.0095048
100	3.6	0.0096365
100	3.7	0.0091053
100	3.8	0.0092445
100	3.9	0.0088934
100	4	0.0092007
110	-4	0.012273
110	-3.9	0.013059
110	-3.8	0.013683
110	-3.7	0.013786
110	-3.6	0.012863
110	-3.5	0.011216
110	-3.4	0.010248
110	-3.3	0.011039
110	-3.2	0.011255
110	-3.1	0.01209
110	-3	0.010897
110	-2.9	0.009428
110	-2.8	0.0094639
110	-2.7	0.013148
110	-2.6	0.018143
110	-2.5	0.023423
110	-2.4	0.028509
110	-2.3	0.032085
110	-2.2	0.033197
110	-2.1	0.033825
110	-2	0.034183
110	-1.9	0.034909
110	-1.8	0.035891
110	-1.7	0.035775
110	-1.6	0.033431
110	-1.5	0.029498
110	-1.4	0.02472
110	-1.3	0.023004
110	-1.2	0.02678
110	-1.1	0.034816
110	-1	0.045181
110	-0.9	0.050929
110	-0.8	0.054647
110	-0.7	0.053993
110	-0.6	0.050672
110	-0.5	0.04335
110	-0.4	0.0363
110	-0.3	0.027856
110	-0.2	0.022623
110	-0.1	0.018581
110	0	0.015343
110	0.1	0.013892
110	0.2	0.011832
110	0.3	0.013346
110	0.4	0.01889
110	0.5	0.02702
110	0.6	0.03556
110	0.7	0.040968
110	0.8	0.044833
110	0.9	0.045536
110	1	0.044212
110	1.1	0.040282
110	1.2	0.037284
110	1.3	0.033784
110	1.4	0.03136
110	1.5	0.031159
110	1.6	0.031694
110	1.7	0.032011
110	1.8	0.032214
110	1.9	0.032081
110	2	0.031453
110	2.1	0.030472
110	2.2	0.029085
110	2.3	0.028046
110	2.4	0.025646
110	2.5	0.023686
110	2.6	0.020324
110	2.7	0.017651
110	2.8	0.015146
110	2.9	0.011915
110	3	0.011294
110	3.1	0.010443
110	3.2	0.010165
110	3.3	0.0098357
110	3.4	0.0091655
110	3.5	0.0075894
110	3.6	0.0072317
110	3.7	0.0070781
110	3.8	0.0078901
110	3.9	0.0084975
110	4	0.0086053
120	-4	0.010326
120	-3.9	0.011273
120	-3.8	0.011294
120	-3.7	0.011109
120	-3.6	0.0094605
120	-3.5	0.008223
120	-3.4	0.0073448
120	-3.3	0.007358
120	-3.2	0.0086184
120	-3.1	0.0089243
120	-3	0.0083246
120	-2.9	0.0075037
120	-2.8	0.008769
120	-2.7	0.011685
120	-2.6	0.016678
120	-2.5	0.021392
120	-2.4	0.024903
120	-2.3	0.027911
120	-2.2	0.028982
120	-2.1	0.03087
120	-2	0.032469
120	-1.9	0.03343
120	-1.8	0.033952
120	-1.7	0.034052
120	-1.6	0.031842
120	-1.5	0.028831
120	-1.4	0.02535
120	-1.3	0.023841
120	-1.2	0.027253
120	-1.1	0.036135
120	-1	0.046486
120	-0.9	0.053412
120	-0.8	0.05766
120	-0.7	0.057287
120	-0.6	0.053144
120	-0.5	0.045725
120	-0.4	0.037348
120	-0.3	0.028113
120	-0.2	0.021553
120	-0.1	0.017658
120	0	0.016882
120	0.1	0.015119
120	0.2	0.012768
120	0.3	0.014279
120	0.4	0.019415
120	0.5	0.029307
120	0.6	0.035324
120	0.7	0.043394
120	0.8	0.047873
120	0.9	0.048856
120	1	0.047415
120	1.1	0.044196
120	1.2	0.040388
120	1.3	0.036885
120	1.4	0.035517
120	1.5	0.034744
120	1.6	0.033759
120	1.7	0.033627
120	1.8	0.033172
120	1.9	0.033085
120	2	0.033907
120	2.1	0.034181
120	2.2	0.034296
120	2.3	0.033276
120	2.4	0.029698
120	2.5	0.027363
120	2.6	0.022326
120	2.7	0.018985
120	2.8	0.016666
120	2.9	0.013525
120	3	0.012183
120	3.1	0.011077
120	3.2	0.01073
120	3.3	0.010367
120	3.4	0.010221
120	3.5	0.0096046
120	3.6	0.0094005
120	3.7	0.0096113
120	3.8	0.0095624
120	3.9	0.0090018
120	4	0.0095844
130	-4	0.010651
130	-3.9	0.012172
130	-3.8	0.012071
130	-3.7	0.01142
130	-3.6	0.0091813
130	-3.5	0.0083653
130	-3.4	0.0085544
130	-3.3	0.009385
130	-3.2	0.010317
130	-3.1	0.010571
130	-3	0.0091284
130	-2.9	0.0079695
130	-2.8	0.0090197
130	-2.7	0.013906
130	-2.6	0.018315
130	-2.5	0.02313
130	-2.4	0.026671
130	-2.3	0.028045
130	-2.2	0.028547
130	-2.1	0.028698
130	-2	0.029384
130	-1.9	0.032
130	-1.8	0.033628
130	-1.7	0.035139
130	-1.6	0.033009
130	-1.5	0.02956
130	-1.4	0.022115
130	-1.3	0.020239
130	-1.2	0.025516
130	-1.1	0.03733
130	-1	0.046081
130	-0.9	0.052699
130	-0.8	0.057622
130	-0.7	0.057901
130	-0.6	0.053139
130	-0.5	0.045331
130	-0.4	0.037606
130	-0.3	0.027421
130	-0.2	0.019692
130	-0.1	0.015726
130	0	0.013628
130	0.1	0.012412
130	0.2	0.011083
130	0.3	0.013934
130	0.4	0.01905
130	0.5	0.028613
130	0.6	0.035307
130	0.7	0.042423
130	0.8	0.048239
130	0.9	0.049651
130	1	0.04884
130	1.1	0.046534
130	1.2	0.040962
130	1.3	0.037499
130	1.4	0.034038
130	1.5	0.031035
130	1.6	0.030624
130	1.7	0.031497
130	1.8	0.033129
130	1.9	0.034411
130	2	0.035144
130	2.1	0.034406
130	2.2	0.033114
130	2.3	0.031694
130	2.4	0.02987
130	2.5	0.027571
130	2.6	0.025548
130	2.7	0.022178
130	2.8	0.020412
130	2.9	0.01806
130	3	0.015284
130	3.1	0.012401
130	3.2	0.011039
130	3.3	0.011407
130	3.4	0.011636
130	3.5	0.011875
130	3.6	0.011454
130	3.7	0.011439
130	3.8	0.01092
130	3.9	0.010375
130	4	0.010594
140	-4	0.0081738
140	-3.9	0.0099452
140	-3.8	0.010565
140	-3.7	0.011011
140	-3.6	0.0097466
140	-3.5	0.007762
140	-3.4	0.0065566
140	-3.3	0.0065615
140	-3.2	0.0076021
140	-3.1	0.0083556
140	-3	0.0085676
140	-2.9	0.0082407
140	-2.8	0.0095133
140	-2.7	0.013456
140	-2.6	0.017123
140	-2.5	0.021002
140	-2.4	0.025282
140	-2.3	0.028309
140	-2.2	0.029849
140	-2.1	0.030215
140	-2	0.03065
140	-1.9	0.031415
140	-1.8	0.032373
140	-1.7	0.033641
140	-1.6	0.033008
140	-1.5	0.029951
140	-1.4	0.026508
140	-1.3	0.024194
140	-1.2	0.027873
140	-1.1	0.036647
140	-1	0.04574
140	-0.9	0.054122
140	-0.8	0.060055
140	-0.7	0.06099
140	-0.6	0.057595
140	-0.5	0.049965
140	-0.4	0.038407
140	-0.3	0.030395
140	-0.2	0.021998
140	-0.1	0.017359
140	0	0.016067
140	0.1	0.014935
140	0.2	0.012203
140	0.3	0.013907
140	0.4	0.020543
140	0.5	0.031248
140	0.6	0.039997
140	0.7	0.047673
140	0.8	0.052822
140	0.9	0.055112
140	1	0.053656
140	1.1	0.048842
140	1.2	0.044762
140	1.3	0.04048
140	1.4	0.037457
140	1.5	0.035127
140	1.6	0.034512
140	1.7	0.034471
140	1.8	0.035212
140	1.9	0.035759
140	2	0.035874
140	2.1	0.034986
140	2.2	0.032934
140	2.3	0.031269
140	2.4	0.028045
140	2.5	0.024801
140	2.6	0.022316
140	2.7	0.019691
140	2.8	0.018783
140	2.9	0.01751
140	3	0.016087
140	3.1	0.014063
140	3.2	0.011426
140	3.3	0.010491
140	3.4	0.0090251
140	3.5	0.0096281
140	3.6	0.0095082
140	3.7	0.010489
140	3.8	0.010682
140	3.9	0.010446
140	4	0.0099077
150	-4	0.010262
150	-3.9	0.010531
150	-3.8	0.010432
150	-3.7	0.010178
150	-3.6	0.0091743
150	-3.5	0.0093436
150	-3.4	0.0097366
150	-3.3	0.009997
150	-3.2	0.010159
150	-3.1	0.008964
150	-3	0.0078325
150	-2.9	0.0087542
150	-2.8	0.013046
150	-2.7	0.016592
150	-2.6	0.021458
150	-2.5	0.025958
150	-2.4	0.027116
150	-2.3	0.027723
150	-2.2	0.027646
150	-2.1	0.0281
150	-2	0.029903
150	-1.9	0.032099
150	-1.8	0.034966
150	-1.7	0.035423
150	-1.6	0.033318
150	-1.5	0.029747
150	-1.4	0.024443
150	-1.3	0.022232
150	-1.2	0.025557
150	-1.1	0.034152
150	-1	0.045368
150	-0.9	0.052421
150	-0.8	0.057023
150	-0.7	0.05796
150	-0.6	0.055394
150	-0.5	0.04642
150	-0.4	0.040423
150	-0.3	0.028154
150	-0.2	0.02251
150	-0.1	0.019004
150	0	0.0157
150	0.1	0.014165
150	0.2	0.013275
150	0.3	0.01646
150	0.4	0.022224
150	0.5	0.029158
150	0.6	0.040094
150	0.7	0.045289
150	0.8	0.050288
150	0.9	0.053082
150	1	0.053487
150	1.1	0.050689
150	1.2	0.045872
150	1.3	0.041758
150	1.4	0.038054
150	1.5	0.03491
150	1.6	0.034407
150	1.7	0.035284
150	1.8	0.036923
150	1.9	0.038536
150	2	0.03859
150	2.1	0.037349
150	2.2	0.03552
150	2.3	0.033171
150	2.4	0.030112
150	2.5	0.027299
150	2.6	0.024823
150	2.7	0.022621
150	2.8	0.021087
150	2.9	0.018973
150	3	0.015801
150	3.1	0.013188
150	3.2	0.011832
150	3.3	0.011053
150	3.4	0.010695
150	3.5	0.010607
150	3.6	0.010348
150	3.7	0.010807
150	3.8	0.011308
150	3.9	0.011123
150	4	0.011453
160	-4	0.0096332
160	-3.9	0.011031
160	-3.8	0.01216
160	-3.7	0.011138
160	-3.6	0.0099403
160	-3.5	0.0081619
160	-3.4	0.0072829
160	-3.3	0.0086184
160	-3.2	0.010392
160	-3.1	0.011519
160	-3	0.011494
160	-2.9	0.0096884
160	-2.8	0.010156
160	-2.7	0.013928
160	-2.6	0.019124
160	-2.5	0.025618
160	-2.4	0.030079
160	-2.3	0.032299
160	-2.2	0.032004
160	-2.1	0.030555
160	-2	0.029965
160	-1.9	0.031105
160	-1.8	0.032871
160	-1.7	0.03446
160	-1.6	0.034212
160	-1.5	0.030417
160	-1.4	0.027151
160	-1.3	0.023416
160	-1.2	0.028175
160	-1.1	0.034162
160	-1	0.045079
160	-0.9	0.053142
160	-0.8	0.057595
160	-0.7	0.058498
160	-0.6	0.053753
160	-0.5	0.048023
160	-0.4	0.039186
160	-0.3	0.029061
160	-0.2	0.023919
160	-0.1	0.017995
160	0	0.016316
160	0.1	0.014002
160	0.2	0.014181
160	0.3	0.018523
160	0.4	0.025227
160	0.5	0.036782
160	0.6	0.042143
160	0.7	0.050281
160	0.8	0.053493
160	0.9	0.054482
160	1	0.053265
160	1.1	0.049841
160	1.2	0.045349
160	1.3	0.04054
160	1.4	0.038663
160	1.5	0.036547
160	1.6	0.035293
160	1.7	0.035142
160	1.8	0.035584
160	1.9	0.035561
160	2	0.03536
160	2.1	0.034891
160	2.2	0.034463
160	2.3	0.032686
160	2.4	0.029972
160	2.5	0.027735
160	2.6	0.024691
160	2.7	0.022603
160	2.8	0.019933
160	2.9	0.017532
160	3	0.015281
160	3.1	0.014072
160	3.2	0.012933
160	3.3	0.012386
160	3.4	0.01187
160	3.5	0.011495
160	3.6	0.011679
160	3.7	0.011621
160	3.8	0.011855
160	3.9	0.011322
160	4	0.011216
170	-4	0.010295
170	-3.9	0.010407
170	-3.8	0.010287
170	-3.7	0.0096633
170	-3.6	0.008624
170	-3.5	0.0077474
170	-3.4	0.0083401
170	-3.3	0.0092985
170	-3.2	0.010945
170	-3.1	0.011886
170	-3	0.012196
170	-2.9	0.011698
170	-2.8	0.011501
170	-2.7	0.014774
170	-2.6	0.019282
170	-2.5	0.023228
170	-2.4	0.027386
170	-2.3	0.030098
170	-2.2	0.031902
170	-2.1	0.03285
170	-2	0.0333
170	-1.9	0.033565
170	-1.8	0.033458
170	-1.7	0.033436
170	-1.6	0.03225
170	-1.5	0.029706
170	-1.4	0.026619
170	-1.3	0.026793
170	-1.2	0.031556
170	-1.1	0.039127
170	-1	0.04775
170	-0.9	0.052421
170	-0.8	0.056869
170	-0.7	0.05588
170	-0.6	0.052024
170	-0.5	0.043652
170	-0.4	0.036425
170	-0.3	0.026349
170	-0.2	0.020944
170	-0.1	0.01875
170	0	0.015992
170	0.1	0.014089
170	0.2	0.014585
170	0.3	0.019424
170	0.4	0.027392
170	0.5	0.035676
170	0.6	0.044908
170	0.7	0.051346
170	0.8	0.0555
170	0.9	0.056134
170	1	0.054676
170	1.1	0.051468
170	1.2	0.046501
170	1.3	0.043565
170	1.4	0.041086
170	1.5	0.038208
170	1.6	0.036815
170	1.7	0.036027
170	1.8	0.036578
170	1.9	0.036813
170	2	0.036896
170	2.1	0.036487
170	2.2	0.035587
170	2.3	0.033324
170	2.4	0.029663
170	2.5	0.025946
170	2.6	0.022138
170	2.7	0.019035
170	2.8	0.015827
170	2.9	0.014271
170	3	0.01284
170	3.1	0.012111
170	3.2	0.011407
170	3.3	0.010597
170	3.4	0.0099695
170	3.5	0.010098
170	3.6	0.0092375
170	3.7	0.008964
170	3.8	0.0090269
170	3.9	0.0087135
170	4	0.0091637
180	-4	0.0107
180	-3.9	0.01309
180	-3.8	0.013406
180	-3.7	0.012462
180	-3.6	0.010097
180	-3.5	0.0064847
180	-3.4	0.0070001
180	-3.3	0.0096415
180	-3.2	0.011625
180	-3.1	0.013357
180	-3	0.012628
180	-2.9	0.010472
180	-2.8	0.010353
180	-2.7	0.014473
180	-2.6	0.020564
180	-2.5	0.027294
180	-2.4	0.031553
180	-2.3	0.033414
180	-2.2	0.033123
180	-2.1	0.031686
180	-2	0.03093
180	-1.9	0.031669
180	-1.8	0.032968
180	-1.7	0.034155
180	-1.6	0.033508
180	-1.5	0.030889
180	-1.4	0.027386
180	-1.3	0.02635
180	-1.2	0.031681
180	-1.1	0.042378
180	-1	0.049448
180	-0.9	0.055854
180	-0.8	0.058064
180	-0.7	0.056168
180	-0.6	0.051394
180	-0.5	0.042359
180	-0.4	0.033668
180	-0.3	0.024209
180	-0.2	0.018371
180	-0.1	0.015512
180	0	0.013815
180	0.1	0.013536
180	0.2	0.016539
180	0.3	0.022666
180	0.4	0.032257
180	0.5	0.040185
180	0.6	0.048544
180	0.7	0.055377
180	0.8	0.058158
180	0.9	0.058061
180	1	0.055121
180	1.1	0.050243
180	1.2	0.046314
180	1.3	0.042143
180	1.4	0.039542
180	1.5	0.038322
180	1.6	0.037723
180	1.7	0.038019
180	1.8	0.037657
180	1.9	0.03731
180	2	0.035915
180	2.1	0.034036
180	2.2	0.032475
180	2.3	0.029956
180	2.4	0.02722
180	2.5	0.025396
180	2.6	0.021656
180	2.7	0.019804
180	2.8	0.017062
180	2.9	0.014434
180	3	0.012375
180	3.1	0.011578
180	3.2	0.011194
180	3.3	0.010499
180	3.4	0.0103
180	3.5	0.0095099
180	3.6	0.0092235
180	3.7	0.0088333
180	3.8	0.0085902
180	3.9	0.0084652
180	4	0.0090287
 
Uniformity Ratio =0.7949
