10-Jan-2018
7:23
TXR  008063 RM428 R24
33511B Function Generator
SN =Agilent Technologies,33511B,MY52301476,3.05-1.19-2.00-52-00
freq =+9.250000000000000E+06
burstmode =TRIG
burstN =+6.000000000000000E+01
voltage =+1.5000000000000E-01
 
DSO-X 2022A Oscilloscope
SN =AGILENT TECHNOLOGIES,DSO-X 2022A,MY54310921,02.41.2015102200
probe =+1.0000000E+00
scale =+500.0E-09
position =+19.900000E-06
range =+1.60E+00
units =VOLT
points =+2000
pointmode =NORM
format =BYTE
acqtype =NORM
trigsource =EXT
coupling =AC
 
-180	-4	0.0081441
-180	-3.9	0.0085469
-180	-3.8	0.009068
-180	-3.7	0.0094997
-180	-3.6	0.0097383
-180	-3.5	0.0090305
-180	-3.4	0.0082112
-180	-3.3	0.0084307
-180	-3.2	0.0088952
-180	-3.1	0.009428
-180	-3	0.0092985
-180	-2.9	0.010065
-180	-2.8	0.010219
-180	-2.7	0.012572
-180	-2.6	0.015179
-180	-2.5	0.020617
-180	-2.4	0.022256
-180	-2.3	0.027113
-180	-2.2	0.030043
-180	-2.1	0.031661
-180	-2	0.032771
-180	-1.9	0.034588
-180	-1.8	0.035702
-180	-1.7	0.03665
-180	-1.6	0.03628
-180	-1.5	0.032646
-180	-1.4	0.030024
-180	-1.3	0.027316
-180	-1.2	0.024971
-180	-1.1	0.027063
-180	-1	0.031762
-180	-0.9	0.040283
-180	-0.8	0.046575
-180	-0.7	0.051531
-180	-0.6	0.054014
-180	-0.5	0.053049
-180	-0.4	0.046479
-180	-0.3	0.043555
-180	-0.2	0.034813
-180	-0.1	0.027733
-180	0	0.022825
-180	0.1	0.018656
-180	0.2	0.016272
-180	0.3	0.016162
-180	0.4	0.017659
-180	0.5	0.020502
-180	0.6	0.027264
-180	0.7	0.034191
-180	0.8	0.038611
-180	0.9	0.043231
-180	1	0.048229
-180	1.1	0.049423
-180	1.2	0.049765
-180	1.3	0.048252
-180	1.4	0.046212
-180	1.5	0.040062
-180	1.6	0.035547
-180	1.7	0.033166
-180	1.8	0.030668
-180	1.9	0.031065
-180	2	0.032388
-180	2.1	0.035283
-180	2.2	0.036068
-180	2.3	0.034741
-180	2.4	0.029987
-180	2.5	0.027286
-180	2.6	0.024668
-180	2.7	0.021101
-180	2.8	0.019927
-180	2.9	0.018335
-180	3	0.017339
-180	3.1	0.015758
-180	3.2	0.013361
-180	3.3	0.0097217
-180	3.4	0.0079797
-180	3.5	0.0090733
-180	3.6	0.010345
-180	3.7	0.010921
-180	3.8	0.010103
-180	3.9	0.0097217
-180	4	0.0092742
-170	-4	0.0087598
-170	-3.9	0.0088131
-170	-3.8	0.0091301
-170	-3.7	0.010315
-170	-3.6	0.010943
-170	-3.5	0.010479
-170	-3.4	0.01
-170	-3.3	0.0082564
-170	-3.2	0.0084728
-170	-3.1	0.0084652
-170	-3	0.0098652
-170	-2.9	0.010992
-170	-2.8	0.011155
-170	-2.7	0.012627
-170	-2.6	0.015575
-170	-2.5	0.019525
-170	-2.4	0.023624
-170	-2.3	0.028232
-170	-2.2	0.029793
-170	-2.1	0.031048
-170	-2	0.031392
-170	-1.9	0.031948
-170	-1.8	0.033518
-170	-1.7	0.034825
-170	-1.6	0.03475
-170	-1.5	0.033144
-170	-1.4	0.03058
-170	-1.3	0.027108
-170	-1.2	0.024849
-170	-1.1	0.025279
-170	-1	0.033122
-170	-0.9	0.03842
-170	-0.8	0.046091
-170	-0.7	0.051354
-170	-0.6	0.054933
-170	-0.5	0.054173
-170	-0.4	0.049801
-170	-0.3	0.042988
-170	-0.2	0.0335
-170	-0.1	0.028234
-170	0	0.020935
-170	0.1	0.016765
-170	0.2	0.015551
-170	0.3	0.015521
-170	0.4	0.018664
-170	0.5	0.025066
-170	0.6	0.030819
-170	0.7	0.035849
-170	0.8	0.0434
-170	0.9	0.048306
-170	1	0.051126
-170	1.1	0.05143
-170	1.2	0.05129
-170	1.3	0.049769
-170	1.4	0.045908
-170	1.5	0.042406
-170	1.6	0.03605
-170	1.7	0.032456
-170	1.8	0.031393
-170	1.9	0.030537
-170	2	0.031026
-170	2.1	0.032413
-170	2.2	0.03282
-170	2.3	0.031414
-170	2.4	0.028287
-170	2.5	0.024348
-170	2.6	0.022676
-170	2.7	0.020527
-170	2.8	0.019098
-170	2.9	0.018007
-170	3	0.016927
-170	3.1	0.016044
-170	3.2	0.012883
-170	3.3	0.010314
-170	3.4	0.0079655
-170	3.5	0.0081083
-170	3.6	0.0091408
-170	3.7	0.010137
-170	3.8	0.010333
-170	3.9	0.0086726
-170	4	0.0085184
-160	-4	0.0081639
-160	-3.9	0.0092968
-160	-3.8	0.0095438
-160	-3.7	0.0098176
-160	-3.6	0.0094895
-160	-3.5	0.0087172
-160	-3.4	0.0084518
-160	-3.3	0.0080382
-160	-3.2	0.008639
-160	-3.1	0.0093592
-160	-3	0.010748
-160	-2.9	0.011049
-160	-2.8	0.012072
-160	-2.7	0.014081
-160	-2.6	0.016762
-160	-2.5	0.020822
-160	-2.4	0.024738
-160	-2.3	0.02655
-160	-2.2	0.027478
-160	-2.1	0.028701
-160	-2	0.029783
-160	-1.9	0.031276
-160	-1.8	0.032975
-160	-1.7	0.034033
-160	-1.6	0.033846
-160	-1.5	0.031685
-160	-1.4	0.028937
-160	-1.3	0.02677
-160	-1.2	0.02526
-160	-1.1	0.027669
-160	-1	0.03363
-160	-0.9	0.042083
-160	-0.8	0.048807
-160	-0.7	0.053436
-160	-0.6	0.055258
-160	-0.5	0.05436
-160	-0.4	0.050848
-160	-0.3	0.042739
-160	-0.2	0.036463
-160	-0.1	0.027533
-160	0	0.019646
-160	0.1	0.017041
-160	0.2	0.015417
-160	0.3	0.015965
-160	0.4	0.019438
-160	0.5	0.024288
-160	0.6	0.029785
-160	0.7	0.035055
-160	0.8	0.04281
-160	0.9	0.048262
-160	1	0.051957
-160	1.1	0.053103
-160	1.2	0.052457
-160	1.3	0.050397
-160	1.4	0.045233
-160	1.5	0.03985
-160	1.6	0.036289
-160	1.7	0.032767
-160	1.8	0.031573
-160	1.9	0.03141
-160	2	0.031787
-160	2.1	0.031929
-160	2.2	0.031711
-160	2.3	0.029943
-160	2.4	0.025959
-160	2.5	0.024988
-160	2.6	0.022708
-160	2.7	0.021366
-160	2.8	0.019669
-160	2.9	0.017971
-160	3	0.016551
-160	3.1	0.014559
-160	3.2	0.011229
-160	3.3	0.0090376
-160	3.4	0.0076593
-160	3.5	0.0086296
-160	3.6	0.0097532
-160	3.7	0.010045
-160	3.8	0.0087524
-160	3.9	0.0086596
-160	4	0.0075445
-150	-4	0.0071936
-150	-3.9	0.0084058
-150	-3.8	0.009248
-150	-3.7	0.0092707
-150	-3.6	0.008654
-150	-3.5	0.0073294
-150	-3.4	0.0072829
-150	-3.3	0.0081915
-150	-3.2	0.010398
-150	-3.1	0.011103
-150	-3	0.011405
-150	-2.9	0.010534
-150	-2.8	0.010529
-150	-2.7	0.011813
-150	-2.6	0.016877
-150	-2.5	0.02033
-150	-2.4	0.024863
-150	-2.3	0.028091
-150	-2.2	0.028653
-150	-2.1	0.029723
-150	-2	0.030321
-150	-1.9	0.031129
-150	-1.8	0.033049
-150	-1.7	0.03433
-150	-1.6	0.034535
-150	-1.5	0.033457
-150	-1.4	0.030463
-150	-1.3	0.026619
-150	-1.2	0.025239
-150	-1.1	0.028584
-150	-1	0.03371
-150	-0.9	0.041327
-150	-0.8	0.050006
-150	-0.7	0.055165
-150	-0.6	0.056002
-150	-0.5	0.053723
-150	-0.4	0.050219
-150	-0.3	0.041814
-150	-0.2	0.035316
-150	-0.1	0.027566
-150	0	0.020157
-150	0.1	0.016853
-150	0.2	0.015678
-150	0.3	0.017972
-150	0.4	0.020283
-150	0.5	0.024814
-150	0.6	0.02951
-150	0.7	0.037127
-150	0.8	0.044149
-150	0.9	0.048179
-150	1	0.050528
-150	1.1	0.052332
-150	1.2	0.052126
-150	1.3	0.050248
-150	1.4	0.047953
-150	1.5	0.041671
-150	1.6	0.037025
-150	1.7	0.032755
-150	1.8	0.029577
-150	1.9	0.029052
-150	2	0.030966
-150	2.1	0.031959
-150	2.2	0.033186
-150	2.3	0.031714
-150	2.4	0.028847
-150	2.5	0.025271
-150	2.6	0.022807
-150	2.7	0.019411
-150	2.8	0.018072
-150	2.9	0.017929
-150	3	0.017873
-150	3.1	0.017228
-150	3.2	0.015629
-150	3.3	0.011744
-150	3.4	0.0099387
-150	3.5	0.0081083
-150	3.6	0.0090876
-150	3.7	0.009695
-150	3.8	0.010238
-150	3.9	0.010454
-150	4	0.010008
-140	-4	0.0069677
-140	-3.9	0.0076297
-140	-3.8	0.0088716
-140	-3.7	0.0087929
-140	-3.6	0.0077849
-140	-3.5	0.0063716
-140	-3.4	0.005631
-140	-3.3	0.0067221
-140	-3.2	0.0091266
-140	-3.1	0.0098423
-140	-3	0.010715
-140	-2.9	0.010736
-140	-2.8	0.010226
-140	-2.7	0.011451
-140	-2.6	0.015455
-140	-2.5	0.018446
-140	-2.4	0.023171
-140	-2.3	0.026718
-140	-2.2	0.028786
-140	-2.1	0.029121
-140	-2	0.028843
-140	-1.9	0.029226
-140	-1.8	0.030287
-140	-1.7	0.03142
-140	-1.6	0.032968
-140	-1.5	0.033082
-140	-1.4	0.031006
-140	-1.3	0.028859
-140	-1.2	0.026831
-140	-1.1	0.029149
-140	-1	0.035402
-140	-0.9	0.042933
-140	-0.8	0.052772
-140	-0.7	0.056487
-140	-0.6	0.059247
-140	-0.5	0.057657
-140	-0.4	0.054714
-140	-0.3	0.044373
-140	-0.2	0.03556
-140	-0.1	0.026143
-140	0	0.020592
-140	0.1	0.015955
-140	0.2	0.014529
-140	0.3	0.015456
-140	0.4	0.019049
-140	0.5	0.023495
-140	0.6	0.031525
-140	0.7	0.038321
-140	0.8	0.047142
-140	0.9	0.050913
-140	1	0.053831
-140	1.1	0.054457
-140	1.2	0.053761
-140	1.3	0.050636
-140	1.4	0.046084
-140	1.5	0.042608
-140	1.6	0.038486
-140	1.7	0.03539
-140	1.8	0.032828
-140	1.9	0.031339
-140	2	0.030947
-140	2.1	0.031191
-140	2.2	0.030553
-140	2.3	0.029229
-140	2.4	0.028634
-140	2.5	0.025454
-140	2.6	0.023897
-140	2.7	0.021291
-140	2.8	0.018704
-140	2.9	0.017064
-140	3	0.015352
-140	3.1	0.014571
-140	3.2	0.012215
-140	3.3	0.010707
-140	3.4	0.0091478
-140	3.5	0.0087487
-140	3.6	0.0091461
-140	3.7	0.0088186
-140	3.8	0.0086968
-140	3.9	0.0085051
-140	4	0.0083692
-130	-4	0.005739
-130	-3.9	0.0074929
-130	-3.8	0.0080843
-130	-3.7	0.0085921
-130	-3.6	0.0073007
-130	-3.5	0.0067317
-130	-3.4	0.0054945
-130	-3.3	0.0063994
-130	-3.2	0.0078222
-130	-3.1	0.0094434
-130	-3	0.010358
-130	-2.9	0.010345
-130	-2.8	0.010196
-130	-2.7	0.010943
-130	-2.6	0.013465
-130	-2.5	0.019152
-130	-2.4	0.024691
-130	-2.3	0.026269
-130	-2.2	0.028977
-130	-2.1	0.029669
-130	-2	0.030062
-130	-1.9	0.030062
-130	-1.8	0.031542
-130	-1.7	0.032805
-130	-1.6	0.033842
-130	-1.5	0.033679
-130	-1.4	0.032332
-130	-1.3	0.02959
-130	-1.2	0.02896
-130	-1.1	0.031937
-130	-1	0.037285
-130	-0.9	0.04677
-130	-0.8	0.051523
-130	-0.7	0.055299
-130	-0.6	0.057702
-130	-0.5	0.05557
-130	-0.4	0.051651
-130	-0.3	0.041562
-130	-0.2	0.034586
-130	-0.1	0.026641
-130	0	0.020003
-130	0.1	0.016664
-130	0.2	0.015124
-130	0.3	0.016096
-130	0.4	0.017669
-130	0.5	0.023705
-130	0.6	0.028771
-130	0.7	0.038388
-130	0.8	0.044237
-130	0.9	0.049756
-130	1	0.051987
-130	1.1	0.052889
-130	1.2	0.052601
-130	1.3	0.049285
-130	1.4	0.045839
-130	1.5	0.043538
-130	1.6	0.040947
-130	1.7	0.037195
-130	1.8	0.034648
-130	1.9	0.033595
-130	2	0.032538
-130	2.1	0.031803
-130	2.2	0.030772
-130	2.3	0.029654
-130	2.4	0.029001
-130	2.5	0.027607
-130	2.6	0.025163
-130	2.7	0.022796
-130	2.8	0.020613
-130	2.9	0.018605
-130	3	0.015645
-130	3.1	0.013829
-130	3.2	0.012688
-130	3.3	0.012039
-130	3.4	0.011957
-130	3.5	0.011373
-130	3.6	0.010664
-130	3.7	0.0093332
-130	3.8	0.008423
-130	3.9	0.0074105
-130	4	0.0068625
-120	-4	0.0068907
-120	-3.9	0.0077412
-120	-3.8	0.0071756
-120	-3.7	0.0072228
-120	-3.6	0.0064296
-120	-3.5	0.0061311
-120	-3.4	0.0065442
-120	-3.3	0.0077766
-120	-3.2	0.0083884
-120	-3.1	0.0097598
-120	-3	0.0099452
-120	-2.9	0.0098554
-120	-2.8	0.010289
-120	-2.7	0.012365
-120	-2.6	0.016146
-120	-2.5	0.020068
-120	-2.4	0.024567
-120	-2.3	0.026256
-120	-2.2	0.027157
-120	-2.1	0.027491
-120	-2	0.028232
-120	-1.9	0.030206
-120	-1.8	0.032275
-120	-1.7	0.034537
-120	-1.6	0.034321
-120	-1.5	0.033143
-120	-1.4	0.03048
-120	-1.3	0.0274
-120	-1.2	0.027643
-120	-1.1	0.032333
-120	-1	0.039497
-120	-0.9	0.047745
-120	-0.8	0.055398
-120	-0.7	0.057938
-120	-0.6	0.058643
-120	-0.5	0.056048
-120	-0.4	0.04999
-120	-0.3	0.044899
-120	-0.2	0.032164
-120	-0.1	0.02508
-120	0	0.020556
-120	0.1	0.0167
-120	0.2	0.015622
-120	0.3	0.016731
-120	0.4	0.019021
-120	0.5	0.023694
-120	0.6	0.030364
-120	0.7	0.038323
-120	0.8	0.043522
-120	0.9	0.048726
-120	1	0.051904
-120	1.1	0.053944
-120	1.2	0.053498
-120	1.3	0.051399
-120	1.4	0.047204
-120	1.5	0.043451
-120	1.6	0.039034
-120	1.7	0.035853
-120	1.8	0.034068
-120	1.9	0.033442
-120	2	0.033873
-120	2.1	0.034184
-120	2.2	0.034023
-120	2.3	0.032988
-120	2.4	0.031396
-120	2.5	0.028748
-120	2.6	0.027991
-120	2.7	0.024072
-120	2.8	0.023159
-120	2.9	0.022192
-120	3	0.02037
-120	3.1	0.018317
-120	3.2	0.016373
-120	3.3	0.015365
-120	3.4	0.013918
-120	3.5	0.012142
-120	3.6	0.011301
-120	3.7	0.010874
-120	3.8	0.010841
-120	3.9	0.010491
-120	4	0.010213
-110	-4	0.0054856
-110	-3.9	0.0065442
-110	-3.8	0.0072473
-110	-3.7	0.0077035
-110	-3.6	0.0076191
-110	-3.5	0.0070986
-110	-3.4	0.0068152
-110	-3.3	0.0065984
-110	-3.2	0.0077245
-110	-3.1	0.0095641
-110	-3	0.010827
-110	-2.9	0.011537
-110	-2.8	0.01139
-110	-2.7	0.012378
-110	-2.6	0.015044
-110	-2.5	0.018771
-110	-2.4	0.022052
-110	-2.3	0.02637
-110	-2.2	0.028014
-110	-2.1	0.029359
-110	-2	0.029643
-110	-1.9	0.030461
-110	-1.8	0.031309
-110	-1.7	0.032275
-110	-1.6	0.032614
-110	-1.5	0.032684
-110	-1.4	0.031544
-110	-1.3	0.030507
-110	-1.2	0.030107
-110	-1.1	0.032695
-110	-1	0.040135
-110	-0.9	0.048191
-110	-0.8	0.052301
-110	-0.7	0.059757
-110	-0.6	0.061927
-110	-0.5	0.060789
-110	-0.4	0.05678
-110	-0.3	0.048223
-110	-0.2	0.038521
-110	-0.1	0.030239
-110	0	0.021659
-110	0.1	0.016478
-110	0.2	0.015481
-110	0.3	0.016336
-110	0.4	0.018145
-110	0.5	0.023463
-110	0.6	0.028437
-110	0.7	0.035198
-110	0.8	0.044708
-110	0.9	0.050447
-110	1	0.053915
-110	1.1	0.056652
-110	1.2	0.056512
-110	1.3	0.05304
-110	1.4	0.049431
-110	1.5	0.045872
-110	1.6	0.041731
-110	1.7	0.038541
-110	1.8	0.036065
-110	1.9	0.034435
-110	2	0.033881
-110	2.1	0.03293
-110	2.2	0.032009
-110	2.3	0.031272
-110	2.4	0.030558
-110	2.5	0.028566
-110	2.6	0.026447
-110	2.7	0.023099
-110	2.8	0.021974
-110	2.9	0.020152
-110	3	0.01828
-110	3.1	0.016669
-110	3.2	0.015354
-110	3.3	0.01404
-110	3.4	0.011845
-110	3.5	0.010616
-110	3.6	0.010243
-110	3.7	0.010068
-110	3.8	0.01041
-110	3.9	0.01014
-110	4	0.0093419
-100	-4	0.0050243
-100	-3.9	0.0055003
-100	-3.8	0.0073404
-100	-3.7	0.0081619
-100	-3.6	0.008016
-100	-3.5	0.00682
-100	-3.4	0.0054561
-100	-3.3	0.0057136
-100	-3.2	0.0071621
-100	-3.1	0.0087376
-100	-3	0.0098275
-100	-2.9	0.0097449
-100	-2.8	0.010105
-100	-2.7	0.012471
-100	-2.6	0.015873
-100	-2.5	0.020312
-100	-2.4	0.024295
-100	-2.3	0.026457
-100	-2.2	0.027253
-100	-2.1	0.027235
-100	-2	0.02691
-100	-1.9	0.027548
-100	-1.8	0.029003
-100	-1.7	0.031169
-100	-1.6	0.034089
-100	-1.5	0.034431
-100	-1.4	0.0328
-100	-1.3	0.031206
-100	-1.2	0.029141
-100	-1.1	0.032174
-100	-1	0.039961
-100	-0.9	0.049408
-100	-0.8	0.057541
-100	-0.7	0.063275
-100	-0.6	0.064812
-100	-0.5	0.061845
-100	-0.4	0.056497
-100	-0.3	0.046953
-100	-0.2	0.036411
-100	-0.1	0.026589
-100	0	0.02342
-100	0.1	0.016704
-100	0.2	0.015733
-100	0.3	0.016265
-100	0.4	0.018141
-100	0.5	0.025879
-100	0.6	0.030504
-100	0.7	0.03759
-100	0.8	0.045638
-100	0.9	0.051052
-100	1	0.054256
-100	1.1	0.055373
-100	1.2	0.053843
-100	1.3	0.050804
-100	1.4	0.048345
-100	1.5	0.04445
-100	1.6	0.041829
-100	1.7	0.040029
-100	1.8	0.037839
-100	1.9	0.036543
-100	2	0.035478
-100	2.1	0.034295
-100	2.2	0.032704
-100	2.3	0.032132
-100	2.4	0.031795
-100	2.5	0.030965
-100	2.6	0.029093
-100	2.7	0.027117
-100	2.8	0.025389
-100	2.9	0.023818
-100	3	0.021431
-100	3.1	0.020072
-100	3.2	0.018239
-100	3.3	0.016373
-100	3.4	0.015004
-100	3.5	0.013652
-100	3.6	0.013155
-100	3.7	0.01265
-100	3.8	0.012781
-100	3.9	0.012716
-100	4	0.011843
-90	-4	0.005034
-90	-3.9	0.0052539
-90	-3.8	0.0069584
-90	-3.7	0.0079085
-90	-3.6	0.0083807
-90	-3.5	0.0079228
-90	-3.4	0.0065368
-90	-3.3	0.0064196
-90	-3.2	0.0074366
-90	-3.1	0.009354
-90	-3	0.011096
-90	-2.9	0.012805
-90	-2.8	0.013178
-90	-2.7	0.013907
-90	-2.6	0.016827
-90	-2.5	0.020076
-90	-2.4	0.02451
-90	-2.3	0.027283
-90	-2.2	0.029613
-90	-2.1	0.030363
-90	-2	0.030345
-90	-1.9	0.029998
-90	-1.8	0.030716
-90	-1.7	0.032025
-90	-1.6	0.033636
-90	-1.5	0.034025
-90	-1.4	0.03378
-90	-1.3	0.032194
-90	-1.2	0.031829
-90	-1.1	0.034428
-90	-1	0.04004
-90	-0.9	0.048525
-90	-0.8	0.054245
-90	-0.7	0.058444
-90	-0.6	0.062591
-90	-0.5	0.062521
-90	-0.4	0.055634
-90	-0.3	0.051705
-90	-0.2	0.043013
-90	-0.1	0.031648
-90	0	0.025308
-90	0.1	0.02021
-90	0.2	0.017725
-90	0.3	0.017185
-90	0.4	0.019043
-90	0.5	0.023563
-90	0.6	0.029425
-90	0.7	0.03693
-90	0.8	0.042146
-90	0.9	0.049063
-90	1	0.052509
-90	1.1	0.055378
-90	1.2	0.056174
-90	1.3	0.054138
-90	1.4	0.052503
-90	1.5	0.048874
-90	1.6	0.044788
-90	1.7	0.041538
-90	1.8	0.038321
-90	1.9	0.037606
-90	2	0.037347
-90	2.1	0.037335
-90	2.2	0.036227
-90	2.3	0.03468
-90	2.4	0.032752
-90	2.5	0.029474
-90	2.6	0.026316
-90	2.7	0.024217
-90	2.8	0.022372
-90	2.9	0.021859
-90	3	0.020753
-90	3.1	0.01919
-90	3.2	0.017171
-90	3.3	0.015162
-90	3.4	0.012848
-90	3.5	0.012655
-90	3.6	0.011704
-90	3.7	0.011565
-90	3.8	0.011281
-90	3.9	0.011021
-90	4	0.010073
-80	-4	0.0062019
-80	-3.9	0.0055704
-80	-3.8	0.0059979
-80	-3.7	0.0067245
-80	-3.6	0.00711
-80	-3.5	0.0077953
-80	-3.4	0.0068977
-80	-3.3	0.0069839
-80	-3.2	0.0080543
-80	-3.1	0.010766
-80	-3	0.012341
-80	-2.9	0.013976
-80	-2.8	0.01481
-80	-2.7	0.015182
-80	-2.6	0.017341
-80	-2.5	0.020891
-80	-2.4	0.024757
-80	-2.3	0.027759
-80	-2.2	0.030499
-80	-2.1	0.032819
-80	-2	0.033133
-80	-1.9	0.032428
-80	-1.8	0.032109
-80	-1.7	0.031635
-80	-1.6	0.031831
-80	-1.5	0.033385
-80	-1.4	0.033707
-80	-1.3	0.03422
-80	-1.2	0.034847
-80	-1.1	0.037095
-80	-1	0.041566
-80	-0.9	0.048309
-80	-0.8	0.053759
-80	-0.7	0.061433
-80	-0.6	0.063488
-80	-0.5	0.063492
-80	-0.4	0.057679
-80	-0.3	0.052807
-80	-0.2	0.045456
-80	-0.1	0.035977
-80	0	0.028862
-80	0.1	0.021054
-80	0.2	0.017434
-80	0.3	0.016368
-80	0.4	0.018974
-80	0.5	0.02315
-80	0.6	0.030843
-80	0.7	0.036009
-80	0.8	0.045732
-80	0.9	0.051937
-80	1	0.055359
-80	1.1	0.05933
-80	1.2	0.059646
-80	1.3	0.058138
-80	1.4	0.054917
-80	1.5	0.050864
-80	1.6	0.046309
-80	1.7	0.043641
-80	1.8	0.04088
-80	1.9	0.039151
-80	2	0.037889
-80	2.1	0.036385
-80	2.2	0.034974
-80	2.3	0.033952
-80	2.4	0.032035
-80	2.5	0.030795
-80	2.6	0.029241
-80	2.7	0.026233
-80	2.8	0.025792
-80	2.9	0.022686
-80	3	0.020532
-80	3.1	0.016754
-80	3.2	0.015427
-80	3.3	0.014113
-80	3.4	0.013978
-80	3.5	0.012958
-80	3.6	0.011892
-80	3.7	0.011119
-80	3.8	0.010156
-80	3.9	0.0094707
-80	4	0.0083865
-70	-4	0.005979
-70	-3.9	0.0060888
-70	-3.8	0.0065195
-70	-3.7	0.0061784
-70	-3.6	0.0060516
-70	-3.5	0.0061364
-70	-3.4	0.0066932
-70	-3.3	0.0079105
-70	-3.2	0.0097896
-70	-3.1	0.010974
-70	-3	0.012257
-70	-2.9	0.012768
-70	-2.8	0.013244
-70	-2.7	0.01453
-70	-2.6	0.017192
-70	-2.5	0.019689
-70	-2.4	0.024532
-70	-2.3	0.027439
-70	-2.2	0.029899
-70	-2.1	0.031185
-70	-2	0.031676
-70	-1.9	0.03156
-70	-1.8	0.031538
-70	-1.7	0.031446
-70	-1.6	0.031688
-70	-1.5	0.031637
-70	-1.4	0.031607
-70	-1.3	0.031775
-70	-1.2	0.034146
-70	-1.1	0.035875
-70	-1	0.043176
-70	-0.9	0.049302
-70	-0.8	0.055301
-70	-0.7	0.060954
-70	-0.6	0.062272
-70	-0.5	0.062123
-70	-0.4	0.05822
-70	-0.3	0.052172
-70	-0.2	0.042278
-70	-0.1	0.036795
-70	0	0.026497
-70	0.1	0.020289
-70	0.2	0.016908
-70	0.3	0.016679
-70	0.4	0.018719
-70	0.5	0.023413
-70	0.6	0.02789
-70	0.7	0.036749
-70	0.8	0.042111
-70	0.9	0.048538
-70	1	0.054179
-70	1.1	0.057239
-70	1.2	0.057945
-70	1.3	0.056756
-70	1.4	0.055088
-70	1.5	0.051776
-70	1.6	0.049015
-70	1.7	0.045545
-70	1.8	0.042498
-70	1.9	0.040427
-70	2	0.038041
-70	2.1	0.036883
-70	2.2	0.034974
-70	2.3	0.034358
-70	2.4	0.033284
-70	2.5	0.030654
-70	2.6	0.027904
-70	2.7	0.025184
-70	2.8	0.023328
-70	2.9	0.020273
-70	3	0.018488
-70	3.1	0.016965
-70	3.2	0.015379
-70	3.3	0.014153
-70	3.4	0.013098
-70	3.5	0.011781
-70	3.6	0.010575
-70	3.7	0.010057
-70	3.8	0.0097482
-70	3.9	0.0091989
-70	4	0.0081856
-60	-4	0.0071168
-60	-3.9	0.0083421
-60	-3.8	0.0086912
-60	-3.7	0.0085431
-60	-3.6	0.0075166
-60	-3.5	0.0070369
-60	-3.4	0.0078077
-60	-3.3	0.0092059
-60	-3.2	0.011334
-60	-3.1	0.013423
-60	-3	0.014531
-60	-2.9	0.014751
-60	-2.8	0.014715
-60	-2.7	0.015993
-60	-2.6	0.020339
-60	-2.5	0.023768
-60	-2.4	0.029745
-60	-2.3	0.032093
-60	-2.2	0.032528
-60	-2.1	0.031653
-60	-2	0.030173
-60	-1.9	0.030021
-60	-1.8	0.031468
-60	-1.7	0.03312
-60	-1.6	0.034657
-60	-1.5	0.034721
-60	-1.4	0.032946
-60	-1.3	0.031592
-60	-1.2	0.031786
-60	-1.1	0.035606
-60	-1	0.04221
-60	-0.9	0.049851
-60	-0.8	0.057593
-60	-0.7	0.061716
-60	-0.6	0.063215
-60	-0.5	0.060587
-60	-0.4	0.057326
-60	-0.3	0.047104
-60	-0.2	0.042121
-60	-0.1	0.034188
-60	0	0.025728
-60	0.1	0.021694
-60	0.2	0.019313
-60	0.3	0.01919
-60	0.4	0.021152
-60	0.5	0.025185
-60	0.6	0.02969
-60	0.7	0.037092
-60	0.8	0.044663
-60	0.9	0.048441
-60	1	0.054295
-60	1.1	0.057503
-60	1.2	0.058482
-60	1.3	0.056763
-60	1.4	0.05402
-60	1.5	0.048584
-60	1.6	0.044173
-60	1.7	0.038944
-60	1.8	0.036645
-60	1.9	0.036654
-60	2	0.038004
-60	2.1	0.03859
-60	2.2	0.038254
-60	2.3	0.036927
-60	2.4	0.033888
-60	2.5	0.031207
-60	2.6	0.027486
-60	2.7	0.025883
-60	2.8	0.025836
-60	2.9	0.025339
-60	3	0.024526
-60	3.1	0.022352
-60	3.2	0.018894
-60	3.3	0.016647
-60	3.4	0.015174
-60	3.5	0.014536
-60	3.6	0.015236
-60	3.7	0.015553
-60	3.8	0.015897
-60	3.9	0.014338
-60	4	0.012496
-50	-4	0.0082211
-50	-3.9	0.010465
-50	-3.8	0.011484
-50	-3.7	0.011062
-50	-3.6	0.010012
-50	-3.5	0.0078284
-50	-3.4	0.0088643
-50	-3.3	0.011125
-50	-3.2	0.01265
-50	-3.1	0.014035
-50	-3	0.014702
-50	-2.9	0.015833
-50	-2.8	0.017081
-50	-2.7	0.020316
-50	-2.6	0.023001
-50	-2.5	0.025661
-50	-2.4	0.029063
-50	-2.3	0.030399
-50	-2.2	0.031451
-50	-2.1	0.031745
-50	-2	0.031971
-50	-1.9	0.03311
-50	-1.8	0.033739
-50	-1.7	0.033853
-50	-1.6	0.033662
-50	-1.5	0.032009
-50	-1.4	0.030652
-50	-1.3	0.030135
-50	-1.2	0.032652
-50	-1.1	0.036832
-50	-1	0.040295
-50	-0.9	0.049085
-50	-0.8	0.054338
-50	-0.7	0.059287
-50	-0.6	0.060637
-50	-0.5	0.059253
-50	-0.4	0.05464
-50	-0.3	0.04982
-50	-0.2	0.042086
-50	-0.1	0.034177
-50	0	0.026915
-50	0.1	0.022086
-50	0.2	0.020009
-50	0.3	0.019908
-50	0.4	0.020923
-50	0.5	0.024267
-50	0.6	0.027238
-50	0.7	0.035129
-50	0.8	0.038286
-50	0.9	0.043903
-50	1	0.050189
-50	1.1	0.054943
-50	1.2	0.056416
-50	1.3	0.055936
-50	1.4	0.053802
-50	1.5	0.051223
-50	1.6	0.044665
-50	1.7	0.042285
-50	1.8	0.038964
-50	1.9	0.038022
-50	2	0.037963
-50	2.1	0.037321
-50	2.2	0.036252
-50	2.3	0.034919
-50	2.4	0.032143
-50	2.5	0.028988
-50	2.6	0.027041
-50	2.7	0.025202
-50	2.8	0.024631
-50	2.9	0.024086
-50	3	0.022525
-50	3.1	0.020448
-50	3.2	0.017898
-50	3.3	0.015198
-50	3.4	0.013609
-50	3.5	0.013067
-50	3.6	0.012607
-50	3.7	0.012515
-50	3.8	0.012209
-50	3.9	0.011191
-50	4	0.010697
-40	-4	0.0074475
-40	-3.9	0.0093315
-40	-3.8	0.01024
-40	-3.7	0.010337
-40	-3.6	0.009816
-40	-3.5	0.0084384
-40	-3.4	0.0075252
-40	-3.3	0.0084823
-40	-3.2	0.011848
-40	-3.1	0.01391
-40	-3	0.015788
-40	-2.9	0.015762
-40	-2.8	0.015586
-40	-2.7	0.016923
-40	-2.6	0.019766
-40	-2.5	0.024439
-40	-2.4	0.027694
-40	-2.3	0.030809
-40	-2.2	0.032115
-40	-2.1	0.032122
-40	-2	0.031685
-40	-1.9	0.031246
-40	-1.8	0.031436
-40	-1.7	0.031544
-40	-1.6	0.032276
-40	-1.5	0.032966
-40	-1.4	0.032539
-40	-1.3	0.030692
-40	-1.2	0.030381
-40	-1.1	0.034942
-40	-1	0.038262
-40	-0.9	0.047296
-40	-0.8	0.058468
-40	-0.7	0.061976
-40	-0.6	0.063886
-40	-0.5	0.063129
-40	-0.4	0.056728
-40	-0.3	0.05024
-40	-0.2	0.044052
-40	-0.1	0.033303
-40	0	0.024536
-40	0.1	0.018408
-40	0.2	0.016438
-40	0.3	0.017198
-40	0.4	0.021301
-40	0.5	0.026643
-40	0.6	0.030732
-40	0.7	0.038325
-40	0.8	0.044606
-40	0.9	0.050247
-40	1	0.053137
-40	1.1	0.056932
-40	1.2	0.05763
-40	1.3	0.05656
-40	1.4	0.053062
-40	1.5	0.047873
-40	1.6	0.043692
-40	1.7	0.039095
-40	1.8	0.036478
-40	1.9	0.035462
-40	2	0.034714
-40	2.1	0.034029
-40	2.2	0.032041
-40	2.3	0.030513
-40	2.4	0.028084
-40	2.5	0.026191
-40	2.6	0.024444
-40	2.7	0.023233
-40	2.8	0.022789
-40	2.9	0.021541
-40	3	0.020745
-40	3.1	0.018803
-40	3.2	0.016931
-40	3.3	0.01508
-40	3.4	0.013477
-40	3.5	0.013086
-40	3.6	0.013356
-40	3.7	0.013296
-40	3.8	0.012994
-40	3.9	0.012365
-40	4	0.011986
-30	-4	0.0075851
-30	-3.9	0.0093799
-30	-3.8	0.01111
-30	-3.7	0.010682
-30	-3.6	0.0090626
-30	-3.5	0.0080783
-30	-3.4	0.0075936
-30	-3.3	0.0091195
-30	-3.2	0.01241
-30	-3.1	0.014114
-30	-3	0.015626
-30	-2.9	0.016443
-30	-2.8	0.016575
-30	-2.7	0.01776
-30	-2.6	0.020144
-30	-2.5	0.022564
-30	-2.4	0.028181
-30	-2.3	0.033264
-30	-2.2	0.03503
-30	-2.1	0.034872
-30	-2	0.031962
-30	-1.9	0.030911
-30	-1.8	0.03169
-30	-1.7	0.033985
-30	-1.6	0.035843
-30	-1.5	0.034682
-30	-1.4	0.032038
-30	-1.3	0.028863
-30	-1.2	0.030917
-30	-1.1	0.033456
-30	-1	0.040777
-30	-0.9	0.048027
-30	-0.8	0.05464
-30	-0.7	0.058463
-30	-0.6	0.059899
-30	-0.5	0.060017
-30	-0.4	0.055383
-30	-0.3	0.048862
-30	-0.2	0.038211
-30	-0.1	0.032338
-30	0	0.022908
-30	0.1	0.018194
-30	0.2	0.017163
-30	0.3	0.018193
-30	0.4	0.020985
-30	0.5	0.025045
-30	0.6	0.02994
-30	0.7	0.033782
-30	0.8	0.043533
-30	0.9	0.046163
-30	1	0.052575
-30	1.1	0.055612
-30	1.2	0.055917
-30	1.3	0.053391
-30	1.4	0.050541
-30	1.5	0.04599
-30	1.6	0.040432
-30	1.7	0.036
-30	1.8	0.033596
-30	1.9	0.033725
-30	2	0.035065
-30	2.1	0.035474
-30	2.2	0.034893
-30	2.3	0.033683
-30	2.4	0.031976
-30	2.5	0.028295
-30	2.6	0.024652
-30	2.7	0.022836
-30	2.8	0.022101
-30	2.9	0.020465
-30	3	0.019832
-30	3.1	0.016675
-30	3.2	0.014381
-30	3.3	0.012541
-30	3.4	0.011419
-30	3.5	0.010884
-30	3.6	0.011565
-30	3.7	0.011845
-30	3.8	0.012102
-30	3.9	0.0116
-30	4	0.010041
-20	-4	0.0059952
-20	-3.9	0.0060194
-20	-3.8	0.0066179
-20	-3.7	0.007053
-20	-3.6	0.0072205
-20	-3.5	0.0067053
-20	-3.4	0.0061153
-20	-3.3	0.0071485
-20	-3.2	0.008888
-20	-3.1	0.010871
-20	-3	0.012353
-20	-2.9	0.012628
-20	-2.8	0.012308
-20	-2.7	0.013085
-20	-2.6	0.018143
-20	-2.5	0.022366
-20	-2.4	0.027188
-20	-2.3	0.029947
-20	-2.2	0.030674
-20	-2.1	0.030458
-20	-2	0.029977
-20	-1.9	0.030491
-20	-1.8	0.032233
-20	-1.7	0.033434
-20	-1.6	0.03374
-20	-1.5	0.03344
-20	-1.4	0.03295
-20	-1.3	0.031559
-20	-1.2	0.031876
-20	-1.1	0.036639
-20	-1	0.040285
-20	-0.9	0.047521
-20	-0.8	0.05764
-20	-0.7	0.059787
-20	-0.6	0.06237
-20	-0.5	0.06013
-20	-0.4	0.056149
-20	-0.3	0.046818
-20	-0.2	0.038286
-20	-0.1	0.027118
-20	0	0.018808
-20	0.1	0.015941
-20	0.2	0.013821
-20	0.3	0.015448
-20	0.4	0.018408
-20	0.5	0.024103
-20	0.6	0.031232
-20	0.7	0.039274
-20	0.8	0.044064
-20	0.9	0.04777
-20	1	0.050964
-20	1.1	0.053272
-20	1.2	0.05237
-20	1.3	0.050551
-20	1.4	0.046752
-20	1.5	0.044899
-20	1.6	0.040428
-20	1.7	0.03762
-20	1.8	0.035329
-20	1.9	0.033609
-20	2	0.033138
-20	2.1	0.031987
-20	2.2	0.03038
-20	2.3	0.028663
-20	2.4	0.027065
-20	2.5	0.025649
-20	2.6	0.022586
-20	2.7	0.021348
-20	2.8	0.019796
-20	2.9	0.018968
-20	3	0.017489
-20	3.1	0.015742
-20	3.2	0.014148
-20	3.3	0.011769
-20	3.4	0.011749
-20	3.5	0.010753
-20	3.6	0.010401
-20	3.7	0.010268
-20	3.8	0.010188
-20	3.9	0.0097797
-20	4	0.0087283
-10	-4	0.0060435
-10	-3.9	0.0057587
-10	-3.8	0.0064221
-10	-3.7	0.0084613
-10	-3.6	0.0078654
-10	-3.5	0.007634
-10	-3.4	0.0072295
-10	-3.3	0.0075766
-10	-3.2	0.0080583
-10	-3.1	0.010259
-10	-3	0.011142
-10	-2.9	0.011978
-10	-2.8	0.012931
-10	-2.7	0.015062
-10	-2.6	0.018111
-10	-2.5	0.020742
-10	-2.4	0.023923
-10	-2.3	0.028137
-10	-2.2	0.030336
-10	-2.1	0.032239
-10	-2	0.033398
-10	-1.9	0.034041
-10	-1.8	0.03434
-10	-1.7	0.034578
-10	-1.6	0.034325
-10	-1.5	0.033211
-10	-1.4	0.031823
-10	-1.3	0.030912
-10	-1.2	0.031255
-10	-1.1	0.034815
-10	-1	0.040042
-10	-0.9	0.04792
-10	-0.8	0.055852
-10	-0.7	0.059093
-10	-0.6	0.058982
-10	-0.5	0.056256
-10	-0.4	0.05167
-10	-0.3	0.041416
-10	-0.2	0.034937
-10	-0.1	0.027696
-10	0	0.020426
-10	0.1	0.015897
-10	0.2	0.014577
-10	0.3	0.014501
-10	0.4	0.017403
-10	0.5	0.021221
-10	0.6	0.026525
-10	0.7	0.035152
-10	0.8	0.043617
-10	0.9	0.047624
-10	1	0.051083
-10	1.1	0.051983
-10	1.2	0.051142
-10	1.3	0.049852
-10	1.4	0.046664
-10	1.5	0.042671
-10	1.6	0.041177
-10	1.7	0.038734
-10	1.8	0.035185
-10	1.9	0.034312
-10	2	0.033374
-10	2.1	0.033201
-10	2.2	0.032346
-10	2.3	0.031054
-10	2.4	0.029622
-10	2.5	0.028487
-10	2.6	0.025748
-10	2.7	0.022931
-10	2.8	0.020676
-10	2.9	0.019698
-10	3	0.017297
-10	3.1	0.01547
-10	3.2	0.013817
-10	3.3	0.012506
-10	3.4	0.012167
-10	3.5	0.012198
-10	3.6	0.011366
-10	3.7	0.011366
-10	3.8	0.010274
-10	3.9	0.0098094
-10	4	0.0087135
0	-4	0.006522
0	-3.9	0.0075402
0	-3.8	0.007937
0	-3.7	0.0085733
0	-3.6	0.0083827
0	-3.5	0.0073777
0	-3.4	0.0067077
0	-3.3	0.0069374
0	-3.2	0.0088789
0	-3.1	0.011456
0	-3	0.012688
0	-2.9	0.012741
0	-2.8	0.011064
0	-2.7	0.010813
0	-2.6	0.014852
0	-2.5	0.02026
0	-2.4	0.02551
0	-2.3	0.030509
0	-2.2	0.031839
0	-2.1	0.032513
0	-2	0.032451
0	-1.9	0.032329
0	-1.8	0.033398
0	-1.7	0.034294
0	-1.6	0.034895
0	-1.5	0.034697
0	-1.4	0.034031
0	-1.3	0.031017
0	-1.2	0.029681
0	-1.1	0.033044
0	-1	0.037603
0	-0.9	0.050158
0	-0.8	0.056073
0	-0.7	0.060459
0	-0.6	0.060772
0	-0.5	0.055516
0	-0.4	0.051604
0	-0.3	0.043642
0	-0.2	0.033216
0	-0.1	0.023519
0	0	0.016856
0	0.1	0.013517
0	0.2	0.013414
0	0.3	0.01556
0	0.4	0.018889
0	0.5	0.025024
0	0.6	0.031558
0	0.7	0.036512
0	0.8	0.042282
0	0.9	0.048122
0	1	0.049448
0	1.1	0.050341
0	1.2	0.04975
0	1.3	0.047656
0	1.4	0.043635
0	1.5	0.039501
0	1.6	0.035788
0	1.7	0.032803
0	1.8	0.030637
0	1.9	0.030249
0	2	0.030877
0	2.1	0.030923
0	2.2	0.029819
0	2.3	0.028346
0	2.4	0.026027
0	2.5	0.024214
0	2.6	0.020881
0	2.7	0.020774
0	2.8	0.019383
0	2.9	0.01893
0	3	0.01811
0	3.1	0.016894
0	3.2	0.01514
0	3.3	0.014386
0	3.4	0.013417
0	3.5	0.01304
0	3.6	0.012257
0	3.7	0.011752
0	3.8	0.011177
0	3.9	0.010667
0	4	0.010542
10	-4	0.007634
10	-3.9	0.0086427
10	-3.8	0.0090804
10	-3.7	0.0093592
10	-3.6	0.008732
10	-3.5	0.0077683
10	-3.4	0.0072896
10	-3.3	0.0072896
10	-3.2	0.0080221
10	-3.1	0.0099061
10	-3	0.010712
10	-2.9	0.010927
10	-2.8	0.011346
10	-2.7	0.013749
10	-2.6	0.015581
10	-2.5	0.018777
10	-2.4	0.024092
10	-2.3	0.027473
10	-2.2	0.029813
10	-2.1	0.030899
10	-2	0.03168
10	-1.9	0.032737
10	-1.8	0.032878
10	-1.7	0.034265
10	-1.6	0.034898
10	-1.5	0.034557
10	-1.4	0.032413
10	-1.3	0.03024
10	-1.2	0.029364
10	-1.1	0.031131
10	-1	0.037865
10	-0.9	0.044877
10	-0.8	0.051362
10	-0.7	0.05761
10	-0.6	0.058031
10	-0.5	0.05424
10	-0.4	0.047682
10	-0.3	0.039961
10	-0.2	0.033068
10	-0.1	0.023471
10	0	0.014585
10	0.1	0.012587
10	0.2	0.011819
10	0.3	0.014069
10	0.4	0.016584
10	0.5	0.022795
10	0.6	0.028925
10	0.7	0.035556
10	0.8	0.042637
10	0.9	0.04567
10	1	0.049336
10	1.1	0.049598
10	1.2	0.04813
10	1.3	0.045362
10	1.4	0.04148
10	1.5	0.039622
10	1.6	0.0361
10	1.7	0.03289
10	1.8	0.030943
10	1.9	0.029849
10	2	0.029013
10	2.1	0.02825
10	2.2	0.027542
10	2.3	0.026273
10	2.4	0.024577
10	2.5	0.022336
10	2.6	0.021395
10	2.7	0.019788
10	2.8	0.017677
10	2.9	0.017177
10	3	0.015509
10	3.1	0.013668
10	3.2	0.012445
10	3.3	0.011314
10	3.4	0.010514
10	3.5	0.010298
10	3.6	0.010141
10	3.7	0.010393
10	3.8	0.010552
10	3.9	0.0099143
10	4	0.0091602
20	-4	0.0084422
20	-3.9	0.010262
20	-3.8	0.011721
20	-3.7	0.01165
20	-3.6	0.0099208
20	-3.5	0.0073734
20	-3.4	0.0066908
20	-3.3	0.0080402
20	-3.2	0.010154
20	-3.1	0.010903
20	-3	0.010435
20	-2.9	0.0091248
20	-2.8	0.0095624
20	-2.7	0.011704
20	-2.6	0.015991
20	-2.5	0.020444
20	-2.4	0.025245
20	-2.3	0.028157
20	-2.2	0.029942
20	-2.1	0.030122
20	-2	0.030537
20	-1.9	0.031492
20	-1.8	0.034425
20	-1.7	0.036768
20	-1.6	0.038197
20	-1.5	0.036408
20	-1.4	0.032767
20	-1.3	0.028449
20	-1.2	0.028104
20	-1.1	0.032368
20	-1	0.042156
20	-0.9	0.048131
20	-0.8	0.055412
20	-0.7	0.058298
20	-0.6	0.058873
20	-0.5	0.053628
20	-0.4	0.047438
20	-0.3	0.038046
20	-0.2	0.027931
20	-0.1	0.017459
20	0	0.015197
20	0.1	0.012958
20	0.2	0.013483
20	0.3	0.014468
20	0.4	0.018565
20	0.5	0.023162
20	0.6	0.031227
20	0.7	0.038758
20	0.8	0.042671
20	0.9	0.048232
20	1	0.049259
20	1.1	0.049925
20	1.2	0.047115
20	1.3	0.043564
20	1.4	0.041
20	1.5	0.036269
20	1.6	0.034624
20	1.7	0.032962
20	1.8	0.031938
20	1.9	0.031196
20	2	0.029923
20	2.1	0.029086
20	2.2	0.027996
20	2.3	0.026925
20	2.4	0.025403
20	2.5	0.024097
20	2.6	0.022872
20	2.7	0.020521
20	2.8	0.018639
20	2.9	0.016386
20	3	0.014781
20	3.1	0.013265
20	3.2	0.011075
20	3.3	0.0098406
20	3.4	0.0097813
20	3.5	0.010667
20	3.6	0.011263
20	3.7	0.011506
20	3.8	0.011255
20	3.9	0.010903
20	4	0.010483
30	-4	0.00677
30	-3.9	0.0084709
30	-3.8	0.010188
30	-3.7	0.01081
30	-3.6	0.010719
30	-3.5	0.0092916
30	-3.4	0.0082388
30	-3.3	0.0079959
30	-3.2	0.0087005
30	-3.1	0.0096029
30	-3	0.010832
30	-2.9	0.011174
30	-2.8	0.011366
30	-2.7	0.012929
30	-2.6	0.01528
30	-2.5	0.019182
30	-2.4	0.023762
30	-2.3	0.028302
30	-2.2	0.031822
30	-2.1	0.033558
30	-2	0.034773
30	-1.9	0.035879
30	-1.8	0.03738
30	-1.7	0.038494
30	-1.6	0.038516
30	-1.5	0.035752
30	-1.4	0.031585
30	-1.3	0.027832
30	-1.2	0.027479
30	-1.1	0.032856
30	-1	0.040411
30	-0.9	0.046441
30	-0.8	0.054201
30	-0.7	0.05626
30	-0.6	0.056128
30	-0.5	0.053422
30	-0.4	0.044564
30	-0.3	0.037314
30	-0.2	0.030169
30	-0.1	0.020815
30	0	0.014874
30	0.1	0.013436
30	0.2	0.014083
30	0.3	0.016711
30	0.4	0.018674
30	0.5	0.023888
30	0.6	0.030848
30	0.7	0.036536
30	0.8	0.040523
30	0.9	0.045713
30	1	0.048955
30	1.1	0.049595
30	1.2	0.049212
30	1.3	0.047166
30	1.4	0.041421
30	1.5	0.038505
30	1.6	0.032325
30	1.7	0.030216
30	1.8	0.029569
30	1.9	0.030073
30	2	0.031329
30	2.1	0.032301
30	2.2	0.03141
30	2.3	0.029808
30	2.4	0.027944
30	2.5	0.024672
30	2.6	0.022846
30	2.7	0.020788
30	2.8	0.019601
30	2.9	0.018419
30	3	0.01703
30	3.1	0.014034
30	3.2	0.012295
30	3.3	0.010441
30	3.4	0.010108
30	3.5	0.010523
30	3.6	0.011605
30	3.7	0.011795
30	3.8	0.012051
30	3.9	0.011813
30	4	0.011148
40	-4	0.0083188
40	-3.9	0.010492
40	-3.8	0.011516
40	-3.7	0.012501
40	-3.6	0.011288
40	-3.5	0.0096432
40	-3.4	0.0073029
40	-3.3	0.0078469
40	-3.2	0.0096884
40	-3.1	0.01198
40	-3	0.012599
40	-2.9	0.011729
40	-2.8	0.008654
40	-2.7	0.0083052
40	-2.6	0.013395
40	-2.5	0.020218
40	-2.4	0.025828
40	-2.3	0.030337
40	-2.2	0.033033
40	-2.1	0.033557
40	-2	0.033125
40	-1.9	0.033879
40	-1.8	0.034572
40	-1.7	0.036201
40	-1.6	0.037893
40	-1.5	0.036749
40	-1.4	0.034268
40	-1.3	0.028921
40	-1.2	0.026776
40	-1.1	0.027931
40	-1	0.034542
40	-0.9	0.045594
40	-0.8	0.052783
40	-0.7	0.058052
40	-0.6	0.057626
40	-0.5	0.054242
40	-0.4	0.045571
40	-0.3	0.039236
40	-0.2	0.028582
40	-0.1	0.019226
40	0	0.01508
40	0.1	0.012799
40	0.2	0.012118
40	0.3	0.013976
40	0.4	0.017202
40	0.5	0.024346
40	0.6	0.030212
40	0.7	0.039141
40	0.8	0.042922
40	0.9	0.049352
40	1	0.050094
40	1.1	0.049085
40	1.2	0.045459
40	1.3	0.042596
40	1.4	0.038951
40	1.5	0.034799
40	1.6	0.033604
40	1.7	0.031531
40	1.8	0.031538
40	1.9	0.031114
40	2	0.030441
40	2.1	0.029911
40	2.2	0.028786
40	2.3	0.028166
40	2.4	0.026917
40	2.5	0.0254
40	2.6	0.024454
40	2.7	0.022155
40	2.8	0.018853
40	2.9	0.016437
40	3	0.014922
40	3.1	0.014238
40	3.2	0.014361
40	3.3	0.014058
40	3.4	0.013497
40	3.5	0.012277
40	3.6	0.010952
40	3.7	0.009705
40	3.8	0.0095962
40	3.9	0.010946
40	4	0.011934
50	-4	0.0073734
50	-3.9	0.0097698
50	-3.8	0.010784
50	-3.7	0.011106
50	-3.6	0.010358
50	-3.5	0.009
50	-3.4	0.0072451
50	-3.3	0.0074301
50	-3.2	0.0084077
50	-3.1	0.010323
50	-3	0.01124
50	-2.9	0.010084
50	-2.8	0.0089043
50	-2.7	0.0094929
50	-2.6	0.014459
50	-2.5	0.020125
50	-2.4	0.026489
50	-2.3	0.029757
50	-2.2	0.03257
50	-2.1	0.033226
50	-2	0.033199
50	-1.9	0.034104
50	-1.8	0.035779
50	-1.7	0.037527
50	-1.6	0.037964
50	-1.5	0.037016
50	-1.4	0.032809
50	-1.3	0.029034
50	-1.2	0.027377
50	-1.1	0.029911
50	-1	0.035682
50	-0.9	0.042185
50	-0.8	0.050111
50	-0.7	0.054767
50	-0.6	0.055333
50	-0.5	0.051614
50	-0.4	0.046879
50	-0.3	0.039054
50	-0.2	0.028782
50	-0.1	0.020836
50	0	0.016324
50	0.1	0.014295
50	0.2	0.013277
50	0.3	0.01507
50	0.4	0.017453
50	0.5	0.022031
50	0.6	0.02972
50	0.7	0.03522
50	0.8	0.042803
50	0.9	0.04671
50	1	0.048946
50	1.1	0.048606
50	1.2	0.045781
50	1.3	0.04184
50	1.4	0.03925
50	1.5	0.035846
50	1.6	0.033065
50	1.7	0.03107
50	1.8	0.030687
50	1.9	0.03049
50	2	0.029508
50	2.1	0.028439
50	2.2	0.027635
50	2.3	0.026958
50	2.4	0.025598
50	2.5	0.023831
50	2.6	0.021889
50	2.7	0.020343
50	2.8	0.018304
50	2.9	0.016
50	3	0.013109
50	3.1	0.011978
50	3.2	0.011696
50	3.3	0.011249
50	3.4	0.01176
50	3.5	0.010851
50	3.6	0.010347
50	3.7	0.0095793
50	3.8	0.0094108
50	3.9	0.0091284
50	4	0.0097879
60	-4	0.0091496
60	-3.9	0.010194
60	-3.8	0.011689
60	-3.7	0.012071
60	-3.6	0.010943
60	-3.5	0.0098849
60	-3.4	0.0088952
60	-3.3	0.0094451
60	-3.2	0.0094588
60	-3.1	0.010512
60	-3	0.010367
60	-2.9	0.00972
60	-2.8	0.009385
60	-2.7	0.010446
60	-2.6	0.01501
60	-2.5	0.02194
60	-2.4	0.026845
60	-2.3	0.031355
60	-2.2	0.032741
60	-2.1	0.033463
60	-2	0.033269
60	-1.9	0.034254
60	-1.8	0.036114
60	-1.7	0.037402
60	-1.6	0.038003
60	-1.5	0.036614
60	-1.4	0.03196
60	-1.3	0.026372
60	-1.2	0.025099
60	-1.1	0.027526
60	-1	0.035922
60	-0.9	0.045794
60	-0.8	0.052021
60	-0.7	0.055447
60	-0.6	0.057025
60	-0.5	0.054766
60	-0.4	0.049425
60	-0.3	0.039422
60	-0.2	0.029115
60	-0.1	0.023484
60	0	0.017373
60	0.1	0.014401
60	0.2	0.013302
60	0.3	0.013938
60	0.4	0.01684
60	0.5	0.024228
60	0.6	0.029221
60	0.7	0.034046
60	0.8	0.043071
60	0.9	0.046745
60	1	0.049476
60	1.1	0.050905
60	1.2	0.049515
60	1.3	0.046439
60	1.4	0.043182
60	1.5	0.038757
60	1.6	0.033702
60	1.7	0.031892
60	1.8	0.031919
60	1.9	0.033283
60	2	0.034649
60	2.1	0.035008
60	2.2	0.033251
60	2.3	0.031829
60	2.4	0.027422
60	2.5	0.023623
60	2.6	0.021859
60	2.7	0.020241
60	2.8	0.019824
60	2.9	0.019256
60	3	0.017474
60	3.1	0.015629
60	3.2	0.012897
60	3.3	0.010906
60	3.4	0.010627
60	3.5	0.011615
60	3.6	0.0127
60	3.7	0.013001
60	3.8	0.012672
60	3.9	0.011993
60	4	0.010568
70	-4	0.0081757
70	-3.9	0.009911
70	-3.8	0.011696
70	-3.7	0.012375
70	-3.6	0.011689
70	-3.5	0.010445
70	-3.4	0.0093488
70	-3.3	0.0090054
70	-3.2	0.0095911
70	-3.1	0.0096616
70	-3	0.0090269
70	-2.9	0.0093124
70	-2.8	0.010522
70	-2.7	0.012207
70	-2.6	0.016239
70	-2.5	0.02011
70	-2.4	0.023132
70	-2.3	0.027769
70	-2.2	0.031376
70	-2.1	0.033816
70	-2	0.035338
70	-1.9	0.036599
70	-1.8	0.037144
70	-1.7	0.037622
70	-1.6	0.037237
70	-1.5	0.034783
70	-1.4	0.030098
70	-1.3	0.024902
70	-1.2	0.024189
70	-1.1	0.026626
70	-1	0.033838
70	-0.9	0.03986
70	-0.8	0.045122
70	-0.7	0.049819
70	-0.6	0.051057
70	-0.5	0.049426
70	-0.4	0.045057
70	-0.3	0.039139
70	-0.2	0.03133
70	-0.1	0.026482
70	0	0.019671
70	0.1	0.015505
70	0.2	0.015099
70	0.3	0.015395
70	0.4	0.017119
70	0.5	0.020806
70	0.6	0.025491
70	0.7	0.03155
70	0.8	0.036989
70	0.9	0.040744
70	1	0.045905
70	1.1	0.047166
70	1.2	0.046412
70	1.3	0.04533
70	1.4	0.041977
70	1.5	0.037961
70	1.6	0.032419
70	1.7	0.029725
70	1.8	0.029518
70	1.9	0.030793
70	2	0.032809
70	2.1	0.033294
70	2.2	0.032769
70	2.3	0.030851
70	2.4	0.028008
70	2.5	0.024772
70	2.6	0.022575
70	2.7	0.020166
70	2.8	0.019141
70	2.9	0.017277
70	3	0.015779
70	3.1	0.013493
70	3.2	0.011935
70	3.3	0.010265
70	3.4	0.009725
70	3.5	0.010771
70	3.6	0.011078
70	3.7	0.011902
70	3.8	0.011859
70	3.9	0.01176
70	4	0.010574
80	-4	0.010005
80	-3.9	0.012506
80	-3.8	0.01428
80	-3.7	0.015019
80	-3.6	0.013967
80	-3.5	0.01151
80	-3.4	0.0091549
80	-3.3	0.0070781
80	-3.2	0.0085393
80	-3.1	0.00971
80	-3	0.010804
80	-2.9	0.010701
80	-2.8	0.0090715
80	-2.7	0.0090448
80	-2.6	0.013429
80	-2.5	0.020157
80	-2.4	0.027
80	-2.3	0.030947
80	-2.2	0.032218
80	-2.1	0.032582
80	-2	0.031942
80	-1.9	0.032599
80	-1.8	0.033651
80	-1.7	0.035129
80	-1.6	0.035631
80	-1.5	0.035399
80	-1.4	0.030715
80	-1.3	0.024924
80	-1.2	0.021714
80	-1.1	0.021887
80	-1	0.027705
80	-0.9	0.039395
80	-0.8	0.04743
80	-0.7	0.050936
80	-0.6	0.054283
80	-0.5	0.052576
80	-0.4	0.047409
80	-0.3	0.042102
80	-0.2	0.034214
80	-0.1	0.025679
80	0	0.019897
80	0.1	0.015907
80	0.2	0.012815
80	0.3	0.012358
80	0.4	0.013934
80	0.5	0.0187
80	0.6	0.023376
80	0.7	0.031228
80	0.8	0.039567
80	0.9	0.042698
80	1	0.047031
80	1.1	0.048044
80	1.2	0.046257
80	1.3	0.04207
80	1.4	0.039104
80	1.5	0.035551
80	1.6	0.031519
80	1.7	0.030488
80	1.8	0.030669
80	1.9	0.032159
80	2	0.032808
80	2.1	0.032792
80	2.2	0.031686
80	2.3	0.029759
80	2.4	0.028187
80	2.5	0.025724
80	2.6	0.023925
80	2.7	0.022335
80	2.8	0.020435
80	2.9	0.017918
80	3	0.016478
80	3.1	0.012639
80	3.2	0.010554
80	3.3	0.0098979
80	3.4	0.0096917
80	3.5	0.010549
80	3.6	0.011363
80	3.7	0.01158
80	3.8	0.011512
80	3.9	0.011113
80	4	0.011157
90	-4	0.010962
90	-3.9	0.012791
90	-3.8	0.014172
90	-3.7	0.013392
90	-3.6	0.012337
90	-3.5	0.01023
90	-3.4	0.0094022
90	-3.3	0.009997
90	-3.2	0.011305
90	-3.1	0.010996
90	-3	0.010089
90	-2.9	0.00815
90	-2.8	0.007789
90	-2.7	0.010267
90	-2.6	0.015734
90	-2.5	0.02163
90	-2.4	0.025277
90	-2.3	0.027337
90	-2.2	0.029627
90	-2.1	0.031813
90	-2	0.033814
90	-1.9	0.035275
90	-1.8	0.038791
90	-1.7	0.039784
90	-1.6	0.039075
90	-1.5	0.036175
90	-1.4	0.028787
90	-1.3	0.023962
90	-1.2	0.021074
90	-1.1	0.024567
90	-1	0.030712
90	-0.9	0.039048
90	-0.8	0.044022
90	-0.7	0.046978
90	-0.6	0.046688
90	-0.5	0.045214
90	-0.4	0.0394
90	-0.3	0.033518
90	-0.2	0.029857
90	-0.1	0.025368
90	0	0.020777
90	0.1	0.01831
90	0.2	0.016964
90	0.3	0.016713
90	0.4	0.016892
90	0.5	0.017969
90	0.6	0.020891
90	0.7	0.026082
90	0.8	0.030168
90	0.9	0.035213
90	1	0.038421
90	1.1	0.041319
90	1.2	0.042763
90	1.3	0.042311
90	1.4	0.039586
90	1.5	0.037598
90	1.6	0.034035
90	1.7	0.031329
90	1.8	0.030943
90	1.9	0.032697
90	2	0.035134
90	2.1	0.037928
90	2.2	0.037717
90	2.3	0.035587
90	2.4	0.031583
90	2.5	0.028634
90	2.6	0.026568
90	2.7	0.024548
90	2.8	0.023497
90	2.9	0.022896
90	3	0.021204
90	3.1	0.018534
90	3.2	0.015236
90	3.3	0.013271
90	3.4	0.013662
90	3.5	0.014951
90	3.6	0.015899
90	3.7	0.015816
90	3.8	0.014923
90	3.9	0.014124
90	4	0.013629
100	-4	0.0094827
100	-3.9	0.0099695
100	-3.8	0.011526
100	-3.7	0.012603
100	-3.6	0.013008
100	-3.5	0.012501
100	-3.4	0.010633
100	-3.3	0.0086484
100	-3.2	0.0068294
100	-3.1	0.0069094
100	-3	0.0082759
100	-2.9	0.0089514
100	-2.8	0.0084422
100	-2.7	0.0082486
100	-2.6	0.01147
100	-2.5	0.015903
100	-2.4	0.022335
100	-2.3	0.0268
100	-2.2	0.030316
100	-2.1	0.033414
100	-2	0.034217
100	-1.9	0.033848
100	-1.8	0.03286
100	-1.7	0.031748
100	-1.6	0.031316
100	-1.5	0.030425
100	-1.4	0.028204
100	-1.3	0.026377
100	-1.2	0.022826
100	-1.1	0.022373
100	-1	0.026251
100	-0.9	0.033274
100	-0.8	0.040802
100	-0.7	0.047173
100	-0.6	0.049938
100	-0.5	0.050631
100	-0.4	0.04619
100	-0.3	0.040156
100	-0.2	0.033713
100	-0.1	0.028998
100	0	0.020267
100	0.1	0.016452
100	0.2	0.012273
100	0.3	0.011409
100	0.4	0.011129
100	0.5	0.014021
100	0.6	0.023728
100	0.7	0.029987
100	0.8	0.03656
100	0.9	0.040756
100	1	0.045548
100	1.1	0.046416
100	1.2	0.045473
100	1.3	0.042004
100	1.4	0.038832
100	1.5	0.035772
100	1.6	0.032651
100	1.7	0.032222
100	1.8	0.031831
100	1.9	0.032965
100	2	0.034191
100	2.1	0.034169
100	2.2	0.032728
100	2.3	0.031235
100	2.4	0.029923
100	2.5	0.027745
100	2.6	0.025077
100	2.7	0.022113
100	2.8	0.019627
100	2.9	0.017227
100	3	0.013921
100	3.1	0.011711
100	3.2	0.010218
100	3.3	0.010933
100	3.4	0.011148
100	3.5	0.011736
100	3.6	0.011719
100	3.7	0.011403
100	3.8	0.011519
100	3.9	0.011453
100	4	0.011429
110	-4	0.009498
110	-3.9	0.0098028
110	-3.8	0.010934
110	-3.7	0.011847
110	-3.6	0.012215
110	-3.5	0.012546
110	-3.4	0.010799
110	-3.3	0.0093609
110	-3.2	0.0086315
110	-3.1	0.0088094
110	-3	0.0085355
110	-2.9	0.0078901
110	-2.8	0.0072161
110	-2.7	0.0068271
110	-2.6	0.0099938
110	-2.5	0.016691
110	-2.4	0.021236
110	-2.3	0.024921
110	-2.2	0.028424
110	-2.1	0.031397
110	-2	0.032346
110	-1.9	0.032804
110	-1.8	0.033614
110	-1.7	0.03374
110	-1.6	0.033298
110	-1.5	0.031637
110	-1.4	0.028577
110	-1.3	0.023907
110	-1.2	0.021694
110	-1.1	0.022867
110	-1	0.025458
110	-0.9	0.034698
110	-0.8	0.041942
110	-0.7	0.046217
110	-0.6	0.048325
110	-0.5	0.048092
110	-0.4	0.043296
110	-0.3	0.038689
110	-0.2	0.032145
110	-0.1	0.025211
110	0	0.019273
110	0.1	0.015767
110	0.2	0.013328
110	0.3	0.012451
110	0.4	0.012725
110	0.5	0.015477
110	0.6	0.020373
110	0.7	0.028957
110	0.8	0.033445
110	0.9	0.037639
110	1	0.040672
110	1.1	0.041999
110	1.2	0.041003
110	1.3	0.039118
110	1.4	0.036964
110	1.5	0.033207
110	1.6	0.031843
110	1.7	0.030712
110	1.8	0.030291
110	1.9	0.031345
110	2	0.032471
110	2.1	0.032904
110	2.2	0.03225
110	2.3	0.031295
110	2.4	0.030054
110	2.5	0.028018
110	2.6	0.024364
110	2.7	0.021873
110	2.8	0.019815
110	2.9	0.017591
110	3	0.014571
110	3.1	0.0136
110	3.2	0.012704
110	3.3	0.012413
110	3.4	0.012573
110	3.5	0.012627
110	3.6	0.01197
110	3.7	0.011619
110	3.8	0.011668
110	3.9	0.012273
110	4	0.012046
120	-4	0.0093332
120	-3.9	0.010534
120	-3.8	0.012285
120	-3.7	0.013323
120	-3.6	0.013527
120	-3.5	0.012163
120	-3.4	0.010748
120	-3.3	0.0085921
120	-3.2	0.0083827
120	-3.1	0.0091053
120	-3	0.0089874
120	-2.9	0.0086484
120	-2.8	0.0066155
120	-2.7	0.0057136
120	-2.6	0.0087042
120	-2.5	0.014832
120	-2.4	0.021201
120	-2.3	0.024419
120	-2.2	0.028771
120	-2.1	0.030542
120	-2	0.031051
120	-1.9	0.031978
120	-1.8	0.032966
120	-1.7	0.034367
120	-1.6	0.0347
120	-1.5	0.033407
120	-1.4	0.031063
120	-1.3	0.026234
120	-1.2	0.023265
120	-1.1	0.022921
120	-1	0.025204
120	-0.9	0.034386
120	-0.8	0.042808
120	-0.7	0.049541
120	-0.6	0.051097
120	-0.5	0.050842
120	-0.4	0.046003
120	-0.3	0.042094
120	-0.2	0.032573
120	-0.1	0.026105
120	0	0.020784
120	0.1	0.015265
120	0.2	0.013235
120	0.3	0.011928
120	0.4	0.012182
120	0.5	0.015802
120	0.6	0.02069
120	0.7	0.026997
120	0.8	0.035841
120	0.9	0.039564
120	1	0.042492
120	1.1	0.04416
120	1.2	0.043401
120	1.3	0.041711
120	1.4	0.038007
120	1.5	0.034123
120	1.6	0.031097
120	1.7	0.02948
120	1.8	0.029578
120	1.9	0.030738
120	2	0.031822
120	2.1	0.032989
120	2.2	0.033143
120	2.3	0.032127
120	2.4	0.030395
120	2.5	0.027465
120	2.6	0.024313
120	2.7	0.021332
120	2.8	0.01864
120	2.9	0.01653
120	3	0.014272
120	3.1	0.012235
120	3.2	0.011157
120	3.3	0.010396
120	3.4	0.010243
120	3.5	0.0098225
120	3.6	0.00966
120	3.7	0.0096315
120	3.8	0.0097995
120	3.9	0.010598
120	4	0.011062
130	-4	0.01058
130	-3.9	0.012008
130	-3.8	0.01281
130	-3.7	0.013864
130	-3.6	0.013177
130	-3.5	0.012438
130	-3.4	0.010636
130	-3.3	0.010113
130	-3.2	0.010156
130	-3.1	0.010833
130	-3	0.010134
130	-2.9	0.0088534
130	-2.8	0.0063309
130	-2.7	0.0063589
130	-2.6	0.0088679
130	-2.5	0.01512
130	-2.4	0.019862
130	-2.3	0.024136
130	-2.2	0.0256
130	-2.1	0.027405
130	-2	0.029563
130	-1.9	0.032383
130	-1.8	0.034887
130	-1.7	0.037502
130	-1.6	0.03846
130	-1.5	0.036375
130	-1.4	0.032359
130	-1.3	0.02437
130	-1.2	0.019877
130	-1.1	0.020992
130	-1	0.030125
130	-0.9	0.038735
130	-0.8	0.046347
130	-0.7	0.048849
130	-0.6	0.050209
130	-0.5	0.048372
130	-0.4	0.042791
130	-0.3	0.036297
130	-0.2	0.030565
130	-0.1	0.022457
130	0	0.018106
130	0.1	0.013914
130	0.2	0.013063
130	0.3	0.01334
130	0.4	0.015153
130	0.5	0.019307
130	0.6	0.024903
130	0.7	0.029725
130	0.8	0.033778
130	0.9	0.039316
130	1	0.040968
130	1.1	0.041312
130	1.2	0.04
130	1.3	0.037541
130	1.4	0.033986
130	1.5	0.030845
130	1.6	0.028598
130	1.7	0.027656
130	1.8	0.028015
130	1.9	0.029299
130	2	0.030441
130	2.1	0.031583
130	2.2	0.031871
130	2.3	0.030806
130	2.4	0.029064
130	2.5	0.02687
130	2.6	0.024246
130	2.7	0.023047
130	2.8	0.020764
130	2.9	0.018416
130	3	0.016311
130	3.1	0.014814
130	3.2	0.012854
130	3.3	0.011043
130	3.4	0.010762
130	3.5	0.011316
130	3.6	0.012947
130	3.7	0.013376
130	3.8	0.012819
130	3.9	0.012692
130	4	0.012419
140	-4	0.0089586
140	-3.9	0.0096466
140	-3.8	0.010742
140	-3.7	0.011696
140	-3.6	0.012328
140	-3.5	0.011568
140	-3.4	0.010298
140	-3.3	0.0090215
140	-3.2	0.0086371
140	-3.1	0.0078552
140	-3	0.0073558
140	-2.9	0.0069351
140	-2.8	0.0063283
140	-2.7	0.0067652
140	-2.6	0.0095303
140	-2.5	0.014677
140	-2.4	0.019907
140	-2.3	0.023443
140	-2.2	0.026253
140	-2.1	0.027752
140	-2	0.028819
140	-1.9	0.031021
140	-1.8	0.032467
140	-1.7	0.034526
140	-1.6	0.035159
140	-1.5	0.034194
140	-1.4	0.030982
140	-1.3	0.024506
140	-1.2	0.020838
140	-1.1	0.020904
140	-1	0.027946
140	-0.9	0.037545
140	-0.8	0.043693
140	-0.7	0.052871
140	-0.6	0.054537
140	-0.5	0.05308
140	-0.4	0.04802
140	-0.3	0.042808
140	-0.2	0.0294
140	-0.1	0.024366
140	0	0.016287
140	0.1	0.012514
140	0.2	0.011992
140	0.3	0.011426
140	0.4	0.012903
140	0.5	0.018366
140	0.6	0.025774
140	0.7	0.034688
140	0.8	0.039698
140	0.9	0.044308
140	1	0.046531
140	1.1	0.04517
140	1.2	0.041329
140	1.3	0.038408
140	1.4	0.035128
140	1.5	0.031083
140	1.6	0.028515
140	1.7	0.027819
140	1.8	0.028193
140	1.9	0.029121
140	2	0.029526
140	2.1	0.029508
140	2.2	0.029215
140	2.3	0.028744
140	2.4	0.027093
140	2.5	0.02491
140	2.6	0.022386
140	2.7	0.020038
140	2.8	0.018164
140	2.9	0.015724
140	3	0.014398
140	3.1	0.012202
140	3.2	0.01088
140	3.3	0.0092532
140	3.4	0.0085222
140	3.5	0.0078819
140	3.6	0.0090358
140	3.7	0.0093988
140	3.8	0.010278
140	3.9	0.010491
140	4	0.010657
150	-4	0.0092042
150	-3.9	0.0095116
150	-3.8	0.010811
150	-3.7	0.012274
150	-3.6	0.013254
150	-3.5	0.01314
150	-3.4	0.012017
150	-3.3	0.010526
150	-3.2	0.0088003
150	-3.1	0.0077828
150	-3	0.007617
150	-2.9	0.0082093
150	-2.8	0.0076212
150	-2.7	0.0074432
150	-2.6	0.009116
150	-2.5	0.013948
150	-2.4	0.017631
150	-2.3	0.025532
150	-2.2	0.027836
150	-2.1	0.030208
150	-2	0.031542
150	-1.9	0.033417
150	-1.8	0.03494
150	-1.7	0.036619
150	-1.6	0.036688
150	-1.5	0.035155
150	-1.4	0.031873
150	-1.3	0.025995
150	-1.2	0.023888
150	-1.1	0.025526
150	-1	0.032214
150	-0.9	0.037542
150	-0.8	0.045761
150	-0.7	0.048921
150	-0.6	0.051684
150	-0.5	0.050304
150	-0.4	0.045838
150	-0.3	0.038502
150	-0.2	0.030913
150	-0.1	0.024982
150	0	0.01994
150	0.1	0.015317
150	0.2	0.014027
150	0.3	0.014514
150	0.4	0.016068
150	0.5	0.019745
150	0.6	0.026683
150	0.7	0.032603
150	0.8	0.038841
150	0.9	0.041131
150	1	0.045625
150	1.1	0.046281
150	1.2	0.044529
150	1.3	0.042787
150	1.4	0.039774
150	1.5	0.035197
150	1.6	0.031822
150	1.7	0.028408
150	1.8	0.028186
150	1.9	0.030055
150	2	0.033495
150	2.1	0.033929
150	2.2	0.033942
150	2.3	0.032773
150	2.4	0.029311
150	2.5	0.025099
150	2.6	0.022365
150	2.7	0.020039
150	2.8	0.018753
150	2.9	0.017574
150	3	0.016481
150	3.1	0.014535
150	3.2	0.012533
150	3.3	0.011125
150	3.4	0.0093037
150	3.5	0.009665
150	3.6	0.010132
150	3.7	0.011148
150	3.8	0.010848
150	3.9	0.010426
150	4	0.0096399
160	-4	0.0074366
160	-3.9	0.0093919
160	-3.8	0.012954
160	-3.7	0.013878
160	-3.6	0.014582
160	-3.5	0.012338
160	-3.4	0.0097813
160	-3.3	0.0069351
160	-3.2	0.0070001
160	-3.1	0.0090197
160	-3	0.010826
160	-2.9	0.010751
160	-2.8	0.0092462
160	-2.7	0.0073294
160	-2.6	0.0094331
160	-2.5	0.016966
160	-2.4	0.022708
160	-2.3	0.028133
160	-2.2	0.031011
160	-2.1	0.031545
160	-2	0.031066
160	-1.9	0.031302
160	-1.8	0.032898
160	-1.7	0.035245
160	-1.6	0.036971
160	-1.5	0.036872
160	-1.4	0.033328
160	-1.3	0.029062
160	-1.2	0.024371
160	-1.1	0.024489
160	-1	0.026807
160	-0.9	0.038063
160	-0.8	0.046283
160	-0.7	0.051907
160	-0.6	0.055648
160	-0.5	0.0555
160	-0.4	0.050327
160	-0.3	0.045539
160	-0.2	0.036721
160	-0.1	0.02794
160	0	0.020239
160	0.1	0.015408
160	0.2	0.013774
160	0.3	0.013797
160	0.4	0.015014
160	0.5	0.018342
160	0.6	0.027883
160	0.7	0.033839
160	0.8	0.03793
160	0.9	0.044696
160	1	0.047768
160	1.1	0.047978
160	1.2	0.046105
160	1.3	0.043631
160	1.4	0.040088
160	1.5	0.037089
160	1.6	0.034133
160	1.7	0.031762
160	1.8	0.032087
160	1.9	0.032535
160	2	0.031987
160	2.1	0.031568
160	2.2	0.030957
160	2.3	0.031241
160	2.4	0.029884
160	2.5	0.028628
160	2.6	0.02618
160	2.7	0.024161
160	2.8	0.021215
160	2.9	0.016295
160	3	0.013455
160	3.1	0.010783
160	3.2	0.010215
160	3.3	0.010986
160	3.4	0.010343
160	3.5	0.010401
160	3.6	0.0092147
160	3.7	0.0091761
160	3.8	0.0088149
160	3.9	0.0095404
160	4	0.0097879
170	-4	0.0079999
170	-3.9	0.0099776
170	-3.8	0.010668
170	-3.7	0.011077
170	-3.6	0.010597
170	-3.5	0.0078201
170	-3.4	0.0064822
170	-3.3	0.0065836
170	-3.2	0.0084613
170	-3.1	0.010016
170	-3	0.010482
170	-2.9	0.0094554
170	-2.8	0.0065763
170	-2.7	0.00682
170	-2.6	0.013505
170	-2.5	0.018871
170	-2.4	0.02422
170	-2.3	0.027701
170	-2.2	0.029012
170	-2.1	0.029818
170	-2	0.029606
170	-1.9	0.030646
170	-1.8	0.032971
170	-1.7	0.035555
170	-1.6	0.036332
170	-1.5	0.035287
170	-1.4	0.031043
170	-1.3	0.026111
170	-1.2	0.023161
170	-1.1	0.024078
170	-1	0.029663
170	-0.9	0.040238
170	-0.8	0.048623
170	-0.7	0.05453
170	-0.6	0.057188
170	-0.5	0.056334
170	-0.4	0.050733
170	-0.3	0.039095
170	-0.2	0.033112
170	-0.1	0.026376
170	0	0.016024
170	0.1	0.014728
170	0.2	0.014805
170	0.3	0.015903
170	0.4	0.019467
170	0.5	0.026263
170	0.6	0.030728
170	0.7	0.036737
170	0.8	0.04232
170	0.9	0.046192
170	1	0.049504
170	1.1	0.049252
170	1.2	0.046539
170	1.3	0.042961
170	1.4	0.040408
170	1.5	0.035215
170	1.6	0.032291
170	1.7	0.029689
170	1.8	0.029667
170	1.9	0.030128
170	2	0.030062
170	2.1	0.029531
170	2.2	0.029772
170	2.3	0.0299
170	2.4	0.028582
170	2.5	0.025871
170	2.6	0.023517
170	2.7	0.02199
170	2.8	0.019851
170	2.9	0.016376
170	3	0.014072
170	3.1	0.012751
170	3.2	0.011651
170	3.3	0.011178
170	3.4	0.0096633
170	3.5	0.0093764
170	3.6	0.0093626
170	3.7	0.009302
170	3.8	0.0090537
170	3.9	0.0079492
170	4	0.0081361
180	-4	0.0078613
180	-3.9	0.0082407
180	-3.8	0.0091866
180	-3.7	0.0097764
180	-3.6	0.0099012
180	-3.5	0.0096164
180	-3.4	0.0088607
180	-3.3	0.0082132
180	-3.2	0.0082583
180	-3.1	0.0090964
180	-3	0.0097449
180	-2.9	0.010161
180	-2.8	0.011096
180	-2.7	0.012577
180	-2.6	0.015121
180	-2.5	0.018497
180	-2.4	0.022015
180	-2.3	0.026239
180	-2.2	0.02951
180	-2.1	0.032159
180	-2	0.03363
180	-1.9	0.034598
180	-1.8	0.035631
180	-1.7	0.036116
180	-1.6	0.035857
180	-1.5	0.033362
180	-1.4	0.029504
180	-1.3	0.02618
180	-1.2	0.025502
180	-1.1	0.027409
180	-1	0.032343
180	-0.9	0.041527
180	-0.8	0.04534
180	-0.7	0.0503
180	-0.6	0.053586
180	-0.5	0.052429
180	-0.4	0.048494
180	-0.3	0.042304
180	-0.2	0.03356
180	-0.1	0.028781
180	0	0.023036
180	0.1	0.018236
180	0.2	0.016976
180	0.3	0.016125
180	0.4	0.017256
180	0.5	0.023749
180	0.6	0.026861
180	0.7	0.032167
180	0.8	0.037893
180	0.9	0.046026
180	1	0.04825
180	1.1	0.049583
180	1.2	0.049095
180	1.3	0.048056
180	1.4	0.045375
180	1.5	0.039855
180	1.6	0.034876
180	1.7	0.030737
180	1.8	0.029695
180	1.9	0.030849
180	2	0.032786
180	2.1	0.034135
180	2.2	0.035121
180	2.3	0.033859
180	2.4	0.030554
180	2.5	0.026656
180	2.6	0.023852
180	2.7	0.021572
180	2.8	0.020472
180	2.9	0.019012
180	3	0.017224
180	3.1	0.016096
180	3.2	0.013186
180	3.3	0.010033
180	3.4	0.0081856
180	3.5	0.0091372
180	3.6	0.010537
180	3.7	0.01142
180	3.8	0.011727
180	3.9	0.010499
180	4	0.0091425
 
Uniformity Ratio =0.63719
