14-Dec-2017
10:56
TXR  007959 RM428 R24
33511B Function Generator
SN =Agilent Technologies,33511B,MY52301476,3.05-1.19-2.00-52-00
freq =+9.270000000000000E+06
burstmode =TRIG
burstN =+6.000000000000000E+01
voltage =+1.5000000000000E-01
 
DSO-X 2022A Oscilloscope
SN =AGILENT TECHNOLOGIES,DSO-X 2022A,MY54310921,02.41.2015102200
probe =+1.0000000E+00
scale =+500.0E-09
position =+19.900000E-06
range =+1.60E+00
units =VOLT
points =+2000
pointmode =NORM
format =BYTE
acqtype =NORM
trigsource =EXT
coupling =AC
 
-180	-4	0.0067173
-180	-3.9	0.0076021
-180	-3.8	0.0081639
-180	-3.7	0.0083595
-180	-3.6	0.0067293
-180	-3.5	0.0053905
-180	-3.4	0.004777
-180	-3.3	0.0063027
-180	-3.2	0.0067149
-180	-3.1	0.0074497
-180	-3	0.0080402
-180	-2.9	0.0076951
-180	-2.8	0.01067
-180	-2.7	0.014615
-180	-2.6	0.019325
-180	-2.5	0.024004
-180	-2.4	0.027551
-180	-2.3	0.028695
-180	-2.2	0.029113
-180	-2.1	0.02921
-180	-2	0.030013
-180	-1.9	0.032479
-180	-1.8	0.036157
-180	-1.7	0.036696
-180	-1.6	0.035714
-180	-1.5	0.033593
-180	-1.4	0.027901
-180	-1.3	0.02524
-180	-1.2	0.028513
-180	-1.1	0.035145
-180	-1	0.042759
-180	-0.9	0.055472
-180	-0.8	0.058214
-180	-0.7	0.059505
-180	-0.6	0.055783
-180	-0.5	0.049678
-180	-0.4	0.041571
-180	-0.3	0.030191
-180	-0.2	0.022155
-180	-0.1	0.015485
-180	0	0.013336
-180	0.1	0.013084
-180	0.2	0.013918
-180	0.3	0.017684
-180	0.4	0.023563
-180	0.5	0.027402
-180	0.6	0.035433
-180	0.7	0.042611
-180	0.8	0.048145
-180	0.9	0.051461
-180	1	0.051354
-180	1.1	0.0492
-180	1.2	0.045292
-180	1.3	0.038398
-180	1.4	0.035339
-180	1.5	0.032036
-180	1.6	0.03005
-180	1.7	0.028718
-180	1.8	0.029094
-180	1.9	0.029974
-180	2	0.029875
-180	2.1	0.028888
-180	2.2	0.028637
-180	2.3	0.028061
-180	2.4	0.026194
-180	2.5	0.025309
-180	2.6	0.023207
-180	2.7	0.022083
-180	2.8	0.020439
-180	2.9	0.018601
-180	3	0.0156
-180	3.1	0.012066
-180	3.2	0.0104
-180	3.3	0.0090501
-180	3.4	0.0082014
-180	3.5	0.0071824
-180	3.6	0.0072851
-180	3.7	0.00711
-180	3.8	0.0074127
-180	3.9	0.0070369
-180	4	0.0072652
-170	-4	0.006014
-170	-3.9	0.0071259
-170	-3.8	0.0088387
-170	-3.7	0.0088789
-170	-3.6	0.0081935
-170	-3.5	0.0065269
-170	-3.4	0.0057278
-170	-3.3	0.0063181
-170	-3.2	0.0080261
-170	-3.1	0.0089043
-170	-3	0.0091514
-170	-2.9	0.0096113
-170	-2.8	0.011084
-170	-2.7	0.013846
-170	-2.6	0.018196
-170	-2.5	0.023948
-170	-2.4	0.027784
-170	-2.3	0.029038
-170	-2.2	0.030488
-170	-2.1	0.031167
-170	-2	0.034262
-170	-1.9	0.036554
-170	-1.8	0.039969
-170	-1.7	0.0411
-170	-1.6	0.040494
-170	-1.5	0.036224
-170	-1.4	0.031949
-170	-1.3	0.028935
-170	-1.2	0.030351
-170	-1.1	0.039858
-170	-1	0.050216
-170	-0.9	0.058194
-170	-0.8	0.062093
-170	-0.7	0.062221
-170	-0.6	0.058552
-170	-0.5	0.047961
-170	-0.4	0.041277
-170	-0.3	0.029847
-170	-0.2	0.022887
-170	-0.1	0.017243
-170	0	0.015104
-170	0.1	0.015204
-170	0.2	0.017381
-170	0.3	0.019953
-170	0.4	0.024191
-170	0.5	0.031057
-170	0.6	0.041904
-170	0.7	0.045489
-170	0.8	0.050056
-170	0.9	0.052203
-170	1	0.052092
-170	1.1	0.047608
-170	1.2	0.046065
-170	1.3	0.040635
-170	1.4	0.038961
-170	1.5	0.03473
-170	1.6	0.032073
-170	1.7	0.029899
-170	1.8	0.029367
-170	1.9	0.029309
-170	2	0.029748
-170	2.1	0.029502
-170	2.2	0.029883
-170	2.3	0.029852
-170	2.4	0.027841
-170	2.5	0.025783
-170	2.6	0.023276
-170	2.7	0.021625
-170	2.8	0.019402
-170	2.9	0.01716
-170	3	0.015616
-170	3.1	0.01336
-170	3.2	0.011359
-170	3.3	0.010293
-170	3.4	0.0079918
-170	3.5	0.0077641
-170	3.6	0.008274
-170	3.7	0.0096683
-170	3.8	0.0091071
-170	3.9	0.0083401
-170	4	0.0078716
-160	-4	0.0068907
-160	-3.9	0.00815
-160	-3.8	0.0086633
-160	-3.7	0.008146
-160	-3.6	0.0064221
-160	-3.5	0.0053211
-160	-3.4	0.0059763
-160	-3.3	0.0082466
-160	-3.2	0.0097183
-160	-3.1	0.010135
-160	-3	0.0092654
-160	-2.9	0.0090733
-160	-2.8	0.011315
-160	-2.7	0.01564
-160	-2.6	0.021474
-160	-2.5	0.027105
-160	-2.4	0.02924
-160	-2.3	0.031212
-160	-2.2	0.03188
-160	-2.1	0.032224
-160	-2	0.033883
-160	-1.9	0.038346
-160	-1.8	0.040617
-160	-1.7	0.042899
-160	-1.6	0.041686
-160	-1.5	0.036555
-160	-1.4	0.033858
-160	-1.3	0.031342
-160	-1.2	0.036286
-160	-1.1	0.043767
-160	-1	0.05484
-160	-0.9	0.058899
-160	-0.8	0.063087
-160	-0.7	0.06359
-160	-0.6	0.060656
-160	-0.5	0.050699
-160	-0.4	0.038789
-160	-0.3	0.029718
-160	-0.2	0.022425
-160	-0.1	0.01881
-160	0	0.017095
-160	0.1	0.01692
-160	0.2	0.01878
-160	0.3	0.025449
-160	0.4	0.029006
-160	0.5	0.039661
-160	0.6	0.046096
-160	0.7	0.05081
-160	0.8	0.052826
-160	0.9	0.053509
-160	1	0.053037
-160	1.1	0.049797
-160	1.2	0.046334
-160	1.3	0.042894
-160	1.4	0.040682
-160	1.5	0.039247
-160	1.6	0.036412
-160	1.7	0.033648
-160	1.8	0.032402
-160	1.9	0.031268
-160	2	0.030569
-160	2.1	0.03031
-160	2.2	0.030981
-160	2.3	0.030905
-160	2.4	0.028679
-160	2.5	0.025925
-160	2.6	0.023447
-160	2.7	0.021375
-160	2.8	0.018723
-160	2.9	0.017705
-160	3	0.014834
-160	3.1	0.012414
-160	3.2	0.010826
-160	3.3	0.0077453
-160	3.4	0.0072362
-160	3.5	0.0078778
-160	3.6	0.0092497
-160	3.7	0.010763
-160	3.8	0.0097565
-160	3.9	0.0083401
-160	4	0.0079146
-150	-4	0.0073426
-150	-3.9	0.0076951
-150	-3.8	0.008313
-150	-3.7	0.007467
-150	-3.6	0.0069001
-150	-3.5	0.006522
-150	-3.4	0.0085203
-150	-3.3	0.0096666
-150	-3.2	0.010998
-150	-3.1	0.01141
-150	-3	0.011112
-150	-2.9	0.012033
-150	-2.8	0.015236
-150	-2.7	0.019506
-150	-2.6	0.025055
-150	-2.5	0.029164
-150	-2.4	0.031612
-150	-2.3	0.032433
-150	-2.2	0.03249
-150	-2.1	0.033231
-150	-2	0.035593
-150	-1.9	0.038965
-150	-1.8	0.042536
-150	-1.7	0.043648
-150	-1.6	0.042368
-150	-1.5	0.036735
-150	-1.4	0.033422
-150	-1.3	0.031935
-150	-1.2	0.036376
-150	-1.1	0.044888
-150	-1	0.052852
-150	-0.9	0.05956
-150	-0.8	0.066435
-150	-0.7	0.066007
-150	-0.6	0.060644
-150	-0.5	0.05299
-150	-0.4	0.04523
-150	-0.3	0.036302
-150	-0.2	0.026817
-150	-0.1	0.021036
-150	0	0.018601
-150	0.1	0.019172
-150	0.2	0.021128
-150	0.3	0.0261
-150	0.4	0.031278
-150	0.5	0.040119
-150	0.6	0.045153
-150	0.7	0.051705
-150	0.8	0.055386
-150	0.9	0.057018
-150	1	0.05563
-150	1.1	0.053992
-150	1.2	0.049195
-150	1.3	0.042751
-150	1.4	0.038306
-150	1.5	0.034914
-150	1.6	0.0327
-150	1.7	0.031893
-150	1.8	0.031645
-150	1.9	0.031496
-150	2	0.029671
-150	2.1	0.027891
-150	2.2	0.02626
-150	2.3	0.025197
-150	2.4	0.023885
-150	2.5	0.022967
-150	2.6	0.022294
-150	2.7	0.021765
-150	2.8	0.019892
-150	2.9	0.017637
-150	3	0.014238
-150	3.1	0.011135
-150	3.2	0.0099549
-150	3.3	0.0085921
-150	3.4	0.0083324
-150	3.5	0.0081896
-150	3.6	0.0087653
-150	3.7	0.0081797
-150	3.8	0.0071077
-150	3.9	0.0066545
-150	4	0.0063716
-140	-4	0.0091408
-140	-3.9	0.0096197
-140	-3.8	0.0086577
-140	-3.7	0.0077766
-140	-3.6	0.0070598
-140	-3.5	0.0074279
-140	-3.4	0.0097515
-140	-3.3	0.011878
-140	-3.2	0.013642
-140	-3.1	0.013856
-140	-3	0.013623
-140	-2.9	0.014251
-140	-2.8	0.017867
-140	-2.7	0.022477
-140	-2.6	0.027677
-140	-2.5	0.032268
-140	-2.4	0.035038
-140	-2.3	0.036761
-140	-2.2	0.037582
-140	-2.1	0.038548
-140	-2	0.041489
-140	-1.9	0.042633
-140	-1.8	0.045192
-140	-1.7	0.045072
-140	-1.6	0.042667
-140	-1.5	0.038645
-140	-1.4	0.034642
-140	-1.3	0.035862
-140	-1.2	0.044108
-140	-1.1	0.046859
-140	-1	0.05478
-140	-0.9	0.06193
-140	-0.8	0.064076
-140	-0.7	0.061353
-140	-0.6	0.057942
-140	-0.5	0.048195
-140	-0.4	0.04199
-140	-0.3	0.034746
-140	-0.2	0.029358
-140	-0.1	0.024973
-140	0	0.022698
-140	0.1	0.023202
-140	0.2	0.026503
-140	0.3	0.030768
-140	0.4	0.034931
-140	0.5	0.040606
-140	0.6	0.048636
-140	0.7	0.052596
-140	0.8	0.054784
-140	0.9	0.055379
-140	1	0.054773
-140	1.1	0.052427
-140	1.2	0.050644
-140	1.3	0.046634
-140	1.4	0.043993
-140	1.5	0.038668
-140	1.6	0.035622
-140	1.7	0.033272
-140	1.8	0.03242
-140	1.9	0.031743
-140	2	0.032011
-140	2.1	0.032244
-140	2.2	0.032607
-140	2.3	0.03171
-140	2.4	0.029484
-140	2.5	0.027042
-140	2.6	0.023728
-140	2.7	0.021784
-140	2.8	0.018638
-140	2.9	0.016114
-140	3	0.01433
-140	3.1	0.013199
-140	3.2	0.010989
-140	3.3	0.010632
-140	3.4	0.0087005
-140	3.5	0.0079553
-140	3.6	0.0074994
-140	3.7	0.0079837
-140	3.8	0.0076909
-140	3.9	0.0070986
-140	4	0.0073228
-130	-4	0.0093194
-130	-3.9	0.0085412
-130	-3.8	0.0070781
-130	-3.7	0.0072829
-130	-3.6	0.0088369
-130	-3.5	0.011046
-130	-3.4	0.013282
-130	-3.3	0.013925
-130	-3.2	0.014508
-130	-3.1	0.013756
-130	-3	0.014188
-130	-2.9	0.015747
-130	-2.8	0.018636
-130	-2.7	0.023073
-130	-2.6	0.027207
-130	-2.5	0.030977
-130	-2.4	0.032291
-130	-2.3	0.033456
-130	-2.2	0.035384
-130	-2.1	0.037619
-130	-2	0.04087
-130	-1.9	0.043192
-130	-1.8	0.043587
-130	-1.7	0.043272
-130	-1.6	0.039736
-130	-1.5	0.036769
-130	-1.4	0.033209
-130	-1.3	0.035112
-130	-1.2	0.040638
-130	-1.1	0.049462
-130	-1	0.056969
-130	-0.9	0.063387
-130	-0.8	0.065246
-130	-0.7	0.064216
-130	-0.6	0.059213
-130	-0.5	0.052774
-130	-0.4	0.042525
-130	-0.3	0.03475
-130	-0.2	0.030194
-130	-0.1	0.025042
-130	0	0.022525
-130	0.1	0.023446
-130	0.2	0.025265
-130	0.3	0.029711
-130	0.4	0.03781
-130	0.5	0.042199
-130	0.6	0.049745
-130	0.7	0.054165
-130	0.8	0.056095
-130	0.9	0.055936
-130	1	0.054756
-130	1.1	0.052788
-130	1.2	0.048695
-130	1.3	0.045601
-130	1.4	0.042759
-130	1.5	0.039136
-130	1.6	0.034567
-130	1.7	0.031837
-130	1.8	0.030867
-130	1.9	0.029706
-130	2	0.029937
-130	2.1	0.030203
-130	2.2	0.029684
-130	2.3	0.028587
-130	2.4	0.026546
-130	2.5	0.024451
-130	2.6	0.021788
-130	2.7	0.019295
-130	2.8	0.017656
-130	2.9	0.015464
-130	3	0.014107
-130	3.1	0.012694
-130	3.2	0.010948
-130	3.3	0.009227
-130	3.4	0.0084842
-130	3.5	0.0081579
-130	3.6	0.0080563
-130	3.7	0.0072962
-130	3.8	0.0071644
-130	3.9	0.00711
-130	4	0.0078695
-120	-4	0.010686
-120	-3.9	0.010936
-120	-3.8	0.0093194
-120	-3.7	0.0085827
-120	-3.6	0.0085393
-120	-3.5	0.010807
-120	-3.4	0.012898
-120	-3.3	0.014785
-120	-3.2	0.015436
-120	-3.1	0.014978
-120	-3	0.014475
-120	-2.9	0.015361
-120	-2.8	0.021193
-120	-2.7	0.026959
-120	-2.6	0.03094
-120	-2.5	0.034887
-120	-2.4	0.036815
-120	-2.3	0.036861
-120	-2.2	0.036746
-120	-2.1	0.038199
-120	-2	0.040968
-120	-1.9	0.043549
-120	-1.8	0.045905
-120	-1.7	0.0455
-120	-1.6	0.041285
-120	-1.5	0.03562
-120	-1.4	0.032579
-120	-1.3	0.03383
-120	-1.2	0.040839
-120	-1.1	0.049081
-120	-1	0.05887
-120	-0.9	0.064264
-120	-0.8	0.066169
-120	-0.7	0.065301
-120	-0.6	0.06093
-120	-0.5	0.053697
-120	-0.4	0.046533
-120	-0.3	0.03651
-120	-0.2	0.027442
-120	-0.1	0.024571
-120	0	0.022695
-120	0.1	0.023012
-120	0.2	0.025473
-120	0.3	0.030522
-120	0.4	0.033779
-120	0.5	0.042845
-120	0.6	0.050263
-120	0.7	0.054894
-120	0.8	0.05872
-120	0.9	0.05903
-120	1	0.056628
-120	1.1	0.053381
-120	1.2	0.047822
-120	1.3	0.042915
-120	1.4	0.03603
-120	1.5	0.033529
-120	1.6	0.032435
-120	1.7	0.03321
-120	1.8	0.033434
-120	1.9	0.032649
-120	2	0.030307
-120	2.1	0.02919
-120	2.2	0.026773
-120	2.3	0.025601
-120	2.4	0.024814
-120	2.5	0.024375
-120	2.6	0.023819
-120	2.7	0.021905
-120	2.8	0.019119
-120	2.9	0.015663
-120	3	0.0131
-120	3.1	0.011341
-120	3.2	0.010169
-120	3.3	0.0095776
-120	3.4	0.0089586
-120	3.5	0.0085431
-120	3.6	0.0082073
-120	3.7	0.0071981
-120	3.8	0.0070804
-120	3.9	0.0076466
-120	4	0.008423
-110	-4	0.01161
-110	-3.9	0.011917
-110	-3.8	0.011439
-110	-3.7	0.0097133
-110	-3.6	0.009248
-110	-3.5	0.010883
-110	-3.4	0.013214
-110	-3.3	0.015535
-110	-3.2	0.016397
-110	-3.1	0.016172
-110	-3	0.01618
-110	-2.9	0.019393
-110	-2.8	0.022579
-110	-2.7	0.028029
-110	-2.6	0.032471
-110	-2.5	0.035288
-110	-2.4	0.036262
-110	-2.3	0.035927
-110	-2.2	0.036046
-110	-2.1	0.038064
-110	-2	0.041022
-110	-1.9	0.043617
-110	-1.8	0.04469
-110	-1.7	0.043423
-110	-1.6	0.038171
-110	-1.5	0.031848
-110	-1.4	0.02913
-110	-1.3	0.030457
-110	-1.2	0.036246
-110	-1.1	0.050166
-110	-1	0.056241
-110	-0.9	0.063582
-110	-0.8	0.066093
-110	-0.7	0.065274
-110	-0.6	0.062005
-110	-0.5	0.055185
-110	-0.4	0.04449
-110	-0.3	0.03751
-110	-0.2	0.028706
-110	-0.1	0.023497
-110	0	0.021735
-110	0.1	0.023255
-110	0.2	0.025926
-110	0.3	0.030236
-110	0.4	0.036799
-110	0.5	0.042372
-110	0.6	0.049937
-110	0.7	0.052887
-110	0.8	0.055885
-110	0.9	0.056293
-110	1	0.055072
-110	1.1	0.050731
-110	1.2	0.046772
-110	1.3	0.040361
-110	1.4	0.036373
-110	1.5	0.033098
-110	1.6	0.030978
-110	1.7	0.031018
-110	1.8	0.030648
-110	1.9	0.028719
-110	2	0.027159
-110	2.1	0.026252
-110	2.2	0.024981
-110	2.3	0.024123
-110	2.4	0.023455
-110	2.5	0.022828
-110	2.6	0.022069
-110	2.7	0.019625
-110	2.8	0.016534
-110	2.9	0.014222
-110	3	0.012295
-110	3.1	0.011604
-110	3.2	0.010989
-110	3.3	0.01005
-110	3.4	0.0091919
-110	3.5	0.0084823
-110	3.6	0.0071959
-110	3.7	0.0075424
-110	3.8	0.0072406
-110	3.9	0.0074972
-110	4	0.0084918
-100	-4	0.010774
-100	-3.9	0.010207
-100	-3.8	0.0098406
-100	-3.7	0.0081023
-100	-3.6	0.008745
-100	-3.5	0.010041
-100	-3.4	0.012744
-100	-3.3	0.014156
-100	-3.2	0.014404
-100	-3.1	0.014125
-100	-3	0.014648
-100	-2.9	0.018311
-100	-2.8	0.022674
-100	-2.7	0.027002
-100	-2.6	0.031483
-100	-2.5	0.03382
-100	-2.4	0.035877
-100	-2.3	0.036238
-100	-2.2	0.036739
-100	-2.1	0.039197
-100	-2	0.042184
-100	-1.9	0.04435
-100	-1.8	0.04452
-100	-1.7	0.042856
-100	-1.6	0.037106
-100	-1.5	0.032545
-100	-1.4	0.029095
-100	-1.3	0.031419
-100	-1.2	0.042317
-100	-1.1	0.049713
-100	-1	0.056102
-100	-0.9	0.062016
-100	-0.8	0.06311
-100	-0.7	0.061488
-100	-0.6	0.056504
-100	-0.5	0.047955
-100	-0.4	0.038368
-100	-0.3	0.032814
-100	-0.2	0.02602
-100	-0.1	0.022923
-100	0	0.022153
-100	0.1	0.022819
-100	0.2	0.025898
-100	0.3	0.031487
-100	0.4	0.035311
-100	0.5	0.041811
-100	0.6	0.047249
-100	0.7	0.049975
-100	0.8	0.052619
-100	0.9	0.052471
-100	1	0.051239
-100	1.1	0.046612
-100	1.2	0.043203
-100	1.3	0.038725
-100	1.4	0.033854
-100	1.5	0.029348
-100	1.6	0.028818
-100	1.7	0.028091
-100	1.8	0.028049
-100	1.9	0.0277
-100	2	0.027408
-100	2.1	0.026904
-100	2.2	0.026293
-100	2.3	0.025116
-100	2.4	0.024278
-100	2.5	0.02395
-100	2.6	0.022643
-100	2.7	0.02154
-100	2.8	0.018567
-100	2.9	0.015647
-100	3	0.012338
-100	3.1	0.01034
-100	3.2	0.008955
-100	3.3	0.0086296
-100	3.4	0.0079207
-100	3.5	0.0083518
-100	3.6	0.0078942
-100	3.7	0.0081579
-100	3.8	0.0071236
-100	3.9	0.0069746
-100	4	0.0068483
-90	-4	0.0099987
-90	-3.9	0.0096533
-90	-3.8	0.0084766
-90	-3.7	0.0078098
-90	-3.6	0.0086558
-90	-3.5	0.010943
-90	-3.4	0.013395
-90	-3.3	0.014524
-90	-3.2	0.013753
-90	-3.1	0.013548
-90	-3	0.014179
-90	-2.9	0.019399
-90	-2.8	0.023899
-90	-2.7	0.028392
-90	-2.6	0.030217
-90	-2.5	0.033094
-90	-2.4	0.033882
-90	-2.3	0.035317
-90	-2.2	0.037132
-90	-2.1	0.039426
-90	-2	0.041842
-90	-1.9	0.042826
-90	-1.8	0.04278
-90	-1.7	0.03941
-90	-1.6	0.034153
-90	-1.5	0.027755
-90	-1.4	0.024677
-90	-1.3	0.03028
-90	-1.2	0.039446
-90	-1.1	0.048451
-90	-1	0.057424
-90	-0.9	0.061855
-90	-0.8	0.062271
-90	-0.7	0.059921
-90	-0.6	0.053871
-90	-0.5	0.048009
-90	-0.4	0.037639
-90	-0.3	0.030227
-90	-0.2	0.024575
-90	-0.1	0.019725
-90	0	0.019181
-90	0.1	0.019726
-90	0.2	0.022772
-90	0.3	0.027005
-90	0.4	0.032885
-90	0.5	0.039864
-90	0.6	0.046283
-90	0.7	0.049316
-90	0.8	0.051626
-90	0.9	0.050262
-90	1	0.04682
-90	1.1	0.044211
-90	1.2	0.038886
-90	1.3	0.034322
-90	1.4	0.031092
-90	1.5	0.029287
-90	1.6	0.028569
-90	1.7	0.027551
-90	1.8	0.027256
-90	1.9	0.025859
-90	2	0.025411
-90	2.1	0.024369
-90	2.2	0.024439
-90	2.3	0.024344
-90	2.4	0.023657
-90	2.5	0.02318
-90	2.6	0.020829
-90	2.7	0.019303
-90	2.8	0.016687
-90	2.9	0.014407
-90	3	0.012333
-90	3.1	0.01085
-90	3.2	0.0094005
-90	3.3	0.0089694
-90	3.4	0.0083614
-90	3.5	0.0087487
-90	3.6	0.0086315
-90	3.7	0.0093661
-90	3.8	0.0097648
-90	3.9	0.0094074
-90	4	0.0085355
-80	-4	0.0084842
-80	-3.9	0.0070231
-80	-3.8	0.0060167
-80	-3.7	0.0062796
-80	-3.6	0.0079756
-80	-3.5	0.010429
-80	-3.4	0.011519
-80	-3.3	0.011309
-80	-3.2	0.010558
-80	-3.1	0.0085336
-80	-3	0.01035
-80	-2.9	0.015273
-80	-2.8	0.02054
-80	-2.7	0.026717
-80	-2.6	0.030215
-80	-2.5	0.031739
-80	-2.4	0.032154
-80	-2.3	0.033337
-80	-2.2	0.035509
-80	-2.1	0.039093
-80	-2	0.042977
-80	-1.9	0.045025
-80	-1.8	0.044794
-80	-1.7	0.040408
-80	-1.6	0.033562
-80	-1.5	0.027989
-80	-1.4	0.026726
-80	-1.3	0.031336
-80	-1.2	0.038693
-80	-1.1	0.047804
-80	-1	0.056945
-80	-0.9	0.061131
-80	-0.8	0.061135
-80	-0.7	0.057484
-80	-0.6	0.0525
-80	-0.5	0.042477
-80	-0.4	0.03311
-80	-0.3	0.028004
-80	-0.2	0.022576
-80	-0.1	0.019648
-80	0	0.018507
-80	0.1	0.019516
-80	0.2	0.021564
-80	0.3	0.027515
-80	0.4	0.030609
-80	0.5	0.036904
-80	0.6	0.040742
-80	0.7	0.043866
-80	0.8	0.045378
-80	0.9	0.044646
-80	1	0.042936
-80	1.1	0.04097
-80	1.2	0.038282
-80	1.3	0.034644
-80	1.4	0.029552
-80	1.5	0.02737
-80	1.6	0.025736
-80	1.7	0.025242
-80	1.8	0.025152
-80	1.9	0.026301
-80	2	0.027362
-80	2.1	0.026989
-80	2.2	0.02671
-80	2.3	0.025512
-80	2.4	0.024607
-80	2.5	0.023106
-80	2.6	0.020396
-80	2.7	0.018958
-80	2.8	0.017038
-80	2.9	0.014113
-80	3	0.012102
-80	3.1	0.010971
-80	3.2	0.0092024
-80	3.3	0.0094228
-80	3.4	0.0092252
-80	3.5	0.008154
-80	3.6	0.0075595
-80	3.7	0.0079918
-80	3.8	0.0084384
-80	3.9	0.0088916
-80	4	0.0091549
-70	-4	0.0088204
-70	-3.9	0.0080783
-70	-3.8	0.0064872
-70	-3.7	0.0064972
-70	-3.6	0.0080039
-70	-3.5	0.00972
-70	-3.4	0.010563
-70	-3.3	0.010329
-70	-3.2	0.0095455
-70	-3.1	0.0094571
-70	-3	0.011213
-70	-2.9	0.015098
-70	-2.8	0.019989
-70	-2.7	0.023899
-70	-2.6	0.028385
-70	-2.5	0.032285
-70	-2.4	0.034955
-70	-2.3	0.037137
-70	-2.2	0.040609
-70	-2.1	0.043536
-70	-2	0.045941
-70	-1.9	0.046208
-70	-1.8	0.044501
-70	-1.7	0.04006
-70	-1.6	0.033185
-70	-1.5	0.026154
-70	-1.4	0.026437
-70	-1.3	0.032278
-70	-1.2	0.039992
-70	-1.1	0.049549
-70	-1	0.05446
-70	-0.9	0.05856
-70	-0.8	0.056696
-70	-0.7	0.05436
-70	-0.6	0.045749
-70	-0.5	0.03893
-70	-0.4	0.031117
-70	-0.3	0.024275
-70	-0.2	0.021951
-70	-0.1	0.018325
-70	0	0.016294
-70	0.1	0.016887
-70	0.2	0.019284
-70	0.3	0.022674
-70	0.4	0.029067
-70	0.5	0.03294
-70	0.6	0.039094
-70	0.7	0.042741
-70	0.8	0.044035
-70	0.9	0.044422
-70	1	0.043438
-70	1.1	0.041034
-70	1.2	0.038404
-70	1.3	0.035259
-70	1.4	0.030083
-70	1.5	0.0267
-70	1.6	0.025125
-70	1.7	0.024672
-70	1.8	0.025218
-70	1.9	0.026186
-70	2	0.026834
-70	2.1	0.026764
-70	2.2	0.025755
-70	2.3	0.023898
-70	2.4	0.023094
-70	2.5	0.020877
-70	2.6	0.018973
-70	2.7	0.017018
-70	2.8	0.01385
-70	2.9	0.011777
-70	3	0.010063
-70	3.1	0.0093003
-70	3.2	0.0086875
-70	3.3	0.0083692
-70	3.4	0.008012
-70	3.5	0.0075787
-70	3.6	0.0071485
-70	3.7	0.0078242
-70	3.8	0.008667
-70	3.9	0.0092689
-70	4	0.009857
-60	-4	0.0094125
-60	-3.9	0.009139
-60	-3.8	0.0084422
-60	-3.7	0.0077474
-60	-3.6	0.0070438
-60	-3.5	0.008344
-60	-3.4	0.0094844
-60	-3.3	0.010851
-60	-3.2	0.0099792
-60	-3.1	0.0097383
-60	-3	0.011601
-60	-2.9	0.01378
-60	-2.8	0.020006
-60	-2.7	0.024979
-60	-2.6	0.029019
-60	-2.5	0.032283
-60	-2.4	0.034388
-60	-2.3	0.03703
-60	-2.2	0.039385
-60	-2.1	0.041883
-60	-2	0.044114
-60	-1.9	0.044784
-60	-1.8	0.043025
-60	-1.7	0.036797
-60	-1.6	0.034516
-60	-1.5	0.025393
-60	-1.4	0.024934
-60	-1.3	0.03147
-60	-1.2	0.038372
-60	-1.1	0.047348
-60	-1	0.057402
-60	-0.9	0.059253
-60	-0.8	0.059209
-60	-0.7	0.055211
-60	-0.6	0.046443
-60	-0.5	0.040006
-60	-0.4	0.028993
-60	-0.3	0.02506
-60	-0.2	0.018475
-60	-0.1	0.015274
-60	0	0.013899
-60	0.1	0.013903
-60	0.2	0.016018
-60	0.3	0.022698
-60	0.4	0.024879
-60	0.5	0.032904
-60	0.6	0.038758
-60	0.7	0.042871
-60	0.8	0.045167
-60	0.9	0.045436
-60	1	0.043049
-60	1.1	0.038079
-60	1.2	0.034453
-60	1.3	0.028836
-60	1.4	0.024972
-60	1.5	0.022878
-60	1.6	0.022782
-60	1.7	0.024025
-60	1.8	0.025289
-60	1.9	0.025227
-60	2	0.024889
-60	2.1	0.024215
-60	2.2	0.023075
-60	2.3	0.021552
-60	2.4	0.020499
-60	2.5	0.019862
-60	2.6	0.018359
-60	2.7	0.016245
-60	2.8	0.014397
-60	2.9	0.010597
-60	3	0.008594
-60	3.1	0.0068837
-60	3.2	0.007007
-60	3.3	0.0068837
-60	3.4	0.0063462
-60	3.5	0.0062899
-60	3.6	0.0058146
-60	3.7	0.0062019
-60	3.8	0.0065096
-60	3.9	0.0074865
-60	4	0.0081341
-50	-4	0.010613
-50	-3.9	0.010495
-50	-3.8	0.0091301
-50	-3.7	0.0081698
-50	-3.6	0.0079228
-50	-3.5	0.0085241
-50	-3.4	0.0091531
-50	-3.3	0.009139
-50	-3.2	0.0090269
-50	-3.1	0.0087265
-50	-3	0.010475
-50	-2.9	0.014105
-50	-2.8	0.020363
-50	-2.7	0.023991
-50	-2.6	0.026858
-50	-2.5	0.030816
-50	-2.4	0.034689
-50	-2.3	0.036669
-50	-2.2	0.039178
-50	-2.1	0.042638
-50	-2	0.04492
-50	-1.9	0.04554
-50	-1.8	0.043681
-50	-1.7	0.037642
-50	-1.6	0.031658
-50	-1.5	0.026935
-50	-1.4	0.024381
-50	-1.3	0.029923
-50	-1.2	0.043293
-50	-1.1	0.049968
-50	-1	0.057481
-50	-0.9	0.060044
-50	-0.8	0.059198
-50	-0.7	0.051598
-50	-0.6	0.045584
-50	-0.5	0.035663
-50	-0.4	0.028852
-50	-0.3	0.019973
-50	-0.2	0.015206
-50	-0.1	0.013032
-50	0	0.01189
-50	0.1	0.012299
-50	0.2	0.014788
-50	0.3	0.019593
-50	0.4	0.026491
-50	0.5	0.032824
-50	0.6	0.036705
-50	0.7	0.041024
-50	0.8	0.0424
-50	0.9	0.041519
-50	1	0.038473
-50	1.1	0.034692
-50	1.2	0.033096
-50	1.3	0.029038
-50	1.4	0.026295
-50	1.5	0.023522
-50	1.6	0.021898
-50	1.7	0.021274
-50	1.8	0.020792
-50	1.9	0.021141
-50	2	0.022348
-50	2.1	0.023077
-50	2.2	0.023546
-50	2.3	0.022676
-50	2.4	0.021079
-50	2.5	0.019122
-50	2.6	0.016801
-50	2.7	0.014702
-50	2.8	0.012475
-50	2.9	0.010856
-50	3	0.0094314
-50	3.1	0.0079309
-50	3.2	0.0059844
-50	3.3	0.0056938
-50	3.4	0.0067819
-50	3.5	0.0072451
-50	3.6	0.008223
-50	3.7	0.008274
-50	3.8	0.0075766
-50	3.9	0.0072496
-50	4	0.0071463
-40	-4	0.011393
-40	-3.9	0.010597
-40	-3.8	0.0091337
-40	-3.7	0.0099175
-40	-3.6	0.010946
-40	-3.5	0.011628
-40	-3.4	0.011193
-40	-3.3	0.010161
-40	-3.2	0.0088916
-40	-3.1	0.0098406
-40	-3	0.012803
-40	-2.9	0.017579
-40	-2.8	0.022624
-40	-2.7	0.024949
-40	-2.6	0.027857
-40	-2.5	0.029487
-40	-2.4	0.034647
-40	-2.3	0.037227
-40	-2.2	0.042686
-40	-2.1	0.046646
-40	-2	0.04944
-40	-1.9	0.048281
-40	-1.8	0.045342
-40	-1.7	0.039983
-40	-1.6	0.030506
-40	-1.5	0.025507
-40	-1.4	0.025918
-40	-1.3	0.031732
-40	-1.2	0.044127
-40	-1.1	0.05184
-40	-1	0.055434
-40	-0.9	0.05729
-40	-0.8	0.053671
-40	-0.7	0.049627
-40	-0.6	0.04212
-40	-0.5	0.033084
-40	-0.4	0.024584
-40	-0.3	0.020753
-40	-0.2	0.016571
-40	-0.1	0.013905
-40	0	0.012916
-40	0.1	0.012751
-40	0.2	0.015868
-40	0.3	0.018222
-40	0.4	0.024575
-40	0.5	0.031512
-40	0.6	0.034194
-40	0.7	0.037191
-40	0.8	0.039526
-40	0.9	0.039428
-40	1	0.037237
-40	1.1	0.035027
-40	1.2	0.031989
-40	1.3	0.028985
-40	1.4	0.026936
-40	1.5	0.024502
-40	1.6	0.02407
-40	1.7	0.024238
-40	1.8	0.024587
-40	1.9	0.025028
-40	2	0.025443
-40	2.1	0.025388
-40	2.2	0.025263
-40	2.3	0.023751
-40	2.4	0.022379
-40	2.5	0.02085
-40	2.6	0.020075
-40	2.7	0.017584
-40	2.8	0.015558
-40	2.9	0.013129
-40	3	0.0093678
-40	3.1	0.0074083
-40	3.2	0.0072763
-40	3.3	0.0071485
-40	3.4	0.0075595
-40	3.5	0.0081659
-40	3.6	0.0085317
-40	3.7	0.0086165
-40	3.8	0.0079817
-40	3.9	0.007818
-40	4	0.0084956
-30	-4	0.012208
-30	-3.9	0.010931
-30	-3.8	0.0086949
-30	-3.7	0.0083827
-30	-3.6	0.0088186
-30	-3.5	0.0098669
-30	-3.4	0.010906
-30	-3.3	0.010575
-30	-3.2	0.0091761
-30	-3.1	0.0075894
-30	-3	0.010689
-30	-2.9	0.014213
-30	-2.8	0.021184
-30	-2.7	0.024774
-30	-2.6	0.028722
-30	-2.5	0.031033
-30	-2.4	0.033271
-30	-2.3	0.035727
-30	-2.2	0.041128
-30	-2.1	0.046728
-30	-2	0.050074
-30	-1.9	0.051406
-30	-1.8	0.049384
-30	-1.7	0.041998
-30	-1.6	0.03312
-30	-1.5	0.024849
-30	-1.4	0.024031
-30	-1.3	0.03147
-30	-1.2	0.041244
-30	-1.1	0.051017
-30	-1	0.058585
-30	-0.9	0.06103
-30	-0.8	0.057593
-30	-0.7	0.053035
-30	-0.6	0.04484
-30	-0.5	0.034438
-30	-0.4	0.02283
-30	-0.3	0.016395
-30	-0.2	0.012435
-30	-0.1	0.011668
-30	0	0.011734
-30	0.1	0.013195
-30	0.2	0.017989
-30	0.3	0.021519
-30	0.4	0.026962
-30	0.5	0.031632
-30	0.6	0.036124
-30	0.7	0.039194
-30	0.8	0.039684
-30	0.9	0.03944
-30	1	0.035773
-30	1.1	0.03395
-30	1.2	0.02865
-30	1.3	0.025862
-30	1.4	0.021755
-30	1.5	0.020189
-30	1.6	0.02051
-30	1.7	0.021872
-30	1.8	0.022988
-30	1.9	0.02409
-30	2	0.024168
-30	2.1	0.023826
-30	2.2	0.023269
-30	2.3	0.022751
-30	2.4	0.022943
-30	2.5	0.022752
-30	2.6	0.022428
-30	2.7	0.021082
-30	2.8	0.018151
-30	2.9	0.014752
-30	3	0.011263
-30	3.1	0.0081659
-30	3.2	0.0076488
-30	3.3	0.0089079
-30	3.4	0.0093643
-30	3.5	0.009893
-30	3.6	0.0097383
-30	3.7	0.0086968
-30	3.8	0.0083324
-30	3.9	0.0088679
-30	4	0.0094844
-20	-4	0.012217
-20	-3.9	0.012167
-20	-3.8	0.011206
-20	-3.7	0.0091301
-20	-3.6	0.0086763
-20	-3.5	0.0089802
-20	-3.4	0.010373
-20	-3.3	0.011207
-20	-3.2	0.010336
-20	-3.1	0.0086465
-20	-3	0.0087209
-20	-2.9	0.010619
-20	-2.8	0.016752
-20	-2.7	0.024779
-20	-2.6	0.027833
-20	-2.5	0.031895
-20	-2.4	0.034361
-20	-2.3	0.036377
-20	-2.2	0.040409
-20	-2.1	0.044554
-20	-2	0.048772
-20	-1.9	0.049714
-20	-1.8	0.048485
-20	-1.7	0.042742
-20	-1.6	0.03624
-20	-1.5	0.027451
-20	-1.4	0.026481
-20	-1.3	0.031271
-20	-1.2	0.036866
-20	-1.1	0.050433
-20	-1	0.060195
-20	-0.9	0.062288
-20	-0.8	0.060891
-20	-0.7	0.052351
-20	-0.6	0.047109
-20	-0.5	0.03634
-20	-0.4	0.025406
-20	-0.3	0.016381
-20	-0.2	0.012532
-20	-0.1	0.011268
-20	0	0.011572
-20	0.1	0.012436
-20	0.2	0.01557
-20	0.3	0.022102
-20	0.4	0.026853
-20	0.5	0.032421
-20	0.6	0.037338
-20	0.7	0.03982
-20	0.8	0.041313
-20	0.9	0.040521
-20	1	0.038479
-20	1.1	0.036091
-20	1.2	0.033172
-20	1.3	0.029395
-20	1.4	0.026132
-20	1.5	0.024256
-20	1.6	0.02344
-20	1.7	0.022576
-20	1.8	0.023
-20	1.9	0.02399
-20	2	0.02536
-20	2.1	0.02662
-20	2.2	0.026244
-20	2.3	0.025286
-20	2.4	0.023564
-20	2.5	0.021452
-20	2.6	0.017405
-20	2.7	0.014657
-20	2.8	0.012357
-20	2.9	0.011009
-20	3	0.010575
-20	3.1	0.0086334
-20	3.2	0.0082993
-20	3.3	0.0075338
-20	3.4	0.0073755
-20	3.5	0.006591
-20	3.6	0.007144
-20	3.7	0.0079837
-20	3.8	0.0081162
-20	3.9	0.0088679
-20	4	0.0087228
-10	-4	0.013926
-10	-3.9	0.013238
-10	-3.8	0.010417
-10	-3.7	0.0080703
-10	-3.6	0.0073712
-10	-3.5	0.0094946
-10	-3.4	0.011554
-10	-3.3	0.013087
-10	-3.2	0.012196
-10	-3.1	0.010384
-10	-3	0.0073931
-10	-2.9	0.011592
-10	-2.8	0.016118
-10	-2.7	0.022866
-10	-2.6	0.028235
-10	-2.5	0.030893
-10	-2.4	0.033238
-10	-2.3	0.035273
-10	-2.2	0.040362
-10	-2.1	0.043146
-10	-2	0.047974
-10	-1.9	0.051863
-10	-1.8	0.050407
-10	-1.7	0.043828
-10	-1.6	0.036851
-10	-1.5	0.030841
-10	-1.4	0.023985
-10	-1.3	0.027715
-10	-1.2	0.041344
-10	-1.1	0.047537
-10	-1	0.058334
-10	-0.9	0.062402
-10	-0.8	0.061563
-10	-0.7	0.057347
-10	-0.6	0.046357
-10	-0.5	0.032778
-10	-0.4	0.024978
-10	-0.3	0.018264
-10	-0.2	0.012114
-10	-0.1	0.011258
-10	0	0.011647
-10	0.1	0.01166
-10	0.2	0.015696
-10	0.3	0.019378
-10	0.4	0.027068
-10	0.5	0.030541
-10	0.6	0.038519
-10	0.7	0.041086
-10	0.8	0.043086
-10	0.9	0.042364
-10	1	0.040915
-10	1.1	0.037243
-10	1.2	0.031533
-10	1.3	0.026962
-10	1.4	0.025458
-10	1.5	0.022757
-10	1.6	0.021789
-10	1.7	0.021608
-10	1.8	0.02266
-10	1.9	0.022853
-10	2	0.02391
-10	2.1	0.024347
-10	2.2	0.024173
-10	2.3	0.022941
-10	2.4	0.022114
-10	2.5	0.019929
-10	2.6	0.017303
-10	2.7	0.013838
-10	2.8	0.011907
-10	2.9	0.01021
-10	3	0.0085865
-10	3.1	0.0072785
-10	3.2	0.0073316
-10	3.3	0.0064246
-10	3.4	0.0058395
-10	3.5	0.005809
-10	3.6	0.0057334
-10	3.7	0.0069491
-10	3.8	0.0075059
-10	3.9	0.0079064
-10	4	0.0080382
0	-4	0.012299
0	-3.9	0.012244
0	-3.8	0.011756
0	-3.7	0.011444
0	-3.6	0.01145
0	-3.5	0.011496
0	-3.4	0.011862
0	-3.3	0.011305
0	-3.2	0.010437
0	-3.1	0.0088204
0	-3	0.0090555
0	-2.9	0.013743
0	-2.8	0.018604
0	-2.7	0.021271
0	-2.6	0.024455
0	-2.5	0.027352
0	-2.4	0.031455
0	-2.3	0.036104
0	-2.2	0.041666
0	-2.1	0.046325
0	-2	0.049815
0	-1.9	0.050607
0	-1.8	0.048649
0	-1.7	0.044319
0	-1.6	0.037516
0	-1.5	0.030106
0	-1.4	0.026817
0	-1.3	0.03024
0	-1.2	0.036876
0	-1.1	0.046743
0	-1	0.053079
0	-0.9	0.058964
0	-0.8	0.057529
0	-0.7	0.053994
0	-0.6	0.048604
0	-0.5	0.039762
0	-0.4	0.027217
0	-0.3	0.022126
0	-0.2	0.016379
0	-0.1	0.01309
0	0	0.012883
0	0.1	0.013365
0	0.2	0.015131
0	0.3	0.020374
0	0.4	0.026842
0	0.5	0.031617
0	0.6	0.036594
0	0.7	0.042203
0	0.8	0.044217
0	0.9	0.043644
0	1	0.04288
0	1.1	0.037534
0	1.2	0.033643
0	1.3	0.031351
0	1.4	0.026242
0	1.5	0.025526
0	1.6	0.025771
0	1.7	0.026494
0	1.8	0.027451
0	1.9	0.028102
0	2	0.027397
0	2.1	0.026799
0	2.2	0.025409
0	2.3	0.023412
0	2.4	0.021905
0	2.5	0.020109
0	2.6	0.018693
0	2.7	0.017015
0	2.8	0.014505
0	2.9	0.012699
0	3	0.010719
0	3.1	0.0089387
0	3.2	0.0078839
0	3.3	0.0076909
0	3.4	0.0072918
0	3.5	0.0071191
0	3.6	0.0068294
0	3.7	0.0071801
0	3.8	0.0072674
0	3.9	0.0080362
0	4	0.0084077
10	-4	0.01354
10	-3.9	0.013188
10	-3.8	0.011707
10	-3.7	0.010325
10	-3.6	0.0098176
10	-3.5	0.010472
10	-3.4	0.011318
10	-3.3	0.012272
10	-3.2	0.01159
10	-3.1	0.0087042
10	-3	0.0080382
10	-2.9	0.0097549
10	-2.8	0.015425
10	-2.7	0.021068
10	-2.6	0.025705
10	-2.5	0.028975
10	-2.4	0.03101
10	-2.3	0.033882
10	-2.2	0.037398
10	-2.1	0.042708
10	-2	0.048137
10	-1.9	0.05005
10	-1.8	0.048938
10	-1.7	0.04596
10	-1.6	0.038675
10	-1.5	0.030949
10	-1.4	0.025438
10	-1.3	0.025503
10	-1.2	0.034183
10	-1.1	0.041024
10	-1	0.0536
10	-0.9	0.057601
10	-0.8	0.057994
10	-0.7	0.053984
10	-0.6	0.048638
10	-0.5	0.039745
10	-0.4	0.027024
10	-0.3	0.018385
10	-0.2	0.015331
10	-0.1	0.012504
10	0	0.013137
10	0.1	0.01458
10	0.2	0.016299
10	0.3	0.021297
10	0.4	0.027083
10	0.5	0.03268
10	0.6	0.038585
10	0.7	0.041794
10	0.8	0.042927
10	0.9	0.042853
10	1	0.041632
10	1.1	0.037683
10	1.2	0.034361
10	1.3	0.02986
10	1.4	0.027526
10	1.5	0.026141
10	1.6	0.025455
10	1.7	0.026211
10	1.8	0.027014
10	1.9	0.027537
10	2	0.028167
10	2.1	0.027661
10	2.2	0.026788
10	2.3	0.02564
10	2.4	0.023909
10	2.5	0.023028
10	2.6	0.021056
10	2.7	0.018275
10	2.8	0.016187
10	2.9	0.013707
10	3	0.010677
10	3.1	0.0084861
10	3.2	0.0075894
10	3.3	0.007369
10	3.4	0.0075595
10	3.5	0.0082073
10	3.6	0.0081856
10	3.7	0.0082112
10	3.8	0.0083518
10	3.9	0.0087671
10	4	0.0091514
20	-4	0.01209
20	-3.9	0.012548
20	-3.8	0.012064
20	-3.7	0.011403
20	-3.6	0.011083
20	-3.5	0.011325
20	-3.4	0.011251
20	-3.3	0.010998
20	-3.2	0.010245
20	-3.1	0.0091496
20	-3	0.0080743
20	-2.9	0.0088661
20	-2.8	0.012996
20	-2.7	0.017397
20	-2.6	0.020933
20	-2.5	0.024592
20	-2.4	0.028302
20	-2.3	0.030872
20	-2.2	0.034296
20	-2.1	0.041294
20	-2	0.044741
20	-1.9	0.048024
20	-1.8	0.048661
20	-1.7	0.046164
20	-1.6	0.041108
20	-1.5	0.03378
20	-1.4	0.027886
20	-1.3	0.026807
20	-1.2	0.03191
20	-1.1	0.040599
20	-1	0.046112
20	-0.9	0.056456
20	-0.8	0.057432
20	-0.7	0.056984
20	-0.6	0.050054
20	-0.5	0.040524
20	-0.4	0.032373
20	-0.3	0.024274
20	-0.2	0.01706
20	-0.1	0.013053
20	0	0.013032
20	0.1	0.013257
20	0.2	0.015863
20	0.3	0.020269
20	0.4	0.026391
20	0.5	0.033362
20	0.6	0.037839
20	0.7	0.04214
20	0.8	0.044659
20	0.9	0.044672
20	1	0.043321
20	1.1	0.038405
20	1.2	0.035069
20	1.3	0.030731
20	1.4	0.029008
20	1.5	0.027416
20	1.6	0.027046
20	1.7	0.027334
20	1.8	0.026939
20	1.9	0.026252
20	2	0.025509
20	2.1	0.025152
20	2.2	0.024023
20	2.3	0.022865
20	2.4	0.021828
20	2.5	0.019974
20	2.6	0.018851
20	2.7	0.01673
20	2.8	0.0137
20	2.9	0.010747
20	3	0.0088771
20	3.1	0.0077787
20	3.2	0.0064897
20	3.3	0.0063104
20	3.4	0.0063792
20	3.5	0.0065959
20	3.6	0.0066472
20	3.7	0.0062227
20	3.8	0.0068318
20	3.9	0.0079594
20	4	0.0088916
30	-4	0.013989
30	-3.9	0.014692
30	-3.8	0.013718
30	-3.7	0.012719
30	-3.6	0.011849
30	-3.5	0.012269
30	-3.4	0.012866
30	-3.3	0.013848
30	-3.2	0.013754
30	-3.1	0.012781
30	-3	0.010372
30	-2.9	0.0089874
30	-2.8	0.011793
30	-2.7	0.017476
30	-2.6	0.021196
30	-2.5	0.024298
30	-2.4	0.027472
30	-2.3	0.031277
30	-2.2	0.035718
30	-2.1	0.04017
30	-2	0.047256
30	-1.9	0.049092
30	-1.8	0.048952
30	-1.7	0.04677
30	-1.6	0.039351
30	-1.5	0.033437
30	-1.4	0.028712
30	-1.3	0.02666
30	-1.2	0.03049
30	-1.1	0.039033
30	-1	0.043551
30	-0.9	0.051712
30	-0.8	0.05406
30	-0.7	0.053414
30	-0.6	0.048133
30	-0.5	0.039503
30	-0.4	0.03108
30	-0.3	0.024274
30	-0.2	0.017879
30	-0.1	0.014677
30	0	0.013688
30	0.1	0.014035
30	0.2	0.015424
30	0.3	0.018401
30	0.4	0.022845
30	0.5	0.030878
30	0.6	0.035812
30	0.7	0.039864
30	0.8	0.043071
30	0.9	0.04374
30	1	0.04124
30	1.1	0.038977
30	1.2	0.035389
30	1.3	0.030772
30	1.4	0.027944
30	1.5	0.026779
30	1.6	0.027109
30	1.7	0.028153
30	1.8	0.029023
30	1.9	0.029145
30	2	0.028226
30	2.1	0.027632
30	2.2	0.026601
30	2.3	0.025589
30	2.4	0.023939
30	2.5	0.022568
30	2.6	0.020544
30	2.7	0.018122
30	2.8	0.015949
30	2.9	0.01355
30	3	0.010584
30	3.1	0.0089043
30	3.2	0.0075766
30	3.3	0.0076993
30	3.4	0.0080402
30	3.5	0.0084365
30	3.6	0.0089134
30	3.7	0.0091301
30	3.8	0.0091337
30	3.9	0.0094074
30	4	0.010186
40	-4	0.013808
40	-3.9	0.015151
40	-3.8	0.014623
40	-3.7	0.013596
40	-3.6	0.011617
40	-3.5	0.010771
40	-3.4	0.012805
40	-3.3	0.013786
40	-3.2	0.015062
40	-3.1	0.014825
40	-3	0.011301
40	-2.9	0.0091319
40	-2.8	0.010143
40	-2.7	0.013814
40	-2.6	0.019589
40	-2.5	0.023864
40	-2.4	0.027371
40	-2.3	0.030316
40	-2.2	0.033616
40	-2.1	0.035776
40	-2	0.040696
40	-1.9	0.045409
40	-1.8	0.048385
40	-1.7	0.048888
40	-1.6	0.046917
40	-1.5	0.04021
40	-1.4	0.032296
40	-1.3	0.025521
40	-1.2	0.025848
40	-1.1	0.033348
40	-1	0.044811
40	-0.9	0.051365
40	-0.8	0.056606
40	-0.7	0.057417
40	-0.6	0.05056
40	-0.5	0.043428
40	-0.4	0.035669
40	-0.3	0.025658
40	-0.2	0.018271
40	-0.1	0.01461
40	0	0.01326
40	0.1	0.01327
40	0.2	0.014704
40	0.3	0.017825
40	0.4	0.025414
40	0.5	0.034911
40	0.6	0.039116
40	0.7	0.04416
40	0.8	0.048258
40	0.9	0.049704
40	1	0.047959
40	1.1	0.042567
40	1.2	0.039884
40	1.3	0.034001
40	1.4	0.028819
40	1.5	0.028043
40	1.6	0.026975
40	1.7	0.027822
40	1.8	0.028759
40	1.9	0.029147
40	2	0.028934
40	2.1	0.028013
40	2.2	0.026752
40	2.3	0.024668
40	2.4	0.02276
40	2.5	0.021379
40	2.6	0.019444
40	2.7	0.018331
40	2.8	0.016543
40	2.9	0.014411
40	3	0.0128
40	3.1	0.0096399
40	3.2	0.0073294
40	3.3	0.0064947
40	3.4	0.0060569
40	3.5	0.0071327
40	3.6	0.0082053
40	3.7	0.0084134
40	3.8	0.0075402
40	3.9	0.0070461
40	4	0.0069769
50	-4	0.012843
50	-3.9	0.012902
50	-3.8	0.012405
50	-3.7	0.011012
50	-3.6	0.01065
50	-3.5	0.010307
50	-3.4	0.011782
50	-3.3	0.012954
50	-3.2	0.013519
50	-3.1	0.013203
50	-3	0.011269
50	-2.9	0.0085412
50	-2.8	0.0080623
50	-2.7	0.011353
50	-2.6	0.017848
50	-2.5	0.021648
50	-2.4	0.023971
50	-2.3	0.027527
50	-2.2	0.030242
50	-2.1	0.034075
50	-2	0.038619
50	-1.9	0.042732
50	-1.8	0.04517
50	-1.7	0.04615
50	-1.6	0.044676
50	-1.5	0.038094
50	-1.4	0.034109
50	-1.3	0.029219
50	-1.2	0.028843
50	-1.1	0.033147
50	-1	0.038997
50	-0.9	0.049247
50	-0.8	0.05534
50	-0.7	0.056147
50	-0.6	0.053057
50	-0.5	0.048062
50	-0.4	0.035742
50	-0.3	0.026866
50	-0.2	0.021709
50	-0.1	0.015923
50	0	0.013788
50	0.1	0.013448
50	0.2	0.014558
50	0.3	0.018578
50	0.4	0.022683
50	0.5	0.02934
50	0.6	0.036748
50	0.7	0.041973
50	0.8	0.045026
50	0.9	0.04579
50	1	0.043479
50	1.1	0.041537
50	1.2	0.039359
50	1.3	0.03484
50	1.4	0.032574
50	1.5	0.030976
50	1.6	0.0294
50	1.7	0.027963
50	1.8	0.027416
50	1.9	0.027725
50	2	0.027982
50	2.1	0.028433
50	2.2	0.028474
50	2.3	0.027033
50	2.4	0.025446
50	2.5	0.023375
50	2.6	0.021795
50	2.7	0.017871
50	2.8	0.014806
50	2.9	0.013215
50	3	0.010999
50	3.1	0.010044
50	3.2	0.0089856
50	3.3	0.0088113
50	3.4	0.0084211
50	3.5	0.008446
50	3.6	0.0087413
50	3.7	0.0091549
50	3.8	0.0094554
50	3.9	0.0094451
50	4	0.0095303
60	-4	0.014379
60	-3.9	0.01599
60	-3.8	0.016211
60	-3.7	0.014627
60	-3.6	0.012536
60	-3.5	0.011685
60	-3.4	0.011826
60	-3.3	0.01304
60	-3.2	0.015288
60	-3.1	0.016251
60	-3	0.014929
60	-2.9	0.010471
60	-2.8	0.0087561
60	-2.7	0.010471
60	-2.6	0.016209
60	-2.5	0.021477
60	-2.4	0.026431
60	-2.3	0.028918
60	-2.2	0.030774
60	-2.1	0.033474
60	-2	0.036531
60	-1.9	0.042266
60	-1.8	0.046647
60	-1.7	0.04809
60	-1.6	0.04654
60	-1.5	0.040481
60	-1.4	0.032271
60	-1.3	0.028253
60	-1.2	0.026
60	-1.1	0.03258
60	-1	0.042551
60	-0.9	0.048956
60	-0.8	0.053114
60	-0.7	0.054139
60	-0.6	0.05064
60	-0.5	0.046902
60	-0.4	0.03848
60	-0.3	0.03297
60	-0.2	0.023016
60	-0.1	0.018417
60	0	0.014865
60	0.1	0.013643
60	0.2	0.015093
60	0.3	0.018218
60	0.4	0.024347
60	0.5	0.029649
60	0.6	0.035434
60	0.7	0.040848
60	0.8	0.044255
60	0.9	0.044409
60	1	0.04381
60	1.1	0.04093
60	1.2	0.037587
60	1.3	0.033982
60	1.4	0.032064
60	1.5	0.029374
60	1.6	0.02887
60	1.7	0.028047
60	1.8	0.028034
60	1.9	0.027683
60	2	0.028495
60	2.1	0.028749
60	2.2	0.029329
60	2.3	0.028949
60	2.4	0.028334
60	2.5	0.027056
60	2.6	0.022961
60	2.7	0.019929
60	2.8	0.016877
60	2.9	0.012567
60	3	0.010911
60	3.1	0.0096332
60	3.2	0.0089766
60	3.3	0.0088971
60	3.4	0.0088989
60	3.5	0.0086109
60	3.6	0.0089152
60	3.7	0.0088094
60	3.8	0.0097034
60	3.9	0.011096
60	4	0.012017
70	-4	0.013683
70	-3.9	0.015304
70	-3.8	0.015668
70	-3.7	0.014911
70	-3.6	0.013425
70	-3.5	0.012186
70	-3.4	0.01238
70	-3.3	0.014084
70	-3.2	0.014913
70	-3.1	0.014873
70	-3	0.013219
70	-2.9	0.010263
70	-2.8	0.010192
70	-2.7	0.011624
70	-2.6	0.015387
70	-2.5	0.020825
70	-2.4	0.024351
70	-2.3	0.026138
70	-2.2	0.029799
70	-2.1	0.034039
70	-2	0.037782
70	-1.9	0.042315
70	-1.8	0.044868
70	-1.7	0.046732
70	-1.6	0.044057
70	-1.5	0.040932
70	-1.4	0.033954
70	-1.3	0.026906
70	-1.2	0.027237
70	-1.1	0.031576
70	-1	0.041419
70	-0.9	0.047271
70	-0.8	0.052669
70	-0.7	0.053889
70	-0.6	0.050075
70	-0.5	0.045414
70	-0.4	0.040217
70	-0.3	0.033377
70	-0.2	0.026099
70	-0.1	0.020261
70	0	0.018574
70	0.1	0.016728
70	0.2	0.016612
70	0.3	0.019944
70	0.4	0.022698
70	0.5	0.028369
70	0.6	0.034856
70	0.7	0.041069
70	0.8	0.043018
70	0.9	0.045416
70	1	0.046275
70	1.1	0.045206
70	1.2	0.042279
70	1.3	0.039218
70	1.4	0.035737
70	1.5	0.032928
70	1.6	0.031652
70	1.7	0.031484
70	1.8	0.032662
70	1.9	0.033665
70	2	0.034078
70	2.1	0.034046
70	2.2	0.033317
70	2.3	0.031009
70	2.4	0.028733
70	2.5	0.025881
70	2.6	0.023986
70	2.7	0.021853
70	2.8	0.019668
70	2.9	0.016701
70	3	0.014588
70	3.1	0.011939
70	3.2	0.0098357
70	3.3	0.0089676
70	3.4	0.0090072
70	3.5	0.009705
70	3.6	0.010087
70	3.7	0.010396
70	3.8	0.010598
70	3.9	0.010753
70	4	0.010676
80	-4	0.011351
80	-3.9	0.011643
80	-3.8	0.012528
80	-3.7	0.013867
80	-3.6	0.014177
80	-3.5	0.014081
80	-3.4	0.013705
80	-3.3	0.013333
80	-3.2	0.012956
80	-3.1	0.012796
80	-3	0.012257
80	-2.9	0.010712
80	-2.8	0.010348
80	-2.7	0.011475
80	-2.6	0.015477
80	-2.5	0.018709
80	-2.4	0.02277
80	-2.3	0.026036
80	-2.2	0.029396
80	-2.1	0.032634
80	-2	0.035385
80	-1.9	0.037886
80	-1.8	0.041045
80	-1.7	0.042458
80	-1.6	0.041811
80	-1.5	0.039385
80	-1.4	0.034212
80	-1.3	0.028103
80	-1.2	0.026443
80	-1.1	0.02792
80	-1	0.036359
80	-0.9	0.04388
80	-0.8	0.048923
80	-0.7	0.051205
80	-0.6	0.050763
80	-0.5	0.047762
80	-0.4	0.041677
80	-0.3	0.033446
80	-0.2	0.029741
80	-0.1	0.023415
80	0	0.019383
80	0.1	0.016334
80	0.2	0.015646
80	0.3	0.01718
80	0.4	0.020678
80	0.5	0.026712
80	0.6	0.033763
80	0.7	0.040481
80	0.8	0.04605
80	0.9	0.049267
80	1	0.050076
80	1.1	0.048547
80	1.2	0.044558
80	1.3	0.042043
80	1.4	0.038112
80	1.5	0.034042
80	1.6	0.032934
80	1.7	0.032715
80	1.8	0.033947
80	1.9	0.034772
80	2	0.035144
80	2.1	0.03435
80	2.2	0.032892
80	2.3	0.030864
80	2.4	0.028765
80	2.5	0.025439
80	2.6	0.023535
80	2.7	0.021077
80	2.8	0.01925
80	2.9	0.015918
80	3	0.013385
80	3.1	0.0099159
80	3.2	0.0086071
80	3.3	0.0073051
80	3.4	0.0075295
80	3.5	0.0079594
80	3.6	0.0086446
80	3.7	0.0093263
80	3.8	0.010105
80	3.9	0.010175
80	4	0.0098734
90	-4	0.0092024
90	-3.9	0.011034
90	-3.8	0.012616
90	-3.7	0.013394
90	-3.6	0.012917
90	-3.5	0.012158
90	-3.4	0.01154
90	-3.3	0.011001
90	-3.2	0.011432
90	-3.1	0.011285
90	-3	0.010623
90	-2.9	0.0093401
90	-2.8	0.0094519
90	-2.7	0.0097416
90	-2.6	0.014004
90	-2.5	0.018192
90	-2.4	0.021338
90	-2.3	0.026016
90	-2.2	0.028316
90	-2.1	0.03008
90	-2	0.03132
90	-1.9	0.034232
90	-1.8	0.037985
90	-1.7	0.03948
90	-1.6	0.03942
90	-1.5	0.038171
90	-1.4	0.032229
90	-1.3	0.025795
90	-1.2	0.023583
90	-1.1	0.025661
90	-1	0.031781
90	-0.9	0.044731
90	-0.8	0.050792
90	-0.7	0.054393
90	-0.6	0.055871
90	-0.5	0.050655
90	-0.4	0.044116
90	-0.3	0.037801
90	-0.2	0.032757
90	-0.1	0.025095
90	0	0.019156
90	0.1	0.016338
90	0.2	0.015198
90	0.3	0.01602
90	0.4	0.018982
90	0.5	0.027331
90	0.6	0.033222
90	0.7	0.043335
90	0.8	0.047833
90	0.9	0.051794
90	1	0.052486
90	1.1	0.049482
90	1.2	0.045946
90	1.3	0.041269
90	1.4	0.037898
90	1.5	0.035726
90	1.6	0.034388
90	1.7	0.033813
90	1.8	0.034255
90	1.9	0.034493
90	2	0.034102
90	2.1	0.033748
90	2.2	0.032812
90	2.3	0.032449
90	2.4	0.030783
90	2.5	0.027334
90	2.6	0.024459
90	2.7	0.020835
90	2.8	0.017935
90	2.9	0.014793
90	3	0.011339
90	3.1	0.010287
90	3.2	0.0092059
90	3.3	0.0091
90	3.4	0.007762
90	3.5	0.0080683
90	3.6	0.0079817
90	3.7	0.0096315
90	3.8	0.010942
90	3.9	0.010921
90	4	0.010068
100	-4	0.010285
100	-3.9	0.010771
100	-3.8	0.01093
100	-3.7	0.010639
100	-3.6	0.010457
100	-3.5	0.0095201
100	-3.4	0.0094194
100	-3.3	0.0093453
100	-3.2	0.010328
100	-3.1	0.010252
100	-3	0.0099647
100	-2.9	0.0087505
100	-2.8	0.0080763
100	-2.7	0.010285
100	-2.6	0.01342
100	-2.5	0.018005
100	-2.4	0.022982
100	-2.3	0.025035
100	-2.2	0.026965
100	-2.1	0.028466
100	-2	0.029592
100	-1.9	0.032624
100	-1.8	0.035175
100	-1.7	0.036825
100	-1.6	0.036363
100	-1.5	0.03356
100	-1.4	0.028633
100	-1.3	0.022591
100	-1.2	0.021423
100	-1.1	0.026528
100	-1	0.031973
100	-0.9	0.038567
100	-0.8	0.04727
100	-0.7	0.052835
100	-0.6	0.053697
100	-0.5	0.051412
100	-0.4	0.046132
100	-0.3	0.039834
100	-0.2	0.030887
100	-0.1	0.026091
100	0	0.019491
100	0.1	0.016564
100	0.2	0.015195
100	0.3	0.015062
100	0.4	0.017937
100	0.5	0.024602
100	0.6	0.035109
100	0.7	0.040635
100	0.8	0.048261
100	0.9	0.05239
100	1	0.053338
100	1.1	0.05311
100	1.2	0.04828
100	1.3	0.044459
100	1.4	0.038481
100	1.5	0.034522
100	1.6	0.03225
100	1.7	0.031814
100	1.8	0.034146
100	1.9	0.035717
100	2	0.036418
100	2.1	0.035847
100	2.2	0.034849
100	2.3	0.032217
100	2.4	0.030702
100	2.5	0.027606
100	2.6	0.025834
100	2.7	0.02425
100	2.8	0.021929
100	2.9	0.019233
100	3	0.015271
100	3.1	0.011908
100	3.2	0.0092933
100	3.3	0.0073051
100	3.4	0.0078346
100	3.5	0.0087505
100	3.6	0.01026
100	3.7	0.010443
100	3.8	0.01018
100	3.9	0.0091796
100	4	0.0086875
110	-4	0.0087542
110	-3.9	0.01032
110	-3.8	0.010778
110	-3.7	0.010542
110	-3.6	0.0090608
110	-3.5	0.0077265
110	-3.4	0.0073206
110	-3.3	0.0082112
110	-3.2	0.0090179
110	-3.1	0.010172
110	-3	0.0093574
110	-2.9	0.0080843
110	-2.8	0.0071214
110	-2.7	0.0089405
110	-2.6	0.013498
110	-2.5	0.01697
110	-2.4	0.021766
110	-2.3	0.024039
110	-2.2	0.026197
110	-2.1	0.02827
110	-2	0.029438
110	-1.9	0.031656
110	-1.8	0.034676
110	-1.7	0.036226
110	-1.6	0.036163
110	-1.5	0.034589
110	-1.4	0.029824
110	-1.3	0.023236
110	-1.2	0.021141
110	-1.1	0.026773
110	-1	0.033255
110	-0.9	0.042534
110	-0.8	0.050267
110	-0.7	0.053285
110	-0.6	0.053647
110	-0.5	0.050177
110	-0.4	0.044487
110	-0.3	0.037079
110	-0.2	0.031072
110	-0.1	0.023808
110	0	0.018773
110	0.1	0.016787
110	0.2	0.015614
110	0.3	0.017226
110	0.4	0.021833
110	0.5	0.027563
110	0.6	0.034148
110	0.7	0.042075
110	0.8	0.047734
110	0.9	0.049917
110	1	0.051208
110	1.1	0.049625
110	1.2	0.046559
110	1.3	0.042656
110	1.4	0.037303
110	1.5	0.034177
110	1.6	0.032035
110	1.7	0.03259
110	1.8	0.03339
110	1.9	0.035591
110	2	0.037326
110	2.1	0.037717
110	2.2	0.036795
110	2.3	0.034476
110	2.4	0.032407
110	2.5	0.0294
110	2.6	0.026776
110	2.7	0.025028
110	2.8	0.022722
110	2.9	0.019898
110	3	0.015887
110	3.1	0.013968
110	3.2	0.010857
110	3.3	0.0096415
110	3.4	0.0097797
110	3.5	0.010836
110	3.6	0.011541
110	3.7	0.011911
110	3.8	0.011601
110	3.9	0.011375
110	4	0.011506
120	-4	0.0075766
120	-3.9	0.0087154
120	-3.8	0.009924
120	-3.7	0.0096867
120	-3.6	0.0095031
120	-3.5	0.006635
120	-3.4	0.0053272
120	-3.3	0.0059952
120	-3.2	0.0077328
120	-3.1	0.0085563
120	-3	0.0091
120	-2.9	0.0073228
120	-2.8	0.0073007
120	-2.7	0.00944
120	-2.6	0.014669
120	-2.5	0.02025
120	-2.4	0.024375
120	-2.3	0.026497
120	-2.2	0.027091
120	-2.1	0.027314
120	-2	0.027223
120	-1.9	0.028623
120	-1.8	0.030117
120	-1.7	0.030698
120	-1.6	0.030272
120	-1.5	0.027513
120	-1.4	0.023043
120	-1.3	0.018873
120	-1.2	0.017955
120	-1.1	0.021781
120	-1	0.034449
120	-0.9	0.042236
120	-0.8	0.046398
120	-0.7	0.051607
120	-0.6	0.052249
120	-0.5	0.050832
120	-0.4	0.045557
120	-0.3	0.037294
120	-0.2	0.03042
120	-0.1	0.023127
120	0	0.017214
120	0.1	0.014918
120	0.2	0.013839
120	0.3	0.015443
120	0.4	0.01882
120	0.5	0.025549
120	0.6	0.031946
120	0.7	0.039224
120	0.8	0.046635
120	0.9	0.05011
120	1	0.051526
120	1.1	0.050706
120	1.2	0.048483
120	1.3	0.044754
120	1.4	0.040832
120	1.5	0.03779
120	1.6	0.034384
120	1.7	0.033462
120	1.8	0.033552
120	1.9	0.033952
120	2	0.034614
120	2.1	0.034998
120	2.2	0.035548
120	2.3	0.035335
120	2.4	0.034566
120	2.5	0.0323
120	2.6	0.029446
120	2.7	0.028028
120	2.8	0.023387
120	2.9	0.019753
120	3	0.016328
120	3.1	0.013004
120	3.2	0.011969
120	3.3	0.011651
120	3.4	0.010998
120	3.5	0.010086
120	3.6	0.0094707
120	3.7	0.0084937
120	3.8	0.008425
120	3.9	0.010076
120	4	0.011441
130	-4	0.0068954
130	-3.9	0.0089892
130	-3.8	0.0089098
130	-3.7	0.0095455
130	-3.6	0.0082034
130	-3.5	0.006669
130	-3.4	0.0052168
130	-3.3	0.0056339
130	-3.2	0.0081262
130	-3.1	0.0092182
130	-3	0.0092392
130	-2.9	0.0083052
130	-2.8	0.007851
130	-2.7	0.010175
130	-2.6	0.015005
130	-2.5	0.020261
130	-2.4	0.023747
130	-2.3	0.026398
130	-2.2	0.027133
130	-2.1	0.026419
130	-2	0.02605
130	-1.9	0.026212
130	-1.8	0.027191
130	-1.7	0.028149
130	-1.6	0.028336
130	-1.5	0.025751
130	-1.4	0.022602
130	-1.3	0.018132
130	-1.2	0.016303
130	-1.1	0.019635
130	-1	0.029579
130	-0.9	0.041244
130	-0.8	0.050319
130	-0.7	0.053362
130	-0.6	0.054159
130	-0.5	0.052706
130	-0.4	0.044991
130	-0.3	0.039337
130	-0.2	0.029841
130	-0.1	0.024248
130	0	0.017776
130	0.1	0.014186
130	0.2	0.012775
130	0.3	0.014899
130	0.4	0.018688
130	0.5	0.027802
130	0.6	0.03542
130	0.7	0.042577
130	0.8	0.048797
130	0.9	0.051754
130	1	0.052877
130	1.1	0.050808
130	1.2	0.047959
130	1.3	0.044572
130	1.4	0.038537
130	1.5	0.035853
130	1.6	0.032133
130	1.7	0.030609
130	1.8	0.031091
130	1.9	0.031743
130	2	0.033043
130	2.1	0.033282
130	2.2	0.032815
130	2.3	0.031419
130	2.4	0.029784
130	2.5	0.028036
130	2.6	0.02548
130	2.7	0.023536
130	2.8	0.021122
130	2.9	0.018477
130	3	0.016024
130	3.1	0.012974
130	3.2	0.011242
130	3.3	0.0097846
130	3.4	0.0095894
130	3.5	0.0089568
130	3.6	0.0088076
130	3.7	0.0079635
130	3.8	0.0081122
130	3.9	0.0084365
130	4	0.0089061
140	-4	0.0074583
140	-3.9	0.0084861
140	-3.8	0.0086801
140	-3.7	0.0079635
140	-3.6	0.0068954
140	-3.5	0.0053363
140	-3.4	0.0057108
140	-3.3	0.0063232
140	-3.2	0.0079146
140	-3.1	0.0081023
140	-3	0.0077098
140	-2.9	0.0082759
140	-2.8	0.010939
140	-2.7	0.015121
140	-2.6	0.018906
140	-2.5	0.022612
140	-2.4	0.025545
140	-2.3	0.026942
140	-2.2	0.027399
140	-2.1	0.0275
140	-2	0.028108
140	-1.9	0.029533
140	-1.8	0.030247
140	-1.7	0.030629
140	-1.6	0.029372
140	-1.5	0.023891
140	-1.4	0.020977
140	-1.3	0.016791
140	-1.2	0.018122
140	-1.1	0.029453
140	-1	0.033002
140	-0.9	0.045217
140	-0.8	0.049391
140	-0.7	0.051088
140	-0.6	0.050256
140	-0.5	0.044998
140	-0.4	0.038906
140	-0.3	0.033932
140	-0.2	0.026171
140	-0.1	0.021082
140	0	0.017496
140	0.1	0.015094
140	0.2	0.013666
140	0.3	0.016307
140	0.4	0.019141
140	0.5	0.02464
140	0.6	0.032001
140	0.7	0.03911
140	0.8	0.046499
140	0.9	0.049805
140	1	0.051962
140	1.1	0.051231
140	1.2	0.047879
140	1.3	0.043856
140	1.4	0.040785
140	1.5	0.034474
140	1.6	0.030741
140	1.7	0.029439
140	1.8	0.030647
140	1.9	0.033195
140	2	0.034658
140	2.1	0.035176
140	2.2	0.033932
140	2.3	0.032116
140	2.4	0.030791
140	2.5	0.027743
140	2.6	0.025397
140	2.7	0.02408
140	2.8	0.022074
140	2.9	0.021142
140	3	0.018671
140	3.1	0.014626
140	3.2	0.011454
140	3.3	0.0092794
140	3.4	0.0080983
140	3.5	0.0079003
140	3.6	0.0080863
140	3.7	0.0086521
140	3.8	0.0088058
140	3.9	0.0084499
140	4	0.0085695
150	-4	0.0070918
150	-3.9	0.0073996
150	-3.8	0.0079126
150	-3.7	0.0068883
150	-3.6	0.0062123
150	-3.5	0.0053211
150	-3.4	0.0063741
150	-3.3	0.0068883
150	-3.2	0.0082446
150	-3.1	0.0082544
150	-3	0.0087283
150	-2.9	0.0092235
150	-2.8	0.011679
150	-2.7	0.013507
150	-2.6	0.018021
150	-2.5	0.021297
150	-2.4	0.024086
150	-2.3	0.024917
150	-2.2	0.025017
150	-2.1	0.024843
150	-2	0.025213
150	-1.9	0.025986
150	-1.8	0.027509
150	-1.7	0.027872
150	-1.6	0.026579
150	-1.5	0.02361
150	-1.4	0.019854
150	-1.3	0.016352
150	-1.2	0.018563
150	-1.1	0.025626
150	-1	0.035263
150	-0.9	0.043158
150	-0.8	0.050336
150	-0.7	0.052487
150	-0.6	0.052313
150	-0.5	0.049541
150	-0.4	0.042897
150	-0.3	0.032607
150	-0.2	0.025044
150	-0.1	0.020054
150	0	0.015994
150	0.1	0.013075
150	0.2	0.011722
150	0.3	0.012493
150	0.4	0.018947
150	0.5	0.024215
150	0.6	0.035314
150	0.7	0.041211
150	0.8	0.0472
150	0.9	0.050556
150	1	0.052443
150	1.1	0.05151
150	1.2	0.048861
150	1.3	0.043364
150	1.4	0.03725
150	1.5	0.03392
150	1.6	0.031616
150	1.7	0.031006
150	1.8	0.031618
150	1.9	0.033335
150	2	0.034814
150	2.1	0.034255
150	2.2	0.033139
150	2.3	0.031013
150	2.4	0.029996
150	2.5	0.027778
150	2.6	0.026237
150	2.7	0.023289
150	2.8	0.021461
150	2.9	0.020304
150	3	0.016736
150	3.1	0.011813
150	3.2	0.010571
150	3.3	0.0080482
150	3.4	0.0074562
150	3.5	0.0078654
150	3.6	0.0084594
150	3.7	0.0086465
150	3.8	0.0091018
150	3.9	0.0089946
150	4	0.0090608
160	-4	0.005582
160	-3.9	0.0070001
160	-3.8	0.0064422
160	-3.7	0.0066593
160	-3.6	0.0057023
160	-3.5	0.0054413
160	-3.4	0.0060167
160	-3.3	0.0075317
160	-3.2	0.0079756
160	-3.1	0.007693
160	-3	0.0073404
160	-2.9	0.0085013
160	-2.8	0.011338
160	-2.7	0.016258
160	-2.6	0.021578
160	-2.5	0.024263
160	-2.4	0.026128
160	-2.3	0.026237
160	-2.2	0.025521
160	-2.1	0.024783
160	-2	0.025154
160	-1.9	0.027025
160	-1.8	0.029226
160	-1.7	0.029757
160	-1.6	0.028612
160	-1.5	0.025896
160	-1.4	0.019809
160	-1.3	0.016832
160	-1.2	0.017988
160	-1.1	0.027117
160	-1	0.03738
160	-0.9	0.044277
160	-0.8	0.050961
160	-0.7	0.05401
160	-0.6	0.051062
160	-0.5	0.046562
160	-0.4	0.04343
160	-0.3	0.03299
160	-0.2	0.0243
160	-0.1	0.017836
160	0	0.013847
160	0.1	0.011898
160	0.2	0.012349
160	0.3	0.013745
160	0.4	0.01917
160	0.5	0.023565
160	0.6	0.034493
160	0.7	0.040336
160	0.8	0.047075
160	0.9	0.050861
160	1	0.052864
160	1.1	0.052097
160	1.2	0.046434
160	1.3	0.041701
160	1.4	0.035605
160	1.5	0.030146
160	1.6	0.028566
160	1.7	0.028369
160	1.8	0.030249
160	1.9	0.032297
160	2	0.032682
160	2.1	0.032219
160	2.2	0.030799
160	2.3	0.02885
160	2.4	0.028343
160	2.5	0.02709
160	2.6	0.024547
160	2.7	0.023486
160	2.8	0.021808
160	2.9	0.017378
160	3	0.015684
160	3.1	0.011972
160	3.2	0.010435
160	3.3	0.0090982
160	3.4	0.0087468
160	3.5	0.0084307
160	3.6	0.0078654
160	3.7	0.0076149
160	3.8	0.0084975
160	3.9	0.0089874
160	4	0.0092515
170	-4	0.0053695
170	-3.9	0.005582
170	-3.8	0.005257
170	-3.7	0.0053302
170	-3.6	0.0053514
170	-3.5	0.0055559
170	-3.4	0.0060194
170	-3.3	0.0070001
170	-3.2	0.0068743
170	-3.1	0.0076021
170	-3	0.0081797
170	-2.9	0.008964
170	-2.8	0.011651
170	-2.7	0.015002
170	-2.6	0.019881
170	-2.5	0.022309
170	-2.4	0.02313
170	-2.3	0.024406
170	-2.2	0.024544
170	-2.1	0.02493
170	-2	0.026632
170	-1.9	0.028095
170	-1.8	0.030204
170	-1.7	0.029816
170	-1.6	0.027651
170	-1.5	0.024237
170	-1.4	0.018471
170	-1.3	0.018156
170	-1.2	0.024571
170	-1.1	0.028372
170	-1	0.037885
170	-0.9	0.049203
170	-0.8	0.053798
170	-0.7	0.054804
170	-0.6	0.053341
170	-0.5	0.047936
170	-0.4	0.039718
170	-0.3	0.03009
170	-0.2	0.021467
170	-0.1	0.017187
170	0	0.011999
170	0.1	0.01121
170	0.2	0.011997
170	0.3	0.013582
170	0.4	0.018162
170	0.5	0.024279
170	0.6	0.035089
170	0.7	0.042126
170	0.8	0.048547
170	0.9	0.050828
170	1	0.052202
170	1.1	0.049032
170	1.2	0.044982
170	1.3	0.040824
170	1.4	0.033201
170	1.5	0.03053
170	1.6	0.028929
170	1.7	0.030083
170	1.8	0.030796
170	1.9	0.032023
170	2	0.031824
170	2.1	0.030723
170	2.2	0.029887
170	2.3	0.028428
170	2.4	0.026945
170	2.5	0.025251
170	2.6	0.023033
170	2.7	0.020531
170	2.8	0.018922
170	2.9	0.015468
170	3	0.014019
170	3.1	0.011755
170	3.2	0.0092182
170	3.3	0.0083518
170	3.4	0.0074821
170	3.5	0.0073514
170	3.6	0.0080943
170	3.7	0.0081122
170	3.8	0.0085032
170	3.9	0.0091231
170	4	0.009248
180	-4	0.006517
180	-3.9	0.0068954
180	-3.8	0.0077807
180	-3.7	0.0077349
180	-3.6	0.0076909
180	-3.5	0.006846
180	-3.4	0.0059763
180	-3.3	0.0062796
180	-3.2	0.0063155
180	-3.1	0.0072896
180	-3	0.0071936
180	-2.9	0.0077245
180	-2.8	0.008982
180	-2.7	0.013342
180	-2.6	0.018069
180	-2.5	0.023078
180	-2.4	0.025258
180	-2.3	0.027739
180	-2.2	0.028857
180	-2.1	0.029113
180	-2	0.02934
180	-1.9	0.0305
180	-1.8	0.03158
180	-1.7	0.031733
180	-1.6	0.028743
180	-1.5	0.026959
180	-1.4	0.022786
180	-1.3	0.022573
180	-1.2	0.030115
180	-1.1	0.036537
180	-1	0.042424
180	-0.9	0.050155
180	-0.8	0.053593
180	-0.7	0.05317
180	-0.6	0.049902
180	-0.5	0.044475
180	-0.4	0.032963
180	-0.3	0.025557
180	-0.2	0.020323
180	-0.1	0.015395
180	0	0.012599
180	0.1	0.012082
180	0.2	0.01243
180	0.3	0.015318
180	0.4	0.023069
180	0.5	0.02841
180	0.6	0.035196
180	0.7	0.040469
180	0.8	0.04471
180	0.9	0.047273
180	1	0.047762
180	1.1	0.04481
180	1.2	0.042442
180	1.3	0.039842
180	1.4	0.036161
180	1.5	0.033452
180	1.6	0.031092
180	1.7	0.030064
180	1.8	0.029715
180	1.9	0.03007
180	2	0.030299
180	2.1	0.030381
180	2.2	0.030655
180	2.3	0.030456
180	2.4	0.029707
180	2.5	0.028466
180	2.6	0.026155
180	2.7	0.021913
180	2.8	0.019477
180	2.9	0.017578
180	3	0.012944
180	3.1	0.011639
180	3.2	0.010311
180	3.3	0.0091866
180	3.4	0.0084975
180	3.5	0.0078757
180	3.6	0.0077307
180	3.7	0.006879
180	3.8	0.00748
180	3.9	0.0073646
180	4	0.0079756
 
Uniformity Ratio =0.64887
