03-Jan-2018
13:48
TXR  007987 RM428 R24
33511B Function Generator
SN =Agilent Technologies,33511B,MY52301476,3.05-1.19-2.00-52-00
freq =+9.230000000000000E+06
burstmode =TRIG
burstN =+6.000000000000000E+01
voltage =+1.5000000000000E-01
 
DSO-X 2022A Oscilloscope
SN =AGILENT TECHNOLOGIES,DSO-X 2022A,MY54310921,02.41.2015102200
probe =+1.0000000E+00
scale =+500.0E-09
position =+19.900000E-06
range =+1.60E+00
units =VOLT
points =+2000
pointmode =NORM
format =BYTE
acqtype =NORM
trigsource =EXT
coupling =AC
 
-180	-4	0.012853
-180	-3.9	0.013949
-180	-3.8	0.013218
-180	-3.7	0.011545
-180	-3.6	0.0090608
-180	-3.5	0.0082525
-180	-3.4	0.0090412
-180	-3.3	0.010222
-180	-3.2	0.010121
-180	-3.1	0.0087283
-180	-3	0.0067028
-180	-2.9	0.0071123
-180	-2.8	0.010657
-180	-2.7	0.016231
-180	-2.6	0.021316
-180	-2.5	0.024488
-180	-2.4	0.027149
-180	-2.3	0.027839
-180	-2.2	0.028185
-180	-2.1	0.029363
-180	-2	0.030672
-180	-1.9	0.034334
-180	-1.8	0.03693
-180	-1.7	0.03725
-180	-1.6	0.035361
-180	-1.5	0.02866
-180	-1.4	0.022132
-180	-1.3	0.01854
-180	-1.2	0.020807
-180	-1.1	0.027753
-180	-1	0.03668
-180	-0.9	0.04677
-180	-0.8	0.051748
-180	-0.7	0.052967
-180	-0.6	0.051089
-180	-0.5	0.046303
-180	-0.4	0.03997
-180	-0.3	0.032455
-180	-0.2	0.024379
-180	-0.1	0.019768
-180	0	0.01683
-180	0.1	0.016368
-180	0.2	0.017946
-180	0.3	0.022314
-180	0.4	0.028126
-180	0.5	0.03192
-180	0.6	0.038899
-180	0.7	0.043657
-180	0.8	0.046062
-180	0.9	0.046514
-180	1	0.044802
-180	1.1	0.041807
-180	1.2	0.037459
-180	1.3	0.034426
-180	1.4	0.032435
-180	1.5	0.03202
-180	1.6	0.032816
-180	1.7	0.033382
-180	1.8	0.033786
-180	1.9	0.033824
-180	2	0.032518
-180	2.1	0.030861
-180	2.2	0.028391
-180	2.3	0.025848
-180	2.4	0.024202
-180	2.5	0.022551
-180	2.6	0.020526
-180	2.7	0.018876
-180	2.8	0.016348
-180	2.9	0.013678
-180	3	0.012269
-180	3.1	0.010033
-180	3.2	0.0096834
-180	3.3	0.0096281
-180	3.4	0.010457
-180	3.5	0.01097
-180	3.6	0.010343
-180	3.7	0.0098193
-180	3.8	0.0095759
-180	3.9	0.008991
-180	4	0.0086763
-170	-4	0.010438
-170	-3.9	0.013443
-170	-3.8	0.014877
-170	-3.7	0.015181
-170	-3.6	0.01308
-170	-3.5	0.010931
-170	-3.4	0.0089856
-170	-3.3	0.008526
-170	-3.2	0.010049
-170	-3.1	0.010314
-170	-3	0.0096147
-170	-2.9	0.0083595
-170	-2.8	0.0095201
-170	-2.7	0.013828
-170	-2.6	0.021604
-170	-2.5	0.026158
-170	-2.4	0.03126
-170	-2.3	0.032178
-170	-2.2	0.032594
-170	-2.1	0.032069
-170	-2	0.03189
-170	-1.9	0.033089
-170	-1.8	0.034713
-170	-1.7	0.035109
-170	-1.6	0.033586
-170	-1.5	0.029745
-170	-1.4	0.024474
-170	-1.3	0.021366
-170	-1.2	0.021836
-170	-1.1	0.027952
-170	-1	0.035156
-170	-0.9	0.04563
-170	-0.8	0.049379
-170	-0.7	0.052299
-170	-0.6	0.052188
-170	-0.5	0.049233
-170	-0.4	0.043254
-170	-0.3	0.036731
-170	-0.2	0.029933
-170	-0.1	0.024919
-170	0	0.018964
-170	0.1	0.016139
-170	0.2	0.016971
-170	0.3	0.020558
-170	0.4	0.026838
-170	0.5	0.031832
-170	0.6	0.037821
-170	0.7	0.042672
-170	0.8	0.044127
-170	0.9	0.046004
-170	1	0.046321
-170	1.1	0.045025
-170	1.2	0.041844
-170	1.3	0.039501
-170	1.4	0.035401
-170	1.5	0.033611
-170	1.6	0.031797
-170	1.7	0.03199
-170	1.8	0.032956
-170	1.9	0.034724
-170	2	0.035315
-170	2.1	0.033096
-170	2.2	0.031446
-170	2.3	0.027407
-170	2.4	0.024219
-170	2.5	0.019907
-170	2.6	0.018787
-170	2.7	0.01739
-170	2.8	0.016149
-170	2.9	0.013813
-170	3	0.012178
-170	3.1	0.0096867
-170	3.2	0.0090108
-170	3.3	0.008609
-170	3.4	0.0095269
-170	3.5	0.009911
-170	3.6	0.010129
-170	3.7	0.0098291
-170	3.8	0.0094895
-170	3.9	0.0081441
-170	4	0.0078982
-160	-4	0.013143
-160	-3.9	0.014287
-160	-3.8	0.013357
-160	-3.7	0.011495
-160	-3.6	0.0093902
-160	-3.5	0.0072496
-160	-3.4	0.0079187
-160	-3.3	0.0098357
-160	-3.2	0.010636
-160	-3.1	0.010607
-160	-3	0.0088825
-160	-2.9	0.0081401
-160	-2.8	0.0093055
-160	-2.7	0.015491
-160	-2.6	0.020637
-160	-2.5	0.025684
-160	-2.4	0.028103
-160	-2.3	0.029409
-160	-2.2	0.029638
-160	-2.1	0.030074
-160	-2	0.030439
-160	-1.9	0.03257
-160	-1.8	0.034576
-160	-1.7	0.034678
-160	-1.6	0.033354
-160	-1.5	0.026955
-160	-1.4	0.021013
-160	-1.3	0.018742
-160	-1.2	0.020301
-160	-1.1	0.028045
-160	-1	0.035611
-160	-0.9	0.049511
-160	-0.8	0.052926
-160	-0.7	0.056114
-160	-0.6	0.055479
-160	-0.5	0.050418
-160	-0.4	0.045462
-160	-0.3	0.03452
-160	-0.2	0.028977
-160	-0.1	0.022392
-160	0	0.016326
-160	0.1	0.014209
-160	0.2	0.014925
-160	0.3	0.019229
-160	0.4	0.023012
-160	0.5	0.028382
-160	0.6	0.034954
-160	0.7	0.039794
-160	0.8	0.041739
-160	0.9	0.042603
-160	1	0.042273
-160	1.1	0.039591
-160	1.2	0.036602
-160	1.3	0.033456
-160	1.4	0.032298
-160	1.5	0.031092
-160	1.6	0.030075
-160	1.7	0.029745
-160	1.8	0.03
-160	1.9	0.030338
-160	2	0.030033
-160	2.1	0.029532
-160	2.2	0.029133
-160	2.3	0.028494
-160	2.4	0.026165
-160	2.5	0.022302
-160	2.6	0.019894
-160	2.7	0.016523
-160	2.8	0.014121
-160	2.9	0.012785
-160	3	0.012166
-160	3.1	0.011661
-160	3.2	0.011206
-160	3.3	0.010243
-160	3.4	0.0093661
-160	3.5	0.0081321
-160	3.6	0.0078962
-160	3.7	0.0092637
-160	3.8	0.0097466
-160	3.9	0.0097333
-160	4	0.0090054
-150	-4	0.011382
-150	-3.9	0.013044
-150	-3.8	0.01372
-150	-3.7	0.012876
-150	-3.6	0.010884
-150	-3.5	0.0089892
-150	-3.4	0.0073887
-150	-3.3	0.0090323
-150	-3.2	0.011265
-150	-3.1	0.012383
-150	-3	0.010804
-150	-2.9	0.0088679
-150	-2.8	0.0068813
-150	-2.7	0.011845
-150	-2.6	0.018645
-150	-2.5	0.025428
-150	-2.4	0.030807
-150	-2.3	0.032662
-150	-2.2	0.033596
-150	-2.1	0.033489
-150	-2	0.033231
-150	-1.9	0.033725
-150	-1.8	0.035012
-150	-1.7	0.035212
-150	-1.6	0.034323
-150	-1.5	0.030652
-150	-1.4	0.025646
-150	-1.3	0.022408
-150	-1.2	0.026892
-150	-1.1	0.034307
-150	-1	0.045109
-150	-0.9	0.05137
-150	-0.8	0.057527
-150	-0.7	0.058121
-150	-0.6	0.055647
-150	-0.5	0.049775
-150	-0.4	0.042503
-150	-0.3	0.034944
-150	-0.2	0.026407
-150	-0.1	0.02221
-150	0	0.016156
-150	0.1	0.013911
-150	0.2	0.012714
-150	0.3	0.015855
-150	0.4	0.019467
-150	0.5	0.02842
-150	0.6	0.036285
-150	0.7	0.039392
-150	0.8	0.044191
-150	0.9	0.045602
-150	1	0.044224
-150	1.1	0.041965
-150	1.2	0.038427
-150	1.3	0.035572
-150	1.4	0.034274
-150	1.5	0.03285
-150	1.6	0.03166
-150	1.7	0.031623
-150	1.8	0.032124
-150	1.9	0.032024
-150	2	0.030932
-150	2.1	0.030204
-150	2.2	0.029531
-150	2.3	0.026701
-150	2.4	0.02461
-150	2.5	0.021953
-150	2.6	0.019398
-150	2.7	0.017961
-150	2.8	0.015869
-150	2.9	0.013233
-150	3	0.011322
-150	3.1	0.010668
-150	3.2	0.010252
-150	3.3	0.0098898
-150	3.4	0.010034
-150	3.5	0.0092811
-150	3.6	0.0088113
-150	3.7	0.0083827
-150	3.8	0.0088734
-150	3.9	0.0077495
-150	4	0.0078325
-140	-4	0.0091266
-140	-3.9	0.0109
-140	-3.8	0.011443
-140	-3.7	0.011781
-140	-3.6	0.0099175
-140	-3.5	0.009
-140	-3.4	0.0077328
-140	-3.3	0.0082466
-140	-3.2	0.0084632
-140	-3.1	0.0087911
-140	-3	0.0079695
-140	-2.9	0.0073272
-140	-2.8	0.0087357
-140	-2.7	0.013402
-140	-2.6	0.020416
-140	-2.5	0.025165
-140	-2.4	0.02746
-140	-2.3	0.029929
-140	-2.2	0.030226
-140	-2.1	0.030572
-140	-2	0.030927
-140	-1.9	0.032125
-140	-1.8	0.032717
-140	-1.7	0.032216
-140	-1.6	0.030164
-140	-1.5	0.025323
-140	-1.4	0.022081
-140	-1.3	0.020813
-140	-1.2	0.024504
-140	-1.1	0.034641
-140	-1	0.044957
-140	-0.9	0.051734
-140	-0.8	0.054938
-140	-0.7	0.056273
-140	-0.6	0.053202
-140	-0.5	0.049967
-140	-0.4	0.04111
-140	-0.3	0.032654
-140	-0.2	0.02345
-140	-0.1	0.019582
-140	0	0.012678
-140	0.1	0.0111
-140	0.2	0.01054
-140	0.3	0.013037
-140	0.4	0.018152
-140	0.5	0.023141
-140	0.6	0.031937
-140	0.7	0.037957
-140	0.8	0.040157
-140	0.9	0.04324
-140	1	0.043958
-140	1.1	0.04268
-140	1.2	0.039326
-140	1.3	0.035717
-140	1.4	0.033364
-140	1.5	0.029788
-140	1.6	0.028845
-140	1.7	0.028967
-140	1.8	0.030242
-140	1.9	0.031243
-140	2	0.031
-140	2.1	0.029744
-140	2.2	0.02856
-140	2.3	0.026255
-140	2.4	0.023038
-140	2.5	0.020585
-140	2.6	0.01789
-140	2.7	0.015416
-140	2.8	0.014254
-140	2.9	0.012839
-140	3	0.010415
-140	3.1	0.0091089
-140	3.2	0.0079594
-140	3.3	0.0077412
-140	3.4	0.0083595
-140	3.5	0.0082623
-140	3.6	0.0083711
-140	3.7	0.0083576
-140	3.8	0.0075424
-140	3.9	0.0067197
-140	4	0.0075016
-130	-4	0.0107
-130	-3.9	0.01142
-130	-3.8	0.011676
-130	-3.7	0.011719
-130	-3.6	0.010561
-130	-3.5	0.0098341
-130	-3.4	0.008446
-130	-3.3	0.0078056
-130	-3.2	0.0070575
-130	-3.1	0.0069514
-130	-3	0.0075188
-130	-2.9	0.0090573
-130	-2.8	0.011762
-130	-2.7	0.016379
-130	-2.6	0.019597
-130	-2.5	0.02303
-130	-2.4	0.025541
-130	-2.3	0.026242
-130	-2.2	0.027456
-130	-2.1	0.029563
-130	-2	0.031576
-130	-1.9	0.033545
-130	-1.8	0.034166
-130	-1.7	0.032496
-130	-1.6	0.028504
-130	-1.5	0.022967
-130	-1.4	0.019949
-130	-1.3	0.022297
-130	-1.2	0.031575
-130	-1.1	0.0371
-130	-1	0.04685
-130	-0.9	0.05495
-130	-0.8	0.05726
-130	-0.7	0.057025
-130	-0.6	0.053059
-130	-0.5	0.043046
-130	-0.4	0.035594
-130	-0.3	0.029503
-130	-0.2	0.021929
-130	-0.1	0.015721
-130	0	0.012422
-130	0.1	0.010089
-130	0.2	0.010942
-130	0.3	0.01441
-130	0.4	0.019458
-130	0.5	0.025066
-130	0.6	0.031838
-130	0.7	0.037257
-130	0.8	0.039361
-130	0.9	0.041149
-130	1	0.041031
-130	1.1	0.039263
-130	1.2	0.035758
-130	1.3	0.034182
-130	1.4	0.031621
-130	1.5	0.030602
-130	1.6	0.029759
-130	1.7	0.03002
-130	1.8	0.030218
-130	1.9	0.030175
-130	2	0.029322
-130	2.1	0.028641
-130	2.2	0.027448
-130	2.3	0.025255
-130	2.4	0.02333
-130	2.5	0.020582
-130	2.6	0.019145
-130	2.7	0.017093
-130	2.8	0.015874
-130	2.9	0.014051
-130	3	0.012628
-130	3.1	0.011286
-130	3.2	0.009778
-130	3.3	0.0082759
-130	3.4	0.0080623
-130	3.5	0.0082466
-130	3.6	0.0093902
-130	3.7	0.010118
-130	3.8	0.010079
-130	3.9	0.0096029
-130	4	0.0092445
-120	-4	0.0099061
-120	-3.9	0.01093
-120	-3.8	0.011077
-120	-3.7	0.010506
-120	-3.6	0.0083981
-120	-3.5	0.0076021
-120	-3.4	0.0069047
-120	-3.3	0.0071327
-120	-3.2	0.0075231
-120	-3.1	0.0070254
-120	-3	0.0065195
-120	-2.9	0.0079228
-120	-2.8	0.012921
-120	-2.7	0.016244
-120	-2.6	0.020536
-120	-2.5	0.022525
-120	-2.4	0.02434
-120	-2.3	0.025012
-120	-2.2	0.026244
-120	-2.1	0.028488
-120	-2	0.031537
-120	-1.9	0.032974
-120	-1.8	0.0342
-120	-1.7	0.031996
-120	-1.6	0.027532
-120	-1.5	0.023755
-120	-1.4	0.019068
-120	-1.3	0.023055
-120	-1.2	0.028854
-120	-1.1	0.037762
-120	-1	0.047134
-120	-0.9	0.054931
-120	-0.8	0.05777
-120	-0.7	0.056111
-120	-0.6	0.051859
-120	-0.5	0.042511
-120	-0.4	0.032305
-120	-0.3	0.023066
-120	-0.2	0.017544
-120	-0.1	0.012845
-120	0	0.010936
-120	0.1	0.0096332
-120	0.2	0.0092182
-120	0.3	0.01368
-120	0.4	0.018544
-120	0.5	0.023569
-120	0.6	0.03226
-120	0.7	0.035788
-120	0.8	0.039289
-120	0.9	0.039838
-120	1	0.038966
-120	1.1	0.035388
-120	1.2	0.032341
-120	1.3	0.030928
-120	1.4	0.029319
-120	1.5	0.028901
-120	1.6	0.028451
-120	1.7	0.028608
-120	1.8	0.028555
-120	1.9	0.027967
-120	2	0.027249
-120	2.1	0.026782
-120	2.2	0.025692
-120	2.3	0.024461
-120	2.4	0.022196
-120	2.5	0.019517
-120	2.6	0.01742
-120	2.7	0.015001
-120	2.8	0.013492
-120	2.9	0.012183
-120	3	0.011474
-120	3.1	0.01044
-120	3.2	0.0092759
-120	3.3	0.0076509
-120	3.4	0.0080923
-120	3.5	0.009213
-120	3.6	0.010353
-120	3.7	0.011332
-120	3.8	0.01117
-120	3.9	0.01001
-120	4	0.0087856
-110	-4	0.0069001
-110	-3.9	0.007347
-110	-3.8	0.0079289
-110	-3.7	0.0079146
-110	-3.6	0.008012
-110	-3.5	0.0074865
-110	-3.4	0.0071077
-110	-3.3	0.0073536
-110	-3.2	0.0074518
-110	-3.1	0.0070231
-110	-3	0.0073777
-110	-2.9	0.0086502
-110	-2.8	0.012032
-110	-2.7	0.017191
-110	-2.6	0.020158
-110	-2.5	0.024801
-110	-2.4	0.027546
-110	-2.3	0.029869
-110	-2.2	0.030778
-110	-2.1	0.031382
-110	-2	0.031992
-110	-1.9	0.032622
-110	-1.8	0.032306
-110	-1.7	0.030791
-110	-1.6	0.027169
-110	-1.5	0.022299
-110	-1.4	0.020314
-110	-1.3	0.022738
-110	-1.2	0.031585
-110	-1.1	0.041672
-110	-1	0.051545
-110	-0.9	0.055647
-110	-0.8	0.058084
-110	-0.7	0.056821
-110	-0.6	0.051811
-110	-0.5	0.04384
-110	-0.4	0.035551
-110	-0.3	0.026408
-110	-0.2	0.020844
-110	-0.1	0.014298
-110	0	0.0116
-110	0.1	0.010445
-110	0.2	0.0098783
-110	0.3	0.012294
-110	0.4	0.019047
-110	0.5	0.026191
-110	0.6	0.031574
-110	0.7	0.037559
-110	0.8	0.041264
-110	0.9	0.043503
-110	1	0.043462
-110	1.1	0.041768
-110	1.2	0.038863
-110	1.3	0.036573
-110	1.4	0.033969
-110	1.5	0.031107
-110	1.6	0.030534
-110	1.7	0.030411
-110	1.8	0.031056
-110	1.9	0.031544
-110	2	0.031611
-110	2.1	0.0306
-110	2.2	0.028918
-110	2.3	0.027063
-110	2.4	0.022952
-110	2.5	0.020705
-110	2.6	0.018673
-110	2.7	0.016861
-110	2.8	0.015738
-110	2.9	0.014206
-110	3	0.012217
-110	3.1	0.011229
-110	3.2	0.009416
-110	3.3	0.0092305
-110	3.4	0.0092916
-110	3.5	0.010345
-110	3.6	0.010606
-110	3.7	0.010021
-110	3.8	0.0091425
-110	3.9	0.0078982
-110	4	0.008274
-100	-4	0.0092427
-100	-3.9	0.0096197
-100	-3.8	0.0080923
-100	-3.7	0.0071734
-100	-3.6	0.0058451
-100	-3.5	0.0061021
-100	-3.4	0.0070895
-100	-3.3	0.0077558
-100	-3.2	0.0078552
-100	-3.1	0.0078654
-100	-3	0.0077641
-100	-2.9	0.011361
-100	-2.8	0.013949
-100	-2.7	0.018799
-100	-2.6	0.023408
-100	-2.5	0.025552
-100	-2.4	0.027948
-100	-2.3	0.02943
-100	-2.2	0.030228
-100	-2.1	0.030396
-100	-2	0.030023
-100	-1.9	0.029532
-100	-1.8	0.028264
-100	-1.7	0.026742
-100	-1.6	0.023896
-100	-1.5	0.019327
-100	-1.4	0.018642
-100	-1.3	0.022759
-100	-1.2	0.030153
-100	-1.1	0.037318
-100	-1	0.048393
-100	-0.9	0.052467
-100	-0.8	0.054801
-100	-0.7	0.05317
-100	-0.6	0.046747
-100	-0.5	0.03931
-100	-0.4	0.033934
-100	-0.3	0.024268
-100	-0.2	0.019088
-100	-0.1	0.012988
-100	0	0.011352
-100	0.1	0.0095878
-100	0.2	0.0097383
-100	0.3	0.012076
-100	0.4	0.018256
-100	0.5	0.025329
-100	0.6	0.031299
-100	0.7	0.039234
-100	0.8	0.043296
-100	0.9	0.045429
-100	1	0.0446
-100	1.1	0.042773
-100	1.2	0.039923
-100	1.3	0.036286
-100	1.4	0.034169
-100	1.5	0.033019
-100	1.6	0.033117
-100	1.7	0.03307
-100	1.8	0.032949
-100	1.9	0.031092
-100	2	0.028968
-100	2.1	0.027735
-100	2.2	0.026628
-100	2.3	0.025097
-100	2.4	0.023487
-100	2.5	0.022011
-100	2.6	0.020128
-100	2.7	0.017688
-100	2.8	0.014805
-100	2.9	0.011294
-100	3	0.0097747
-100	3.1	0.010033
-100	3.2	0.010472
-100	3.3	0.010007
-100	3.4	0.0099517
-100	3.5	0.0087265
-100	3.6	0.0082915
-100	3.7	0.0079979
-100	3.8	0.0077994
-100	3.9	0.0078798
-100	4	0.0090018
-90	-4	0.0079085
-90	-3.9	0.0078982
-90	-3.8	0.0073646
-90	-3.7	0.0067772
-90	-3.6	0.0059083
-90	-3.5	0.0062899
-90	-3.4	0.0064322
-90	-3.3	0.0074605
-90	-3.2	0.0080039
-90	-3.1	0.0082974
-90	-3	0.0092602
-90	-2.9	0.010679
-90	-2.8	0.013231
-90	-2.7	0.018063
-90	-2.6	0.021827
-90	-2.5	0.025555
-90	-2.4	0.028847
-90	-2.3	0.031344
-90	-2.2	0.032591
-90	-2.1	0.033211
-90	-2	0.032808
-90	-1.9	0.032383
-90	-1.8	0.030584
-90	-1.7	0.027873
-90	-1.6	0.024718
-90	-1.5	0.023122
-90	-1.4	0.023693
-90	-1.3	0.02792
-90	-1.2	0.033497
-90	-1.1	0.042824
-90	-1	0.049838
-90	-0.9	0.054754
-90	-0.8	0.055843
-90	-0.7	0.053997
-90	-0.6	0.047553
-90	-0.5	0.040695
-90	-0.4	0.032199
-90	-0.3	0.022786
-90	-0.2	0.015139
-90	-0.1	0.011879
-90	0	0.011301
-90	0.1	0.009963
-90	0.2	0.011348
-90	0.3	0.014985
-90	0.4	0.022767
-90	0.5	0.031614
-90	0.6	0.036691
-90	0.7	0.043024
-90	0.8	0.047297
-90	0.9	0.048093
-90	1	0.046555
-90	1.1	0.044753
-90	1.2	0.041921
-90	1.3	0.039022
-90	1.4	0.037888
-90	1.5	0.035629
-90	1.6	0.034098
-90	1.7	0.033034
-90	1.8	0.032051
-90	1.9	0.031563
-90	2	0.030755
-90	2.1	0.030224
-90	2.2	0.029462
-90	2.3	0.025619
-90	2.4	0.022444
-90	2.5	0.019096
-90	2.6	0.01522
-90	2.7	0.014044
-90	2.8	0.012956
-90	2.9	0.01232
-90	3	0.011698
-90	3.1	0.011301
-90	3.2	0.01082
-90	3.3	0.0091053
-90	3.4	0.0080261
-90	3.5	0.0076276
-90	3.6	0.0083188
-90	3.7	0.0092567
-90	3.8	0.0091425
-90	3.9	0.0084211
-90	4	0.0078242
-80	-4	0.006369
-80	-3.9	0.0057895
-80	-3.8	0.0055559
-80	-3.7	0.0061047
-80	-3.6	0.0068648
-80	-3.5	0.0087745
-80	-3.4	0.0092759
-80	-3.3	0.00966
-80	-3.2	0.0094588
-80	-3.1	0.0088296
-80	-3	0.009963
-80	-2.9	0.013505
-80	-2.8	0.017391
-80	-2.7	0.022363
-80	-2.6	0.025757
-80	-2.5	0.028423
-80	-2.4	0.030152
-80	-2.3	0.030208
-80	-2.2	0.030041
-80	-2.1	0.030073
-80	-2	0.030897
-80	-1.9	0.031826
-80	-1.8	0.032579
-80	-1.7	0.030313
-80	-1.6	0.027122
-80	-1.5	0.021671
-80	-1.4	0.020834
-80	-1.3	0.029683
-80	-1.2	0.035845
-80	-1.1	0.046629
-80	-1	0.055004
-80	-0.9	0.05786
-80	-0.8	0.057261
-80	-0.7	0.052198
-80	-0.6	0.048095
-80	-0.5	0.039129
-80	-0.4	0.029255
-80	-0.3	0.020432
-80	-0.2	0.015702
-80	-0.1	0.01249
-80	0	0.012557
-80	0.1	0.014329
-80	0.2	0.017782
-80	0.3	0.024379
-80	0.4	0.029342
-80	0.5	0.035773
-80	0.6	0.042786
-80	0.7	0.046273
-80	0.8	0.047259
-80	0.9	0.048453
-80	1	0.047089
-80	1.1	0.043811
-80	1.2	0.042114
-80	1.3	0.03846
-80	1.4	0.035439
-80	1.5	0.033642
-80	1.6	0.032147
-80	1.7	0.032016
-80	1.8	0.032275
-80	1.9	0.032358
-80	2	0.031356
-80	2.1	0.030154
-80	2.2	0.027858
-80	2.3	0.025911
-80	2.4	0.022544
-80	2.5	0.020106
-80	2.6	0.018197
-80	2.7	0.017149
-80	2.8	0.016568
-80	2.9	0.01575
-80	3	0.013565
-80	3.1	0.012646
-80	3.2	0.011605
-80	3.3	0.009665
-80	3.4	0.0087653
-80	3.5	0.0092532
-80	3.6	0.0099857
-80	3.7	0.010851
-80	3.8	0.010798
-80	3.9	0.010502
-80	4	0.010188
-70	-4	0.0098783
-70	-3.9	0.0094519
-70	-3.8	0.0086745
-70	-3.7	0.0070116
-70	-3.6	0.00711
-70	-3.5	0.0083556
-70	-3.4	0.0099305
-70	-3.3	0.010347
-70	-3.2	0.011664
-70	-3.1	0.013072
-70	-3	0.014837
-70	-2.9	0.018575
-70	-2.8	0.021479
-70	-2.7	0.025665
-70	-2.6	0.028299
-70	-2.5	0.02998
-70	-2.4	0.03054
-70	-2.3	0.030355
-70	-2.2	0.030651
-70	-2.1	0.031249
-70	-2	0.032775
-70	-1.9	0.033743
-70	-1.8	0.033542
-70	-1.7	0.029649
-70	-1.6	0.026502
-70	-1.5	0.022226
-70	-1.4	0.021406
-70	-1.3	0.027003
-70	-1.2	0.03537
-70	-1.1	0.048306
-70	-1	0.05414
-70	-0.9	0.058826
-70	-0.8	0.05912
-70	-0.7	0.055931
-70	-0.6	0.048995
-70	-0.5	0.040604
-70	-0.4	0.030811
-70	-0.3	0.024402
-70	-0.2	0.016204
-70	-0.1	0.014682
-70	0	0.015494
-70	0.1	0.018075
-70	0.2	0.021789
-70	0.3	0.026403
-70	0.4	0.033824
-70	0.5	0.039662
-70	0.6	0.04553
-70	0.7	0.051263
-70	0.8	0.053377
-70	0.9	0.052547
-70	1	0.051084
-70	1.1	0.045785
-70	1.2	0.041217
-70	1.3	0.038655
-70	1.4	0.036125
-70	1.5	0.035765
-70	1.6	0.036492
-70	1.7	0.036366
-70	1.8	0.035912
-70	1.9	0.033124
-70	2	0.030283
-70	2.1	0.028533
-70	2.2	0.026483
-70	2.3	0.026009
-70	2.4	0.024812
-70	2.5	0.024326
-70	2.6	0.023097
-70	2.7	0.021266
-70	2.8	0.018162
-70	2.9	0.014456
-70	3	0.012879
-70	3.1	0.01234
-70	3.2	0.01247
-70	3.3	0.013134
-70	3.4	0.013072
-70	3.5	0.012844
-70	3.6	0.011938
-70	3.7	0.011086
-70	3.8	0.010557
-70	3.9	0.0098011
-70	4	0.0098636
-60	-4	0.0097183
-60	-3.9	0.0092147
-60	-3.8	0.0088021
-60	-3.7	0.0083653
-60	-3.6	0.0081698
-60	-3.5	0.008732
-60	-3.4	0.0097764
-60	-3.3	0.012682
-60	-3.2	0.014537
-60	-3.1	0.015645
-60	-3	0.017817
-60	-2.9	0.019474
-60	-2.8	0.023007
-60	-2.7	0.026214
-60	-2.6	0.029409
-60	-2.5	0.032128
-60	-2.4	0.033267
-60	-2.3	0.033098
-60	-2.2	0.032715
-60	-2.1	0.033455
-60	-2	0.034341
-60	-1.9	0.034436
-60	-1.8	0.033673
-60	-1.7	0.030191
-60	-1.6	0.026921
-60	-1.5	0.024524
-60	-1.4	0.026626
-60	-1.3	0.030119
-60	-1.2	0.035984
-60	-1.1	0.047431
-60	-1	0.05326
-60	-0.9	0.057951
-60	-0.8	0.058382
-60	-0.7	0.054233
-60	-0.6	0.049022
-60	-0.5	0.043793
-60	-0.4	0.03486
-60	-0.3	0.02375
-60	-0.2	0.019815
-60	-0.1	0.017383
-60	0	0.017521
-60	0.1	0.019132
-60	0.2	0.023371
-60	0.3	0.029171
-60	0.4	0.03571
-60	0.5	0.044619
-60	0.6	0.049379
-60	0.7	0.054734
-60	0.8	0.055711
-60	0.9	0.055025
-60	1	0.053044
-60	1.1	0.048549
-60	1.2	0.044312
-60	1.3	0.040995
-60	1.4	0.038847
-60	1.5	0.038074
-60	1.6	0.037621
-60	1.7	0.037248
-60	1.8	0.035007
-60	1.9	0.0333
-60	2	0.031197
-60	2.1	0.028693
-60	2.2	0.027326
-60	2.3	0.026798
-60	2.4	0.026542
-60	2.5	0.025132
-60	2.6	0.023991
-60	2.7	0.019913
-60	2.8	0.018018
-60	2.9	0.014942
-60	3	0.012442
-60	3.1	0.010903
-60	3.2	0.011628
-60	3.3	0.011814
-60	3.4	0.011977
-60	3.5	0.011745
-60	3.6	0.011122
-60	3.7	0.0099305
-60	3.8	0.0095235
-60	3.9	0.0095607
-60	4	0.010052
-50	-4	0.0077558
-50	-3.9	0.007568
-50	-3.8	0.0077683
-50	-3.7	0.0095252
-50	-3.6	0.010971
-50	-3.5	0.01218
-50	-3.4	0.012722
-50	-3.3	0.013304
-50	-3.2	0.013751
-50	-3.1	0.014811
-50	-3	0.017207
-50	-2.9	0.021371
-50	-2.8	0.024759
-50	-2.7	0.028628
-50	-2.6	0.032572
-50	-2.5	0.035097
-50	-2.4	0.035801
-50	-2.3	0.036424
-50	-2.2	0.036739
-50	-2.1	0.037297
-50	-2	0.038236
-50	-1.9	0.037548
-50	-1.8	0.036472
-50	-1.7	0.032681
-50	-1.6	0.029066
-50	-1.5	0.028203
-50	-1.4	0.030867
-50	-1.3	0.035668
-50	-1.2	0.043341
-50	-1.1	0.04999
-50	-1	0.055892
-50	-0.9	0.059146
-50	-0.8	0.058604
-50	-0.7	0.054202
-50	-0.6	0.049931
-50	-0.5	0.041773
-50	-0.4	0.033452
-50	-0.3	0.027502
-50	-0.2	0.022772
-50	-0.1	0.020962
-50	0	0.021672
-50	0.1	0.024847
-50	0.2	0.027565
-50	0.3	0.033192
-50	0.4	0.039216
-50	0.5	0.045628
-50	0.6	0.049605
-50	0.7	0.054881
-50	0.8	0.057362
-50	0.9	0.057608
-50	1	0.055793
-50	1.1	0.052794
-50	1.2	0.048471
-50	1.3	0.044648
-50	1.4	0.040437
-50	1.5	0.037831
-50	1.6	0.036478
-50	1.7	0.036797
-50	1.8	0.037322
-50	1.9	0.037192
-50	2	0.035571
-50	2.1	0.032942
-50	2.2	0.030791
-50	2.3	0.027796
-50	2.4	0.024863
-50	2.5	0.023608
-50	2.6	0.022668
-50	2.7	0.021106
-50	2.8	0.018886
-50	2.9	0.01698
-50	3	0.015219
-50	3.1	0.013925
-50	3.2	0.013178
-50	3.3	0.01313
-50	3.4	0.012819
-50	3.5	0.012742
-50	3.6	0.011771
-50	3.7	0.011271
-50	3.8	0.010795
-50	3.9	0.010583
-50	4	0.010768
-40	-4	0.010739
-40	-3.9	0.0096231
-40	-3.8	0.0083518
-40	-3.7	0.0080923
-40	-3.6	0.010241
-40	-3.5	0.013609
-40	-3.4	0.015417
-40	-3.3	0.016172
-40	-3.2	0.016058
-40	-3.1	0.015654
-40	-3	0.015878
-40	-2.9	0.019281
-40	-2.8	0.023392
-40	-2.7	0.028558
-40	-2.6	0.035269
-40	-2.5	0.037509
-40	-2.4	0.037145
-40	-2.3	0.035798
-40	-2.2	0.033728
-40	-2.1	0.033539
-40	-2	0.036067
-40	-1.9	0.038313
-40	-1.8	0.039281
-40	-1.7	0.038164
-40	-1.6	0.0347
-40	-1.5	0.029958
-40	-1.4	0.029171
-40	-1.3	0.034679
-40	-1.2	0.040619
-40	-1.1	0.050626
-40	-1	0.0563
-40	-0.9	0.061879
-40	-0.8	0.061654
-40	-0.7	0.057674
-40	-0.6	0.050282
-40	-0.5	0.044338
-40	-0.4	0.032705
-40	-0.3	0.026964
-40	-0.2	0.020476
-40	-0.1	0.020092
-40	0	0.022004
-40	0.1	0.027409
-40	0.2	0.034381
-40	0.3	0.04146
-40	0.4	0.046838
-40	0.5	0.051846
-40	0.6	0.056028
-40	0.7	0.058906
-40	0.8	0.058997
-40	0.9	0.057736
-40	1	0.054516
-40	1.1	0.050161
-40	1.2	0.045054
-40	1.3	0.042693
-40	1.4	0.040204
-40	1.5	0.038213
-40	1.6	0.036732
-40	1.7	0.036029
-40	1.8	0.035174
-40	1.9	0.034355
-40	2	0.032436
-40	2.1	0.030018
-40	2.2	0.02909
-40	2.3	0.026929
-40	2.4	0.024719
-40	2.5	0.023158
-40	2.6	0.020831
-40	2.7	0.018967
-40	2.8	0.017869
-40	2.9	0.015918
-40	3	0.014264
-40	3.1	0.013793
-40	3.2	0.013019
-40	3.3	0.012482
-40	3.4	0.011799
-40	3.5	0.01085
-40	3.6	0.010423
-40	3.7	0.010438
-40	3.8	0.010387
-40	3.9	0.011524
-40	4	0.012405
-30	-4	0.010298
-30	-3.9	0.0095878
-30	-3.8	0.0081698
-30	-3.7	0.0069047
-30	-3.6	0.0076445
-30	-3.5	0.010219
-30	-3.4	0.014054
-30	-3.3	0.016268
-30	-3.2	0.016668
-30	-3.1	0.016012
-30	-3	0.015829
-30	-2.9	0.017441
-30	-2.8	0.021606
-30	-2.7	0.02677
-30	-2.6	0.031626
-30	-2.5	0.034893
-30	-2.4	0.03607
-30	-2.3	0.036472
-30	-2.2	0.036819
-30	-2.1	0.03751
-30	-2	0.038626
-30	-1.9	0.039249
-30	-1.8	0.039048
-30	-1.7	0.037823
-30	-1.6	0.034367
-30	-1.5	0.033246
-30	-1.4	0.036419
-30	-1.3	0.041735
-30	-1.2	0.049553
-30	-1.1	0.05398
-30	-1	0.060968
-30	-0.9	0.062566
-30	-0.8	0.060032
-30	-0.7	0.056824
-30	-0.6	0.046445
-30	-0.5	0.039252
-30	-0.4	0.03042
-30	-0.3	0.024704
-30	-0.2	0.022037
-30	-0.1	0.021606
-30	0	0.023504
-30	0.1	0.02856
-30	0.2	0.035332
-30	0.3	0.041175
-30	0.4	0.048804
-30	0.5	0.05396
-30	0.6	0.057629
-30	0.7	0.058645
-30	0.8	0.058164
-30	0.9	0.057099
-30	1	0.052905
-30	1.1	0.051006
-30	1.2	0.046881
-30	1.3	0.043749
-30	1.4	0.041593
-30	1.5	0.0387
-30	1.6	0.03673
-30	1.7	0.035699
-30	1.8	0.034145
-30	1.9	0.033051
-30	2	0.031107
-30	2.1	0.03025
-30	2.2	0.028179
-30	2.3	0.026176
-30	2.4	0.023527
-30	2.5	0.021945
-30	2.6	0.019718
-30	2.7	0.018051
-30	2.8	0.016081
-30	2.9	0.013883
-30	3	0.012032
-30	3.1	0.011704
-30	3.2	0.011029
-30	3.3	0.010835
-30	3.4	0.010635
-30	3.5	0.010245
-30	3.6	0.0095995
-30	3.7	0.0091708
-30	3.8	0.0090698
-30	3.9	0.0095557
-30	4	0.010495
-20	-4	0.010342
-20	-3.9	0.010314
-20	-3.8	0.0094108
-20	-3.7	0.0097017
-20	-3.6	0.010558
-20	-3.5	0.013156
-20	-3.4	0.015193
-20	-3.3	0.016381
-20	-3.2	0.016126
-20	-3.1	0.016648
-20	-3	0.01774
-20	-2.9	0.021085
-20	-2.8	0.026406
-20	-2.7	0.030371
-20	-2.6	0.03369
-20	-2.5	0.036343
-20	-2.4	0.037225
-20	-2.3	0.037753
-20	-2.2	0.037989
-20	-2.1	0.038381
-20	-2	0.038742
-20	-1.9	0.039117
-20	-1.8	0.038986
-20	-1.7	0.037837
-20	-1.6	0.035917
-20	-1.5	0.035206
-20	-1.4	0.037032
-20	-1.3	0.041995
-20	-1.2	0.047268
-20	-1.1	0.053319
-20	-1	0.059453
-20	-0.9	0.060711
-20	-0.8	0.059746
-20	-0.7	0.054335
-20	-0.6	0.048325
-20	-0.5	0.041153
-20	-0.4	0.033231
-20	-0.3	0.029826
-20	-0.2	0.025624
-20	-0.1	0.025179
-20	0	0.026541
-20	0.1	0.030514
-20	0.2	0.035512
-20	0.3	0.041462
-20	0.4	0.045626
-20	0.5	0.052554
-20	0.6	0.055222
-20	0.7	0.058131
-20	0.8	0.058875
-20	0.9	0.057938
-20	1	0.055536
-20	1.1	0.05063
-20	1.2	0.046079
-20	1.3	0.043831
-20	1.4	0.039934
-20	1.5	0.039299
-20	1.6	0.038975
-20	1.7	0.039084
-20	1.8	0.038232
-20	1.9	0.036141
-20	2	0.033362
-20	2.1	0.029705
-20	2.2	0.026752
-20	2.3	0.02495
-20	2.4	0.023656
-20	2.5	0.02237
-20	2.6	0.02101
-20	2.7	0.019003
-20	2.8	0.017353
-20	2.9	0.014584
-20	3	0.012311
-20	3.1	0.011777
-20	3.2	0.01197
-20	3.3	0.012587
-20	3.4	0.011959
-20	3.5	0.011094
-20	3.6	0.0099776
-20	3.7	0.0086334
-20	3.8	0.0082309
-20	3.9	0.0087653
-20	4	0.0095709
-10	-4	0.0087061
-10	-3.9	0.0096315
-10	-3.8	0.01024
-10	-3.7	0.010438
-10	-3.6	0.010626
-10	-3.5	0.010545
-10	-3.4	0.011196
-10	-3.3	0.011789
-10	-3.2	0.012575
-10	-3.1	0.014044
-10	-3	0.017013
-10	-2.9	0.019708
-10	-2.8	0.02468
-10	-2.7	0.027946
-10	-2.6	0.029669
-10	-2.5	0.032117
-10	-2.4	0.032689
-10	-2.3	0.034029
-10	-2.2	0.035426
-10	-2.1	0.037435
-10	-2	0.039211
-10	-1.9	0.041153
-10	-1.8	0.041036
-10	-1.7	0.039219
-10	-1.6	0.036108
-10	-1.5	0.035046
-10	-1.4	0.036064
-10	-1.3	0.04241
-10	-1.2	0.05088
-10	-1.1	0.056833
-10	-1	0.06332
-10	-0.9	0.065052
-10	-0.8	0.063759
-10	-0.7	0.05873
-10	-0.6	0.050798
-10	-0.5	0.041136
-10	-0.4	0.03415
-10	-0.3	0.025344
-10	-0.2	0.022317
-10	-0.1	0.021929
-10	0	0.023591
-10	0.1	0.027112
-10	0.2	0.032631
-10	0.3	0.039596
-10	0.4	0.044825
-10	0.5	0.051502
-10	0.6	0.054557
-10	0.7	0.055964
-10	0.8	0.05522
-10	0.9	0.054259
-10	1	0.050979
-10	1.1	0.04737
-10	1.2	0.043983
-10	1.3	0.042091
-10	1.4	0.03907
-10	1.5	0.038235
-10	1.6	0.035754
-10	1.7	0.035021
-10	1.8	0.033729
-10	1.9	0.03215
-10	2	0.029561
-10	2.1	0.027597
-10	2.2	0.026187
-10	2.3	0.023186
-10	2.4	0.021262
-10	2.5	0.020362
-10	2.6	0.018634
-10	2.7	0.017073
-10	2.8	0.016107
-10	2.9	0.014819
-10	3	0.013433
-10	3.1	0.011413
-10	3.2	0.01071
-10	3.3	0.010066
-10	3.4	0.010282
-10	3.5	0.010435
-10	3.6	0.010423
-10	3.7	0.0099582
-10	3.8	0.0089784
-10	3.9	0.0083401
-10	4	0.0077412
0	-4	0.010897
0	-3.9	0.010007
0	-3.8	0.0084594
0	-3.7	0.0064872
0	-3.6	0.0068436
0	-3.5	0.0092515
0	-3.4	0.010644
0	-3.3	0.011665
0	-3.2	0.011632
0	-3.1	0.011942
0	-3	0.012775
0	-2.9	0.016478
0	-2.8	0.019393
0	-2.7	0.024157
0	-2.6	0.02832
0	-2.5	0.031746
0	-2.4	0.032167
0	-2.3	0.031117
0	-2.2	0.031063
0	-2.1	0.032384
0	-2	0.036939
0	-1.9	0.039554
0	-1.8	0.042331
0	-1.7	0.041373
0	-1.6	0.037238
0	-1.5	0.034953
0	-1.4	0.03471
0	-1.3	0.042334
0	-1.2	0.051263
0	-1.1	0.05635
0	-1	0.063319
0	-0.9	0.066969
0	-0.8	0.065014
0	-0.7	0.060979
0	-0.6	0.049827
0	-0.5	0.038144
0	-0.4	0.029997
0	-0.3	0.023413
0	-0.2	0.019074
0	-0.1	0.017329
0	0	0.018598
0	0.1	0.024277
0	0.2	0.028557
0	0.3	0.03838
0	0.4	0.045527
0	0.5	0.051774
0	0.6	0.054671
0	0.7	0.054659
0	0.8	0.052172
0	0.9	0.047125
0	1	0.044872
0	1.1	0.041821
0	1.2	0.040017
0	1.3	0.039484
0	1.4	0.039404
0	1.5	0.038252
0	1.6	0.035096
0	1.7	0.032209
0	1.8	0.02973
0	1.9	0.027987
0	2	0.027159
0	2.1	0.026749
0	2.2	0.025943
0	2.3	0.024695
0	2.4	0.022946
0	2.5	0.020129
0	2.6	0.018044
0	2.7	0.015771
0	2.8	0.015124
0	2.9	0.014024
0	3	0.01303
0	3.1	0.011215
0	3.2	0.010045
0	3.3	0.009043
0	3.4	0.0090233
0	3.5	0.0098718
0	3.6	0.010671
0	3.7	0.010971
0	3.8	0.010502
0	3.9	0.0093211
0	4	0.0078654
10	-4	0.012036
10	-3.9	0.011878
10	-3.8	0.0094194
10	-3.7	0.0078593
10	-3.6	0.007851
10	-3.5	0.010175
10	-3.4	0.013327
10	-3.3	0.014745
10	-3.2	0.014465
10	-3.1	0.01354
10	-3	0.013874
10	-2.9	0.017969
10	-2.8	0.021858
10	-2.7	0.026627
10	-2.6	0.030639
10	-2.5	0.033034
10	-2.4	0.03412
10	-2.3	0.034482
10	-2.2	0.035233
10	-2.1	0.036364
10	-2	0.037824
10	-1.9	0.039468
10	-1.8	0.040178
10	-1.7	0.03903
10	-1.6	0.035682
10	-1.5	0.033505
10	-1.4	0.0364
10	-1.3	0.042585
10	-1.2	0.049607
10	-1.1	0.058215
10	-1	0.061692
10	-0.9	0.063451
10	-0.8	0.05961
10	-0.7	0.055507
10	-0.6	0.048517
10	-0.5	0.038327
10	-0.4	0.031523
10	-0.3	0.026472
10	-0.2	0.021263
10	-0.1	0.019516
10	0	0.020272
10	0.1	0.022978
10	0.2	0.026797
10	0.3	0.033336
10	0.4	0.037293
10	0.5	0.043153
10	0.6	0.047289
10	0.7	0.048952
10	0.8	0.049179
10	0.9	0.048507
10	1	0.046821
10	1.1	0.04354
10	1.2	0.041123
10	1.3	0.0369
10	1.4	0.03489
10	1.5	0.032238
10	1.6	0.032052
10	1.7	0.032726
10	1.8	0.033112
10	1.9	0.03258
10	2	0.031722
10	2.1	0.030159
10	2.2	0.026343
10	2.3	0.023789
10	2.4	0.021892
10	2.5	0.021391
10	2.6	0.020653
10	2.7	0.019658
10	2.8	0.017668
10	2.9	0.01456
10	3	0.01192
10	3.1	0.010333
10	3.2	0.0098357
10	3.3	0.010592
10	3.4	0.011158
10	3.5	0.010971
10	3.6	0.0093885
10	3.7	0.0082289
10	3.8	0.0067173
10	3.9	0.0070964
10	4	0.0084058
20	-4	0.0096482
20	-3.9	0.0099126
20	-3.8	0.010092
20	-3.7	0.0095354
20	-3.6	0.0095861
20	-3.5	0.0099208
20	-3.4	0.011365
20	-3.3	0.01326
20	-3.2	0.014495
20	-3.1	0.014585
20	-3	0.014116
20	-2.9	0.015311
20	-2.8	0.019759
20	-2.7	0.024843
20	-2.6	0.029538
20	-2.5	0.03112
20	-2.4	0.033241
20	-2.3	0.033261
20	-2.2	0.032675
20	-2.1	0.033333
20	-2	0.034237
20	-1.9	0.035615
20	-1.8	0.036365
20	-1.7	0.036259
20	-1.6	0.035502
20	-1.5	0.035047
20	-1.4	0.037365
20	-1.3	0.041791
20	-1.2	0.04786
20	-1.1	0.055699
20	-1	0.060782
20	-0.9	0.062115
20	-0.8	0.060364
20	-0.7	0.055516
20	-0.6	0.04679
20	-0.5	0.040633
20	-0.4	0.029707
20	-0.3	0.024325
20	-0.2	0.019282
20	-0.1	0.015334
20	0	0.015054
20	0.1	0.016533
20	0.2	0.020403
20	0.3	0.028771
20	0.4	0.034866
20	0.5	0.042003
20	0.6	0.048619
20	0.7	0.050597
20	0.8	0.05164
20	0.9	0.050904
20	1	0.048061
20	1.1	0.043916
20	1.2	0.04131
20	1.3	0.038614
20	1.4	0.036941
20	1.5	0.0345
20	1.6	0.033066
20	1.7	0.031648
20	1.8	0.030608
20	1.9	0.028833
20	2	0.027905
20	2.1	0.027294
20	2.2	0.026181
20	2.3	0.022721
20	2.4	0.020737
20	2.5	0.018363
20	2.6	0.016756
20	2.7	0.015092
20	2.8	0.013289
20	2.9	0.012445
20	3	0.011789
20	3.1	0.011136
20	3.2	0.0098077
20	3.3	0.008344
20	3.4	0.0077328
20	3.5	0.006886
20	3.6	0.0067317
20	3.7	0.006364
20	3.8	0.0065787
20	3.9	0.0068743
20	4	0.0071711
30	-4	0.01056
30	-3.9	0.010619
30	-3.8	0.0089098
30	-3.7	0.0077579
30	-3.6	0.0065021
30	-3.5	0.008654
30	-3.4	0.011183
30	-3.3	0.013441
30	-3.2	0.013979
30	-3.1	0.013528
30	-3	0.012911
30	-2.9	0.013954
30	-2.8	0.017674
30	-2.7	0.022324
30	-2.6	0.025942
30	-2.5	0.029573
30	-2.4	0.032545
30	-2.3	0.032959
30	-2.2	0.032829
30	-2.1	0.032619
30	-2	0.033579
30	-1.9	0.035288
30	-1.8	0.036134
30	-1.7	0.036075
30	-1.6	0.033695
30	-1.5	0.032977
30	-1.4	0.034564
30	-1.3	0.041672
30	-1.2	0.049476
30	-1.1	0.057612
30	-1	0.060773
30	-0.9	0.063543
30	-0.8	0.060813
30	-0.7	0.0566
30	-0.6	0.048603
30	-0.5	0.039179
30	-0.4	0.028444
30	-0.3	0.020169
30	-0.2	0.015968
30	-0.1	0.014451
30	0	0.014936
30	0.1	0.017169
30	0.2	0.021558
30	0.3	0.027661
30	0.4	0.033961
30	0.5	0.042993
30	0.6	0.045677
30	0.7	0.048788
30	0.8	0.049164
30	0.9	0.047998
30	1	0.045748
30	1.1	0.042297
30	1.2	0.039863
30	1.3	0.037365
30	1.4	0.035414
30	1.5	0.033705
30	1.6	0.032101
30	1.7	0.030818
30	1.8	0.030079
30	1.9	0.029084
30	2	0.02811
30	2.1	0.027711
30	2.2	0.026911
30	2.3	0.024735
30	2.4	0.022695
30	2.5	0.020004
30	2.6	0.018601
30	2.7	0.016592
30	2.8	0.015514
30	2.9	0.014189
30	3	0.01342
30	3.1	0.012997
30	3.2	0.01164
30	3.3	0.010393
30	3.4	0.0095574
30	3.5	0.0088094
30	3.6	0.008507
30	3.7	0.0086726
30	3.8	0.0088003
30	3.9	0.0092567
30	4	0.0091443
40	-4	0.011759
40	-3.9	0.010505
40	-3.8	0.0090626
40	-3.7	0.0082446
40	-3.6	0.0087819
40	-3.5	0.011269
40	-3.4	0.01276
40	-3.3	0.014736
40	-3.2	0.014151
40	-3.1	0.013424
40	-3	0.012762
40	-2.9	0.015006
40	-2.8	0.017485
40	-2.7	0.022909
40	-2.6	0.028246
40	-2.5	0.029899
40	-2.4	0.031211
40	-2.3	0.031621
40	-2.2	0.031586
40	-2.1	0.031806
40	-2	0.032758
40	-1.9	0.034521
40	-1.8	0.034691
40	-1.7	0.034108
40	-1.6	0.031477
40	-1.5	0.02967
40	-1.4	0.031574
40	-1.3	0.035753
40	-1.2	0.043925
40	-1.1	0.053757
40	-1	0.058641
40	-0.9	0.06168
40	-0.8	0.060751
40	-0.7	0.056488
40	-0.6	0.048633
40	-0.5	0.03898
40	-0.4	0.03187
40	-0.3	0.023324
40	-0.2	0.015242
40	-0.1	0.013088
40	0	0.012286
40	0.1	0.013195
40	0.2	0.01492
40	0.3	0.020555
40	0.4	0.028387
40	0.5	0.036732
40	0.6	0.04
40	0.7	0.047413
40	0.8	0.049001
40	0.9	0.049157
40	1	0.045819
40	1.1	0.04253
40	1.2	0.037312
40	1.3	0.033985
40	1.4	0.032064
40	1.5	0.03053
40	1.6	0.031096
40	1.7	0.031997
40	1.8	0.032061
40	1.9	0.030268
40	2	0.028963
40	2.1	0.026287
40	2.2	0.024693
40	2.3	0.023734
40	2.4	0.022281
40	2.5	0.021615
40	2.6	0.020564
40	2.7	0.018679
40	2.8	0.017295
40	2.9	0.01462
40	3	0.013729
40	3.1	0.012671
40	3.2	0.011916
40	3.3	0.011416
40	3.4	0.010781
40	3.5	0.010334
40	3.6	0.0095387
40	3.7	0.0091248
40	3.8	0.0091954
40	3.9	0.0097962
40	4	0.0095776
50	-4	0.0097017
50	-3.9	0.010065
50	-3.8	0.010044
50	-3.7	0.0094946
50	-3.6	0.0091866
50	-3.5	0.0085127
50	-3.4	0.0091177
50	-3.3	0.010514
50	-3.2	0.011087
50	-3.1	0.011719
50	-3	0.012886
50	-2.9	0.016181
50	-2.8	0.020988
50	-2.7	0.023986
50	-2.6	0.027658
50	-2.5	0.029398
50	-2.4	0.031081
50	-2.3	0.031046
50	-2.2	0.032074
50	-2.1	0.033118
50	-2	0.034564
50	-1.9	0.03577
50	-1.8	0.035767
50	-1.7	0.034815
50	-1.6	0.032871
50	-1.5	0.031763
50	-1.4	0.033658
50	-1.3	0.037818
50	-1.2	0.048731
50	-1.1	0.055942
50	-1	0.061254
50	-0.9	0.063525
50	-0.8	0.062881
50	-0.7	0.058045
50	-0.6	0.048936
50	-0.5	0.039513
50	-0.4	0.028199
50	-0.3	0.021818
50	-0.2	0.015407
50	-0.1	0.012586
50	0	0.011207
50	0.1	0.011474
50	0.2	0.01402
50	0.3	0.019216
50	0.4	0.030895
50	0.5	0.038891
50	0.6	0.043576
50	0.7	0.049131
50	0.8	0.051382
50	0.9	0.05211
50	1	0.049484
50	1.1	0.045881
50	1.2	0.042962
50	1.3	0.038846
50	1.4	0.034206
50	1.5	0.032662
50	1.6	0.032248
50	1.7	0.032345
50	1.8	0.032491
50	1.9	0.031154
50	2	0.029919
50	2.1	0.028495
50	2.2	0.027032
50	2.3	0.025368
50	2.4	0.023757
50	2.5	0.022016
50	2.6	0.020906
50	2.7	0.018604
50	2.8	0.015877
50	2.9	0.012962
50	3	0.01159
50	3.1	0.010477
50	3.2	0.010359
50	3.3	0.010636
50	3.4	0.010257
50	3.5	0.010466
50	3.6	0.010031
50	3.7	0.008732
50	3.8	0.008152
50	3.9	0.0084077
50	4	0.0088039
60	-4	0.011437
60	-3.9	0.011942
60	-3.8	0.010769
60	-3.7	0.0089496
60	-3.6	0.0084671
60	-3.5	0.0083343
60	-3.4	0.009043
60	-3.3	0.0098979
60	-3.2	0.010348
60	-3.1	0.011087
60	-3	0.01222
60	-2.9	0.014065
60	-2.8	0.018137
60	-2.7	0.021127
60	-2.6	0.024845
60	-2.5	0.02804
60	-2.4	0.029056
60	-2.3	0.029475
60	-2.2	0.029363
60	-2.1	0.029424
60	-2	0.031504
60	-1.9	0.032072
60	-1.8	0.033127
60	-1.7	0.032033
60	-1.6	0.029726
60	-1.5	0.028047
60	-1.4	0.029678
60	-1.3	0.035505
60	-1.2	0.044057
60	-1.1	0.050479
60	-1	0.058005
60	-0.9	0.062132
60	-0.8	0.060589
60	-0.7	0.058299
60	-0.6	0.052103
60	-0.5	0.038548
60	-0.4	0.029412
60	-0.3	0.018122
60	-0.2	0.012531
60	-0.1	0.011803
60	0	0.011888
60	0.1	0.010651
60	0.2	0.012127
60	0.3	0.015039
60	0.4	0.02527
60	0.5	0.036289
60	0.6	0.04376
60	0.7	0.050709
60	0.8	0.05336
60	0.9	0.053374
60	1	0.050623
60	1.1	0.044574
60	1.2	0.039466
60	1.3	0.035955
60	1.4	0.034477
60	1.5	0.034541
60	1.6	0.034427
60	1.7	0.03394
60	1.8	0.032818
60	1.9	0.029051
60	2	0.026625
60	2.1	0.024954
60	2.2	0.024577
60	2.3	0.02498
60	2.4	0.024819
60	2.5	0.023751
60	2.6	0.021583
60	2.7	0.019619
60	2.8	0.014129
60	2.9	0.011314
60	3	0.0099533
60	3.1	0.010724
60	3.2	0.011682
60	3.3	0.011708
60	3.4	0.010795
60	3.5	0.0099906
60	3.6	0.0088607
60	3.7	0.0078284
60	3.8	0.0072272
60	3.9	0.0074692
60	4	0.0084346
70	-4	0.0093988
70	-3.9	0.0085601
70	-3.8	0.0081142
70	-3.7	0.0077828
70	-3.6	0.0083807
70	-3.5	0.0090519
70	-3.4	0.010037
70	-3.3	0.010276
70	-3.2	0.010353
70	-3.1	0.010609
70	-3	0.010962
70	-2.9	0.012641
70	-2.8	0.017442
70	-2.7	0.022309
70	-2.6	0.025495
70	-2.5	0.028652
70	-2.4	0.030658
70	-2.3	0.031739
70	-2.2	0.03284
70	-2.1	0.034027
70	-2	0.036424
70	-1.9	0.037676
70	-1.8	0.036814
70	-1.7	0.034234
70	-1.6	0.030896
70	-1.5	0.029284
70	-1.4	0.032504
70	-1.3	0.039145
70	-1.2	0.044885
70	-1.1	0.056392
70	-1	0.060358
70	-0.9	0.06206
70	-0.8	0.060145
70	-0.7	0.054836
70	-0.6	0.044174
70	-0.5	0.035928
70	-0.4	0.025376
70	-0.3	0.015702
70	-0.2	0.012112
70	-0.1	0.010704
70	0	0.010918
70	0.1	0.01153
70	0.2	0.012444
70	0.3	0.018428
70	0.4	0.025813
70	0.5	0.035188
70	0.6	0.042729
70	0.7	0.047607
70	0.8	0.050242
70	0.9	0.051482
70	1	0.050355
70	1.1	0.046231
70	1.2	0.041364
70	1.3	0.03834
70	1.4	0.036572
70	1.5	0.033848
70	1.6	0.032933
70	1.7	0.032945
70	1.8	0.032962
70	1.9	0.03266
70	2	0.031672
70	2.1	0.030786
70	2.2	0.029268
70	2.3	0.027813
70	2.4	0.026121
70	2.5	0.024166
70	2.6	0.021836
70	2.7	0.019412
70	2.8	0.017097
70	2.9	0.015856
70	3	0.014762
70	3.1	0.013552
70	3.2	0.012365
70	3.3	0.011712
70	3.4	0.011177
70	3.5	0.010651
70	3.6	0.010905
70	3.7	0.011125
70	3.8	0.010727
70	3.9	0.0099728
70	4	0.0097813
80	-4	0.011629
80	-3.9	0.012083
80	-3.8	0.011434
80	-3.7	0.0091514
80	-3.6	0.0079146
80	-3.5	0.0083479
80	-3.4	0.011059
80	-3.3	0.013154
80	-3.2	0.013504
80	-3.1	0.012793
80	-3	0.010229
80	-2.9	0.0094383
80	-2.8	0.013323
80	-2.7	0.018906
80	-2.6	0.026698
80	-2.5	0.031931
80	-2.4	0.033791
80	-2.3	0.033473
80	-2.2	0.031619
80	-2.1	0.030947
80	-2	0.03195
80	-1.9	0.0346
80	-1.8	0.036536
80	-1.7	0.037032
80	-1.6	0.034773
80	-1.5	0.029732
80	-1.4	0.029396
80	-1.3	0.03191
80	-1.2	0.043349
80	-1.1	0.050661
80	-1	0.058699
80	-0.9	0.060799
80	-0.8	0.058329
80	-0.7	0.054294
80	-0.6	0.042415
80	-0.5	0.038364
80	-0.4	0.027153
80	-0.3	0.015877
80	-0.2	0.010515
80	-0.1	0.010364
80	0	0.011061
80	0.1	0.011072
80	0.2	0.013615
80	0.3	0.019929
80	0.4	0.027525
80	0.5	0.036314
80	0.6	0.044152
80	0.7	0.048844
80	0.8	0.050791
80	0.9	0.050615
80	1	0.047968
80	1.1	0.044362
80	1.2	0.039568
80	1.3	0.036309
80	1.4	0.032243
80	1.5	0.03016
80	1.6	0.028547
80	1.7	0.027697
80	1.8	0.027744
80	1.9	0.028018
80	2	0.027798
80	2.1	0.027395
80	2.2	0.026775
80	2.3	0.024628
80	2.4	0.022888
80	2.5	0.01991
80	2.6	0.016261
80	2.7	0.015232
80	2.8	0.014718
80	2.9	0.01479
80	3	0.014749
80	3.1	0.014297
80	3.2	0.01258
80	3.3	0.010826
80	3.4	0.0091
80	3.5	0.0087616
80	3.6	0.01024
80	3.7	0.010971
80	3.8	0.011345
80	3.9	0.011062
80	4	0.010435
90	-4	0.012894
90	-3.9	0.014059
90	-3.8	0.013153
90	-3.7	0.010769
90	-3.6	0.0077265
90	-3.5	0.0074843
90	-3.4	0.0096197
90	-3.3	0.011281
90	-3.2	0.012566
90	-3.1	0.011285
90	-3	0.010094
90	-2.9	0.009554
90	-2.8	0.012909
90	-2.7	0.019493
90	-2.6	0.025451
90	-2.5	0.028544
90	-2.4	0.032169
90	-2.3	0.033502
90	-2.2	0.033995
90	-2.1	0.034505
90	-2	0.036073
90	-1.9	0.036796
90	-1.8	0.037749
90	-1.7	0.036125
90	-1.6	0.032556
90	-1.5	0.028975
90	-1.4	0.028332
90	-1.3	0.034818
90	-1.2	0.040661
90	-1.1	0.04972
90	-1	0.057306
90	-0.9	0.058868
90	-0.8	0.057557
90	-0.7	0.050228
90	-0.6	0.046037
90	-0.5	0.030212
90	-0.4	0.023528
90	-0.3	0.014943
90	-0.2	0.010973
90	-0.1	0.010039
90	0	0.010145
90	0.1	0.010706
90	0.2	0.013342
90	0.3	0.019128
90	0.4	0.027775
90	0.5	0.033914
90	0.6	0.042176
90	0.7	0.045448
90	0.8	0.047915
90	0.9	0.048112
90	1	0.047134
90	1.1	0.043821
90	1.2	0.040356
90	1.3	0.036958
90	1.4	0.035457
90	1.5	0.033268
90	1.6	0.031668
90	1.7	0.030556
90	1.8	0.030551
90	1.9	0.030474
90	2	0.030509
90	2.1	0.03022
90	2.2	0.030009
90	2.3	0.029295
90	2.4	0.026678
90	2.5	0.024076
90	2.6	0.021235
90	2.7	0.01845
90	2.8	0.01675
90	2.9	0.016093
90	3	0.015064
90	3.1	0.014805
90	3.2	0.013746
90	3.3	0.01251
90	3.4	0.01146
90	3.5	0.010398
90	3.6	0.010676
90	3.7	0.010249
90	3.8	0.01089
90	3.9	0.010715
90	4	0.010835
100	-4	0.012567
100	-3.9	0.013003
100	-3.8	0.012495
100	-3.7	0.010756
100	-3.6	0.00969
100	-3.5	0.0088003
100	-3.4	0.0093747
100	-3.3	0.010279
100	-3.2	0.011009
100	-3.1	0.011353
100	-3	0.010535
100	-2.9	0.009705
100	-2.8	0.01145
100	-2.7	0.015768
100	-2.6	0.020332
100	-2.5	0.025352
100	-2.4	0.029807
100	-2.3	0.031408
100	-2.2	0.032201
100	-2.1	0.033947
100	-2	0.035615
100	-1.9	0.037541
100	-1.8	0.038336
100	-1.7	0.035078
100	-1.6	0.03107
100	-1.5	0.025757
100	-1.4	0.023648
100	-1.3	0.027464
100	-1.2	0.036245
100	-1.1	0.043955
100	-1	0.051507
100	-0.9	0.055918
100	-0.8	0.055377
100	-0.7	0.052828
100	-0.6	0.043667
100	-0.5	0.0351
100	-0.4	0.022999
100	-0.3	0.015182
100	-0.2	0.011615
100	-0.1	0.0097615
100	0	0.010183
100	0.1	0.010314
100	0.2	0.011908
100	0.3	0.018596
100	0.4	0.025359
100	0.5	0.036166
100	0.6	0.041096
100	0.7	0.046867
100	0.8	0.049666
100	0.9	0.049466
100	1	0.047956
100	1.1	0.042523
100	1.2	0.036424
100	1.3	0.03413
100	1.4	0.030039
100	1.5	0.028594
100	1.6	0.02767
100	1.7	0.027941
100	1.8	0.029625
100	1.9	0.029887
100	2	0.029504
100	2.1	0.028122
100	2.2	0.027049
100	2.3	0.024897
100	2.4	0.022737
100	2.5	0.021524
100	2.6	0.019975
100	2.7	0.018468
100	2.8	0.016859
100	2.9	0.015026
100	3	0.013717
100	3.1	0.013271
100	3.2	0.01386
100	3.3	0.01354
100	3.4	0.013188
100	3.5	0.013091
100	3.6	0.012982
100	3.7	0.012164
100	3.8	0.012028
100	3.9	0.011715
100	4	0.012071
110	-4	0.011024
110	-3.9	0.014023
110	-3.8	0.015745
110	-3.7	0.0153
110	-3.6	0.01315
110	-3.5	0.01066
110	-3.4	0.0091743
110	-3.3	0.010386
110	-3.2	0.011562
110	-3.1	0.011434
110	-3	0.010437
110	-2.9	0.0085222
110	-2.8	0.010718
110	-2.7	0.018466
110	-2.6	0.023827
110	-2.5	0.026967
110	-2.4	0.031404
110	-2.3	0.032671
110	-2.2	0.032387
110	-2.1	0.03245
110	-2	0.033514
110	-1.9	0.036373
110	-1.8	0.038624
110	-1.7	0.038761
110	-1.6	0.035717
110	-1.5	0.028193
110	-1.4	0.023182
110	-1.3	0.025389
110	-1.2	0.031784
110	-1.1	0.043026
110	-1	0.050491
110	-0.9	0.055985
110	-0.8	0.055393
110	-0.7	0.049473
110	-0.6	0.044339
110	-0.5	0.033074
110	-0.4	0.02149
110	-0.3	0.01485
110	-0.2	0.010786
110	-0.1	0.010203
110	0	0.010094
110	0.1	0.010704
110	0.2	0.014999
110	0.3	0.021332
110	0.4	0.027737
110	0.5	0.038213
110	0.6	0.043877
110	0.7	0.047111
110	0.8	0.049465
110	0.9	0.048914
110	1	0.046649
110	1.1	0.042202
110	1.2	0.037448
110	1.3	0.033426
110	1.4	0.030342
110	1.5	0.027331
110	1.6	0.025089
110	1.7	0.025188
110	1.8	0.026272
110	1.9	0.026994
110	2	0.026732
110	2.1	0.025645
110	2.2	0.024771
110	2.3	0.023443
110	2.4	0.019792
110	2.5	0.01779
110	2.6	0.016701
110	2.7	0.016679
110	2.8	0.015749
110	2.9	0.013926
110	3	0.012555
110	3.1	0.01032
110	3.2	0.0091778
110	3.3	0.0097532
110	3.4	0.010583
110	3.5	0.011475
110	3.6	0.012662
110	3.7	0.012782
110	3.8	0.010799
110	3.9	0.0091813
110	4	0.0090036
120	-4	0.011847
120	-3.9	0.012156
120	-3.8	0.012205
120	-3.7	0.011536
120	-3.6	0.010632
120	-3.5	0.010716
120	-3.4	0.011012
120	-3.3	0.010915
120	-3.2	0.010262
120	-3.1	0.008594
120	-3	0.0071463
120	-2.9	0.0072406
120	-2.8	0.012269
120	-2.7	0.0153
120	-2.6	0.019762
120	-2.5	0.023395
120	-2.4	0.026034
120	-2.3	0.027128
120	-2.2	0.028168
120	-2.1	0.03012
120	-2	0.032554
120	-1.9	0.03749
120	-1.8	0.0384
120	-1.7	0.036932
120	-1.6	0.032116
120	-1.5	0.025569
120	-1.4	0.021021
120	-1.3	0.021907
120	-1.2	0.028537
120	-1.1	0.035224
120	-1	0.044652
120	-0.9	0.049483
120	-0.8	0.050774
120	-0.7	0.048114
120	-0.6	0.044595
120	-0.5	0.034316
120	-0.4	0.0202
120	-0.3	0.013415
120	-0.2	0.0095438
120	-0.1	0.0095116
120	0	0.0096984
120	0.1	0.011256
120	0.2	0.016614
120	0.3	0.021114
120	0.4	0.025971
120	0.5	0.038013
120	0.6	0.044902
120	0.7	0.047123
120	0.8	0.049807
120	0.9	0.049108
120	1	0.046213
120	1.1	0.040412
120	1.2	0.035384
120	1.3	0.032674
120	1.4	0.031197
120	1.5	0.030558
120	1.6	0.029733
120	1.7	0.029428
120	1.8	0.029882
120	1.9	0.029614
120	2	0.028854
120	2.1	0.027915
120	2.2	0.027527
120	2.3	0.02664
120	2.4	0.024319
120	2.5	0.021211
120	2.6	0.019322
120	2.7	0.017576
120	2.8	0.01621
120	2.9	0.015478
120	3	0.014652
120	3.1	0.013889
120	3.2	0.013266
120	3.3	0.013309
120	3.4	0.013392
120	3.5	0.014001
120	3.6	0.015295
120	3.7	0.015964
120	3.8	0.015411
120	3.9	0.013238
120	4	0.012066
130	-4	0.012099
130	-3.9	0.013632
130	-3.8	0.013633
130	-3.7	0.012912
130	-3.6	0.011152
130	-3.5	0.0098061
130	-3.4	0.010227
130	-3.3	0.010334
130	-3.2	0.010881
130	-3.1	0.010367
130	-3	0.0084747
130	-2.9	0.0077703
130	-2.8	0.011026
130	-2.7	0.014498
130	-2.6	0.020741
130	-2.5	0.025714
130	-2.4	0.02802
130	-2.3	0.030527
130	-2.2	0.030189
130	-2.1	0.030851
130	-2	0.032025
130	-1.9	0.034828
130	-1.8	0.036245
130	-1.7	0.035184
130	-1.6	0.032127
130	-1.5	0.028388
130	-1.4	0.019949
130	-1.3	0.019092
130	-1.2	0.025554
130	-1.1	0.032193
130	-1	0.038985
130	-0.9	0.04383
130	-0.8	0.045706
130	-0.7	0.043959
130	-0.6	0.040893
130	-0.5	0.032089
130	-0.4	0.025839
130	-0.3	0.019535
130	-0.2	0.013491
130	-0.1	0.010367
130	0	0.01073
130	0.1	0.012808
130	0.2	0.016073
130	0.3	0.020754
130	0.4	0.028186
130	0.5	0.036663
130	0.6	0.039542
130	0.7	0.046381
130	0.8	0.048161
130	0.9	0.048121
130	1	0.04664
130	1.1	0.042328
130	1.2	0.037696
130	1.3	0.035182
130	1.4	0.032222
130	1.5	0.029228
130	1.6	0.028499
130	1.7	0.028897
130	1.8	0.029888
130	1.9	0.030392
130	2	0.029752
130	2.1	0.028736
130	2.2	0.028132
130	2.3	0.025093
130	2.4	0.021597
130	2.5	0.019857
130	2.6	0.017951
130	2.7	0.016613
130	2.8	0.01487
130	2.9	0.013684
130	3	0.013102
130	3.1	0.012239
130	3.2	0.012054
130	3.3	0.012632
130	3.4	0.013254
130	3.5	0.013569
130	3.6	0.013841
130	3.7	0.013419
130	3.8	0.012336
130	3.9	0.010833
130	4	0.010689
140	-4	0.012256
140	-3.9	0.013394
140	-3.8	0.013773
140	-3.7	0.013328
140	-3.6	0.01187
140	-3.5	0.010682
140	-3.4	0.010389
140	-3.3	0.011217
140	-3.2	0.012663
140	-3.1	0.012727
140	-3	0.010502
140	-2.9	0.0089964
140	-2.8	0.0079938
140	-2.7	0.013916
140	-2.6	0.018695
140	-2.5	0.024716
140	-2.4	0.028275
140	-2.3	0.030735
140	-2.2	0.031797
140	-2.1	0.033764
140	-2	0.035022
140	-1.9	0.037179
140	-1.8	0.038252
140	-1.7	0.037717
140	-1.6	0.034083
140	-1.5	0.028492
140	-1.4	0.021115
140	-1.3	0.019587
140	-1.2	0.022195
140	-1.1	0.031476
140	-1	0.035933
140	-0.9	0.042561
140	-0.8	0.044798
140	-0.7	0.044192
140	-0.6	0.040605
140	-0.5	0.03455
140	-0.4	0.026383
140	-0.3	0.021522
140	-0.2	0.016425
140	-0.1	0.014168
140	0	0.013651
140	0.1	0.014959
140	0.2	0.018648
140	0.3	0.025572
140	0.4	0.029947
140	0.5	0.036555
140	0.6	0.04254
140	0.7	0.046045
140	0.8	0.047313
140	0.9	0.046955
140	1	0.043722
140	1.1	0.040245
140	1.2	0.03789
140	1.3	0.033919
140	1.4	0.032526
140	1.5	0.03083
140	1.6	0.029995
140	1.7	0.030931
140	1.8	0.031389
140	1.9	0.031631
140	2	0.030927
140	2.1	0.030455
140	2.2	0.029649
140	2.3	0.027993
140	2.4	0.023582
140	2.5	0.021127
140	2.6	0.01998
140	2.7	0.017001
140	2.8	0.015374
140	2.9	0.013978
140	3	0.012929
140	3.1	0.012709
140	3.2	0.01263
140	3.3	0.013224
140	3.4	0.012962
140	3.5	0.012785
140	3.6	0.012159
140	3.7	0.011078
140	3.8	0.010424
140	3.9	0.010704
140	4	0.011719
150	-4	0.01042
150	-3.9	0.011679
150	-3.8	0.012439
150	-3.7	0.012055
150	-3.6	0.010995
150	-3.5	0.0089622
150	-3.4	0.0071168
150	-3.3	0.0085108
150	-3.2	0.0093747
150	-3.1	0.010554
150	-3	0.010068
150	-2.9	0.0081994
150	-2.8	0.0062925
150	-2.7	0.011088
150	-2.6	0.016601
150	-2.5	0.023907
150	-2.4	0.028434
150	-2.3	0.031533
150	-2.2	0.031918
150	-2.1	0.031187
150	-2	0.031181
150	-1.9	0.031914
150	-1.8	0.033708
150	-1.7	0.03549
150	-1.6	0.034092
150	-1.5	0.029422
150	-1.4	0.024105
150	-1.3	0.019469
150	-1.2	0.020454
150	-1.1	0.029423
150	-1	0.036955
150	-0.9	0.04411
150	-0.8	0.04891
150	-0.7	0.049213
150	-0.6	0.045578
150	-0.5	0.041147
150	-0.4	0.032246
150	-0.3	0.026723
150	-0.2	0.02011
150	-0.1	0.015007
150	0	0.013617
150	0.1	0.013468
150	0.2	0.01672
150	0.3	0.021582
150	0.4	0.031455
150	0.5	0.039166
150	0.6	0.043712
150	0.7	0.047644
150	0.8	0.049846
150	0.9	0.048696
150	1	0.045855
150	1.1	0.041493
150	1.2	0.038792
150	1.3	0.036068
150	1.4	0.033349
150	1.5	0.030581
150	1.6	0.030458
150	1.7	0.030274
150	1.8	0.030039
150	1.9	0.029952
150	2	0.030652
150	2.1	0.031015
150	2.2	0.029756
150	2.3	0.026641
150	2.4	0.023742
150	2.5	0.021486
150	2.6	0.01743
150	2.7	0.016087
150	2.8	0.01428
150	2.9	0.01411
150	3	0.014255
150	3.1	0.014222
150	3.2	0.013159
150	3.3	0.011657
150	3.4	0.01119
150	3.5	0.012024
150	3.6	0.012327
150	3.7	0.012772
150	3.8	0.012553
150	3.9	0.013014
150	4	0.013283
160	-4	0.012225
160	-3.9	0.012408
160	-3.8	0.011855
160	-3.7	0.010653
160	-3.6	0.0093107
160	-3.5	0.0086968
160	-3.4	0.0086838
160	-3.3	0.0091549
160	-3.2	0.0090448
160	-3.1	0.0087856
160	-3	0.0077683
160	-2.9	0.0076551
160	-2.8	0.010121
160	-2.7	0.014004
160	-2.6	0.019735
160	-2.5	0.023195
160	-2.4	0.025671
160	-2.3	0.027311
160	-2.2	0.027937
160	-2.1	0.03005
160	-2	0.031361
160	-1.9	0.033119
160	-1.8	0.035385
160	-1.7	0.03583
160	-1.6	0.032834
160	-1.5	0.02823
160	-1.4	0.02123
160	-1.3	0.017329
160	-1.2	0.01906
160	-1.1	0.026385
160	-1	0.035495
160	-0.9	0.042014
160	-0.8	0.046749
160	-0.7	0.049309
160	-0.6	0.045681
160	-0.5	0.042746
160	-0.4	0.034591
160	-0.3	0.026768
160	-0.2	0.021445
160	-0.1	0.017712
160	0	0.016255
160	0.1	0.01637
160	0.2	0.018798
160	0.3	0.022472
160	0.4	0.028657
160	0.5	0.034542
160	0.6	0.039452
160	0.7	0.044604
160	0.8	0.046384
160	0.9	0.046913
160	1	0.045344
160	1.1	0.042955
160	1.2	0.039106
160	1.3	0.034459
160	1.4	0.030723
160	1.5	0.02928
160	1.6	0.029338
160	1.7	0.030331
160	1.8	0.031646
160	1.9	0.032573
160	2	0.033752
160	2.1	0.033696
160	2.2	0.031568
160	2.3	0.028049
160	2.4	0.025641
160	2.5	0.02254
160	2.6	0.020465
160	2.7	0.017917
160	2.8	0.017211
160	2.9	0.01672
160	3	0.01553
160	3.1	0.014986
160	3.2	0.013059
160	3.3	0.011662
160	3.4	0.011997
160	3.5	0.012344
160	3.6	0.013556
160	3.7	0.013253
160	3.8	0.013818
160	3.9	0.013733
160	4	0.013192
170	-4	0.012265
170	-3.9	0.013354
170	-3.8	0.0137
170	-3.7	0.012555
170	-3.6	0.011771
170	-3.5	0.010754
170	-3.4	0.010334
170	-3.3	0.010121
170	-3.2	0.0094057
170	-3.1	0.0086708
170	-3	0.0076762
170	-2.9	0.0086353
170	-2.8	0.01118
170	-2.7	0.014766
170	-2.6	0.019931
170	-2.5	0.023481
170	-2.4	0.026242
170	-2.3	0.027915
170	-2.2	0.02945
170	-2.1	0.031529
170	-2	0.0335
170	-1.9	0.036556
170	-1.8	0.038034
170	-1.7	0.037511
170	-1.6	0.034124
170	-1.5	0.026756
170	-1.4	0.021122
170	-1.3	0.018259
170	-1.2	0.022017
170	-1.1	0.028296
170	-1	0.039437
170	-0.9	0.043759
170	-0.8	0.04713
170	-0.7	0.048035
170	-0.6	0.045268
170	-0.5	0.040825
170	-0.4	0.035079
170	-0.3	0.028356
170	-0.2	0.023933
170	-0.1	0.020962
170	0	0.018959
170	0.1	0.019286
170	0.2	0.021798
170	0.3	0.024674
170	0.4	0.030654
170	0.5	0.03529
170	0.6	0.03911
170	0.7	0.043742
170	0.8	0.045443
170	0.9	0.045467
170	1	0.044221
170	1.1	0.041858
170	1.2	0.04016
170	1.3	0.0366
170	1.4	0.033772
170	1.5	0.033113
170	1.6	0.03351
170	1.7	0.033858
170	1.8	0.034038
170	1.9	0.034717
170	2	0.03445
170	2.1	0.032549
170	2.2	0.030513
170	2.3	0.028082
170	2.4	0.025624
170	2.5	0.02345
170	2.6	0.021558
170	2.7	0.020564
170	2.8	0.018738
170	2.9	0.016025
170	3	0.014063
170	3.1	0.011774
170	3.2	0.011152
170	3.3	0.011386
170	3.4	0.01244
170	3.5	0.013629
170	3.6	0.013246
170	3.7	0.012901
170	3.8	0.012084
170	3.9	0.011736
170	4	0.011349
180	-4	0.01403
180	-3.9	0.014434
180	-3.8	0.013378
180	-3.7	0.011309
180	-3.6	0.0095438
180	-3.5	0.0084937
180	-3.4	0.0085657
180	-3.3	0.0098242
180	-3.2	0.0098865
180	-3.1	0.0091248
180	-3	0.0075488
180	-2.9	0.0080663
180	-2.8	0.010823
180	-2.7	0.016026
180	-2.6	0.020109
180	-2.5	0.0241
180	-2.4	0.025592
180	-2.3	0.026995
180	-2.2	0.027593
180	-2.1	0.028751
180	-2	0.030959
180	-1.9	0.035205
180	-1.8	0.037547
180	-1.7	0.037218
180	-1.6	0.034538
180	-1.5	0.029963
180	-1.4	0.023315
180	-1.3	0.018213
180	-1.2	0.020296
180	-1.1	0.027682
180	-1	0.037805
180	-0.9	0.046893
180	-0.8	0.053368
180	-0.7	0.053962
180	-0.6	0.052276
180	-0.5	0.045726
180	-0.4	0.040674
180	-0.3	0.031608
180	-0.2	0.025274
180	-0.1	0.019674
180	0	0.016776
180	0.1	0.016049
180	0.2	0.018342
180	0.3	0.021854
180	0.4	0.027068
180	0.5	0.032431
180	0.6	0.039876
180	0.7	0.042723
180	0.8	0.046085
180	0.9	0.046154
180	1	0.04482
180	1.1	0.04146
180	1.2	0.036951
180	1.3	0.034168
180	1.4	0.03211
180	1.5	0.032293
180	1.6	0.033481
180	1.7	0.033767
180	1.8	0.034016
180	1.9	0.033707
180	2	0.033019
180	2.1	0.030648
180	2.2	0.028004
180	2.3	0.026379
180	2.4	0.025062
180	2.5	0.022482
180	2.6	0.021275
180	2.7	0.018287
180	2.8	0.016559
180	2.9	0.013496
180	3	0.011601
180	3.1	0.0099484
180	3.2	0.0097067
180	3.3	0.010315
180	3.4	0.011248
180	3.5	0.011363
180	3.6	0.010712
180	3.7	0.01073
180	3.8	0.0097017
180	3.9	0.0094605
180	4	0.0093401
 
Uniformity Ratio =0.60436
