14-Dec-2017
12:55
TXR  007963 RM428 R24
33511B Function Generator
SN =Agilent Technologies,33511B,MY52301476,3.05-1.19-2.00-52-00
freq =+9.170000000000000E+06
burstmode =TRIG
burstN =+6.000000000000000E+01
voltage =+1.5000000000000E-01
 
DSO-X 2022A Oscilloscope
SN =AGILENT TECHNOLOGIES,DSO-X 2022A,MY54310921,02.41.2015102200
probe =+1.0000000E+00
scale =+500.0E-09
position =+19.900000E-06
range =+1.60E+00
units =VOLT
points =+2000
pointmode =NORM
format =BYTE
acqtype =NORM
trigsource =EXT
coupling =AC
 
-180	-4	0.0093072
-180	-3.9	0.011578
-180	-3.8	0.01335
-180	-3.7	0.012818
-180	-3.6	0.0099825
-180	-3.5	0.0083498
-180	-3.4	0.0078118
-180	-3.3	0.010191
-180	-3.2	0.012818
-180	-3.1	0.014271
-180	-3	0.01393
-180	-2.9	0.013092
-180	-2.8	0.013124
-180	-2.7	0.01818
-180	-2.6	0.023047
-180	-2.5	0.028416
-180	-2.4	0.032212
-180	-2.3	0.032902
-180	-2.2	0.032141
-180	-2.1	0.032093
-180	-2	0.032868
-180	-1.9	0.035021
-180	-1.8	0.037654
-180	-1.7	0.038968
-180	-1.6	0.03789
-180	-1.5	0.036102
-180	-1.4	0.032636
-180	-1.3	0.032731
-180	-1.2	0.034844
-180	-1.1	0.04544
-180	-1	0.054644
-180	-0.9	0.059309
-180	-0.8	0.063855
-180	-0.7	0.063605
-180	-0.6	0.060564
-180	-0.5	0.049836
-180	-0.4	0.042488
-180	-0.3	0.034774
-180	-0.2	0.024651
-180	-0.1	0.018952
-180	0	0.017452
-180	0.1	0.017432
-180	0.2	0.018522
-180	0.3	0.025586
-180	0.4	0.031563
-180	0.5	0.040716
-180	0.6	0.046801
-180	0.7	0.051811
-180	0.8	0.0574
-180	0.9	0.058614
-180	1	0.057598
-180	1.1	0.054684
-180	1.2	0.053071
-180	1.3	0.049372
-180	1.4	0.045782
-180	1.5	0.043955
-180	1.6	0.041945
-180	1.7	0.041052
-180	1.8	0.039134
-180	1.9	0.038524
-180	2	0.038486
-180	2.1	0.037711
-180	2.2	0.036114
-180	2.3	0.033246
-180	2.4	0.030254
-180	2.5	0.027878
-180	2.6	0.023231
-180	2.7	0.021726
-180	2.8	0.019755
-180	2.9	0.018188
-180	3	0.017749
-180	3.1	0.015992
-180	3.2	0.013533
-180	3.3	0.011479
-180	3.4	0.010226
-180	3.5	0.0101
-180	3.6	0.011142
-180	3.7	0.011284
-180	3.8	0.011649
-180	3.9	0.011741
-180	4	0.011432
-170	-4	0.0092916
-170	-3.9	0.011447
-170	-3.8	0.012128
-170	-3.7	0.01194
-170	-3.6	0.011112
-170	-3.5	0.0085032
-170	-3.4	0.0082505
-170	-3.3	0.0084211
-170	-3.2	0.0099776
-170	-3.1	0.011791
-170	-3	0.012563
-170	-2.9	0.012796
-170	-2.8	0.014173
-170	-2.7	0.016727
-170	-2.6	0.021894
-170	-2.5	0.024199
-170	-2.4	0.028191
-170	-2.3	0.029734
-170	-2.2	0.030224
-170	-2.1	0.031202
-170	-2	0.032408
-170	-1.9	0.03347
-170	-1.8	0.034671
-170	-1.7	0.034647
-170	-1.6	0.033017
-170	-1.5	0.030405
-170	-1.4	0.029405
-170	-1.3	0.030083
-170	-1.2	0.035659
-170	-1.1	0.042795
-170	-1	0.051808
-170	-0.9	0.056862
-170	-0.8	0.059072
-170	-0.7	0.057959
-170	-0.6	0.052536
-170	-0.5	0.044511
-170	-0.4	0.034802
-170	-0.3	0.028495
-170	-0.2	0.022085
-170	-0.1	0.01852
-170	0	0.016165
-170	0.1	0.016405
-170	0.2	0.017889
-170	0.3	0.02581
-170	0.4	0.032981
-170	0.5	0.040106
-170	0.6	0.048955
-170	0.7	0.052706
-170	0.8	0.057655
-170	0.9	0.057608
-170	1	0.05489
-170	1.1	0.052631
-170	1.2	0.047751
-170	1.3	0.045526
-170	1.4	0.041523
-170	1.5	0.040487
-170	1.6	0.040509
-170	1.7	0.040314
-170	1.8	0.039696
-170	1.9	0.037517
-170	2	0.037135
-170	2.1	0.035142
-170	2.2	0.033468
-170	2.3	0.029899
-170	2.4	0.028121
-170	2.5	0.026635
-170	2.6	0.023513
-170	2.7	0.019807
-170	2.8	0.017749
-170	2.9	0.015848
-170	3	0.014463
-170	3.1	0.014214
-170	3.2	0.013704
-170	3.3	0.013139
-170	3.4	0.012166
-170	3.5	0.012122
-170	3.6	0.011042
-170	3.7	0.010154
-170	3.8	0.010002
-170	3.9	0.011119
-170	4	0.011402
-160	-4	0.011319
-160	-3.9	0.011959
-160	-3.8	0.011639
-160	-3.7	0.010292
-160	-3.6	0.0092007
-160	-3.5	0.0092375
-160	-3.4	0.011165
-160	-3.3	0.011799
-160	-3.2	0.012025
-160	-3.1	0.011315
-160	-3	0.010621
-160	-2.9	0.012134
-160	-2.8	0.016936
-160	-2.7	0.021506
-160	-2.6	0.024181
-160	-2.5	0.027248
-160	-2.4	0.02785
-160	-2.3	0.027916
-160	-2.2	0.028405
-160	-2.1	0.030928
-160	-2	0.035167
-160	-1.9	0.037741
-160	-1.8	0.039055
-160	-1.7	0.037678
-160	-1.6	0.032741
-160	-1.5	0.027553
-160	-1.4	0.026875
-160	-1.3	0.031276
-160	-1.2	0.039367
-160	-1.1	0.048787
-160	-1	0.054667
-160	-0.9	0.060573
-160	-0.8	0.060437
-160	-0.7	0.05552
-160	-0.6	0.048873
-160	-0.5	0.041066
-160	-0.4	0.031035
-160	-0.3	0.024896
-160	-0.2	0.020766
-160	-0.1	0.018249
-160	0	0.017302
-160	0.1	0.018428
-160	0.2	0.021859
-160	0.3	0.027747
-160	0.4	0.034637
-160	0.5	0.040257
-160	0.6	0.047849
-160	0.7	0.05025
-160	0.8	0.052989
-160	0.9	0.053096
-160	1	0.051687
-160	1.1	0.048848
-160	1.2	0.047298
-160	1.3	0.042384
-160	1.4	0.039312
-160	1.5	0.037103
-160	1.6	0.036819
-160	1.7	0.038023
-160	1.8	0.039521
-160	1.9	0.04032
-160	2	0.040431
-160	2.1	0.037715
-160	2.2	0.034511
-160	2.3	0.030385
-160	2.4	0.026583
-160	2.5	0.023761
-160	2.6	0.02228
-160	2.7	0.021431
-160	2.8	0.0206
-160	2.9	0.018404
-160	3	0.014295
-160	3.1	0.012897
-160	3.2	0.010145
-160	3.3	0.0105
-160	3.4	0.011893
-160	3.5	0.013198
-160	3.6	0.013339
-160	3.7	0.011981
-160	3.8	0.010736
-160	3.9	0.0098734
-160	4	0.0096917
-150	-4	0.009715
-150	-3.9	0.010529
-150	-3.8	0.0098028
-150	-3.7	0.0091213
-150	-3.6	0.007888
-150	-3.5	0.0077265
-150	-3.4	0.0095048
-150	-3.3	0.010775
-150	-3.2	0.012203
-150	-3.1	0.011599
-150	-3	0.010854
-150	-2.9	0.010114
-150	-2.8	0.013629
-150	-2.7	0.01678
-150	-2.6	0.021302
-150	-2.5	0.026036
-150	-2.4	0.028736
-150	-2.3	0.030178
-150	-2.2	0.030541
-150	-2.1	0.031115
-150	-2	0.03197
-150	-1.9	0.032966
-150	-1.8	0.034251
-150	-1.7	0.033135
-150	-1.6	0.03085
-150	-1.5	0.026327
-150	-1.4	0.026662
-150	-1.3	0.030076
-150	-1.2	0.037377
-150	-1.1	0.044007
-150	-1	0.052857
-150	-0.9	0.055753
-150	-0.8	0.057444
-150	-0.7	0.054465
-150	-0.6	0.047898
-150	-0.5	0.039513
-150	-0.4	0.032097
-150	-0.3	0.02481
-150	-0.2	0.01793
-150	-0.1	0.015405
-150	0	0.01468
-150	0.1	0.014948
-150	0.2	0.020178
-150	0.3	0.027273
-150	0.4	0.035336
-150	0.5	0.041326
-150	0.6	0.048537
-150	0.7	0.052708
-150	0.8	0.052917
-150	0.9	0.051141
-150	1	0.049397
-150	1.1	0.046669
-150	1.2	0.043165
-150	1.3	0.04063
-150	1.4	0.038097
-150	1.5	0.03713
-150	1.6	0.036574
-150	1.7	0.036234
-150	1.8	0.034457
-150	1.9	0.034338
-150	2	0.03401
-150	2.1	0.032506
-150	2.2	0.029279
-150	2.3	0.02706
-150	2.4	0.024438
-150	2.5	0.020922
-150	2.6	0.018164
-150	2.7	0.016445
-150	2.8	0.015114
-150	2.9	0.014384
-150	3	0.012575
-150	3.1	0.011898
-150	3.2	0.010667
-150	3.3	0.01081
-150	3.4	0.011339
-150	3.5	0.010868
-150	3.6	0.010304
-150	3.7	0.010073
-150	3.8	0.010372
-150	3.9	0.0099517
-150	4	0.009295
-140	-4	0.0086633
-140	-3.9	0.0090305
-140	-3.8	0.0086465
-140	-3.7	0.0083188
-140	-3.6	0.007441
-140	-3.5	0.0080743
-140	-3.4	0.0092077
-140	-3.3	0.010078
-140	-3.2	0.010514
-140	-3.1	0.0098308
-140	-3	0.0087061
-140	-2.9	0.0098324
-140	-2.8	0.014382
-140	-2.7	0.019365
-140	-2.6	0.024049
-140	-2.5	0.028166
-140	-2.4	0.029991
-140	-2.3	0.030598
-140	-2.2	0.031306
-140	-2.1	0.031949
-140	-2	0.032308
-140	-1.9	0.033185
-140	-1.8	0.033556
-140	-1.7	0.031797
-140	-1.6	0.030825
-140	-1.5	0.028152
-140	-1.4	0.028114
-140	-1.3	0.030314
-140	-1.2	0.040173
-140	-1.1	0.046927
-140	-1	0.055309
-140	-0.9	0.057755
-140	-0.8	0.059057
-140	-0.7	0.054807
-140	-0.6	0.045275
-140	-0.5	0.039784
-140	-0.4	0.030412
-140	-0.3	0.026033
-140	-0.2	0.020449
-140	-0.1	0.01764
-140	0	0.015725
-140	0.1	0.015758
-140	0.2	0.019497
-140	0.3	0.02798
-140	0.4	0.036692
-140	0.5	0.041465
-140	0.6	0.04779
-140	0.7	0.052722
-140	0.8	0.052825
-140	0.9	0.0518
-140	1	0.047776
-140	1.1	0.045259
-140	1.2	0.041804
-140	1.3	0.038773
-140	1.4	0.037437
-140	1.5	0.036997
-140	1.6	0.036797
-140	1.7	0.036236
-140	1.8	0.034781
-140	1.9	0.034245
-140	2	0.034435
-140	2.1	0.033535
-140	2.2	0.030965
-140	2.3	0.027867
-140	2.4	0.025669
-140	2.5	0.022551
-140	2.6	0.01858
-140	2.7	0.015018
-140	2.8	0.013423
-140	2.9	0.012349
-140	3	0.012083
-140	3.1	0.011902
-140	3.2	0.011741
-140	3.3	0.011322
-140	3.4	0.011499
-140	3.5	0.010787
-140	3.6	0.0097995
-140	3.7	0.0089514
-140	3.8	0.0093401
-140	3.9	0.010108
-140	4	0.0096834
-130	-4	0.01005
-130	-3.9	0.010084
-130	-3.8	0.0093574
-130	-3.7	0.0079553
-130	-3.6	0.0080261
-130	-3.5	0.0084575
-130	-3.4	0.0093626
-130	-3.3	0.0095014
-130	-3.2	0.0082407
-130	-3.1	0.0078757
-130	-3	0.0090448
-130	-2.9	0.010712
-130	-2.8	0.016126
-130	-2.7	0.021567
-130	-2.6	0.023806
-130	-2.5	0.02655
-130	-2.4	0.027305
-130	-2.3	0.026995
-130	-2.2	0.027178
-130	-2.1	0.027711
-130	-2	0.029992
-130	-1.9	0.031477
-130	-1.8	0.032169
-130	-1.7	0.029818
-130	-1.6	0.025533
-130	-1.5	0.021917
-130	-1.4	0.021781
-130	-1.3	0.028309
-130	-1.2	0.035177
-130	-1.1	0.048182
-130	-1	0.052732
-130	-0.9	0.055612
-130	-0.8	0.055256
-130	-0.7	0.050487
-130	-0.6	0.042473
-130	-0.5	0.037681
-130	-0.4	0.027423
-130	-0.3	0.021653
-130	-0.2	0.017271
-130	-0.1	0.014616
-130	0	0.013925
-130	0.1	0.014135
-130	0.2	0.021684
-130	0.3	0.028672
-130	0.4	0.036752
-130	0.5	0.041896
-130	0.6	0.048469
-130	0.7	0.050992
-130	0.8	0.049642
-130	0.9	0.047804
-130	1	0.044712
-130	1.1	0.040657
-130	1.2	0.037666
-130	1.3	0.033829
-130	1.4	0.032935
-130	1.5	0.03398
-130	1.6	0.035049
-130	1.7	0.035258
-130	1.8	0.034254
-130	1.9	0.03359
-130	2	0.031445
-130	2.1	0.029468
-130	2.2	0.025934
-130	2.3	0.023827
-130	2.4	0.021962
-130	2.5	0.020819
-130	2.6	0.017818
-130	2.7	0.01587
-130	2.8	0.013997
-130	2.9	0.012536
-130	3	0.011557
-130	3.1	0.010872
-130	3.2	0.010734
-130	3.3	0.011346
-130	3.4	0.011383
-130	3.5	0.011423
-130	3.6	0.010071
-130	3.7	0.0088643
-130	3.8	0.0099159
-130	3.9	0.010931
-130	4	0.010848
-120	-4	0.012126
-120	-3.9	0.012008
-120	-3.8	0.00972
-120	-3.7	0.0091107
-120	-3.6	0.0077703
-120	-3.5	0.0087079
-120	-3.4	0.010034
-120	-3.3	0.010398
-120	-3.2	0.0097183
-120	-3.1	0.0090161
-120	-3	0.0094758
-120	-2.9	0.01306
-120	-2.8	0.017452
-120	-2.7	0.024431
-120	-2.6	0.027164
-120	-2.5	0.028315
-120	-2.4	0.028548
-120	-2.3	0.028926
-120	-2.2	0.03097
-120	-2.1	0.032576
-120	-2	0.035701
-120	-1.9	0.035879
-120	-1.8	0.033281
-120	-1.7	0.029115
-120	-1.6	0.024508
-120	-1.5	0.021
-120	-1.4	0.023946
-120	-1.3	0.031899
-120	-1.2	0.043225
-120	-1.1	0.050946
-120	-1	0.055908
-120	-0.9	0.058512
-120	-0.8	0.05621
-120	-0.7	0.051013
-120	-0.6	0.043408
-120	-0.5	0.037237
-120	-0.4	0.027802
-120	-0.3	0.021121
-120	-0.2	0.017393
-120	-0.1	0.016589
-120	0	0.017926
-120	0.1	0.020248
-120	0.2	0.026758
-120	0.3	0.03458
-120	0.4	0.039179
-120	0.5	0.045582
-120	0.6	0.048928
-120	0.7	0.051337
-120	0.8	0.050245
-120	0.9	0.04719
-120	1	0.043107
-120	1.1	0.03936
-120	1.2	0.03428
-120	1.3	0.032046
-120	1.4	0.030745
-120	1.5	0.031811
-120	1.6	0.033994
-120	1.7	0.035996
-120	1.8	0.036233
-120	1.9	0.03562
-120	2	0.034061
-120	2.1	0.03055
-120	2.2	0.025398
-120	2.3	0.022205
-120	2.4	0.020465
-120	2.5	0.019676
-120	2.6	0.018381
-120	2.7	0.017163
-120	2.8	0.015224
-120	2.9	0.013006
-120	3	0.010863
-120	3.1	0.010271
-120	3.2	0.011541
-120	3.3	0.012616
-120	3.4	0.013501
-120	3.5	0.012681
-120	3.6	0.011427
-120	3.7	0.010415
-120	3.8	0.010748
-120	3.9	0.011239
-120	4	0.01108
-110	-4	0.011774
-110	-3.9	0.010787
-110	-3.8	0.0089838
-110	-3.7	0.0080863
-110	-3.6	0.0082681
-110	-3.5	0.008964
-110	-3.4	0.0092968
-110	-3.3	0.0090269
-110	-3.2	0.0080221
-110	-3.1	0.0088039
-110	-3	0.010923
-110	-2.9	0.014671
-110	-2.8	0.019708
-110	-2.7	0.023194
-110	-2.6	0.02529
-110	-2.5	0.02657
-110	-2.4	0.027669
-110	-2.3	0.029189
-110	-2.2	0.032211
-110	-2.1	0.034642
-110	-2	0.035129
-110	-1.9	0.034916
-110	-1.8	0.031517
-110	-1.7	0.026561
-110	-1.6	0.020605
-110	-1.5	0.020174
-110	-1.4	0.025213
-110	-1.3	0.03365
-110	-1.2	0.042146
-110	-1.1	0.049665
-110	-1	0.055983
-110	-0.9	0.057029
-110	-0.8	0.053805
-110	-0.7	0.047134
-110	-0.6	0.04083
-110	-0.5	0.03357
-110	-0.4	0.026035
-110	-0.3	0.020302
-110	-0.2	0.016881
-110	-0.1	0.015861
-110	0	0.015512
-110	0.1	0.019214
-110	0.2	0.024359
-110	0.3	0.034803
-110	0.4	0.039758
-110	0.5	0.046776
-110	0.6	0.048638
-110	0.7	0.04899
-110	0.8	0.047113
-110	0.9	0.043464
-110	1	0.037511
-110	1.1	0.035861
-110	1.2	0.034078
-110	1.3	0.033646
-110	1.4	0.034281
-110	1.5	0.035384
-110	1.6	0.035674
-110	1.7	0.034663
-110	1.8	0.033525
-110	1.9	0.032038
-110	2	0.031215
-110	2.1	0.029667
-110	2.2	0.027274
-110	2.3	0.025715
-110	2.4	0.0233
-110	2.5	0.020141
-110	2.6	0.017598
-110	2.7	0.014703
-110	2.8	0.012998
-110	2.9	0.012182
-110	3	0.011748
-110	3.1	0.011726
-110	3.2	0.011932
-110	3.3	0.011631
-110	3.4	0.012139
-110	3.5	0.011953
-110	3.6	0.011605
-110	3.7	0.01178
-110	3.8	0.012104
-110	3.9	0.012293
-110	4	0.011382
-100	-4	0.013685
-100	-3.9	0.012776
-100	-3.8	0.011173
-100	-3.7	0.0091124
-100	-3.6	0.0091337
-100	-3.5	0.0096432
-100	-3.4	0.010502
-100	-3.3	0.010279
-100	-3.2	0.0092968
-100	-3.1	0.0088643
-100	-3	0.011716
-100	-2.9	0.01457
-100	-2.8	0.020581
-100	-2.7	0.025801
-100	-2.6	0.0296
-100	-2.5	0.031888
-100	-2.4	0.032345
-100	-2.3	0.033154
-100	-2.2	0.034388
-100	-2.1	0.036412
-100	-2	0.037125
-100	-1.9	0.035524
-100	-1.8	0.032222
-100	-1.7	0.02504
-100	-1.6	0.021413
-100	-1.5	0.021558
-100	-1.4	0.026995
-100	-1.3	0.033759
-100	-1.2	0.046078
-100	-1.1	0.051757
-100	-1	0.05657
-100	-0.9	0.056515
-100	-0.8	0.053582
-100	-0.7	0.048239
-100	-0.6	0.040101
-100	-0.5	0.033274
-100	-0.4	0.026373
-100	-0.3	0.019927
-100	-0.2	0.017214
-100	-0.1	0.016254
-100	0	0.018707
-100	0.1	0.021843
-100	0.2	0.02724
-100	0.3	0.03419
-100	0.4	0.04063
-100	0.5	0.047025
-100	0.6	0.05017
-100	0.7	0.051547
-100	0.8	0.050132
-100	0.9	0.047031
-100	1	0.042193
-100	1.1	0.036369
-100	1.2	0.033025
-100	1.3	0.031075
-100	1.4	0.031249
-100	1.5	0.033471
-100	1.6	0.03564
-100	1.7	0.036997
-100	1.8	0.036562
-100	1.9	0.032951
-100	2	0.030988
-100	2.1	0.0252
-100	2.2	0.022495
-100	2.3	0.020819
-100	2.4	0.019751
-100	2.5	0.019125
-100	2.6	0.016933
-100	2.7	0.015356
-100	2.8	0.011868
-100	2.9	0.010379
-100	3	0.010466
-100	3.1	0.011557
-100	3.2	0.012063
-100	3.3	0.012354
-100	3.4	0.012429
-100	3.5	0.012215
-100	3.6	0.011269
-100	3.7	0.010918
-100	3.8	0.011388
-100	3.9	0.011626
-100	4	0.011232
-90	-4	0.012452
-90	-3.9	0.011475
-90	-3.8	0.010554
-90	-3.7	0.0086875
-90	-3.6	0.0086334
-90	-3.5	0.009618
-90	-3.4	0.010592
-90	-3.3	0.010148
-90	-3.2	0.008311
-90	-3.1	0.007454
-90	-3	0.0096717
-90	-2.9	0.015603
-90	-2.8	0.021599
-90	-2.7	0.025288
-90	-2.6	0.029539
-90	-2.5	0.03101
-90	-2.4	0.033214
-90	-2.3	0.03402
-90	-2.2	0.034837
-90	-2.1	0.036796
-90	-2	0.037118
-90	-1.9	0.035861
-90	-1.8	0.032758
-90	-1.7	0.027191
-90	-1.6	0.022301
-90	-1.5	0.021923
-90	-1.4	0.026395
-90	-1.3	0.035937
-90	-1.2	0.045394
-90	-1.1	0.054504
-90	-1	0.057102
-90	-0.9	0.056703
-90	-0.8	0.05126
-90	-0.7	0.044688
-90	-0.6	0.038529
-90	-0.5	0.030205
-90	-0.4	0.026021
-90	-0.3	0.021591
-90	-0.2	0.017157
-90	-0.1	0.015458
-90	0	0.01598
-90	0.1	0.021195
-90	0.2	0.027025
-90	0.3	0.036344
-90	0.4	0.042874
-90	0.5	0.047483
-90	0.6	0.04997
-90	0.7	0.049858
-90	0.8	0.047111
-90	0.9	0.044078
-90	1	0.038541
-90	1.1	0.037036
-90	1.2	0.034295
-90	1.3	0.033088
-90	1.4	0.033159
-90	1.5	0.034009
-90	1.6	0.034515
-90	1.7	0.034478
-90	1.8	0.033001
-90	1.9	0.032209
-90	2	0.029761
-90	2.1	0.026503
-90	2.2	0.022225
-90	2.3	0.018115
-90	2.4	0.016053
-90	2.5	0.013332
-90	2.6	0.011242
-90	2.7	0.010466
-90	2.8	0.0099906
-90	2.9	0.010375
-90	3	0.010545
-90	3.1	0.010638
-90	3.2	0.010756
-90	3.3	0.010392
-90	3.4	0.010361
-90	3.5	0.010141
-90	3.6	0.0094963
-90	3.7	0.0090233
-90	3.8	0.0094554
-90	3.9	0.0096415
-90	4	0.0089658
-80	-4	0.011478
-80	-3.9	0.011522
-80	-3.8	0.012527
-80	-3.7	0.013246
-80	-3.6	0.013466
-80	-3.5	0.013343
-80	-3.4	0.012737
-80	-3.3	0.0095438
-80	-3.2	0.0074713
-80	-3.1	0.0080643
-80	-3	0.012947
-80	-2.9	0.017504
-80	-2.8	0.022696
-80	-2.7	0.025959
-80	-2.6	0.028223
-80	-2.5	0.032515
-80	-2.4	0.035642
-80	-2.3	0.039755
-80	-2.2	0.041312
-80	-2.1	0.04228
-80	-2	0.041468
-80	-1.9	0.037598
-80	-1.8	0.030217
-80	-1.7	0.024545
-80	-1.6	0.021092
-80	-1.5	0.023418
-80	-1.4	0.032592
-80	-1.3	0.043321
-80	-1.2	0.050509
-80	-1.1	0.056559
-80	-1	0.056829
-80	-0.9	0.054084
-80	-0.8	0.046969
-80	-0.7	0.040424
-80	-0.6	0.033646
-80	-0.5	0.026617
-80	-0.4	0.023529
-80	-0.3	0.020435
-80	-0.2	0.019392
-80	-0.1	0.017789
-80	0	0.018272
-80	0.1	0.022733
-80	0.2	0.029654
-80	0.3	0.036446
-80	0.4	0.044226
-80	0.5	0.048003
-80	0.6	0.049506
-80	0.7	0.048674
-80	0.8	0.044962
-80	0.9	0.041589
-80	1	0.038553
-80	1.1	0.036988
-80	1.2	0.036028
-80	1.3	0.035655
-80	1.4	0.035956
-80	1.5	0.036226
-80	1.6	0.036022
-80	1.7	0.035333
-80	1.8	0.034608
-80	1.9	0.033579
-80	2	0.030681
-80	2.1	0.029472
-80	2.2	0.025683
-80	2.3	0.022355
-80	2.4	0.019725
-80	2.5	0.015901
-80	2.6	0.014074
-80	2.7	0.011409
-80	2.8	0.010733
-80	2.9	0.011109
-80	3	0.012327
-80	3.1	0.012835
-80	3.2	0.012779
-80	3.3	0.012934
-80	3.4	0.012246
-80	3.5	0.011248
-80	3.6	0.010491
-80	3.7	0.0099012
-80	3.8	0.01071
-80	3.9	0.010971
-80	4	0.01116
-70	-4	0.014021
-70	-3.9	0.012248
-70	-3.8	0.011935
-70	-3.7	0.013053
-70	-3.6	0.014008
-70	-3.5	0.014131
-70	-3.4	0.013203
-70	-3.3	0.010974
-70	-3.2	0.0075145
-70	-3.1	0.0075595
-70	-3	0.011973
-70	-2.9	0.017124
-70	-2.8	0.024101
-70	-2.7	0.028559
-70	-2.6	0.030857
-70	-2.5	0.032296
-70	-2.4	0.033542
-70	-2.3	0.037225
-70	-2.2	0.040396
-70	-2.1	0.043426
-70	-2	0.043239
-70	-1.9	0.040716
-70	-1.8	0.035241
-70	-1.7	0.026204
-70	-1.6	0.020192
-70	-1.5	0.021281
-70	-1.4	0.030689
-70	-1.3	0.041605
-70	-1.2	0.051251
-70	-1.1	0.054874
-70	-1	0.055824
-70	-0.9	0.05199
-70	-0.8	0.047538
-70	-0.7	0.04229
-70	-0.6	0.031671
-70	-0.5	0.026749
-70	-0.4	0.022365
-70	-0.3	0.01998
-70	-0.2	0.017849
-70	-0.1	0.017465
-70	0	0.020076
-70	0.1	0.024617
-70	0.2	0.030859
-70	0.3	0.038081
-70	0.4	0.041967
-70	0.5	0.044529
-70	0.6	0.045565
-70	0.7	0.043936
-70	0.8	0.0406
-70	0.9	0.037011
-70	1	0.034634
-70	1.1	0.032941
-70	1.2	0.031819
-70	1.3	0.031453
-70	1.4	0.031948
-70	1.5	0.03353
-70	1.6	0.034099
-70	1.7	0.033534
-70	1.8	0.032806
-70	1.9	0.031269
-70	2	0.029415
-70	2.1	0.026595
-70	2.2	0.022621
-70	2.3	0.020791
-70	2.4	0.018648
-70	2.5	0.015747
-70	2.6	0.01426
-70	2.7	0.012562
-70	2.8	0.011658
-70	2.9	0.010571
-70	3	0.010621
-70	3.1	0.010778
-70	3.2	0.011334
-70	3.3	0.012191
-70	3.4	0.012694
-70	3.5	0.012465
-70	3.6	0.011562
-70	3.7	0.010805
-70	3.8	0.010721
-70	3.9	0.010426
-70	4	0.0099338
-60	-4	0.014986
-60	-3.9	0.0133
-60	-3.8	0.011848
-60	-3.7	0.011569
-60	-3.6	0.012191
-60	-3.5	0.012933
-60	-3.4	0.012467
-60	-3.3	0.010653
-60	-3.2	0.0077641
-60	-3.1	0.007358
-60	-3	0.0099501
-60	-2.9	0.017627
-60	-2.8	0.022959
-60	-2.7	0.025892
-60	-2.6	0.028816
-60	-2.5	0.030431
-60	-2.4	0.03316
-60	-2.3	0.036344
-60	-2.2	0.040187
-60	-2.1	0.041602
-60	-2	0.041858
-60	-1.9	0.039869
-60	-1.8	0.032623
-60	-1.7	0.024017
-60	-1.6	0.019621
-60	-1.5	0.022483
-60	-1.4	0.030129
-60	-1.3	0.041298
-60	-1.2	0.050615
-60	-1.1	0.054879
-60	-1	0.056521
-60	-0.9	0.052558
-60	-0.8	0.046008
-60	-0.7	0.037681
-60	-0.6	0.029249
-60	-0.5	0.025813
-60	-0.4	0.019613
-60	-0.3	0.017227
-60	-0.2	0.015703
-60	-0.1	0.01655
-60	0	0.019959
-60	0.1	0.02659
-60	0.2	0.032359
-60	0.3	0.039494
-60	0.4	0.043112
-60	0.5	0.04512
-60	0.6	0.045231
-60	0.7	0.042423
-60	0.8	0.040842
-60	0.9	0.035242
-60	1	0.033576
-60	1.1	0.030999
-60	1.2	0.029574
-60	1.3	0.029675
-60	1.4	0.030374
-60	1.5	0.032198
-60	1.6	0.033319
-60	1.7	0.033003
-60	1.8	0.031749
-60	1.9	0.030329
-60	2	0.02681
-60	2.1	0.022507
-60	2.2	0.019157
-60	2.3	0.016664
-60	2.4	0.014707
-60	2.5	0.013603
-60	2.6	0.012631
-60	2.7	0.011388
-60	2.8	0.010301
-60	2.9	0.0094963
-60	3	0.008946
-60	3.1	0.0089604
-60	3.2	0.010336
-60	3.3	0.011065
-60	3.4	0.01161
-60	3.5	0.011716
-60	3.6	0.010778
-60	3.7	0.010851
-60	3.8	0.011187
-60	3.9	0.010877
-60	4	0.010336
-50	-4	0.013817
-50	-3.9	0.013345
-50	-3.8	0.012755
-50	-3.7	0.013195
-50	-3.6	0.012904
-50	-3.5	0.012392
-50	-3.4	0.010612
-50	-3.3	0.0091619
-50	-3.2	0.0073007
-50	-3.1	0.0080963
-50	-3	0.010606
-50	-2.9	0.01608
-50	-2.8	0.018542
-50	-2.7	0.021599
-50	-2.6	0.025606
-50	-2.5	0.029428
-50	-2.4	0.035562
-50	-2.3	0.038977
-50	-2.2	0.043992
-50	-2.1	0.046003
-50	-2	0.045501
-50	-1.9	0.040397
-50	-1.8	0.035786
-50	-1.7	0.026027
-50	-1.6	0.021684
-50	-1.5	0.02117
-50	-1.4	0.02793
-50	-1.3	0.042948
-50	-1.2	0.051446
-50	-1.1	0.057444
-50	-1	0.058006
-50	-0.9	0.053578
-50	-0.8	0.047505
-50	-0.7	0.037668
-50	-0.6	0.030116
-50	-0.5	0.02451
-50	-0.4	0.019298
-50	-0.3	0.018179
-50	-0.2	0.017591
-50	-0.1	0.017632
-50	0	0.019715
-50	0.1	0.024676
-50	0.2	0.031752
-50	0.3	0.036304
-50	0.4	0.041565
-50	0.5	0.044809
-50	0.6	0.045909
-50	0.7	0.044398
-50	0.8	0.03931
-50	0.9	0.035077
-50	1	0.033116
-50	1.1	0.032269
-50	1.2	0.0325
-50	1.3	0.03289
-50	1.4	0.033233
-50	1.5	0.032779
-50	1.6	0.032033
-50	1.7	0.031225
-50	1.8	0.030435
-50	1.9	0.029675
-50	2	0.028568
-50	2.1	0.025226
-50	2.2	0.023124
-50	2.3	0.018907
-50	2.4	0.01402
-50	2.5	0.011893
-50	2.6	0.011061
-50	2.7	0.010673
-50	2.8	0.010535
-50	2.9	0.010135
-50	3	0.0089261
-50	3.1	0.008344
-50	3.2	0.0086184
-50	3.3	0.0091584
-50	3.4	0.010874
-50	3.5	0.011434
-50	3.6	0.011305
-50	3.7	0.010992
-50	3.8	0.010068
-50	3.9	0.0094536
-50	4	0.0082954
-40	-4	0.014831
-40	-3.9	0.012479
-40	-3.8	0.011782
-40	-3.7	0.012887
-40	-3.6	0.01457
-40	-3.5	0.015042
-40	-3.4	0.014116
-40	-3.3	0.010396
-40	-3.2	0.0076678
-40	-3.1	0.00748
-40	-3	0.011126
-40	-2.9	0.018405
-40	-2.8	0.020791
-40	-2.7	0.025036
-40	-2.6	0.028409
-40	-2.5	0.029978
-40	-2.4	0.035376
-40	-2.3	0.03939
-40	-2.2	0.043929
-40	-2.1	0.04645
-40	-2	0.046358
-40	-1.9	0.041539
-40	-1.8	0.029782
-40	-1.7	0.020025
-40	-1.6	0.016262
-40	-1.5	0.019756
-40	-1.4	0.034764
-40	-1.3	0.044981
-40	-1.2	0.053556
-40	-1.1	0.055557
-40	-1	0.05511
-40	-0.9	0.049459
-40	-0.8	0.041579
-40	-0.7	0.034386
-40	-0.6	0.026876
-40	-0.5	0.022234
-40	-0.4	0.018912
-40	-0.3	0.01724
-40	-0.2	0.016557
-40	-0.1	0.016819
-40	0	0.01782
-40	0.1	0.023372
-40	0.2	0.02843
-40	0.3	0.033177
-40	0.4	0.039492
-40	0.5	0.041664
-40	0.6	0.042606
-40	0.7	0.041158
-40	0.8	0.038522
-40	0.9	0.034403
-40	1	0.031206
-40	1.1	0.029875
-40	1.2	0.028369
-40	1.3	0.028616
-40	1.4	0.029746
-40	1.5	0.03152
-40	1.6	0.033478
-40	1.7	0.033852
-40	1.8	0.032577
-40	1.9	0.030892
-40	2	0.02813
-40	2.1	0.025297
-40	2.2	0.022123
-40	2.3	0.019708
-40	2.4	0.018471
-40	2.5	0.016609
-40	2.6	0.015628
-40	2.7	0.01339
-40	2.8	0.011755
-40	2.9	0.010455
-40	3	0.010426
-40	3.1	0.011463
-40	3.2	0.012184
-40	3.3	0.013289
-40	3.4	0.013621
-40	3.5	0.012716
-40	3.6	0.011888
-40	3.7	0.010957
-40	3.8	0.010208
-40	3.9	0.01023
-40	4	0.0096147
-30	-4	0.01412
-30	-3.9	0.013417
-30	-3.8	0.012648
-30	-3.7	0.013221
-30	-3.6	0.013983
-30	-3.5	0.014527
-30	-3.4	0.013919
-30	-3.3	0.0112
-30	-3.2	0.0082093
-30	-3.1	0.0071936
-30	-3	0.011603
-30	-2.9	0.016343
-30	-2.8	0.022377
-30	-2.7	0.026768
-30	-2.6	0.030225
-30	-2.5	0.031913
-30	-2.4	0.034382
-30	-2.3	0.038293
-30	-2.2	0.042679
-30	-2.1	0.044039
-30	-2	0.044129
-30	-1.9	0.042036
-30	-1.8	0.032742
-30	-1.7	0.026712
-30	-1.6	0.020114
-30	-1.5	0.020891
-30	-1.4	0.024621
-30	-1.3	0.034552
-30	-1.2	0.045707
-30	-1.1	0.052142
-30	-1	0.053748
-30	-0.9	0.051241
-30	-0.8	0.046603
-30	-0.7	0.040447
-30	-0.6	0.032818
-30	-0.5	0.025658
-30	-0.4	0.021288
-30	-0.3	0.019452
-30	-0.2	0.018276
-30	-0.1	0.017169
-30	0	0.017792
-30	0.1	0.020997
-30	0.2	0.028546
-30	0.3	0.032212
-30	0.4	0.03922
-30	0.5	0.043053
-30	0.6	0.044105
-30	0.7	0.042231
-30	0.8	0.039849
-30	0.9	0.035222
-30	1	0.03208
-30	1.1	0.029942
-30	1.2	0.029317
-30	1.3	0.029841
-30	1.4	0.03141
-30	1.5	0.032752
-30	1.6	0.032626
-30	1.7	0.032361
-30	1.8	0.030631
-30	1.9	0.029258
-30	2	0.02755
-30	2.1	0.024424
-30	2.2	0.021877
-30	2.3	0.019677
-30	2.4	0.016266
-30	2.5	0.014044
-30	2.6	0.011235
-30	2.7	0.010023
-30	2.8	0.0092881
-30	2.9	0.010337
-30	3	0.011194
-30	3.1	0.010847
-30	3.2	0.010594
-30	3.3	0.010387
-30	3.4	0.010066
-30	3.5	0.0095472
-30	3.6	0.0099533
-30	3.7	0.0098914
-30	3.8	0.010633
-30	3.9	0.010523
-30	4	0.0095404
-20	-4	0.014554
-20	-3.9	0.01232
-20	-3.8	0.011017
-20	-3.7	0.010452
-20	-3.6	0.01202
-20	-3.5	0.01361
-20	-3.4	0.013993
-20	-3.3	0.012762
-20	-3.2	0.0095286
-20	-3.1	0.0068034
-20	-3	0.0091936
-20	-2.9	0.015077
-20	-2.8	0.021078
-20	-2.7	0.025219
-20	-2.6	0.029537
-20	-2.5	0.031547
-20	-2.4	0.033551
-20	-2.3	0.036129
-20	-2.2	0.039022
-20	-2.1	0.042269
-20	-2	0.043211
-20	-1.9	0.041309
-20	-1.8	0.037228
-20	-1.7	0.028187
-20	-1.6	0.021171
-20	-1.5	0.018239
-20	-1.4	0.024862
-20	-1.3	0.036251
-20	-1.2	0.048051
-20	-1.1	0.05206
-20	-1	0.055594
-20	-0.9	0.053998
-20	-0.8	0.047524
-20	-0.7	0.038415
-20	-0.6	0.033541
-20	-0.5	0.025367
-20	-0.4	0.021093
-20	-0.3	0.01776
-20	-0.2	0.015274
-20	-0.1	0.014867
-20	0	0.015467
-20	0.1	0.020714
-20	0.2	0.028441
-20	0.3	0.037385
-20	0.4	0.041875
-20	0.5	0.045546
-20	0.6	0.045099
-20	0.7	0.042773
-20	0.8	0.040908
-20	0.9	0.034839
-20	1	0.031963
-20	1.1	0.029685
-20	1.2	0.029083
-20	1.3	0.029652
-20	1.4	0.030871
-20	1.5	0.031358
-20	1.6	0.03146
-20	1.7	0.030451
-20	1.8	0.029456
-20	1.9	0.027793
-20	2	0.026046
-20	2.1	0.023004
-20	2.2	0.020122
-20	2.3	0.017553
-20	2.4	0.014758
-20	2.5	0.012114
-20	2.6	0.0092287
-20	2.7	0.0083304
-20	2.8	0.0088351
-20	2.9	0.009893
-20	3	0.010598
-20	3.1	0.010948
-20	3.2	0.010407
-20	3.3	0.0098881
-20	3.4	0.0094022
-20	3.5	0.0091531
-20	3.6	0.0088094
-20	3.7	0.0085582
-20	3.8	0.0085089
-20	3.9	0.0083846
-20	4	0.0077787
-10	-4	0.011622
-10	-3.9	0.011745
-10	-3.8	0.012033
-10	-3.7	0.012517
-10	-3.6	0.012589
-10	-3.5	0.012324
-10	-3.4	0.010359
-10	-3.3	0.0091301
-10	-3.2	0.0076825
-10	-3.1	0.007583
-10	-3	0.0098669
-10	-2.9	0.014044
-10	-2.8	0.01815
-10	-2.7	0.023333
-10	-2.6	0.025783
-10	-2.5	0.029863
-10	-2.4	0.03285
-10	-2.3	0.035676
-10	-2.2	0.040971
-10	-2.1	0.044772
-10	-2	0.045548
-10	-1.9	0.044259
-10	-1.8	0.039199
-10	-1.7	0.026284
-10	-1.6	0.020461
-10	-1.5	0.018958
-10	-1.4	0.024383
-10	-1.3	0.036108
-10	-1.2	0.046375
-10	-1.1	0.05245
-10	-1	0.053872
-10	-0.9	0.050459
-10	-0.8	0.048425
-10	-0.7	0.040236
-10	-0.6	0.032928
-10	-0.5	0.026138
-10	-0.4	0.021353
-10	-0.3	0.018811
-10	-0.2	0.01794
-10	-0.1	0.017334
-10	0	0.018303
-10	0.1	0.022745
-10	0.2	0.026963
-10	0.3	0.034609
-10	0.4	0.037833
-10	0.5	0.041706
-10	0.6	0.043323
-10	0.7	0.042311
-10	0.8	0.039796
-10	0.9	0.036094
-10	1	0.03359
-10	1.1	0.030258
-10	1.2	0.029004
-10	1.3	0.028329
-10	1.4	0.028996
-10	1.5	0.03019
-10	1.6	0.032035
-10	1.7	0.033143
-10	1.8	0.033056
-10	1.9	0.032277
-10	2	0.029496
-10	2.1	0.027091
-10	2.2	0.022859
-10	2.3	0.020055
-10	2.4	0.017918
-10	2.5	0.015763
-10	2.6	0.013636
-10	2.7	0.011819
-10	2.8	0.011039
-10	2.9	0.010153
-10	3	0.010285
-10	3.1	0.010446
-10	3.2	0.011415
-10	3.3	0.012024
-10	3.4	0.011632
-10	3.5	0.011289
-10	3.6	0.010606
-10	3.7	0.010488
-10	3.8	0.010094
-10	3.9	0.010137
-10	4	0.010012
0	-4	0.011741
0	-3.9	0.012027
0	-3.8	0.012652
0	-3.7	0.013374
0	-3.6	0.01279
0	-3.5	0.011155
0	-3.4	0.010458
0	-3.3	0.0094022
0	-3.2	0.007933
0	-3.1	0.0083052
0	-3	0.01029
0	-2.9	0.013418
0	-2.8	0.018636
0	-2.7	0.021602
0	-2.6	0.02572
0	-2.5	0.029824
0	-2.4	0.033065
0	-2.3	0.037514
0	-2.2	0.041118
0	-2.1	0.044063
0	-2	0.044963
0	-1.9	0.043134
0	-1.8	0.03971
0	-1.7	0.032418
0	-1.6	0.026675
0	-1.5	0.02115
0	-1.4	0.025361
0	-1.3	0.035028
0	-1.2	0.044458
0	-1.1	0.05369
0	-1	0.057166
0	-0.9	0.056635
0	-0.8	0.053332
0	-0.7	0.046087
0	-0.6	0.03695
0	-0.5	0.028856
0	-0.4	0.022465
0	-0.3	0.019431
0	-0.2	0.017004
0	-0.1	0.016296
0	0	0.016687
0	0.1	0.020121
0	0.2	0.024646
0	0.3	0.03017
0	0.4	0.036043
0	0.5	0.041777
0	0.6	0.046114
0	0.7	0.047643
0	0.8	0.046068
0	0.9	0.042259
0	1	0.038813
0	1.1	0.035582
0	1.2	0.031105
0	1.3	0.030234
0	1.4	0.029552
0	1.5	0.030372
0	1.6	0.032032
0	1.7	0.033033
0	1.8	0.032828
0	1.9	0.03175
0	2	0.027861
0	2.1	0.025204
0	2.2	0.022067
0	2.3	0.019274
0	2.4	0.017724
0	2.5	0.015992
0	2.6	0.01487
0	2.7	0.012839
0	2.8	0.010854
0	2.9	0.0087819
0	3	0.0084728
0	3.1	0.0094673
0	3.2	0.010421
0	3.3	0.011605
0	3.4	0.011373
0	3.5	0.010551
0	3.6	0.0096566
0	3.7	0.0092217
0	3.8	0.0091071
0	3.9	0.0090626
0	4	0.0091478
10	-4	0.013122
10	-3.9	0.011832
10	-3.8	0.010549
10	-3.7	0.010087
10	-3.6	0.010546
10	-3.5	0.01107
10	-3.4	0.010744
10	-3.3	0.00988
10	-3.2	0.008562
10	-3.1	0.0075209
10	-3	0.0091901
10	-2.9	0.01224
10	-2.8	0.018361
10	-2.7	0.022303
10	-2.6	0.025343
10	-2.5	0.027879
10	-2.4	0.030474
10	-2.3	0.03377
10	-2.2	0.036735
10	-2.1	0.041024
10	-2	0.043267
10	-1.9	0.044702
10	-1.8	0.042795
10	-1.7	0.035197
10	-1.6	0.028
10	-1.5	0.020226
10	-1.4	0.024475
10	-1.3	0.033698
10	-1.2	0.041368
10	-1.1	0.053543
10	-1	0.058856
10	-0.9	0.060629
10	-0.8	0.05668
10	-0.7	0.04946
10	-0.6	0.036886
10	-0.5	0.029115
10	-0.4	0.02241
10	-0.3	0.017829
10	-0.2	0.016637
10	-0.1	0.016272
10	0	0.01608
10	0.1	0.018404
10	0.2	0.023879
10	0.3	0.030941
10	0.4	0.037891
10	0.5	0.044544
10	0.6	0.04761
10	0.7	0.049064
10	0.8	0.04709
10	0.9	0.044976
10	1	0.039111
10	1.1	0.03488
10	1.2	0.031528
10	1.3	0.029264
10	1.4	0.028561
10	1.5	0.029171
10	1.6	0.02987
10	1.7	0.030432
10	1.8	0.03026
10	1.9	0.029691
10	2	0.027864
10	2.1	0.026029
10	2.2	0.024192
10	2.3	0.020491
10	2.4	0.018516
10	2.5	0.017349
10	2.6	0.015419
10	2.7	0.014062
10	2.8	0.013467
10	2.9	0.011564
10	3	0.0096533
10	3.1	0.010102
10	3.2	0.00988
10	3.3	0.010668
10	3.4	0.01085
10	3.5	0.011405
10	3.6	0.011186
10	3.7	0.010698
10	3.8	0.010376
10	3.9	0.0096566
10	4	0.0096415
20	-4	0.01513
20	-3.9	0.01385
20	-3.8	0.012299
20	-3.7	0.010946
20	-3.6	0.011433
20	-3.5	0.012104
20	-3.4	0.013395
20	-3.3	0.013332
20	-3.2	0.012051
20	-3.1	0.0097747
20	-3	0.0089424
20	-2.9	0.012659
20	-2.8	0.018918
20	-2.7	0.023265
20	-2.6	0.027465
20	-2.5	0.030769
20	-2.4	0.03298
20	-2.3	0.036788
20	-2.2	0.040698
20	-2.1	0.043624
20	-2	0.04558
20	-1.9	0.045379
20	-1.8	0.042779
20	-1.7	0.035348
20	-1.6	0.029505
20	-1.5	0.024196
20	-1.4	0.024514
20	-1.3	0.033775
20	-1.2	0.044934
20	-1.1	0.050856
20	-1	0.059357
20	-0.9	0.061445
20	-0.8	0.05818
20	-0.7	0.052642
20	-0.6	0.044166
20	-0.5	0.031858
20	-0.4	0.025678
20	-0.3	0.021097
20	-0.2	0.017652
20	-0.1	0.01681
20	0	0.017007
20	0.1	0.01839
20	0.2	0.023598
20	0.3	0.029771
20	0.4	0.03525
20	0.5	0.041736
20	0.6	0.045987
20	0.7	0.048345
20	0.8	0.048926
20	0.9	0.048177
20	1	0.04388
20	1.1	0.040614
20	1.2	0.03635
20	1.3	0.033265
20	1.4	0.031308
20	1.5	0.031753
20	1.6	0.03336
20	1.7	0.034762
20	1.8	0.035384
20	1.9	0.034641
20	2	0.032012
20	2.1	0.029776
20	2.2	0.025462
20	2.3	0.022121
20	2.4	0.019712
20	2.5	0.0184
20	2.6	0.017282
20	2.7	0.016305
20	2.8	0.014451
20	2.9	0.012643
20	3	0.011603
20	3.1	0.011339
20	3.2	0.011977
20	3.3	0.01251
20	3.4	0.012114
20	3.5	0.011561
20	3.6	0.010448
20	3.7	0.01
20	3.8	0.010157
20	3.9	0.010434
20	4	0.010772
30	-4	0.014325
30	-3.9	0.013571
30	-3.8	0.012103
30	-3.7	0.011116
30	-3.6	0.010911
30	-3.5	0.011785
30	-3.4	0.012747
30	-3.3	0.012777
30	-3.2	0.012412
30	-3.1	0.0090555
30	-3	0.0082132
30	-2.9	0.010097
30	-2.8	0.015373
30	-2.7	0.021821
30	-2.6	0.024105
30	-2.5	0.028371
30	-2.4	0.030562
30	-2.3	0.033465
30	-2.2	0.037026
30	-2.1	0.039775
30	-2	0.04282
30	-1.9	0.043956
30	-1.8	0.043322
30	-1.7	0.036425
30	-1.6	0.029928
30	-1.5	0.026072
30	-1.4	0.027325
30	-1.3	0.030744
30	-1.2	0.039845
30	-1.1	0.050275
30	-1	0.059008
30	-0.9	0.060497
30	-0.8	0.058593
30	-0.7	0.053333
30	-0.6	0.046099
30	-0.5	0.036759
30	-0.4	0.02686
30	-0.3	0.021686
30	-0.2	0.019146
30	-0.1	0.017899
30	0	0.016218
30	0.1	0.015999
30	0.2	0.021345
30	0.3	0.026651
30	0.4	0.033394
30	0.5	0.041524
30	0.6	0.046816
30	0.7	0.049867
30	0.8	0.049162
30	0.9	0.046254
30	1	0.044216
30	1.1	0.041018
30	1.2	0.037083
30	1.3	0.034703
30	1.4	0.034148
30	1.5	0.034
30	1.6	0.034025
30	1.7	0.034277
30	1.8	0.033877
30	1.9	0.033688
30	2	0.033003
30	2.1	0.031504
30	2.2	0.029411
30	2.3	0.025603
30	2.4	0.023536
30	2.5	0.020454
30	2.6	0.015528
30	2.7	0.013478
30	2.8	0.011376
30	2.9	0.011161
30	3	0.010835
30	3.1	0.010756
30	3.2	0.010455
30	3.3	0.010438
30	3.4	0.0101
30	3.5	0.0096834
30	3.6	0.0088971
30	3.7	0.0086222
30	3.8	0.0089188
30	3.9	0.0096214
30	4	0.0095776
40	-4	0.013096
40	-3.9	0.013264
40	-3.8	0.012168
40	-3.7	0.011821
40	-3.6	0.011468
40	-3.5	0.012611
40	-3.4	0.013757
40	-3.3	0.014329
40	-3.2	0.01389
40	-3.1	0.012168
40	-3	0.0094074
40	-2.9	0.010292
40	-2.8	0.014104
40	-2.7	0.019696
40	-2.6	0.026022
40	-2.5	0.029905
40	-2.4	0.032089
40	-2.3	0.03465
40	-2.2	0.036898
40	-2.1	0.038678
40	-2	0.040857
40	-1.9	0.042808
40	-1.8	0.042924
40	-1.7	0.039982
40	-1.6	0.035193
40	-1.5	0.031367
40	-1.4	0.028315
40	-1.3	0.033639
40	-1.2	0.038109
40	-1.1	0.050576
40	-1	0.056954
40	-0.9	0.06153
40	-0.8	0.061938
40	-0.7	0.056521
40	-0.6	0.048891
40	-0.5	0.036645
40	-0.4	0.0278
40	-0.3	0.022232
40	-0.2	0.018558
40	-0.1	0.016281
40	0	0.015665
40	0.1	0.015909
40	0.2	0.018535
40	0.3	0.025427
40	0.4	0.033755
40	0.5	0.04055
40	0.6	0.047237
40	0.7	0.051788
40	0.8	0.052678
40	0.9	0.051637
40	1	0.047765
40	1.1	0.044815
40	1.2	0.038958
40	1.3	0.036338
40	1.4	0.03398
40	1.5	0.032897
40	1.6	0.032778
40	1.7	0.032458
40	1.8	0.03205
40	1.9	0.031245
40	2	0.030992
40	2.1	0.029835
40	2.2	0.02781
40	2.3	0.025574
40	2.4	0.024072
40	2.5	0.021343
40	2.6	0.018869
40	2.7	0.015742
40	2.8	0.012779
40	2.9	0.0119
40	3	0.010952
40	3.1	0.01083
40	3.2	0.011479
40	3.3	0.012032
40	3.4	0.01193
40	3.5	0.011612
40	3.6	0.010597
40	3.7	0.0097747
40	3.8	0.0093471
40	3.9	0.0092742
40	4	0.009
50	-4	0.014931
50	-3.9	0.01469
50	-3.8	0.013577
50	-3.7	0.012376
50	-3.6	0.012104
50	-3.5	0.013261
50	-3.4	0.014822
50	-3.3	0.015593
50	-3.2	0.01443
50	-3.1	0.012132
50	-3	0.0094639
50	-2.9	0.01066
50	-2.8	0.015667
50	-2.7	0.020354
50	-2.6	0.02326
50	-2.5	0.026561
50	-2.4	0.029421
50	-2.3	0.031145
50	-2.2	0.03269
50	-2.1	0.036182
50	-2	0.03948
50	-1.9	0.04154
50	-1.8	0.042156
50	-1.7	0.039
50	-1.6	0.033547
50	-1.5	0.028196
50	-1.4	0.025622
50	-1.3	0.028947
50	-1.2	0.034914
50	-1.1	0.045734
50	-1	0.052713
50	-0.9	0.058933
50	-0.8	0.059585
50	-0.7	0.055639
50	-0.6	0.049001
50	-0.5	0.043307
50	-0.4	0.033872
50	-0.3	0.025847
50	-0.2	0.018835
50	-0.1	0.01665
50	0	0.014587
50	0.1	0.014409
50	0.2	0.015925
50	0.3	0.020624
50	0.4	0.027408
50	0.5	0.03448
50	0.6	0.039732
50	0.7	0.045982
50	0.8	0.049639
50	0.9	0.050699
50	1	0.048524
50	1.1	0.046356
50	1.2	0.043153
50	1.3	0.038741
50	1.4	0.035852
50	1.5	0.034349
50	1.6	0.03441
50	1.7	0.035515
50	1.8	0.03664
50	1.9	0.037037
50	2	0.036687
50	2.1	0.035005
50	2.2	0.031842
50	2.3	0.02848
50	2.4	0.025941
50	2.5	0.023404
50	2.6	0.021439
50	2.7	0.019182
50	2.8	0.017617
50	2.9	0.016333
50	3	0.013635
50	3.1	0.011939
50	3.2	0.011213
50	3.3	0.011109
50	3.4	0.011792
50	3.5	0.012349
50	3.6	0.012625
50	3.7	0.012308
50	3.8	0.011856
50	3.9	0.01154
50	4	0.011119
60	-4	0.013144
60	-3.9	0.013552
60	-3.8	0.013683
60	-3.7	0.012662
60	-3.6	0.011878
60	-3.5	0.011599
60	-3.4	0.01234
60	-3.3	0.013688
60	-3.2	0.013238
60	-3.1	0.012044
60	-3	0.010937
60	-2.9	0.010757
60	-2.8	0.014083
60	-2.7	0.016597
60	-2.6	0.022888
60	-2.5	0.025521
60	-2.4	0.028172
60	-2.3	0.030123
60	-2.2	0.032006
60	-2.1	0.034905
60	-2	0.038361
60	-1.9	0.041489
60	-1.8	0.042406
60	-1.7	0.040343
60	-1.6	0.036136
60	-1.5	0.029337
60	-1.4	0.02639
60	-1.3	0.030262
60	-1.2	0.03681
60	-1.1	0.043081
60	-1	0.056388
60	-0.9	0.059484
60	-0.8	0.061857
60	-0.7	0.058029
60	-0.6	0.053211
60	-0.5	0.046395
60	-0.4	0.034182
60	-0.3	0.026766
60	-0.2	0.020191
60	-0.1	0.017032
60	0	0.015534
60	0.1	0.014919
60	0.2	0.01545
60	0.3	0.019948
60	0.4	0.025622
60	0.5	0.032489
60	0.6	0.039792
60	0.7	0.045713
60	0.8	0.049594
60	0.9	0.051328
60	1	0.050735
60	1.1	0.048156
60	1.2	0.044825
60	1.3	0.042297
60	1.4	0.03815
60	1.5	0.036344
60	1.6	0.034226
60	1.7	0.033474
60	1.8	0.033623
60	1.9	0.034145
60	2	0.034504
60	2.1	0.034485
60	2.2	0.032962
60	2.3	0.03171
60	2.4	0.027814
60	2.5	0.024697
60	2.6	0.021009
60	2.7	0.018685
60	2.8	0.017456
60	2.9	0.015867
60	3	0.014983
60	3.1	0.014179
60	3.2	0.012777
60	3.3	0.01144
60	3.4	0.010686
60	3.5	0.011223
60	3.6	0.011555
60	3.7	0.01209
60	3.8	0.011664
60	3.9	0.010888
60	4	0.010367
70	-4	0.011481
70	-3.9	0.011957
70	-3.8	0.012212
70	-3.7	0.012188
70	-3.6	0.012387
70	-3.5	0.012294
70	-3.4	0.011252
70	-3.3	0.010404
70	-3.2	0.0094656
70	-3.1	0.0095116
70	-3	0.0098472
70	-2.9	0.011454
70	-2.8	0.013121
70	-2.7	0.015168
70	-2.6	0.018208
70	-2.5	0.02149
70	-2.4	0.024062
70	-2.3	0.027011
70	-2.2	0.029235
70	-2.1	0.031221
70	-2	0.033849
70	-1.9	0.0356
70	-1.8	0.036635
70	-1.7	0.036151
70	-1.6	0.032424
70	-1.5	0.029007
70	-1.4	0.024663
70	-1.3	0.02433
70	-1.2	0.029686
70	-1.1	0.036156
70	-1	0.047817
70	-0.9	0.054758
70	-0.8	0.059674
70	-0.7	0.059762
70	-0.6	0.054151
70	-0.5	0.047133
70	-0.4	0.038134
70	-0.3	0.027554
70	-0.2	0.019684
70	-0.1	0.015947
70	0	0.01426
70	0.1	0.012881
70	0.2	0.012304
70	0.3	0.014955
70	0.4	0.018968
70	0.5	0.029148
70	0.6	0.038728
70	0.7	0.046445
70	0.8	0.049827
70	0.9	0.051926
70	1	0.050975
70	1.1	0.048118
70	1.2	0.043746
70	1.3	0.04101
70	1.4	0.0383
70	1.5	0.036267
70	1.6	0.035696
70	1.7	0.035683
70	1.8	0.035179
70	1.9	0.034591
70	2	0.03272
70	2.1	0.032134
70	2.2	0.030997
70	2.3	0.029404
70	2.4	0.026769
70	2.5	0.02454
70	2.6	0.023129
70	2.7	0.020038
70	2.8	0.017633
70	2.9	0.016256
70	3	0.015028
70	3.1	0.013793
70	3.2	0.01282
70	3.3	0.011412
70	3.4	0.010921
70	3.5	0.010748
70	3.6	0.011034
70	3.7	0.010835
70	3.8	0.010644
70	3.9	0.010409
70	4	0.010426
80	-4	0.010256
80	-3.9	0.012162
80	-3.8	0.012991
80	-3.7	0.012856
80	-3.6	0.012295
80	-3.5	0.010716
80	-3.4	0.0098472
80	-3.3	0.010393
80	-3.2	0.011858
80	-3.1	0.012652
80	-3	0.012357
80	-2.9	0.011457
80	-2.8	0.010827
80	-2.7	0.012673
80	-2.6	0.019286
80	-2.5	0.0226
80	-2.4	0.026534
80	-2.3	0.028203
80	-2.2	0.029608
80	-2.1	0.030463
80	-2	0.032228
80	-1.9	0.033721
80	-1.8	0.03516
80	-1.7	0.035073
80	-1.6	0.033322
80	-1.5	0.029468
80	-1.4	0.026469
80	-1.3	0.026082
80	-1.2	0.028801
80	-1.1	0.036274
80	-1	0.044032
80	-0.9	0.049926
80	-0.8	0.056368
80	-0.7	0.057822
80	-0.6	0.055052
80	-0.5	0.050457
80	-0.4	0.039149
80	-0.3	0.030506
80	-0.2	0.02562
80	-0.1	0.018184
80	0	0.015103
80	0.1	0.013192
80	0.2	0.013063
80	0.3	0.015477
80	0.4	0.020311
80	0.5	0.030126
80	0.6	0.038585
80	0.7	0.041263
80	0.8	0.047926
80	0.9	0.051306
80	1	0.051644
80	1.1	0.049841
80	1.2	0.048087
80	1.3	0.044299
80	1.4	0.03983
80	1.5	0.036848
80	1.6	0.034382
80	1.7	0.03363
80	1.8	0.033857
80	1.9	0.034601
80	2	0.035432
80	2.1	0.035754
80	2.2	0.034074
80	2.3	0.029606
80	2.4	0.027734
80	2.5	0.024351
80	2.6	0.020693
80	2.7	0.018847
80	2.8	0.017596
80	2.9	0.016912
80	3	0.014659
80	3.1	0.012911
80	3.2	0.010406
80	3.3	0.0091901
80	3.4	0.0084288
80	3.5	0.0091778
80	3.6	0.01054
80	3.7	0.011052
80	3.8	0.010859
80	3.9	0.01042
80	4	0.0097995
90	-4	0.011463
90	-3.9	0.011338
90	-3.8	0.010854
90	-3.7	0.0098881
90	-3.6	0.0094724
90	-3.5	0.0092147
90	-3.4	0.0098373
90	-3.3	0.010525
90	-3.2	0.011856
90	-3.1	0.011852
90	-3	0.011116
90	-2.9	0.010364
90	-2.8	0.010098
90	-2.7	0.013187
90	-2.6	0.016309
90	-2.5	0.020331
90	-2.4	0.024306
90	-2.3	0.026869
90	-2.2	0.028228
90	-2.1	0.030021
90	-2	0.032051
90	-1.9	0.032597
90	-1.8	0.032664
90	-1.7	0.032609
90	-1.6	0.030542
90	-1.5	0.027803
90	-1.4	0.025932
90	-1.3	0.024634
90	-1.2	0.027347
90	-1.1	0.034621
90	-1	0.043781
90	-0.9	0.050693
90	-0.8	0.054103
90	-0.7	0.055646
90	-0.6	0.053939
90	-0.5	0.048881
90	-0.4	0.03949
90	-0.3	0.032969
90	-0.2	0.026406
90	-0.1	0.019762
90	0	0.016228
90	0.1	0.013895
90	0.2	0.013207
90	0.3	0.015354
90	0.4	0.018283
90	0.5	0.022859
90	0.6	0.032346
90	0.7	0.039622
90	0.8	0.044404
90	0.9	0.049907
90	1	0.050644
90	1.1	0.050239
90	1.2	0.047638
90	1.3	0.045066
90	1.4	0.042828
90	1.5	0.038533
90	1.6	0.036277
90	1.7	0.035207
90	1.8	0.034662
90	1.9	0.034869
90	2	0.035118
90	2.1	0.035203
90	2.2	0.033649
90	2.3	0.031872
90	2.4	0.029743
90	2.5	0.026518
90	2.6	0.024429
90	2.7	0.022255
90	2.8	0.01978
90	2.9	0.018065
90	3	0.016229
90	3.1	0.014147
90	3.2	0.013254
90	3.3	0.013029
90	3.4	0.013048
90	3.5	0.013204
90	3.6	0.01273
90	3.7	0.011416
90	3.8	0.010686
90	3.9	0.010173
90	4	0.010092
100	-4	0.0081955
100	-3.9	0.0090929
100	-3.8	0.0095133
100	-3.7	0.0091743
100	-3.6	0.0082309
100	-3.5	0.0077495
100	-3.4	0.0075766
100	-3.3	0.0089982
100	-3.2	0.010667
100	-3.1	0.011841
100	-3	0.01173
100	-2.9	0.010245
100	-2.8	0.01006
100	-2.7	0.012621
100	-2.6	0.016525
100	-2.5	0.020311
100	-2.4	0.024407
100	-2.3	0.02689
100	-2.2	0.027678
100	-2.1	0.027845
100	-2	0.028605
100	-1.9	0.029223
100	-1.8	0.031023
100	-1.7	0.03251
100	-1.6	0.032008
100	-1.5	0.029874
100	-1.4	0.027077
100	-1.3	0.025091
100	-1.2	0.025927
100	-1.1	0.031815
100	-1	0.039962
100	-0.9	0.046411
100	-0.8	0.05459
100	-0.7	0.057799
100	-0.6	0.057039
100	-0.5	0.054183
100	-0.4	0.046624
100	-0.3	0.03757
100	-0.2	0.030033
100	-0.1	0.02426
100	0	0.017145
100	0.1	0.01394
100	0.2	0.012775
100	0.3	0.013964
100	0.4	0.019565
100	0.5	0.026067
100	0.6	0.034811
100	0.7	0.042116
100	0.8	0.047896
100	0.9	0.051828
100	1	0.052469
100	1.1	0.051448
100	1.2	0.048958
100	1.3	0.046194
100	1.4	0.042712
100	1.5	0.039204
100	1.6	0.038356
100	1.7	0.036939
100	1.8	0.035933
100	1.9	0.035315
100	2	0.035023
100	2.1	0.034467
100	2.2	0.033566
100	2.3	0.032406
100	2.4	0.030944
100	2.5	0.030169
100	2.6	0.026458
100	2.7	0.02263
100	2.8	0.020389
100	2.9	0.018322
100	3	0.015024
100	3.1	0.013135
100	3.2	0.011969
100	3.3	0.012176
100	3.4	0.012473
100	3.5	0.012789
100	3.6	0.011954
100	3.7	0.010985
100	3.8	0.0098832
100	3.9	0.0097217
100	4	0.009857
110	-4	0.0080382
110	-3.9	0.010002
110	-3.8	0.011415
110	-3.7	0.011512
110	-3.6	0.0091
110	-3.5	0.0076572
110	-3.4	0.0070346
110	-3.3	0.008917
110	-3.2	0.01109
110	-3.1	0.013004
110	-3	0.013028
110	-2.9	0.011087
110	-2.8	0.0093315
110	-2.7	0.011096
110	-2.6	0.015644
110	-2.5	0.021597
110	-2.4	0.026974
110	-2.3	0.028741
110	-2.2	0.028936
110	-2.1	0.027247
110	-2	0.026121
110	-1.9	0.025725
110	-1.8	0.027136
110	-1.7	0.030257
110	-1.6	0.030924
110	-1.5	0.031073
110	-1.4	0.028266
110	-1.3	0.023464
110	-1.2	0.02276
110	-1.1	0.027856
110	-1	0.040465
110	-0.9	0.044569
110	-0.8	0.053378
110	-0.7	0.060642
110	-0.6	0.059731
110	-0.5	0.055998
110	-0.4	0.04743
110	-0.3	0.040414
110	-0.2	0.030878
110	-0.1	0.022762
110	0	0.01515
110	0.1	0.012971
110	0.2	0.013285
110	0.3	0.016177
110	0.4	0.019606
110	0.5	0.026903
110	0.6	0.035772
110	0.7	0.042584
110	0.8	0.048938
110	0.9	0.052977
110	1	0.054617
110	1.1	0.054026
110	1.2	0.051449
110	1.3	0.04851
110	1.4	0.042771
110	1.5	0.038211
110	1.6	0.035985
110	1.7	0.03432
110	1.8	0.033889
110	1.9	0.033326
110	2	0.033319
110	2.1	0.033171
110	2.2	0.032076
110	2.3	0.03004
110	2.4	0.029035
110	2.5	0.026784
110	2.6	0.024716
110	2.7	0.023247
110	2.8	0.02165
110	2.9	0.020254
110	3	0.018638
110	3.1	0.016673
110	3.2	0.014626
110	3.3	0.013365
110	3.4	0.012813
110	3.5	0.01244
110	3.6	0.01262
110	3.7	0.012374
110	3.8	0.012114
110	3.9	0.01187
110	4	0.011633
120	-4	0.0079492
120	-3.9	0.0092252
120	-3.8	0.010098
120	-3.7	0.010074
120	-3.6	0.0090519
120	-3.5	0.0077745
120	-3.4	0.0076488
120	-3.3	0.0094929
120	-3.2	0.010572
120	-3.1	0.01108
120	-3	0.010307
120	-2.9	0.010285
120	-2.8	0.010924
120	-2.7	0.01432
120	-2.6	0.017905
120	-2.5	0.022617
120	-2.4	0.025741
120	-2.3	0.027679
120	-2.2	0.028212
120	-2.1	0.028351
120	-2	0.02856
120	-1.9	0.02978
120	-1.8	0.031592
120	-1.7	0.032892
120	-1.6	0.033225
120	-1.5	0.031307
120	-1.4	0.027953
120	-1.3	0.026301
120	-1.2	0.02516
120	-1.1	0.031013
120	-1	0.040826
120	-0.9	0.046067
120	-0.8	0.052688
120	-0.7	0.058518
120	-0.6	0.058
120	-0.5	0.055797
120	-0.4	0.04694
120	-0.3	0.040637
120	-0.2	0.033277
120	-0.1	0.025663
120	0	0.017819
120	0.1	0.016722
120	0.2	0.016083
120	0.3	0.017596
120	0.4	0.021134
120	0.5	0.026332
120	0.6	0.034654
120	0.7	0.040628
120	0.8	0.045196
120	0.9	0.050796
120	1	0.053647
120	1.1	0.054691
120	1.2	0.053904
120	1.3	0.052551
120	1.4	0.047799
120	1.5	0.044353
120	1.6	0.040367
120	1.7	0.036839
120	1.8	0.036237
120	1.9	0.036267
120	2	0.037185
120	2.1	0.038272
120	2.2	0.037873
120	2.3	0.035834
120	2.4	0.032639
120	2.5	0.027892
120	2.6	0.026697
120	2.7	0.023283
120	2.8	0.021355
120	2.9	0.020888
120	3	0.019725
120	3.1	0.017438
120	3.2	0.015739
120	3.3	0.012653
120	3.4	0.012207
120	3.5	0.012239
120	3.6	0.012994
120	3.7	0.012571
120	3.8	0.011675
120	3.9	0.011358
120	4	0.011256
130	-4	0.0089478
130	-3.9	0.0099061
130	-3.8	0.010719
130	-3.7	0.010164
130	-3.6	0.0094844
130	-3.5	0.0082505
130	-3.4	0.0078716
130	-3.3	0.008152
130	-3.2	0.0097515
130	-3.1	0.010709
130	-3	0.011487
130	-2.9	0.011939
130	-2.8	0.013149
130	-2.7	0.014407
130	-2.6	0.018655
130	-2.5	0.022475
130	-2.4	0.025169
130	-2.3	0.026261
130	-2.2	0.026556
130	-2.1	0.027189
130	-2	0.027915
130	-1.9	0.029655
130	-1.8	0.030618
130	-1.7	0.032167
130	-1.6	0.031428
130	-1.5	0.030548
130	-1.4	0.027525
130	-1.3	0.024556
130	-1.2	0.025991
130	-1.1	0.029891
130	-1	0.03815
130	-0.9	0.044228
130	-0.8	0.051771
130	-0.7	0.057368
130	-0.6	0.059437
130	-0.5	0.056988
130	-0.4	0.051397
130	-0.3	0.046353
130	-0.2	0.038066
130	-0.1	0.027001
130	0	0.020757
130	0.1	0.018115
130	0.2	0.016598
130	0.3	0.017967
130	0.4	0.020242
130	0.5	0.027919
130	0.6	0.034126
130	0.7	0.039891
130	0.8	0.046324
130	0.9	0.054091
130	1	0.056209
130	1.1	0.057422
130	1.2	0.055744
130	1.3	0.052749
130	1.4	0.048611
130	1.5	0.043793
130	1.6	0.040964
130	1.7	0.040198
130	1.8	0.040143
130	1.9	0.039954
130	2	0.039383
130	2.1	0.038905
130	2.2	0.037046
130	2.3	0.035003
130	2.4	0.029775
130	2.5	0.028215
130	2.6	0.026864
130	2.7	0.025824
130	2.8	0.022322
130	2.9	0.020367
130	3	0.018251
130	3.1	0.015
130	3.2	0.013046
130	3.3	0.011612
130	3.4	0.011232
130	3.5	0.011363
130	3.6	0.011548
130	3.7	0.011252
130	3.8	0.0094091
130	3.9	0.0088406
130	4	0.0090358
140	-4	0.0085222
140	-3.9	0.0094451
140	-3.8	0.010237
140	-3.7	0.0089496
140	-3.6	0.0079085
140	-3.5	0.007508
140	-3.4	0.0077412
140	-3.3	0.0091231
140	-3.2	0.011694
140	-3.1	0.012268
140	-3	0.012533
140	-2.9	0.012009
140	-2.8	0.012785
140	-2.7	0.016192
140	-2.6	0.020059
140	-2.5	0.024937
140	-2.4	0.026288
140	-2.3	0.02815
140	-2.2	0.028394
140	-2.1	0.028366
140	-2	0.029531
140	-1.9	0.031623
140	-1.8	0.034682
140	-1.7	0.035868
140	-1.6	0.03564
140	-1.5	0.034199
140	-1.4	0.029727
140	-1.3	0.026717
140	-1.2	0.028247
140	-1.1	0.033534
140	-1	0.042973
140	-0.9	0.050868
140	-0.8	0.056298
140	-0.7	0.060842
140	-0.6	0.061823
140	-0.5	0.057385
140	-0.4	0.052368
140	-0.3	0.04288
140	-0.2	0.036116
140	-0.1	0.027966
140	0	0.022626
140	0.1	0.020021
140	0.2	0.019576
140	0.3	0.021523
140	0.4	0.025633
140	0.5	0.031604
140	0.6	0.036841
140	0.7	0.043929
140	0.8	0.051547
140	0.9	0.054495
140	1	0.057816
140	1.1	0.058759
140	1.2	0.057961
140	1.3	0.054154
140	1.4	0.049504
140	1.5	0.044205
140	1.6	0.041087
140	1.7	0.039642
140	1.8	0.039293
140	1.9	0.039498
140	2	0.039803
140	2.1	0.039719
140	2.2	0.038873
140	2.3	0.035536
140	2.4	0.032337
140	2.5	0.02988
140	2.6	0.027276
140	2.7	0.025982
140	2.8	0.023846
140	2.9	0.021886
140	3	0.020842
140	3.1	0.0172
140	3.2	0.015652
140	3.3	0.013293
140	3.4	0.011766
140	3.5	0.011832
140	3.6	0.011671
140	3.7	0.011958
140	3.8	0.011219
140	3.9	0.010934
140	4	0.011352
150	-4	0.0069677
150	-3.9	0.0081262
150	-3.8	0.0088039
150	-3.7	0.0085601
150	-3.6	0.0084134
150	-3.5	0.0080523
150	-3.4	0.007336
150	-3.3	0.0078921
150	-3.2	0.0093194
150	-3.1	0.010762
150	-3	0.011416
150	-2.9	0.011278
150	-2.8	0.01094
150	-2.7	0.012191
150	-2.6	0.015266
150	-2.5	0.021409
150	-2.4	0.026247
150	-2.3	0.028395
150	-2.2	0.030537
150	-2.1	0.030994
150	-2	0.03059
150	-1.9	0.030713
150	-1.8	0.030742
150	-1.7	0.032461
150	-1.6	0.033226
150	-1.5	0.033732
150	-1.4	0.03298
150	-1.3	0.031296
150	-1.2	0.031279
150	-1.1	0.035684
150	-1	0.044291
150	-0.9	0.05232
150	-0.8	0.057388
150	-0.7	0.062179
150	-0.6	0.063337
150	-0.5	0.059513
150	-0.4	0.051529
150	-0.3	0.044488
150	-0.2	0.033409
150	-0.1	0.025847
150	0	0.021039
150	0.1	0.017003
150	0.2	0.016892
150	0.3	0.018364
150	0.4	0.025142
150	0.5	0.031692
150	0.6	0.039197
150	0.7	0.04693
150	0.8	0.054676
150	0.9	0.060509
150	1	0.061129
150	1.1	0.059992
150	1.2	0.057772
150	1.3	0.053725
150	1.4	0.050888
150	1.5	0.045652
150	1.6	0.044763
150	1.7	0.043344
150	1.8	0.041763
150	1.9	0.040382
150	2	0.039167
150	2.1	0.03864
150	2.2	0.037033
150	2.3	0.035436
150	2.4	0.032826
150	2.5	0.030602
150	2.6	0.027096
150	2.7	0.024262
150	2.8	0.022218
150	2.9	0.018224
150	3	0.017295
150	3.1	0.015942
150	3.2	0.014885
150	3.3	0.013939
150	3.4	0.013621
150	3.5	0.013102
150	3.6	0.011945
150	3.7	0.011147
150	3.8	0.010353
150	3.9	0.010514
150	4	0.010353
160	-4	0.0082466
160	-3.9	0.0079513
160	-3.8	0.007849
160	-3.7	0.0073668
160	-3.6	0.00697
160	-3.5	0.0070507
160	-3.4	0.0074301
160	-3.3	0.0091496
160	-3.2	0.010113
160	-3.1	0.011186
160	-3	0.01102
160	-2.9	0.011492
160	-2.8	0.01186
160	-2.7	0.013924
160	-2.6	0.01788
160	-2.5	0.021968
160	-2.4	0.026556
160	-2.3	0.029147
160	-2.2	0.031156
160	-2.1	0.032098
160	-2	0.032332
160	-1.9	0.033023
160	-1.8	0.034887
160	-1.7	0.037043
160	-1.6	0.037856
160	-1.5	0.037312
160	-1.4	0.035201
160	-1.3	0.033062
160	-1.2	0.034937
160	-1.1	0.039345
160	-1	0.04745
160	-0.9	0.054438
160	-0.8	0.06282
160	-0.7	0.064279
160	-0.6	0.064295
160	-0.5	0.060796
160	-0.4	0.051631
160	-0.3	0.04237
160	-0.2	0.034447
160	-0.1	0.023575
160	0	0.020989
160	0.1	0.017991
160	0.2	0.017526
160	0.3	0.01955
160	0.4	0.025477
160	0.5	0.032118
160	0.6	0.041461
160	0.7	0.048339
160	0.8	0.054411
160	0.9	0.059222
160	1	0.06032
160	1.1	0.060448
160	1.2	0.057977
160	1.3	0.054907
160	1.4	0.049998
160	1.5	0.047029
160	1.6	0.044485
160	1.7	0.04302
160	1.8	0.041377
160	1.9	0.040507
160	2	0.039967
160	2.1	0.039716
160	2.2	0.038523
160	2.3	0.036002
160	2.4	0.033685
160	2.5	0.031591
160	2.6	0.028989
160	2.7	0.025871
160	2.8	0.022833
160	2.9	0.020717
160	3	0.017851
160	3.1	0.016766
160	3.2	0.015207
160	3.3	0.014273
160	3.4	0.014471
160	3.5	0.014389
160	3.6	0.014196
160	3.7	0.013097
160	3.8	0.011292
160	3.9	0.010126
160	4	0.0098143
170	-4	0.0084747
170	-3.9	0.0095692
170	-3.8	0.010724
170	-3.7	0.010609
170	-3.6	0.0093228
170	-3.5	0.0074366
170	-3.4	0.0079776
170	-3.3	0.0090858
170	-3.2	0.012408
170	-3.1	0.014174
170	-3	0.014498
170	-2.9	0.012757
170	-2.8	0.011838
170	-2.7	0.013156
170	-2.6	0.017709
170	-2.5	0.023719
170	-2.4	0.028416
170	-2.3	0.030552
170	-2.2	0.031629
170	-2.1	0.031553
170	-2	0.03174
170	-1.9	0.032315
170	-1.8	0.033404
170	-1.7	0.035754
170	-1.6	0.035867
170	-1.5	0.035054
170	-1.4	0.032473
170	-1.3	0.03119
170	-1.2	0.033142
170	-1.1	0.036514
170	-1	0.044248
170	-0.9	0.054367
170	-0.8	0.060341
170	-0.7	0.064185
170	-0.6	0.064054
170	-0.5	0.060036
170	-0.4	0.051646
170	-0.3	0.041425
170	-0.2	0.029568
170	-0.1	0.023246
170	0	0.018753
170	0.1	0.016291
170	0.2	0.016802
170	0.3	0.020021
170	0.4	0.025923
170	0.5	0.031599
170	0.6	0.042349
170	0.7	0.048955
170	0.8	0.055403
170	0.9	0.058568
170	1	0.060337
170	1.1	0.059472
170	1.2	0.0562
170	1.3	0.052973
170	1.4	0.048061
170	1.5	0.046995
170	1.6	0.043977
170	1.7	0.042315
170	1.8	0.040875
170	1.9	0.040217
170	2	0.039269
170	2.1	0.037714
170	2.2	0.035969
170	2.3	0.032821
170	2.4	0.030534
170	2.5	0.027489
170	2.6	0.025664
170	2.7	0.022765
170	2.8	0.020799
170	2.9	0.01861
170	3	0.016574
170	3.1	0.013876
170	3.2	0.012342
170	3.3	0.010811
170	3.4	0.01079
170	3.5	0.011353
170	3.6	0.0117
170	3.7	0.010954
170	3.8	0.010334
170	3.9	0.010176
170	4	0.0092637
180	-4	0.0088333
180	-3.9	0.010848
180	-3.8	0.012414
180	-3.7	0.012577
180	-3.6	0.01116
180	-3.5	0.0091743
180	-3.4	0.0074713
180	-3.3	0.0087413
180	-3.2	0.011748
180	-3.1	0.013081
180	-3	0.014037
180	-2.9	0.012953
180	-2.8	0.012704
180	-2.7	0.015809
180	-2.6	0.021526
180	-2.5	0.026245
180	-2.4	0.030343
180	-2.3	0.032141
180	-2.2	0.032476
180	-2.1	0.031744
180	-2	0.032229
180	-1.9	0.033657
180	-1.8	0.03576
180	-1.7	0.03855
180	-1.6	0.038319
180	-1.5	0.036652
180	-1.4	0.033829
180	-1.3	0.031655
180	-1.2	0.034128
180	-1.1	0.040812
180	-1	0.050241
180	-0.9	0.058212
180	-0.8	0.063669
180	-0.7	0.065068
180	-0.6	0.062322
180	-0.5	0.056591
180	-0.4	0.045856
180	-0.3	0.037067
180	-0.2	0.027922
180	-0.1	0.022752
180	0	0.017883
180	0.1	0.017251
180	0.2	0.018429
180	0.3	0.020393
180	0.4	0.0299
180	0.5	0.037567
180	0.6	0.043398
180	0.7	0.051642
180	0.8	0.055926
180	0.9	0.058769
180	1	0.058289
180	1.1	0.056452
180	1.2	0.054188
180	1.3	0.051572
180	1.4	0.046761
180	1.5	0.044681
180	1.6	0.043071
180	1.7	0.041799
180	1.8	0.040302
180	1.9	0.038859
180	2	0.038951
180	2.1	0.038906
180	2.2	0.037154
180	2.3	0.034454
180	2.4	0.031917
180	2.5	0.027928
180	2.6	0.025188
180	2.7	0.021847
180	2.8	0.019559
180	2.9	0.018636
180	3	0.018355
180	3.1	0.016935
180	3.2	0.015126
180	3.3	0.012508
180	3.4	0.010612
180	3.5	0.010739
180	3.6	0.011093
180	3.7	0.011338
180	3.8	0.011355
180	3.9	0.012032
180	4	0.011671
 
Uniformity Ratio =0.67295
