05-Jan-2018
6:54
TXR  007998 RM428 R24
33511B Function Generator
SN =Agilent Technologies,33511B,MY52301476,3.05-1.19-2.00-52-00
freq =+9.290000000000000E+06
burstmode =TRIG
burstN =+6.000000000000000E+01
voltage =+1.5000000000000E-01
 
DSO-X 2022A Oscilloscope
SN =AGILENT TECHNOLOGIES,DSO-X 2022A,MY54310921,02.41.2015102200
probe =+1.0000000E+00
scale =+500.0E-09
position =+19.900000E-06
range =+1.60E+00
units =VOLT
points =+2000
pointmode =NORM
format =BYTE
acqtype =NORM
trigsource =EXT
coupling =AC
 
-180	-4	0.0078428
-180	-3.9	0.0085639
-180	-3.8	0.010331
-180	-3.7	0.010304
-180	-3.6	0.010706
-180	-3.5	0.011229
-180	-3.4	0.010753
-180	-3.3	0.010119
-180	-3.2	0.010074
-180	-3.1	0.010362
-180	-3	0.010748
-180	-2.9	0.011873
-180	-2.8	0.013943
-180	-2.7	0.014337
-180	-2.6	0.018258
-180	-2.5	0.020536
-180	-2.4	0.025101
-180	-2.3	0.026956
-180	-2.2	0.029788
-180	-2.1	0.031393
-180	-2	0.03376
-180	-1.9	0.034877
-180	-1.8	0.036933
-180	-1.7	0.037702
-180	-1.6	0.037234
-180	-1.5	0.035159
-180	-1.4	0.032587
-180	-1.3	0.029926
-180	-1.2	0.028687
-180	-1.1	0.032367
-180	-1	0.037214
-180	-0.9	0.046123
-180	-0.8	0.056555
-180	-0.7	0.06077
-180	-0.6	0.062862
-180	-0.5	0.05999
-180	-0.4	0.055667
-180	-0.3	0.046409
-180	-0.2	0.034844
-180	-0.1	0.027364
-180	0	0.021999
-180	0.1	0.015198
-180	0.2	0.014424
-180	0.3	0.01542
-180	0.4	0.016513
-180	0.5	0.019654
-180	0.6	0.025409
-180	0.7	0.033627
-180	0.8	0.043854
-180	0.9	0.049868
-180	1	0.053451
-180	1.1	0.055072
-180	1.2	0.054367
-180	1.3	0.050248
-180	1.4	0.046955
-180	1.5	0.042735
-180	1.6	0.039355
-180	1.7	0.038086
-180	1.8	0.036385
-180	1.9	0.035261
-180	2	0.034474
-180	2.1	0.032113
-180	2.2	0.03
-180	2.3	0.029037
-180	2.4	0.028827
-180	2.5	0.028439
-180	2.6	0.027666
-180	2.7	0.026447
-180	2.8	0.023808
-180	2.9	0.020274
-180	3	0.019006
-180	3.1	0.017109
-180	3.2	0.016044
-180	3.3	0.015625
-180	3.4	0.014473
-180	3.5	0.01254
-180	3.6	0.010306
-180	3.7	0.0087947
-180	3.8	0.0092235
-180	3.9	0.010607
-180	4	0.011351
-170	-4	0.0082818
-170	-3.9	0.0097167
-170	-3.8	0.010623
-170	-3.7	0.00966
-170	-3.6	0.0092619
-170	-3.5	0.007467
-170	-3.4	0.0067389
-170	-3.3	0.008156
-170	-3.2	0.0084
-170	-3.1	0.010254
-170	-3	0.011644
-170	-2.9	0.011733
-170	-2.8	0.011683
-170	-2.7	0.013103
-170	-2.6	0.01722
-170	-2.5	0.021919
-170	-2.4	0.023973
-170	-2.3	0.027542
-170	-2.2	0.029601
-170	-2.1	0.030635
-170	-2	0.031011
-170	-1.9	0.031755
-170	-1.8	0.033925
-170	-1.7	0.035384
-170	-1.6	0.036416
-170	-1.5	0.036497
-170	-1.4	0.034213
-170	-1.3	0.032744
-170	-1.2	0.031556
-170	-1.1	0.035597
-170	-1	0.038065
-170	-0.9	0.046223
-170	-0.8	0.056397
-170	-0.7	0.061001
-170	-0.6	0.062424
-170	-0.5	0.059378
-170	-0.4	0.050438
-170	-0.3	0.046871
-170	-0.2	0.03524
-170	-0.1	0.025836
-170	0	0.014975
-170	0.1	0.012554
-170	0.2	0.013401
-170	0.3	0.01498
-170	0.4	0.018235
-170	0.5	0.023774
-170	0.6	0.029357
-170	0.7	0.036324
-170	0.8	0.042671
-170	0.9	0.045862
-170	1	0.05098
-170	1.1	0.052913
-170	1.2	0.05284
-170	1.3	0.051655
-170	1.4	0.049604
-170	1.5	0.046052
-170	1.6	0.042593
-170	1.7	0.039035
-170	1.8	0.034321
-170	1.9	0.031845
-170	2	0.031532
-170	2.1	0.031285
-170	2.2	0.030978
-170	2.3	0.030317
-170	2.4	0.028904
-170	2.5	0.027098
-170	2.6	0.024978
-170	2.7	0.023034
-170	2.8	0.022085
-170	2.9	0.021234
-170	3	0.019786
-170	3.1	0.017446
-170	3.2	0.015384
-170	3.3	0.012353
-170	3.4	0.010526
-170	3.5	0.0093936
-170	3.6	0.0094417
-170	3.7	0.0094554
-170	3.8	0.0091195
-170	3.9	0.0087283
-170	4	0.007787
-160	-4	0.010029
-160	-3.9	0.00969
-160	-3.8	0.0090769
-160	-3.7	0.0090555
-160	-3.6	0.008594
-160	-3.5	0.009169
-160	-3.4	0.01027
-160	-3.3	0.011407
-160	-3.2	0.011851
-160	-3.1	0.012104
-160	-3	0.011643
-160	-2.9	0.011928
-160	-2.8	0.013767
-160	-2.7	0.016742
-160	-2.6	0.020419
-160	-2.5	0.02489
-160	-2.4	0.027459
-160	-2.3	0.029217
-160	-2.2	0.029542
-160	-2.1	0.0299
-160	-2	0.030342
-160	-1.9	0.031738
-160	-1.8	0.034585
-160	-1.7	0.036201
-160	-1.6	0.03636
-160	-1.5	0.035418
-160	-1.4	0.032757
-160	-1.3	0.030167
-160	-1.2	0.029518
-160	-1.1	0.032601
-160	-1	0.043327
-160	-0.9	0.050557
-160	-0.8	0.055704
-160	-0.7	0.060037
-160	-0.6	0.060429
-160	-0.5	0.056457
-160	-0.4	0.049203
-160	-0.3	0.040206
-160	-0.2	0.030778
-160	-0.1	0.022112
-160	0	0.016923
-160	0.1	0.01392
-160	0.2	0.015367
-160	0.3	0.016908
-160	0.4	0.019731
-160	0.5	0.024992
-160	0.6	0.031262
-160	0.7	0.037947
-160	0.8	0.042506
-160	0.9	0.049315
-160	1	0.051061
-160	1.1	0.05147
-160	1.2	0.049827
-160	1.3	0.046781
-160	1.4	0.045173
-160	1.5	0.040955
-160	1.6	0.038379
-160	1.7	0.036464
-160	1.8	0.034094
-160	1.9	0.03272
-160	2	0.030987
-160	2.1	0.028538
-160	2.2	0.027688
-160	2.3	0.027357
-160	2.4	0.026509
-160	2.5	0.025766
-160	2.6	0.024423
-160	2.7	0.023075
-160	2.8	0.021243
-160	2.9	0.019167
-160	3	0.017118
-160	3.1	0.015163
-160	3.2	0.014456
-160	3.3	0.013522
-160	3.4	0.011526
-160	3.5	0.010851
-160	3.6	0.010034
-160	3.7	0.0094125
-160	3.8	0.0094057
-160	3.9	0.009139
-160	4	0.0090573
-150	-4	0.0099045
-150	-3.9	0.010603
-150	-3.8	0.010598
-150	-3.7	0.0099679
-150	-3.6	0.0083227
-150	-3.5	0.0069094
-150	-3.4	0.0070758
-150	-3.3	0.009084
-150	-3.2	0.012327
-150	-3.1	0.014415
-150	-3	0.014789
-150	-2.9	0.01407
-150	-2.8	0.013649
-150	-2.7	0.014882
-150	-2.6	0.019164
-150	-2.5	0.024765
-150	-2.4	0.027687
-150	-2.3	0.032933
-150	-2.2	0.034054
-150	-2.1	0.034778
-150	-2	0.034249
-150	-1.9	0.034296
-150	-1.8	0.033773
-150	-1.7	0.0337
-150	-1.6	0.033302
-150	-1.5	0.032775
-150	-1.4	0.031396
-150	-1.3	0.031647
-150	-1.2	0.03416
-150	-1.1	0.03633
-150	-1	0.043895
-150	-0.9	0.048827
-150	-0.8	0.05527
-150	-0.7	0.057289
-150	-0.6	0.05606
-150	-0.5	0.05063
-150	-0.4	0.045381
-150	-0.3	0.035903
-150	-0.2	0.025955
-150	-0.1	0.020471
-150	0	0.015228
-150	0.1	0.013287
-150	0.2	0.013394
-150	0.3	0.014773
-150	0.4	0.018393
-150	0.5	0.0246
-150	0.6	0.03026
-150	0.7	0.03778
-150	0.8	0.04285
-150	0.9	0.049911
-150	1	0.051656
-150	1.1	0.053193
-150	1.2	0.051689
-150	1.3	0.049205
-150	1.4	0.04578
-150	1.5	0.043867
-150	1.6	0.039713
-150	1.7	0.036215
-150	1.8	0.034608
-150	1.9	0.034105
-150	2	0.033478
-150	2.1	0.03275
-150	2.2	0.031893
-150	2.3	0.031105
-150	2.4	0.028045
-150	2.5	0.025987
-150	2.6	0.021898
-150	2.7	0.02116
-150	2.8	0.019403
-150	2.9	0.018207
-150	3	0.015971
-150	3.1	0.014737
-150	3.2	0.012872
-150	3.3	0.010205
-150	3.4	0.0088149
-150	3.5	0.0081361
-150	3.6	0.0080181
-150	3.7	0.0081955
-150	3.8	0.0078962
-150	3.9	0.0070185
-150	4	0.0071282
-140	-4	0.0075659
-140	-3.9	0.007933
-140	-3.8	0.0082935
-140	-3.7	0.0081302
-140	-3.6	0.0081817
-140	-3.5	0.0082171
-140	-3.4	0.0096348
-140	-3.3	0.010968
-140	-3.2	0.012042
-140	-3.1	0.012774
-140	-3	0.012944
-140	-2.9	0.012191
-140	-2.8	0.013327
-140	-2.7	0.016091
-140	-2.6	0.021454
-140	-2.5	0.026347
-140	-2.4	0.028718
-140	-2.3	0.030881
-140	-2.2	0.031045
-140	-2.1	0.031192
-140	-2	0.031711
-140	-1.9	0.032939
-140	-1.8	0.034643
-140	-1.7	0.035029
-140	-1.6	0.033833
-140	-1.5	0.031763
-140	-1.4	0.027865
-140	-1.3	0.02776
-140	-1.2	0.031355
-140	-1.1	0.038982
-140	-1	0.046544
-140	-0.9	0.051762
-140	-0.8	0.057361
-140	-0.7	0.059429
-140	-0.6	0.056504
-140	-0.5	0.052392
-140	-0.4	0.041879
-140	-0.3	0.03539
-140	-0.2	0.024425
-140	-0.1	0.01759
-140	0	0.014543
-140	0.1	0.013949
-140	0.2	0.015701
-140	0.3	0.018881
-140	0.4	0.020807
-140	0.5	0.028054
-140	0.6	0.031093
-140	0.7	0.037417
-140	0.8	0.0437
-140	0.9	0.047384
-140	1	0.049654
-140	1.1	0.050376
-140	1.2	0.049601
-140	1.3	0.0473
-140	1.4	0.043762
-140	1.5	0.039827
-140	1.6	0.034193
-140	1.7	0.031701
-140	1.8	0.029131
-140	1.9	0.029464
-140	2	0.030231
-140	2.1	0.031075
-140	2.2	0.031448
-140	2.3	0.029967
-140	2.4	0.028383
-140	2.5	0.025308
-140	2.6	0.02256
-140	2.7	0.021307
-140	2.8	0.020629
-140	2.9	0.020398
-140	3	0.019496
-140	3.1	0.017634
-140	3.2	0.015187
-140	3.3	0.014053
-140	3.4	0.01155
-140	3.5	0.010555
-140	3.6	0.010899
-140	3.7	0.010949
-140	3.8	0.010407
-140	3.9	0.010121
-140	4	0.008888
-130	-4	0.0099403
-130	-3.9	0.010896
-130	-3.8	0.010577
-130	-3.7	0.0080221
-130	-3.6	0.0070621
-130	-3.5	0.0074127
-130	-3.4	0.0097133
-130	-3.3	0.012047
-130	-3.2	0.013453
-130	-3.1	0.01204
-130	-3	0.011516
-130	-2.9	0.012541
-130	-2.8	0.017868
-130	-2.7	0.022536
-130	-2.6	0.028609
-130	-2.5	0.030429
-130	-2.4	0.032223
-130	-2.3	0.031865
-130	-2.2	0.030472
-130	-2.1	0.029571
-130	-2	0.030023
-130	-1.9	0.032809
-130	-1.8	0.035692
-130	-1.7	0.037111
-130	-1.6	0.035624
-130	-1.5	0.03189
-130	-1.4	0.027261
-130	-1.3	0.026436
-130	-1.2	0.032151
-130	-1.1	0.039961
-130	-1	0.04877
-130	-0.9	0.055035
-130	-0.8	0.058734
-130	-0.7	0.057729
-130	-0.6	0.054213
-130	-0.5	0.049796
-130	-0.4	0.040242
-130	-0.3	0.030123
-130	-0.2	0.0238
-130	-0.1	0.018073
-130	0	0.01471
-130	0.1	0.014205
-130	0.2	0.016037
-130	0.3	0.019289
-130	0.4	0.022592
-130	0.5	0.031226
-130	0.6	0.035061
-130	0.7	0.04167
-130	0.8	0.046284
-130	0.9	0.049688
-130	1	0.050062
-130	1.1	0.049155
-130	1.2	0.047574
-130	1.3	0.045003
-130	1.4	0.04111
-130	1.5	0.039149
-130	1.6	0.036246
-130	1.7	0.03486
-130	1.8	0.033354
-130	1.9	0.033074
-130	2	0.031845
-130	2.1	0.03058
-130	2.2	0.029761
-130	2.3	0.029345
-130	2.4	0.028314
-130	2.5	0.026485
-130	2.6	0.025887
-130	2.7	0.024612
-130	2.8	0.023003
-130	2.9	0.019449
-130	3	0.01776
-130	3.1	0.015118
-130	3.2	0.013931
-130	3.3	0.012448
-130	3.4	0.01235
-130	3.5	0.012078
-130	3.6	0.012074
-130	3.7	0.011678
-130	3.8	0.010766
-130	3.9	0.0096432
-130	4	0.0089315
-120	-4	0.010526
-120	-3.9	0.011328
-120	-3.8	0.011534
-120	-3.7	0.01052
-120	-3.6	0.0092165
-120	-3.5	0.008973
-120	-3.4	0.010148
-120	-3.3	0.01224
-120	-3.2	0.013389
-120	-3.1	0.014544
-120	-3	0.014957
-120	-2.9	0.016194
-120	-2.8	0.019391
-120	-2.7	0.021934
-120	-2.6	0.026423
-120	-2.5	0.029905
-120	-2.4	0.031838
-120	-2.3	0.031721
-120	-2.2	0.031346
-120	-2.1	0.030675
-120	-2	0.031229
-120	-1.9	0.032563
-120	-1.8	0.032958
-120	-1.7	0.033
-120	-1.6	0.03281
-120	-1.5	0.029451
-120	-1.4	0.027539
-120	-1.3	0.028814
-120	-1.2	0.031139
-120	-1.1	0.03981
-120	-1	0.047261
-120	-0.9	0.053574
-120	-0.8	0.058046
-120	-0.7	0.058014
-120	-0.6	0.055423
-120	-0.5	0.048782
-120	-0.4	0.03959
-120	-0.3	0.031396
-120	-0.2	0.0222
-120	-0.1	0.017881
-120	0	0.014715
-120	0.1	0.014147
-120	0.2	0.016217
-120	0.3	0.020326
-120	0.4	0.025049
-120	0.5	0.032093
-120	0.6	0.042134
-120	0.7	0.046418
-120	0.8	0.051535
-120	0.9	0.054288
-120	1	0.055126
-120	1.1	0.052761
-120	1.2	0.049433
-120	1.3	0.046198
-120	1.4	0.042052
-120	1.5	0.039367
-120	1.6	0.036901
-120	1.7	0.035412
-120	1.8	0.034578
-120	1.9	0.033034
-120	2	0.029938
-120	2.1	0.027995
-120	2.2	0.026411
-120	2.3	0.025366
-120	2.4	0.024544
-120	2.5	0.023749
-120	2.6	0.021965
-120	2.7	0.021561
-120	2.8	0.019383
-120	2.9	0.017094
-120	3	0.014598
-120	3.1	0.012751
-120	3.2	0.011967
-120	3.3	0.010772
-120	3.4	0.0091831
-120	3.5	0.0089514
-120	3.6	0.0089134
-120	3.7	0.0088934
-120	3.8	0.0090054
-120	3.9	0.0084994
-120	4	0.0087671
-110	-4	0.012164
-110	-3.9	0.01282
-110	-3.8	0.011945
-110	-3.7	0.0097681
-110	-3.6	0.0080502
-110	-3.5	0.0076762
-110	-3.4	0.010659
-110	-3.3	0.013794
-110	-3.2	0.015792
-110	-3.1	0.01666
-110	-3	0.016614
-110	-2.9	0.01611
-110	-2.8	0.017735
-110	-2.7	0.021063
-110	-2.6	0.025182
-110	-2.5	0.030437
-110	-2.4	0.03286
-110	-2.3	0.033998
-110	-2.2	0.033589
-110	-2.1	0.03267
-110	-2	0.032328
-110	-1.9	0.032092
-110	-1.8	0.032229
-110	-1.7	0.031653
-110	-1.6	0.029331
-110	-1.5	0.027687
-110	-1.4	0.027579
-110	-1.3	0.030455
-110	-1.2	0.039889
-110	-1.1	0.044426
-110	-1	0.051196
-110	-0.9	0.055555
-110	-0.8	0.056638
-110	-0.7	0.055421
-110	-0.6	0.050693
-110	-0.5	0.043368
-110	-0.4	0.036345
-110	-0.3	0.028302
-110	-0.2	0.023175
-110	-0.1	0.017339
-110	0	0.016028
-110	0.1	0.018509
-110	0.2	0.020818
-110	0.3	0.0251
-110	0.4	0.028937
-110	0.5	0.034547
-110	0.6	0.042423
-110	0.7	0.045911
-110	0.8	0.050705
-110	0.9	0.053631
-110	1	0.054271
-110	1.1	0.05308
-110	1.2	0.048429
-110	1.3	0.044335
-110	1.4	0.040097
-110	1.5	0.036796
-110	1.6	0.035357
-110	1.7	0.034426
-110	1.8	0.035527
-110	1.9	0.035644
-110	2	0.034489
-110	2.1	0.033092
-110	2.2	0.029768
-110	2.3	0.027614
-110	2.4	0.025508
-110	2.5	0.023008
-110	2.6	0.022341
-110	2.7	0.021121
-110	2.8	0.019441
-110	2.9	0.018529
-110	3	0.016252
-110	3.1	0.013493
-110	3.2	0.01142
-110	3.3	0.01067
-110	3.4	0.010116
-110	3.5	0.010682
-110	3.6	0.011644
-110	3.7	0.011875
-110	3.8	0.011306
-110	3.9	0.010665
-110	4	0.0096917
-100	-4	0.0082427
-100	-3.9	0.0071914
-100	-3.8	0.0062744
-100	-3.7	0.0063589
-100	-3.6	0.0069746
-100	-3.5	0.0092846
-100	-3.4	0.010449
-100	-3.3	0.011454
-100	-3.2	0.010946
-100	-3.1	0.011138
-100	-3	0.011478
-100	-2.9	0.015108
-100	-2.8	0.019291
-100	-2.7	0.023185
-100	-2.6	0.026181
-100	-2.5	0.028276
-100	-2.4	0.028694
-100	-2.3	0.028667
-100	-2.2	0.028746
-100	-2.1	0.02978
-100	-2	0.0321
-100	-1.9	0.034281
-100	-1.8	0.034755
-100	-1.7	0.033983
-100	-1.6	0.030895
-100	-1.5	0.028242
-100	-1.4	0.030646
-100	-1.3	0.035328
-100	-1.2	0.04176
-100	-1.1	0.054953
-100	-1	0.06091
-100	-0.9	0.062805
-100	-0.8	0.062113
-100	-0.7	0.057571
-100	-0.6	0.050612
-100	-0.5	0.04305
-100	-0.4	0.031674
-100	-0.3	0.024598
-100	-0.2	0.019928
-100	-0.1	0.016913
-100	0	0.016369
-100	0.1	0.01803
-100	0.2	0.021415
-100	0.3	0.029571
-100	0.4	0.033372
-100	0.5	0.040657
-100	0.6	0.047268
-100	0.7	0.050074
-100	0.8	0.052341
-100	0.9	0.052331
-100	1	0.05118
-100	1.1	0.050129
-100	1.2	0.047194
-100	1.3	0.046073
-100	1.4	0.043402
-100	1.5	0.040403
-100	1.6	0.037048
-100	1.7	0.035626
-100	1.8	0.034778
-100	1.9	0.034395
-100	2	0.034185
-100	2.1	0.034369
-100	2.2	0.033931
-100	2.3	0.032436
-100	2.4	0.027245
-100	2.5	0.025385
-100	2.6	0.023052
-100	2.7	0.021696
-100	2.8	0.020449
-100	2.9	0.019521
-100	3	0.018743
-100	3.1	0.017018
-100	3.2	0.015419
-100	3.3	0.012142
-100	3.4	0.01085
-100	3.5	0.0098751
-100	3.6	0.010731
-100	3.7	0.011635
-100	3.8	0.011429
-100	3.9	0.011199
-100	4	0.010479
-90	-4	0.010062
-90	-3.9	0.009043
-90	-3.8	0.0076085
-90	-3.7	0.0067317
-90	-3.6	0.0075037
-90	-3.5	0.0090448
-90	-3.4	0.011669
-90	-3.3	0.012933
-90	-3.2	0.012856
-90	-3.1	0.012646
-90	-3	0.012748
-90	-2.9	0.015149
-90	-2.8	0.0191
-90	-2.7	0.023616
-90	-2.6	0.028544
-90	-2.5	0.031292
-90	-2.4	0.032887
-90	-2.3	0.033117
-90	-2.2	0.032794
-90	-2.1	0.032702
-90	-2	0.033177
-90	-1.9	0.033913
-90	-1.8	0.03443
-90	-1.7	0.033451
-90	-1.6	0.032313
-90	-1.5	0.031358
-90	-1.4	0.033189
-90	-1.3	0.037649
-90	-1.2	0.041531
-90	-1.1	0.050709
-90	-1	0.055438
-90	-0.9	0.058947
-90	-0.8	0.058839
-90	-0.7	0.055495
-90	-0.6	0.048174
-90	-0.5	0.04436
-90	-0.4	0.033421
-90	-0.3	0.026228
-90	-0.2	0.021838
-90	-0.1	0.018534
-90	0	0.017538
-90	0.1	0.019798
-90	0.2	0.022477
-90	0.3	0.029309
-90	0.4	0.035333
-90	0.5	0.040752
-90	0.6	0.047921
-90	0.7	0.051988
-90	0.8	0.054206
-90	0.9	0.054706
-90	1	0.054075
-90	1.1	0.050347
-90	1.2	0.048473
-90	1.3	0.046202
-90	1.4	0.043231
-90	1.5	0.0413
-90	1.6	0.039579
-90	1.7	0.037616
-90	1.8	0.037171
-90	1.9	0.035578
-90	2	0.033919
-90	2.1	0.032708
-90	2.2	0.03137
-90	2.3	0.030189
-90	2.4	0.028631
-90	2.5	0.026301
-90	2.6	0.022908
-90	2.7	0.020229
-90	2.8	0.01889
-90	2.9	0.016091
-90	3	0.014218
-90	3.1	0.012713
-90	3.2	0.011773
-90	3.3	0.011471
-90	3.4	0.0097995
-90	3.5	0.0088259
-90	3.6	0.0087024
-90	3.7	0.0082388
-90	3.8	0.0086558
-90	3.9	0.0085525
-90	4	0.0086949
-80	-4	0.007933
-80	-3.9	0.0086689
-80	-3.8	0.0087947
-80	-3.7	0.0088515
-80	-3.6	0.0096147
-80	-3.5	0.010477
-80	-3.4	0.011375
-80	-3.3	0.012763
-80	-3.2	0.013275
-80	-3.1	0.012484
-80	-3	0.014421
-80	-2.9	0.018889
-80	-2.8	0.023186
-80	-2.7	0.027768
-80	-2.6	0.03097
-80	-2.5	0.032017
-80	-2.4	0.033192
-80	-2.3	0.034357
-80	-2.2	0.035196
-80	-2.1	0.035701
-80	-2	0.036133
-80	-1.9	0.03582
-80	-1.8	0.034909
-80	-1.7	0.03304
-80	-1.6	0.030085
-80	-1.5	0.029493
-80	-1.4	0.03298
-80	-1.3	0.037748
-80	-1.2	0.046961
-80	-1.1	0.053996
-80	-1	0.059415
-80	-0.9	0.061012
-80	-0.8	0.058154
-80	-0.7	0.055144
-80	-0.6	0.047904
-80	-0.5	0.037248
-80	-0.4	0.032025
-80	-0.3	0.024602
-80	-0.2	0.022212
-80	-0.1	0.019283
-80	0	0.018429
-80	0.1	0.019908
-80	0.2	0.024594
-80	0.3	0.031981
-80	0.4	0.034469
-80	0.5	0.04143
-80	0.6	0.046901
-80	0.7	0.053184
-80	0.8	0.054866
-80	0.9	0.056101
-80	1	0.054567
-80	1.1	0.051344
-80	1.2	0.047532
-80	1.3	0.043798
-80	1.4	0.040613
-80	1.5	0.038161
-80	1.6	0.037455
-80	1.7	0.037019
-80	1.8	0.037133
-80	1.9	0.036237
-80	2	0.034036
-80	2.1	0.032869
-80	2.2	0.030697
-80	2.3	0.028897
-80	2.4	0.027404
-80	2.5	0.024885
-80	2.6	0.023141
-80	2.7	0.020332
-80	2.8	0.017245
-80	2.9	0.01534
-80	3	0.014236
-80	3.1	0.013638
-80	3.2	0.01315
-80	3.3	0.012395
-80	3.4	0.011203
-80	3.5	0.0095201
-80	3.6	0.0082544
-80	3.7	0.0083692
-80	3.8	0.0088479
-80	3.9	0.010348
-80	4	0.01023
-70	-4	0.0089496
-70	-3.9	0.0081162
-70	-3.8	0.0069141
-70	-3.7	0.00703
-70	-3.6	0.0076888
-70	-3.5	0.0093419
-70	-3.4	0.010087
-70	-3.3	0.010591
-70	-3.2	0.010087
-70	-3.1	0.010789
-70	-3	0.013592
-70	-2.9	0.016431
-70	-2.8	0.022148
-70	-2.7	0.026825
-70	-2.6	0.028632
-70	-2.5	0.030439
-70	-2.4	0.031068
-70	-2.3	0.031234
-70	-2.2	0.032193
-70	-2.1	0.033036
-70	-2	0.034584
-70	-1.9	0.035521
-70	-1.8	0.034125
-70	-1.7	0.031199
-70	-1.6	0.02873
-70	-1.5	0.02926
-70	-1.4	0.036051
-70	-1.3	0.042276
-70	-1.2	0.050558
-70	-1.1	0.057822
-70	-1	0.060985
-70	-0.9	0.061174
-70	-0.8	0.058301
-70	-0.7	0.053422
-70	-0.6	0.047033
-70	-0.5	0.036768
-70	-0.4	0.028884
-70	-0.3	0.022651
-70	-0.2	0.019281
-70	-0.1	0.018479
-70	0	0.019639
-70	0.1	0.024313
-70	0.2	0.029205
-70	0.3	0.037908
-70	0.4	0.04335
-70	0.5	0.047749
-70	0.6	0.051287
-70	0.7	0.052104
-70	0.8	0.052178
-70	0.9	0.05147
-70	1	0.050054
-70	1.1	0.047803
-70	1.2	0.044259
-70	1.3	0.042786
-70	1.4	0.039779
-70	1.5	0.037565
-70	1.6	0.036174
-70	1.7	0.035899
-70	1.8	0.036003
-70	1.9	0.035574
-70	2	0.034642
-70	2.1	0.031969
-70	2.2	0.02892
-70	2.3	0.026358
-70	2.4	0.022931
-70	2.5	0.019351
-70	2.6	0.018781
-70	2.7	0.01646
-70	2.8	0.015278
-70	2.9	0.013296
-70	3	0.01168
-70	3.1	0.0098996
-70	3.2	0.0090591
-70	3.3	0.0089098
-70	3.4	0.0096382
-70	3.5	0.0091936
-70	3.6	0.0093349
-70	3.7	0.0086128
-70	3.8	0.0080362
-70	3.9	0.0076212
-70	4	0.0074432
-60	-4	0.010358
-60	-3.9	0.010251
-60	-3.8	0.0099419
-60	-3.7	0.0083421
-60	-3.6	0.0086857
-60	-3.5	0.0089098
-60	-3.4	0.010124
-60	-3.3	0.011087
-60	-3.2	0.012274
-60	-3.1	0.013802
-60	-3	0.017234
-60	-2.9	0.020685
-60	-2.8	0.022687
-60	-2.7	0.02785
-60	-2.6	0.029215
-60	-2.5	0.030324
-60	-2.4	0.030778
-60	-2.3	0.031986
-60	-2.2	0.033871
-60	-2.1	0.035987
-60	-2	0.037663
-60	-1.9	0.037386
-60	-1.8	0.035108
-60	-1.7	0.031787
-60	-1.6	0.029186
-60	-1.5	0.030035
-60	-1.4	0.032415
-60	-1.3	0.041194
-60	-1.2	0.051067
-60	-1.1	0.057427
-60	-1	0.061277
-60	-0.9	0.061433
-60	-0.8	0.057386
-60	-0.7	0.047584
-60	-0.6	0.040411
-60	-0.5	0.033725
-60	-0.4	0.022701
-60	-0.3	0.019529
-60	-0.2	0.017906
-60	-0.1	0.017188
-60	0	0.019674
-60	0.1	0.022361
-60	0.2	0.028016
-60	0.3	0.03776
-60	0.4	0.043022
-60	0.5	0.04723
-60	0.6	0.053919
-60	0.7	0.055144
-60	0.8	0.054611
-60	0.9	0.051895
-60	1	0.050287
-60	1.1	0.045862
-60	1.2	0.042533
-60	1.3	0.040423
-60	1.4	0.038682
-60	1.5	0.036623
-60	1.6	0.035179
-60	1.7	0.03388
-60	1.8	0.032982
-60	1.9	0.032756
-60	2	0.032017
-60	2.1	0.029982
-60	2.2	0.028974
-60	2.3	0.026621
-60	2.4	0.025423
-60	2.5	0.023417
-60	2.6	0.020976
-60	2.7	0.018819
-60	2.8	0.015892
-60	2.9	0.013977
-60	3	0.012001
-60	3.1	0.0097449
-60	3.2	0.009665
-60	3.3	0.010002
-60	3.4	0.010808
-60	3.5	0.011924
-60	3.6	0.011314
-60	3.7	0.010511
-60	3.8	0.0089116
-60	3.9	0.0084365
-60	4	0.0087154
-50	-4	0.011429
-50	-3.9	0.0089604
-50	-3.8	0.0069164
-50	-3.7	0.0068223
-50	-3.6	0.0084537
-50	-3.5	0.010753
-50	-3.4	0.011797
-50	-3.3	0.011081
-50	-3.2	0.010306
-50	-3.1	0.010276
-50	-3	0.012844
-50	-2.9	0.019228
-50	-2.8	0.024087
-50	-2.7	0.027645
-50	-2.6	0.030896
-50	-2.5	0.030753
-50	-2.4	0.030087
-50	-2.3	0.029469
-50	-2.2	0.030978
-50	-2.1	0.03315
-50	-2	0.036524
-50	-1.9	0.038178
-50	-1.8	0.036872
-50	-1.7	0.031712
-50	-1.6	0.02709
-50	-1.5	0.028252
-50	-1.4	0.036341
-50	-1.3	0.042988
-50	-1.2	0.04989
-50	-1.1	0.057468
-50	-1	0.060611
-50	-0.9	0.059284
-50	-0.8	0.053949
-50	-0.7	0.047613
-50	-0.6	0.040949
-50	-0.5	0.032057
-50	-0.4	0.023106
-50	-0.3	0.019658
-50	-0.2	0.017994
-50	-0.1	0.018485
-50	0	0.021
-50	0.1	0.025137
-50	0.2	0.031577
-50	0.3	0.039237
-50	0.4	0.04167
-50	0.5	0.047866
-50	0.6	0.049298
-50	0.7	0.049768
-50	0.8	0.048458
-50	0.9	0.047001
-50	1	0.042952
-50	1.1	0.041914
-50	1.2	0.038317
-50	1.3	0.034241
-50	1.4	0.032633
-50	1.5	0.032673
-50	1.6	0.033037
-50	1.7	0.032607
-50	1.8	0.031981
-50	1.9	0.031621
-50	2	0.029394
-50	2.1	0.025758
-50	2.2	0.024351
-50	2.3	0.023622
-50	2.4	0.022686
-50	2.5	0.022097
-50	2.6	0.020598
-50	2.7	0.01928
-50	2.8	0.016127
-50	2.9	0.013525
-50	3	0.011173
-50	3.1	0.010805
-50	3.2	0.011062
-50	3.3	0.011755
-50	3.4	0.011745
-50	3.5	0.011157
-50	3.6	0.0092042
-50	3.7	0.0091
-50	3.8	0.0095048
-50	3.9	0.0098734
-50	4	0.0106
-40	-4	0.010641
-40	-3.9	0.0098849
-40	-3.8	0.0083923
-40	-3.7	0.006517
-40	-3.6	0.0072295
-40	-3.5	0.0082623
-40	-3.4	0.009416
-40	-3.3	0.010315
-40	-3.2	0.010434
-40	-3.1	0.010134
-40	-3	0.012743
-40	-2.9	0.016473
-40	-2.8	0.021198
-40	-2.7	0.025601
-40	-2.6	0.02891
-40	-2.5	0.030043
-40	-2.4	0.03181
-40	-2.3	0.033904
-40	-2.2	0.035365
-40	-2.1	0.036013
-40	-2	0.036273
-40	-1.9	0.034399
-40	-1.8	0.031882
-40	-1.7	0.026708
-40	-1.6	0.025851
-40	-1.5	0.028804
-40	-1.4	0.032998
-40	-1.3	0.043481
-40	-1.2	0.049876
-40	-1.1	0.05598
-40	-1	0.058439
-40	-0.9	0.05687
-40	-0.8	0.051536
-40	-0.7	0.041945
-40	-0.6	0.035849
-40	-0.5	0.027707
-40	-0.4	0.020738
-40	-0.3	0.016394
-40	-0.2	0.015574
-40	-0.1	0.015878
-40	0	0.019595
-40	0.1	0.023695
-40	0.2	0.029164
-40	0.3	0.0348
-40	0.4	0.039966
-40	0.5	0.044107
-40	0.6	0.04851
-40	0.7	0.049759
-40	0.8	0.049119
-40	0.9	0.046562
-40	1	0.044399
-40	1.1	0.042048
-40	1.2	0.037553
-40	1.3	0.034692
-40	1.4	0.032699
-40	1.5	0.032064
-40	1.6	0.032048
-40	1.7	0.032151
-40	1.8	0.032143
-40	1.9	0.03198
-40	2	0.030655
-40	2.1	0.027977
-40	2.2	0.025287
-40	2.3	0.023687
-40	2.4	0.020753
-40	2.5	0.018103
-40	2.6	0.015116
-40	2.7	0.013867
-40	2.8	0.01214
-40	2.9	0.010317
-40	3	0.0090269
-40	3.1	0.0087283
-40	3.2	0.0081698
-40	3.3	0.0077014
-40	3.4	0.0072317
-40	3.5	0.0069071
-40	3.6	0.0071959
-40	3.7	0.0071214
-40	3.8	0.0074171
-40	3.9	0.0073228
-40	4	0.0064572
-30	-4	0.01108
-30	-3.9	0.0090108
-30	-3.8	0.0058864
-30	-3.7	0.0068413
-30	-3.6	0.0098554
-30	-3.5	0.011566
-30	-3.4	0.012114
-30	-3.3	0.011078
-30	-3.2	0.0087505
-30	-3.1	0.0082505
-30	-3	0.012414
-30	-2.9	0.019656
-30	-2.8	0.024561
-30	-2.7	0.02804
-30	-2.6	0.03088
-30	-2.5	0.031093
-30	-2.4	0.030652
-30	-2.3	0.031383
-30	-2.2	0.033446
-30	-2.1	0.03504
-30	-2	0.036026
-30	-1.9	0.034894
-30	-1.8	0.028985
-30	-1.7	0.02648
-30	-1.6	0.021747
-30	-1.5	0.025786
-30	-1.4	0.032658
-30	-1.3	0.041157
-30	-1.2	0.048271
-30	-1.1	0.054514
-30	-1	0.05543
-30	-0.9	0.054118
-30	-0.8	0.049141
-30	-0.7	0.044039
-30	-0.6	0.03586
-30	-0.5	0.027361
-30	-0.4	0.020314
-30	-0.3	0.016595
-30	-0.2	0.015287
-30	-0.1	0.015599
-30	0	0.017749
-30	0.1	0.022236
-30	0.2	0.027918
-30	0.3	0.035016
-30	0.4	0.039189
-30	0.5	0.04278
-30	0.6	0.045802
-30	0.7	0.046063
-30	0.8	0.044503
-30	0.9	0.043018
-30	1	0.040594
-30	1.1	0.036269
-30	1.2	0.03317
-30	1.3	0.031142
-30	1.4	0.029134
-30	1.5	0.029332
-30	1.6	0.03048
-30	1.7	0.030944
-30	1.8	0.031345
-30	1.9	0.030918
-30	2	0.0292
-30	2.1	0.027146
-30	2.2	0.024157
-30	2.3	0.020702
-30	2.4	0.01978
-30	2.5	0.01822
-30	2.6	0.015623
-30	2.7	0.013897
-30	2.8	0.013098
-30	2.9	0.010961
-30	3	0.0094776
-30	3.1	0.0087357
-30	3.2	0.007467
-30	3.3	0.0076149
-30	3.4	0.0071508
-30	3.5	0.0073007
-30	3.6	0.0069281
-30	3.7	0.0075037
-30	3.8	0.007467
-30	3.9	0.0080923
-30	4	0.0072829
-20	-4	0.0091936
-20	-3.9	0.0082993
-20	-3.8	0.0078839
-20	-3.7	0.0072718
-20	-3.6	0.0078798
-20	-3.5	0.0082407
-20	-3.4	0.008667
-20	-3.3	0.0081262
-20	-3.2	0.0084709
-20	-3.1	0.0097283
-20	-3	0.016283
-20	-2.9	0.019858
-20	-2.8	0.024708
-20	-2.7	0.025904
-20	-2.6	0.026787
-20	-2.5	0.027532
-20	-2.4	0.028509
-20	-2.3	0.030395
-20	-2.2	0.032666
-20	-2.1	0.034219
-20	-2	0.033952
-20	-1.9	0.032353
-20	-1.8	0.028708
-20	-1.7	0.024956
-20	-1.6	0.021005
-20	-1.5	0.022303
-20	-1.4	0.027783
-20	-1.3	0.04093
-20	-1.2	0.048202
-20	-1.1	0.051603
-20	-1	0.053914
-20	-0.9	0.051984
-20	-0.8	0.049065
-20	-0.7	0.041152
-20	-0.6	0.03218
-20	-0.5	0.024411
-20	-0.4	0.01915
-20	-0.3	0.015378
-20	-0.2	0.013565
-20	-0.1	0.013976
-20	0	0.016262
-20	0.1	0.021396
-20	0.2	0.025873
-20	0.3	0.033037
-20	0.4	0.037563
-20	0.5	0.04165
-20	0.6	0.043336
-20	0.7	0.043807
-20	0.8	0.042381
-20	0.9	0.040972
-20	1	0.037424
-20	1.1	0.035532
-20	1.2	0.032759
-20	1.3	0.030782
-20	1.4	0.02865
-20	1.5	0.027858
-20	1.6	0.028188
-20	1.7	0.029287
-20	1.8	0.029659
-20	1.9	0.029894
-20	2	0.028573
-20	2.1	0.026387
-20	2.2	0.022669
-20	2.3	0.020141
-20	2.4	0.016839
-20	2.5	0.014712
-20	2.6	0.012523
-20	2.7	0.011569
-20	2.8	0.01092
-20	2.9	0.010329
-20	3	0.0080482
-20	3.1	0.0073294
-20	3.2	0.00677
-20	3.3	0.0063181
-20	3.4	0.0081738
-20	3.5	0.0080783
-20	3.6	0.0081718
-20	3.7	0.0078613
-20	3.8	0.0076635
-20	3.9	0.0068342
-20	4	0.0065245
-10	-4	0.010303
-10	-3.9	0.0089676
-10	-3.8	0.0079289
-10	-3.7	0.008227
-10	-3.6	0.0090412
-10	-3.5	0.010265
-10	-3.4	0.009428
-10	-3.3	0.0080603
-10	-3.2	0.0068057
-10	-3.1	0.0089478
-10	-3	0.013606
-10	-2.9	0.018727
-10	-2.8	0.024968
-10	-2.7	0.026782
-10	-2.6	0.027686
-10	-2.5	0.027983
-10	-2.4	0.028656
-10	-2.3	0.030391
-10	-2.2	0.032995
-10	-2.1	0.03537
-10	-2	0.036717
-10	-1.9	0.035363
-10	-1.8	0.029967
-10	-1.7	0.024797
-10	-1.6	0.01924
-10	-1.5	0.020363
-10	-1.4	0.025676
-10	-1.3	0.036292
-10	-1.2	0.044929
-10	-1.1	0.050556
-10	-1	0.051696
-10	-0.9	0.04868
-10	-0.8	0.043784
-10	-0.7	0.038286
-10	-0.6	0.03206
-10	-0.5	0.025701
-10	-0.4	0.020888
-10	-0.3	0.015904
-10	-0.2	0.01488
-10	-0.1	0.016387
-10	0	0.018569
-10	0.1	0.023239
-10	0.2	0.026436
-10	0.3	0.031183
-10	0.4	0.034958
-10	0.5	0.038574
-10	0.6	0.042164
-10	0.7	0.042958
-10	0.8	0.042081
-10	0.9	0.040354
-10	1	0.036834
-10	1.1	0.032425
-10	1.2	0.028882
-10	1.3	0.026053
-10	1.4	0.025664
-10	1.5	0.027132
-10	1.6	0.028508
-10	1.7	0.02933
-10	1.8	0.028558
-10	1.9	0.026241
-10	2	0.024148
-10	2.1	0.022048
-10	2.2	0.01991
-10	2.3	0.018693
-10	2.4	0.017978
-10	2.5	0.017009
-10	2.6	0.014854
-10	2.7	0.012246
-10	2.8	0.0084594
-10	2.9	0.0076149
-10	3	0.0076149
-10	3.1	0.0082014
-10	3.2	0.0089514
-10	3.3	0.0084288
-10	3.4	0.0070964
-10	3.5	0.0055588
-10	3.6	0.0056253
-10	3.7	0.0070047
-10	3.8	0.0074475
-10	3.9	0.0078242
-10	4	0.0071801
0	-4	0.011229
0	-3.9	0.010679
0	-3.8	0.0096264
0	-3.7	0.0094005
0	-3.6	0.0081162
0	-3.5	0.0071508
0	-3.4	0.0066835
0	-3.3	0.0067509
0	-3.2	0.0082211
0	-3.1	0.010245
0	-3	0.012927
0	-2.9	0.015338
0	-2.8	0.019804
0	-2.7	0.023237
0	-2.6	0.025231
0	-2.5	0.028389
0	-2.4	0.030089
0	-2.3	0.032942
0	-2.2	0.034178
0	-2.1	0.03496
0	-2	0.034197
0	-1.9	0.031016
0	-1.8	0.027794
0	-1.7	0.019694
0	-1.6	0.017594
0	-1.5	0.020529
0	-1.4	0.028458
0	-1.3	0.033629
0	-1.2	0.043843
0	-1.1	0.049303
0	-1	0.051506
0	-0.9	0.050492
0	-0.8	0.04651
0	-0.7	0.039255
0	-0.6	0.033061
0	-0.5	0.025224
0	-0.4	0.019634
0	-0.3	0.015787
0	-0.2	0.013363
0	-0.1	0.013279
0	0	0.014305
0	0.1	0.017519
0	0.2	0.019819
0	0.3	0.02494
0	0.4	0.033104
0	0.5	0.038696
0	0.6	0.042304
0	0.7	0.044192
0	0.8	0.044073
0	0.9	0.041055
0	1	0.037733
0	1.1	0.03325
0	1.2	0.027035
0	1.3	0.026392
0	1.4	0.026106
0	1.5	0.02757
0	1.6	0.028733
0	1.7	0.028567
0	1.8	0.027238
0	1.9	0.026036
0	2	0.022729
0	2.1	0.021611
0	2.2	0.019988
0	2.3	0.019823
0	2.4	0.018759
0	2.5	0.016774
0	2.6	0.014499
0	2.7	0.010985
0	2.8	0.00815
0	2.9	0.0061285
0	3	0.0059383
0	3.1	0.0071936
0	3.2	0.0082152
0	3.3	0.0075659
0	3.4	0.006259
0	3.5	0.0054738
0	3.6	0.0055267
0	3.7	0.0066179
0	3.8	0.0072518
0	3.9	0.0076212
0	4	0.0071846
10	-4	0.014069
10	-3.9	0.012033
10	-3.8	0.0096432
10	-3.7	0.008223
10	-3.6	0.0071236
10	-3.5	0.0088989
10	-3.4	0.010437
10	-3.3	0.010021
10	-3.2	0.0077412
10	-3.1	0.0070392
10	-3	0.010298
10	-2.9	0.015827
10	-2.8	0.02162
10	-2.7	0.025666
10	-2.6	0.028487
10	-2.5	0.029531
10	-2.4	0.030124
10	-2.3	0.03091
10	-2.2	0.033327
10	-2.1	0.036851
10	-2	0.039346
10	-1.9	0.038546
10	-1.8	0.035247
10	-1.7	0.028676
10	-1.6	0.020646
10	-1.5	0.016934
10	-1.4	0.024982
10	-1.3	0.033933
10	-1.2	0.046051
10	-1.1	0.05187
10	-1	0.056345
10	-0.9	0.056143
10	-0.8	0.052045
10	-0.7	0.045789
10	-0.6	0.038661
10	-0.5	0.029233
10	-0.4	0.021467
10	-0.3	0.014855
10	-0.2	0.014286
10	-0.1	0.014265
10	0	0.016354
10	0.1	0.018114
10	0.2	0.022965
10	0.3	0.029126
10	0.4	0.033725
10	0.5	0.037874
10	0.6	0.042221
10	0.7	0.043575
10	0.8	0.043316
10	0.9	0.040361
10	1	0.038201
10	1.1	0.033082
10	1.2	0.027969
10	1.3	0.025656
10	1.4	0.023924
10	1.5	0.024371
10	1.6	0.025771
10	1.7	0.027625
10	1.8	0.027772
10	1.9	0.026994
10	2	0.024638
10	2.1	0.022506
10	2.2	0.020616
10	2.3	0.018971
10	2.4	0.017662
10	2.5	0.016867
10	2.6	0.015566
10	2.7	0.014589
10	2.8	0.011643
10	2.9	0.010161
10	3	0.0084154
10	3.1	0.0082211
10	3.2	0.0080703
10	3.3	0.0080663
10	3.4	0.0077911
10	3.5	0.0075894
10	3.6	0.007358
10	3.7	0.0067986
10	3.8	0.006369
10	3.9	0.0067317
10	4	0.0063436
20	-4	0.011924
20	-3.9	0.011495
20	-3.8	0.010688
20	-3.7	0.0099922
20	-3.6	0.0083052
20	-3.5	0.0069607
20	-3.4	0.0072585
20	-3.3	0.0073558
20	-3.2	0.0072851
20	-3.1	0.00682
20	-3	0.0080603
20	-2.9	0.01321
20	-2.8	0.01948
20	-2.7	0.022152
20	-2.6	0.025883
20	-2.5	0.029189
20	-2.4	0.030684
20	-2.3	0.031726
20	-2.2	0.033462
20	-2.1	0.034967
20	-2	0.035721
20	-1.9	0.035364
20	-1.8	0.033318
20	-1.7	0.02959
20	-1.6	0.022664
20	-1.5	0.017785
20	-1.4	0.020009
20	-1.3	0.028647
20	-1.2	0.040277
20	-1.1	0.049406
20	-1	0.054608
20	-0.9	0.056935
20	-0.8	0.054299
20	-0.7	0.046486
20	-0.6	0.043087
20	-0.5	0.02907
20	-0.4	0.024712
20	-0.3	0.018878
20	-0.2	0.015534
20	-0.1	0.013774
20	0	0.013473
20	0.1	0.014754
20	0.2	0.01761
20	0.3	0.023452
20	0.4	0.031835
20	0.5	0.035164
20	0.6	0.041018
20	0.7	0.04259
20	0.8	0.042868
20	0.9	0.041337
20	1	0.036482
20	1.1	0.033669
20	1.2	0.030376
20	1.3	0.028214
20	1.4	0.026912
20	1.5	0.027065
20	1.6	0.027207
20	1.7	0.027406
20	1.8	0.027022
20	1.9	0.02625
20	2	0.025715
20	2.1	0.02508
20	2.2	0.023835
20	2.3	0.023006
20	2.4	0.021494
20	2.5	0.019065
20	2.6	0.01606
20	2.7	0.012781
20	2.8	0.011916
20	2.9	0.010285
20	3	0.0095167
20	3.1	0.0087487
20	3.2	0.0078716
20	3.3	0.0072317
20	3.4	0.0069211
20	3.5	0.0080783
20	3.6	0.0093107
20	3.7	0.0092287
20	3.8	0.0091866
20	3.9	0.0084728
20	4	0.0078716
30	-4	0.0136
30	-3.9	0.012879
30	-3.8	0.01109
30	-3.7	0.0087745
30	-3.6	0.0081678
30	-3.5	0.0091619
30	-3.4	0.0099679
30	-3.3	0.010674
30	-3.2	0.0099126
30	-3.1	0.0079756
30	-3	0.0059465
30	-2.9	0.0085127
30	-2.8	0.015642
30	-2.7	0.021863
30	-2.6	0.027522
30	-2.5	0.030749
30	-2.4	0.03404
30	-2.3	0.035565
30	-2.2	0.036848
30	-2.1	0.038639
30	-2	0.039957
30	-1.9	0.039146
30	-1.8	0.03608
30	-1.7	0.033138
30	-1.6	0.026972
30	-1.5	0.023753
30	-1.4	0.025244
30	-1.3	0.028853
30	-1.2	0.040858
30	-1.1	0.049021
30	-1	0.056775
30	-0.9	0.058455
30	-0.8	0.056583
30	-0.7	0.050025
30	-0.6	0.042965
30	-0.5	0.033468
30	-0.4	0.027137
30	-0.3	0.02015
30	-0.2	0.017023
30	-0.1	0.015308
30	0	0.015456
30	0.1	0.017773
30	0.2	0.019476
30	0.3	0.026706
30	0.4	0.031003
30	0.5	0.035229
30	0.6	0.039749
30	0.7	0.043219
30	0.8	0.043722
30	0.9	0.042929
30	1	0.040507
30	1.1	0.036575
30	1.2	0.034521
30	1.3	0.030221
30	1.4	0.028378
30	1.5	0.027099
30	1.6	0.027511
30	1.7	0.028252
30	1.8	0.029467
30	1.9	0.029249
30	2	0.027677
30	2.1	0.026442
30	2.2	0.024515
30	2.3	0.021661
30	2.4	0.019053
30	2.5	0.017999
30	2.6	0.01615
30	2.7	0.014236
30	2.8	0.012019
30	2.9	0.010965
30	3	0.010472
30	3.1	0.0094622
30	3.2	0.0090215
30	3.3	0.0080261
30	3.4	0.0078737
30	3.5	0.0072674
30	3.6	0.0074083
30	3.7	0.0083904
30	3.8	0.0083188
30	3.9	0.0090233
30	4	0.0090215
40	-4	0.012888
40	-3.9	0.014093
40	-3.8	0.014121
40	-3.7	0.013592
40	-3.6	0.012192
40	-3.5	0.010113
40	-3.4	0.0097615
40	-3.3	0.0098291
40	-3.2	0.0096549
40	-3.1	0.0091177
40	-3	0.0071666
40	-2.9	0.008146
40	-2.8	0.013714
40	-2.7	0.020278
40	-2.6	0.025293
40	-2.5	0.028647
40	-2.4	0.031042
40	-2.3	0.033685
40	-2.2	0.03607
40	-2.1	0.038434
40	-2	0.040968
40	-1.9	0.041634
40	-1.8	0.039931
40	-1.7	0.035321
40	-1.6	0.025002
40	-1.5	0.021547
40	-1.4	0.022178
40	-1.3	0.030499
40	-1.2	0.038949
40	-1.1	0.04936
40	-1	0.055529
40	-0.9	0.05831
40	-0.8	0.057418
40	-0.7	0.051579
40	-0.6	0.043649
40	-0.5	0.036934
40	-0.4	0.027771
40	-0.3	0.022464
40	-0.2	0.017881
40	-0.1	0.015875
40	0	0.015877
40	0.1	0.016505
40	0.2	0.018292
40	0.3	0.024355
40	0.4	0.02728
40	0.5	0.034055
40	0.6	0.038633
40	0.7	0.041613
40	0.8	0.043116
40	0.9	0.04265
40	1	0.041577
40	1.1	0.038826
40	1.2	0.034954
40	1.3	0.030802
40	1.4	0.028167
40	1.5	0.026681
40	1.6	0.026108
40	1.7	0.026698
40	1.8	0.027884
40	1.9	0.029194
40	2	0.029466
40	2.1	0.028416
40	2.2	0.027239
40	2.3	0.025062
40	2.4	0.022193
40	2.5	0.020258
40	2.6	0.017943
40	2.7	0.016363
40	2.8	0.014298
40	2.9	0.012881
40	3	0.011551
40	3.1	0.010814
40	3.2	0.010372
40	3.3	0.0098751
40	3.4	0.010172
40	3.5	0.0098996
40	3.6	0.0091813
40	3.7	0.0089152
40	3.8	0.0088387
40	3.9	0.00971
40	4	0.010509
50	-4	0.014461
50	-3.9	0.015447
50	-3.8	0.01481
50	-3.7	0.013462
50	-3.6	0.011592
50	-3.5	0.011468
50	-3.4	0.011499
50	-3.3	0.011014
50	-3.2	0.010031
50	-3.1	0.008344
50	-3	0.0076993
50	-2.9	0.0095894
50	-2.8	0.01418
50	-2.7	0.017527
50	-2.6	0.023151
50	-2.5	0.028351
50	-2.4	0.03105
50	-2.3	0.033369
50	-2.2	0.033807
50	-2.1	0.035233
50	-2	0.039503
50	-1.9	0.041596
50	-1.8	0.042471
50	-1.7	0.041096
50	-1.6	0.036574
50	-1.5	0.024851
50	-1.4	0.020793
50	-1.3	0.021848
50	-1.2	0.032769
50	-1.1	0.045735
50	-1	0.051261
50	-0.9	0.059156
50	-0.8	0.059706
50	-0.7	0.056961
50	-0.6	0.051971
50	-0.5	0.043395
50	-0.4	0.033465
50	-0.3	0.024541
50	-0.2	0.0203
50	-0.1	0.018203
50	0	0.016447
50	0.1	0.016062
50	0.2	0.017381
50	0.3	0.020011
50	0.4	0.024529
50	0.5	0.031096
50	0.6	0.038652
50	0.7	0.043302
50	0.8	0.044577
50	0.9	0.045633
50	1	0.044285
50	1.1	0.041776
50	1.2	0.039292
50	1.3	0.034787
50	1.4	0.033088
50	1.5	0.031176
50	1.6	0.030091
50	1.7	0.029467
50	1.8	0.029589
50	1.9	0.029595
50	2	0.029239
50	2.1	0.028376
50	2.2	0.026787
50	2.3	0.024472
50	2.4	0.02313
50	2.5	0.019572
50	2.6	0.017849
50	2.7	0.015867
50	2.8	0.014476
50	2.9	0.013707
50	3	0.012037
50	3.1	0.010799
50	3.2	0.0098701
50	3.3	0.0099695
50	3.4	0.010169
50	3.5	0.01027
50	3.6	0.0097383
50	3.7	0.0097117
50	3.8	0.0095894
50	3.9	0.0090484
50	4	0.0087635
60	-4	0.01094
60	-3.9	0.011815
60	-3.8	0.013032
60	-3.7	0.013311
60	-3.6	0.013028
60	-3.5	0.011554
60	-3.4	0.010108
60	-3.3	0.0087984
60	-3.2	0.0077014
60	-3.1	0.0079105
60	-3	0.0077077
60	-2.9	0.0090698
60	-2.8	0.011754
60	-2.7	0.015541
60	-2.6	0.021394
60	-2.5	0.025127
60	-2.4	0.029505
60	-2.3	0.03212
60	-2.2	0.035643
60	-2.1	0.037396
60	-2	0.038423
60	-1.9	0.038916
60	-1.8	0.037679
60	-1.7	0.035031
60	-1.6	0.032363
60	-1.5	0.028408
60	-1.4	0.024478
60	-1.3	0.022905
60	-1.2	0.028305
60	-1.1	0.033788
60	-1	0.046872
60	-0.9	0.053895
60	-0.8	0.057901
60	-0.7	0.060234
60	-0.6	0.056594
60	-0.5	0.049398
60	-0.4	0.041484
60	-0.3	0.030788
60	-0.2	0.025246
60	-0.1	0.01885
60	0	0.015792
60	0.1	0.015147
60	0.2	0.014665
60	0.3	0.015911
60	0.4	0.022313
60	0.5	0.025107
60	0.6	0.035205
60	0.7	0.041321
60	0.8	0.045634
60	0.9	0.047583
60	1	0.046883
60	1.1	0.04423
60	1.2	0.040161
60	1.3	0.036927
60	1.4	0.034395
60	1.5	0.032991
60	1.6	0.031946
60	1.7	0.031733
60	1.8	0.031116
60	1.9	0.030589
60	2	0.029479
60	2.1	0.027638
60	2.2	0.02648
60	2.3	0.025799
60	2.4	0.023128
60	2.5	0.021703
60	2.6	0.0193
60	2.7	0.016797
60	2.8	0.015376
60	2.9	0.012596
60	3	0.01145
60	3.1	0.0098341
60	3.2	0.0091
60	3.3	0.008223
60	3.4	0.0083168
60	3.5	0.0086745
60	3.6	0.0091619
60	3.7	0.010095
60	3.8	0.010157
60	3.9	0.0088278
60	4	0.0082309
70	-4	0.0096666
70	-3.9	0.010805
70	-3.8	0.012705
70	-3.7	0.013176
70	-3.6	0.012728
70	-3.5	0.011984
70	-3.4	0.0098996
70	-3.3	0.0086745
70	-3.2	0.0086128
70	-3.1	0.0090715
70	-3	0.0090197
70	-2.9	0.0086614
70	-2.8	0.0091443
70	-2.7	0.011319
70	-2.6	0.018237
70	-2.5	0.024161
70	-2.4	0.02947
70	-2.3	0.034155
70	-2.2	0.037214
70	-2.1	0.038328
70	-2	0.039501
70	-1.9	0.039806
70	-1.8	0.039274
70	-1.7	0.037681
70	-1.6	0.034419
70	-1.5	0.031117
70	-1.4	0.026186
70	-1.3	0.023862
70	-1.2	0.027785
70	-1.1	0.033675
70	-1	0.044598
70	-0.9	0.048556
70	-0.8	0.054839
70	-0.7	0.055913
70	-0.6	0.0552
70	-0.5	0.050438
70	-0.4	0.042958
70	-0.3	0.037408
70	-0.2	0.031576
70	-0.1	0.024061
70	0	0.018476
70	0.1	0.015569
70	0.2	0.014254
70	0.3	0.015223
70	0.4	0.018047
70	0.5	0.021754
70	0.6	0.029475
70	0.7	0.034856
70	0.8	0.040012
70	0.9	0.045794
70	1	0.04882
70	1.1	0.048571
70	1.2	0.046471
70	1.3	0.042343
70	1.4	0.037005
70	1.5	0.03331
70	1.6	0.030461
70	1.7	0.030223
70	1.8	0.032475
70	1.9	0.03421
70	2	0.033756
70	2.1	0.031554
70	2.2	0.029353
70	2.3	0.02662
70	2.4	0.023057
70	2.5	0.021569
70	2.6	0.021024
70	2.7	0.020103
70	2.8	0.018159
70	2.9	0.014716
70	3	0.011875
70	3.1	0.0086931
70	3.2	0.0094194
70	3.3	0.010515
70	3.4	0.011787
70	3.5	0.011024
70	3.6	0.0096415
70	3.7	0.008225
70	3.8	0.0076909
70	3.9	0.0078201
70	4	0.0095354
80	-4	0.010262
80	-3.9	0.010271
80	-3.8	0.010289
80	-3.7	0.011138
80	-3.6	0.011215
80	-3.5	0.010251
80	-3.4	0.0087653
80	-3.3	0.0074648
80	-3.2	0.0074127
80	-3.1	0.0081421
80	-3	0.0091514
80	-2.9	0.009416
80	-2.8	0.010457
80	-2.7	0.012483
80	-2.6	0.016259
80	-2.5	0.020966
80	-2.4	0.025992
80	-2.3	0.031448
80	-2.2	0.034742
80	-2.1	0.036844
80	-2	0.03775
80	-1.9	0.037954
80	-1.8	0.037397
80	-1.7	0.035877
80	-1.6	0.033826
80	-1.5	0.030649
80	-1.4	0.025378
80	-1.3	0.022734
80	-1.2	0.024649
80	-1.1	0.029818
80	-1	0.040674
80	-0.9	0.048574
80	-0.8	0.053516
80	-0.7	0.056715
80	-0.6	0.055631
80	-0.5	0.049549
80	-0.4	0.045732
80	-0.3	0.035217
80	-0.2	0.029628
80	-0.1	0.022514
80	0	0.020349
80	0.1	0.018089
80	0.2	0.015522
80	0.3	0.014706
80	0.4	0.016394
80	0.5	0.021558
80	0.6	0.026887
80	0.7	0.035482
80	0.8	0.040546
80	0.9	0.043531
80	1	0.046733
80	1.1	0.046691
80	1.2	0.045307
80	1.3	0.04188
80	1.4	0.039524
80	1.5	0.035922
80	1.6	0.033605
80	1.7	0.032141
80	1.8	0.032083
80	1.9	0.032156
80	2	0.032057
80	2.1	0.032006
80	2.2	0.03086
80	2.3	0.028675
80	2.4	0.027173
80	2.5	0.02537
80	2.6	0.023325
80	2.7	0.021101
80	2.8	0.017722
80	2.9	0.016046
80	3	0.014452
80	3.1	0.013231
80	3.2	0.012602
80	3.3	0.01194
80	3.4	0.011708
80	3.5	0.011529
80	3.6	0.010915
80	3.7	0.010572
80	3.8	0.0103
80	3.9	0.010523
80	4	0.011495
90	-4	0.012902
90	-3.9	0.014628
90	-3.8	0.013786
90	-3.7	0.012403
90	-3.6	0.011152
90	-3.5	0.0081063
90	-3.4	0.0072183
90	-3.3	0.0083904
90	-3.2	0.0097813
90	-3.1	0.010835
90	-3	0.0096113
90	-2.9	0.0075274
90	-2.8	0.0082993
90	-2.7	0.012578
90	-2.6	0.019106
90	-2.5	0.023816
90	-2.4	0.026775
90	-2.3	0.029268
90	-2.2	0.03118
90	-2.1	0.031915
90	-2	0.033051
90	-1.9	0.03391
90	-1.8	0.035519
90	-1.7	0.035914
90	-1.6	0.035185
90	-1.5	0.033491
90	-1.4	0.030222
90	-1.3	0.023982
90	-1.2	0.023212
90	-1.1	0.025713
90	-1	0.036784
90	-0.9	0.041487
90	-0.8	0.049494
90	-0.7	0.053287
90	-0.6	0.053514
90	-0.5	0.05066
90	-0.4	0.047283
90	-0.3	0.038102
90	-0.2	0.031269
90	-0.1	0.024793
90	0	0.020059
90	0.1	0.017242
90	0.2	0.01478
90	0.3	0.014569
90	0.4	0.01641
90	0.5	0.020439
90	0.6	0.028647
90	0.7	0.034298
90	0.8	0.038134
90	0.9	0.043162
90	1	0.046257
90	1.1	0.047024
90	1.2	0.045657
90	1.3	0.043079
90	1.4	0.04096
90	1.5	0.036622
90	1.6	0.034099
90	1.7	0.031949
90	1.8	0.031225
90	1.9	0.030263
90	2	0.029316
90	2.1	0.02932
90	2.2	0.028256
90	2.3	0.026641
90	2.4	0.024227
90	2.5	0.022821
90	2.6	0.021078
90	2.7	0.019707
90	2.8	0.017419
90	2.9	0.016066
90	3	0.013594
90	3.1	0.012461
90	3.2	0.010372
90	3.3	0.0093712
90	3.4	0.0092059
90	3.5	0.0090787
90	3.6	0.0087874
90	3.7	0.0081994
90	3.8	0.0079187
90	3.9	0.0075936
90	4	0.0075059
100	-4	0.010465
100	-3.9	0.012361
100	-3.8	0.013349
100	-3.7	0.014109
100	-3.6	0.013413
100	-3.5	0.011033
100	-3.4	0.009862
100	-3.3	0.010094
100	-3.2	0.010584
100	-3.1	0.011298
100	-3	0.011335
100	-2.9	0.01034
100	-2.8	0.0097879
100	-2.7	0.012286
100	-2.6	0.015541
100	-2.5	0.021784
100	-2.4	0.026243
100	-2.3	0.030025
100	-2.2	0.031687
100	-2.1	0.032688
100	-2	0.033957
100	-1.9	0.035104
100	-1.8	0.036806
100	-1.7	0.037406
100	-1.6	0.036332
100	-1.5	0.0329
100	-1.4	0.027827
100	-1.3	0.023358
100	-1.2	0.022563
100	-1.1	0.027274
100	-1	0.034867
100	-0.9	0.043216
100	-0.8	0.048851
100	-0.7	0.054656
100	-0.6	0.054842
100	-0.5	0.052163
100	-0.4	0.044059
100	-0.3	0.039792
100	-0.2	0.031737
100	-0.1	0.024184
100	0	0.019245
100	0.1	0.01567
100	0.2	0.014428
100	0.3	0.014271
100	0.4	0.0155
100	0.5	0.019911
100	0.6	0.025269
100	0.7	0.031393
100	0.8	0.037201
100	0.9	0.042775
100	1	0.046165
100	1.1	0.046857
100	1.2	0.04608
100	1.3	0.043182
100	1.4	0.040679
100	1.5	0.032807
100	1.6	0.030404
100	1.7	0.027564
100	1.8	0.027438
100	1.9	0.027565
100	2	0.028048
100	2.1	0.028193
100	2.2	0.028675
100	2.3	0.027803
100	2.4	0.025492
100	2.5	0.023953
100	2.6	0.022838
100	2.7	0.020777
100	2.8	0.019214
100	2.9	0.017554
100	3	0.016158
100	3.1	0.014956
100	3.2	0.013229
100	3.3	0.011953
100	3.4	0.011246
100	3.5	0.011193
100	3.6	0.011144
100	3.7	0.010851
100	3.8	0.010216
100	3.9	0.009665
100	4	0.010451
110	-4	0.01039
110	-3.9	0.011946
110	-3.8	0.01284
110	-3.7	0.011802
110	-3.6	0.010874
110	-3.5	0.0083576
110	-3.4	0.0086577
110	-3.3	0.0096298
110	-3.2	0.011009
110	-3.1	0.011176
110	-3	0.010348
110	-2.9	0.0088406
110	-2.8	0.0082818
110	-2.7	0.010728
110	-2.6	0.01537
110	-2.5	0.019929
110	-2.4	0.024284
110	-2.3	0.026901
110	-2.2	0.028877
110	-2.1	0.030599
110	-2	0.033039
110	-1.9	0.035357
110	-1.8	0.037345
110	-1.7	0.038221
110	-1.6	0.037695
110	-1.5	0.03425
110	-1.4	0.029112
110	-1.3	0.025122
110	-1.2	0.024223
110	-1.1	0.02768
110	-1	0.034315
110	-0.9	0.043226
110	-0.8	0.048496
110	-0.7	0.052807
110	-0.6	0.053387
110	-0.5	0.051612
110	-0.4	0.047218
110	-0.3	0.038708
110	-0.2	0.032435
110	-0.1	0.025608
110	0	0.020395
110	0.1	0.017554
110	0.2	0.015359
110	0.3	0.014396
110	0.4	0.016284
110	0.5	0.022433
110	0.6	0.024937
110	0.7	0.029771
110	0.8	0.034906
110	0.9	0.038299
110	1	0.043741
110	1.1	0.045049
110	1.2	0.045564
110	1.3	0.045516
110	1.4	0.042585
110	1.5	0.039585
110	1.6	0.033775
110	1.7	0.031819
110	1.8	0.029074
110	1.9	0.028081
110	2	0.028301
110	2.1	0.028972
110	2.2	0.029712
110	2.3	0.028998
110	2.4	0.026059
110	2.5	0.024236
110	2.6	0.021813
110	2.7	0.019281
110	2.8	0.018219
110	2.9	0.016315
110	3	0.015207
110	3.1	0.013692
110	3.2	0.011732
110	3.3	0.0097582
110	3.4	0.0088424
110	3.5	0.008609
110	3.6	0.0089351
110	3.7	0.0096399
110	3.8	0.0090982
110	3.9	0.0081122
110	4	0.008008
120	-4	0.0091177
120	-3.9	0.010392
120	-3.8	0.011165
120	-3.7	0.011477
120	-3.6	0.011416
120	-3.5	0.010817
120	-3.4	0.0098193
120	-3.3	0.0091531
120	-3.2	0.0088716
120	-3.1	0.0086521
120	-3	0.0083343
120	-2.9	0.0090036
120	-2.8	0.010486
120	-2.7	0.013398
120	-2.6	0.017188
120	-2.5	0.020585
120	-2.4	0.023546
120	-2.3	0.025766
120	-2.2	0.02788
120	-2.1	0.028915
120	-2	0.030389
120	-1.9	0.033166
120	-1.8	0.035488
120	-1.7	0.037465
120	-1.6	0.037914
120	-1.5	0.036586
120	-1.4	0.032668
120	-1.3	0.028284
120	-1.2	0.023453
120	-1.1	0.026578
120	-1	0.031524
120	-0.9	0.041296
120	-0.8	0.050409
120	-0.7	0.055402
120	-0.6	0.058237
120	-0.5	0.057185
120	-0.4	0.052169
120	-0.3	0.045902
120	-0.2	0.038678
120	-0.1	0.028343
120	0	0.022611
120	0.1	0.016729
120	0.2	0.013785
120	0.3	0.013077
120	0.4	0.013667
120	0.5	0.019346
120	0.6	0.025177
120	0.7	0.030346
120	0.8	0.039438
120	0.9	0.043343
120	1	0.048462
120	1.1	0.049545
120	1.2	0.049155
120	1.3	0.046787
120	1.4	0.04216
120	1.5	0.039114
120	1.6	0.036083
120	1.7	0.034173
120	1.8	0.032857
120	1.9	0.031092
120	2	0.029683
120	2.1	0.028579
120	2.2	0.026621
120	2.3	0.025467
120	2.4	0.024706
120	2.5	0.023992
120	2.6	0.02373
120	2.7	0.022924
120	2.8	0.021454
120	2.9	0.019756
120	3	0.016182
120	3.1	0.014462
120	3.2	0.011329
120	3.3	0.0090715
120	3.4	0.0088789
120	3.5	0.0088534
120	3.6	0.0092637
120	3.7	0.0093885
120	3.8	0.008562
120	3.9	0.0083653
120	4	0.0084288
130	-4	0.0084019
130	-3.9	0.009685
130	-3.8	0.01039
130	-3.7	0.011021
130	-3.6	0.010896
130	-3.5	0.010438
130	-3.4	0.009213
130	-3.3	0.0087265
130	-3.2	0.0092497
130	-3.1	0.0096499
130	-3	0.0098275
130	-2.9	0.0091408
130	-2.8	0.0084441
130	-2.7	0.010259
130	-2.6	0.014331
130	-2.5	0.020386
130	-2.4	0.02381
130	-2.3	0.026958
130	-2.2	0.028772
130	-2.1	0.030618
130	-2	0.03173
130	-1.9	0.033422
130	-1.8	0.035735
130	-1.7	0.037977
130	-1.6	0.038995
130	-1.5	0.037303
130	-1.4	0.034654
130	-1.3	0.029809
130	-1.2	0.026979
130	-1.1	0.028087
130	-1	0.034057
130	-0.9	0.04016
130	-0.8	0.050112
130	-0.7	0.054419
130	-0.6	0.056612
130	-0.5	0.053804
130	-0.4	0.049549
130	-0.3	0.043875
130	-0.2	0.03526
130	-0.1	0.02802
130	0	0.021622
130	0.1	0.016842
130	0.2	0.013933
130	0.3	0.013607
130	0.4	0.016239
130	0.5	0.018639
130	0.6	0.025116
130	0.7	0.031387
130	0.8	0.037122
130	0.9	0.042988
130	1	0.046711
130	1.1	0.0496
130	1.2	0.049963
130	1.3	0.048929
130	1.4	0.046377
130	1.5	0.040062
130	1.6	0.037743
130	1.7	0.034262
130	1.8	0.03166
130	1.9	0.030372
130	2	0.030016
130	2.1	0.030705
130	2.2	0.030561
130	2.3	0.029273
130	2.4	0.027724
130	2.5	0.025572
130	2.6	0.024371
130	2.7	0.022295
130	2.8	0.020606
130	2.9	0.018635
130	3	0.016878
130	3.1	0.015276
130	3.2	0.013396
130	3.3	0.011328
130	3.4	0.010119
130	3.5	0.0098439
130	3.6	0.0098751
130	3.7	0.0091637
130	3.8	0.0086558
130	3.9	0.0087487
130	4	0.0086968
140	-4	0.0087616
140	-3.9	0.0084307
140	-3.8	0.0092024
140	-3.7	0.010108
140	-3.6	0.01056
140	-3.5	0.0099695
140	-3.4	0.0085469
140	-3.3	0.0075958
140	-3.2	0.0079431
140	-3.1	0.0095995
140	-3	0.011068
140	-2.9	0.011782
140	-2.8	0.011245
140	-2.7	0.010656
140	-2.6	0.011664
140	-2.5	0.015404
140	-2.4	0.020267
140	-2.3	0.023854
140	-2.2	0.029331
140	-2.1	0.032321
140	-2	0.034106
140	-1.9	0.035208
140	-1.8	0.035571
140	-1.7	0.036109
140	-1.6	0.035619
140	-1.5	0.035235
140	-1.4	0.033844
140	-1.3	0.031302
140	-1.2	0.030335
140	-1.1	0.030806
140	-1	0.036912
140	-0.9	0.044231
140	-0.8	0.050778
140	-0.7	0.057462
140	-0.6	0.060538
140	-0.5	0.059577
140	-0.4	0.053483
140	-0.3	0.047756
140	-0.2	0.040623
140	-0.1	0.029292
140	0	0.019903
140	0.1	0.014804
140	0.2	0.013064
140	0.3	0.013129
140	0.4	0.016188
140	0.5	0.020984
140	0.6	0.029005
140	0.7	0.032118
140	0.8	0.0413
140	0.9	0.046852
140	1	0.048941
140	1.1	0.0517
140	1.2	0.052043
140	1.3	0.050418
140	1.4	0.04706
140	1.5	0.044877
140	1.6	0.040178
140	1.7	0.037617
140	1.8	0.033105
140	1.9	0.029909
140	2	0.029157
140	2.1	0.029902
140	2.2	0.030153
140	2.3	0.029023
140	2.4	0.027217
140	2.5	0.025018
140	2.6	0.021812
140	2.7	0.019075
140	2.8	0.016195
140	2.9	0.015738
140	3	0.016164
140	3.1	0.015743
140	3.2	0.01403
140	3.3	0.012099
140	3.4	0.0087561
140	3.5	0.008146
140	3.6	0.0068507
140	3.7	0.0068389
140	3.8	0.0074301
140	3.9	0.0081043
140	4	0.0082662
150	-4	0.0094639
150	-3.9	0.010704
150	-3.8	0.011444
150	-3.7	0.011453
150	-3.6	0.01066
150	-3.5	0.0086819
150	-3.4	0.007254
150	-3.3	0.0073624
150	-3.2	0.0095031
150	-3.1	0.010967
150	-3	0.011909
150	-2.9	0.011362
150	-2.8	0.010029
150	-2.7	0.0099663
150	-2.6	0.012961
150	-2.5	0.017004
150	-2.4	0.023101
150	-2.3	0.026528
150	-2.2	0.0293
150	-2.1	0.030429
150	-2	0.031905
150	-1.9	0.033068
150	-1.8	0.035773
150	-1.7	0.038128
150	-1.6	0.038785
150	-1.5	0.037831
150	-1.4	0.036277
150	-1.3	0.032487
150	-1.2	0.030752
150	-1.1	0.032459
150	-1	0.037948
150	-0.9	0.044952
150	-0.8	0.053422
150	-0.7	0.058791
150	-0.6	0.061155
150	-0.5	0.058677
150	-0.4	0.051486
150	-0.3	0.04532
150	-0.2	0.033971
150	-0.1	0.025207
150	0	0.018362
150	0.1	0.014577
150	0.2	0.014093
150	0.3	0.015185
150	0.4	0.018909
150	0.5	0.020187
150	0.6	0.026223
150	0.7	0.036869
150	0.8	0.04218
150	0.9	0.045766
150	1	0.050921
150	1.1	0.053059
150	1.2	0.053321
150	1.3	0.051182
150	1.4	0.046727
150	1.5	0.044359
150	1.6	0.040754
150	1.7	0.037853
150	1.8	0.034214
150	1.9	0.032403
150	2	0.031628
150	2.1	0.031215
150	2.2	0.030348
150	2.3	0.029405
150	2.4	0.028745
150	2.5	0.028376
150	2.6	0.027469
150	2.7	0.02484
150	2.8	0.022797
150	2.9	0.020581
150	3	0.018577
150	3.1	0.015645
150	3.2	0.013603
150	3.3	0.01192
150	3.4	0.011446
150	3.5	0.011362
150	3.6	0.010052
150	3.7	0.0088916
150	3.8	0.0078449
150	3.9	0.0074236
150	4	0.0069537
160	-4	0.0080241
160	-3.9	0.0089405
160	-3.8	0.009778
160	-3.7	0.011318
160	-3.6	0.010885
160	-3.5	0.010053
160	-3.4	0.0091248
160	-3.3	0.0092077
160	-3.2	0.0099857
160	-3.1	0.01094
160	-3	0.011407
160	-2.9	0.010926
160	-2.8	0.010122
160	-2.7	0.010657
160	-2.6	0.012943
160	-2.5	0.019336
160	-2.4	0.024815
160	-2.3	0.028313
160	-2.2	0.029829
160	-2.1	0.030016
160	-2	0.029883
160	-1.9	0.030143
160	-1.8	0.033951
160	-1.7	0.038071
160	-1.6	0.040075
160	-1.5	0.040456
160	-1.4	0.037573
160	-1.3	0.034257
160	-1.2	0.031976
160	-1.1	0.031007
160	-1	0.037374
160	-0.9	0.042951
160	-0.8	0.056604
160	-0.7	0.062108
160	-0.6	0.064686
160	-0.5	0.063976
160	-0.4	0.059206
160	-0.3	0.052244
160	-0.2	0.037696
160	-0.1	0.025843
160	0	0.020185
160	0.1	0.015122
160	0.2	0.013972
160	0.3	0.014557
160	0.4	0.016467
160	0.5	0.021164
160	0.6	0.0267
160	0.7	0.033525
160	0.8	0.041803
160	0.9	0.047668
160	1	0.05088
160	1.1	0.053313
160	1.2	0.052913
160	1.3	0.051744
160	1.4	0.047542
160	1.5	0.043818
160	1.6	0.041907
160	1.7	0.039023
160	1.8	0.035807
160	1.9	0.033474
160	2	0.032699
160	2.1	0.03145
160	2.2	0.030173
160	2.3	0.029161
160	2.4	0.028931
160	2.5	0.028496
160	2.6	0.027094
160	2.7	0.024301
160	2.8	0.022631
160	2.9	0.02058
160	3	0.018077
160	3.1	0.016341
160	3.2	0.014404
160	3.3	0.013173
160	3.4	0.01218
160	3.5	0.011484
160	3.6	0.0097962
160	3.7	0.0083827
160	3.8	0.0082642
160	3.9	0.0085146
160	4	0.0082759
170	-4	0.0060782
170	-3.9	0.0080783
170	-3.8	0.011942
170	-3.7	0.013276
170	-3.6	0.012909
170	-3.5	0.011561
170	-3.4	0.0080382
170	-3.3	0.0074214
170	-3.2	0.0087782
170	-3.1	0.0097698
170	-3	0.012074
170	-2.9	0.012254
170	-2.8	0.011068
170	-2.7	0.010719
170	-2.6	0.012228
170	-2.5	0.018614
170	-2.4	0.023649
170	-2.3	0.029205
170	-2.2	0.032491
170	-2.1	0.033211
170	-2	0.032741
170	-1.9	0.032883
170	-1.8	0.034899
170	-1.7	0.03748
170	-1.6	0.038657
170	-1.5	0.039528
170	-1.4	0.037932
170	-1.3	0.033963
170	-1.2	0.031324
170	-1.1	0.032715
170	-1	0.036917
170	-0.9	0.046583
170	-0.8	0.055487
170	-0.7	0.061109
170	-0.6	0.063397
170	-0.5	0.06009
170	-0.4	0.056744
170	-0.3	0.045967
170	-0.2	0.035706
170	-0.1	0.027693
170	0	0.016431
170	0.1	0.01374
170	0.2	0.013003
170	0.3	0.014732
170	0.4	0.018996
170	0.5	0.022101
170	0.6	0.029856
170	0.7	0.035951
170	0.8	0.042085
170	0.9	0.047955
170	1	0.049936
170	1.1	0.052763
170	1.2	0.052522
170	1.3	0.050261
170	1.4	0.04754
170	1.5	0.044964
170	1.6	0.042031
170	1.7	0.037986
170	1.8	0.034703
170	1.9	0.032818
170	2	0.032337
170	2.1	0.031903
170	2.2	0.031262
170	2.3	0.030525
170	2.4	0.030195
170	2.5	0.028508
170	2.6	0.026826
170	2.7	0.023831
170	2.8	0.021173
170	2.9	0.019962
170	3	0.019033
170	3.1	0.016822
170	3.2	0.016104
170	3.3	0.012949
170	3.4	0.011946
170	3.5	0.010274
170	3.6	0.0093781
170	3.7	0.0098947
170	3.8	0.010664
170	3.9	0.010718
170	4	0.0095692
180	-4	0.0077579
180	-3.9	0.0082152
180	-3.8	0.0087357
180	-3.7	0.0096499
180	-3.6	0.010554
180	-3.5	0.010511
180	-3.4	0.010143
180	-3.3	0.0095624
180	-3.2	0.0089928
180	-3.1	0.0092585
180	-3	0.0098898
180	-2.9	0.011382
180	-2.8	0.012243
180	-2.7	0.01409
180	-2.6	0.017349
180	-2.5	0.02018
180	-2.4	0.022787
180	-2.3	0.025707
180	-2.2	0.027503
180	-2.1	0.029655
180	-2	0.031557
180	-1.9	0.034345
180	-1.8	0.036687
180	-1.7	0.037863
180	-1.6	0.037809
180	-1.5	0.035717
180	-1.4	0.032503
180	-1.3	0.029611
180	-1.2	0.029846
180	-1.1	0.034477
180	-1	0.040114
180	-0.9	0.047909
180	-0.8	0.057973
180	-0.7	0.062672
180	-0.6	0.06412
180	-0.5	0.061486
180	-0.4	0.054893
180	-0.3	0.045644
180	-0.2	0.035217
180	-0.1	0.025268
180	0	0.019247
180	0.1	0.014545
180	0.2	0.013648
180	0.3	0.014777
180	0.4	0.015952
180	0.5	0.022347
180	0.6	0.025157
180	0.7	0.037475
180	0.8	0.043213
180	0.9	0.048877
180	1	0.052175
180	1.1	0.054067
180	1.2	0.053119
180	1.3	0.050699
180	1.4	0.046454
180	1.5	0.042756
180	1.6	0.039805
180	1.7	0.037974
180	1.8	0.036155
180	1.9	0.034735
180	2	0.033349
180	2.1	0.03201
180	2.2	0.030668
180	2.3	0.030098
180	2.4	0.029832
180	2.5	0.029258
180	2.6	0.0277
180	2.7	0.025816
180	2.8	0.022687
180	2.9	0.020883
180	3	0.019511
180	3.1	0.017995
180	3.2	0.016199
180	3.3	0.015413
180	3.4	0.013972
180	3.5	0.011999
180	3.6	0.0094485
180	3.7	0.0091514
180	3.8	0.0099094
180	3.9	0.010685
180	4	0.010987
 
Uniformity Ratio =0.65765
