05-Jan-2018
10:15
TXR  008008 RM428 R24
33511B Function Generator
SN =Agilent Technologies,33511B,MY52301476,3.05-1.19-2.00-52-00
freq =+9.260000000000000E+06
burstmode =TRIG
burstN =+6.000000000000000E+01
voltage =+1.5000000000000E-01
 
DSO-X 2022A Oscilloscope
SN =AGILENT TECHNOLOGIES,DSO-X 2022A,MY54310921,02.41.2015102200
probe =+1.0000000E+00
scale =+500.0E-09
position =+19.900000E-06
range =+1.60E+00
units =VOLT
points =+2000
pointmode =NORM
format =BYTE
acqtype =NORM
trigsource =EXT
coupling =AC
 
-180	-4	0.011051
-180	-3.9	0.010838
-180	-3.8	0.0098341
-180	-3.7	0.0091954
-180	-3.6	0.0087616
-180	-3.5	0.010751
-180	-3.4	0.013161
-180	-3.3	0.014339
-180	-3.2	0.016754
-180	-3.1	0.016857
-180	-3	0.01642
-180	-2.9	0.015259
-180	-2.8	0.015532
-180	-2.7	0.018162
-180	-2.6	0.021127
-180	-2.5	0.023753
-180	-2.4	0.025876
-180	-2.3	0.025982
-180	-2.2	0.025837
-180	-2.1	0.026839
-180	-2	0.029273
-180	-1.9	0.032717
-180	-1.8	0.036396
-180	-1.7	0.038646
-180	-1.6	0.038302
-180	-1.5	0.037027
-180	-1.4	0.035057
-180	-1.3	0.033701
-180	-1.2	0.036013
-180	-1.1	0.042855
-180	-1	0.045536
-180	-0.9	0.053889
-180	-0.8	0.057798
-180	-0.7	0.058542
-180	-0.6	0.054302
-180	-0.5	0.048348
-180	-0.4	0.044454
-180	-0.3	0.033642
-180	-0.2	0.024879
-180	-0.1	0.017667
-180	0	0.016688
-180	0.1	0.01499
-180	0.2	0.015893
-180	0.3	0.018607
-180	0.4	0.024649
-180	0.5	0.028809
-180	0.6	0.034854
-180	0.7	0.037856
-180	0.8	0.04081
-180	0.9	0.042139
-180	1	0.042203
-180	1.1	0.041797
-180	1.2	0.041892
-180	1.3	0.04215
-180	1.4	0.042329
-180	1.5	0.041745
-180	1.6	0.04105
-180	1.7	0.038165
-180	1.8	0.035831
-180	1.9	0.03383
-180	2	0.032645
-180	2.1	0.032522
-180	2.2	0.032792
-180	2.3	0.032069
-180	2.4	0.029808
-180	2.5	0.027004
-180	2.6	0.024398
-180	2.7	0.022202
-180	2.8	0.018771
-180	2.9	0.018039
-180	3	0.016608
-180	3.1	0.016062
-180	3.2	0.014535
-180	3.3	0.013316
-180	3.4	0.0111
-180	3.5	0.010526
-180	3.6	0.010351
-180	3.7	0.0099647
-180	3.8	0.0094263
-180	3.9	0.0097945
-180	4	0.0083865
-170	-4	0.0099094
-170	-3.9	0.011282
-170	-3.8	0.01153
-170	-3.7	0.010424
-170	-3.6	0.0093867
-170	-3.5	0.0098308
-170	-3.4	0.011517
-170	-3.3	0.014061
-170	-3.2	0.015272
-170	-3.1	0.016007
-170	-3	0.015222
-170	-2.9	0.01366
-170	-2.8	0.013303
-170	-2.7	0.015762
-170	-2.6	0.020075
-170	-2.5	0.023936
-170	-2.4	0.02621
-170	-2.3	0.026465
-170	-2.2	0.025399
-170	-2.1	0.025767
-170	-2	0.028142
-170	-1.9	0.031392
-170	-1.8	0.036609
-170	-1.7	0.03893
-170	-1.6	0.039931
-170	-1.5	0.037782
-170	-1.4	0.033136
-170	-1.3	0.030806
-170	-1.2	0.031375
-170	-1.1	0.036083
-170	-1	0.044814
-170	-0.9	0.0489
-170	-0.8	0.052584
-170	-0.7	0.054348
-170	-0.6	0.0504
-170	-0.5	0.041708
-170	-0.4	0.033946
-170	-0.3	0.02503
-170	-0.2	0.019165
-170	-0.1	0.012447
-170	0	0.011122
-170	0.1	0.011385
-170	0.2	0.014799
-170	0.3	0.018331
-170	0.4	0.024659
-170	0.5	0.030148
-170	0.6	0.03273
-170	0.7	0.039446
-170	0.8	0.041737
-170	0.9	0.042369
-170	1	0.042141
-170	1.1	0.040708
-170	1.2	0.039688
-170	1.3	0.036872
-170	1.4	0.034257
-170	1.5	0.031619
-170	1.6	0.029281
-170	1.7	0.028656
-170	1.8	0.028247
-170	1.9	0.027634
-170	2	0.02735
-170	2.1	0.026963
-170	2.2	0.025834
-170	2.3	0.023453
-170	2.4	0.021948
-170	2.5	0.019263
-170	2.6	0.016342
-170	2.7	0.015123
-170	2.8	0.013756
-170	2.9	0.013025
-170	3	0.012084
-170	3.1	0.010426
-170	3.2	0.0091708
-170	3.3	0.0079614
-170	3.4	0.0082211
-170	3.5	0.0087745
-170	3.6	0.0085883
-170	3.7	0.0086034
-170	3.8	0.0082837
-170	3.9	0.0077474
-170	4	0.0071824
-160	-4	0.010694
-160	-3.9	0.011732
-160	-3.8	0.011398
-160	-3.7	0.011233
-160	-3.6	0.010753
-160	-3.5	0.01165
-160	-3.4	0.012389
-160	-3.3	0.013242
-160	-3.2	0.013894
-160	-3.1	0.01333
-160	-3	0.012199
-160	-2.9	0.011533
-160	-2.8	0.012879
-160	-2.7	0.015027
-160	-2.6	0.02041
-160	-2.5	0.021858
-160	-2.4	0.023125
-160	-2.3	0.022412
-160	-2.2	0.022292
-160	-2.1	0.024288
-160	-2	0.028204
-160	-1.9	0.034058
-160	-1.8	0.036823
-160	-1.7	0.038226
-160	-1.6	0.037207
-160	-1.5	0.034942
-160	-1.4	0.028987
-160	-1.3	0.027684
-160	-1.2	0.028631
-160	-1.1	0.031897
-160	-1	0.037656
-160	-0.9	0.042216
-160	-0.8	0.046349
-160	-0.7	0.046236
-160	-0.6	0.042154
-160	-0.5	0.034955
-160	-0.4	0.029476
-160	-0.3	0.023424
-160	-0.2	0.016812
-160	-0.1	0.014136
-160	0	0.012845
-160	0.1	0.013436
-160	0.2	0.014434
-160	0.3	0.019203
-160	0.4	0.024525
-160	0.5	0.029283
-160	0.6	0.033241
-160	0.7	0.035231
-160	0.8	0.037192
-160	0.9	0.037157
-160	1	0.035419
-160	1.1	0.03348
-160	1.2	0.029838
-160	1.3	0.028437
-160	1.4	0.026577
-160	1.5	0.023546
-160	1.6	0.022687
-160	1.7	0.021966
-160	1.8	0.022197
-160	1.9	0.022481
-160	2	0.022374
-160	2.1	0.022548
-160	2.2	0.022055
-160	2.3	0.019913
-160	2.4	0.0178
-160	2.5	0.015843
-160	2.6	0.014343
-160	2.7	0.012894
-160	2.8	0.011778
-160	2.9	0.010124
-160	3	0.0090751
-160	3.1	0.0086726
-160	3.2	0.0069746
-160	3.3	0.006336
-160	3.4	0.007135
-160	3.5	0.0074518
-160	3.6	0.0072048
-160	3.7	0.0071756
-160	3.8	0.0062097
-160	3.9	0.0060729
-160	4	0.0057727
-150	-4	0.009295
-150	-3.9	0.010976
-150	-3.8	0.011484
-150	-3.7	0.01141
-150	-3.6	0.0096231
-150	-3.5	0.0086409
-150	-3.4	0.0078942
-150	-3.3	0.0090591
-150	-3.2	0.010688
-150	-3.1	0.01207
-150	-3	0.011982
-150	-2.9	0.010238
-150	-2.8	0.010042
-150	-2.7	0.011383
-150	-2.6	0.013743
-150	-2.5	0.015915
-150	-2.4	0.018879
-150	-2.3	0.019788
-150	-2.2	0.022013
-150	-2.1	0.025341
-150	-2	0.028008
-150	-1.9	0.032119
-150	-1.8	0.034467
-150	-1.7	0.035269
-150	-1.6	0.034235
-150	-1.5	0.031403
-150	-1.4	0.026369
-150	-1.3	0.023228
-150	-1.2	0.023717
-150	-1.1	0.027989
-150	-1	0.035008
-150	-0.9	0.03888
-150	-0.8	0.040581
-150	-0.7	0.038774
-150	-0.6	0.035766
-150	-0.5	0.029946
-150	-0.4	0.02185
-150	-0.3	0.016307
-150	-0.2	0.012789
-150	-0.1	0.010839
-150	0	0.010983
-150	0.1	0.012883
-150	0.2	0.01597
-150	0.3	0.019753
-150	0.4	0.023896
-150	0.5	0.02942
-150	0.6	0.031715
-150	0.7	0.033878
-150	0.8	0.033434
-150	0.9	0.030488
-150	1	0.028083
-150	1.1	0.025418
-150	1.2	0.023734
-150	1.3	0.021951
-150	1.4	0.019486
-150	1.5	0.018704
-150	1.6	0.017678
-150	1.7	0.017026
-150	1.8	0.016244
-150	1.9	0.016077
-150	2	0.01615
-150	2.1	0.015889
-150	2.2	0.015034
-150	2.3	0.013441
-150	2.4	0.011734
-150	2.5	0.0095675
-150	2.6	0.0089964
-150	2.7	0.0082211
-150	2.8	0.0072451
-150	2.9	0.0074018
-150	3	0.0068837
-150	3.1	0.0063258
-150	3.2	0.0055704
-150	3.3	0.0049758
-150	3.4	0.0049985
-150	3.5	0.005192
-150	3.6	0.0056051
-150	3.7	0.0057783
-150	3.8	0.0062045
-150	3.9	0.0057811
-150	4	0.0051827
-140	-4	0.010591
-140	-3.9	0.010659
-140	-3.8	0.0097515
-140	-3.7	0.0096984
-140	-3.6	0.010323
-140	-3.5	0.01099
-140	-3.4	0.01161
-140	-3.3	0.011642
-140	-3.2	0.010964
-140	-3.1	0.0098488
-140	-3	0.0082132
-140	-2.9	0.0085639
-140	-2.8	0.010311
-140	-2.7	0.012966
-140	-2.6	0.015994
-140	-2.5	0.016463
-140	-2.4	0.017075
-140	-2.3	0.02008
-140	-2.2	0.023695
-140	-2.1	0.029319
-140	-2	0.034592
-140	-1.9	0.036402
-140	-1.8	0.036716
-140	-1.7	0.033661
-140	-1.6	0.029973
-140	-1.5	0.024338
-140	-1.4	0.020777
-140	-1.3	0.0185
-140	-1.2	0.021144
-140	-1.1	0.026551
-140	-1	0.030382
-140	-0.9	0.033313
-140	-0.8	0.033754
-140	-0.7	0.031359
-140	-0.6	0.028163
-140	-0.5	0.024667
-140	-0.4	0.020677
-140	-0.3	0.017762
-140	-0.2	0.015947
-140	-0.1	0.015067
-140	0	0.01636
-140	0.1	0.016741
-140	0.2	0.018192
-140	0.3	0.020751
-140	0.4	0.023778
-140	0.5	0.025007
-140	0.6	0.025941
-140	0.7	0.026394
-140	0.8	0.025668
-140	0.9	0.024328
-140	1	0.021902
-140	1.1	0.020529
-140	1.2	0.018275
-140	1.3	0.017224
-140	1.4	0.013946
-140	1.5	0.012457
-140	1.6	0.011636
-140	1.7	0.012037
-140	1.8	0.013419
-140	1.9	0.014136
-140	2	0.014554
-140	2.1	0.014736
-140	2.2	0.013699
-140	2.3	0.011601
-140	2.4	0.010386
-140	2.5	0.0088643
-140	2.6	0.0085298
-140	2.7	0.0080181
-140	2.8	0.0074127
-140	2.9	0.0072004
-140	3	0.005834
-140	3.1	0.005034
-140	3.2	0.0063309
-140	3.3	0.0061074
-140	3.4	0.0065467
-140	3.5	0.0063334
-140	3.6	0.0064372
-140	3.7	0.0061153
-140	3.8	0.0052323
-140	3.9	0.0057334
-140	4	0.0060489
-130	-4	0.01067
-130	-3.9	0.010378
-130	-3.8	0.0083865
-130	-3.7	0.0078242
-130	-3.6	0.0081698
-130	-3.5	0.0094314
-130	-3.4	0.011657
-130	-3.3	0.012124
-130	-3.2	0.011282
-130	-3.1	0.010205
-130	-3	0.0070438
-130	-2.9	0.0061285
-130	-2.8	0.0079126
-130	-2.7	0.010677
-130	-2.6	0.0127
-130	-2.5	0.01465
-130	-2.4	0.014957
-130	-2.3	0.01727
-130	-2.2	0.021174
-130	-2.1	0.025435
-130	-2	0.032751
-130	-1.9	0.036478
-130	-1.8	0.038224
-130	-1.7	0.035881
-130	-1.6	0.030913
-130	-1.5	0.026494
-130	-1.4	0.018263
-130	-1.3	0.014478
-130	-1.2	0.016701
-130	-1.1	0.022679
-130	-1	0.029136
-130	-0.9	0.031907
-130	-0.8	0.032678
-130	-0.7	0.030756
-130	-0.6	0.027025
-130	-0.5	0.02368
-130	-0.4	0.019027
-130	-0.3	0.016238
-130	-0.2	0.015371
-130	-0.1	0.015406
-130	0	0.017369
-130	0.1	0.019906
-130	0.2	0.023159
-130	0.3	0.024652
-130	0.4	0.027473
-130	0.5	0.028469
-130	0.6	0.028072
-130	0.7	0.027377
-130	0.8	0.024563
-130	0.9	0.022641
-130	1	0.018605
-130	1.1	0.016894
-130	1.2	0.014812
-130	1.3	0.01278
-130	1.4	0.011332
-130	1.5	0.0097797
-130	1.6	0.0089766
-130	1.7	0.0091337
-130	1.8	0.0094673
-130	1.9	0.010535
-130	2	0.011832
-130	2.1	0.01278
-130	2.2	0.012881
-130	2.3	0.012017
-130	2.4	0.011242
-130	2.5	0.010686
-130	2.6	0.0092602
-130	2.7	0.0083188
-130	2.8	0.0078982
-130	2.9	0.0074345
-130	3	0.0067389
-130	3.1	0.0072116
-130	3.2	0.0058589
-130	3.3	0.0050564
-130	3.4	0.0055907
-130	3.5	0.0055296
-130	3.6	0.0054856
-130	3.7	0.0057221
-130	3.8	0.0059682
-130	3.9	0.0062357
-130	4	0.0062383
-120	-4	0.012719
-120	-3.9	0.01243
-120	-3.8	0.011519
-120	-3.7	0.010227
-120	-3.6	0.010811
-120	-3.5	0.012436
-120	-3.4	0.014621
-120	-3.3	0.015258
-120	-3.2	0.014922
-120	-3.1	0.012456
-120	-3	0.010071
-120	-2.9	0.0067748
-120	-2.8	0.00703
-120	-2.7	0.010298
-120	-2.6	0.013345
-120	-2.5	0.014019
-120	-2.4	0.015424
-120	-2.3	0.018646
-120	-2.2	0.02381
-120	-2.1	0.030162
-120	-2	0.036195
-120	-1.9	0.039595
-120	-1.8	0.040868
-120	-1.7	0.038608
-120	-1.6	0.031829
-120	-1.5	0.027549
-120	-1.4	0.018355
-120	-1.3	0.012795
-120	-1.2	0.014906
-120	-1.1	0.020787
-120	-1	0.026121
-120	-0.9	0.030291
-120	-0.8	0.031951
-120	-0.7	0.03139
-120	-0.6	0.02779
-120	-0.5	0.024879
-120	-0.4	0.023472
-120	-0.3	0.021948
-120	-0.2	0.021703
-120	-0.1	0.022367
-120	0	0.022884
-120	0.1	0.023119
-120	0.2	0.023036
-120	0.3	0.023643
-120	0.4	0.024482
-120	0.5	0.025462
-120	0.6	0.026227
-120	0.7	0.026905
-120	0.8	0.025634
-120	0.9	0.023913
-120	1	0.021258
-120	1.1	0.02015
-120	1.2	0.017905
-120	1.3	0.015149
-120	1.4	0.013145
-120	1.5	0.01212
-120	1.6	0.011513
-120	1.7	0.011495
-120	1.8	0.01198
-120	1.9	0.012269
-120	2	0.01339
-120	2.1	0.013867
-120	2.2	0.013869
-120	2.3	0.013316
-120	2.4	0.01225
-120	2.5	0.011026
-120	2.6	0.0094878
-120	2.7	0.007933
-120	2.8	0.0065418
-120	2.9	0.0057023
-120	3	0.0056166
-120	3.1	0.005809
-120	3.2	0.0053363
-120	3.3	0.0048475
-120	3.4	0.0055907
-120	3.5	0.0053363
-120	3.6	0.0054679
-120	3.7	0.0054353
-120	3.8	0.0057249
-120	3.9	0.006277
-120	4	0.0063944
-110	-4	0.013924
-110	-3.9	0.013772
-110	-3.8	0.013621
-110	-3.7	0.012686
-110	-3.6	0.011982
-110	-3.5	0.012504
-110	-3.4	0.01348
-110	-3.3	0.014428
-110	-3.2	0.014341
-110	-3.1	0.013289
-110	-3	0.011119
-110	-2.9	0.0085412
-110	-2.8	0.0076106
-110	-2.7	0.0086838
-110	-2.6	0.011123
-110	-2.5	0.014002
-110	-2.4	0.01681
-110	-2.3	0.021079
-110	-2.2	0.026146
-110	-2.1	0.032182
-110	-2	0.03753
-110	-1.9	0.040603
-110	-1.8	0.041498
-110	-1.7	0.038606
-110	-1.6	0.033094
-110	-1.5	0.026182
-110	-1.4	0.021439
-110	-1.3	0.012979
-110	-1.2	0.012902
-110	-1.1	0.017148
-110	-1	0.022249
-110	-0.9	0.026929
-110	-0.8	0.029872
-110	-0.7	0.029732
-110	-0.6	0.029159
-110	-0.5	0.02879
-110	-0.4	0.027575
-110	-0.3	0.026968
-110	-0.2	0.026748
-110	-0.1	0.026371
-110	0	0.025878
-110	0.1	0.025107
-110	0.2	0.02432
-110	0.3	0.024396
-110	0.4	0.024949
-110	0.5	0.025514
-110	0.6	0.026392
-110	0.7	0.02652
-110	0.8	0.025958
-110	0.9	0.024477
-110	1	0.021789
-110	1.1	0.019495
-110	1.2	0.017499
-110	1.3	0.01428
-110	1.4	0.012447
-110	1.5	0.011999
-110	1.6	0.012293
-110	1.7	0.013075
-110	1.8	0.013727
-110	1.9	0.014167
-110	2	0.014755
-110	2.1	0.015097
-110	2.2	0.014525
-110	2.3	0.014092
-110	2.4	0.013095
-110	2.5	0.012215
-110	2.6	0.011294
-110	2.7	0.010512
-110	2.8	0.0088351
-110	2.9	0.0079126
-110	3	0.0074475
-110	3.1	0.0062641
-110	3.2	0.0062693
-110	3.3	0.0064922
-110	3.4	0.0069118
-110	3.5	0.0057783
-110	3.6	0.0058368
-110	3.7	0.0060489
-110	3.8	0.0056995
-110	3.9	0.0065145
-110	4	0.0062744
-100	-4	0.012978
-100	-3.9	0.013467
-100	-3.8	0.013442
-100	-3.7	0.01355
-100	-3.6	0.013963
-100	-3.5	0.014392
-100	-3.4	0.014341
-100	-3.3	0.013726
-100	-3.2	0.012822
-100	-3.1	0.010915
-100	-3	0.0091248
-100	-2.9	0.0075252
-100	-2.8	0.0087098
-100	-2.7	0.010026
-100	-2.6	0.011496
-100	-2.5	0.012819
-100	-2.4	0.015198
-100	-2.3	0.021824
-100	-2.2	0.028283
-100	-2.1	0.033225
-100	-2	0.03995
-100	-1.9	0.042438
-100	-1.8	0.042169
-100	-1.7	0.038304
-100	-1.6	0.032968
-100	-1.5	0.02776
-100	-1.4	0.019472
-100	-1.3	0.0111
-100	-1.2	0.013814
-100	-1.1	0.020935
-100	-1	0.025946
-100	-0.9	0.028977
-100	-0.8	0.032166
-100	-0.7	0.032282
-100	-0.6	0.030861
-100	-0.5	0.030254
-100	-0.4	0.029634
-100	-0.3	0.028726
-100	-0.2	0.026758
-100	-0.1	0.026189
-100	0	0.024577
-100	0.1	0.023536
-100	0.2	0.023145
-100	0.3	0.023681
-100	0.4	0.025545
-100	0.5	0.026888
-100	0.6	0.027053
-100	0.7	0.027305
-100	0.8	0.026665
-100	0.9	0.024946
-100	1	0.023422
-100	1.1	0.021231
-100	1.2	0.019899
-100	1.3	0.01726
-100	1.4	0.014978
-100	1.5	0.013622
-100	1.6	0.013815
-100	1.7	0.014848
-100	1.8	0.016035
-100	1.9	0.016769
-100	2	0.017205
-100	2.1	0.017248
-100	2.2	0.016272
-100	2.3	0.014128
-100	2.4	0.013317
-100	2.5	0.012344
-100	2.6	0.01103
-100	2.7	0.0099938
-100	2.8	0.0096147
-100	2.9	0.0091866
-100	3	0.0088113
-100	3.1	0.0076804
-100	3.2	0.0065714
-100	3.3	0.0068176
-100	3.4	0.0067748
-100	3.5	0.0069977
-100	3.6	0.0073996
-100	3.7	0.0070162
-100	3.8	0.0072851
-100	3.9	0.0060489
-100	4	0.0064547
-90	-4	0.013477
-90	-3.9	0.013798
-90	-3.8	0.014449
-90	-3.7	0.014508
-90	-3.6	0.014893
-90	-3.5	0.015046
-90	-3.4	0.015029
-90	-3.3	0.014192
-90	-3.2	0.012667
-90	-3.1	0.010701
-90	-3	0.0083807
-90	-2.9	0.0086502
-90	-2.8	0.010448
-90	-2.7	0.011823
-90	-2.6	0.01356
-90	-2.5	0.014434
-90	-2.4	0.018371
-90	-2.3	0.020881
-90	-2.2	0.028266
-90	-2.1	0.035857
-90	-2	0.042018
-90	-1.9	0.044839
-90	-1.8	0.044527
-90	-1.7	0.039937
-90	-1.6	0.034214
-90	-1.5	0.026431
-90	-1.4	0.021493
-90	-1.3	0.014994
-90	-1.2	0.016427
-90	-1.1	0.021183
-90	-1	0.027286
-90	-0.9	0.031794
-90	-0.8	0.034374
-90	-0.7	0.033989
-90	-0.6	0.032718
-90	-0.5	0.031639
-90	-0.4	0.030174
-90	-0.3	0.029201
-90	-0.2	0.027597
-90	-0.1	0.027043
-90	0	0.025967
-90	0.1	0.025909
-90	0.2	0.025438
-90	0.3	0.025898
-90	0.4	0.026963
-90	0.5	0.027633
-90	0.6	0.027982
-90	0.7	0.027697
-90	0.8	0.026777
-90	0.9	0.0251
-90	1	0.022806
-90	1.1	0.021424
-90	1.2	0.019096
-90	1.3	0.017645
-90	1.4	0.017326
-90	1.5	0.016623
-90	1.6	0.017052
-90	1.7	0.017565
-90	1.8	0.017742
-90	1.9	0.017944
-90	2	0.018188
-90	2.1	0.017718
-90	2.2	0.016562
-90	2.3	0.015385
-90	2.4	0.014052
-90	2.5	0.013493
-90	2.6	0.012576
-90	2.7	0.01146
-90	2.8	0.010445
-90	2.9	0.0090448
-90	3	0.0077391
-90	3.1	0.0074149
-90	3.2	0.0075145
-90	3.3	0.008016
-90	3.4	0.00801
-90	3.5	0.0088479
-90	3.6	0.0087191
-90	3.7	0.0078839
-90	3.8	0.0064572
-90	3.9	0.0069931
-90	4	0.007085
-80	-4	0.013794
-80	-3.9	0.013338
-80	-3.8	0.012732
-80	-3.7	0.012902
-80	-3.6	0.013098
-80	-3.5	0.014905
-80	-3.4	0.016003
-80	-3.3	0.016444
-80	-3.2	0.013835
-80	-3.1	0.011966
-80	-3	0.0089279
-80	-2.9	0.0094622
-80	-2.8	0.011014
-80	-2.7	0.014176
-80	-2.6	0.015456
-80	-2.5	0.018165
-80	-2.4	0.020753
-80	-2.3	0.024325
-80	-2.2	0.031638
-80	-2.1	0.035668
-80	-2	0.041577
-80	-1.9	0.044307
-80	-1.8	0.044194
-80	-1.7	0.040033
-80	-1.6	0.034418
-80	-1.5	0.026389
-80	-1.4	0.020329
-80	-1.3	0.016576
-80	-1.2	0.022004
-80	-1.1	0.026363
-80	-1	0.030924
-80	-0.9	0.034347
-80	-0.8	0.034818
-80	-0.7	0.034011
-80	-0.6	0.031147
-80	-0.5	0.029391
-80	-0.4	0.028355
-80	-0.3	0.027409
-80	-0.2	0.02568
-80	-0.1	0.025217
-80	0	0.024665
-80	0.1	0.023904
-80	0.2	0.023984
-80	0.3	0.02572
-80	0.4	0.026796
-80	0.5	0.02757
-80	0.6	0.028091
-80	0.7	0.027724
-80	0.8	0.026727
-80	0.9	0.024798
-80	1	0.022907
-80	1.1	0.021038
-80	1.2	0.019222
-80	1.3	0.017286
-80	1.4	0.01617
-80	1.5	0.015848
-80	1.6	0.01625
-80	1.7	0.016589
-80	1.8	0.016938
-80	1.9	0.016983
-80	2	0.016666
-80	2.1	0.016096
-80	2.2	0.015033
-80	2.3	0.013834
-80	2.4	0.013367
-80	2.5	0.013172
-80	2.6	0.01285
-80	2.7	0.011065
-80	2.8	0.0091089
-80	2.9	0.0082896
-80	3	0.0072004
-80	3.1	0.0076656
-80	3.2	0.0079695
-80	3.3	0.0077766
-80	3.4	0.0082407
-80	3.5	0.0082466
-80	3.6	0.0082329
-80	3.7	0.0070552
-80	3.8	0.0069954
-80	3.9	0.007404
-80	4	0.0074018
-70	-4	0.014535
-70	-3.9	0.013812
-70	-3.8	0.012673
-70	-3.7	0.011942
-70	-3.6	0.014066
-70	-3.5	0.01614
-70	-3.4	0.017684
-70	-3.3	0.01858
-70	-3.2	0.016756
-70	-3.1	0.013949
-70	-3	0.011034
-70	-2.9	0.010595
-70	-2.8	0.014405
-70	-2.7	0.017048
-70	-2.6	0.019394
-70	-2.5	0.021901
-70	-2.4	0.023382
-70	-2.3	0.028675
-70	-2.2	0.034792
-70	-2.1	0.041204
-70	-2	0.044865
-70	-1.9	0.046096
-70	-1.8	0.045105
-70	-1.7	0.039233
-70	-1.6	0.033587
-70	-1.5	0.026944
-70	-1.4	0.022782
-70	-1.3	0.023424
-70	-1.2	0.026267
-70	-1.1	0.030151
-70	-1	0.03396
-70	-0.9	0.035021
-70	-0.8	0.034072
-70	-0.7	0.031478
-70	-0.6	0.028764
-70	-0.5	0.026931
-70	-0.4	0.025203
-70	-0.3	0.024725
-70	-0.2	0.023768
-70	-0.1	0.023609
-70	0	0.023971
-70	0.1	0.024052
-70	0.2	0.024912
-70	0.3	0.026757
-70	0.4	0.027615
-70	0.5	0.028053
-70	0.6	0.028444
-70	0.7	0.027961
-70	0.8	0.027117
-70	0.9	0.025741
-70	1	0.024906
-70	1.1	0.023295
-70	1.2	0.021396
-70	1.3	0.01978
-70	1.4	0.018393
-70	1.5	0.017366
-70	1.6	0.01782
-70	1.7	0.01866
-70	1.8	0.01901
-70	1.9	0.018883
-70	2	0.018135
-70	2.1	0.017832
-70	2.2	0.016342
-70	2.3	0.014294
-70	2.4	0.012937
-70	2.5	0.012483
-70	2.6	0.011526
-70	2.7	0.0094263
-70	2.8	0.0080402
-70	2.9	0.0073799
-70	3	0.0073712
-70	3.1	0.0074149
-70	3.2	0.0075702
-70	3.3	0.0081678
-70	3.4	0.0076593
-70	3.5	0.0069677
-70	3.6	0.0071055
-70	3.7	0.0065541
-70	3.8	0.0071531
-70	3.9	0.0069537
-70	4	0.0071711
-60	-4	0.012237
-60	-3.9	0.01152
-60	-3.8	0.010267
-60	-3.7	0.010172
-60	-3.6	0.011273
-60	-3.5	0.013294
-60	-3.4	0.014374
-60	-3.3	0.014823
-60	-3.2	0.013694
-60	-3.1	0.01103
-60	-3	0.009618
-60	-2.9	0.010992
-60	-2.8	0.015166
-60	-2.7	0.018054
-60	-2.6	0.020312
-60	-2.5	0.021628
-60	-2.4	0.022912
-60	-2.3	0.025398
-60	-2.2	0.029935
-60	-2.1	0.035356
-60	-2	0.040836
-60	-1.9	0.042886
-60	-1.8	0.042056
-60	-1.7	0.039015
-60	-1.6	0.032884
-60	-1.5	0.027548
-60	-1.4	0.024234
-60	-1.3	0.025094
-60	-1.2	0.030201
-60	-1.1	0.036224
-60	-1	0.03865
-60	-0.9	0.039609
-60	-0.8	0.037565
-60	-0.7	0.033452
-60	-0.6	0.028414
-60	-0.5	0.023578
-60	-0.4	0.019427
-60	-0.3	0.017377
-60	-0.2	0.016248
-60	-0.1	0.016596
-60	0	0.017732
-60	0.1	0.020155
-60	0.2	0.023072
-60	0.3	0.025343
-60	0.4	0.029284
-60	0.5	0.031451
-60	0.6	0.032241
-60	0.7	0.031442
-60	0.8	0.029602
-60	0.9	0.02735
-60	1	0.025575
-60	1.1	0.02388
-60	1.2	0.023157
-60	1.3	0.0213
-60	1.4	0.019525
-60	1.5	0.01778
-60	1.6	0.017671
-60	1.7	0.01796
-60	1.8	0.018518
-60	1.9	0.018692
-60	2	0.018543
-60	2.1	0.017751
-60	2.2	0.016616
-60	2.3	0.012518
-60	2.4	0.012134
-60	2.5	0.010424
-60	2.6	0.0098751
-60	2.7	0.0096164
-60	2.8	0.0090537
-60	2.9	0.0091514
-60	3	0.0088862
-60	3.1	0.0083653
-60	3.2	0.0070713
-60	3.3	0.0074105
-60	3.4	0.0081202
-60	3.5	0.0076993
-60	3.6	0.0079999
-60	3.7	0.0073996
-60	3.8	0.0069024
-60	3.9	0.0065368
-60	4	0.0061417
-50	-4	0.011155
-50	-3.9	0.010616
-50	-3.8	0.010961
-50	-3.7	0.012917
-50	-3.6	0.015233
-50	-3.5	0.015879
-50	-3.4	0.015675
-50	-3.3	0.013839
-50	-3.2	0.011687
-50	-3.1	0.011675
-50	-3	0.013107
-50	-2.9	0.016253
-50	-2.8	0.018876
-50	-2.7	0.021642
-50	-2.6	0.022527
-50	-2.5	0.022727
-50	-2.4	0.024975
-50	-2.3	0.028235
-50	-2.2	0.032552
-50	-2.1	0.037724
-50	-2	0.042061
-50	-1.9	0.042673
-50	-1.8	0.040948
-50	-1.7	0.037035
-50	-1.6	0.032649
-50	-1.5	0.029853
-50	-1.4	0.029957
-50	-1.3	0.032454
-50	-1.2	0.036072
-50	-1.1	0.039953
-50	-1	0.040727
-50	-0.9	0.040049
-50	-0.8	0.035669
-50	-0.7	0.032212
-50	-0.6	0.028533
-50	-0.5	0.021832
-50	-0.4	0.017481
-50	-0.3	0.015752
-50	-0.2	0.014332
-50	-0.1	0.014946
-50	0	0.016506
-50	0.1	0.018765
-50	0.2	0.021288
-50	0.3	0.025087
-50	0.4	0.027027
-50	0.5	0.029091
-50	0.6	0.030692
-50	0.7	0.031546
-50	0.8	0.031383
-50	0.9	0.030612
-50	1	0.029076
-50	1.1	0.027303
-50	1.2	0.025591
-50	1.3	0.023346
-50	1.4	0.020928
-50	1.5	0.020575
-50	1.6	0.020226
-50	1.7	0.020439
-50	1.8	0.020305
-50	1.9	0.01986
-50	2	0.019086
-50	2.1	0.01799
-50	2.2	0.016201
-50	2.3	0.014192
-50	2.4	0.012742
-50	2.5	0.012308
-50	2.6	0.012753
-50	2.7	0.012361
-50	2.8	0.01206
-50	2.9	0.0094383
-50	3	0.0089333
-50	3.1	0.0082132
-50	3.2	0.007886
-50	3.3	0.0078531
-50	3.4	0.0079817
-50	3.5	0.0078675
-50	3.6	0.0076509
-50	3.7	0.0071508
-50	3.8	0.0068223
-50	3.9	0.0071168
-50	4	0.0081142
-40	-4	0.011383
-40	-3.9	0.010792
-40	-3.8	0.010633
-40	-3.7	0.010683
-40	-3.6	0.013017
-40	-3.5	0.014555
-40	-3.4	0.015638
-40	-3.3	0.016344
-40	-3.2	0.014924
-40	-3.1	0.013608
-40	-3	0.01437
-40	-2.9	0.017104
-40	-2.8	0.021437
-40	-2.7	0.023143
-40	-2.6	0.024825
-40	-2.5	0.025226
-40	-2.4	0.026088
-40	-2.3	0.029057
-40	-2.2	0.031734
-40	-2.1	0.036425
-40	-2	0.038048
-40	-1.9	0.040537
-40	-1.8	0.040738
-40	-1.7	0.037571
-40	-1.6	0.033975
-40	-1.5	0.031444
-40	-1.4	0.032743
-40	-1.3	0.037565
-40	-1.2	0.041615
-40	-1.1	0.046433
-40	-1	0.047285
-40	-0.9	0.044206
-40	-0.8	0.040362
-40	-0.7	0.033494
-40	-0.6	0.026048
-40	-0.5	0.020337
-40	-0.4	0.015938
-40	-0.3	0.012116
-40	-0.2	0.011024
-40	-0.1	0.011561
-40	0	0.015212
-40	0.1	0.018487
-40	0.2	0.023445
-40	0.3	0.028281
-40	0.4	0.030943
-40	0.5	0.035232
-40	0.6	0.036927
-40	0.7	0.037125
-40	0.8	0.036549
-40	0.9	0.034481
-40	1	0.031811
-40	1.1	0.030115
-40	1.2	0.029075
-40	1.3	0.02814
-40	1.4	0.026764
-40	1.5	0.025142
-40	1.6	0.024131
-40	1.7	0.021982
-40	1.8	0.020915
-40	1.9	0.019302
-40	2	0.018088
-40	2.1	0.017942
-40	2.2	0.01717
-40	2.3	0.016008
-40	2.4	0.014701
-40	2.5	0.0137
-40	2.6	0.012442
-40	2.7	0.011726
-40	2.8	0.010463
-40	2.9	0.010241
-40	3	0.0103
-40	3.1	0.010356
-40	3.2	0.0091213
-40	3.3	0.0090305
-40	3.4	0.0082701
-40	3.5	0.0079614
-40	3.6	0.0084307
-40	3.7	0.008227
-40	3.8	0.0084403
-40	3.9	0.0081282
-40	4	0.0080462
-30	-4	0.012163
-30	-3.9	0.010786
-30	-3.8	0.0091531
-30	-3.7	0.010141
-30	-3.6	0.011338
-30	-3.5	0.014076
-30	-3.4	0.015365
-30	-3.3	0.016273
-30	-3.2	0.015497
-30	-3.1	0.014385
-30	-3	0.015638
-30	-2.9	0.018516
-30	-2.8	0.021732
-30	-2.7	0.025482
-30	-2.6	0.027636
-30	-2.5	0.02777
-30	-2.4	0.027665
-30	-2.3	0.028948
-30	-2.2	0.031494
-30	-2.1	0.036382
-30	-2	0.039734
-30	-1.9	0.041037
-30	-1.8	0.039167
-30	-1.7	0.037716
-30	-1.6	0.03362
-30	-1.5	0.034205
-30	-1.4	0.035926
-30	-1.3	0.043684
-30	-1.2	0.047311
-30	-1.1	0.051155
-30	-1	0.052868
-30	-0.9	0.051563
-30	-0.8	0.046286
-30	-0.7	0.037336
-30	-0.6	0.031763
-30	-0.5	0.019139
-30	-0.4	0.014274
-30	-0.3	0.010278
-30	-0.2	0.010741
-30	-0.1	0.01232
-30	0	0.014396
-30	0.1	0.017524
-30	0.2	0.021359
-30	0.3	0.025299
-30	0.4	0.03143
-30	0.5	0.034749
-30	0.6	0.038309
-30	0.7	0.040632
-30	0.8	0.040644
-30	0.9	0.039688
-30	1	0.037805
-30	1.1	0.036553
-30	1.2	0.032868
-30	1.3	0.031722
-30	1.4	0.029972
-30	1.5	0.028962
-30	1.6	0.028323
-30	1.7	0.026505
-30	1.8	0.024469
-30	1.9	0.022777
-30	2	0.021168
-30	2.1	0.019524
-30	2.2	0.018787
-30	2.3	0.018456
-30	2.4	0.017474
-30	2.5	0.01619
-30	2.6	0.015506
-30	2.7	0.013161
-30	2.8	0.011051
-30	2.9	0.010008
-30	3	0.0093194
-30	3.1	0.0091936
-30	3.2	0.0095167
-30	3.3	0.0095726
-30	3.4	0.0091514
-30	3.5	0.0087671
-30	3.6	0.0083149
-30	3.7	0.0076699
-30	3.8	0.0077349
-30	3.9	0.0084154
-30	4	0.0076128
-20	-4	0.010869
-20	-3.9	0.010872
-20	-3.8	0.010609
-20	-3.7	0.01205
-20	-3.6	0.013477
-20	-3.5	0.015637
-20	-3.4	0.016585
-20	-3.3	0.016569
-20	-3.2	0.016432
-20	-3.1	0.016863
-20	-3	0.018569
-20	-2.9	0.02314
-20	-2.8	0.026522
-20	-2.7	0.029029
-20	-2.6	0.029484
-20	-2.5	0.02985
-20	-2.4	0.030034
-20	-2.3	0.030895
-20	-2.2	0.032986
-20	-2.1	0.03578
-20	-2	0.03875
-20	-1.9	0.040588
-20	-1.8	0.040901
-20	-1.7	0.039603
-20	-1.6	0.038488
-20	-1.5	0.03932
-20	-1.4	0.042185
-20	-1.3	0.047167
-20	-1.2	0.053927
-20	-1.1	0.056524
-20	-1	0.057545
-20	-0.9	0.054925
-20	-0.8	0.051165
-20	-0.7	0.039597
-20	-0.6	0.03165
-20	-0.5	0.025143
-20	-0.4	0.015982
-20	-0.3	0.013027
-20	-0.2	0.013969
-20	-0.1	0.014088
-20	0	0.015289
-20	0.1	0.016111
-20	0.2	0.019859
-20	0.3	0.025318
-20	0.4	0.030524
-20	0.5	0.034913
-20	0.6	0.040939
-20	0.7	0.043704
-20	0.8	0.045911
-20	0.9	0.045127
-20	1	0.042629
-20	1.1	0.040645
-20	1.2	0.037895
-20	1.3	0.035726
-20	1.4	0.032815
-20	1.5	0.031589
-20	1.6	0.030645
-20	1.7	0.029344
-20	1.8	0.028014
-20	1.9	0.026755
-20	2	0.024875
-20	2.1	0.023428
-20	2.2	0.021588
-20	2.3	0.019908
-20	2.4	0.019273
-20	2.5	0.018525
-20	2.6	0.017026
-20	2.7	0.014885
-20	2.8	0.012874
-20	2.9	0.011498
-20	3	0.010792
-20	3.1	0.010441
-20	3.2	0.01017
-20	3.3	0.0098143
-20	3.4	0.0095252
-20	3.5	0.0094554
-20	3.6	0.007933
-20	3.7	0.0078737
-20	3.8	0.0086053
-20	3.9	0.008469
-20	4	0.0086334
-10	-4	0.011547
-10	-3.9	0.0091177
-10	-3.8	0.0077349
-10	-3.7	0.009469
-10	-3.6	0.012944
-10	-3.5	0.015168
-10	-3.4	0.017906
-10	-3.3	0.018462
-10	-3.2	0.017853
-10	-3.1	0.015389
-10	-3	0.015197
-10	-2.9	0.018125
-10	-2.8	0.023547
-10	-2.7	0.028062
-10	-2.6	0.031389
-10	-2.5	0.032236
-10	-2.4	0.031252
-10	-2.3	0.030121
-10	-2.2	0.030525
-10	-2.1	0.033465
-10	-2	0.036687
-10	-1.9	0.039479
-10	-1.8	0.040427
-10	-1.7	0.038844
-10	-1.6	0.037188
-10	-1.5	0.037535
-10	-1.4	0.039917
-10	-1.3	0.046355
-10	-1.2	0.056049
-10	-1.1	0.061125
-10	-1	0.064698
-10	-0.9	0.063511
-10	-0.8	0.058464
-10	-0.7	0.049698
-10	-0.6	0.032533
-10	-0.5	0.025159
-10	-0.4	0.016715
-10	-0.3	0.01458
-10	-0.2	0.014246
-10	-0.1	0.015377
-10	0	0.016385
-10	0.1	0.019217
-10	0.2	0.023325
-10	0.3	0.030009
-10	0.4	0.035338
-10	0.5	0.040789
-10	0.6	0.04464
-10	0.7	0.046089
-10	0.8	0.046566
-10	0.9	0.046127
-10	1	0.04475
-10	1.1	0.043147
-10	1.2	0.042264
-10	1.3	0.040669
-10	1.4	0.038951
-10	1.5	0.035235
-10	1.6	0.033376
-10	1.7	0.03119
-10	1.8	0.029231
-10	1.9	0.028345
-10	2	0.027877
-10	2.1	0.02695
-10	2.2	0.024873
-10	2.3	0.023035
-10	2.4	0.020571
-10	2.5	0.019383
-10	2.6	0.018488
-10	2.7	0.017258
-10	2.8	0.016641
-10	2.9	0.015252
-10	3	0.01459
-10	3.1	0.013082
-10	3.2	0.012195
-10	3.3	0.011924
-10	3.4	0.011152
-10	3.5	0.0095421
-10	3.6	0.008769
-10	3.7	0.0077286
-10	3.8	0.0075123
-10	3.9	0.0071689
-10	4	0.0080643
0	-4	0.010491
0	-3.9	0.010151
0	-3.8	0.0091177
0	-3.7	0.009537
0	-3.6	0.012456
0	-3.5	0.016377
0	-3.4	0.018717
0	-3.3	0.020056
0	-3.2	0.020222
0	-3.1	0.018942
0	-3	0.018286
0	-2.9	0.019651
0	-2.8	0.024391
0	-2.7	0.02728
0	-2.6	0.030687
0	-2.5	0.032048
0	-2.4	0.032564
0	-2.3	0.032146
0	-2.2	0.032953
0	-2.1	0.033815
0	-2	0.035937
0	-1.9	0.037728
0	-1.8	0.038721
0	-1.7	0.039037
0	-1.6	0.038233
0	-1.5	0.038251
0	-1.4	0.043044
0	-1.3	0.049293
0	-1.2	0.057907
0	-1.1	0.061742
0	-1	0.068389
0	-0.9	0.068703
0	-0.8	0.064606
0	-0.7	0.057777
0	-0.6	0.046012
0	-0.5	0.035052
0	-0.4	0.024673
0	-0.3	0.018243
0	-0.2	0.01591
0	-0.1	0.01686
0	0	0.019002
0	0.1	0.022044
0	0.2	0.024854
0	0.3	0.029012
0	0.4	0.034997
0	0.5	0.039379
0	0.6	0.044646
0	0.7	0.0467
0	0.8	0.049058
0	0.9	0.049177
0	1	0.0491
0	1.1	0.048665
0	1.2	0.047513
0	1.3	0.046442
0	1.4	0.043148
0	1.5	0.039186
0	1.6	0.035407
0	1.7	0.032562
0	1.8	0.030273
0	1.9	0.028928
0	2	0.028112
0	2.1	0.02767
0	2.2	0.02678
0	2.3	0.025185
0	2.4	0.023049
0	2.5	0.018723
0	2.6	0.017688
0	2.7	0.016465
0	2.8	0.016131
0	2.9	0.015253
0	3	0.014739
0	3.1	0.013668
0	3.2	0.0118
0	3.3	0.0096281
0	3.4	0.0087561
0	3.5	0.0085506
0	3.6	0.008545
0	3.7	0.0086652
0	3.8	0.008594
0	3.9	0.008609
0	4	0.0083769
10	-4	0.012016
10	-3.9	0.012988
10	-3.8	0.013356
10	-3.7	0.013175
10	-3.6	0.013095
10	-3.5	0.014689
10	-3.4	0.016334
10	-3.3	0.01882
10	-3.2	0.020646
10	-3.1	0.022972
10	-3	0.02336
10	-2.9	0.024667
10	-2.8	0.026004
10	-2.7	0.029041
10	-2.6	0.031673
10	-2.5	0.034453
10	-2.4	0.035762
10	-2.3	0.03647
10	-2.2	0.035884
10	-2.1	0.034829
10	-2	0.034745
10	-1.9	0.035198
10	-1.8	0.035865
10	-1.7	0.035696
10	-1.6	0.035911
10	-1.5	0.036045
10	-1.4	0.038548
10	-1.3	0.04312
10	-1.2	0.051906
10	-1.1	0.05501
10	-1	0.063027
10	-0.9	0.066126
10	-0.8	0.065827
10	-0.7	0.061327
10	-0.6	0.053393
10	-0.5	0.045752
10	-0.4	0.035133
10	-0.3	0.025461
10	-0.2	0.016318
10	-0.1	0.015263
10	0	0.017459
10	0.1	0.02184
10	0.2	0.024982
10	0.3	0.02772
10	0.4	0.033504
10	0.5	0.038157
10	0.6	0.043871
10	0.7	0.048121
10	0.8	0.052741
10	0.9	0.054359
10	1	0.055326
10	1.1	0.0544
10	1.2	0.052306
10	1.3	0.05036
10	1.4	0.047738
10	1.5	0.04428
10	1.6	0.041125
10	1.7	0.039349
10	1.8	0.035813
10	1.9	0.034803
10	2	0.032613
10	2.1	0.029718
10	2.2	0.027717
10	2.3	0.025768
10	2.4	0.023024
10	2.5	0.020371
10	2.6	0.019312
10	2.7	0.018004
10	2.8	0.017005
10	2.9	0.015228
10	3	0.014006
10	3.1	0.012451
10	3.2	0.011132
10	3.3	0.0093557
10	3.4	0.0091337
10	3.5	0.0091531
10	3.6	0.0088424
10	3.7	0.0083595
10	3.8	0.0080943
10	3.9	0.0069839
10	4	0.0066277
20	-4	0.011204
20	-3.9	0.011447
20	-3.8	0.011426
20	-3.7	0.01104
20	-3.6	0.011793
20	-3.5	0.01355
20	-3.4	0.015936
20	-3.3	0.018148
20	-3.2	0.019449
20	-3.1	0.02024
20	-3	0.02064
20	-2.9	0.02214
20	-2.8	0.023863
20	-2.7	0.027802
20	-2.6	0.032474
20	-2.5	0.037135
20	-2.4	0.038065
20	-2.3	0.037509
20	-2.2	0.034866
20	-2.1	0.034164
20	-2	0.034447
20	-1.9	0.036573
20	-1.8	0.037637
20	-1.7	0.038098
20	-1.6	0.037619
20	-1.5	0.036536
20	-1.4	0.036614
20	-1.3	0.040728
20	-1.2	0.047621
20	-1.1	0.058613
20	-1	0.066561
20	-0.9	0.069915
20	-0.8	0.07095
20	-0.7	0.066054
20	-0.6	0.061224
20	-0.5	0.048497
20	-0.4	0.0359
20	-0.3	0.029471
20	-0.2	0.021432
20	-0.1	0.01624
20	0	0.017987
20	0.1	0.02023
20	0.2	0.022716
20	0.3	0.026012
20	0.4	0.031369
20	0.5	0.036208
20	0.6	0.040487
20	0.7	0.046159
20	0.8	0.049568
20	0.9	0.050213
20	1	0.050865
20	1.1	0.050582
20	1.2	0.049031
20	1.3	0.047423
20	1.4	0.046293
20	1.5	0.044382
20	1.6	0.040973
20	1.7	0.038114
20	1.8	0.034468
20	1.9	0.032421
20	2	0.030565
20	2.1	0.029391
20	2.2	0.02808
20	2.3	0.026367
20	2.4	0.025084
20	2.5	0.022472
20	2.6	0.020417
20	2.7	0.019233
20	2.8	0.018404
20	2.9	0.01845
20	3	0.018253
20	3.1	0.016958
20	3.2	0.014421
20	3.3	0.013659
20	3.4	0.010606
20	3.5	0.010146
20	3.6	0.010384
20	3.7	0.011249
20	3.8	0.011276
20	3.9	0.011223
20	4	0.011043
30	-4	0.011202
30	-3.9	0.010748
30	-3.8	0.010082
30	-3.7	0.010281
30	-3.6	0.010979
30	-3.5	0.013856
30	-3.4	0.016538
30	-3.3	0.018568
30	-3.2	0.019573
30	-3.1	0.018843
30	-3	0.018669
30	-2.9	0.020805
30	-2.8	0.023845
30	-2.7	0.027045
30	-2.6	0.033274
30	-2.5	0.03552
30	-2.4	0.035863
30	-2.3	0.034876
30	-2.2	0.033351
30	-2.1	0.033373
30	-2	0.034414
30	-1.9	0.03667
30	-1.8	0.038141
30	-1.7	0.037716
30	-1.6	0.035648
30	-1.5	0.032311
30	-1.4	0.031732
30	-1.3	0.036839
30	-1.2	0.040293
30	-1.1	0.049052
30	-1	0.058979
30	-0.9	0.066461
30	-0.8	0.071875
30	-0.7	0.071085
30	-0.6	0.066067
30	-0.5	0.057866
30	-0.4	0.049
30	-0.3	0.032877
30	-0.2	0.027907
30	-0.1	0.018709
30	0	0.018242
30	0.1	0.02003
30	0.2	0.022359
30	0.3	0.024066
30	0.4	0.02955
30	0.5	0.032788
30	0.6	0.038665
30	0.7	0.043337
30	0.8	0.048906
30	0.9	0.051958
30	1	0.052559
30	1.1	0.052317
30	1.2	0.050707
30	1.3	0.048121
30	1.4	0.046638
30	1.5	0.0445
30	1.6	0.043254
30	1.7	0.041462
30	1.8	0.038984
30	1.9	0.037345
30	2	0.033528
30	2.1	0.030086
30	2.2	0.028077
30	2.3	0.026229
30	2.4	0.023209
30	2.5	0.02192
30	2.6	0.021397
30	2.7	0.02034
30	2.8	0.01914
30	2.9	0.016969
30	3	0.015985
30	3.1	0.014461
30	3.2	0.01394
30	3.3	0.012139
30	3.4	0.011355
30	3.5	0.011033
30	3.6	0.010896
30	3.7	0.010293
30	3.8	0.0093592
30	3.9	0.0093124
30	4	0.0087947
40	-4	0.0090519
40	-3.9	0.010612
40	-3.8	0.011833
40	-3.7	0.011683
40	-3.6	0.010396
40	-3.5	0.010583
40	-3.4	0.012711
40	-3.3	0.015371
40	-3.2	0.018266
40	-3.1	0.020433
40	-3	0.0217
40	-2.9	0.021717
40	-2.8	0.022855
40	-2.7	0.02515
40	-2.6	0.028397
40	-2.5	0.031863
40	-2.4	0.034861
40	-2.3	0.036264
40	-2.2	0.037241
40	-2.1	0.036634
40	-2	0.036134
40	-1.9	0.036228
40	-1.8	0.036616
40	-1.7	0.036842
40	-1.6	0.036023
40	-1.5	0.034822
40	-1.4	0.033233
40	-1.3	0.033514
40	-1.2	0.037391
40	-1.1	0.046314
40	-1	0.055386
40	-0.9	0.0616
40	-0.8	0.067466
40	-0.7	0.072079
40	-0.6	0.07149
40	-0.5	0.065605
40	-0.4	0.056577
40	-0.3	0.046211
40	-0.2	0.035571
40	-0.1	0.022959
40	0	0.01853
40	0.1	0.018448
40	0.2	0.021294
40	0.3	0.025204
40	0.4	0.02793
40	0.5	0.031293
40	0.6	0.036267
40	0.7	0.040187
40	0.8	0.046218
40	0.9	0.049871
40	1	0.052663
40	1.1	0.053764
40	1.2	0.052278
40	1.3	0.049792
40	1.4	0.04601
40	1.5	0.042908
40	1.6	0.040317
40	1.7	0.037067
40	1.8	0.035358
40	1.9	0.033698
40	2	0.030158
40	2.1	0.028017
40	2.2	0.024878
40	2.3	0.023458
40	2.4	0.02062
40	2.5	0.019795
40	2.6	0.0189
40	2.7	0.018804
40	2.8	0.01774
40	2.9	0.015886
40	3	0.014638
40	3.1	0.012599
40	3.2	0.012031
40	3.3	0.012021
40	3.4	0.011936
40	3.5	0.0122
40	3.6	0.011962
40	3.7	0.011048
40	3.8	0.01066
40	3.9	0.0092654
40	4	0.0083052
50	-4	0.010435
50	-3.9	0.011373
50	-3.8	0.011541
50	-3.7	0.010815
50	-3.6	0.010203
50	-3.5	0.010227
50	-3.4	0.012144
50	-3.3	0.014885
50	-3.2	0.018127
50	-3.1	0.020126
50	-3	0.021176
50	-2.9	0.020601
50	-2.8	0.020221
50	-2.7	0.021413
50	-2.6	0.024663
50	-2.5	0.029879
50	-2.4	0.034751
50	-2.3	0.036092
50	-2.2	0.036568
50	-2.1	0.035174
50	-2	0.03352
50	-1.9	0.033012
50	-1.8	0.033587
50	-1.7	0.034635
50	-1.6	0.035749
50	-1.5	0.035467
50	-1.4	0.033114
50	-1.3	0.031546
50	-1.2	0.032957
50	-1.1	0.039672
50	-1	0.048248
50	-0.9	0.060074
50	-0.8	0.065059
50	-0.7	0.07051
50	-0.6	0.07204
50	-0.5	0.06898
50	-0.4	0.064774
50	-0.3	0.055778
50	-0.2	0.039034
50	-0.1	0.032654
50	0	0.02318
50	0.1	0.019476
50	0.2	0.018475
50	0.3	0.021867
50	0.4	0.023415
50	0.5	0.029509
50	0.6	0.032153
50	0.7	0.039819
50	0.8	0.042826
50	0.9	0.045133
50	1	0.047601
50	1.1	0.048495
50	1.2	0.048396
50	1.3	0.047029
50	1.4	0.045603
50	1.5	0.043287
50	1.6	0.041419
50	1.7	0.0378
50	1.8	0.034927
50	1.9	0.032394
50	2	0.02916
50	2.1	0.026794
50	2.2	0.025234
50	2.3	0.023528
50	2.4	0.021573
50	2.5	0.021054
50	2.6	0.018084
50	2.7	0.01679
50	2.8	0.015351
50	2.9	0.013696
50	3	0.012607
50	3.1	0.0116
50	3.2	0.011432
50	3.3	0.010985
50	3.4	0.010018
50	3.5	0.0096214
50	3.6	0.0090662
50	3.7	0.0085771
50	3.8	0.0081401
50	3.9	0.0073117
50	4	0.0073514
60	-4	0.0082896
60	-3.9	0.0085959
60	-3.8	0.0097681
60	-3.7	0.010469
60	-3.6	0.010604
60	-3.5	0.010848
60	-3.4	0.011128
60	-3.3	0.012771
60	-3.2	0.015132
60	-3.1	0.017421
60	-3	0.019473
60	-2.9	0.020814
60	-2.8	0.021134
60	-2.7	0.021846
60	-2.6	0.024021
60	-2.5	0.027593
60	-2.4	0.030285
60	-2.3	0.034538
60	-2.2	0.036513
60	-2.1	0.037466
60	-2	0.036457
60	-1.9	0.035826
60	-1.8	0.034881
60	-1.7	0.034252
60	-1.6	0.034847
60	-1.5	0.034686
60	-1.4	0.034126
60	-1.3	0.033645
60	-1.2	0.033252
60	-1.1	0.035195
60	-1	0.043143
60	-0.9	0.048652
60	-0.8	0.058696
60	-0.7	0.065895
60	-0.6	0.069253
60	-0.5	0.069217
60	-0.4	0.065457
60	-0.3	0.061158
60	-0.2	0.051913
60	-0.1	0.040896
60	0	0.031328
60	0.1	0.026782
60	0.2	0.021556
60	0.3	0.021222
60	0.4	0.022432
60	0.5	0.026561
60	0.6	0.030352
60	0.7	0.035734
60	0.8	0.038029
60	0.9	0.042378
60	1	0.045472
60	1.1	0.04749
60	1.2	0.049304
60	1.3	0.048941
60	1.4	0.047912
60	1.5	0.044389
60	1.6	0.041394
60	1.7	0.036381
60	1.8	0.032172
60	1.9	0.030346
60	2	0.028274
60	2.1	0.026785
60	2.2	0.025493
60	2.3	0.023988
60	2.4	0.021829
60	2.5	0.018914
60	2.6	0.017283
60	2.7	0.016105
60	2.8	0.014853
60	2.9	0.014153
60	3	0.013397
60	3.1	0.011615
60	3.2	0.010337
60	3.3	0.0092724
60	3.4	0.0091284
60	3.5	0.0088314
60	3.6	0.0085639
60	3.7	0.0078654
60	3.8	0.0075359
60	3.9	0.0060435
60	4	0.0048475
70	-4	0.0098538
70	-3.9	0.011454
70	-3.8	0.012487
70	-3.7	0.013093
70	-3.6	0.01222
70	-3.5	0.012452
70	-3.4	0.013261
70	-3.3	0.015063
70	-3.2	0.017502
70	-3.1	0.019928
70	-3	0.021191
70	-2.9	0.021889
70	-2.8	0.022077
70	-2.7	0.022757
70	-2.6	0.025604
70	-2.5	0.029927
70	-2.4	0.032303
70	-2.3	0.034783
70	-2.2	0.035475
70	-2.1	0.034877
70	-2	0.034069
70	-1.9	0.033634
70	-1.8	0.033797
70	-1.7	0.033975
70	-1.6	0.034536
70	-1.5	0.034223
70	-1.4	0.032588
70	-1.3	0.030182
70	-1.2	0.028572
70	-1.1	0.029202
70	-1	0.03589
70	-0.9	0.044777
70	-0.8	0.054569
70	-0.7	0.065877
70	-0.6	0.070252
70	-0.5	0.072263
70	-0.4	0.069143
70	-0.3	0.065996
70	-0.2	0.05811
70	-0.1	0.049681
70	0	0.038688
70	0.1	0.033291
70	0.2	0.024676
70	0.3	0.022092
70	0.4	0.023203
70	0.5	0.025277
70	0.6	0.029367
70	0.7	0.032162
70	0.8	0.035903
70	0.9	0.039821
70	1	0.044067
70	1.1	0.046154
70	1.2	0.047423
70	1.3	0.047846
70	1.4	0.046745
70	1.5	0.042888
70	1.6	0.040119
70	1.7	0.037307
70	1.8	0.034428
70	1.9	0.030894
70	2	0.028631
70	2.1	0.027203
70	2.2	0.024836
70	2.3	0.024053
70	2.4	0.02145
70	2.5	0.018742
70	2.6	0.017137
70	2.7	0.016514
70	2.8	0.015879
70	2.9	0.015497
70	3	0.014897
70	3.1	0.013668
70	3.2	0.011723
70	3.3	0.010548
70	3.4	0.009618
70	3.5	0.0091478
70	3.6	0.0091284
70	3.7	0.0086484
70	3.8	0.008973
70	3.9	0.0074843
70	4	0.0065689
80	-4	0.0082388
80	-3.9	0.0095675
80	-3.8	0.010933
80	-3.7	0.011883
80	-3.6	0.012212
80	-3.5	0.012158
80	-3.4	0.012438
80	-3.3	0.01419
80	-3.2	0.015361
80	-3.1	0.017816
80	-3	0.018678
80	-2.9	0.020332
80	-2.8	0.022344
80	-2.7	0.023549
80	-2.6	0.024311
80	-2.5	0.027545
80	-2.4	0.0318
80	-2.3	0.034063
80	-2.2	0.037022
80	-2.1	0.037575
80	-2	0.037104
80	-1.9	0.036386
80	-1.8	0.035968
80	-1.7	0.036327
80	-1.6	0.036734
80	-1.5	0.036301
80	-1.4	0.034554
80	-1.3	0.032956
80	-1.2	0.031133
80	-1.1	0.032389
80	-1	0.03697
80	-0.9	0.043205
80	-0.8	0.051694
80	-0.7	0.061501
80	-0.6	0.066204
80	-0.5	0.070224
80	-0.4	0.069993
80	-0.3	0.068832
80	-0.2	0.063348
80	-0.1	0.055372
80	0	0.043668
80	0.1	0.035128
80	0.2	0.029216
80	0.3	0.026267
80	0.4	0.024972
80	0.5	0.026606
80	0.6	0.029376
80	0.7	0.031968
80	0.8	0.034886
80	0.9	0.038128
80	1	0.039926
80	1.1	0.043206
80	1.2	0.046852
80	1.3	0.04766
80	1.4	0.046685
80	1.5	0.04541
80	1.6	0.040355
80	1.7	0.037136
80	1.8	0.032485
80	1.9	0.029157
80	2	0.027364
80	2.1	0.026615
80	2.2	0.02598
80	2.3	0.025065
80	2.4	0.022596
80	2.5	0.020675
80	2.6	0.016515
80	2.7	0.013592
80	2.8	0.012464
80	2.9	0.012257
80	3	0.012751
80	3.1	0.012775
80	3.2	0.01248
80	3.3	0.010802
80	3.4	0.0091319
80	3.5	0.0082388
80	3.6	0.0071531
80	3.7	0.0076867
80	3.8	0.007937
80	3.9	0.0079695
80	4	0.0075059
90	-4	0.0095861
90	-3.9	0.011107
90	-3.8	0.012889
90	-3.7	0.013747
90	-3.6	0.014143
90	-3.5	0.014251
90	-3.4	0.013834
90	-3.3	0.014499
90	-3.2	0.015531
90	-3.1	0.017601
90	-3	0.019278
90	-2.9	0.020731
90	-2.8	0.02154
90	-2.7	0.022508
90	-2.6	0.023881
90	-2.5	0.027223
90	-2.4	0.031302
90	-2.3	0.033852
90	-2.2	0.035579
90	-2.1	0.036004
90	-2	0.035327
90	-1.9	0.03396
90	-1.8	0.032964
90	-1.7	0.033297
90	-1.6	0.034841
90	-1.5	0.03623
90	-1.4	0.036407
90	-1.3	0.035834
90	-1.2	0.033197
90	-1.1	0.032441
90	-1	0.036138
90	-0.9	0.040255
90	-0.8	0.050331
90	-0.7	0.057519
90	-0.6	0.06545
90	-0.5	0.071344
90	-0.4	0.074112
90	-0.3	0.071418
90	-0.2	0.068383
90	-0.1	0.060088
90	0	0.048572
90	0.1	0.038217
90	0.2	0.031656
90	0.3	0.025196
90	0.4	0.021967
90	0.5	0.02249
90	0.6	0.025161
90	0.7	0.029252
90	0.8	0.033564
90	0.9	0.037522
90	1	0.04098
90	1.1	0.045977
90	1.2	0.047724
90	1.3	0.047911
90	1.4	0.04667
90	1.5	0.043727
90	1.6	0.039543
90	1.7	0.038576
90	1.8	0.035256
90	1.9	0.03231
90	2	0.030906
90	2.1	0.029515
90	2.2	0.028271
90	2.3	0.026997
90	2.4	0.024778
90	2.5	0.022955
90	2.6	0.020807
90	2.7	0.018279
90	2.8	0.017516
90	2.9	0.015733
90	3	0.014768
90	3.1	0.014302
90	3.2	0.013017
90	3.3	0.012183
90	3.4	0.00971
90	3.5	0.0089946
90	3.6	0.0082564
90	3.7	0.0080803
90	3.8	0.0083788
90	3.9	0.0079289
90	4	0.0082818
100	-4	0.0075851
100	-3.9	0.0084403
100	-3.8	0.0092095
100	-3.7	0.0091725
100	-3.6	0.0094929
100	-3.5	0.0095252
100	-3.4	0.0099257
100	-3.3	0.012126
100	-3.2	0.01407
100	-3.1	0.016075
100	-3	0.018153
100	-2.9	0.018646
100	-2.8	0.018792
100	-2.7	0.019971
100	-2.6	0.022745
100	-2.5	0.025709
100	-2.4	0.028513
100	-2.3	0.031913
100	-2.2	0.034344
100	-2.1	0.034564
100	-2	0.034298
100	-1.9	0.034451
100	-1.8	0.035862
100	-1.7	0.037267
100	-1.6	0.038665
100	-1.5	0.038874
100	-1.4	0.037199
100	-1.3	0.035407
100	-1.2	0.033822
100	-1.1	0.03466
100	-1	0.038738
100	-0.9	0.042992
100	-0.8	0.05222
100	-0.7	0.059936
100	-0.6	0.066926
100	-0.5	0.071611
100	-0.4	0.072846
100	-0.3	0.070237
100	-0.2	0.062567
100	-0.1	0.057971
100	0	0.047823
100	0.1	0.04048
100	0.2	0.034258
100	0.3	0.029347
100	0.4	0.026921
100	0.5	0.025863
100	0.6	0.026415
100	0.7	0.029577
100	0.8	0.031495
100	0.9	0.037303
100	1	0.03977
100	1.1	0.044269
100	1.2	0.046098
100	1.3	0.048761
100	1.4	0.049484
100	1.5	0.048126
100	1.6	0.046995
100	1.7	0.044603
100	1.8	0.042149
100	1.9	0.040306
100	2	0.037465
100	2.1	0.035631
100	2.2	0.034159
100	2.3	0.032039
100	2.4	0.029367
100	2.5	0.026357
100	2.6	0.023389
100	2.7	0.020281
100	2.8	0.01952
100	2.9	0.018455
100	3	0.018507
100	3.1	0.018046
100	3.2	0.016733
100	3.3	0.015222
100	3.4	0.011997
100	3.5	0.009963
100	3.6	0.0092007
100	3.7	0.0099663
100	3.8	0.010583
100	3.9	0.0099987
100	4	0.010245
110	-4	0.0077745
110	-3.9	0.0083884
110	-3.8	0.0093885
110	-3.7	0.0099598
110	-3.6	0.010202
110	-3.5	0.0096063
110	-3.4	0.0091053
110	-3.3	0.010392
110	-3.2	0.011605
110	-3.1	0.015047
110	-3	0.017467
110	-2.9	0.018853
110	-2.8	0.020614
110	-2.7	0.020809
110	-2.6	0.02181
110	-2.5	0.023652
110	-2.4	0.025825
110	-2.3	0.029919
110	-2.2	0.03297
110	-2.1	0.035697
110	-2	0.03624
110	-1.9	0.036223
110	-1.8	0.035434
110	-1.7	0.035413
110	-1.6	0.035682
110	-1.5	0.036998
110	-1.4	0.038166
110	-1.3	0.038197
110	-1.2	0.036775
110	-1.1	0.035638
110	-1	0.036879
110	-0.9	0.042087
110	-0.8	0.048264
110	-0.7	0.059827
110	-0.6	0.068572
110	-0.5	0.072261
110	-0.4	0.074795
110	-0.3	0.07172
110	-0.2	0.066079
110	-0.1	0.060416
110	0	0.047695
110	0.1	0.042111
110	0.2	0.03063
110	0.3	0.024811
110	0.4	0.023124
110	0.5	0.023128
110	0.6	0.026471
110	0.7	0.030579
110	0.8	0.035045
110	0.9	0.041126
110	1	0.044592
110	1.1	0.046989
110	1.2	0.048923
110	1.3	0.050026
110	1.4	0.049788
110	1.5	0.049027
110	1.6	0.047277
110	1.7	0.045511
110	1.8	0.042184
110	1.9	0.038835
110	2	0.035184
110	2.1	0.031626
110	2.2	0.030612
110	2.3	0.029444
110	2.4	0.027142
110	2.5	0.026384
110	2.6	0.023895
110	2.7	0.022821
110	2.8	0.020439
110	2.9	0.017368
110	3	0.015464
110	3.1	0.014796
110	3.2	0.013437
110	3.3	0.012268
110	3.4	0.01099
110	3.5	0.010304
110	3.6	0.0095438
110	3.7	0.0089188
110	3.8	0.0086987
110	3.9	0.0090822
110	4	0.0091248
120	-4	0.0071553
120	-3.9	0.0075638
120	-3.8	0.0079857
120	-3.7	0.0093867
120	-3.6	0.01014
120	-3.5	0.010522
120	-3.4	0.01002
120	-3.3	0.01052
120	-3.2	0.011963
120	-3.1	0.013688
120	-3	0.01635
120	-2.9	0.020238
120	-2.8	0.02202
120	-2.7	0.022777
120	-2.6	0.023106
120	-2.5	0.02375
120	-2.4	0.02655
120	-2.3	0.028501
120	-2.2	0.031677
120	-2.1	0.036178
120	-2	0.037729
120	-1.9	0.038137
120	-1.8	0.037458
120	-1.7	0.036848
120	-1.6	0.037001
120	-1.5	0.037693
120	-1.4	0.038217
120	-1.3	0.037828
120	-1.2	0.037684
120	-1.1	0.038349
120	-1	0.040775
120	-0.9	0.046146
120	-0.8	0.05401
120	-0.7	0.05975
120	-0.6	0.064379
120	-0.5	0.068749
120	-0.4	0.071106
120	-0.3	0.069735
120	-0.2	0.065507
120	-0.1	0.059531
120	0	0.049869
120	0.1	0.043384
120	0.2	0.029998
120	0.3	0.025992
120	0.4	0.023275
120	0.5	0.022674
120	0.6	0.025911
120	0.7	0.030128
120	0.8	0.035373
120	0.9	0.04022
120	1	0.044894
120	1.1	0.048481
120	1.2	0.050702
120	1.3	0.052842
120	1.4	0.053975
120	1.5	0.054048
120	1.6	0.053538
120	1.7	0.051747
120	1.8	0.049518
120	1.9	0.046586
120	2	0.041598
120	2.1	0.040812
120	2.2	0.037386
120	2.3	0.035318
120	2.4	0.033849
120	2.5	0.031553
120	2.6	0.028746
120	2.7	0.026607
120	2.8	0.023377
120	2.9	0.019579
120	3	0.016916
120	3.1	0.015123
120	3.2	0.013275
120	3.3	0.01204
120	3.4	0.011109
120	3.5	0.01044
120	3.6	0.010378
120	3.7	0.0099484
120	3.8	0.0093055
120	3.9	0.0076572
120	4	0.0071869
130	-4	0.0062331
130	-3.9	0.008156
130	-3.8	0.0089622
130	-3.7	0.010744
130	-3.6	0.011778
130	-3.5	0.011396
130	-3.4	0.010679
130	-3.3	0.010238
130	-3.2	0.012946
130	-3.1	0.015448
130	-3	0.017839
130	-2.9	0.02043
130	-2.8	0.02125
130	-2.7	0.020864
130	-2.6	0.021534
130	-2.5	0.023766
130	-2.4	0.027472
130	-2.3	0.03148
130	-2.2	0.035454
130	-2.1	0.036775
130	-2	0.036652
130	-1.9	0.03469
130	-1.8	0.033495
130	-1.7	0.033965
130	-1.6	0.035743
130	-1.5	0.038313
130	-1.4	0.040419
130	-1.3	0.0403
130	-1.2	0.037287
130	-1.1	0.036195
130	-1	0.037472
130	-0.9	0.041054
130	-0.8	0.052888
130	-0.7	0.063599
130	-0.6	0.070074
130	-0.5	0.074899
130	-0.4	0.073943
130	-0.3	0.071578
130	-0.2	0.062346
130	-0.1	0.053916
130	0	0.042367
130	0.1	0.034098
130	0.2	0.025602
130	0.3	0.022148
130	0.4	0.021572
130	0.5	0.023054
130	0.6	0.026516
130	0.7	0.032066
130	0.8	0.037669
130	0.9	0.043547
130	1	0.048349
130	1.1	0.051334
130	1.2	0.052682
130	1.3	0.052377
130	1.4	0.051702
130	1.5	0.05013
130	1.6	0.048769
130	1.7	0.047199
130	1.8	0.046474
130	1.9	0.045036
130	2	0.043297
130	2.1	0.041226
130	2.2	0.038601
130	2.3	0.036856
130	2.4	0.034903
130	2.5	0.033172
130	2.6	0.031639
130	2.7	0.029371
130	2.8	0.026607
130	2.9	0.024701
130	3	0.021775
130	3.1	0.020445
130	3.2	0.018847
130	3.3	0.017288
130	3.4	0.016599
130	3.5	0.016327
130	3.6	0.015862
130	3.7	0.01424
130	3.8	0.012646
130	3.9	0.011316
130	4	0.010292
140	-4	0.0058754
140	-3.9	0.0074236
140	-3.8	0.0084134
140	-3.7	0.0096917
140	-3.6	0.010571
140	-3.5	0.010874
140	-3.4	0.010787
140	-3.3	0.011571
140	-3.2	0.014333
140	-3.1	0.01578
140	-3	0.018047
140	-2.9	0.019265
140	-2.8	0.019762
140	-2.7	0.020194
140	-2.6	0.021845
140	-2.5	0.024509
140	-2.4	0.027669
140	-2.3	0.031606
140	-2.2	0.03406
140	-2.1	0.034549
140	-2	0.033964
140	-1.9	0.0337
140	-1.8	0.034535
140	-1.7	0.035929
140	-1.6	0.038515
140	-1.5	0.040339
140	-1.4	0.0407
140	-1.3	0.039893
140	-1.2	0.038265
140	-1.1	0.038543
140	-1	0.041366
140	-0.9	0.048848
140	-0.8	0.05715
140	-0.7	0.064451
140	-0.6	0.071164
140	-0.5	0.072805
140	-0.4	0.070746
140	-0.3	0.064922
140	-0.2	0.056618
140	-0.1	0.047719
140	0	0.036075
140	0.1	0.029632
140	0.2	0.024445
140	0.3	0.021574
140	0.4	0.021812
140	0.5	0.024552
140	0.6	0.027879
140	0.7	0.033886
140	0.8	0.039147
140	0.9	0.042362
140	1	0.049755
140	1.1	0.05049
140	1.2	0.053022
140	1.3	0.053993
140	1.4	0.053675
140	1.5	0.053282
140	1.6	0.052168
140	1.7	0.051122
140	1.8	0.04976
140	1.9	0.046606
140	2	0.045094
140	2.1	0.042719
140	2.2	0.041332
140	2.3	0.039642
140	2.4	0.036666
140	2.5	0.035264
140	2.6	0.033108
140	2.7	0.029299
140	2.8	0.028291
140	2.9	0.025655
140	3	0.024121
140	3.1	0.023657
140	3.2	0.022144
140	3.3	0.01976
140	3.4	0.018372
140	3.5	0.016232
140	3.6	0.013442
140	3.7	0.012024
140	3.8	0.011558
140	3.9	0.011123
140	4	0.012028
150	-4	0.0060888
150	-3.9	0.0084307
150	-3.8	0.009665
150	-3.7	0.011451
150	-3.6	0.011683
150	-3.5	0.01214
150	-3.4	0.011489
150	-3.3	0.011719
150	-3.2	0.013125
150	-3.1	0.01563
150	-3	0.018234
150	-2.9	0.019894
150	-2.8	0.020219
150	-2.7	0.020152
150	-2.6	0.021728
150	-2.5	0.025224
150	-2.4	0.028071
150	-2.3	0.031449
150	-2.2	0.034097
150	-2.1	0.033277
150	-2	0.033022
150	-1.9	0.031129
150	-1.8	0.031815
150	-1.7	0.034572
150	-1.6	0.038722
150	-1.5	0.040736
150	-1.4	0.041754
150	-1.3	0.039574
150	-1.2	0.037705
150	-1.1	0.036238
150	-1	0.040448
150	-0.9	0.047969
150	-0.8	0.056947
150	-0.7	0.063257
150	-0.6	0.072375
150	-0.5	0.072921
150	-0.4	0.070353
150	-0.3	0.061514
150	-0.2	0.050895
150	-0.1	0.039665
150	0	0.031836
150	0.1	0.022109
150	0.2	0.01839
150	0.3	0.018194
150	0.4	0.020137
150	0.5	0.025687
150	0.6	0.032228
150	0.7	0.038425
150	0.8	0.044489
150	0.9	0.04882
150	1	0.052102
150	1.1	0.054043
150	1.2	0.054362
150	1.3	0.053937
150	1.4	0.053113
150	1.5	0.05088
150	1.6	0.049835
150	1.7	0.047835
150	1.8	0.045017
150	1.9	0.043454
150	2	0.040325
150	2.1	0.039694
150	2.2	0.037992
150	2.3	0.036647
150	2.4	0.034718
150	2.5	0.033192
150	2.6	0.030068
150	2.7	0.027975
150	2.8	0.024544
150	2.9	0.022521
150	3	0.021042
150	3.1	0.020824
150	3.2	0.019428
150	3.3	0.017766
150	3.4	0.016773
150	3.5	0.015424
150	3.6	0.013496
150	3.7	0.013102
150	3.8	0.012337
150	3.9	0.012927
150	4	0.013602
160	-4	0.0079187
160	-3.9	0.0098373
160	-3.8	0.011139
160	-3.7	0.010896
160	-3.6	0.010632
160	-3.5	0.010866
160	-3.4	0.011837
160	-3.3	0.012827
160	-3.2	0.015183
160	-3.1	0.017065
160	-3	0.018507
160	-2.9	0.0184
160	-2.8	0.01813
160	-2.7	0.01908
160	-2.6	0.021244
160	-2.5	0.024155
160	-2.4	0.02944
160	-2.3	0.031558
160	-2.2	0.031823
160	-2.1	0.031441
160	-2	0.03044
160	-1.9	0.031109
160	-1.8	0.031837
160	-1.7	0.035475
160	-1.6	0.038495
160	-1.5	0.039196
160	-1.4	0.038632
160	-1.3	0.036611
160	-1.2	0.036433
160	-1.1	0.03881
160	-1	0.044028
160	-0.9	0.048554
160	-0.8	0.058749
160	-0.7	0.062329
160	-0.6	0.066435
160	-0.5	0.064844
160	-0.4	0.060495
160	-0.3	0.053973
160	-0.2	0.045753
160	-0.1	0.035081
160	0	0.025649
160	0.1	0.020679
160	0.2	0.019037
160	0.3	0.018586
160	0.4	0.020509
160	0.5	0.024555
160	0.6	0.028399
160	0.7	0.035434
160	0.8	0.041423
160	0.9	0.045944
160	1	0.049764
160	1.1	0.052216
160	1.2	0.052898
160	1.3	0.053473
160	1.4	0.053163
160	1.5	0.051742
160	1.6	0.050848
160	1.7	0.048667
160	1.8	0.047611
160	1.9	0.04522
160	2	0.043506
160	2.1	0.04284
160	2.2	0.041123
160	2.3	0.039109
160	2.4	0.036471
160	2.5	0.033702
160	2.6	0.030944
160	2.7	0.027909
160	2.8	0.025816
160	2.9	0.02405
160	3	0.022772
160	3.1	0.020862
160	3.2	0.018671
160	3.3	0.016436
160	3.4	0.014125
160	3.5	0.012903
160	3.6	0.012621
160	3.7	0.012248
160	3.8	0.011755
160	3.9	0.012176
160	4	0.011365
170	-4	0.0083304
170	-3.9	0.010739
170	-3.8	0.01173
170	-3.7	0.012031
170	-3.6	0.011344
170	-3.5	0.0088807
170	-3.4	0.0085127
170	-3.3	0.011329
170	-3.2	0.014509
170	-3.1	0.018631
170	-3	0.020328
170	-2.9	0.020736
170	-2.8	0.018298
170	-2.7	0.017746
170	-2.6	0.019033
170	-2.5	0.024318
170	-2.4	0.027022
170	-2.3	0.029547
170	-2.2	0.031497
170	-2.1	0.031593
170	-2	0.030891
170	-1.9	0.03088
170	-1.8	0.032734
170	-1.7	0.035505
170	-1.6	0.038365
170	-1.5	0.039529
170	-1.4	0.038394
170	-1.3	0.036303
170	-1.2	0.035163
170	-1.1	0.038548
170	-1	0.046266
170	-0.9	0.051962
170	-0.8	0.058148
170	-0.7	0.061416
170	-0.6	0.062008
170	-0.5	0.056475
170	-0.4	0.049681
170	-0.3	0.045518
170	-0.2	0.033099
170	-0.1	0.024385
170	0	0.017149
170	0.1	0.014944
170	0.2	0.014482
170	0.3	0.016514
170	0.4	0.020556
170	0.5	0.026483
170	0.6	0.033318
170	0.7	0.038136
170	0.8	0.042551
170	0.9	0.046624
170	1	0.048743
170	1.1	0.048987
170	1.2	0.049071
170	1.3	0.048541
170	1.4	0.046708
170	1.5	0.045987
170	1.6	0.043873
170	1.7	0.043226
170	1.8	0.042061
170	1.9	0.040219
170	2	0.03932
170	2.1	0.037653
170	2.2	0.036405
170	2.3	0.033047
170	2.4	0.031061
170	2.5	0.029726
170	2.6	0.026893
170	2.7	0.025395
170	2.8	0.023299
170	2.9	0.021775
170	3	0.020064
170	3.1	0.017618
170	3.2	0.015873
170	3.3	0.014208
170	3.4	0.01363
170	3.5	0.013309
170	3.6	0.013183
170	3.7	0.012167
170	3.8	0.011499
170	3.9	0.010092
170	4	0.0093799
180	-4	0.01001
180	-3.9	0.010005
180	-3.8	0.009084
180	-3.7	0.0083537
180	-3.6	0.0085298
180	-3.5	0.0095031
180	-3.4	0.012328
180	-3.3	0.015383
180	-3.2	0.017283
180	-3.1	0.017578
180	-3	0.016334
180	-2.9	0.014824
180	-2.8	0.014719
180	-2.7	0.016969
180	-2.6	0.021399
180	-2.5	0.023976
180	-2.4	0.026373
180	-2.3	0.027004
180	-2.2	0.026235
180	-2.1	0.026939
180	-2	0.028252
180	-1.9	0.031982
180	-1.8	0.036972
180	-1.7	0.039014
180	-1.6	0.039749
180	-1.5	0.037918
180	-1.4	0.036418
180	-1.3	0.0344
180	-1.2	0.035331
180	-1.1	0.038603
180	-1	0.048204
180	-0.9	0.052857
180	-0.8	0.058339
180	-0.7	0.059538
180	-0.6	0.055656
180	-0.5	0.050437
180	-0.4	0.041663
180	-0.3	0.030847
180	-0.2	0.026474
180	-0.1	0.020068
180	0	0.015728
180	0.1	0.014948
180	0.2	0.016019
180	0.3	0.020097
180	0.4	0.025005
180	0.5	0.028846
180	0.6	0.033795
180	0.7	0.037989
180	0.8	0.041481
180	0.9	0.041869
180	1	0.042457
180	1.1	0.042232
180	1.2	0.042098
180	1.3	0.042769
180	1.4	0.042967
180	1.5	0.042454
180	1.6	0.040585
180	1.7	0.038605
180	1.8	0.035888
180	1.9	0.033527
180	2	0.032861
180	2.1	0.033119
180	2.2	0.033072
180	2.3	0.032588
180	2.4	0.02971
180	2.5	0.027887
180	2.6	0.023746
180	2.7	0.021746
180	2.8	0.019502
180	2.9	0.01808
180	3	0.016823
180	3.1	0.016514
180	3.2	0.0149
180	3.3	0.013253
180	3.4	0.011789
180	3.5	0.010641
180	3.6	0.01073
180	3.7	0.010318
180	3.8	0.010282
180	3.9	0.0093453
180	4	0.0082935
 
Uniformity Ratio =0.27329
