03-Jan-2018
13:5
TXR  007985 RM428 R24
33511B Function Generator
SN =Agilent Technologies,33511B,MY52301476,3.05-1.19-2.00-52-00
freq =+9.330000000000000E+06
burstmode =TRIG
burstN =+6.000000000000000E+01
voltage =+1.5000000000000E-01
 
DSO-X 2022A Oscilloscope
SN =AGILENT TECHNOLOGIES,DSO-X 2022A,MY54310921,02.41.2015102200
probe =+1.0000000E+00
scale =+500.0E-09
position =+19.900000E-06
range =+1.60E+00
units =VOLT
points =+2000
pointmode =NORM
format =BYTE
acqtype =NORM
trigsource =EXT
coupling =AC
 
-180	-4	0.006364
-180	-3.9	0.0082348
-180	-3.8	0.012392
-180	-3.7	0.014444
-180	-3.6	0.015761
-180	-3.5	0.015445
-180	-3.4	0.013404
-180	-3.3	0.010715
-180	-3.2	0.0086931
-180	-3.1	0.0082837
-180	-3	0.0094878
-180	-2.9	0.0098996
-180	-2.8	0.0081341
-180	-2.7	0.0067867
-180	-2.6	0.0059655
-180	-2.5	0.009839
-180	-2.4	0.014871
-180	-2.3	0.020569
-180	-2.2	0.0245
-180	-2.1	0.026055
-180	-2	0.027689
-180	-1.9	0.030144
-180	-1.8	0.032334
-180	-1.7	0.036139
-180	-1.6	0.037948
-180	-1.5	0.038845
-180	-1.4	0.037274
-180	-1.3	0.031759
-180	-1.2	0.021173
-180	-1.1	0.016072
-180	-1	0.017191
-180	-0.9	0.025423
-180	-0.8	0.036631
-180	-0.7	0.044832
-180	-0.6	0.048079
-180	-0.5	0.049827
-180	-0.4	0.047749
-180	-0.3	0.041739
-180	-0.2	0.035251
-180	-0.1	0.028774
-180	0	0.024686
-180	0.1	0.018183
-180	0.2	0.015471
-180	0.3	0.014121
-180	0.4	0.014632
-180	0.5	0.017273
-180	0.6	0.02148
-180	0.7	0.028235
-180	0.8	0.035248
-180	0.9	0.038593
-180	1	0.041433
-180	1.1	0.041758
-180	1.2	0.039646
-180	1.3	0.037741
-180	1.4	0.033569
-180	1.5	0.030359
-180	1.6	0.028434
-180	1.7	0.027736
-180	1.8	0.028579
-180	1.9	0.030312
-180	2	0.030716
-180	2.1	0.030331
-180	2.2	0.028551
-180	2.3	0.026978
-180	2.4	0.024699
-180	2.5	0.020612
-180	2.6	0.018672
-180	2.7	0.016742
-180	2.8	0.015361
-180	2.9	0.013143
-180	3	0.009976
-180	3.1	0.0086838
-180	3.2	0.0075552
-180	3.3	0.0074432
-180	3.4	0.0081361
-180	3.5	0.0083479
-180	3.6	0.0085582
-180	3.7	0.0087302
-180	3.8	0.0091071
-180	3.9	0.00922
-180	4	0.009043
-170	-4	0.010058
-170	-3.9	0.010967
-170	-3.8	0.011823
-170	-3.7	0.013007
-170	-3.6	0.013046
-170	-3.5	0.012553
-170	-3.4	0.011804
-170	-3.3	0.011651
-170	-3.2	0.012168
-170	-3.1	0.013346
-170	-3	0.013258
-170	-2.9	0.012312
-170	-2.8	0.0090698
-170	-2.7	0.0063078
-170	-2.6	0.006893
-170	-2.5	0.012457
-170	-2.4	0.016636
-170	-2.3	0.021061
-170	-2.2	0.023878
-170	-2.1	0.025882
-170	-2	0.02942
-170	-1.9	0.033662
-170	-1.8	0.037449
-170	-1.7	0.041414
-170	-1.6	0.043793
-170	-1.5	0.042975
-170	-1.4	0.038297
-170	-1.3	0.027269
-170	-1.2	0.021046
-170	-1.1	0.016605
-170	-1	0.022588
-170	-0.9	0.02959
-170	-0.8	0.041451
-170	-0.7	0.045955
-170	-0.6	0.049281
-170	-0.5	0.049073
-170	-0.4	0.045735
-170	-0.3	0.038693
-170	-0.2	0.033846
-170	-0.1	0.026802
-170	0	0.021454
-170	0.1	0.019288
-170	0.2	0.017029
-170	0.3	0.017026
-170	0.4	0.018547
-170	0.5	0.023045
-170	0.6	0.026098
-170	0.7	0.031814
-170	0.8	0.036476
-170	0.9	0.038521
-170	1	0.040071
-170	1.1	0.039189
-170	1.2	0.037322
-170	1.3	0.032988
-170	1.4	0.030481
-170	1.5	0.028322
-170	1.6	0.026819
-170	1.7	0.026691
-170	1.8	0.028587
-170	1.9	0.030331
-170	2	0.031144
-170	2.1	0.031034
-170	2.2	0.02982
-170	2.3	0.027106
-170	2.4	0.02495
-170	2.5	0.021784
-170	2.6	0.018781
-170	2.7	0.01699
-170	2.8	0.015104
-170	2.9	0.013362
-170	3	0.011375
-170	3.1	0.010348
-170	3.2	0.0082053
-170	3.3	0.0079837
-170	3.4	0.0085639
-170	3.5	0.0091089
-170	3.6	0.010273
-170	3.7	0.010768
-170	3.8	0.010632
-170	3.9	0.0098406
-170	4	0.0091266
-160	-4	0.0109
-160	-3.9	0.012338
-160	-3.8	0.015492
-160	-3.7	0.015627
-160	-3.6	0.014652
-160	-3.5	0.011885
-160	-3.4	0.009608
-160	-3.3	0.0090018
-160	-3.2	0.010106
-160	-3.1	0.013017
-160	-3	0.013539
-160	-2.9	0.012163
-160	-2.8	0.0093919
-160	-2.7	0.0062409
-160	-2.6	0.0093246
-160	-2.5	0.01471
-160	-2.4	0.019051
-160	-2.3	0.024372
-160	-2.2	0.027245
-160	-2.1	0.029762
-160	-2	0.031242
-160	-1.9	0.033176
-160	-1.8	0.035874
-160	-1.7	0.03816
-160	-1.6	0.03911
-160	-1.5	0.039036
-160	-1.4	0.033898
-160	-1.3	0.025948
-160	-1.2	0.019434
-160	-1.1	0.016116
-160	-1	0.019208
-160	-0.9	0.026437
-160	-0.8	0.038864
-160	-0.7	0.043867
-160	-0.6	0.04797
-160	-0.5	0.048068
-160	-0.4	0.044576
-160	-0.3	0.040501
-160	-0.2	0.033226
-160	-0.1	0.027868
-160	0	0.022625
-160	0.1	0.018758
-160	0.2	0.016906
-160	0.3	0.016622
-160	0.4	0.018146
-160	0.5	0.022907
-160	0.6	0.028008
-160	0.7	0.035957
-160	0.8	0.039216
-160	0.9	0.042192
-160	1	0.042485
-160	1.1	0.039198
-160	1.2	0.037607
-160	1.3	0.032935
-160	1.4	0.031287
-160	1.5	0.030655
-160	1.6	0.03131
-160	1.7	0.032448
-160	1.8	0.033608
-160	1.9	0.033472
-160	2	0.031884
-160	2.1	0.030003
-160	2.2	0.028602
-160	2.3	0.027264
-160	2.4	0.025069
-160	2.5	0.022589
-160	2.6	0.02075
-160	2.7	0.017447
-160	2.8	0.014482
-160	2.9	0.010738
-160	3	0.0090036
-160	3.1	0.0085089
-160	3.2	0.0092042
-160	3.3	0.0095421
-160	3.4	0.0095286
-160	3.5	0.0085978
-160	3.6	0.0087024
-160	3.7	0.0091
-160	3.8	0.0090466
-160	3.9	0.0088607
-160	4	0.0090822
-150	-4	0.011332
-150	-3.9	0.013292
-150	-3.8	0.014105
-150	-3.7	0.013632
-150	-3.6	0.012217
-150	-3.5	0.010497
-150	-3.4	0.0099143
-150	-3.3	0.010248
-150	-3.2	0.011272
-150	-3.1	0.011561
-150	-3	0.010325
-150	-2.9	0.0087228
-150	-2.8	0.0064522
-150	-2.7	0.0072585
-150	-2.6	0.012595
-150	-2.5	0.016123
-150	-2.4	0.020422
-150	-2.3	0.023159
-150	-2.2	0.02499
-150	-2.1	0.027406
-150	-2	0.032245
-150	-1.9	0.035988
-150	-1.8	0.041583
-150	-1.7	0.043736
-150	-1.6	0.043331
-150	-1.5	0.03959
-150	-1.4	0.032573
-150	-1.3	0.024216
-150	-1.2	0.017417
-150	-1.1	0.019477
-150	-1	0.026397
-150	-0.9	0.037687
-150	-0.8	0.043275
-150	-0.7	0.048258
-150	-0.6	0.049259
-150	-0.5	0.04585
-150	-0.4	0.041689
-150	-0.3	0.03503
-150	-0.2	0.027665
-150	-0.1	0.023842
-150	0	0.020186
-150	0.1	0.018147
-150	0.2	0.018697
-150	0.3	0.02022
-150	0.4	0.023408
-150	0.5	0.029365
-150	0.6	0.033453
-150	0.7	0.037588
-150	0.8	0.040288
-150	0.9	0.04136
-150	1	0.040116
-150	1.1	0.036942
-150	1.2	0.033643
-150	1.3	0.031421
-150	1.4	0.030093
-150	1.5	0.028988
-150	1.6	0.029116
-150	1.7	0.029516
-150	1.8	0.030302
-150	1.9	0.030026
-150	2	0.028951
-150	2.1	0.02815
-150	2.2	0.026918
-150	2.3	0.02544
-150	2.4	0.023231
-150	2.5	0.021032
-150	2.6	0.01777
-150	2.7	0.01536
-150	2.8	0.013297
-150	2.9	0.011154
-150	3	0.010146
-150	3.1	0.0094314
-150	3.2	0.0096817
-150	3.3	0.0097416
-150	3.4	0.0094997
-150	3.5	0.0092007
-150	3.6	0.0091972
-150	3.7	0.0097449
-150	3.8	0.0099094
-150	3.9	0.0099484
-150	4	0.0098767
-140	-4	0.013362
-140	-3.9	0.014516
-140	-3.8	0.014459
-140	-3.7	0.013382
-140	-3.6	0.011997
-140	-3.5	0.010856
-140	-3.4	0.010615
-140	-3.3	0.011184
-140	-3.2	0.01146
-140	-3.1	0.0097863
-140	-3	0.0078798
-140	-2.9	0.0061469
-140	-2.8	0.0075424
-140	-2.7	0.012515
-140	-2.6	0.017139
-140	-2.5	0.021121
-140	-2.4	0.023435
-140	-2.3	0.025698
-140	-2.2	0.02799
-140	-2.1	0.030151
-140	-2	0.035562
-140	-1.9	0.038532
-140	-1.8	0.041376
-140	-1.7	0.041863
-140	-1.6	0.039009
-140	-1.5	0.035727
-140	-1.4	0.026624
-140	-1.3	0.018645
-140	-1.2	0.01695
-140	-1.1	0.019815
-140	-1	0.031565
-140	-0.9	0.038155
-140	-0.8	0.044673
-140	-0.7	0.049336
-140	-0.6	0.048962
-140	-0.5	0.045214
-140	-0.4	0.041557
-140	-0.3	0.035412
-140	-0.2	0.029788
-140	-0.1	0.024276
-140	0	0.021143
-140	0.1	0.01905
-140	0.2	0.019212
-140	0.3	0.021234
-140	0.4	0.024738
-140	0.5	0.030422
-140	0.6	0.03383
-140	0.7	0.039204
-140	0.8	0.041869
-140	0.9	0.042771
-140	1	0.041511
-140	1.1	0.03879
-140	1.2	0.036213
-140	1.3	0.032459
-140	1.4	0.031385
-140	1.5	0.030866
-140	1.6	0.031576
-140	1.7	0.032573
-140	1.8	0.033641
-140	1.9	0.033166
-140	2	0.031596
-140	2.1	0.029505
-140	2.2	0.027677
-140	2.3	0.025906
-140	2.4	0.024086
-140	2.5	0.022222
-140	2.6	0.019334
-140	2.7	0.017602
-140	2.8	0.014243
-140	2.9	0.011854
-140	3	0.0099208
-140	3.1	0.00944
-140	3.2	0.010203
-140	3.3	0.010811
-140	3.4	0.011075
-140	3.5	0.010435
-140	3.6	0.010574
-140	3.7	0.010999
-140	3.8	0.010914
-140	3.9	0.011151
-140	4	0.011594
-130	-4	0.010926
-130	-3.9	0.011341
-130	-3.8	0.011646
-130	-3.7	0.011934
-130	-3.6	0.011901
-130	-3.5	0.011946
-130	-3.4	0.011973
-130	-3.3	0.011604
-130	-3.2	0.010724
-130	-3.1	0.0090964
-130	-3	0.0070552
-130	-2.9	0.0068578
-130	-2.8	0.008016
-130	-2.7	0.012348
-130	-2.6	0.016525
-130	-2.5	0.020242
-130	-2.4	0.023601
-130	-2.3	0.027483
-130	-2.2	0.030638
-130	-2.1	0.036615
-130	-2	0.040574
-130	-1.9	0.043167
-130	-1.8	0.044841
-130	-1.7	0.043324
-130	-1.6	0.038068
-130	-1.5	0.032681
-130	-1.4	0.022383
-130	-1.3	0.018265
-130	-1.2	0.020157
-130	-1.1	0.031339
-130	-1	0.037604
-130	-0.9	0.045142
-130	-0.8	0.049647
-130	-0.7	0.051182
-130	-0.6	0.048554
-130	-0.5	0.044786
-130	-0.4	0.037539
-130	-0.3	0.03218
-130	-0.2	0.026376
-130	-0.1	0.02384
-130	0	0.021259
-130	0.1	0.020317
-130	0.2	0.021205
-130	0.3	0.024089
-130	0.4	0.029666
-130	0.5	0.033871
-130	0.6	0.038944
-130	0.7	0.04154
-130	0.8	0.043097
-130	0.9	0.04315
-130	1	0.04124
-130	1.1	0.038061
-130	1.2	0.035519
-130	1.3	0.032933
-130	1.4	0.031924
-130	1.5	0.031558
-130	1.6	0.031577
-130	1.7	0.032339
-130	1.8	0.033238
-130	1.9	0.03325
-130	2	0.031682
-130	2.1	0.029834
-130	2.2	0.026572
-130	2.3	0.023486
-130	2.4	0.021247
-130	2.5	0.017725
-130	2.6	0.015407
-130	2.7	0.014218
-130	2.8	0.013176
-130	2.9	0.011081
-130	3	0.0097383
-130	3.1	0.0085996
-130	3.2	0.0086558
-130	3.3	0.0084211
-130	3.4	0.008917
-130	3.5	0.0096399
-130	3.6	0.010254
-130	3.7	0.010194
-130	3.8	0.010211
-130	3.9	0.0095928
-130	4	0.0089079
-120	-4	0.013427
-120	-3.9	0.014107
-120	-3.8	0.013426
-120	-3.7	0.011508
-120	-3.6	0.010153
-120	-3.5	0.0087616
-120	-3.4	0.0083923
-120	-3.3	0.0088424
-120	-3.2	0.0086931
-120	-3.1	0.0076593
-120	-3	0.0070346
-120	-2.9	0.0074083
-120	-2.8	0.010844
-120	-2.7	0.017864
-120	-2.6	0.022042
-120	-2.5	0.024583
-120	-2.4	0.027653
-120	-2.3	0.028885
-120	-2.2	0.031625
-120	-2.1	0.034693
-120	-2	0.037225
-120	-1.9	0.040021
-120	-1.8	0.041119
-120	-1.7	0.038853
-120	-1.6	0.032337
-120	-1.5	0.027504
-120	-1.4	0.01897
-120	-1.3	0.01757
-120	-1.2	0.021917
-120	-1.1	0.03068
-120	-1	0.042789
-120	-0.9	0.047939
-120	-0.8	0.052206
-120	-0.7	0.0534
-120	-0.6	0.049838
-120	-0.5	0.045948
-120	-0.4	0.038902
-120	-0.3	0.031373
-120	-0.2	0.024968
-120	-0.1	0.021456
-120	0	0.017933
-120	0.1	0.017708
-120	0.2	0.019353
-120	0.3	0.022636
-120	0.4	0.02951
-120	0.5	0.034435
-120	0.6	0.039467
-120	0.7	0.042167
-120	0.8	0.044261
-120	0.9	0.043692
-120	1	0.041448
-120	1.1	0.037062
-120	1.2	0.033326
-120	1.3	0.030346
-120	1.4	0.029626
-120	1.5	0.030637
-120	1.6	0.032742
-120	1.7	0.034124
-120	1.8	0.03484
-120	1.9	0.033192
-120	2	0.031036
-120	2.1	0.027296
-120	2.2	0.024641
-120	2.3	0.023047
-120	2.4	0.0212
-120	2.5	0.020051
-120	2.6	0.019004
-120	2.7	0.017828
-120	2.8	0.015226
-120	2.9	0.013713
-120	3	0.010215
-120	3.1	0.0096248
-120	3.2	0.0099094
-120	3.3	0.011012
-120	3.4	0.010604
-120	3.5	0.010936
-120	3.6	0.011482
-120	3.7	0.011302
-120	3.8	0.010949
-120	3.9	0.010836
-120	4	0.010807
-110	-4	0.013658
-110	-3.9	0.013032
-110	-3.8	0.011508
-110	-3.7	0.0097879
-110	-3.6	0.0093349
-110	-3.5	0.010437
-110	-3.4	0.011657
-110	-3.3	0.012176
-110	-3.2	0.011062
-110	-3.1	0.0080943
-110	-3	0.0068152
-110	-2.9	0.0096164
-110	-2.8	0.01508
-110	-2.7	0.021457
-110	-2.6	0.023849
-110	-2.5	0.026396
-110	-2.4	0.028571
-110	-2.3	0.030736
-110	-2.2	0.034215
-110	-2.1	0.038342
-110	-2	0.043
-110	-1.9	0.045838
-110	-1.8	0.045533
-110	-1.7	0.041969
-110	-1.6	0.036218
-110	-1.5	0.023461
-110	-1.4	0.018647
-110	-1.3	0.022544
-110	-1.2	0.02876
-110	-1.1	0.042034
-110	-1	0.051095
-110	-0.9	0.054588
-110	-0.8	0.054876
-110	-0.7	0.052443
-110	-0.6	0.044953
-110	-0.5	0.036957
-110	-0.4	0.032152
-110	-0.3	0.025994
-110	-0.2	0.023162
-110	-0.1	0.020668
-110	0	0.019703
-110	0.1	0.021065
-110	0.2	0.023608
-110	0.3	0.028587
-110	0.4	0.033508
-110	0.5	0.036335
-110	0.6	0.040843
-110	0.7	0.042329
-110	0.8	0.042099
-110	0.9	0.041332
-110	1	0.038868
-110	1.1	0.035357
-110	1.2	0.032602
-110	1.3	0.031303
-110	1.4	0.031143
-110	1.5	0.031399
-110	1.6	0.032102
-110	1.7	0.032957
-110	1.8	0.033212
-110	1.9	0.031769
-110	2	0.029744
-110	2.1	0.02686
-110	2.2	0.024846
-110	2.3	0.023075
-110	2.4	0.020908
-110	2.5	0.018214
-110	2.6	0.01649
-110	2.7	0.014823
-110	2.8	0.012649
-110	2.9	0.011963
-110	3	0.011352
-110	3.1	0.011957
-110	3.2	0.012374
-110	3.3	0.012071
-110	3.4	0.01124
-110	3.5	0.010438
-110	3.6	0.010432
-110	3.7	0.010926
-110	3.8	0.010949
-110	3.9	0.011236
-110	4	0.010659
-100	-4	0.014462
-100	-3.9	0.013298
-100	-3.8	0.011306
-100	-3.7	0.0094502
-100	-3.6	0.0093747
-100	-3.5	0.010165
-100	-3.4	0.012319
-100	-3.3	0.012429
-100	-3.2	0.011339
-100	-3.1	0.0070254
-100	-3	0.0065714
-100	-2.9	0.011349
-100	-2.8	0.018446
-100	-2.7	0.023314
-100	-2.6	0.028092
-100	-2.5	0.030736
-100	-2.4	0.03289
-100	-2.3	0.034401
-100	-2.2	0.037635
-100	-2.1	0.040968
-100	-2	0.042604
-100	-1.9	0.042571
-100	-1.8	0.039448
-100	-1.7	0.036198
-100	-1.6	0.026301
-100	-1.5	0.020843
-100	-1.4	0.020551
-100	-1.3	0.024775
-100	-1.2	0.034277
-100	-1.1	0.043952
-100	-1	0.049738
-100	-0.9	0.052413
-100	-0.8	0.051652
-100	-0.7	0.049043
-100	-0.6	0.043863
-100	-0.5	0.037296
-100	-0.4	0.032753
-100	-0.3	0.027652
-100	-0.2	0.023977
-100	-0.1	0.021387
-100	0	0.019848
-100	0.1	0.021153
-100	0.2	0.023593
-100	0.3	0.029713
-100	0.4	0.033178
-100	0.5	0.038494
-100	0.6	0.041847
-100	0.7	0.042568
-100	0.8	0.04272
-100	0.9	0.041277
-100	1	0.039323
-100	1.1	0.037033
-100	1.2	0.035029
-100	1.3	0.034993
-100	1.4	0.034954
-100	1.5	0.034877
-100	1.6	0.034555
-100	1.7	0.034063
-100	1.8	0.032522
-100	1.9	0.030899
-100	2	0.028374
-100	2.1	0.027145
-100	2.2	0.025419
-100	2.3	0.023467
-100	2.4	0.020108
-100	2.5	0.016814
-100	2.6	0.014285
-100	2.7	0.011653
-100	2.8	0.011424
-100	2.9	0.011116
-100	3	0.01123
-100	3.1	0.010719
-100	3.2	0.010485
-100	3.3	0.0092794
-100	3.4	0.0082329
-100	3.5	0.0079513
-100	3.6	0.0085108
-100	3.7	0.0089658
-100	3.8	0.0088186
-100	3.9	0.0083884
-100	4	0.0084173
-90	-4	0.013626
-90	-3.9	0.012798
-90	-3.8	0.010741
-90	-3.7	0.0096231
-90	-3.6	0.011026
-90	-3.5	0.01246
-90	-3.4	0.013532
-90	-3.3	0.013038
-90	-3.2	0.0094263
-90	-3.1	0.0075552
-90	-3	0.00967
-90	-2.9	0.016615
-90	-2.8	0.021392
-90	-2.7	0.0264
-90	-2.6	0.029197
-90	-2.5	0.030863
-90	-2.4	0.032663
-90	-2.3	0.035516
-90	-2.2	0.037472
-90	-2.1	0.03981
-90	-2	0.041336
-90	-1.9	0.040321
-90	-1.8	0.036079
-90	-1.7	0.027989
-90	-1.6	0.021905
-90	-1.5	0.018672
-90	-1.4	0.022455
-90	-1.3	0.03288
-90	-1.2	0.040922
-90	-1.1	0.049666
-90	-1	0.05406
-90	-0.9	0.053517
-90	-0.8	0.050527
-90	-0.7	0.043999
-90	-0.6	0.039036
-90	-0.5	0.03051
-90	-0.4	0.025632
-90	-0.3	0.020894
-90	-0.2	0.017957
-90	-0.1	0.016493
-90	0	0.016644
-90	0.1	0.020001
-90	0.2	0.024453
-90	0.3	0.029927
-90	0.4	0.034914
-90	0.5	0.039566
-90	0.6	0.042697
-90	0.7	0.042616
-90	0.8	0.040628
-90	0.9	0.036209
-90	1	0.031618
-90	1.1	0.029468
-90	1.2	0.027849
-90	1.3	0.028522
-90	1.4	0.030482
-90	1.5	0.031661
-90	1.6	0.032419
-90	1.7	0.032514
-90	1.8	0.030967
-90	1.9	0.028984
-90	2	0.02699
-90	2.1	0.025339
-90	2.2	0.024763
-90	2.3	0.023139
-90	2.4	0.021172
-90	2.5	0.018985
-90	2.6	0.017314
-90	2.7	0.01433
-90	2.8	0.012959
-90	2.9	0.012098
-90	3	0.01231
-90	3.1	0.013055
-90	3.2	0.013128
-90	3.3	0.012277
-90	3.4	0.011209
-90	3.5	0.010282
-90	3.6	0.010348
-90	3.7	0.010336
-90	3.8	0.010584
-90	3.9	0.010551
-90	4	0.010943
-80	-4	0.011375
-80	-3.9	0.0099452
-80	-3.8	0.0086071
-80	-3.7	0.0091919
-80	-3.6	0.0097995
-80	-3.5	0.010795
-80	-3.4	0.010403
-80	-3.3	0.0091266
-80	-3.2	0.0073734
-80	-3.1	0.0097515
-80	-3	0.014726
-80	-2.9	0.019652
-80	-2.8	0.022629
-80	-2.7	0.025872
-80	-2.6	0.027779
-80	-2.5	0.02965
-80	-2.4	0.031267
-80	-2.3	0.034023
-80	-2.2	0.037486
-80	-2.1	0.040665
-80	-2	0.041651
-80	-1.9	0.03977
-80	-1.8	0.034711
-80	-1.7	0.025509
-80	-1.6	0.020567
-80	-1.5	0.021507
-80	-1.4	0.028385
-80	-1.3	0.037813
-80	-1.2	0.049449
-80	-1.1	0.053725
-80	-1	0.055641
-80	-0.9	0.053183
-80	-0.8	0.049519
-80	-0.7	0.042891
-80	-0.6	0.034187
-80	-0.5	0.02583
-80	-0.4	0.022651
-80	-0.3	0.018618
-80	-0.2	0.017374
-80	-0.1	0.01599
-80	0	0.016045
-80	0.1	0.019259
-80	0.2	0.023923
-80	0.3	0.030227
-80	0.4	0.036523
-80	0.5	0.040175
-80	0.6	0.041469
-80	0.7	0.041723
-80	0.8	0.040071
-80	0.9	0.036981
-80	1	0.033077
-80	1.1	0.030963
-80	1.2	0.029137
-80	1.3	0.029231
-80	1.4	0.030079
-80	1.5	0.030861
-80	1.6	0.032018
-80	1.7	0.031733
-80	1.8	0.030474
-80	1.9	0.028843
-80	2	0.026002
-80	2.1	0.023858
-80	2.2	0.022396
-80	2.3	0.020393
-80	2.4	0.018857
-80	2.5	0.017738
-80	2.6	0.015278
-80	2.7	0.013027
-80	2.8	0.011107
-80	2.9	0.010435
-80	3	0.01092
-80	3.1	0.010933
-80	3.2	0.011722
-80	3.3	0.011403
-80	3.4	0.010534
-80	3.5	0.0098357
-80	3.6	0.0096516
-80	3.7	0.0095945
-80	3.8	0.010007
-80	3.9	0.0094142
-80	4	0.0095065
-70	-4	0.010615
-70	-3.9	0.010361
-70	-3.8	0.010186
-70	-3.7	0.0098242
-70	-3.6	0.0092637
-70	-3.5	0.0085544
-70	-3.4	0.0076445
-70	-3.3	0.0075574
-70	-3.2	0.0081738
-70	-3.1	0.010952
-70	-3	0.015181
-70	-2.9	0.019662
-70	-2.8	0.022503
-70	-2.7	0.025053
-70	-2.6	0.026464
-70	-2.5	0.028585
-70	-2.4	0.03138
-70	-2.3	0.035719
-70	-2.2	0.039378
-70	-2.1	0.041505
-70	-2	0.040596
-70	-1.9	0.037242
-70	-1.8	0.029707
-70	-1.7	0.023423
-70	-1.6	0.021463
-70	-1.5	0.026448
-70	-1.4	0.033581
-70	-1.3	0.045559
-70	-1.2	0.054203
-70	-1.1	0.057089
-70	-1	0.056962
-70	-0.9	0.052593
-70	-0.8	0.047613
-70	-0.7	0.040076
-70	-0.6	0.031206
-70	-0.5	0.024131
-70	-0.4	0.020356
-70	-0.3	0.01784
-70	-0.2	0.016732
-70	-0.1	0.016308
-70	0	0.018353
-70	0.1	0.022747
-70	0.2	0.03029
-70	0.3	0.034987
-70	0.4	0.038392
-70	0.5	0.040593
-70	0.6	0.041735
-70	0.7	0.040683
-70	0.8	0.038135
-70	0.9	0.036319
-70	1	0.035613
-70	1.1	0.033666
-70	1.2	0.032161
-70	1.3	0.031311
-70	1.4	0.030643
-70	1.5	0.030033
-70	1.6	0.029779
-70	1.7	0.0295
-70	1.8	0.029287
-70	1.9	0.028665
-70	2	0.026799
-70	2.1	0.02451
-70	2.2	0.021587
-70	2.3	0.020026
-70	2.4	0.018432
-70	2.5	0.016682
-70	2.6	0.015812
-70	2.7	0.014259
-70	2.8	0.013218
-70	2.9	0.011572
-70	3	0.010178
-70	3.1	0.010116
-70	3.2	0.01071
-70	3.3	0.010799
-70	3.4	0.010417
-70	3.5	0.0098587
-70	3.6	0.0092567
-70	3.7	0.007714
-70	3.8	0.0074562
-70	3.9	0.0070185
-70	4	0.0070964
-60	-4	0.0085996
-60	-3.9	0.0075102
-60	-3.8	0.0072585
-60	-3.7	0.0085808
-60	-3.6	0.0096666
-60	-3.5	0.0098521
-60	-3.4	0.0091584
-60	-3.3	0.0077161
-60	-3.2	0.007762
-60	-3.1	0.01098
-60	-3	0.017583
-60	-2.9	0.020348
-60	-2.8	0.02394
-60	-2.7	0.025149
-60	-2.6	0.02681
-60	-2.5	0.029242
-60	-2.4	0.031101
-60	-2.3	0.034882
-60	-2.2	0.036831
-60	-2.1	0.038072
-60	-2	0.037979
-60	-1.9	0.034796
-60	-1.8	0.030938
-60	-1.7	0.025474
-60	-1.6	0.024716
-60	-1.5	0.029471
-60	-1.4	0.037821
-60	-1.3	0.04671
-60	-1.2	0.054737
-60	-1.1	0.056685
-60	-1	0.054865
-60	-0.9	0.050389
-60	-0.8	0.043706
-60	-0.7	0.035574
-60	-0.6	0.027881
-60	-0.5	0.022831
-60	-0.4	0.019378
-60	-0.3	0.0168
-60	-0.2	0.015139
-60	-0.1	0.014782
-60	0	0.016751
-60	0.1	0.020309
-60	0.2	0.028722
-60	0.3	0.033206
-60	0.4	0.039502
-60	0.5	0.042523
-60	0.6	0.043474
-60	0.7	0.042656
-60	0.8	0.039973
-60	0.9	0.036186
-60	1	0.034106
-60	1.1	0.031768
-60	1.2	0.030597
-60	1.3	0.030929
-60	1.4	0.031099
-60	1.5	0.031235
-60	1.6	0.03059
-60	1.7	0.029407
-60	1.8	0.027294
-60	1.9	0.026028
-60	2	0.023236
-60	2.1	0.020038
-60	2.2	0.018054
-60	2.3	0.016984
-60	2.4	0.013934
-60	2.5	0.012612
-60	2.6	0.010943
-60	2.7	0.0091936
-60	2.8	0.0086165
-60	2.9	0.0086446
-60	3	0.0088862
-60	3.1	0.0090876
-60	3.2	0.0099598
-60	3.3	0.01002
-60	3.4	0.0099484
-60	3.5	0.0089874
-60	3.6	0.0082583
-60	3.7	0.0086015
-60	3.8	0.0082211
-60	3.9	0.0076212
-60	4	0.0071304
-50	-4	0.0084575
-50	-3.9	0.0082896
-50	-3.8	0.0084556
-50	-3.7	0.0074778
-50	-3.6	0.0088039
-50	-3.5	0.0095658
-50	-3.4	0.010162
-50	-3.3	0.010245
-50	-3.2	0.01002
-50	-3.1	0.010865
-50	-3	0.01369
-50	-2.9	0.01916
-50	-2.8	0.023198
-50	-2.7	0.027718
-50	-2.6	0.030863
-50	-2.5	0.033241
-50	-2.4	0.03511
-50	-2.3	0.036318
-50	-2.2	0.036924
-50	-2.1	0.036761
-50	-2	0.035426
-50	-1.9	0.032621
-50	-1.8	0.028086
-50	-1.7	0.024384
-50	-1.6	0.026636
-50	-1.5	0.030889
-50	-1.4	0.041712
-50	-1.3	0.048664
-50	-1.2	0.053241
-50	-1.1	0.055078
-50	-1	0.053294
-50	-0.9	0.048921
-50	-0.8	0.041649
-50	-0.7	0.034853
-50	-0.6	0.026987
-50	-0.5	0.023032
-50	-0.4	0.020202
-50	-0.3	0.015938
-50	-0.2	0.014
-50	-0.1	0.013849
-50	0	0.016138
-50	0.1	0.021035
-50	0.2	0.027573
-50	0.3	0.034737
-50	0.4	0.040277
-50	0.5	0.042435
-50	0.6	0.043671
-50	0.7	0.042335
-50	0.8	0.039506
-50	0.9	0.034746
-50	1	0.031713
-50	1.1	0.029184
-50	1.2	0.028644
-50	1.3	0.029329
-50	1.4	0.030916
-50	1.5	0.030973
-50	1.6	0.030039
-50	1.7	0.028071
-50	1.8	0.026456
-50	1.9	0.025187
-50	2	0.023534
-50	2.1	0.022285
-50	2.2	0.021521
-50	2.3	0.020469
-50	2.4	0.019099
-50	2.5	0.016854
-50	2.6	0.013541
-50	2.7	0.012092
-50	2.8	0.011008
-50	2.9	0.010653
-50	3	0.010483
-50	3.1	0.010023
-50	3.2	0.0094177
-50	3.3	0.0089243
-50	3.4	0.0076951
-50	3.5	0.0070323
-50	3.6	0.0066447
-50	3.7	0.0070895
-50	3.8	0.006846
-50	3.9	0.0063817
-50	4	0.0059001
-40	-4	0.0090858
-40	-3.9	0.0074105
-40	-3.8	0.0064922
-40	-3.7	0.0085639
-40	-3.6	0.010807
-40	-3.5	0.011639
-40	-3.4	0.010535
-40	-3.3	0.0083942
-40	-3.2	0.0084975
-40	-3.1	0.012581
-40	-3	0.020272
-40	-2.9	0.02459
-40	-2.8	0.027863
-40	-2.7	0.029103
-40	-2.6	0.029336
-40	-2.5	0.030253
-40	-2.4	0.031724
-40	-2.3	0.03447
-40	-2.2	0.036547
-40	-2.1	0.037259
-40	-2	0.036033
-40	-1.9	0.033586
-40	-1.8	0.029575
-40	-1.7	0.02594
-40	-1.6	0.027931
-40	-1.5	0.033562
-40	-1.4	0.040684
-40	-1.3	0.050987
-40	-1.2	0.054434
-40	-1.1	0.056287
-40	-1	0.054377
-40	-0.9	0.049289
-40	-0.8	0.042646
-40	-0.7	0.0348
-40	-0.6	0.026445
-40	-0.5	0.021926
-40	-0.4	0.018361
-40	-0.3	0.015357
-40	-0.2	0.014764
-40	-0.1	0.016465
-40	0	0.019876
-40	0.1	0.025332
-40	0.2	0.032543
-40	0.3	0.037461
-40	0.4	0.040849
-40	0.5	0.042566
-40	0.6	0.043008
-40	0.7	0.041208
-40	0.8	0.03908
-40	0.9	0.03642
-40	1	0.034201
-40	1.1	0.032548
-40	1.2	0.030607
-40	1.3	0.029781
-40	1.4	0.029272
-40	1.5	0.028462
-40	1.6	0.027513
-40	1.7	0.02692
-40	1.8	0.026512
-40	1.9	0.026181
-40	2	0.024323
-40	2.1	0.022823
-40	2.2	0.020595
-40	2.3	0.018433
-40	2.4	0.015379
-40	2.5	0.013493
-40	2.6	0.012128
-40	2.7	0.012162
-40	2.8	0.012072
-40	2.9	0.011219
-40	3	0.010645
-40	3.1	0.0096967
-40	3.2	0.0089604
-40	3.3	0.0091071
-40	3.4	0.0093159
-40	3.5	0.0092863
-40	3.6	0.0096399
-40	3.7	0.0094571
-40	3.8	0.0091672
-40	3.9	0.0087468
-40	4	0.0081262
-30	-4	0.0059655
-30	-3.9	0.0052385
-30	-3.8	0.0073624
-30	-3.7	0.0092637
-30	-3.6	0.010322
-30	-3.5	0.010685
-30	-3.4	0.009328
-30	-3.3	0.0079655
-30	-3.2	0.0084709
-30	-3.1	0.013427
-30	-3	0.018452
-30	-2.9	0.023647
-30	-2.8	0.026784
-30	-2.7	0.029528
-30	-2.6	0.029376
-30	-2.5	0.028703
-30	-2.4	0.028905
-30	-2.3	0.030839
-30	-2.2	0.034868
-30	-2.1	0.036979
-30	-2	0.03817
-30	-1.9	0.035901
-30	-1.8	0.030116
-30	-1.7	0.025171
-30	-1.6	0.02576
-30	-1.5	0.033693
-30	-1.4	0.045215
-30	-1.3	0.055866
-30	-1.2	0.061131
-30	-1.1	0.063386
-30	-1	0.058749
-30	-0.9	0.054041
-30	-0.8	0.045427
-30	-0.7	0.033888
-30	-0.6	0.024884
-30	-0.5	0.018917
-30	-0.4	0.015509
-30	-0.3	0.014065
-30	-0.2	0.014555
-30	-0.1	0.018084
-30	0	0.025247
-30	0.1	0.030907
-30	0.2	0.036095
-30	0.3	0.042439
-30	0.4	0.04495
-30	0.5	0.045706
-30	0.6	0.044074
-30	0.7	0.041952
-30	0.8	0.038773
-30	0.9	0.036807
-30	1	0.034771
-30	1.1	0.032159
-30	1.2	0.031411
-30	1.3	0.029688
-30	1.4	0.028958
-30	1.5	0.028288
-30	1.6	0.027886
-30	1.7	0.027516
-30	1.8	0.02688
-30	1.9	0.026415
-30	2	0.024156
-30	2.1	0.022508
-30	2.2	0.019696
-30	2.3	0.017797
-30	2.4	0.016812
-30	2.5	0.014286
-30	2.6	0.01366
-30	2.7	0.013135
-30	2.8	0.012429
-30	2.9	0.011309
-30	3	0.010203
-30	3.1	0.0099175
-30	3.2	0.009816
-30	3.3	0.009989
-30	3.4	0.0093936
-30	3.5	0.008846
-30	3.6	0.0080983
-30	3.7	0.0082112
-30	3.8	0.0083537
-30	3.9	0.0082466
-30	4	0.0081678
-20	-4	0.0080603
-20	-3.9	0.0076212
-20	-3.8	0.0082525
-20	-3.7	0.0096482
-20	-3.6	0.011479
-20	-3.5	0.013328
-20	-3.4	0.013508
-20	-3.3	0.012593
-20	-3.2	0.012012
-20	-3.1	0.013667
-20	-3	0.018765
-20	-2.9	0.022615
-20	-2.8	0.026968
-20	-2.7	0.029893
-20	-2.6	0.030415
-20	-2.5	0.030142
-20	-2.4	0.029638
-20	-2.3	0.030434
-20	-2.2	0.031298
-20	-2.1	0.03248
-20	-2	0.033082
-20	-1.9	0.031652
-20	-1.8	0.02814
-20	-1.7	0.026045
-20	-1.6	0.027012
-20	-1.5	0.032616
-20	-1.4	0.042878
-20	-1.3	0.050297
-20	-1.2	0.057968
-20	-1.1	0.061091
-20	-1	0.060445
-20	-0.9	0.055765
-20	-0.8	0.050391
-20	-0.7	0.0399
-20	-0.6	0.028815
-20	-0.5	0.02112
-20	-0.4	0.016797
-20	-0.3	0.014826
-20	-0.2	0.014197
-20	-0.1	0.015914
-20	0	0.018939
-20	0.1	0.02357
-20	0.2	0.031551
-20	0.3	0.039512
-20	0.4	0.045419
-20	0.5	0.047497
-20	0.6	0.048322
-20	0.7	0.04581
-20	0.8	0.040925
-20	0.9	0.037437
-20	1	0.033739
-20	1.1	0.031692
-20	1.2	0.030401
-20	1.3	0.030497
-20	1.4	0.031143
-20	1.5	0.030917
-20	1.6	0.028906
-20	1.7	0.027009
-20	1.8	0.025353
-20	1.9	0.024115
-20	2	0.023264
-20	2.1	0.023038
-20	2.2	0.022566
-20	2.3	0.021311
-20	2.4	0.02004
-20	2.5	0.01773
-20	2.6	0.015275
-20	2.7	0.012641
-20	2.8	0.011115
-20	2.9	0.010612
-20	3	0.010153
-20	3.1	0.0094741
-20	3.2	0.0081876
-20	3.3	0.0074062
-20	3.4	0.007369
-20	3.5	0.0073183
-20	3.6	0.0076867
-20	3.7	0.0080402
-20	3.8	0.0077579
-20	3.9	0.0080462
-20	4	0.0077932
-10	-4	0.009715
-10	-3.9	0.0095438
-10	-3.8	0.0097017
-10	-3.7	0.010164
-10	-3.6	0.010082
-10	-3.5	0.010334
-10	-3.4	0.011033
-10	-3.3	0.012004
-10	-3.2	0.013704
-10	-3.1	0.017079
-10	-3	0.022394
-10	-2.9	0.025819
-10	-2.8	0.028956
-10	-2.7	0.03052
-10	-2.6	0.030946
-10	-2.5	0.031285
-10	-2.4	0.032887
-10	-2.3	0.036062
-10	-2.2	0.038191
-10	-2.1	0.039216
-10	-2	0.038254
-10	-1.9	0.034032
-10	-1.8	0.030509
-10	-1.7	0.027652
-10	-1.6	0.029687
-10	-1.5	0.037337
-10	-1.4	0.044123
-10	-1.3	0.054071
-10	-1.2	0.060276
-10	-1.1	0.063769
-10	-1	0.062532
-10	-0.9	0.058435
-10	-0.8	0.050191
-10	-0.7	0.040817
-10	-0.6	0.032441
-10	-0.5	0.023499
-10	-0.4	0.020992
-10	-0.3	0.018142
-10	-0.2	0.018038
-10	-0.1	0.019392
-10	0	0.02346
-10	0.1	0.028663
-10	0.2	0.038308
-10	0.3	0.043171
-10	0.4	0.047321
-10	0.5	0.050582
-10	0.6	0.050189
-10	0.7	0.049014
-10	0.8	0.044886
-10	0.9	0.041687
-10	1	0.036757
-10	1.1	0.03449
-10	1.2	0.033246
-10	1.3	0.032716
-10	1.4	0.032937
-10	1.5	0.032266
-10	1.6	0.030962
-10	1.7	0.029176
-10	1.8	0.027448
-10	1.9	0.025692
-10	2	0.024364
-10	2.1	0.022766
-10	2.2	0.021694
-10	2.3	0.020199
-10	2.4	0.018354
-10	2.5	0.01634
-10	2.6	0.013754
-10	2.7	0.012458
-10	2.8	0.011332
-10	2.9	0.010471
-10	3	0.0099647
-10	3.1	0.0099647
-10	3.2	0.0094108
-10	3.3	0.009295
-10	3.4	0.0094554
-10	3.5	0.0096281
-10	3.6	0.0094724
-10	3.7	0.0087339
-10	3.8	0.0076825
-10	3.9	0.0069444
-10	4	0.0065787
0	-4	0.011545
0	-3.9	0.0098456
0	-3.8	0.0086259
0	-3.7	0.010057
0	-3.6	0.013259
0	-3.5	0.01612
0	-3.4	0.017026
0	-3.3	0.016261
0	-3.2	0.015287
0	-3.1	0.018265
0	-3	0.022989
0	-2.9	0.026218
0	-2.8	0.030649
0	-2.7	0.032693
0	-2.6	0.032707
0	-2.5	0.032063
0	-2.4	0.032334
0	-2.3	0.033829
0	-2.2	0.03632
0	-2.1	0.037654
0	-2	0.038075
0	-1.9	0.036639
0	-1.8	0.033876
0	-1.7	0.031383
0	-1.6	0.029022
0	-1.5	0.030607
0	-1.4	0.040545
0	-1.3	0.047552
0	-1.2	0.057102
0	-1.1	0.061144
0	-1	0.062239
0	-0.9	0.057693
0	-0.8	0.053757
0	-0.7	0.04525
0	-0.6	0.038183
0	-0.5	0.027889
0	-0.4	0.023677
0	-0.3	0.019652
0	-0.2	0.019298
0	-0.1	0.020496
0	0	0.023622
0	0.1	0.03186
0	0.2	0.036705
0	0.3	0.044594
0	0.4	0.0502
0	0.5	0.053197
0	0.6	0.053645
0	0.7	0.050587
0	0.8	0.047824
0	0.9	0.041794
0	1	0.038973
0	1.1	0.035776
0	1.2	0.035416
0	1.3	0.035787
0	1.4	0.035767
0	1.5	0.035369
0	1.6	0.034013
0	1.7	0.032631
0	1.8	0.029664
0	1.9	0.027264
0	2	0.025974
0	2.1	0.025518
0	2.2	0.024804
0	2.3	0.023154
0	2.4	0.021192
0	2.5	0.0178
0	2.6	0.01481
0	2.7	0.012767
0	2.8	0.011545
0	2.9	0.010973
0	3	0.010345
0	3.1	0.0095979
0	3.2	0.0088934
0	3.3	0.0088843
0	3.4	0.0089604
0	3.5	0.009778
0	3.6	0.0099305
0	3.7	0.010477
0	3.8	0.0096967
0	3.9	0.0090501
0	4	0.0087745
10	-4	0.0098275
10	-3.9	0.0084918
10	-3.8	0.0070986
10	-3.7	0.0086614
10	-3.6	0.011243
10	-3.5	0.014265
10	-3.4	0.015025
10	-3.3	0.014682
10	-3.2	0.013616
10	-3.1	0.013983
10	-3	0.01845
10	-2.9	0.022001
10	-2.8	0.026358
10	-2.7	0.030068
10	-2.6	0.032467
10	-2.5	0.033396
10	-2.4	0.033923
10	-2.3	0.034442
10	-2.2	0.03608
10	-2.1	0.038343
10	-2	0.03955
10	-1.9	0.039587
10	-1.8	0.037835
10	-1.7	0.034228
10	-1.6	0.0324
10	-1.5	0.033835
10	-1.4	0.040416
10	-1.3	0.048938
10	-1.2	0.055887
10	-1.1	0.060227
10	-1	0.063319
10	-0.9	0.060902
10	-0.8	0.057026
10	-0.7	0.050088
10	-0.6	0.03889
10	-0.5	0.030414
10	-0.4	0.024796
10	-0.3	0.01956
10	-0.2	0.018959
10	-0.1	0.020508
10	0	0.023932
10	0.1	0.028447
10	0.2	0.037437
10	0.3	0.042829
10	0.4	0.048047
10	0.5	0.052377
10	0.6	0.053217
10	0.7	0.052399
10	0.8	0.049069
10	0.9	0.044488
10	1	0.041441
10	1.1	0.039363
10	1.2	0.037283
10	1.3	0.036789
10	1.4	0.036367
10	1.5	0.035931
10	1.6	0.034564
10	1.7	0.032078
10	1.8	0.029389
10	1.9	0.027182
10	2	0.026351
10	2.1	0.025469
10	2.2	0.024575
10	2.3	0.022437
10	2.4	0.020688
10	2.5	0.017478
10	2.6	0.015239
10	2.7	0.012536
10	2.8	0.011301
10	2.9	0.010949
10	3	0.0098505
10	3.1	0.0089514
10	3.2	0.0080502
10	3.3	0.0072496
10	3.4	0.0065344
10	3.5	0.0070093
10	3.6	0.0077953
10	3.7	0.0088259
10	3.8	0.0088588
10	3.9	0.0085733
10	4	0.0077516
20	-4	0.010004
20	-3.9	0.0087579
20	-3.8	0.0075402
20	-3.7	0.0076783
20	-3.6	0.0091619
20	-3.5	0.012532
20	-3.4	0.014507
20	-3.3	0.015309
20	-3.2	0.015334
20	-3.1	0.014062
20	-3	0.013958
20	-2.9	0.018315
20	-2.8	0.022797
20	-2.7	0.02831
20	-2.6	0.032887
20	-2.5	0.035526
20	-2.4	0.036525
20	-2.3	0.036161
20	-2.2	0.035862
20	-2.1	0.036302
20	-2	0.037464
20	-1.9	0.038171
20	-1.8	0.037794
20	-1.7	0.035588
20	-1.6	0.033897
20	-1.5	0.034221
20	-1.4	0.038753
20	-1.3	0.046196
20	-1.2	0.052986
20	-1.1	0.056874
20	-1	0.061299
20	-0.9	0.062426
20	-0.8	0.060436
20	-0.7	0.051862
20	-0.6	0.046242
20	-0.5	0.035613
20	-0.4	0.02593
20	-0.3	0.022252
20	-0.2	0.019145
20	-0.1	0.019506
20	0	0.022503
20	0.1	0.025778
20	0.2	0.03085
20	0.3	0.040013
20	0.4	0.045946
20	0.5	0.052308
20	0.6	0.054346
20	0.7	0.054683
20	0.8	0.053043
20	0.9	0.04988
20	1	0.046411
20	1.1	0.04432
20	1.2	0.040654
20	1.3	0.03858
20	1.4	0.037374
20	1.5	0.035658
20	1.6	0.034507
20	1.7	0.03372
20	1.8	0.032056
20	1.9	0.030816
20	2	0.029857
20	2.1	0.027234
20	2.2	0.024407
20	2.3	0.021982
20	2.4	0.019044
20	2.5	0.016401
20	2.6	0.014303
20	2.7	0.013597
20	2.8	0.01385
20	2.9	0.013008
20	3	0.011892
20	3.1	0.010406
20	3.2	0.0089261
20	3.3	0.0085222
20	3.4	0.0082034
20	3.5	0.0082818
20	3.6	0.0082073
20	3.7	0.0080543
20	3.8	0.0082309
20	3.9	0.0072629
20	4	0.0070575
30	-4	0.0086596
30	-3.9	0.0073007
30	-3.8	0.0070185
30	-3.7	0.0079472
30	-3.6	0.0096884
30	-3.5	0.012611
30	-3.4	0.01386
30	-3.3	0.014169
30	-3.2	0.013317
30	-3.1	0.012913
30	-3	0.014099
30	-2.9	0.017983
30	-2.8	0.022975
30	-2.7	0.027742
30	-2.6	0.031488
30	-2.5	0.033033
30	-2.4	0.033006
30	-2.3	0.032921
30	-2.2	0.034543
30	-2.1	0.037547
30	-2	0.040053
30	-1.9	0.042175
30	-1.8	0.04158
30	-1.7	0.039192
30	-1.6	0.03472
30	-1.5	0.033149
30	-1.4	0.036547
30	-1.3	0.041741
30	-1.2	0.049678
30	-1.1	0.059602
30	-1	0.063364
30	-0.9	0.063718
30	-0.8	0.060979
30	-0.7	0.055088
30	-0.6	0.042583
30	-0.5	0.034405
30	-0.4	0.027306
30	-0.3	0.02388
30	-0.2	0.021118
30	-0.1	0.021157
30	0	0.023302
30	0.1	0.028214
30	0.2	0.032951
30	0.3	0.039964
30	0.4	0.047965
30	0.5	0.051254
30	0.6	0.054406
30	0.7	0.054968
30	0.8	0.053026
30	0.9	0.051361
30	1	0.046607
30	1.1	0.042989
30	1.2	0.041296
30	1.3	0.038954
30	1.4	0.037791
30	1.5	0.036701
30	1.6	0.035786
30	1.7	0.034707
30	1.8	0.033294
30	1.9	0.032003
30	2	0.030864
30	2.1	0.029571
30	2.2	0.026651
30	2.3	0.02409
30	2.4	0.022057
30	2.5	0.019527
30	2.6	0.017567
30	2.7	0.014819
30	2.8	0.013109
30	2.9	0.011909
30	3	0.010343
30	3.1	0.0094314
30	3.2	0.0092776
30	3.3	0.0091355
30	3.4	0.0089243
30	3.5	0.0083634
30	3.6	0.0081063
30	3.7	0.0079391
30	3.8	0.0081876
30	3.9	0.0088771
30	4	0.0088039
40	-4	0.010222
40	-3.9	0.010689
40	-3.8	0.0096382
40	-3.7	0.0075851
40	-3.6	0.0068271
40	-3.5	0.0092689
40	-3.4	0.011064
40	-3.3	0.012799
40	-3.2	0.013423
40	-3.1	0.012705
40	-3	0.01265
40	-2.9	0.015697
40	-2.8	0.020004
40	-2.7	0.026929
40	-2.6	0.031028
40	-2.5	0.032757
40	-2.4	0.033291
40	-2.3	0.032712
40	-2.2	0.033073
40	-2.1	0.035352
40	-2	0.038097
40	-1.9	0.042253
40	-1.8	0.04281
40	-1.7	0.041453
40	-1.6	0.038201
40	-1.5	0.034653
40	-1.4	0.03399
40	-1.3	0.037165
40	-1.2	0.045786
40	-1.1	0.052799
40	-1	0.060993
40	-0.9	0.063763
40	-0.8	0.062646
40	-0.7	0.059234
40	-0.6	0.050006
40	-0.5	0.040947
40	-0.4	0.030702
40	-0.3	0.0245
40	-0.2	0.020798
40	-0.1	0.02006
40	0	0.021285
40	0.1	0.025502
40	0.2	0.028973
40	0.3	0.035687
40	0.4	0.040692
40	0.5	0.046534
40	0.6	0.050033
40	0.7	0.052294
40	0.8	0.052603
40	0.9	0.050473
40	1	0.04775
40	1.1	0.044841
40	1.2	0.042814
40	1.3	0.040799
40	1.4	0.038192
40	1.5	0.036299
40	1.6	0.035996
40	1.7	0.035875
40	1.8	0.034685
40	1.9	0.032744
40	2	0.031032
40	2.1	0.029704
40	2.2	0.026738
40	2.3	0.024379
40	2.4	0.022898
40	2.5	0.021215
40	2.6	0.019183
40	2.7	0.016704
40	2.8	0.01463
40	2.9	0.013609
40	3	0.011163
40	3.1	0.010004
40	3.2	0.0098439
40	3.3	0.009989
40	3.4	0.0099549
40	3.5	0.0096264
40	3.6	0.008469
40	3.7	0.0076909
40	3.8	0.007358
40	3.9	0.008006
40	4	0.0086109
50	-4	0.0066204
50	-3.9	0.0087542
50	-3.8	0.0098423
50	-3.7	0.010479
50	-3.6	0.010905
50	-3.5	0.010113
50	-3.4	0.0092602
50	-3.3	0.009532
50	-3.2	0.010768
50	-3.1	0.012491
50	-3	0.013824
50	-2.9	0.01588
50	-2.8	0.018587
50	-2.7	0.02319
50	-2.6	0.026139
50	-2.5	0.029571
50	-2.4	0.031876
50	-2.3	0.032869
50	-2.2	0.03459
50	-2.1	0.037205
50	-2	0.040767
50	-1.9	0.042066
50	-1.8	0.041656
50	-1.7	0.040158
50	-1.6	0.037109
50	-1.5	0.03436
50	-1.4	0.033898
50	-1.3	0.037426
50	-1.2	0.042172
50	-1.1	0.047581
50	-1	0.05354
50	-0.9	0.056189
50	-0.8	0.056327
50	-0.7	0.054668
50	-0.6	0.048952
50	-0.5	0.043072
50	-0.4	0.035808
50	-0.3	0.028299
50	-0.2	0.024216
50	-0.1	0.022469
50	0	0.020648
50	0.1	0.021851
50	0.2	0.025358
50	0.3	0.031856
50	0.4	0.036478
50	0.5	0.041932
50	0.6	0.045963
50	0.7	0.049202
50	0.8	0.049769
50	0.9	0.04863
50	1	0.045726
50	1.1	0.043306
50	1.2	0.041269
50	1.3	0.039181
50	1.4	0.037028
50	1.5	0.036096
50	1.6	0.035444
50	1.7	0.035215
50	1.8	0.033737
50	1.9	0.032713
50	2	0.031403
50	2.1	0.030436
50	2.2	0.027923
50	2.3	0.025768
50	2.4	0.023944
50	2.5	0.022774
50	2.6	0.021065
50	2.7	0.018836
50	2.8	0.01625
50	2.9	0.014859
50	3	0.012549
50	3.1	0.010807
50	3.2	0.0093488
50	3.3	0.009084
50	3.4	0.0096867
50	3.5	0.010591
50	3.6	0.011052
50	3.7	0.010468
50	3.8	0.0094622
50	3.9	0.0086222
50	4	0.0082309
60	-4	0.0079898
60	-3.9	0.010774
60	-3.8	0.01209
60	-3.7	0.011689
60	-3.6	0.0097929
60	-3.5	0.007358
60	-3.4	0.0071553
60	-3.3	0.0090448
60	-3.2	0.012594
60	-3.1	0.014993
60	-3	0.015847
60	-2.9	0.014925
60	-2.8	0.014936
60	-2.7	0.01752
60	-2.6	0.022381
60	-2.5	0.027869
60	-2.4	0.033974
60	-2.3	0.035553
60	-2.2	0.036429
60	-2.1	0.036594
60	-2	0.037726
60	-1.9	0.03993
60	-1.8	0.041588
60	-1.7	0.042638
60	-1.6	0.041828
60	-1.5	0.037757
60	-1.4	0.033375
60	-1.3	0.032956
60	-1.2	0.036842
60	-1.1	0.043432
60	-1	0.050491
60	-0.9	0.056697
60	-0.8	0.058402
60	-0.7	0.057136
60	-0.6	0.053498
60	-0.5	0.045083
60	-0.4	0.03889
60	-0.3	0.030012
60	-0.2	0.025037
60	-0.1	0.02029
60	0	0.019509
60	0.1	0.021528
60	0.2	0.024424
60	0.3	0.028668
60	0.4	0.035868
60	0.5	0.042293
60	0.6	0.047555
60	0.7	0.050659
60	0.8	0.053053
60	0.9	0.052517
60	1	0.049934
60	1.1	0.047545
60	1.2	0.043467
60	1.3	0.039832
60	1.4	0.036701
60	1.5	0.03469
60	1.6	0.034284
60	1.7	0.0347
60	1.8	0.034356
60	1.9	0.03297
60	2	0.03183
60	2.1	0.029411
60	2.2	0.026339
60	2.3	0.024051
60	2.4	0.02251
60	2.5	0.022132
60	2.6	0.021139
60	2.7	0.019948
60	2.8	0.018105
60	2.9	0.01565
60	3	0.01375
60	3.1	0.011593
60	3.2	0.010111
60	3.3	0.010138
60	3.4	0.0099582
60	3.5	0.0097266
60	3.6	0.0092042
60	3.7	0.0078098
60	3.8	0.0069561
60	3.9	0.0069977
60	4	0.0073007
70	-4	0.0081202
70	-3.9	0.0095894
70	-3.8	0.0097383
70	-3.7	0.0091849
70	-3.6	0.0075958
70	-3.5	0.0069351
70	-3.4	0.0074149
70	-3.3	0.0090591
70	-3.2	0.010546
70	-3.1	0.011067
70	-3	0.011319
70	-2.9	0.010987
70	-2.8	0.013001
70	-2.7	0.016944
70	-2.6	0.020462
70	-2.5	0.02714
70	-2.4	0.030043
70	-2.3	0.031827
70	-2.2	0.031377
70	-2.1	0.030828
70	-2	0.030987
70	-1.9	0.034957
70	-1.8	0.038026
70	-1.7	0.040622
70	-1.6	0.039696
70	-1.5	0.036309
70	-1.4	0.033481
70	-1.3	0.030202
70	-1.2	0.033638
70	-1.1	0.037872
70	-1	0.046802
70	-0.9	0.052022
70	-0.8	0.056007
70	-0.7	0.05633
70	-0.6	0.052905
70	-0.5	0.04539
70	-0.4	0.039827
70	-0.3	0.03207
70	-0.2	0.024472
70	-0.1	0.019601
70	0	0.017463
70	0.1	0.017222
70	0.2	0.018616
70	0.3	0.025125
70	0.4	0.030317
70	0.5	0.035704
70	0.6	0.041172
70	0.7	0.044558
70	0.8	0.047873
70	0.9	0.047457
70	1	0.046678
70	1.1	0.043389
70	1.2	0.041603
70	1.3	0.038606
70	1.4	0.036101
70	1.5	0.034834
70	1.6	0.033836
70	1.7	0.033422
70	1.8	0.031992
70	1.9	0.030936
70	2	0.030481
70	2.1	0.030029
70	2.2	0.028489
70	2.3	0.026499
70	2.4	0.024117
70	2.5	0.022096
70	2.6	0.020359
70	2.7	0.018198
70	2.8	0.015937
70	2.9	0.014814
70	3	0.012972
70	3.1	0.011551
70	3.2	0.010114
70	3.3	0.0097945
70	3.4	0.0098767
70	3.5	0.0098357
70	3.6	0.0095303
70	3.7	0.0088204
70	3.8	0.008272
70	3.9	0.008225
70	4	0.0079248
80	-4	0.0083382
80	-3.9	0.011593
80	-3.8	0.012916
80	-3.7	0.012191
80	-3.6	0.0097731
80	-3.5	0.0066956
80	-3.4	0.0064397
80	-3.3	0.0090054
80	-3.2	0.012752
80	-3.1	0.015468
80	-3	0.015193
80	-2.9	0.013303
80	-2.8	0.0106
80	-2.7	0.012397
80	-2.6	0.018568
80	-2.5	0.023641
80	-2.4	0.028585
80	-2.3	0.032331
80	-2.2	0.033012
80	-2.1	0.032956
80	-2	0.033018
80	-1.9	0.034016
80	-1.8	0.035571
80	-1.7	0.037098
80	-1.6	0.037946
80	-1.5	0.036833
80	-1.4	0.034026
80	-1.3	0.030245
80	-1.2	0.02945
80	-1.1	0.033191
80	-1	0.038817
80	-0.9	0.046338
80	-0.8	0.054211
80	-0.7	0.059047
80	-0.6	0.059065
80	-0.5	0.054252
80	-0.4	0.048315
80	-0.3	0.039979
80	-0.2	0.03016
80	-0.1	0.024666
80	0	0.019847
80	0.1	0.017456
80	0.2	0.017422
80	0.3	0.019215
80	0.4	0.025461
80	0.5	0.031311
80	0.6	0.036458
80	0.7	0.041481
80	0.8	0.045799
80	0.9	0.046762
80	1	0.046242
80	1.1	0.04509
80	1.2	0.043777
80	1.3	0.041324
80	1.4	0.038806
80	1.5	0.037234
80	1.6	0.036176
80	1.7	0.034569
80	1.8	0.032975
80	1.9	0.031759
80	2	0.031223
80	2.1	0.031366
80	2.2	0.030788
80	2.3	0.028852
80	2.4	0.027663
80	2.5	0.024703
80	2.6	0.023276
80	2.7	0.020697
80	2.8	0.018595
80	2.9	0.017582
80	3	0.017264
80	3.1	0.016021
80	3.2	0.013939
80	3.3	0.012924
80	3.4	0.010957
80	3.5	0.0103
80	3.6	0.0096264
80	3.7	0.0091761
80	3.8	0.0093419
80	3.9	0.0092217
80	4	0.0090751
90	-4	0.0060941
90	-3.9	0.0067341
90	-3.8	0.0077973
90	-3.7	0.0087005
90	-3.6	0.0077537
90	-3.5	0.0071891
90	-3.4	0.0060302
90	-3.3	0.0071666
90	-3.2	0.0097515
90	-3.1	0.011467
90	-3	0.012513
90	-2.9	0.012495
90	-2.8	0.01108
90	-2.7	0.0107
90	-2.6	0.012524
90	-2.5	0.017759
90	-2.4	0.024175
90	-2.3	0.028417
90	-2.2	0.030894
90	-2.1	0.031565
90	-2	0.031505
90	-1.9	0.032363
90	-1.8	0.034941
90	-1.7	0.036607
90	-1.6	0.038404
90	-1.5	0.037427
90	-1.4	0.033532
90	-1.3	0.030929
90	-1.2	0.027498
90	-1.1	0.029189
90	-1	0.035298
90	-0.9	0.043165
90	-0.8	0.050554
90	-0.7	0.053689
90	-0.6	0.054908
90	-0.5	0.051556
90	-0.4	0.046997
90	-0.3	0.039894
90	-0.2	0.030749
90	-0.1	0.023924
90	0	0.01976
90	0.1	0.017783
90	0.2	0.016383
90	0.3	0.017901
90	0.4	0.021045
90	0.5	0.026032
90	0.6	0.03207
90	0.7	0.038956
90	0.8	0.042644
90	0.9	0.046571
90	1	0.046975
90	1.1	0.045953
90	1.2	0.043553
90	1.3	0.040836
90	1.4	0.037437
90	1.5	0.034231
90	1.6	0.032869
90	1.7	0.032719
90	1.8	0.032912
90	1.9	0.032141
90	2	0.03185
90	2.1	0.03151
90	2.2	0.029973
90	2.3	0.028263
90	2.4	0.027299
90	2.5	0.025455
90	2.6	0.022724
90	2.7	0.021033
90	2.8	0.01947
90	2.9	0.017117
90	3	0.014719
90	3.1	0.012866
90	3.2	0.012608
90	3.3	0.012035
90	3.4	0.011664
90	3.5	0.01099
90	3.6	0.0096432
90	3.7	0.0087079
90	3.8	0.008154
90	3.9	0.0089243
90	4	0.009963
100	-4	0.007144
100	-3.9	0.0083343
100	-3.8	0.0096733
100	-3.7	0.010888
100	-3.6	0.01111
100	-3.5	0.010753
100	-3.4	0.0097316
100	-3.3	0.0090858
100	-3.2	0.0095387
100	-3.1	0.010827
100	-3	0.011701
100	-2.9	0.012084
100	-2.8	0.011541
100	-2.7	0.01209
100	-2.6	0.015777
100	-2.5	0.019576
100	-2.4	0.025136
100	-2.3	0.029191
100	-2.2	0.031346
100	-2.1	0.032527
100	-2	0.03396
100	-1.9	0.034754
100	-1.8	0.036304
100	-1.7	0.037921
100	-1.6	0.038633
100	-1.5	0.037744
100	-1.4	0.035904
100	-1.3	0.031637
100	-1.2	0.02869
100	-1.1	0.028618
100	-1	0.035106
100	-0.9	0.039821
100	-0.8	0.048289
100	-0.7	0.051454
100	-0.6	0.053686
100	-0.5	0.052696
100	-0.4	0.049461
100	-0.3	0.044689
100	-0.2	0.038849
100	-0.1	0.031276
100	0	0.027014
100	0.1	0.022138
100	0.2	0.02028
100	0.3	0.018353
100	0.4	0.019426
100	0.5	0.023378
100	0.6	0.026268
100	0.7	0.033156
100	0.8	0.039591
100	0.9	0.043898
100	1	0.046143
100	1.1	0.046166
100	1.2	0.044806
100	1.3	0.042617
100	1.4	0.038593
100	1.5	0.034368
100	1.6	0.032884
100	1.7	0.032569
100	1.8	0.033279
100	1.9	0.034035
100	2	0.035031
100	2.1	0.034743
100	2.2	0.032529
100	2.3	0.029677
100	2.4	0.02821
100	2.5	0.027176
100	2.6	0.025295
100	2.7	0.02328
100	2.8	0.022213
100	2.9	0.019745
100	3	0.017875
100	3.1	0.014929
100	3.2	0.013018
100	3.3	0.012272
100	3.4	0.012336
100	3.5	0.0128
100	3.6	0.011625
100	3.7	0.010492
100	3.8	0.0099954
100	3.9	0.010135
100	4	0.010574
110	-4	0.0060248
110	-3.9	0.0070804
110	-3.8	0.0083537
110	-3.7	0.0092742
110	-3.6	0.010958
110	-3.5	0.011262
110	-3.4	0.010738
110	-3.3	0.0096616
110	-3.2	0.0082348
110	-3.1	0.0080039
110	-3	0.008545
110	-2.9	0.0094639
110	-2.8	0.010398
110	-2.7	0.011395
110	-2.6	0.012696
110	-2.5	0.016683
110	-2.4	0.018992
110	-2.3	0.023424
110	-2.2	0.026316
110	-2.1	0.028449
110	-2	0.03058
110	-1.9	0.031411
110	-1.8	0.03341
110	-1.7	0.03575
110	-1.6	0.03677
110	-1.5	0.037594
110	-1.4	0.036775
110	-1.3	0.034196
110	-1.2	0.030922
110	-1.1	0.027546
110	-1	0.029119
110	-0.9	0.036038
110	-0.8	0.045301
110	-0.7	0.050762
110	-0.6	0.05427
110	-0.5	0.05448
110	-0.4	0.051429
110	-0.3	0.046448
110	-0.2	0.039951
110	-0.1	0.032862
110	0	0.02646
110	0.1	0.022536
110	0.2	0.017895
110	0.3	0.016323
110	0.4	0.017252
110	0.5	0.019024
110	0.6	0.023548
110	0.7	0.030402
110	0.8	0.036237
110	0.9	0.042452
110	1	0.044585
110	1.1	0.045453
110	1.2	0.044409
110	1.3	0.041974
110	1.4	0.038489
110	1.5	0.036252
110	1.6	0.034871
110	1.7	0.034388
110	1.8	0.033096
110	1.9	0.032867
110	2	0.032825
110	2.1	0.032728
110	2.2	0.031244
110	2.3	0.028617
110	2.4	0.027266
110	2.5	0.025198
110	2.6	0.023744
110	2.7	0.021741
110	2.8	0.020028
110	2.9	0.018361
110	3	0.016699
110	3.1	0.014233
110	3.2	0.012742
110	3.3	0.011682
110	3.4	0.010973
110	3.5	0.010763
110	3.6	0.010435
110	3.7	0.010267
110	3.8	0.010548
110	3.9	0.011683
110	4	0.011894
120	-4	0.0080422
120	-3.9	0.008639
120	-3.8	0.0099322
120	-3.7	0.011083
120	-3.6	0.011633
120	-3.5	0.011693
120	-3.4	0.011151
120	-3.3	0.0097714
120	-3.2	0.0084154
120	-3.1	0.0093971
120	-3	0.01018
120	-2.9	0.011808
120	-2.8	0.012353
120	-2.7	0.011866
120	-2.6	0.011202
120	-2.5	0.01351
120	-2.4	0.01815
120	-2.3	0.023665
120	-2.2	0.028309
120	-2.1	0.031723
120	-2	0.033554
120	-1.9	0.034164
120	-1.8	0.034715
120	-1.7	0.035295
120	-1.6	0.03609
120	-1.5	0.036701
120	-1.4	0.036345
120	-1.3	0.033649
120	-1.2	0.029527
120	-1.1	0.026229
120	-1	0.027085
120	-0.9	0.033831
120	-0.8	0.041199
120	-0.7	0.050938
120	-0.6	0.055481
120	-0.5	0.057139
120	-0.4	0.055734
120	-0.3	0.049558
120	-0.2	0.043796
120	-0.1	0.035576
120	0	0.028686
120	0.1	0.023341
120	0.2	0.018983
120	0.3	0.016492
120	0.4	0.016733
120	0.5	0.01775
120	0.6	0.024854
120	0.7	0.031852
120	0.8	0.037779
120	0.9	0.042767
120	1	0.045153
120	1.1	0.047301
120	1.2	0.046774
120	1.3	0.044305
120	1.4	0.0416
120	1.5	0.036409
120	1.6	0.034279
120	1.7	0.031949
120	1.8	0.031151
120	1.9	0.031154
120	2	0.032201
120	2.1	0.032777
120	2.2	0.031569
120	2.3	0.030156
120	2.4	0.028292
120	2.5	0.026154
120	2.6	0.02367
120	2.7	0.022527
120	2.8	0.020917
120	2.9	0.019422
120	3	0.018577
120	3.1	0.016672
120	3.2	0.013807
120	3.3	0.011505
120	3.4	0.010811
120	3.5	0.010274
120	3.6	0.010184
120	3.7	0.010396
120	3.8	0.010848
120	3.9	0.010959
120	4	0.010432
130	-4	0.0086875
130	-3.9	0.0086596
130	-3.8	0.0095844
130	-3.7	0.011194
130	-3.6	0.011461
130	-3.5	0.011215
130	-3.4	0.009735
130	-3.3	0.0087487
130	-3.2	0.0084077
130	-3.1	0.0089802
130	-3	0.010528
130	-2.9	0.011243
130	-2.8	0.011253
130	-2.7	0.010677
130	-2.6	0.011081
130	-2.5	0.013591
130	-2.4	0.017764
130	-2.3	0.022136
130	-2.2	0.02582
130	-2.1	0.028258
130	-2	0.031219
130	-1.9	0.033214
130	-1.8	0.036432
130	-1.7	0.038183
130	-1.6	0.038958
130	-1.5	0.038185
130	-1.4	0.036023
130	-1.3	0.031631
130	-1.2	0.028931
130	-1.1	0.025116
130	-1	0.026461
130	-0.9	0.031303
130	-0.8	0.04008
130	-0.7	0.048016
130	-0.6	0.052639
130	-0.5	0.053522
130	-0.4	0.051767
130	-0.3	0.046049
130	-0.2	0.039041
130	-0.1	0.034787
130	0	0.02665
130	0.1	0.023527
130	0.2	0.019517
130	0.3	0.01692
130	0.4	0.016318
130	0.5	0.017573
130	0.6	0.021091
130	0.7	0.026919
130	0.8	0.033253
130	0.9	0.038193
130	1	0.042847
130	1.1	0.044199
130	1.2	0.045537
130	1.3	0.044094
130	1.4	0.040983
130	1.5	0.037872
130	1.6	0.034711
130	1.7	0.032022
130	1.8	0.031195
130	1.9	0.031593
130	2	0.033964
130	2.1	0.034124
130	2.2	0.033318
130	2.3	0.031306
130	2.4	0.028878
130	2.5	0.02636
130	2.6	0.023407
130	2.7	0.021603
130	2.8	0.019694
130	2.9	0.018123
130	3	0.01628
130	3.1	0.013195
130	3.2	0.011656
130	3.3	0.011336
130	3.4	0.011505
130	3.5	0.011266
130	3.6	0.010331
130	3.7	0.010337
130	3.8	0.0099322
130	3.9	0.0092654
130	4	0.008888
140	-4	0.0078346
140	-3.9	0.0079228
140	-3.8	0.010542
140	-3.7	0.013038
140	-3.6	0.013871
140	-3.5	0.014021
140	-3.4	0.012332
140	-3.3	0.009373
140	-3.2	0.0083711
140	-3.1	0.0092182
140	-3	0.010728
140	-2.9	0.012445
140	-2.8	0.011931
140	-2.7	0.010406
140	-2.6	0.0079533
140	-2.5	0.010191
140	-2.4	0.015025
140	-2.3	0.02094
140	-2.2	0.026314
140	-2.1	0.029674
140	-2	0.031219
140	-1.9	0.03206
140	-1.8	0.033599
140	-1.7	0.035874
140	-1.6	0.037393
140	-1.5	0.03843
140	-1.4	0.03775
140	-1.3	0.033803
140	-1.2	0.029814
140	-1.1	0.025484
140	-1	0.025006
140	-0.9	0.029613
140	-0.8	0.041315
140	-0.7	0.049273
140	-0.6	0.054879
140	-0.5	0.056293
140	-0.4	0.055231
140	-0.3	0.049863
140	-0.2	0.043409
140	-0.1	0.034998
140	0	0.027309
140	0.1	0.023961
140	0.2	0.020296
140	0.3	0.01718
140	0.4	0.016291
140	0.5	0.016768
140	0.6	0.019399
140	0.7	0.027488
140	0.8	0.032617
140	0.9	0.036533
140	1	0.042052
140	1.1	0.043435
140	1.2	0.043136
140	1.3	0.04088
140	1.4	0.037605
140	1.5	0.036303
140	1.6	0.035179
140	1.7	0.033977
140	1.8	0.033607
140	1.9	0.033438
140	2	0.033507
140	2.1	0.033073
140	2.2	0.032188
140	2.3	0.03214
140	2.4	0.031969
140	2.5	0.029941
140	2.6	0.027459
140	2.7	0.025105
140	2.8	0.022064
140	2.9	0.019704
140	3	0.015777
140	3.1	0.013575
140	3.2	0.012039
140	3.3	0.012261
140	3.4	0.011946
140	3.5	0.010859
140	3.6	0.0099028
140	3.7	0.0093936
140	3.8	0.0090822
140	3.9	0.0093764
140	4	0.0092619
150	-4	0.010715
150	-3.9	0.010248
150	-3.8	0.01088
150	-3.7	0.01165
150	-3.6	0.012054
150	-3.5	0.011766
150	-3.4	0.01155
150	-3.3	0.010577
150	-3.2	0.010086
150	-3.1	0.010404
150	-3	0.011135
150	-2.9	0.01098
150	-2.8	0.010203
150	-2.7	0.0086484
150	-2.6	0.0077203
150	-2.5	0.010044
150	-2.4	0.014943
150	-2.3	0.022295
150	-2.2	0.025174
150	-2.1	0.02801
150	-2	0.029237
150	-1.9	0.029617
150	-1.8	0.032814
150	-1.7	0.035894
150	-1.6	0.038904
150	-1.5	0.040466
150	-1.4	0.040131
150	-1.3	0.036096
150	-1.2	0.027867
150	-1.1	0.022541
150	-1	0.021801
150	-0.9	0.027014
150	-0.8	0.038573
150	-0.7	0.044957
150	-0.6	0.053112
150	-0.5	0.054765
150	-0.4	0.053247
150	-0.3	0.049458
150	-0.2	0.038621
150	-0.1	0.031896
150	0	0.024825
150	0.1	0.020847
150	0.2	0.017465
150	0.3	0.015789
150	0.4	0.015286
150	0.5	0.017836
150	0.6	0.021166
150	0.7	0.029354
150	0.8	0.033579
150	0.9	0.039542
150	1	0.043083
150	1.1	0.043813
150	1.2	0.041254
150	1.3	0.038454
150	1.4	0.034315
150	1.5	0.031638
150	1.6	0.030245
150	1.7	0.02919
150	1.8	0.028745
150	1.9	0.029625
150	2	0.029943
150	2.1	0.030156
150	2.2	0.028547
150	2.3	0.027746
150	2.4	0.027221
150	2.5	0.02623
150	2.6	0.023335
150	2.7	0.021177
150	2.8	0.018877
150	2.9	0.016525
150	3	0.014821
150	3.1	0.012349
150	3.2	0.010878
150	3.3	0.010647
150	3.4	0.010304
150	3.5	0.0097598
150	3.6	0.0097084
150	3.7	0.0095726
150	3.8	0.01052
150	3.9	0.011018
150	4	0.010154
160	-4	0.008012
160	-3.9	0.0073865
160	-3.8	0.0093626
160	-3.7	0.011603
160	-3.6	0.014438
160	-3.5	0.015427
160	-3.4	0.014287
160	-3.3	0.012012
160	-3.2	0.0096867
160	-3.1	0.0096264
160	-3	0.010784
160	-2.9	0.012666
160	-2.8	0.012988
160	-2.7	0.011366
160	-2.6	0.0076699
160	-2.5	0.0072563
160	-2.4	0.012241
160	-2.3	0.020711
160	-2.2	0.025958
160	-2.1	0.029134
160	-2	0.031382
160	-1.9	0.033748
160	-1.8	0.034319
160	-1.7	0.037768
160	-1.6	0.039072
160	-1.5	0.040128
160	-1.4	0.03896
160	-1.3	0.035945
160	-1.2	0.030017
160	-1.1	0.023556
160	-1	0.020892
160	-0.9	0.025083
160	-0.8	0.033352
160	-0.7	0.044455
160	-0.6	0.048836
160	-0.5	0.050866
160	-0.4	0.049818
160	-0.3	0.045191
160	-0.2	0.038895
160	-0.1	0.032055
160	0	0.02583
160	0.1	0.022039
160	0.2	0.017883
160	0.3	0.016303
160	0.4	0.015689
160	0.5	0.017839
160	0.6	0.020978
160	0.7	0.026464
160	0.8	0.032865
160	0.9	0.037289
160	1	0.040325
160	1.1	0.042986
160	1.2	0.042947
160	1.3	0.040269
160	1.4	0.037403
160	1.5	0.033878
160	1.6	0.030811
160	1.7	0.02944
160	1.8	0.028771
160	1.9	0.030049
160	2	0.031586
160	2.1	0.032668
160	2.2	0.031704
160	2.3	0.029236
160	2.4	0.026817
160	2.5	0.024866
160	2.6	0.020968
160	2.7	0.017979
160	2.8	0.016575
160	2.9	0.015421
160	3	0.013857
160	3.1	0.011131
160	3.2	0.0095489
160	3.3	0.0083363
160	3.4	0.008146
160	3.5	0.0087635
160	3.6	0.0093988
160	3.7	0.0095743
160	3.8	0.010167
160	3.9	0.01006
160	4	0.0091514
170	-4	0.0095167
170	-3.9	0.0099012
170	-3.8	0.010199
170	-3.7	0.010246
170	-3.6	0.010378
170	-3.5	0.01081
170	-3.4	0.011712
170	-3.3	0.012223
170	-3.2	0.013098
170	-3.1	0.012733
170	-3	0.011787
170	-2.9	0.010252
170	-2.8	0.008344
170	-2.7	0.0069164
170	-2.6	0.0070713
170	-2.5	0.010021
170	-2.4	0.013761
170	-2.3	0.017651
170	-2.2	0.020336
170	-2.1	0.023292
170	-2	0.027001
170	-1.9	0.031434
170	-1.8	0.035007
170	-1.7	0.039939
170	-1.6	0.042468
170	-1.5	0.042546
170	-1.4	0.038795
170	-1.3	0.031512
170	-1.2	0.026013
170	-1.1	0.021621
170	-1	0.022281
170	-0.9	0.031363
170	-0.8	0.038427
170	-0.7	0.044761
170	-0.6	0.049281
170	-0.5	0.04952
170	-0.4	0.047318
170	-0.3	0.042005
170	-0.2	0.033626
170	-0.1	0.027369
170	0	0.023683
170	0.1	0.020016
170	0.2	0.01699
170	0.3	0.016265
170	0.4	0.016381
170	0.5	0.018374
170	0.6	0.022528
170	0.7	0.027119
170	0.8	0.033435
170	0.9	0.037178
170	1	0.03888
170	1.1	0.040373
170	1.2	0.039624
170	1.3	0.037569
170	1.4	0.033981
170	1.5	0.031615
170	1.6	0.02972
170	1.7	0.028553
170	1.8	0.028675
170	1.9	0.029647
170	2	0.031023
170	2.1	0.031019
170	2.2	0.030568
170	2.3	0.029665
170	2.4	0.028086
170	2.5	0.025317
170	2.6	0.023071
170	2.7	0.020239
170	2.8	0.017739
170	2.9	0.015631
170	3	0.01435
170	3.1	0.012215
170	3.2	0.010679
170	3.3	0.010227
170	3.4	0.0092794
170	3.5	0.0087911
170	3.6	0.0085298
170	3.7	0.0087505
170	3.8	0.009783
170	3.9	0.010386
170	4	0.01009
180	-4	0.0061469
180	-3.9	0.0078118
180	-3.8	0.011541
180	-3.7	0.014329
180	-3.6	0.015848
180	-3.5	0.014899
180	-3.4	0.013012
180	-3.3	0.010489
180	-3.2	0.0084575
180	-3.1	0.0084747
180	-3	0.0095387
180	-2.9	0.01011
180	-2.8	0.0090698
180	-2.7	0.0074345
180	-2.6	0.0058395
180	-2.5	0.0090323
180	-2.4	0.01497
180	-2.3	0.020113
180	-2.2	0.022643
180	-2.1	0.026226
180	-2	0.027401
180	-1.9	0.02993
180	-1.8	0.032947
180	-1.7	0.035875
180	-1.6	0.039403
180	-1.5	0.04023
180	-1.4	0.037567
180	-1.3	0.031279
180	-1.2	0.026585
180	-1.1	0.017412
180	-1	0.01797
180	-0.9	0.023858
180	-0.8	0.034957
180	-0.7	0.042782
180	-0.6	0.049204
180	-0.5	0.050373
180	-0.4	0.04862
180	-0.3	0.04324
180	-0.2	0.037085
180	-0.1	0.02972
180	0	0.023537
180	0.1	0.019104
180	0.2	0.016493
180	0.3	0.014335
180	0.4	0.015286
180	0.5	0.01794
180	0.6	0.021474
180	0.7	0.029823
180	0.8	0.034741
180	0.9	0.036977
180	1	0.040924
180	1.1	0.041184
180	1.2	0.039275
180	1.3	0.037009
180	1.4	0.032798
180	1.5	0.029991
180	1.6	0.029019
180	1.7	0.027992
180	1.8	0.029016
180	1.9	0.030665
180	2	0.031479
180	2.1	0.030623
180	2.2	0.028513
180	2.3	0.026735
180	2.4	0.024371
180	2.5	0.022149
180	2.6	0.019456
180	2.7	0.017516
180	2.8	0.016129
180	2.9	0.013024
180	3	0.010382
180	3.1	0.0087135
180	3.2	0.0074192
180	3.3	0.0073316
180	3.4	0.0079023
180	3.5	0.0084937
180	3.6	0.0085978
180	3.7	0.0092637
180	3.8	0.0087837
180	3.9	0.0089224
180	4	0.0086427
 
Uniformity Ratio =0.61309
