02-Jan-2018
13:7
TXR  007978 RM428 R24
33511B Function Generator
SN =Agilent Technologies,33511B,MY52301476,3.05-1.19-2.00-52-00
freq =+9.270000000000000E+06
burstmode =TRIG
burstN =+6.000000000000000E+01
voltage =+1.5000000000000E-01
 
DSO-X 2022A Oscilloscope
SN =AGILENT TECHNOLOGIES,DSO-X 2022A,MY54310921,02.41.2015102200
probe =+1.0000000E+00
scale =+500.0E-09
position =+19.900000E-06
range =+1.60E+00
units =VOLT
points =+2000
pointmode =NORM
format =BYTE
acqtype =NORM
trigsource =EXT
coupling =AC
 
-180	-4	0.013268
-180	-3.9	0.012162
-180	-3.8	0.010427
-180	-3.7	0.0097084
-180	-3.6	0.010215
-180	-3.5	0.01066
-180	-3.4	0.010497
-180	-3.3	0.0091319
-180	-3.2	0.0078901
-180	-3.1	0.0078921
-180	-3	0.011687
-180	-2.9	0.014673
-180	-2.8	0.018859
-180	-2.7	0.021779
-180	-2.6	0.023795
-180	-2.5	0.025055
-180	-2.4	0.028255
-180	-2.3	0.032826
-180	-2.2	0.037456
-180	-2.1	0.041028
-180	-2	0.042653
-180	-1.9	0.041557
-180	-1.8	0.035834
-180	-1.7	0.027128
-180	-1.6	0.020976
-180	-1.5	0.011911
-180	-1.4	0.013839
-180	-1.3	0.027183
-180	-1.2	0.038791
-180	-1.1	0.046391
-180	-1	0.051053
-180	-0.9	0.05232
-180	-0.8	0.050218
-180	-0.7	0.046506
-180	-0.6	0.041568
-180	-0.5	0.034916
-180	-0.4	0.031755
-180	-0.3	0.027569
-180	-0.2	0.024271
-180	-0.1	0.023201
-180	0	0.023029
-180	0.1	0.023846
-180	0.2	0.025756
-180	0.3	0.029019
-180	0.4	0.032399
-180	0.5	0.034829
-180	0.6	0.036424
-180	0.7	0.036731
-180	0.8	0.03564
-180	0.9	0.033545
-180	1	0.02961
-180	1.1	0.027665
-180	1.2	0.025805
-180	1.3	0.026609
-180	1.4	0.028116
-180	1.5	0.030298
-180	1.6	0.032302
-180	1.7	0.033886
-180	1.8	0.032921
-180	1.9	0.031423
-180	2	0.027953
-180	2.1	0.026503
-180	2.2	0.024558
-180	2.3	0.022512
-180	2.4	0.021671
-180	2.5	0.020263
-180	2.6	0.018535
-180	2.7	0.016157
-180	2.8	0.012774
-180	2.9	0.010012
-180	3	0.0084326
-180	3.1	0.0080843
-180	3.2	0.0084709
-180	3.3	0.0081102
-180	3.4	0.0074821
-180	3.5	0.0079309
-180	3.6	0.0077119
-180	3.7	0.008012
-180	3.8	0.0082837
-180	3.9	0.0088807
-180	4	0.0082544
-170	-4	0.014848
-170	-3.9	0.013473
-170	-3.8	0.011989
-170	-3.7	0.0099711
-170	-3.6	0.0093436
-170	-3.5	0.0083149
-170	-3.4	0.0078737
-170	-3.3	0.0076509
-170	-3.2	0.0068554
-170	-3.1	0.0082152
-170	-3	0.012194
-170	-2.9	0.015095
-170	-2.8	0.01914
-170	-2.7	0.023738
-170	-2.6	0.026
-170	-2.5	0.027566
-170	-2.4	0.030254
-170	-2.3	0.032358
-170	-2.2	0.036324
-170	-2.1	0.037809
-170	-2	0.038378
-170	-1.9	0.036051
-170	-1.8	0.031133
-170	-1.7	0.024881
-170	-1.6	0.016894
-170	-1.5	0.014152
-170	-1.4	0.018804
-170	-1.3	0.029866
-170	-1.2	0.040299
-170	-1.1	0.048742
-170	-1	0.052471
-170	-0.9	0.054156
-170	-0.8	0.052272
-170	-0.7	0.046743
-170	-0.6	0.041981
-170	-0.5	0.035479
-170	-0.4	0.029966
-170	-0.3	0.025688
-170	-0.2	0.021818
-170	-0.1	0.02037
-170	0	0.020072
-170	0.1	0.021435
-170	0.2	0.022922
-170	0.3	0.028168
-170	0.4	0.032257
-170	0.5	0.034415
-170	0.6	0.036669
-170	0.7	0.03783
-170	0.8	0.037265
-170	0.9	0.035141
-170	1	0.030645
-170	1.1	0.028476
-170	1.2	0.027582
-170	1.3	0.027578
-170	1.4	0.028449
-170	1.5	0.030441
-170	1.6	0.032453
-170	1.7	0.032885
-170	1.8	0.032142
-170	1.9	0.029908
-170	2	0.027796
-170	2.1	0.025534
-170	2.2	0.022482
-170	2.3	0.020168
-170	2.4	0.017765
-170	2.5	0.01673
-170	2.6	0.014314
-170	2.7	0.013028
-170	2.8	0.010285
-170	2.9	0.0087468
-170	3	0.0080623
-170	3.1	0.0075188
-170	3.2	0.008156
-170	3.3	0.0073448
-170	3.4	0.0075702
-170	3.5	0.0072607
-170	3.6	0.006559
-170	3.7	0.0063893
-170	3.8	0.0061232
-170	3.9	0.0064296
-170	4	0.0063436
-160	-4	0.011361
-160	-3.9	0.010105
-160	-3.8	0.0086838
-160	-3.7	0.0086259
-160	-3.6	0.0090876
-160	-3.5	0.0081738
-160	-3.4	0.0077056
-160	-3.3	0.0071418
-160	-3.2	0.0090715
-160	-3.1	0.013773
-160	-3	0.017619
-160	-2.9	0.022173
-160	-2.8	0.025113
-160	-2.7	0.026126
-160	-2.6	0.02729
-160	-2.5	0.028248
-160	-2.4	0.030073
-160	-2.3	0.033192
-160	-2.2	0.036184
-160	-2.1	0.037647
-160	-2	0.036944
-160	-1.9	0.032952
-160	-1.8	0.025384
-160	-1.7	0.018121
-160	-1.6	0.011999
-160	-1.5	0.01465
-160	-1.4	0.024839
-160	-1.3	0.036342
-160	-1.2	0.045881
-160	-1.1	0.051326
-160	-1	0.053717
-160	-0.9	0.052581
-160	-0.8	0.04871
-160	-0.7	0.040634
-160	-0.6	0.035385
-160	-0.5	0.02911
-160	-0.4	0.022505
-160	-0.3	0.019827
-160	-0.2	0.016767
-160	-0.1	0.016136
-160	0	0.017159
-160	0.1	0.019756
-160	0.2	0.023449
-160	0.3	0.028735
-160	0.4	0.032136
-160	0.5	0.034463
-160	0.6	0.036292
-160	0.7	0.036406
-160	0.8	0.035403
-160	0.9	0.031197
-160	1	0.029033
-160	1.1	0.025962
-160	1.2	0.024907
-160	1.3	0.025031
-160	1.4	0.026379
-160	1.5	0.027791
-160	1.6	0.029252
-160	1.7	0.02906
-160	1.8	0.028047
-160	1.9	0.025381
-160	2	0.023537
-160	2.1	0.022042
-160	2.2	0.020692
-160	2.3	0.019532
-160	2.4	0.018858
-160	2.5	0.018084
-160	2.6	0.0163
-160	2.7	0.014242
-160	2.8	0.011481
-160	2.9	0.0094022
-160	3	0.0083537
-160	3.1	0.0076043
-160	3.2	0.0075851
-160	3.3	0.0077807
-160	3.4	0.0076804
-160	3.5	0.0080301
-160	3.6	0.0077849
-160	3.7	0.0076951
-160	3.8	0.00748
-160	3.9	0.0069094
-160	4	0.0069908
-150	-4	0.0095116
-150	-3.9	0.0091018
-150	-3.8	0.0092375
-150	-3.7	0.010762
-150	-3.6	0.010031
-150	-3.5	0.0091177
-150	-3.4	0.0077787
-150	-3.3	0.0072962
-150	-3.2	0.011272
-150	-3.1	0.014174
-150	-3	0.019282
-150	-2.9	0.022834
-150	-2.8	0.02503
-150	-2.7	0.026164
-150	-2.6	0.027402
-150	-2.5	0.029563
-150	-2.4	0.032859
-150	-2.3	0.036438
-150	-2.2	0.038514
-150	-2.1	0.038622
-150	-2	0.035097
-150	-1.9	0.030307
-150	-1.8	0.022966
-150	-1.7	0.015084
-150	-1.6	0.014979
-150	-1.5	0.022086
-150	-1.4	0.032413
-150	-1.3	0.042662
-150	-1.2	0.047814
-150	-1.1	0.051572
-150	-1	0.051669
-150	-0.9	0.04838
-150	-0.8	0.043338
-150	-0.7	0.036509
-150	-0.6	0.029547
-150	-0.5	0.023717
-150	-0.4	0.020218
-150	-0.3	0.017593
-150	-0.2	0.016619
-150	-0.1	0.016397
-150	0	0.018006
-150	0.1	0.020503
-150	0.2	0.023219
-150	0.3	0.027886
-150	0.4	0.032004
-150	0.5	0.033769
-150	0.6	0.034967
-150	0.7	0.034801
-150	0.8	0.03253
-150	0.9	0.028511
-150	1	0.026203
-150	1.1	0.0248
-150	1.2	0.024425
-150	1.3	0.025252
-150	1.4	0.026452
-150	1.5	0.028076
-150	1.6	0.028859
-150	1.7	0.029153
-150	1.8	0.028481
-150	1.9	0.027218
-150	2	0.025868
-150	2.1	0.024839
-150	2.2	0.022877
-150	2.3	0.020608
-150	2.4	0.019003
-150	2.5	0.016313
-150	2.6	0.014866
-150	2.7	0.012961
-150	2.8	0.011661
-150	2.9	0.010597
-150	3	0.010106
-150	3.1	0.0099857
-150	3.2	0.0087727
-150	3.3	0.0082564
-150	3.4	0.0078572
-150	3.5	0.007653
-150	3.6	0.0083304
-150	3.7	0.0078962
-150	3.8	0.0079776
-150	3.9	0.0078593
-150	4	0.0067748
-140	-4	0.0075188
-140	-3.9	0.0069514
-140	-3.8	0.0077849
-140	-3.7	0.0079166
-140	-3.6	0.0080643
-140	-3.5	0.0073865
-140	-3.4	0.0070667
-140	-3.3	0.0075552
-140	-3.2	0.009695
-140	-3.1	0.014786
-140	-3	0.018442
-140	-2.9	0.022741
-140	-2.8	0.026788
-140	-2.7	0.02891
-140	-2.6	0.030042
-140	-2.5	0.032351
-140	-2.4	0.035973
-140	-2.3	0.038034
-140	-2.2	0.039662
-140	-2.1	0.038171
-140	-2	0.033822
-140	-1.9	0.028441
-140	-1.8	0.021772
-140	-1.7	0.017822
-140	-1.6	0.019253
-140	-1.5	0.027051
-140	-1.4	0.035498
-140	-1.3	0.046987
-140	-1.2	0.050394
-140	-1.1	0.053866
-140	-1	0.052125
-140	-0.9	0.047007
-140	-0.8	0.040963
-140	-0.7	0.031635
-140	-0.6	0.025541
-140	-0.5	0.020496
-140	-0.4	0.016353
-140	-0.3	0.014619
-140	-0.2	0.013833
-140	-0.1	0.013404
-140	0	0.015168
-140	0.1	0.018147
-140	0.2	0.023366
-140	0.3	0.028384
-140	0.4	0.031396
-140	0.5	0.03411
-140	0.6	0.034838
-140	0.7	0.03469
-140	0.8	0.032854
-140	0.9	0.029565
-140	1	0.026986
-140	1.1	0.025383
-140	1.2	0.024045
-140	1.3	0.023631
-140	1.4	0.024174
-140	1.5	0.025711
-140	1.6	0.026283
-140	1.7	0.026533
-140	1.8	0.025695
-140	1.9	0.023647
-140	2	0.022067
-140	2.1	0.019757
-140	2.2	0.01762
-140	2.3	0.016355
-140	2.4	0.01431
-140	2.5	0.013034
-140	2.6	0.01152
-140	2.7	0.010252
-140	2.8	0.0081994
-140	2.9	0.0069862
-140	3	0.0064347
-140	3.1	0.0061311
-140	3.2	0.0064271
-140	3.3	0.0059871
-140	3.4	0.0060596
-140	3.5	0.0056511
-140	3.6	0.0060328
-140	3.7	0.0062461
-140	3.8	0.0070254
-140	3.9	0.0069258
-140	4	0.0066714
-130	-4	0.0078634
-130	-3.9	0.0076445
-130	-3.8	0.0087635
-130	-3.7	0.0094297
-130	-3.6	0.010314
-130	-3.5	0.0091372
-130	-3.4	0.0078901
-130	-3.3	0.0080362
-130	-3.2	0.011246
-130	-3.1	0.015944
-130	-3	0.020052
-130	-2.9	0.024856
-130	-2.8	0.02789
-130	-2.7	0.029333
-130	-2.6	0.030789
-130	-2.5	0.032671
-130	-2.4	0.034968
-130	-2.3	0.037672
-130	-2.2	0.038595
-130	-2.1	0.038018
-130	-2	0.035673
-130	-1.9	0.030168
-130	-1.8	0.023083
-130	-1.7	0.02134
-130	-1.6	0.026352
-130	-1.5	0.03238
-130	-1.4	0.042798
-130	-1.3	0.048931
-130	-1.2	0.053702
-130	-1.1	0.055478
-130	-1	0.05196
-130	-0.9	0.047771
-130	-0.8	0.038984
-130	-0.7	0.03004
-130	-0.6	0.023728
-130	-0.5	0.019832
-130	-0.4	0.016067
-130	-0.3	0.014805
-130	-0.2	0.013214
-130	-0.1	0.013418
-130	0	0.015771
-130	0.1	0.020473
-130	0.2	0.024845
-130	0.3	0.031009
-130	0.4	0.035348
-130	0.5	0.037499
-130	0.6	0.038241
-130	0.7	0.0372
-130	0.8	0.034955
-130	0.9	0.032379
-130	1	0.029648
-130	1.1	0.027872
-130	1.2	0.026076
-130	1.3	0.025329
-130	1.4	0.02527
-130	1.5	0.025861
-130	1.6	0.026258
-130	1.7	0.025254
-130	1.8	0.024821
-130	1.9	0.023265
-130	2	0.021329
-130	2.1	0.019453
-130	2.2	0.017178
-130	2.3	0.015672
-130	2.4	0.013783
-130	2.5	0.011554
-130	2.6	0.0098996
-130	2.7	0.008857
-130	2.8	0.0083382
-130	2.9	0.0079776
-130	3	0.0085469
-130	3.1	0.007274
-130	3.2	0.0070392
-130	3.3	0.0057051
-130	3.4	0.0058368
-130	3.5	0.0062899
-130	3.6	0.0059519
-130	3.7	0.0066399
-130	3.8	0.0073492
-130	3.9	0.0071009
-130	4	0.0060622
-120	-4	0.0077849
-120	-3.9	0.0079309
-120	-3.8	0.0081083
-120	-3.7	0.008154
-120	-3.6	0.0086165
-120	-3.5	0.0080502
-120	-3.4	0.0080563
-120	-3.3	0.010343
-120	-3.2	0.012414
-120	-3.1	0.016931
-120	-3	0.021565
-120	-2.9	0.023985
-120	-2.8	0.026716
-120	-2.7	0.028884
-120	-2.6	0.031136
-120	-2.5	0.034271
-120	-2.4	0.037048
-120	-2.3	0.040259
-120	-2.2	0.041468
-120	-2.1	0.040478
-120	-2	0.03612
-120	-1.9	0.03094
-120	-1.8	0.025709
-120	-1.7	0.023748
-120	-1.6	0.027927
-120	-1.5	0.037541
-120	-1.4	0.045031
-120	-1.3	0.054519
-120	-1.2	0.058639
-120	-1.1	0.059233
-120	-1	0.056198
-120	-0.9	0.049238
-120	-0.8	0.038825
-120	-0.7	0.029765
-120	-0.6	0.019337
-120	-0.5	0.014231
-120	-0.4	0.01208
-120	-0.3	0.011587
-120	-0.2	0.011042
-120	-0.1	0.012286
-120	0	0.015783
-120	0.1	0.021534
-120	0.2	0.029393
-120	0.3	0.034546
-120	0.4	0.038001
-120	0.5	0.040175
-120	0.6	0.040898
-120	0.7	0.039416
-120	0.8	0.036848
-120	0.9	0.033265
-120	1	0.029926
-120	1.1	0.027645
-120	1.2	0.025625
-120	1.3	0.02463
-120	1.4	0.024313
-120	1.5	0.024752
-120	1.6	0.024893
-120	1.7	0.023578
-120	1.8	0.022183
-120	1.9	0.019983
-120	2	0.018558
-120	2.1	0.017158
-120	2.2	0.015635
-120	2.3	0.014499
-120	2.4	0.01367
-120	2.5	0.012253
-120	2.6	0.010566
-120	2.7	0.0088607
-120	2.8	0.0075531
-120	2.9	0.0066642
-120	3	0.0071508
-120	3.1	0.0067772
-120	3.2	0.0066179
-120	3.3	0.0063614
-120	3.4	0.0065368
-120	3.5	0.0057419
-120	3.6	0.005979
-120	3.7	0.0064019
-120	3.8	0.0071236
-120	3.9	0.0069537
-120	4	0.0065121
-110	-4	0.0086857
-110	-3.9	0.009068
-110	-3.8	0.0095337
-110	-3.7	0.010404
-110	-3.6	0.010362
-110	-3.5	0.0094451
-110	-3.4	0.0094348
-110	-3.3	0.010449
-110	-3.2	0.015145
-110	-3.1	0.018122
-110	-3	0.020835
-110	-2.9	0.024654
-110	-2.8	0.026691
-110	-2.7	0.028344
-110	-2.6	0.031898
-110	-2.5	0.03616
-110	-2.4	0.040592
-110	-2.3	0.043393
-110	-2.2	0.045287
-110	-2.1	0.043697
-110	-2	0.04093
-110	-1.9	0.032848
-110	-1.8	0.028468
-110	-1.7	0.028385
-110	-1.6	0.034829
-110	-1.5	0.042589
-110	-1.4	0.05205
-110	-1.3	0.058992
-110	-1.2	0.060339
-110	-1.1	0.058528
-110	-1	0.050663
-110	-0.9	0.042473
-110	-0.8	0.032265
-110	-0.7	0.024699
-110	-0.6	0.018115
-110	-0.5	0.014658
-110	-0.4	0.01343
-110	-0.3	0.013509
-110	-0.2	0.013826
-110	-0.1	0.017432
-110	0	0.020969
-110	0.1	0.026194
-110	0.2	0.033006
-110	0.3	0.037584
-110	0.4	0.039635
-110	0.5	0.040791
-110	0.6	0.040168
-110	0.7	0.038867
-110	0.8	0.036261
-110	0.9	0.033155
-110	1	0.030558
-110	1.1	0.028195
-110	1.2	0.026888
-110	1.3	0.025154
-110	1.4	0.024523
-110	1.5	0.024294
-110	1.6	0.024619
-110	1.7	0.02423
-110	1.8	0.023804
-110	1.9	0.022686
-110	2	0.020801
-110	2.1	0.018912
-110	2.2	0.017129
-110	2.3	0.015458
-110	2.4	0.015098
-110	2.5	0.014816
-110	2.6	0.013227
-110	2.7	0.011561
-110	2.8	0.010689
-110	2.9	0.0097532
-110	3	0.0090466
-110	3.1	0.0091124
-110	3.2	0.0091549
-110	3.3	0.0084861
-110	3.4	0.008624
-110	3.5	0.0075638
-110	3.6	0.0072563
-110	3.7	0.0064622
-110	3.8	0.0069769
-110	3.9	0.0069514
-110	4	0.0071621
-100	-4	0.0091248
-100	-3.9	0.010353
-100	-3.8	0.011821
-100	-3.7	0.012444
-100	-3.6	0.012464
-100	-3.5	0.011446
-100	-3.4	0.010744
-100	-3.3	0.012958
-100	-3.2	0.016576
-100	-3.1	0.022505
-100	-3	0.025692
-100	-2.9	0.029122
-100	-2.8	0.030706
-100	-2.7	0.03231
-100	-2.6	0.034912
-100	-2.5	0.037845
-100	-2.4	0.041628
-100	-2.3	0.046497
-100	-2.2	0.048005
-100	-2.1	0.047034
-100	-2	0.041755
-100	-1.9	0.035647
-100	-1.8	0.030918
-100	-1.7	0.031633
-100	-1.6	0.036363
-100	-1.5	0.046195
-100	-1.4	0.053249
-100	-1.3	0.059612
-100	-1.2	0.060822
-100	-1.1	0.057953
-100	-1	0.052284
-100	-0.9	0.041699
-100	-0.8	0.034243
-100	-0.7	0.024795
-100	-0.6	0.017499
-100	-0.5	0.013238
-100	-0.4	0.012573
-100	-0.3	0.013265
-100	-0.2	0.013876
-100	-0.1	0.01878
-100	0	0.025871
-100	0.1	0.030489
-100	0.2	0.037585
-100	0.3	0.041981
-100	0.4	0.043987
-100	0.5	0.0442
-100	0.6	0.042327
-100	0.7	0.038983
-100	0.8	0.036025
-100	0.9	0.032767
-100	1	0.030474
-100	1.1	0.028404
-100	1.2	0.026914
-100	1.3	0.025746
-100	1.4	0.024519
-100	1.5	0.02415
-100	1.6	0.023704
-100	1.7	0.023125
-100	1.8	0.022399
-100	1.9	0.021688
-100	2	0.020194
-100	2.1	0.018131
-100	2.2	0.016786
-100	2.3	0.015168
-100	2.4	0.014765
-100	2.5	0.013159
-100	2.6	0.011996
-100	2.7	0.010276
-100	2.8	0.0085883
-100	2.9	0.007441
-100	3	0.0069188
-100	3.1	0.0067867
-100	3.2	0.0079553
-100	3.3	0.0083672
-100	3.4	0.0086034
-100	3.5	0.0085827
-100	3.6	0.0071191
-100	3.7	0.0069769
-100	3.8	0.0069468
-100	3.9	0.0070667
-100	4	0.0079959
-90	-4	0.011311
-90	-3.9	0.011064
-90	-3.8	0.011902
-90	-3.7	0.012932
-90	-3.6	0.013757
-90	-3.5	0.014161
-90	-3.4	0.013847
-90	-3.3	0.014132
-90	-3.2	0.017276
-90	-3.1	0.022096
-90	-3	0.027725
-90	-2.9	0.030445
-90	-2.8	0.034097
-90	-2.7	0.035143
-90	-2.6	0.037409
-90	-2.5	0.04002
-90	-2.4	0.04347
-90	-2.3	0.045638
-90	-2.2	0.047276
-90	-2.1	0.046228
-90	-2	0.043255
-90	-1.9	0.039314
-90	-1.8	0.037034
-90	-1.7	0.037303
-90	-1.6	0.041672
-90	-1.5	0.047964
-90	-1.4	0.056126
-90	-1.3	0.061053
-90	-1.2	0.062845
-90	-1.1	0.06094
-90	-1	0.054323
-90	-0.9	0.045371
-90	-0.8	0.036634
-90	-0.7	0.027331
-90	-0.6	0.020161
-90	-0.5	0.017117
-90	-0.4	0.015453
-90	-0.3	0.015633
-90	-0.2	0.018334
-90	-0.1	0.023265
-90	0	0.028449
-90	0.1	0.036112
-90	0.2	0.040781
-90	0.3	0.044772
-90	0.4	0.046445
-90	0.5	0.046743
-90	0.6	0.04546
-90	0.7	0.042813
-90	0.8	0.040663
-90	0.9	0.037818
-90	1	0.034815
-90	1.1	0.032785
-90	1.2	0.031018
-90	1.3	0.029651
-90	1.4	0.028275
-90	1.5	0.027498
-90	1.6	0.026566
-90	1.7	0.025013
-90	1.8	0.023021
-90	1.9	0.021513
-90	2	0.019709
-90	2.1	0.01831
-90	2.2	0.017071
-90	2.3	0.016263
-90	2.4	0.016006
-90	2.5	0.015024
-90	2.6	0.014307
-90	2.7	0.012605
-90	2.8	0.010768
-90	2.9	0.0098849
-90	3	0.00944
-90	3.1	0.0098636
-90	3.2	0.01027
-90	3.3	0.0094997
-90	3.4	0.0090501
-90	3.5	0.0081738
-90	3.6	0.0073931
-90	3.7	0.0069047
-90	3.8	0.0073073
-90	3.9	0.0078757
-90	4	0.0082837
-80	-4	0.010084
-80	-3.9	0.011945
-80	-3.8	0.0139
-80	-3.7	0.015613
-80	-3.6	0.016285
-80	-3.5	0.0162
-80	-3.4	0.016233
-80	-3.3	0.017484
-80	-3.2	0.020034
-80	-3.1	0.023766
-80	-3	0.028318
-80	-2.9	0.033765
-80	-2.8	0.036471
-80	-2.7	0.038955
-80	-2.6	0.041298
-80	-2.5	0.043313
-80	-2.4	0.045551
-80	-2.3	0.048518
-80	-2.2	0.050543
-80	-2.1	0.049883
-80	-2	0.048174
-80	-1.9	0.044063
-80	-1.8	0.040585
-80	-1.7	0.040819
-80	-1.6	0.044915
-80	-1.5	0.052634
-80	-1.4	0.059165
-80	-1.3	0.064158
-80	-1.2	0.06513
-80	-1.1	0.063273
-80	-1	0.057295
-80	-0.9	0.049314
-80	-0.8	0.040517
-80	-0.7	0.031745
-80	-0.6	0.023106
-80	-0.5	0.018115
-80	-0.4	0.017052
-80	-0.3	0.017086
-80	-0.2	0.019478
-80	-0.1	0.024822
-80	0	0.029151
-80	0.1	0.034614
-80	0.2	0.040527
-80	0.3	0.046132
-80	0.4	0.048485
-80	0.5	0.050235
-80	0.6	0.050234
-80	0.7	0.048873
-80	0.8	0.046086
-80	0.9	0.043705
-80	1	0.040692
-80	1.1	0.036605
-80	1.2	0.033066
-80	1.3	0.028704
-80	1.4	0.026139
-80	1.5	0.025194
-80	1.6	0.024731
-80	1.7	0.024484
-80	1.8	0.024926
-80	1.9	0.024846
-80	2	0.023272
-80	2.1	0.020366
-80	2.2	0.017175
-80	2.3	0.014896
-80	2.4	0.013129
-80	2.5	0.012257
-80	2.6	0.011814
-80	2.7	0.010842
-80	2.8	0.010103
-80	2.9	0.0091195
-80	3	0.0078613
-80	3.1	0.0071959
-80	3.2	0.007085
-80	3.3	0.0069374
-80	3.4	0.0073316
-80	3.5	0.0071191
-80	3.6	0.0064772
-80	3.7	0.0061496
-80	3.8	0.0060033
-80	3.9	0.0056653
-80	4	0.0054234
-70	-4	0.010196
-70	-3.9	0.011245
-70	-3.8	0.01325
-70	-3.7	0.014915
-70	-3.6	0.017031
-70	-3.5	0.018156
-70	-3.4	0.017203
-70	-3.3	0.016927
-70	-3.2	0.017796
-70	-3.1	0.023278
-70	-3	0.027835
-70	-2.9	0.033706
-70	-2.8	0.03748
-70	-2.7	0.038853
-70	-2.6	0.040315
-70	-2.5	0.042118
-70	-2.4	0.043856
-70	-2.3	0.048641
-70	-2.2	0.05086
-70	-2.1	0.051873
-70	-2	0.04991
-70	-1.9	0.047243
-70	-1.8	0.042949
-70	-1.7	0.043506
-70	-1.6	0.047077
-70	-1.5	0.052959
-70	-1.4	0.060497
-70	-1.3	0.065398
-70	-1.2	0.068024
-70	-1.1	0.066107
-70	-1	0.059333
-70	-0.9	0.051908
-70	-0.8	0.040433
-70	-0.7	0.033005
-70	-0.6	0.025224
-70	-0.5	0.021042
-70	-0.4	0.019112
-70	-0.3	0.019932
-70	-0.2	0.022626
-70	-0.1	0.025673
-70	0	0.032893
-70	0.1	0.038059
-70	0.2	0.044826
-70	0.3	0.050266
-70	0.4	0.052451
-70	0.5	0.053257
-70	0.6	0.051809
-70	0.7	0.049075
-70	0.8	0.045082
-70	0.9	0.042096
-70	1	0.039237
-70	1.1	0.036812
-70	1.2	0.034475
-70	1.3	0.031904
-70	1.4	0.029325
-70	1.5	0.027732
-70	1.6	0.026942
-70	1.7	0.02611
-70	1.8	0.025762
-70	1.9	0.025693
-70	2	0.024193
-70	2.1	0.022678
-70	2.2	0.019429
-70	2.3	0.016883
-70	2.4	0.015799
-70	2.5	0.014354
-70	2.6	0.014366
-70	2.7	0.014383
-70	2.8	0.013783
-70	2.9	0.013447
-70	3	0.01099
-70	3.1	0.0093194
-70	3.2	0.008448
-70	3.3	0.0091602
-70	3.4	0.0090269
-70	3.5	0.0088131
-70	3.6	0.0085506
-70	3.7	0.0093315
-70	3.8	0.0083961
-70	3.9	0.008344
-70	4	0.0075808
-60	-4	0.011892
-60	-3.9	0.01308
-60	-3.8	0.015278
-60	-3.7	0.01751
-60	-3.6	0.018852
-60	-3.5	0.018579
-60	-3.4	0.017427
-60	-3.3	0.01753
-60	-3.2	0.019837
-60	-3.1	0.024998
-60	-3	0.030719
-60	-2.9	0.036209
-60	-2.8	0.039691
-60	-2.7	0.040778
-60	-2.6	0.041409
-60	-2.5	0.042191
-60	-2.4	0.044285
-60	-2.3	0.048154
-60	-2.2	0.051383
-60	-2.1	0.052491
-60	-2	0.050701
-60	-1.9	0.047688
-60	-1.8	0.044365
-60	-1.7	0.043635
-60	-1.6	0.046929
-60	-1.5	0.054636
-60	-1.4	0.062175
-60	-1.3	0.067209
-60	-1.2	0.069086
-60	-1.1	0.06771
-60	-1	0.061051
-60	-0.9	0.053779
-60	-0.8	0.045596
-60	-0.7	0.035135
-60	-0.6	0.028316
-60	-0.5	0.022927
-60	-0.4	0.021179
-60	-0.3	0.021528
-60	-0.2	0.024311
-60	-0.1	0.029453
-60	0	0.034623
-60	0.1	0.041465
-60	0.2	0.048503
-60	0.3	0.052595
-60	0.4	0.054845
-60	0.5	0.055326
-60	0.6	0.054357
-60	0.7	0.052357
-60	0.8	0.048795
-60	0.9	0.044227
-60	1	0.041112
-60	1.1	0.037559
-60	1.2	0.035207
-60	1.3	0.033302
-60	1.4	0.031714
-60	1.5	0.03119
-60	1.6	0.029304
-60	1.7	0.028042
-60	1.8	0.025796
-60	1.9	0.024719
-60	2	0.023524
-60	2.1	0.022053
-60	2.2	0.021596
-60	2.3	0.02087
-60	2.4	0.020438
-60	2.5	0.019019
-60	2.6	0.015912
-60	2.7	0.013623
-60	2.8	0.011315
-60	2.9	0.010664
-60	3	0.010418
-60	3.1	0.00988
-60	3.2	0.010062
-60	3.3	0.0099208
-60	3.4	0.0090305
-60	3.5	0.0081242
-60	3.6	0.0071214
-60	3.7	0.007568
-60	3.8	0.0082525
-60	3.9	0.0087505
-60	4	0.0082014
-50	-4	0.012964
-50	-3.9	0.013082
-50	-3.8	0.015488
-50	-3.7	0.017405
-50	-3.6	0.0201
-50	-3.5	0.020949
-50	-3.4	0.021333
-50	-3.3	0.021236
-50	-3.2	0.022574
-50	-3.1	0.025759
-50	-3	0.030956
-50	-2.9	0.037345
-50	-2.8	0.040572
-50	-2.7	0.042185
-50	-2.6	0.042486
-50	-2.5	0.042671
-50	-2.4	0.044361
-50	-2.3	0.04677
-50	-2.2	0.051425
-50	-2.1	0.052928
-50	-2	0.053047
-50	-1.9	0.050145
-50	-1.8	0.046382
-50	-1.7	0.045622
-50	-1.6	0.048759
-50	-1.5	0.053848
-50	-1.4	0.06001
-50	-1.3	0.066572
-50	-1.2	0.07141
-50	-1.1	0.070067
-50	-1	0.068566
-50	-0.9	0.061985
-50	-0.8	0.048776
-50	-0.7	0.040684
-50	-0.6	0.031683
-50	-0.5	0.025134
-50	-0.4	0.022591
-50	-0.3	0.022499
-50	-0.2	0.025637
-50	-0.1	0.029789
-50	0	0.035867
-50	0.1	0.042346
-50	0.2	0.048556
-50	0.3	0.054134
-50	0.4	0.056671
-50	0.5	0.057888
-50	0.6	0.057034
-50	0.7	0.054057
-50	0.8	0.051935
-50	0.9	0.046589
-50	1	0.0417
-50	1.1	0.039096
-50	1.2	0.037131
-50	1.3	0.034417
-50	1.4	0.032561
-50	1.5	0.030915
-50	1.6	0.02939
-50	1.7	0.027103
-50	1.8	0.025758
-50	1.9	0.024796
-50	2	0.024531
-50	2.1	0.023619
-50	2.2	0.022928
-50	2.3	0.022029
-50	2.4	0.020129
-50	2.5	0.017476
-50	2.6	0.015454
-50	2.7	0.013156
-50	2.8	0.012151
-50	2.9	0.012724
-50	3	0.012495
-50	3.1	0.011946
-50	3.2	0.01085
-50	3.3	0.009816
-50	3.4	0.0086987
-50	3.5	0.0082191
-50	3.6	0.0084058
-50	3.7	0.0095472
-50	3.8	0.011001
-50	3.9	0.010786
-50	4	0.0096113
-40	-4	0.014246
-40	-3.9	0.013859
-40	-3.8	0.013829
-40	-3.7	0.016096
-40	-3.6	0.017686
-40	-3.5	0.01973
-40	-3.4	0.020671
-40	-3.3	0.021295
-40	-3.2	0.023297
-40	-3.1	0.025713
-40	-3	0.030669
-40	-2.9	0.034018
-40	-2.8	0.03689
-40	-2.7	0.038728
-40	-2.6	0.04024
-40	-2.5	0.041904
-40	-2.4	0.043426
-40	-2.3	0.045654
-40	-2.2	0.048491
-40	-2.1	0.049782
-40	-2	0.049858
-40	-1.9	0.048716
-40	-1.8	0.047774
-40	-1.7	0.046211
-40	-1.6	0.047442
-40	-1.5	0.052203
-40	-1.4	0.058425
-40	-1.3	0.06453
-40	-1.2	0.067943
-40	-1.1	0.068495
-40	-1	0.064707
-40	-0.9	0.058643
-40	-0.8	0.051171
-40	-0.7	0.041644
-40	-0.6	0.0349
-40	-0.5	0.029514
-40	-0.4	0.024995
-40	-0.3	0.024481
-40	-0.2	0.026392
-40	-0.1	0.029661
-40	0	0.034115
-40	0.1	0.040854
-40	0.2	0.046943
-40	0.3	0.053126
-40	0.4	0.056245
-40	0.5	0.057171
-40	0.6	0.056896
-40	0.7	0.055251
-40	0.8	0.052194
-40	0.9	0.049605
-40	1	0.046332
-40	1.1	0.04329
-40	1.2	0.041256
-40	1.3	0.038434
-40	1.4	0.035879
-40	1.5	0.033584
-40	1.6	0.031871
-40	1.7	0.029996
-40	1.8	0.028317
-40	1.9	0.027008
-40	2	0.026015
-40	2.1	0.024361
-40	2.2	0.022345
-40	2.3	0.02071
-40	2.4	0.018838
-40	2.5	0.01622
-40	2.6	0.014119
-40	2.7	0.011335
-40	2.8	0.010172
-40	2.9	0.010339
-40	3	0.010012
-40	3.1	0.0094997
-40	3.2	0.009469
-40	3.3	0.0089387
-40	3.4	0.0083672
-40	3.5	0.0081777
-40	3.6	0.0075531
-40	3.7	0.0076846
-40	3.8	0.0079105
-40	3.9	0.0081023
-40	4	0.0076572
-30	-4	0.013935
-30	-3.9	0.014416
-30	-3.8	0.014864
-30	-3.7	0.016051
-30	-3.6	0.017516
-30	-3.5	0.019945
-30	-3.4	0.020979
-30	-3.3	0.021602
-30	-3.2	0.021939
-30	-3.1	0.024064
-30	-3	0.02845
-30	-2.9	0.034179
-30	-2.8	0.037781
-30	-2.7	0.040225
-30	-2.6	0.041872
-30	-2.5	0.043032
-30	-2.4	0.044292
-30	-2.3	0.046574
-30	-2.2	0.048523
-30	-2.1	0.050556
-30	-2	0.050704
-30	-1.9	0.049424
-30	-1.8	0.046911
-30	-1.7	0.045482
-30	-1.6	0.046378
-30	-1.5	0.049736
-30	-1.4	0.057152
-30	-1.3	0.06298
-30	-1.2	0.068596
-30	-1.1	0.069489
-30	-1	0.066358
-30	-0.9	0.061445
-30	-0.8	0.05409
-30	-0.7	0.04515
-30	-0.6	0.037222
-30	-0.5	0.032508
-30	-0.4	0.028863
-30	-0.3	0.027599
-30	-0.2	0.028123
-30	-0.1	0.030569
-30	0	0.034565
-30	0.1	0.038829
-30	0.2	0.045121
-30	0.3	0.049589
-30	0.4	0.053364
-30	0.5	0.055454
-30	0.6	0.056157
-30	0.7	0.055466
-30	0.8	0.052831
-30	0.9	0.049544
-30	1	0.045464
-30	1.1	0.041636
-30	1.2	0.039416
-30	1.3	0.037012
-30	1.4	0.0361
-30	1.5	0.0355
-30	1.6	0.034776
-30	1.7	0.032779
-30	1.8	0.031267
-30	1.9	0.028871
-30	2	0.027232
-30	2.1	0.025048
-30	2.2	0.024006
-30	2.3	0.02319
-30	2.4	0.021886
-30	2.5	0.02088
-30	2.6	0.016974
-30	2.7	0.014714
-30	2.8	0.013255
-30	2.9	0.011751
-30	3	0.011566
-30	3.1	0.011548
-30	3.2	0.011766
-30	3.3	0.011282
-30	3.4	0.010497
-30	3.5	0.0092445
-30	3.6	0.0083071
-30	3.7	0.008008
-30	3.8	0.0086315
-30	3.9	0.0090287
-30	4	0.0092602
-20	-4	0.010615
-20	-3.9	0.0092724
-20	-3.8	0.010689
-20	-3.7	0.015079
-20	-3.6	0.018341
-20	-3.5	0.020129
-20	-3.4	0.020859
-20	-3.3	0.019909
-20	-3.2	0.019123
-20	-3.1	0.019148
-20	-3	0.023817
-20	-2.9	0.028441
-20	-2.8	0.033671
-20	-2.7	0.038218
-20	-2.6	0.041159
-20	-2.5	0.041903
-20	-2.4	0.041393
-20	-2.3	0.041584
-20	-2.2	0.042821
-20	-2.1	0.045906
-20	-2	0.048193
-20	-1.9	0.049418
-20	-1.8	0.048302
-20	-1.7	0.046366
-20	-1.6	0.0454
-20	-1.5	0.04831
-20	-1.4	0.053277
-20	-1.3	0.060999
-20	-1.2	0.066437
-20	-1.1	0.070887
-20	-1	0.071609
-20	-0.9	0.067189
-20	-0.8	0.058361
-20	-0.7	0.05202
-20	-0.6	0.040527
-20	-0.5	0.033444
-20	-0.4	0.02734
-20	-0.3	0.024656
-20	-0.2	0.02428
-20	-0.1	0.027357
-20	0	0.030517
-20	0.1	0.03511
-20	0.2	0.043216
-20	0.3	0.048221
-20	0.4	0.053924
-20	0.5	0.057665
-20	0.6	0.05856
-20	0.7	0.057904
-20	0.8	0.054921
-20	0.9	0.052033
-20	1	0.048403
-20	1.1	0.044548
-20	1.2	0.041798
-20	1.3	0.038431
-20	1.4	0.035481
-20	1.5	0.033605
-20	1.6	0.032565
-20	1.7	0.031794
-20	1.8	0.030659
-20	1.9	0.029166
-20	2	0.027348
-20	2.1	0.025073
-20	2.2	0.022989
-20	2.3	0.020663
-20	2.4	0.018755
-20	2.5	0.017666
-20	2.6	0.015702
-20	2.7	0.014042
-20	2.8	0.013059
-20	2.9	0.011796
-20	3	0.011026
-20	3.1	0.0099954
-20	3.2	0.0093885
-20	3.3	0.0081994
-20	3.4	0.0083692
-20	3.5	0.007454
-20	3.6	0.0074562
-20	3.7	0.0077328
-20	3.8	0.0083382
-20	3.9	0.0080743
-20	4	0.0085317
-10	-4	0.011803
-10	-3.9	0.010318
-10	-3.8	0.010229
-10	-3.7	0.012403
-10	-3.6	0.016166
-10	-3.5	0.018748
-10	-3.4	0.020162
-10	-3.3	0.019975
-10	-3.2	0.01915
-10	-3.1	0.020052
-10	-3	0.024392
-10	-2.9	0.028715
-10	-2.8	0.033686
-10	-2.7	0.037217
-10	-2.6	0.039034
-10	-2.5	0.038887
-10	-2.4	0.039033
-10	-2.3	0.040541
-10	-2.2	0.04206
-10	-2.1	0.045008
-10	-2	0.048051
-10	-1.9	0.048825
-10	-1.8	0.047745
-10	-1.7	0.044983
-10	-1.6	0.044209
-10	-1.5	0.04513
-10	-1.4	0.050152
-10	-1.3	0.058508
-10	-1.2	0.064174
-10	-1.1	0.068014
-10	-1	0.068224
-10	-0.9	0.064312
-10	-0.8	0.056619
-10	-0.7	0.049801
-10	-0.6	0.041526
-10	-0.5	0.032019
-10	-0.4	0.02636
-10	-0.3	0.02339
-10	-0.2	0.023454
-10	-0.1	0.026128
-10	0	0.030811
-10	0.1	0.034063
-10	0.2	0.039954
-10	0.3	0.045099
-10	0.4	0.049571
-10	0.5	0.050952
-10	0.6	0.052436
-10	0.7	0.052371
-10	0.8	0.051393
-10	0.9	0.049863
-10	1	0.048041
-10	1.1	0.044931
-10	1.2	0.042191
-10	1.3	0.038844
-10	1.4	0.034864
-10	1.5	0.032282
-10	1.6	0.029933
-10	1.7	0.029276
-10	1.8	0.029291
-10	1.9	0.028928
-10	2	0.027966
-10	2.1	0.026313
-10	2.2	0.023407
-10	2.3	0.021133
-10	2.4	0.019544
-10	2.5	0.018393
-10	2.6	0.018127
-10	2.7	0.017677
-10	2.8	0.016564
-10	2.9	0.015805
-10	3	0.013983
-10	3.1	0.012654
-10	3.2	0.011448
-10	3.3	0.010866
-10	3.4	0.010445
-10	3.5	0.010207
-10	3.6	0.0093678
-10	3.7	0.0083518
-10	3.8	0.0078716
-10	3.9	0.0076212
-10	4	0.0078015
0	-4	0.012212
0	-3.9	0.012591
0	-3.8	0.012789
0	-3.7	0.013187
0	-3.6	0.014404
0	-3.5	0.016235
0	-3.4	0.017396
0	-3.3	0.019805
0	-3.2	0.020469
0	-3.1	0.020932
0	-3	0.022218
0	-2.9	0.025422
0	-2.8	0.028392
0	-2.7	0.031894
0	-2.6	0.035659
0	-2.5	0.037748
0	-2.4	0.038574
0	-2.3	0.039583
0	-2.2	0.040596
0	-2.1	0.041518
0	-2	0.042336
0	-1.9	0.042878
0	-1.8	0.042422
0	-1.7	0.04175
0	-1.6	0.04046
0	-1.5	0.041473
0	-1.4	0.044286
0	-1.3	0.051697
0	-1.2	0.059122
0	-1.1	0.065088
0	-1	0.067527
0	-0.9	0.066408
0	-0.8	0.061956
0	-0.7	0.055511
0	-0.6	0.048482
0	-0.5	0.037293
0	-0.4	0.032558
0	-0.3	0.025843
0	-0.2	0.022992
0	-0.1	0.022527
0	0	0.024914
0	0.1	0.031605
0	0.2	0.036643
0	0.3	0.043494
0	0.4	0.049363
0	0.5	0.053606
0	0.6	0.05592
0	0.7	0.055668
0	0.8	0.054029
0	0.9	0.051188
0	1	0.047849
0	1.1	0.045618
0	1.2	0.043473
0	1.3	0.042152
0	1.4	0.040406
0	1.5	0.038923
0	1.6	0.036706
0	1.7	0.034041
0	1.8	0.031336
0	1.9	0.028741
0	2	0.027161
0	2.1	0.025558
0	2.2	0.024084
0	2.3	0.023131
0	2.4	0.02111
0	2.5	0.01937
0	2.6	0.016866
0	2.7	0.013811
0	2.8	0.01301
0	2.9	0.012155
0	3	0.011566
0	3.1	0.011243
0	3.2	0.010781
0	3.3	0.009862
0	3.4	0.008624
0	3.5	0.0081321
0	3.6	0.0084019
0	3.7	0.0093089
0	3.8	0.0096197
0	3.9	0.0096466
0	4	0.0085996
10	-4	0.0116
10	-3.9	0.01189
10	-3.8	0.011481
10	-3.7	0.010751
10	-3.6	0.011874
10	-3.5	0.014379
10	-3.4	0.015473
10	-3.3	0.017478
10	-3.2	0.018059
10	-3.1	0.018093
10	-3	0.019544
10	-2.9	0.022725
10	-2.8	0.026426
10	-2.7	0.032415
10	-2.6	0.03482
10	-2.5	0.035967
10	-2.4	0.03531
10	-2.3	0.035512
10	-2.2	0.036409
10	-2.1	0.039408
10	-2	0.042425
10	-1.9	0.043037
10	-1.8	0.042591
10	-1.7	0.039569
10	-1.6	0.037713
10	-1.5	0.038413
10	-1.4	0.042326
10	-1.3	0.051189
10	-1.2	0.056712
10	-1.1	0.063859
10	-1	0.066756
10	-0.9	0.065483
10	-0.8	0.061521
10	-0.7	0.053283
10	-0.6	0.043143
10	-0.5	0.034413
10	-0.4	0.02656
10	-0.3	0.02217
10	-0.2	0.020571
10	-0.1	0.021691
10	0	0.025956
10	0.1	0.031049
10	0.2	0.036443
10	0.3	0.042415
10	0.4	0.046721
10	0.5	0.049892
10	0.6	0.050711
10	0.7	0.050338
10	0.8	0.048523
10	0.9	0.046237
10	1	0.043457
10	1.1	0.040893
10	1.2	0.038919
10	1.3	0.036994
10	1.4	0.035914
10	1.5	0.034744
10	1.6	0.033683
10	1.7	0.032645
10	1.8	0.031297
10	1.9	0.029486
10	2	0.027728
10	2.1	0.02567
10	2.2	0.023382
10	2.3	0.02227
10	2.4	0.020643
10	2.5	0.02009
10	2.6	0.019741
10	2.7	0.018547
10	2.8	0.0173
10	2.9	0.01557
10	3	0.014837
10	3.1	0.01465
10	3.2	0.014364
10	3.3	0.014651
10	3.4	0.014991
10	3.5	0.014727
10	3.6	0.01378
10	3.7	0.012375
10	3.8	0.011517
10	3.9	0.011134
10	4	0.011506
20	-4	0.01139
20	-3.9	0.010768
20	-3.8	0.0093816
20	-3.7	0.0088625
20	-3.6	0.010106
20	-3.5	0.013188
20	-3.4	0.014462
20	-3.3	0.015245
20	-3.2	0.014539
20	-3.1	0.014506
20	-3	0.015825
20	-2.9	0.019348
20	-2.8	0.023464
20	-2.7	0.028123
20	-2.6	0.031783
20	-2.5	0.03269
20	-2.4	0.032613
20	-2.3	0.03238
20	-2.2	0.032867
20	-2.1	0.034797
20	-2	0.03785
20	-1.9	0.040446
20	-1.8	0.04088
20	-1.7	0.038419
20	-1.6	0.036162
20	-1.5	0.035198
20	-1.4	0.038573
20	-1.3	0.046762
20	-1.2	0.053272
20	-1.1	0.060389
20	-1	0.064758
20	-0.9	0.064638
20	-0.8	0.059588
20	-0.7	0.052437
20	-0.6	0.046042
20	-0.5	0.036091
20	-0.4	0.02848
20	-0.3	0.02229
20	-0.2	0.019271
20	-0.1	0.019009
20	0	0.020778
20	0.1	0.026491
20	0.2	0.032355
20	0.3	0.038456
20	0.4	0.043117
20	0.5	0.047225
20	0.6	0.049666
20	0.7	0.049696
20	0.8	0.049108
20	0.9	0.047669
20	1	0.046034
20	1.1	0.043593
20	1.2	0.042345
20	1.3	0.041033
20	1.4	0.039135
20	1.5	0.036715
20	1.6	0.034649
20	1.7	0.034192
20	1.8	0.033623
20	1.9	0.032691
20	2	0.030945
20	2.1	0.029713
20	2.2	0.028012
20	2.3	0.025406
20	2.4	0.023409
20	2.5	0.021735
20	2.6	0.020597
20	2.7	0.01978
20	2.8	0.017844
20	2.9	0.016559
20	3	0.014997
20	3.1	0.013757
20	3.2	0.013403
20	3.3	0.013191
20	3.4	0.013046
20	3.5	0.013542
20	3.6	0.013639
20	3.7	0.01227
20	3.8	0.010392
20	3.9	0.00973
20	4	0.009416
30	-4	0.0097747
30	-3.9	0.010589
30	-3.8	0.010912
30	-3.7	0.010915
30	-3.6	0.011002
30	-3.5	0.011961
30	-3.4	0.012289
30	-3.3	0.012648
30	-3.2	0.014416
30	-3.1	0.015806
30	-3	0.017085
30	-2.9	0.018946
30	-2.8	0.02217
30	-2.7	0.0248
30	-2.6	0.028294
30	-2.5	0.030839
30	-2.4	0.032304
30	-2.3	0.033445
30	-2.2	0.034498
30	-2.1	0.035
30	-2	0.035854
30	-1.9	0.035931
30	-1.8	0.03557
30	-1.7	0.034045
30	-1.6	0.032934
30	-1.5	0.032278
30	-1.4	0.035447
30	-1.3	0.040477
30	-1.2	0.048671
30	-1.1	0.0556
30	-1	0.059658
30	-0.9	0.061808
30	-0.8	0.05995
30	-0.7	0.054635
30	-0.6	0.048514
30	-0.5	0.040193
30	-0.4	0.032913
30	-0.3	0.027112
30	-0.2	0.020978
30	-0.1	0.018116
30	0	0.017928
30	0.1	0.021397
30	0.2	0.024809
30	0.3	0.030988
30	0.4	0.037435
30	0.5	0.042305
30	0.6	0.046942
30	0.7	0.048958
30	0.8	0.050198
30	0.9	0.049451
30	1	0.048238
30	1.1	0.045674
30	1.2	0.043408
30	1.3	0.04104
30	1.4	0.039394
30	1.5	0.037443
30	1.6	0.036548
30	1.7	0.036355
30	1.8	0.035624
30	1.9	0.033794
30	2	0.029642
30	2.1	0.02691
30	2.2	0.025075
30	2.3	0.022796
30	2.4	0.021815
30	2.5	0.020945
30	2.6	0.020426
30	2.7	0.018245
30	2.8	0.016233
30	2.9	0.013786
30	3	0.011678
30	3.1	0.011955
30	3.2	0.012998
30	3.3	0.013723
30	3.4	0.01321
30	3.5	0.012277
30	3.6	0.010942
30	3.7	0.0094707
30	3.8	0.0084499
30	3.9	0.0091478
30	4	0.0098734
40	-4	0.0090519
40	-3.9	0.0088643
40	-3.8	0.0080923
40	-3.7	0.0074757
40	-3.6	0.0085902
40	-3.5	0.010031
40	-3.4	0.01285
40	-3.3	0.014797
40	-3.2	0.015565
40	-3.1	0.015123
40	-3	0.013885
40	-2.9	0.014385
40	-2.8	0.01658
40	-2.7	0.021491
40	-2.6	0.025931
40	-2.5	0.028653
40	-2.4	0.030402
40	-2.3	0.031044
40	-2.2	0.031129
40	-2.1	0.031635
40	-2	0.032345
40	-1.9	0.032965
40	-1.8	0.032967
40	-1.7	0.03203
40	-1.6	0.03042
40	-1.5	0.029924
40	-1.4	0.031978
40	-1.3	0.037689
40	-1.2	0.043771
40	-1.1	0.051515
40	-1	0.057003
40	-0.9	0.058993
40	-0.8	0.058435
40	-0.7	0.053499
40	-0.6	0.047111
40	-0.5	0.040796
40	-0.4	0.031262
40	-0.3	0.022564
40	-0.2	0.01848
40	-0.1	0.014263
40	0	0.012943
40	0.1	0.013883
40	0.2	0.0186
40	0.3	0.025769
40	0.4	0.035775
40	0.5	0.042223
40	0.6	0.047532
40	0.7	0.050764
40	0.8	0.051871
40	0.9	0.050842
40	1	0.048131
40	1.1	0.045019
40	1.2	0.043384
40	1.3	0.041879
40	1.4	0.040853
40	1.5	0.039502
40	1.6	0.037676
40	1.7	0.036864
40	1.8	0.035059
40	1.9	0.03315
40	2	0.03126
40	2.1	0.029284
40	2.2	0.027685
40	2.3	0.025615
40	2.4	0.022499
40	2.5	0.019628
40	2.6	0.016817
40	2.7	0.015164
40	2.8	0.013871
40	2.9	0.013113
40	3	0.012695
40	3.1	0.012335
40	3.2	0.011132
40	3.3	0.010475
40	3.4	0.01013
40	3.5	0.0098963
40	3.6	0.010186
40	3.7	0.01002
40	3.8	0.0098061
40	3.9	0.009234
40	4	0.0093936
50	-4	0.0073448
50	-3.9	0.0078387
50	-3.8	0.0081718
50	-3.7	0.0077641
50	-3.6	0.0072763
50	-3.5	0.0083207
50	-3.4	0.0091796
50	-3.3	0.0099012
50	-3.2	0.010483
50	-3.1	0.011533
50	-3	0.012023
50	-2.9	0.013038
50	-2.8	0.01488
50	-2.7	0.020258
50	-2.6	0.023589
50	-2.5	0.027428
50	-2.4	0.03025
50	-2.3	0.032485
50	-2.2	0.032623
50	-2.1	0.031865
50	-2	0.031482
50	-1.9	0.030811
50	-1.8	0.031077
50	-1.7	0.030906
50	-1.6	0.030609
50	-1.5	0.030353
50	-1.4	0.031379
50	-1.3	0.035978
50	-1.2	0.041188
50	-1.1	0.046285
50	-1	0.053622
50	-0.9	0.055086
50	-0.8	0.053817
50	-0.7	0.05096
50	-0.6	0.044676
50	-0.5	0.036819
50	-0.4	0.029666
50	-0.3	0.022311
50	-0.2	0.019363
50	-0.1	0.015732
50	0	0.013046
50	0.1	0.01354
50	0.2	0.018832
50	0.3	0.023848
50	0.4	0.033072
50	0.5	0.039238
50	0.6	0.045493
50	0.7	0.047596
50	0.8	0.049295
50	0.9	0.048805
50	1	0.047169
50	1.1	0.045202
50	1.2	0.042421
50	1.3	0.040741
50	1.4	0.038767
50	1.5	0.037174
50	1.6	0.035814
50	1.7	0.035231
50	1.8	0.03506
50	1.9	0.033785
50	2	0.032144
50	2.1	0.029606
50	2.2	0.026948
50	2.3	0.023467
50	2.4	0.020639
50	2.5	0.017688
50	2.6	0.01576
50	2.7	0.014286
50	2.8	0.013053
50	2.9	0.012701
50	3	0.011959
50	3.1	0.011965
50	3.2	0.012044
50	3.3	0.011707
50	3.4	0.011147
50	3.5	0.010113
50	3.6	0.008991
50	3.7	0.008964
50	3.8	0.0092305
50	3.9	0.010159
50	4	0.0099614
60	-4	0.0097549
60	-3.9	0.0084671
60	-3.8	0.00748
60	-3.7	0.0083071
60	-3.6	0.010285
60	-3.5	0.011365
60	-3.4	0.012196
60	-3.3	0.012012
60	-3.2	0.010742
60	-3.1	0.010482
60	-3	0.011065
60	-2.9	0.014367
60	-2.8	0.016763
60	-2.7	0.021103
60	-2.6	0.023834
60	-2.5	0.025593
60	-2.4	0.026406
60	-2.3	0.026881
60	-2.2	0.027576
60	-2.1	0.029285
60	-2	0.031629
60	-1.9	0.032571
60	-1.8	0.031577
60	-1.7	0.029564
60	-1.6	0.025908
60	-1.5	0.023042
60	-1.4	0.024856
60	-1.3	0.030739
60	-1.2	0.03984
60	-1.1	0.045328
60	-1	0.051015
60	-0.9	0.053264
60	-0.8	0.05182
60	-0.7	0.04774
60	-0.6	0.041706
60	-0.5	0.033254
60	-0.4	0.025886
60	-0.3	0.020953
60	-0.2	0.016199
60	-0.1	0.014072
60	0	0.012417
60	0.1	0.012886
60	0.2	0.015637
60	0.3	0.022665
60	0.4	0.027665
60	0.5	0.034928
60	0.6	0.040451
60	0.7	0.044264
60	0.8	0.045671
60	0.9	0.045257
60	1	0.042892
60	1.1	0.040219
60	1.2	0.037509
60	1.3	0.036001
60	1.4	0.035037
60	1.5	0.035057
60	1.6	0.034714
60	1.7	0.034742
60	1.8	0.034719
60	1.9	0.034118
60	2	0.031313
60	2.1	0.029087
60	2.2	0.026003
60	2.3	0.02466
60	2.4	0.0219
60	2.5	0.019537
60	2.6	0.017743
60	2.7	0.016803
60	2.8	0.014785
60	2.9	0.013691
60	3	0.012791
60	3.1	0.012356
60	3.2	0.012702
60	3.3	0.013385
60	3.4	0.013435
60	3.5	0.01368
60	3.6	0.013353
60	3.7	0.012879
60	3.8	0.012727
60	3.9	0.0119
60	4	0.011284
70	-4	0.0093037
70	-3.9	0.010208
70	-3.8	0.01058
70	-3.7	0.0093574
70	-3.6	0.0078428
70	-3.5	0.0070735
70	-3.4	0.0084346
70	-3.3	0.009811
70	-3.2	0.010857
70	-3.1	0.010703
70	-3	0.010062
70	-2.9	0.011105
70	-2.8	0.014077
70	-2.7	0.018276
70	-2.6	0.022593
70	-2.5	0.025199
70	-2.4	0.027052
70	-2.3	0.027786
70	-2.2	0.028326
70	-2.1	0.02983
70	-2	0.031626
70	-1.9	0.032905
70	-1.8	0.032333
70	-1.7	0.03024
70	-1.6	0.026124
70	-1.5	0.020957
70	-1.4	0.021752
70	-1.3	0.026733
70	-1.2	0.036603
70	-1.1	0.042776
70	-1	0.049512
70	-0.9	0.051706
70	-0.8	0.050491
70	-0.7	0.046076
70	-0.6	0.039535
70	-0.5	0.033588
70	-0.4	0.027305
70	-0.3	0.02204
70	-0.2	0.017995
70	-0.1	0.015256
70	0	0.011594
70	0.1	0.011697
70	0.2	0.017001
70	0.3	0.022903
70	0.4	0.030098
70	0.5	0.03778
70	0.6	0.042066
70	0.7	0.044344
70	0.8	0.044916
70	0.9	0.04399
70	1	0.042717
70	1.1	0.038972
70	1.2	0.036193
70	1.3	0.034201
70	1.4	0.032798
70	1.5	0.031336
70	1.6	0.031293
70	1.7	0.03176
70	1.8	0.032426
70	1.9	0.031925
70	2	0.029647
70	2.1	0.026743
70	2.2	0.023736
70	2.3	0.020504
70	2.4	0.017568
70	2.5	0.015837
70	2.6	0.014864
70	2.7	0.013732
70	2.8	0.012722
70	2.9	0.010365
70	3	0.0091813
70	3.1	0.0085525
70	3.2	0.0093072
70	3.3	0.011309
70	3.4	0.011736
70	3.5	0.011622
70	3.6	0.011829
70	3.7	0.011475
70	3.8	0.010587
70	3.9	0.010523
70	4	0.010704
80	-4	0.011236
80	-3.9	0.011177
80	-3.8	0.011026
80	-3.7	0.0093471
80	-3.6	0.0091248
80	-3.5	0.0090018
80	-3.4	0.0089496
80	-3.3	0.0099728
80	-3.2	0.0093988
80	-3.1	0.0092427
80	-3	0.0094142
80	-2.9	0.011094
80	-2.8	0.01475
80	-2.7	0.017131
80	-2.6	0.021489
80	-2.5	0.024023
80	-2.4	0.025129
80	-2.3	0.026036
80	-2.2	0.026382
80	-2.1	0.027927
80	-2	0.029681
80	-1.9	0.030474
80	-1.8	0.030704
80	-1.7	0.028838
80	-1.6	0.023969
80	-1.5	0.019993
80	-1.4	0.018833
80	-1.3	0.023059
80	-1.2	0.03126
80	-1.1	0.039226
80	-1	0.047389
80	-0.9	0.051711
80	-0.8	0.052018
80	-0.7	0.047354
80	-0.6	0.042577
80	-0.5	0.033618
80	-0.4	0.026894
80	-0.3	0.019847
80	-0.2	0.013841
80	-0.1	0.012072
80	0	0.011405
80	0.1	0.0101
80	0.2	0.011454
80	0.3	0.017149
80	0.4	0.024833
80	0.5	0.034257
80	0.6	0.041451
80	0.7	0.044183
80	0.8	0.045533
80	0.9	0.044466
80	1	0.041402
80	1.1	0.036601
80	1.2	0.033886
80	1.3	0.031769
80	1.4	0.031843
80	1.5	0.031757
80	1.6	0.031731
80	1.7	0.031886
80	1.8	0.031682
80	1.9	0.03151
80	2	0.029921
80	2.1	0.02728
80	2.2	0.025949
80	2.3	0.023754
80	2.4	0.02072
80	2.5	0.017851
80	2.6	0.015688
80	2.7	0.013148
80	2.8	0.011614
80	2.9	0.009685
80	3	0.0087024
80	3.1	0.0091177
80	3.2	0.010423
80	3.3	0.011587
80	3.4	0.011582
80	3.5	0.011018
80	3.6	0.011105
80	3.7	0.01161
80	3.8	0.011733
80	3.9	0.01083
80	4	0.010888
90	-4	0.010281
90	-3.9	0.011635
90	-3.8	0.011499
90	-3.7	0.010454
90	-3.6	0.0095082
90	-3.5	0.0084956
90	-3.4	0.0080623
90	-3.3	0.0096934
90	-3.2	0.010317
90	-3.1	0.0093522
90	-3	0.0077683
90	-2.9	0.0076297
90	-2.8	0.012793
90	-2.7	0.018334
90	-2.6	0.022625
90	-2.5	0.025883
90	-2.4	0.026933
90	-2.3	0.027644
90	-2.2	0.028342
90	-2.1	0.029547
90	-2	0.032202
90	-1.9	0.033543
90	-1.8	0.033454
90	-1.7	0.031132
90	-1.6	0.026277
90	-1.5	0.018646
90	-1.4	0.016929
90	-1.3	0.022413
90	-1.2	0.030604
90	-1.1	0.039505
90	-1	0.045844
90	-0.9	0.049995
90	-0.8	0.048963
90	-0.7	0.045818
90	-0.6	0.040454
90	-0.5	0.031125
90	-0.4	0.025757
90	-0.3	0.021272
90	-0.2	0.015935
90	-0.1	0.013734
90	0	0.012236
90	0.1	0.011711
90	0.2	0.014458
90	0.3	0.01986
90	0.4	0.02667
90	0.5	0.033546
90	0.6	0.038017
90	0.7	0.040619
90	0.8	0.041752
90	0.9	0.041335
90	1	0.039247
90	1.1	0.036046
90	1.2	0.032909
90	1.3	0.029896
90	1.4	0.028657
90	1.5	0.02833
90	1.6	0.02922
90	1.7	0.030363
90	1.8	0.031811
90	1.9	0.031881
90	2	0.030768
90	2.1	0.027357
90	2.2	0.024178
90	2.3	0.020523
90	2.4	0.018064
90	2.5	0.015378
90	2.6	0.01428
90	2.7	0.012964
90	2.8	0.011456
90	2.9	0.0090215
90	3	0.0072473
90	3.1	0.0072473
90	3.2	0.0079614
90	3.3	0.0094929
90	3.4	0.010278
90	3.5	0.00966
90	3.6	0.0094108
90	3.7	0.0095945
90	3.8	0.0091778
90	3.9	0.0089658
90	4	0.0096767
100	-4	0.013049
100	-3.9	0.01243
100	-3.8	0.01141
100	-3.7	0.0089243
100	-3.6	0.0079289
100	-3.5	0.0077453
100	-3.4	0.0095286
100	-3.3	0.010967
100	-3.2	0.010814
100	-3.1	0.010218
100	-3	0.0073404
100	-2.9	0.0063411
100	-2.8	0.010612
100	-2.7	0.014895
100	-2.6	0.021149
100	-2.5	0.024119
100	-2.4	0.025882
100	-2.3	0.026572
100	-2.2	0.027275
100	-2.1	0.027916
100	-2	0.02997
100	-1.9	0.031838
100	-1.8	0.032869
100	-1.7	0.031843
100	-1.6	0.027389
100	-1.5	0.022443
100	-1.4	0.016284
100	-1.3	0.017167
100	-1.2	0.02318
100	-1.1	0.032057
100	-1	0.042506
100	-0.9	0.047335
100	-0.8	0.048378
100	-0.7	0.045844
100	-0.6	0.040865
100	-0.5	0.033602
100	-0.4	0.027138
100	-0.3	0.020068
100	-0.2	0.016812
100	-0.1	0.014874
100	0	0.013153
100	0.1	0.011502
100	0.2	0.013546
100	0.3	0.02052
100	0.4	0.028176
100	0.5	0.035734
100	0.6	0.039588
100	0.7	0.042594
100	0.8	0.042343
100	0.9	0.039792
100	1	0.037383
100	1.1	0.033611
100	1.2	0.030292
100	1.3	0.029482
100	1.4	0.029653
100	1.5	0.029577
100	1.6	0.029182
100	1.7	0.028879
100	1.8	0.028433
100	1.9	0.027986
100	2	0.02684
100	2.1	0.025238
100	2.2	0.02377
100	2.3	0.021143
100	2.4	0.018119
100	2.5	0.014694
100	2.6	0.012079
100	2.7	0.0089586
100	2.8	0.0078098
100	2.9	0.0068223
100	3	0.0071531
100	3.1	0.0069584
100	3.2	0.0069862
100	3.3	0.0079553
100	3.4	0.0077265
100	3.5	0.0077182
100	3.6	0.008545
100	3.7	0.0085639
100	3.8	0.0083942
100	3.9	0.0082073
100	4	0.0084575
110	-4	0.011883
110	-3.9	0.012219
110	-3.8	0.012746
110	-3.7	0.012751
110	-3.6	0.012734
110	-3.5	0.012504
110	-3.4	0.012179
110	-3.3	0.012009
110	-3.2	0.011619
110	-3.1	0.0099338
110	-3	0.0083846
110	-2.9	0.0070484
110	-2.8	0.0088479
110	-2.7	0.012544
110	-2.6	0.017259
110	-2.5	0.021495
110	-2.4	0.024502
110	-2.3	0.027962
110	-2.2	0.031269
110	-2.1	0.033772
110	-2	0.035712
110	-1.9	0.036878
110	-1.8	0.036063
110	-1.7	0.032246
110	-1.6	0.027466
110	-1.5	0.02147
110	-1.4	0.016392
110	-1.3	0.017261
110	-1.2	0.025706
110	-1.1	0.033804
110	-1	0.040284
110	-0.9	0.043626
110	-0.8	0.044412
110	-0.7	0.041888
110	-0.6	0.037138
110	-0.5	0.032662
110	-0.4	0.025318
110	-0.3	0.021679
110	-0.2	0.01952
110	-0.1	0.01742
110	0	0.015735
110	0.1	0.016426
110	0.2	0.018054
110	0.3	0.023114
110	0.4	0.028403
110	0.5	0.034733
110	0.6	0.038149
110	0.7	0.039924
110	0.8	0.038821
110	0.9	0.037933
110	1	0.034334
110	1.1	0.030823
110	1.2	0.029056
110	1.3	0.028282
110	1.4	0.029806
110	1.5	0.030369
110	1.6	0.030951
110	1.7	0.031357
110	1.8	0.031097
110	1.9	0.030941
110	2	0.029588
110	2.1	0.027992
110	2.2	0.026711
110	2.3	0.023029
110	2.4	0.01987
110	2.5	0.016748
110	2.6	0.01363
110	2.7	0.011375
110	2.8	0.0091337
110	2.9	0.0081282
110	3	0.0075188
110	3.1	0.0072807
110	3.2	0.007714
110	3.3	0.0082701
110	3.4	0.0080281
110	3.5	0.0087098
110	3.6	0.0088003
110	3.7	0.009248
110	3.8	0.0092182
110	3.9	0.0085827
110	4	0.0089604
120	-4	0.014527
120	-3.9	0.015007
120	-3.8	0.014692
120	-3.7	0.01428
120	-3.6	0.014028
120	-3.5	0.014227
120	-3.4	0.014589
120	-3.3	0.014304
120	-3.2	0.012904
120	-3.1	0.011592
120	-3	0.008507
120	-2.9	0.0069351
120	-2.8	0.0094588
120	-2.7	0.013522
120	-2.6	0.019729
120	-2.5	0.022574
120	-2.4	0.024586
120	-2.3	0.027319
120	-2.2	0.029047
120	-2.1	0.034245
120	-2	0.037109
120	-1.9	0.040218
120	-1.8	0.040339
120	-1.7	0.036261
120	-1.6	0.030853
120	-1.5	0.022852
120	-1.4	0.015774
120	-1.3	0.016105
120	-1.2	0.023168
120	-1.1	0.030728
120	-1	0.03983
120	-0.9	0.044259
120	-0.8	0.045389
120	-0.7	0.044078
120	-0.6	0.041488
120	-0.5	0.035373
120	-0.4	0.029529
120	-0.3	0.024869
120	-0.2	0.022431
120	-0.1	0.020085
120	0	0.018518
120	0.1	0.018998
120	0.2	0.021341
120	0.3	0.025584
120	0.4	0.029684
120	0.5	0.033978
120	0.6	0.03776
120	0.7	0.039294
120	0.8	0.037943
120	0.9	0.036597
120	1	0.034051
120	1.1	0.030258
120	1.2	0.02713
120	1.3	0.025376
120	1.4	0.025731
120	1.5	0.02705
120	1.6	0.028152
120	1.7	0.029907
120	1.8	0.030928
120	1.9	0.03098
120	2	0.029431
120	2.1	0.026276
120	2.2	0.024685
120	2.3	0.020484
120	2.4	0.018149
120	2.5	0.015088
120	2.6	0.012858
120	2.7	0.011564
120	2.8	0.0094245
120	2.9	0.0078284
120	3	0.0068389
120	3.1	0.0057165
120	3.2	0.0063944
120	3.3	0.0083401
120	3.4	0.008732
120	3.5	0.0087061
120	3.6	0.0087653
120	3.7	0.0089369
120	3.8	0.0087671
120	3.9	0.0088661
120	4	0.0084861
130	-4	0.017543
130	-3.9	0.018236
130	-3.8	0.017681
130	-3.7	0.016593
130	-3.6	0.014773
130	-3.5	0.013819
130	-3.4	0.013978
130	-3.3	0.014262
130	-3.2	0.013758
130	-3.1	0.012024
130	-3	0.0087708
130	-2.9	0.0067221
130	-2.8	0.0095387
130	-2.7	0.013396
130	-2.6	0.019235
130	-2.5	0.023145
130	-2.4	0.026261
130	-2.3	0.028242
130	-2.2	0.030967
130	-2.1	0.034761
130	-2	0.038634
130	-1.9	0.041445
130	-1.8	0.042177
130	-1.7	0.03983
130	-1.6	0.033936
130	-1.5	0.024856
130	-1.4	0.016766
130	-1.3	0.015585
130	-1.2	0.019562
130	-1.1	0.030908
130	-1	0.040754
130	-0.9	0.046007
130	-0.8	0.047671
130	-0.7	0.047079
130	-0.6	0.043972
130	-0.5	0.03946
130	-0.4	0.033147
130	-0.3	0.029093
130	-0.2	0.02532
130	-0.1	0.023195
130	0	0.021387
130	0.1	0.021115
130	0.2	0.023285
130	0.3	0.025634
130	0.4	0.030702
130	0.5	0.034248
130	0.6	0.0378
130	0.7	0.038892
130	0.8	0.037739
130	0.9	0.036453
130	1	0.033817
130	1.1	0.030914
130	1.2	0.028966
130	1.3	0.028478
130	1.4	0.029817
130	1.5	0.030702
130	1.6	0.031312
130	1.7	0.032046
130	1.8	0.033013
130	1.9	0.032603
130	2	0.030822
130	2.1	0.028393
130	2.2	0.025978
130	2.3	0.02294
130	2.4	0.019205
130	2.5	0.015889
130	2.6	0.01323
130	2.7	0.011575
130	2.8	0.0098193
130	2.9	0.0086071
130	3	0.0069258
130	3.1	0.0066811
130	3.2	0.0061941
130	3.3	0.0069908
130	3.4	0.0077286
130	3.5	0.0078098
130	3.6	0.007225
130	3.7	0.0075958
130	3.8	0.0077286
130	3.9	0.0076466
130	4	0.0074994
140	-4	0.016656
140	-3.9	0.016545
140	-3.8	0.015474
140	-3.7	0.013815
140	-3.6	0.013454
140	-3.5	0.013655
140	-3.4	0.013932
140	-3.3	0.014067
140	-3.2	0.01283
140	-3.1	0.010254
140	-3	0.0074497
140	-2.9	0.0065664
140	-2.8	0.0093159
140	-2.7	0.014052
140	-2.6	0.018527
140	-2.5	0.020723
140	-2.4	0.023253
140	-2.3	0.024983
140	-2.2	0.028902
140	-2.1	0.035765
140	-2	0.042955
140	-1.9	0.045296
140	-1.8	0.046917
140	-1.7	0.044764
140	-1.6	0.038286
140	-1.5	0.028215
140	-1.4	0.017858
140	-1.3	0.016742
140	-1.2	0.025586
140	-1.1	0.03632
140	-1	0.043861
140	-0.9	0.049977
140	-0.8	0.053515
140	-0.7	0.05223
140	-0.6	0.047221
140	-0.5	0.040228
140	-0.4	0.03312
140	-0.3	0.028391
140	-0.2	0.024523
140	-0.1	0.022474
140	0	0.022316
140	0.1	0.024159
140	0.2	0.026654
140	0.3	0.030723
140	0.4	0.035145
140	0.5	0.03968
140	0.6	0.041929
140	0.7	0.041098
140	0.8	0.039307
140	0.9	0.035664
140	1	0.032404
140	1.1	0.029652
140	1.2	0.027719
140	1.3	0.02841
140	1.4	0.029571
140	1.5	0.030048
140	1.6	0.03038
140	1.7	0.030917
140	1.8	0.030991
140	1.9	0.030144
140	2	0.028229
140	2.1	0.026381
140	2.2	0.024658
140	2.3	0.022719
140	2.4	0.019735
140	2.5	0.016723
140	2.6	0.015165
140	2.7	0.013487
140	2.8	0.010633
140	2.9	0.0090947
140	3	0.007849
140	3.1	0.0069723
140	3.2	0.0064246
140	3.3	0.0067796
140	3.4	0.0066714
140	3.5	0.007069
140	3.6	0.0075252
140	3.7	0.008148
140	3.8	0.0075872
140	3.9	0.0073646
140	4	0.0073909
150	-4	0.017203
150	-3.9	0.017661
150	-3.8	0.016653
150	-3.7	0.015831
150	-3.6	0.015003
150	-3.5	0.015374
150	-3.4	0.015592
150	-3.3	0.015661
150	-3.2	0.014454
150	-3.1	0.011905
150	-3	0.0079431
150	-2.9	0.0070185
150	-2.8	0.009295
150	-2.7	0.015765
150	-2.6	0.019598
150	-2.5	0.023533
150	-2.4	0.026926
150	-2.3	0.031123
150	-2.2	0.035672
150	-2.1	0.039291
150	-2	0.04311
150	-1.9	0.045411
150	-1.8	0.044829
150	-1.7	0.039977
150	-1.6	0.033614
150	-1.5	0.024463
150	-1.4	0.017615
150	-1.3	0.016488
150	-1.2	0.02429
150	-1.1	0.034377
150	-1	0.04396
150	-0.9	0.047979
150	-0.8	0.049874
150	-0.7	0.049011
150	-0.6	0.044945
150	-0.5	0.040531
150	-0.4	0.034989
150	-0.3	0.030639
150	-0.2	0.027215
150	-0.1	0.025381
150	0	0.024455
150	0.1	0.025049
150	0.2	0.026912
150	0.3	0.029778
150	0.4	0.033781
150	0.5	0.037049
150	0.6	0.03808
150	0.7	0.038364
150	0.8	0.037526
150	0.9	0.035786
150	1	0.032619
150	1.1	0.029448
150	1.2	0.027091
150	1.3	0.026549
150	1.4	0.027607
150	1.5	0.030063
150	1.6	0.031466
150	1.7	0.033774
150	1.8	0.034492
150	1.9	0.032894
150	2	0.029148
150	2.1	0.026365
150	2.2	0.023745
150	2.3	0.020095
150	2.4	0.018334
150	2.5	0.01634
150	2.6	0.015931
150	2.7	0.014694
150	2.8	0.012757
150	2.9	0.0098718
150	3	0.0077849
150	3.1	0.0067533
150	3.2	0.0076276
150	3.3	0.0083692
150	3.4	0.0082388
150	3.5	0.0081915
150	3.6	0.0073338
150	3.7	0.0075936
150	3.8	0.0076021
150	3.9	0.008012
150	4	0.0086034
160	-4	0.016408
160	-3.9	0.016294
160	-3.8	0.014921
160	-3.7	0.01448
160	-3.6	0.014282
160	-3.5	0.015028
160	-3.4	0.014958
160	-3.3	0.014282
160	-3.2	0.011767
160	-3.1	0.0091655
160	-3	0.0068342
160	-2.9	0.010114
160	-2.8	0.014799
160	-2.7	0.019468
160	-2.6	0.022269
160	-2.5	0.025075
160	-2.4	0.027568
160	-2.3	0.031354
160	-2.2	0.037014
160	-2.1	0.040069
160	-2	0.044242
160	-1.9	0.044663
160	-1.8	0.041971
160	-1.7	0.037494
160	-1.6	0.030334
160	-1.5	0.021382
160	-1.4	0.015746
160	-1.3	0.019416
160	-1.2	0.027747
160	-1.1	0.038832
160	-1	0.043787
160	-0.9	0.048439
160	-0.8	0.049771
160	-0.7	0.048681
160	-0.6	0.04506
160	-0.5	0.039583
160	-0.4	0.034414
160	-0.3	0.031592
160	-0.2	0.029652
160	-0.1	0.027503
160	0	0.026701
160	0.1	0.027084
160	0.2	0.029096
160	0.3	0.030961
160	0.4	0.034451
160	0.5	0.037514
160	0.6	0.038395
160	0.7	0.038131
160	0.8	0.037087
160	0.9	0.035126
160	1	0.032093
160	1.1	0.029918
160	1.2	0.029118
160	1.3	0.030002
160	1.4	0.031372
160	1.5	0.032702
160	1.6	0.033655
160	1.7	0.034336
160	1.8	0.034435
160	1.9	0.033314
160	2	0.031573
160	2.1	0.02947
160	2.2	0.027614
160	2.3	0.025223
160	2.4	0.021789
160	2.5	0.018762
160	2.6	0.015411
160	2.7	0.012762
160	2.8	0.0098865
160	2.9	0.0086071
160	3	0.0084211
160	3.1	0.0087837
160	3.2	0.0084307
160	3.3	0.0070827
160	3.4	0.0066956
160	3.5	0.0061548
160	3.6	0.0063104
160	3.7	0.0069954
160	3.8	0.0076846
160	3.9	0.0079716
160	4	0.0082915
170	-4	0.016733
170	-3.9	0.01572
170	-3.8	0.013859
170	-3.7	0.012056
170	-3.6	0.010724
170	-3.5	0.011771
170	-3.4	0.012425
170	-3.3	0.012413
170	-3.2	0.011664
170	-3.1	0.010113
170	-3	0.0075787
170	-2.9	0.0094331
170	-2.8	0.016075
170	-2.7	0.020437
170	-2.6	0.024325
170	-2.5	0.026409
170	-2.4	0.028187
170	-2.3	0.030019
170	-2.2	0.032555
170	-2.1	0.03661
170	-2	0.040107
170	-1.9	0.042047
170	-1.8	0.040392
170	-1.7	0.03697
170	-1.6	0.026618
170	-1.5	0.01915
170	-1.4	0.014231
170	-1.3	0.020114
170	-1.2	0.033318
170	-1.1	0.041238
170	-1	0.049879
170	-0.9	0.053282
170	-0.8	0.053394
170	-0.7	0.050241
170	-0.6	0.044799
170	-0.5	0.038094
170	-0.4	0.032438
170	-0.3	0.029052
170	-0.2	0.026204
170	-0.1	0.024467
170	0	0.024171
170	0.1	0.025327
170	0.2	0.028081
170	0.3	0.032068
170	0.4	0.035275
170	0.5	0.037421
170	0.6	0.037771
170	0.7	0.036695
170	0.8	0.035212
170	0.9	0.033466
170	1	0.031148
170	1.1	0.029553
170	1.2	0.028837
170	1.3	0.02865
170	1.4	0.028899
170	1.5	0.029056
170	1.6	0.029846
170	1.7	0.030959
170	1.8	0.0315
170	1.9	0.031044
170	2	0.02942
170	2.1	0.02775
170	2.2	0.025896
170	2.3	0.0222
170	2.4	0.019735
170	2.5	0.016628
170	2.6	0.014681
170	2.7	0.013081
170	2.8	0.011451
170	2.9	0.010097
170	3	0.0093298
170	3.1	0.0083961
170	3.2	0.0075936
170	3.3	0.0075616
170	3.4	0.0070001
170	3.5	0.007441
170	3.6	0.007254
170	3.7	0.0071372
170	3.8	0.0066326
170	3.9	0.0076043
170	4	0.0077787
180	-4	0.013236
180	-3.9	0.012382
180	-3.8	0.010654
180	-3.7	0.0097549
180	-3.6	0.010042
180	-3.5	0.010686
180	-3.4	0.010443
180	-3.3	0.0090947
180	-3.2	0.0076191
180	-3.1	0.0081915
180	-3	0.011389
180	-2.9	0.015502
180	-2.8	0.019128
180	-2.7	0.022693
180	-2.6	0.024674
180	-2.5	0.026528
180	-2.4	0.028775
180	-2.3	0.033098
180	-2.2	0.038202
180	-2.1	0.040991
180	-2	0.042819
180	-1.9	0.042091
180	-1.8	0.036684
180	-1.7	0.029038
180	-1.6	0.017071
180	-1.5	0.012375
180	-1.4	0.017189
180	-1.3	0.028827
180	-1.2	0.038757
180	-1.1	0.046951
180	-1	0.051224
180	-0.9	0.052787
180	-0.8	0.050766
180	-0.7	0.046982
180	-0.6	0.042146
180	-0.5	0.034869
180	-0.4	0.030635
180	-0.3	0.027007
180	-0.2	0.024054
180	-0.1	0.022513
180	0	0.022335
180	0.1	0.02371
180	0.2	0.025522
180	0.3	0.029409
180	0.4	0.032554
180	0.5	0.035185
180	0.6	0.036412
180	0.7	0.036646
180	0.8	0.036052
180	0.9	0.033263
180	1	0.02919
180	1.1	0.026753
180	1.2	0.025374
180	1.3	0.025838
180	1.4	0.026929
180	1.5	0.029654
180	1.6	0.031923
180	1.7	0.033643
180	1.8	0.032722
180	1.9	0.030436
180	2	0.028297
180	2.1	0.025943
180	2.2	0.023704
180	2.3	0.022178
180	2.4	0.02144
180	2.5	0.020239
180	2.6	0.018209
180	2.7	0.016008
180	2.8	0.012586
180	2.9	0.0098505
180	3	0.0085959
180	3.1	0.0082132
180	3.2	0.0084288
180	3.3	0.0082053
180	3.4	0.0077203
180	3.5	0.008448
180	3.6	0.0079268
180	3.7	0.0079452
180	3.8	0.0083324
180	3.9	0.0083942
180	4	0.0083498
 
Uniformity Ratio =0.45197
