04-Jan-2018
12:44
TXR  007993 RM428 R24
33511B Function Generator
SN =Agilent Technologies,33511B,MY52301476,3.05-1.19-2.00-52-00
freq =+9.280000000000000E+06
burstmode =TRIG
burstN =+6.000000000000000E+01
voltage =+1.5000000000000E-01
 
DSO-X 2022A Oscilloscope
SN =AGILENT TECHNOLOGIES,DSO-X 2022A,MY54310921,02.41.2015102200
probe =+1.0000000E+00
scale =+500.0E-09
position =+19.900000E-06
range =+1.60E+00
units =VOLT
points =+2000
pointmode =NORM
format =BYTE
acqtype =NORM
trigsource =EXT
coupling =AC
 
-180	-4	0.0055965
-180	-3.9	0.0081619
-180	-3.8	0.0082132
-180	-3.7	0.0085317
-180	-3.6	0.0077307
-180	-3.5	0.0063665
-180	-3.4	0.0053635
-180	-3.3	0.005631
-180	-3.2	0.0071801
-180	-3.1	0.0080342
-180	-3	0.0083479
-180	-2.9	0.007617
-180	-2.8	0.0074605
-180	-2.7	0.0098275
-180	-2.6	0.013215
-180	-2.5	0.017825
-180	-2.4	0.019703
-180	-2.3	0.021502
-180	-2.2	0.022137
-180	-2.1	0.021692
-180	-2	0.022054
-180	-1.9	0.023095
-180	-1.8	0.024495
-180	-1.7	0.027977
-180	-1.6	0.026497
-180	-1.5	0.024017
-180	-1.4	0.020045
-180	-1.3	0.018789
-180	-1.2	0.020955
-180	-1.1	0.027686
-180	-1	0.032209
-180	-0.9	0.041909
-180	-0.8	0.047154
-180	-0.7	0.048848
-180	-0.6	0.045687
-180	-0.5	0.043272
-180	-0.4	0.036794
-180	-0.3	0.025732
-180	-0.2	0.020367
-180	-0.1	0.014265
-180	0	0.01176
-180	0.1	0.011569
-180	0.2	0.010683
-180	0.3	0.012282
-180	0.4	0.016702
-180	0.5	0.020526
-180	0.6	0.030457
-180	0.7	0.036834
-180	0.8	0.04023
-180	0.9	0.042832
-180	1	0.042837
-180	1.1	0.042693
-180	1.2	0.043341
-180	1.3	0.038764
-180	1.4	0.0375
-180	1.5	0.035648
-180	1.6	0.034113
-180	1.7	0.033401
-180	1.8	0.03156
-180	1.9	0.02911
-180	2	0.029632
-180	2.1	0.029704
-180	2.2	0.027778
-180	2.3	0.025885
-180	2.4	0.023118
-180	2.5	0.021402
-180	2.6	0.019493
-180	2.7	0.016921
-180	2.8	0.015585
-180	2.9	0.015555
-180	3	0.014906
-180	3.1	0.015078
-180	3.2	0.013029
-180	3.3	0.01161
-180	3.4	0.011051
-180	3.5	0.010766
-180	3.6	0.010725
-180	3.7	0.011285
-180	3.8	0.011658
-180	3.9	0.011145
-180	4	0.010094
-170	-4	0.0070667
-170	-3.9	0.0076297
-170	-3.8	0.0079085
-170	-3.7	0.0083981
-170	-3.6	0.008448
-170	-3.5	0.0078449
-170	-3.4	0.0075338
-170	-3.3	0.0070644
-170	-3.2	0.0075958
-170	-3.1	0.0077911
-170	-3	0.0083692
-170	-2.9	0.0088168
-170	-2.8	0.010736
-170	-2.7	0.012392
-170	-2.6	0.01637
-170	-2.5	0.018554
-170	-2.4	0.020113
-170	-2.3	0.021896
-170	-2.2	0.022482
-170	-2.1	0.023196
-170	-2	0.024642
-170	-1.9	0.026076
-170	-1.8	0.02765
-170	-1.7	0.028182
-170	-1.6	0.026555
-170	-1.5	0.024204
-170	-1.4	0.019234
-170	-1.3	0.017707
-170	-1.2	0.020629
-170	-1.1	0.029616
-170	-1	0.035288
-170	-0.9	0.042718
-170	-0.8	0.04774
-170	-0.7	0.05013
-170	-0.6	0.047628
-170	-0.5	0.043107
-170	-0.4	0.037541
-170	-0.3	0.028589
-170	-0.2	0.02017
-170	-0.1	0.014156
-170	0	0.011585
-170	0.1	0.010262
-170	0.2	0.009839
-170	0.3	0.010482
-170	0.4	0.015357
-170	0.5	0.021148
-170	0.6	0.029085
-170	0.7	0.036205
-170	0.8	0.041876
-170	0.9	0.043302
-170	1	0.044627
-170	1.1	0.043885
-170	1.2	0.04094
-170	1.3	0.03831
-170	1.4	0.035635
-170	1.5	0.033808
-170	1.6	0.032559
-170	1.7	0.032218
-170	1.8	0.030785
-170	1.9	0.029039
-170	2	0.027618
-170	2.1	0.026215
-170	2.2	0.025005
-170	2.3	0.022886
-170	2.4	0.020975
-170	2.5	0.019014
-170	2.6	0.017226
-170	2.7	0.015989
-170	2.8	0.014715
-170	2.9	0.014595
-170	3	0.013896
-170	3.1	0.012951
-170	3.2	0.011388
-170	3.3	0.010033
-170	3.4	0.0091954
-170	3.5	0.0092916
-170	3.6	0.0098914
-170	3.7	0.010055
-170	3.8	0.010529
-170	3.9	0.010431
-170	4	0.0093574
-160	-4	0.0082034
-160	-3.9	0.009715
-160	-3.8	0.010406
-160	-3.7	0.0098832
-160	-3.6	0.0093816
-160	-3.5	0.0083498
-160	-3.4	0.0077286
-160	-3.3	0.0085771
-160	-3.2	0.01024
-160	-3.1	0.010719
-160	-3	0.01068
-160	-2.9	0.010086
-160	-2.8	0.010449
-160	-2.7	0.012103
-160	-2.6	0.016144
-160	-2.5	0.020619
-160	-2.4	0.024657
-160	-2.3	0.025852
-160	-2.2	0.026951
-160	-2.1	0.027726
-160	-2	0.028495
-160	-1.9	0.029179
-160	-1.8	0.03105
-160	-1.7	0.031768
-160	-1.6	0.030149
-160	-1.5	0.026852
-160	-1.4	0.022683
-160	-1.3	0.021529
-160	-1.2	0.025674
-160	-1.1	0.030842
-160	-1	0.042758
-160	-0.9	0.048669
-160	-0.8	0.051476
-160	-0.7	0.051612
-160	-0.6	0.049741
-160	-0.5	0.044007
-160	-0.4	0.036129
-160	-0.3	0.025659
-160	-0.2	0.020431
-160	-0.1	0.014705
-160	0	0.011946
-160	0.1	0.01058
-160	0.2	0.0097764
-160	0.3	0.011633
-160	0.4	0.013821
-160	0.5	0.020297
-160	0.6	0.027334
-160	0.7	0.034434
-160	0.8	0.03969
-160	0.9	0.04191
-160	1	0.041719
-160	1.1	0.042978
-160	1.2	0.041568
-160	1.3	0.040404
-160	1.4	0.0382
-160	1.5	0.03479
-160	1.6	0.032699
-160	1.7	0.030382
-160	1.8	0.028967
-160	1.9	0.028388
-160	2	0.027858
-160	2.1	0.027352
-160	2.2	0.026513
-160	2.3	0.024486
-160	2.4	0.020999
-160	2.5	0.018675
-160	2.6	0.017836
-160	2.7	0.015586
-160	2.8	0.015693
-160	2.9	0.015176
-160	3	0.014549
-160	3.1	0.013819
-160	3.2	0.011669
-160	3.3	0.011075
-160	3.4	0.011139
-160	3.5	0.010685
-160	3.6	0.010615
-160	3.7	0.010868
-160	3.8	0.010336
-160	3.9	0.010542
-160	4	0.008917
-150	-4	0.008562
-150	-3.9	0.0095827
-150	-3.8	0.0097
-150	-3.7	0.0094878
-150	-3.6	0.0079959
-150	-3.5	0.0074149
-150	-3.4	0.0078737
-150	-3.3	0.0098751
-150	-3.2	0.010462
-150	-3.1	0.010578
-150	-3	0.0096466
-150	-2.9	0.0090323
-150	-2.8	0.011458
-150	-2.7	0.014124
-150	-2.6	0.017828
-150	-2.5	0.021411
-150	-2.4	0.024194
-150	-2.3	0.026687
-150	-2.2	0.02787
-150	-2.1	0.028921
-150	-2	0.031174
-150	-1.9	0.033315
-150	-1.8	0.035902
-150	-1.7	0.035889
-150	-1.6	0.033468
-150	-1.5	0.030489
-150	-1.4	0.025027
-150	-1.3	0.024322
-150	-1.2	0.027692
-150	-1.1	0.037095
-150	-1	0.047307
-150	-0.9	0.053175
-150	-0.8	0.057476
-150	-0.7	0.057276
-150	-0.6	0.05352
-150	-0.5	0.045492
-150	-0.4	0.035748
-150	-0.3	0.024063
-150	-0.2	0.017759
-150	-0.1	0.012917
-150	0	0.011285
-150	0.1	0.010695
-150	0.2	0.010754
-150	0.3	0.012035
-150	0.4	0.016874
-150	0.5	0.024315
-150	0.6	0.030245
-150	0.7	0.035531
-150	0.8	0.040131
-150	0.9	0.041511
-150	1	0.042148
-150	1.1	0.041612
-150	1.2	0.039923
-150	1.3	0.037949
-150	1.4	0.036044
-150	1.5	0.033017
-150	1.6	0.030327
-150	1.7	0.027271
-150	1.8	0.024761
-150	1.9	0.023126
-150	2	0.023323
-150	2.1	0.02299
-150	2.2	0.022245
-150	2.3	0.021718
-150	2.4	0.020968
-150	2.5	0.018498
-150	2.6	0.016804
-150	2.7	0.015537
-150	2.8	0.014723
-150	2.9	0.013716
-150	3	0.013111
-150	3.1	0.011885
-150	3.2	0.010893
-150	3.3	0.010262
-150	3.4	0.01005
-150	3.5	0.010448
-150	3.6	0.01023
-150	3.7	0.00972
-150	3.8	0.0085733
-150	3.9	0.0074865
-150	4	0.007336
-140	-4	0.010734
-140	-3.9	0.011454
-140	-3.8	0.010615
-140	-3.7	0.0091919
-140	-3.6	0.0076128
-140	-3.5	0.0070598
-140	-3.4	0.0093367
-140	-3.3	0.011915
-140	-3.2	0.013646
-140	-3.1	0.013255
-140	-3	0.011183
-140	-2.9	0.009997
-140	-2.8	0.01018
-140	-2.7	0.013565
-140	-2.6	0.019944
-140	-2.5	0.024706
-140	-2.4	0.028069
-140	-2.3	0.029604
-140	-2.2	0.030605
-140	-2.1	0.031212
-140	-2	0.033138
-140	-1.9	0.034249
-140	-1.8	0.036788
-140	-1.7	0.036828
-140	-1.6	0.036124
-140	-1.5	0.032245
-140	-1.4	0.029846
-140	-1.3	0.028023
-140	-1.2	0.031338
-140	-1.1	0.036915
-140	-1	0.049275
-140	-0.9	0.055808
-140	-0.8	0.060287
-140	-0.7	0.060016
-140	-0.6	0.053647
-140	-0.5	0.04772
-140	-0.4	0.038307
-140	-0.3	0.027682
-140	-0.2	0.020213
-140	-0.1	0.014655
-140	0	0.011526
-140	0.1	0.010754
-140	0.2	0.010282
-140	0.3	0.010784
-140	0.4	0.016639
-140	0.5	0.024691
-140	0.6	0.030253
-140	0.7	0.036897
-140	0.8	0.042173
-140	0.9	0.043627
-140	1	0.044759
-140	1.1	0.044278
-140	1.2	0.042861
-140	1.3	0.040863
-140	1.4	0.038295
-140	1.5	0.035203
-140	1.6	0.030595
-140	1.7	0.028459
-140	1.8	0.025212
-140	1.9	0.02389
-140	2	0.022936
-140	2.1	0.02213
-140	2.2	0.021455
-140	2.3	0.02051
-140	2.4	0.019961
-140	2.5	0.016414
-140	2.6	0.015794
-140	2.7	0.013459
-140	2.8	0.012456
-140	2.9	0.010859
-140	3	0.010555
-140	3.1	0.010786
-140	3.2	0.010569
-140	3.3	0.010581
-140	3.4	0.0099012
-140	3.5	0.0087837
-140	3.6	0.0090179
-140	3.7	0.008012
-140	3.8	0.007294
-140	3.9	0.0069444
-140	4	0.006559
-130	-4	0.011062
-130	-3.9	0.0094588
-130	-3.8	0.0089748
-130	-3.7	0.0097615
-130	-3.6	0.011147
-130	-3.5	0.012844
-130	-3.4	0.013465
-130	-3.3	0.013447
-130	-3.2	0.012587
-130	-3.1	0.01154
-130	-3	0.010912
-130	-2.9	0.012092
-130	-2.8	0.015793
-130	-2.7	0.019701
-130	-2.6	0.02316
-130	-2.5	0.02587
-130	-2.4	0.027099
-130	-2.3	0.028548
-130	-2.2	0.030799
-130	-2.1	0.033943
-130	-2	0.037453
-130	-1.9	0.039526
-130	-1.8	0.039944
-130	-1.7	0.037522
-130	-1.6	0.035843
-130	-1.5	0.030167
-130	-1.4	0.026544
-130	-1.3	0.027721
-130	-1.2	0.035532
-130	-1.1	0.044631
-130	-1	0.050409
-130	-0.9	0.058998
-130	-0.8	0.061528
-130	-0.7	0.059887
-130	-0.6	0.053428
-130	-0.5	0.046957
-130	-0.4	0.038523
-130	-0.3	0.027115
-130	-0.2	0.0183
-130	-0.1	0.01339
-130	0	0.010549
-130	0.1	0.01046
-130	0.2	0.010989
-130	0.3	0.013263
-130	0.4	0.017396
-130	0.5	0.02344
-130	0.6	0.030301
-130	0.7	0.037454
-130	0.8	0.041956
-130	0.9	0.043438
-130	1	0.044909
-130	1.1	0.043958
-130	1.2	0.041289
-130	1.3	0.038261
-130	1.4	0.035169
-130	1.5	0.030799
-130	1.6	0.028933
-130	1.7	0.025654
-130	1.8	0.024856
-130	1.9	0.023764
-130	2	0.023255
-130	2.1	0.022378
-130	2.2	0.020846
-130	2.3	0.019492
-130	2.4	0.017792
-130	2.5	0.016575
-130	2.6	0.015748
-130	2.7	0.015181
-130	2.8	0.014935
-130	2.9	0.014763
-130	3	0.01315
-130	3.1	0.012183
-130	3.2	0.010692
-130	3.3	0.0099175
-130	3.4	0.0086968
-130	3.5	0.0091337
-130	3.6	0.0087042
-130	3.7	0.0094656
-130	3.8	0.008227
-130	3.9	0.0083769
-130	4	0.0081619
-120	-4	0.011386
-120	-3.9	0.011909
-120	-3.8	0.012413
-120	-3.7	0.01237
-120	-3.6	0.01255
-120	-3.5	0.012816
-120	-3.4	0.01387
-120	-3.3	0.013859
-120	-3.2	0.01409
-120	-3.1	0.014536
-120	-3	0.013967
-120	-2.9	0.014915
-120	-2.8	0.017355
-120	-2.7	0.019458
-120	-2.6	0.023831
-120	-2.5	0.026704
-120	-2.4	0.030881
-120	-2.3	0.033423
-120	-2.2	0.036412
-120	-2.1	0.038828
-120	-2	0.041655
-120	-1.9	0.043649
-120	-1.8	0.044001
-120	-1.7	0.041362
-120	-1.6	0.038271
-120	-1.5	0.034669
-120	-1.4	0.032145
-120	-1.3	0.033688
-120	-1.2	0.038758
-120	-1.1	0.046584
-120	-1	0.055054
-120	-0.9	0.061131
-120	-0.8	0.063135
-120	-0.7	0.061876
-120	-0.6	0.056718
-120	-0.5	0.047892
-120	-0.4	0.039925
-120	-0.3	0.028269
-120	-0.2	0.019836
-120	-0.1	0.015123
-120	0	0.012052
-120	0.1	0.011826
-120	0.2	0.012275
-120	0.3	0.014229
-120	0.4	0.018551
-120	0.5	0.025384
-120	0.6	0.03206
-120	0.7	0.038139
-120	0.8	0.041305
-120	0.9	0.044201
-120	1	0.045003
-120	1.1	0.044283
-120	1.2	0.041778
-120	1.3	0.03931
-120	1.4	0.034656
-120	1.5	0.03232
-120	1.6	0.028754
-120	1.7	0.027272
-120	1.8	0.025926
-120	1.9	0.025475
-120	2	0.024426
-120	2.1	0.022941
-120	2.2	0.021575
-120	2.3	0.019617
-120	2.4	0.018341
-120	2.5	0.017794
-120	2.6	0.017438
-120	2.7	0.016433
-120	2.8	0.015008
-120	2.9	0.012811
-120	3	0.011176
-120	3.1	0.0095218
-120	3.2	0.0088843
-120	3.3	0.0089134
-120	3.4	0.0094776
-120	3.5	0.0090608
-120	3.6	0.0091549
-120	3.7	0.0081738
-120	3.8	0.0073755
-120	3.9	0.0070872
-120	4	0.0077683
-110	-4	0.015497
-110	-3.9	0.015282
-110	-3.8	0.013847
-110	-3.7	0.012438
-110	-3.6	0.012232
-110	-3.5	0.014377
-110	-3.4	0.015413
-110	-3.3	0.015827
-110	-3.2	0.015321
-110	-3.1	0.014213
-110	-3	0.014288
-110	-2.9	0.016351
-110	-2.8	0.019884
-110	-2.7	0.023592
-110	-2.6	0.027227
-110	-2.5	0.029309
-110	-2.4	0.03142
-110	-2.3	0.033812
-110	-2.2	0.036723
-110	-2.1	0.03982
-110	-2	0.043541
-110	-1.9	0.047333
-110	-1.8	0.047397
-110	-1.7	0.044649
-110	-1.6	0.037267
-110	-1.5	0.033
-110	-1.4	0.029215
-110	-1.3	0.031972
-110	-1.2	0.043382
-110	-1.1	0.051976
-110	-1	0.058558
-110	-0.9	0.064703
-110	-0.8	0.066518
-110	-0.7	0.064203
-110	-0.6	0.05332
-110	-0.5	0.050474
-110	-0.4	0.038752
-110	-0.3	0.027675
-110	-0.2	0.019308
-110	-0.1	0.014488
-110	0	0.013503
-110	0.1	0.014101
-110	0.2	0.015683
-110	0.3	0.019987
-110	0.4	0.024056
-110	0.5	0.031085
-110	0.6	0.036727
-110	0.7	0.041473
-110	0.8	0.043451
-110	0.9	0.044225
-110	1	0.042962
-110	1.1	0.040744
-110	1.2	0.036406
-110	1.3	0.033343
-110	1.4	0.030884
-110	1.5	0.029963
-110	1.6	0.028454
-110	1.7	0.026998
-110	1.8	0.025649
-110	1.9	0.023404
-110	2	0.021576
-110	2.1	0.019661
-110	2.2	0.01844
-110	2.3	0.018301
-110	2.4	0.018355
-110	2.5	0.018759
-110	2.6	0.018137
-110	2.7	0.017043
-110	2.8	0.016525
-110	2.9	0.01367
-110	3	0.011062
-110	3.1	0.010502
-110	3.2	0.011021
-110	3.3	0.011399
-110	3.4	0.011001
-110	3.5	0.011062
-110	3.6	0.0095658
-110	3.7	0.008225
-110	3.8	0.0072896
-110	3.9	0.0068954
-110	4	0.0074518
-100	-4	0.014797
-100	-3.9	0.014935
-100	-3.8	0.013711
-100	-3.7	0.013166
-100	-3.6	0.012926
-100	-3.5	0.014331
-100	-3.4	0.016226
-100	-3.3	0.017009
-100	-3.2	0.016623
-100	-3.1	0.016025
-100	-3	0.014846
-100	-2.9	0.016155
-100	-2.8	0.019982
-100	-2.7	0.023438
-100	-2.6	0.028397
-100	-2.5	0.031206
-100	-2.4	0.033699
-100	-2.3	0.034864
-100	-2.2	0.038423
-100	-2.1	0.041467
-100	-2	0.048201
-100	-1.9	0.050071
-100	-1.8	0.050018
-100	-1.7	0.047432
-100	-1.6	0.041335
-100	-1.5	0.03709
-100	-1.4	0.033846
-100	-1.3	0.037396
-100	-1.2	0.044466
-100	-1.1	0.052293
-100	-1	0.061051
-100	-0.9	0.064703
-100	-0.8	0.063839
-100	-0.7	0.059071
-100	-0.6	0.052082
-100	-0.5	0.045372
-100	-0.4	0.032175
-100	-0.3	0.024564
-100	-0.2	0.017967
-100	-0.1	0.014421
-100	0	0.013513
-100	0.1	0.014364
-100	0.2	0.015794
-100	0.3	0.019985
-100	0.4	0.026316
-100	0.5	0.032128
-100	0.6	0.037636
-100	0.7	0.041893
-100	0.8	0.044198
-100	0.9	0.045107
-100	1	0.043707
-100	1.1	0.041381
-100	1.2	0.039089
-100	1.3	0.03365
-100	1.4	0.031503
-100	1.5	0.028845
-100	1.6	0.027418
-100	1.7	0.026077
-100	1.8	0.026308
-100	1.9	0.024916
-100	2	0.023916
-100	2.1	0.021704
-100	2.2	0.0197
-100	2.3	0.018725
-100	2.4	0.017896
-100	2.5	0.01757
-100	2.6	0.01629
-100	2.7	0.015215
-100	2.8	0.013807
-100	2.9	0.011373
-100	3	0.0098538
-100	3.1	0.0085108
-100	3.2	0.0083769
-100	3.3	0.0072362
-100	3.4	0.0075402
-100	3.5	0.0070392
-100	3.6	0.0076888
-100	3.7	0.0074972
-100	3.8	0.0067867
-100	3.9	0.0067676
-100	4	0.0070024
-90	-4	0.014431
-90	-3.9	0.013346
-90	-3.8	0.012207
-90	-3.7	0.01334
-90	-3.6	0.01417
-90	-3.5	0.017235
-90	-3.4	0.018802
-90	-3.3	0.018585
-90	-3.2	0.016903
-90	-3.1	0.014617
-90	-3	0.013947
-90	-2.9	0.015482
-90	-2.8	0.01987
-90	-2.7	0.024791
-90	-2.6	0.029387
-90	-2.5	0.031404
-90	-2.4	0.033399
-90	-2.3	0.036023
-90	-2.2	0.040838
-90	-2.1	0.045794
-90	-2	0.049917
-90	-1.9	0.053048
-90	-1.8	0.051328
-90	-1.7	0.048264
-90	-1.6	0.043363
-90	-1.5	0.03695
-90	-1.4	0.036108
-90	-1.3	0.041956
-90	-1.2	0.046714
-90	-1.1	0.05564
-90	-1	0.062161
-90	-0.9	0.064537
-90	-0.8	0.064324
-90	-0.7	0.058755
-90	-0.6	0.051107
-90	-0.5	0.040546
-90	-0.4	0.030953
-90	-0.3	0.0214
-90	-0.2	0.017198
-90	-0.1	0.015132
-90	0	0.015307
-90	0.1	0.0176
-90	0.2	0.020861
-90	0.3	0.024739
-90	0.4	0.031137
-90	0.5	0.036331
-90	0.6	0.039987
-90	0.7	0.042231
-90	0.8	0.04254
-90	0.9	0.041695
-90	1	0.0398
-90	1.1	0.036928
-90	1.2	0.033939
-90	1.3	0.032294
-90	1.4	0.029675
-90	1.5	0.028248
-90	1.6	0.025997
-90	1.7	0.024377
-90	1.8	0.023127
-90	1.9	0.022763
-90	2	0.021412
-90	2.1	0.020703
-90	2.2	0.020552
-90	2.3	0.019125
-90	2.4	0.018463
-90	2.5	0.016565
-90	2.6	0.015346
-90	2.7	0.014482
-90	2.8	0.013641
-90	2.9	0.013189
-90	3	0.012587
-90	3.1	0.012432
-90	3.2	0.01187
-90	3.3	0.010587
-90	3.4	0.0093107
-90	3.5	0.008014
-90	3.6	0.0070644
-90	3.7	0.0073206
-90	3.8	0.0070231
-90	3.9	0.0069024
-90	4	0.0071801
-80	-4	0.014154
-80	-3.9	0.012634
-80	-3.8	0.010609
-80	-3.7	0.01086
-80	-3.6	0.012418
-80	-3.5	0.016481
-80	-3.4	0.017942
-80	-3.3	0.01936
-80	-3.2	0.01836
-80	-3.1	0.015263
-80	-3	0.012491
-80	-2.9	0.013374
-80	-2.8	0.018683
-80	-2.7	0.023982
-80	-2.6	0.028936
-80	-2.5	0.03186
-80	-2.4	0.034998
-80	-2.3	0.036317
-80	-2.2	0.039066
-80	-2.1	0.044667
-80	-2	0.050527
-80	-1.9	0.055323
-80	-1.8	0.056103
-80	-1.7	0.051887
-80	-1.6	0.046194
-80	-1.5	0.040616
-80	-1.4	0.038142
-80	-1.3	0.041263
-80	-1.2	0.049805
-80	-1.1	0.059671
-80	-1	0.064361
-80	-0.9	0.066255
-80	-0.8	0.062522
-80	-0.7	0.053829
-80	-0.6	0.046291
-80	-0.5	0.034547
-80	-0.4	0.02643
-80	-0.3	0.020171
-80	-0.2	0.015959
-80	-0.1	0.014607
-80	0	0.016536
-80	0.1	0.019449
-80	0.2	0.023033
-80	0.3	0.029046
-80	0.4	0.034519
-80	0.5	0.038028
-80	0.6	0.040395
-80	0.7	0.042186
-80	0.8	0.041776
-80	0.9	0.040628
-80	1	0.040392
-80	1.1	0.038486
-80	1.2	0.034885
-80	1.3	0.034024
-80	1.4	0.030429
-80	1.5	0.025353
-80	1.6	0.023414
-80	1.7	0.021743
-80	1.8	0.021445
-80	1.9	0.022331
-80	2	0.022617
-80	2.1	0.022316
-80	2.2	0.02161
-80	2.3	0.01986
-80	2.4	0.01866
-80	2.5	0.016014
-80	2.6	0.01465
-80	2.7	0.014339
-80	2.8	0.013856
-80	2.9	0.013271
-80	3	0.012245
-80	3.1	0.011007
-80	3.2	0.0090358
-80	3.3	0.0085127
-80	3.4	0.007672
-80	3.5	0.0066884
-80	3.6	0.0069211
-80	3.7	0.006635
-80	3.8	0.0061364
-80	3.9	0.0065763
-80	4	0.007336
-70	-4	0.013995
-70	-3.9	0.013754
-70	-3.8	0.01364
-70	-3.7	0.015145
-70	-3.6	0.017098
-70	-3.5	0.018334
-70	-3.4	0.019355
-70	-3.3	0.017747
-70	-3.2	0.016616
-70	-3.1	0.01519
-70	-3	0.016441
-70	-2.9	0.019069
-70	-2.8	0.023769
-70	-2.7	0.025334
-70	-2.6	0.028434
-70	-2.5	0.030879
-70	-2.4	0.036064
-70	-2.3	0.03937
-70	-2.2	0.045621
-70	-2.1	0.05206
-70	-2	0.05569
-70	-1.9	0.056326
-70	-1.8	0.054536
-70	-1.7	0.050856
-70	-1.6	0.042254
-70	-1.5	0.0382
-70	-1.4	0.039083
-70	-1.3	0.043236
-70	-1.2	0.051754
-70	-1.1	0.058627
-70	-1	0.061033
-70	-0.9	0.061221
-70	-0.8	0.057601
-70	-0.7	0.051082
-70	-0.6	0.042936
-70	-0.5	0.037055
-70	-0.4	0.026251
-70	-0.3	0.021787
-70	-0.2	0.018356
-70	-0.1	0.017618
-70	0	0.018714
-70	0.1	0.020149
-70	0.2	0.024742
-70	0.3	0.027233
-70	0.4	0.032014
-70	0.5	0.034935
-70	0.6	0.038005
-70	0.7	0.03903
-70	0.8	0.039132
-70	0.9	0.038168
-70	1	0.036964
-70	1.1	0.035842
-70	1.2	0.03253
-70	1.3	0.030392
-70	1.4	0.027295
-70	1.5	0.026584
-70	1.6	0.025086
-70	1.7	0.024177
-70	1.8	0.024865
-70	1.9	0.025144
-70	2	0.024873
-70	2.1	0.023693
-70	2.2	0.022978
-70	2.3	0.022003
-70	2.4	0.020131
-70	2.5	0.019215
-70	2.6	0.0187
-70	2.7	0.017597
-70	2.8	0.015465
-70	2.9	0.014178
-70	3	0.013148
-70	3.1	0.01146
-70	3.2	0.011125
-70	3.3	0.011034
-70	3.4	0.010896
-70	3.5	0.010331
-70	3.6	0.0094827
-70	3.7	0.0088094
-70	3.8	0.0089514
-70	3.9	0.0086857
-70	4	0.0094963
-60	-4	0.016178
-60	-3.9	0.016299
-60	-3.8	0.016744
-60	-3.7	0.017541
-60	-3.6	0.018371
-60	-3.5	0.019563
-60	-3.4	0.019709
-60	-3.3	0.019624
-60	-3.2	0.017624
-60	-3.1	0.016539
-60	-3	0.016979
-60	-2.9	0.019559
-60	-2.8	0.023358
-60	-2.7	0.025969
-60	-2.6	0.030008
-60	-2.5	0.031952
-60	-2.4	0.036512
-60	-2.3	0.04255
-60	-2.2	0.049182
-60	-2.1	0.052992
-60	-2	0.057697
-60	-1.9	0.058544
-60	-1.8	0.05597
-60	-1.7	0.050019
-60	-1.6	0.042262
-60	-1.5	0.036383
-60	-1.4	0.036171
-60	-1.3	0.041064
-60	-1.2	0.048812
-60	-1.1	0.053801
-60	-1	0.059776
-60	-0.9	0.060663
-60	-0.8	0.058468
-60	-0.7	0.052609
-60	-0.6	0.043607
-60	-0.5	0.03708
-60	-0.4	0.028262
-60	-0.3	0.022882
-60	-0.2	0.018791
-60	-0.1	0.01831
-60	0	0.018704
-60	0.1	0.022081
-60	0.2	0.024487
-60	0.3	0.02886
-60	0.4	0.032582
-60	0.5	0.035707
-60	0.6	0.03894
-60	0.7	0.039203
-60	0.8	0.038865
-60	0.9	0.040417
-60	1	0.037346
-60	1.1	0.035794
-60	1.2	0.032012
-60	1.3	0.029109
-60	1.4	0.028194
-60	1.5	0.026905
-60	1.6	0.02696
-60	1.7	0.026649
-60	1.8	0.026025
-60	1.9	0.024655
-60	2	0.022809
-60	2.1	0.020512
-60	2.2	0.01941
-60	2.3	0.018597
-60	2.4	0.018394
-60	2.5	0.017935
-60	2.6	0.017532
-60	2.7	0.016131
-60	2.8	0.013779
-60	2.9	0.011921
-60	3	0.010089
-60	3.1	0.0087431
-60	3.2	0.0086278
-60	3.3	0.0091796
-60	3.4	0.009469
-60	3.5	0.0084575
-60	3.6	0.0073843
-60	3.7	0.0066008
-60	3.8	0.0070415
-60	3.9	0.0066204
-60	4	0.0069328
-50	-4	0.016156
-50	-3.9	0.015739
-50	-3.8	0.015169
-50	-3.7	0.015512
-50	-3.6	0.016443
-50	-3.5	0.017747
-50	-3.4	0.018354
-50	-3.3	0.018777
-50	-3.2	0.017361
-50	-3.1	0.015808
-50	-3	0.015154
-50	-2.9	0.016313
-50	-2.8	0.020863
-50	-2.7	0.025254
-50	-2.6	0.027599
-50	-2.5	0.033283
-50	-2.4	0.036573
-50	-2.3	0.042533
-50	-2.2	0.046188
-50	-2.1	0.050932
-50	-2	0.056445
-50	-1.9	0.057217
-50	-1.8	0.055401
-50	-1.7	0.047973
-50	-1.6	0.043036
-50	-1.5	0.037453
-50	-1.4	0.037666
-50	-1.3	0.042151
-50	-1.2	0.050122
-50	-1.1	0.057324
-50	-1	0.060585
-50	-0.9	0.060203
-50	-0.8	0.056479
-50	-0.7	0.047319
-50	-0.6	0.038384
-50	-0.5	0.029719
-50	-0.4	0.025318
-50	-0.3	0.020242
-50	-0.2	0.019494
-50	-0.1	0.019116
-50	0	0.019815
-50	0.1	0.023171
-50	0.2	0.027315
-50	0.3	0.03279
-50	0.4	0.036074
-50	0.5	0.037701
-50	0.6	0.03942
-50	0.7	0.039264
-50	0.8	0.037419
-50	0.9	0.035569
-50	1	0.033884
-50	1.1	0.033123
-50	1.2	0.029925
-50	1.3	0.027979
-50	1.4	0.025746
-50	1.5	0.024457
-50	1.6	0.023065
-50	1.7	0.021802
-50	1.8	0.021628
-50	1.9	0.021888
-50	2	0.021449
-50	2.1	0.019652
-50	2.2	0.018252
-50	2.3	0.016441
-50	2.4	0.01628
-50	2.5	0.015324
-50	2.6	0.014887
-50	2.7	0.013175
-50	2.8	0.011547
-50	2.9	0.010407
-50	3	0.0091461
-50	3.1	0.0075702
-50	3.2	0.0069141
-50	3.3	0.0070621
-50	3.4	0.0084365
-50	3.5	0.0080903
-50	3.6	0.0074757
-50	3.7	0.0071146
-50	3.8	0.0063665
-50	3.9	0.0051388
-50	4	0.0051639
-40	-4	0.016736
-40	-3.9	0.016508
-40	-3.8	0.016312
-40	-3.7	0.016166
-40	-3.6	0.017722
-40	-3.5	0.019234
-40	-3.4	0.020043
-40	-3.3	0.019585
-40	-3.2	0.016916
-40	-3.1	0.015381
-40	-3	0.014975
-40	-2.9	0.016935
-40	-2.8	0.022033
-40	-2.7	0.024719
-40	-2.6	0.027382
-40	-2.5	0.032407
-40	-2.4	0.036598
-40	-2.3	0.04047
-40	-2.2	0.047051
-40	-2.1	0.053985
-40	-2	0.055459
-40	-1.9	0.055038
-40	-1.8	0.052686
-40	-1.7	0.044692
-40	-1.6	0.037876
-40	-1.5	0.034345
-40	-1.4	0.035621
-40	-1.3	0.038454
-40	-1.2	0.04686
-40	-1.1	0.049786
-40	-1	0.057033
-40	-0.9	0.057291
-40	-0.8	0.054965
-40	-0.7	0.048492
-40	-0.6	0.040355
-40	-0.5	0.031241
-40	-0.4	0.025521
-40	-0.3	0.02038
-40	-0.2	0.018449
-40	-0.1	0.019092
-40	0	0.020238
-40	0.1	0.022635
-40	0.2	0.025077
-40	0.3	0.0308
-40	0.4	0.034319
-40	0.5	0.03552
-40	0.6	0.036977
-40	0.7	0.039401
-40	0.8	0.039074
-40	0.9	0.036635
-40	1	0.033154
-40	1.1	0.031456
-40	1.2	0.02765
-40	1.3	0.025069
-40	1.4	0.023594
-40	1.5	0.023652
-40	1.6	0.023415
-40	1.7	0.022972
-40	1.8	0.021558
-40	1.9	0.020246
-40	2	0.019354
-40	2.1	0.018014
-40	2.2	0.017468
-40	2.3	0.017088
-40	2.4	0.017419
-40	2.5	0.017369
-40	2.6	0.015956
-40	2.7	0.014454
-40	2.8	0.011093
-40	2.9	0.0089261
-40	3	0.0076403
-40	3.1	0.0080763
-40	3.2	0.0086015
-40	3.3	0.0092863
-40	3.4	0.009469
-40	3.5	0.0091531
-40	3.6	0.0069094
-40	3.7	0.0067341
-40	3.8	0.0061836
-40	3.9	0.0067485
-40	4	0.0075338
-30	-4	0.01386
-30	-3.9	0.014101
-30	-3.8	0.014138
-30	-3.7	0.01683
-30	-3.6	0.018017
-30	-3.5	0.018783
-30	-3.4	0.018183
-30	-3.3	0.01664
-30	-3.2	0.014703
-30	-3.1	0.013693
-30	-3	0.013984
-30	-2.9	0.016922
-30	-2.8	0.019703
-30	-2.7	0.022723
-30	-2.6	0.026255
-30	-2.5	0.030395
-30	-2.4	0.036253
-30	-2.3	0.041528
-30	-2.2	0.048713
-30	-2.1	0.053798
-30	-2	0.055502
-30	-1.9	0.055359
-30	-1.8	0.049809
-30	-1.7	0.045593
-30	-1.6	0.039484
-30	-1.5	0.034175
-30	-1.4	0.034271
-30	-1.3	0.038818
-30	-1.2	0.046515
-30	-1.1	0.052219
-30	-1	0.055126
-30	-0.9	0.05548
-30	-0.8	0.052623
-30	-0.7	0.046217
-30	-0.6	0.040104
-30	-0.5	0.031011
-30	-0.4	0.024646
-30	-0.3	0.021437
-30	-0.2	0.019283
-30	-0.1	0.018597
-30	0	0.019276
-30	0.1	0.022151
-30	0.2	0.024084
-30	0.3	0.028619
-30	0.4	0.031975
-30	0.5	0.03501
-30	0.6	0.036697
-30	0.7	0.036738
-30	0.8	0.036015
-30	0.9	0.035086
-30	1	0.031902
-30	1.1	0.029338
-30	1.2	0.026568
-30	1.3	0.024627
-30	1.4	0.023157
-30	1.5	0.022756
-30	1.6	0.023076
-30	1.7	0.023147
-30	1.8	0.022563
-30	1.9	0.022165
-30	2	0.021072
-30	2.1	0.020502
-30	2.2	0.018443
-30	2.3	0.017357
-30	2.4	0.016701
-30	2.5	0.016191
-30	2.6	0.015221
-30	2.7	0.013503
-30	2.8	0.011854
-30	2.9	0.011017
-30	3	0.010875
-30	3.1	0.010823
-30	3.2	0.010161
-30	3.3	0.0094451
-30	3.4	0.0084671
-30	3.5	0.0077953
-30	3.6	0.0069258
-30	3.7	0.006412
-30	3.8	0.0066739
-30	3.9	0.0080803
-30	4	0.0086652
-20	-4	0.013132
-20	-3.9	0.01211
-20	-3.8	0.013233
-20	-3.7	0.016487
-20	-3.6	0.018944
-20	-3.5	0.020757
-20	-3.4	0.019875
-20	-3.3	0.017892
-20	-3.2	0.014054
-20	-3.1	0.01092
-20	-3	0.012078
-20	-2.9	0.016879
-20	-2.8	0.020749
-20	-2.7	0.024315
-20	-2.6	0.025935
-20	-2.5	0.030525
-20	-2.4	0.03482
-20	-2.3	0.040451
-20	-2.2	0.048858
-20	-2.1	0.054694
-20	-2	0.057902
-20	-1.9	0.05565
-20	-1.8	0.053567
-20	-1.7	0.043051
-20	-1.6	0.033647
-20	-1.5	0.029467
-20	-1.4	0.030079
-20	-1.3	0.038705
-20	-1.2	0.045544
-20	-1.1	0.051706
-20	-1	0.053724
-20	-0.9	0.052843
-20	-0.8	0.04842
-20	-0.7	0.043079
-20	-0.6	0.03588
-20	-0.5	0.031207
-20	-0.4	0.026566
-20	-0.3	0.021919
-20	-0.2	0.020633
-20	-0.1	0.020609
-20	0	0.021318
-20	0.1	0.023204
-20	0.2	0.027475
-20	0.3	0.029349
-20	0.4	0.032005
-20	0.5	0.033546
-20	0.6	0.034426
-20	0.7	0.034238
-20	0.8	0.034038
-20	0.9	0.032112
-20	1	0.030009
-20	1.1	0.027874
-20	1.2	0.025057
-20	1.3	0.023796
-20	1.4	0.021047
-20	1.5	0.020299
-20	1.6	0.020051
-20	1.7	0.020092
-20	1.8	0.020532
-20	1.9	0.020077
-20	2	0.020299
-20	2.1	0.019035
-20	2.2	0.018078
-20	2.3	0.015745
-20	2.4	0.014533
-20	2.5	0.013368
-20	2.6	0.012167
-20	2.7	0.011226
-20	2.8	0.011045
-20	2.9	0.010545
-20	3	0.010028
-20	3.1	0.0096164
-20	3.2	0.0086968
-20	3.3	0.0073073
-20	3.4	0.0067867
-20	3.5	0.0065344
-20	3.6	0.0063741
-20	3.7	0.0072272
-20	3.8	0.007714
-20	3.9	0.0073426
-20	4	0.0075595
-10	-4	0.014847
-10	-3.9	0.014605
-10	-3.8	0.014161
-10	-3.7	0.014554
-10	-3.6	0.015301
-10	-3.5	0.016571
-10	-3.4	0.016991
-10	-3.3	0.015188
-10	-3.2	0.013584
-10	-3.1	0.0096499
-10	-3	0.010665
-10	-2.9	0.015047
-10	-2.8	0.019766
-10	-2.7	0.02451
-10	-2.6	0.026989
-10	-2.5	0.030446
-10	-2.4	0.033223
-10	-2.3	0.038893
-10	-2.2	0.044487
-10	-2.1	0.050125
-10	-2	0.052961
-10	-1.9	0.053104
-10	-1.8	0.04736
-10	-1.7	0.038342
-10	-1.6	0.031485
-10	-1.5	0.025669
-10	-1.4	0.025691
-10	-1.3	0.030477
-10	-1.2	0.039134
-10	-1.1	0.049964
-10	-1	0.054176
-10	-0.9	0.055603
-10	-0.8	0.053803
-10	-0.7	0.047458
-10	-0.6	0.039216
-10	-0.5	0.029881
-10	-0.4	0.024357
-10	-0.3	0.020277
-10	-0.2	0.017023
-10	-0.1	0.016727
-10	0	0.017868
-10	0.1	0.020382
-10	0.2	0.023598
-10	0.3	0.028552
-10	0.4	0.031803
-10	0.5	0.033289
-10	0.6	0.035954
-10	0.7	0.035297
-10	0.8	0.033504
-10	0.9	0.031589
-10	1	0.028788
-10	1.1	0.026387
-10	1.2	0.025722
-10	1.3	0.024571
-10	1.4	0.023692
-10	1.5	0.023654
-10	1.6	0.022677
-10	1.7	0.020754
-10	1.8	0.018903
-10	1.9	0.017895
-10	2	0.017042
-10	2.1	0.016278
-10	2.2	0.015831
-10	2.3	0.01476
-10	2.4	0.013626
-10	2.5	0.012294
-10	2.6	0.010775
-10	2.7	0.010164
-10	2.8	0.00972
-10	2.9	0.010393
-10	3	0.01054
-10	3.1	0.0099094
-10	3.2	0.0091796
-10	3.3	0.0073404
-10	3.4	0.0069468
-10	3.5	0.0068057
-10	3.6	0.0073536
-10	3.7	0.0082329
-10	3.8	0.0084307
-10	3.9	0.0075145
-10	4	0.006879
0	-4	0.013885
0	-3.9	0.012422
0	-3.8	0.012461
0	-3.7	0.01408
0	-3.6	0.016845
0	-3.5	0.018366
0	-3.4	0.018255
0	-3.3	0.015497
0	-3.2	0.010964
0	-3.1	0.0092515
0	-3	0.013668
0	-2.9	0.018037
0	-2.8	0.021387
0	-2.7	0.022823
0	-2.6	0.023751
0	-2.5	0.025615
0	-2.4	0.0322
0	-2.3	0.041159
0	-2.2	0.047574
0	-2.1	0.052222
0	-2	0.054176
0	-1.9	0.052037
0	-1.8	0.044668
0	-1.7	0.036174
0	-1.6	0.026025
0	-1.5	0.020558
0	-1.4	0.023254
0	-1.3	0.029774
0	-1.2	0.039423
0	-1.1	0.044489
0	-1	0.050051
0	-0.9	0.049774
0	-0.8	0.045917
0	-0.7	0.042471
0	-0.6	0.035323
0	-0.5	0.030535
0	-0.4	0.024969
0	-0.3	0.021332
0	-0.2	0.019462
0	-0.1	0.019325
0	0	0.019877
0	0.1	0.021411
0	0.2	0.023404
0	0.3	0.026713
0	0.4	0.028677
0	0.5	0.03028
0	0.6	0.031823
0	0.7	0.033116
0	0.8	0.032473
0	0.9	0.031464
0	1	0.028754
0	1.1	0.026154
0	1.2	0.022926
0	1.3	0.021537
0	1.4	0.020759
0	1.5	0.021218
0	1.6	0.021474
0	1.7	0.021495
0	1.8	0.020115
0	1.9	0.018701
0	2	0.016742
0	2.1	0.015179
0	2.2	0.014324
0	2.3	0.014531
0	2.4	0.014594
0	2.5	0.014359
0	2.6	0.013713
0	2.7	0.01285
0	2.8	0.011155
0	2.9	0.011113
0	3	0.010301
0	3.1	0.0090018
0	3.2	0.0091567
0	3.3	0.0084134
0	3.4	0.008225
0	3.5	0.0080281
0	3.6	0.0083188
0	3.7	0.0081302
0	3.8	0.007467
0	3.9	0.0061941
0	4	0.0053785
10	-4	0.016162
10	-3.9	0.015099
10	-3.8	0.013303
10	-3.7	0.012474
10	-3.6	0.012542
10	-3.5	0.012734
10	-3.4	0.012514
10	-3.3	0.011896
10	-3.2	0.011049
10	-3.1	0.010068
10	-3	0.01061
10	-2.9	0.011923
10	-2.8	0.015142
10	-2.7	0.017723
10	-2.6	0.021851
10	-2.5	0.026651
10	-2.4	0.031464
10	-2.3	0.036878
10	-2.2	0.038497
10	-2.1	0.042366
10	-2	0.043349
10	-1.9	0.041203
10	-1.8	0.038703
10	-1.7	0.033487
10	-1.6	0.024315
10	-1.5	0.01983
10	-1.4	0.02017
10	-1.3	0.024704
10	-1.2	0.035665
10	-1.1	0.040872
10	-1	0.047366
10	-0.9	0.047532
10	-0.8	0.046389
10	-0.7	0.042468
10	-0.6	0.037132
10	-0.5	0.027915
10	-0.4	0.02331
10	-0.3	0.019986
10	-0.2	0.016407
10	-0.1	0.014615
10	0	0.014247
10	0.1	0.016148
10	0.2	0.018738
10	0.3	0.022572
10	0.4	0.026784
10	0.5	0.030474
10	0.6	0.033819
10	0.7	0.034001
10	0.8	0.033258
10	0.9	0.030827
10	1	0.028571
10	1.1	0.025945
10	1.2	0.023804
10	1.3	0.022757
10	1.4	0.022861
10	1.5	0.022775
10	1.6	0.021852
10	1.7	0.020485
10	1.8	0.017923
10	1.9	0.01578
10	2	0.01411
10	2.1	0.013497
10	2.2	0.013833
10	2.3	0.014349
10	2.4	0.014223
10	2.5	0.01386
10	2.6	0.012732
10	2.7	0.010329
10	2.8	0.0087727
10	2.9	0.0085808
10	3	0.0086484
10	3.1	0.0088186
10	3.2	0.0092707
10	3.3	0.0091195
10	3.4	0.0077286
10	3.5	0.0075037
10	3.6	0.0069468
10	3.7	0.0072384
10	3.8	0.0065021
10	3.9	0.0066666
10	4	0.0062357
20	-4	0.013607
20	-3.9	0.010952
20	-3.8	0.01035
20	-3.7	0.013009
20	-3.6	0.014907
20	-3.5	0.015808
20	-3.4	0.015158
20	-3.3	0.013093
20	-3.2	0.008745
20	-3.1	0.0073777
20	-3	0.0087209
20	-2.9	0.012246
20	-2.8	0.01637
20	-2.7	0.019573
20	-2.6	0.021372
20	-2.5	0.024368
20	-2.4	0.027087
20	-2.3	0.032981
20	-2.2	0.037175
20	-2.1	0.042712
20	-2	0.045003
20	-1.9	0.045871
20	-1.8	0.04176
20	-1.7	0.031964
20	-1.6	0.021431
20	-1.5	0.01518
20	-1.4	0.017031
20	-1.3	0.026265
20	-1.2	0.033945
20	-1.1	0.041204
20	-1	0.046024
20	-0.9	0.046422
20	-0.8	0.043066
20	-0.7	0.039509
20	-0.6	0.032085
20	-0.5	0.027256
20	-0.4	0.021619
20	-0.3	0.016734
20	-0.2	0.014475
20	-0.1	0.013903
20	0	0.014128
20	0.1	0.01583
20	0.2	0.019208
20	0.3	0.022591
20	0.4	0.026861
20	0.5	0.029557
20	0.6	0.031864
20	0.7	0.03297
20	0.8	0.032519
20	0.9	0.031042
20	1	0.028019
20	1.1	0.024552
20	1.2	0.020951
20	1.3	0.01959
20	1.4	0.019509
20	1.5	0.019929
20	1.6	0.020815
20	1.7	0.020859
20	1.8	0.02006
20	1.9	0.017384
20	2	0.016299
20	2.1	0.014665
20	2.2	0.013727
20	2.3	0.013659
20	2.4	0.013706
20	2.5	0.013885
20	2.6	0.012566
20	2.7	0.011833
20	2.8	0.0092742
20	2.9	0.0087061
20	3	0.0090412
20	3.1	0.0095844
20	3.2	0.0099175
20	3.3	0.009227
20	3.4	0.0088679
20	3.5	0.0077849
20	3.6	0.0078036
20	3.7	0.00703
20	3.8	0.0069281
20	3.9	0.0077412
20	4	0.0067149
30	-4	0.013096
30	-3.9	0.012359
30	-3.8	0.011463
30	-3.7	0.01118
30	-3.6	0.01122
30	-3.5	0.011571
30	-3.4	0.010995
30	-3.3	0.0098669
30	-3.2	0.0085733
30	-3.1	0.0070895
30	-3	0.0072718
30	-2.9	0.0083071
30	-2.8	0.012537
30	-2.7	0.016213
30	-2.6	0.020142
30	-2.5	0.022903
30	-2.4	0.026713
30	-2.3	0.029124
30	-2.2	0.032451
30	-2.1	0.034836
30	-2	0.038786
30	-1.9	0.03744
30	-1.8	0.03542
30	-1.7	0.031697
30	-1.6	0.02372
30	-1.5	0.016328
30	-1.4	0.017524
30	-1.3	0.022095
30	-1.2	0.029199
30	-1.1	0.037383
30	-1	0.041988
30	-0.9	0.044812
30	-0.8	0.043147
30	-0.7	0.039782
30	-0.6	0.035683
30	-0.5	0.026929
30	-0.4	0.022499
30	-0.3	0.01848
30	-0.2	0.016064
30	-0.1	0.014878
30	0	0.01387
30	0.1	0.01401
30	0.2	0.015929
30	0.3	0.01863
30	0.4	0.021853
30	0.5	0.026519
30	0.6	0.030961
30	0.7	0.033756
30	0.8	0.033995
30	0.9	0.033286
30	1	0.030407
30	1.1	0.028271
30	1.2	0.027267
30	1.3	0.024525
30	1.4	0.023657
30	1.5	0.02386
30	1.6	0.023676
30	1.7	0.023209
30	1.8	0.022955
30	1.9	0.021655
30	2	0.019877
30	2.1	0.018496
30	2.2	0.015211
30	2.3	0.013875
30	2.4	0.012119
30	2.5	0.010885
30	2.6	0.0097217
30	2.7	0.008469
30	2.8	0.0084346
30	2.9	0.0081994
30	3	0.0082798
30	3.1	0.007933
30	3.2	0.0078346
30	3.3	0.0076635
30	3.4	0.0079126
30	3.5	0.0077787
30	3.6	0.0084269
30	3.7	0.0082329
30	3.8	0.0076106
30	3.9	0.0076614
30	4	0.0067461
40	-4	0.010535
40	-3.9	0.0090893
40	-3.8	0.0076
40	-3.7	0.0094741
40	-3.6	0.011972
40	-3.5	0.013801
40	-3.4	0.014801
40	-3.3	0.013629
40	-3.2	0.010462
40	-3.1	0.0087837
40	-3	0.0070461
40	-2.9	0.0093471
40	-2.8	0.013438
40	-2.7	0.015455
40	-2.6	0.016705
40	-2.5	0.018388
40	-2.4	0.020106
40	-2.3	0.025288
40	-2.2	0.031758
40	-2.1	0.035738
40	-2	0.040515
40	-1.9	0.039709
40	-1.8	0.036278
40	-1.7	0.032439
40	-1.6	0.023233
40	-1.5	0.017148
40	-1.4	0.014972
40	-1.3	0.022715
40	-1.2	0.028472
40	-1.1	0.038168
40	-1	0.04149
40	-0.9	0.042892
40	-0.8	0.040083
40	-0.7	0.037258
40	-0.6	0.029108
40	-0.5	0.025023
40	-0.4	0.021212
40	-0.3	0.018003
40	-0.2	0.016742
40	-0.1	0.015414
40	0	0.014675
40	0.1	0.01492
40	0.2	0.016944
40	0.3	0.019403
40	0.4	0.023446
40	0.5	0.025381
40	0.6	0.028574
40	0.7	0.029876
40	0.8	0.029909
40	0.9	0.029169
40	1	0.028225
40	1.1	0.026495
40	1.2	0.024546
40	1.3	0.023745
40	1.4	0.023336
40	1.5	0.022446
40	1.6	0.022608
40	1.7	0.022026
40	1.8	0.02234
40	1.9	0.020918
40	2	0.019582
40	2.1	0.018815
40	2.2	0.017215
40	2.3	0.01425
40	2.4	0.012736
40	2.5	0.010986
40	2.6	0.0096348
40	2.7	0.0082857
40	2.8	0.0079959
40	2.9	0.0077994
40	3	0.0084154
40	3.1	0.0087542
40	3.2	0.0084173
40	3.3	0.0082191
40	3.4	0.0078695
40	3.5	0.007254
40	3.6	0.0071644
40	3.7	0.0077745
40	3.8	0.0080221
40	3.9	0.0086203
40	4	0.0083343
50	-4	0.011512
50	-3.9	0.011049
50	-3.8	0.009685
50	-3.7	0.009
50	-3.6	0.01032
50	-3.5	0.011429
50	-3.4	0.012323
50	-3.3	0.012908
50	-3.2	0.010754
50	-3.1	0.0090394
50	-3	0.0064597
50	-2.9	0.0077932
50	-2.8	0.010995
50	-2.7	0.013268
50	-2.6	0.015961
50	-2.5	0.016605
50	-2.4	0.017619
50	-2.3	0.021218
50	-2.2	0.024404
50	-2.1	0.029161
50	-2	0.034025
50	-1.9	0.035824
50	-1.8	0.033751
50	-1.7	0.030039
50	-1.6	0.020719
50	-1.5	0.014073
50	-1.4	0.013917
50	-1.3	0.017459
50	-1.2	0.027853
50	-1.1	0.035893
50	-1	0.038927
50	-0.9	0.040609
50	-0.8	0.038273
50	-0.7	0.036823
50	-0.6	0.029338
50	-0.5	0.025901
50	-0.4	0.019952
50	-0.3	0.01651
50	-0.2	0.015169
50	-0.1	0.012828
50	0	0.012796
50	0.1	0.013404
50	0.2	0.017599
50	0.3	0.020424
50	0.4	0.023981
50	0.5	0.02753
50	0.6	0.029161
50	0.7	0.029925
50	0.8	0.029359
50	0.9	0.02819
50	1	0.026554
50	1.1	0.024086
50	1.2	0.022145
50	1.3	0.021698
50	1.4	0.022697
50	1.5	0.02352
50	1.6	0.024137
50	1.7	0.024316
50	1.8	0.024227
50	1.9	0.022951
50	2	0.021272
50	2.1	0.019427
50	2.2	0.017347
50	2.3	0.015776
50	2.4	0.014918
50	2.5	0.013707
50	2.6	0.01265
50	2.7	0.011033
50	2.8	0.0095658
50	2.9	0.0089261
50	3	0.0085695
50	3.1	0.0096315
50	3.2	0.0099841
50	3.3	0.010616
50	3.4	0.010668
50	3.5	0.010134
50	3.6	0.0092689
50	3.7	0.0088278
50	3.8	0.0088989
50	3.9	0.0092672
50	4	0.0095048
60	-4	0.010804
60	-3.9	0.010992
60	-3.8	0.010811
60	-3.7	0.01079
60	-3.6	0.010601
60	-3.5	0.010175
60	-3.4	0.010951
60	-3.3	0.011229
60	-3.2	0.010282
60	-3.1	0.0086838
60	-3	0.0073668
60	-2.9	0.0059546
60	-2.8	0.007886
60	-2.7	0.010376
60	-2.6	0.013798
60	-2.5	0.015925
60	-2.4	0.018151
60	-2.3	0.020505
60	-2.2	0.024278
60	-2.1	0.027651
60	-2	0.031592
60	-1.9	0.033297
60	-1.8	0.033273
60	-1.7	0.030649
60	-1.6	0.023544
60	-1.5	0.014135
60	-1.4	0.012999
60	-1.3	0.018944
60	-1.2	0.021853
60	-1.1	0.03115
60	-1	0.036159
60	-0.9	0.03636
60	-0.8	0.035707
60	-0.7	0.033092
60	-0.6	0.030664
60	-0.5	0.025067
60	-0.4	0.023484
60	-0.3	0.018593
60	-0.2	0.0163
60	-0.1	0.014472
60	0	0.012483
60	0.1	0.013164
60	0.2	0.015443
60	0.3	0.01978
60	0.4	0.023949
60	0.5	0.027207
60	0.6	0.029536
60	0.7	0.031321
60	0.8	0.031311
60	0.9	0.030549
60	1	0.028774
60	1.1	0.026615
60	1.2	0.023409
60	1.3	0.022093
60	1.4	0.021604
60	1.5	0.022447
60	1.6	0.024051
60	1.7	0.02527
60	1.8	0.026144
60	1.9	0.025042
60	2	0.023886
60	2.1	0.021089
60	2.2	0.018719
60	2.3	0.016715
60	2.4	0.014674
60	2.5	0.012637
60	2.6	0.011015
60	2.7	0.01068
60	2.8	0.009469
60	2.9	0.009043
60	3	0.0087098
60	3.1	0.0086446
60	3.2	0.0088039
60	3.3	0.009241
60	3.4	0.0093471
60	3.5	0.0097747
60	3.6	0.0098011
60	3.7	0.009811
60	3.8	0.0096415
60	3.9	0.0088442
60	4	0.0086652
70	-4	0.009608
70	-3.9	0.010175
70	-3.8	0.0095911
70	-3.7	0.0092287
70	-3.6	0.0093436
70	-3.5	0.0096533
70	-3.4	0.010438
70	-3.3	0.010441
70	-3.2	0.0098898
70	-3.1	0.008373
70	-3	0.0069607
70	-2.9	0.0063181
70	-2.8	0.0066617
70	-2.7	0.0075851
70	-2.6	0.0084288
70	-2.5	0.010844
70	-2.4	0.01273
70	-2.3	0.015887
70	-2.2	0.019791
70	-2.1	0.02193
70	-2	0.024563
70	-1.9	0.027353
70	-1.8	0.028495
70	-1.7	0.027367
70	-1.6	0.024023
70	-1.5	0.018713
70	-1.4	0.014338
70	-1.3	0.015234
70	-1.2	0.021701
70	-1.1	0.026692
70	-1	0.034936
70	-0.9	0.037402
70	-0.8	0.03823
70	-0.7	0.036838
70	-0.6	0.032157
70	-0.5	0.027882
70	-0.4	0.021891
70	-0.3	0.01841
70	-0.2	0.014728
70	-0.1	0.013616
70	0	0.012614
70	0.1	0.012586
70	0.2	0.014006
70	0.3	0.018053
70	0.4	0.024002
70	0.5	0.027452
70	0.6	0.030048
70	0.7	0.034158
70	0.8	0.034732
70	0.9	0.034027
70	1	0.030537
70	1.1	0.028624
70	1.2	0.025068
70	1.3	0.025124
70	1.4	0.025338
70	1.5	0.027684
70	1.6	0.028209
70	1.7	0.028802
70	1.8	0.028737
70	1.9	0.027909
70	2	0.024991
70	2.1	0.022939
70	2.2	0.020105
70	2.3	0.017817
70	2.4	0.015933
70	2.5	0.013691
70	2.6	0.011924
70	2.7	0.010557
70	2.8	0.0092916
70	2.9	0.0086015
70	3	0.0081202
70	3.1	0.0083032
70	3.2	0.0090911
70	3.3	0.0091743
70	3.4	0.0092724
70	3.5	0.0099987
70	3.6	0.010127
70	3.7	0.0093574
70	3.8	0.0089079
70	3.9	0.0082798
70	4	0.0077537
80	-4	0.0093246
80	-3.9	0.010082
80	-3.8	0.010186
80	-3.7	0.009816
80	-3.6	0.0089261
80	-3.5	0.0088149
80	-3.4	0.0096466
80	-3.3	0.011014
80	-3.2	0.01215
80	-3.1	0.011286
80	-3	0.0098291
80	-2.9	0.0069024
80	-2.8	0.0062175
80	-2.7	0.0078428
80	-2.6	0.011194
80	-2.5	0.013259
80	-2.4	0.014708
80	-2.3	0.015446
80	-2.2	0.017199
80	-2.1	0.019449
80	-2	0.023941
80	-1.9	0.028231
80	-1.8	0.029452
80	-1.7	0.030445
80	-1.6	0.026379
80	-1.5	0.021131
80	-1.4	0.017036
80	-1.3	0.014154
80	-1.2	0.017924
80	-1.1	0.023652
80	-1	0.030896
80	-0.9	0.035961
80	-0.8	0.038217
80	-0.7	0.038589
80	-0.6	0.034983
80	-0.5	0.031477
80	-0.4	0.025623
80	-0.3	0.021803
80	-0.2	0.018192
80	-0.1	0.016205
80	0	0.014051
80	0.1	0.0148
80	0.2	0.016542
80	0.3	0.021372
80	0.4	0.025749
80	0.5	0.031364
80	0.6	0.032891
80	0.7	0.035011
80	0.8	0.035816
80	0.9	0.034184
80	1	0.031464
80	1.1	0.028538
80	1.2	0.027782
80	1.3	0.026032
80	1.4	0.025715
80	1.5	0.025932
80	1.6	0.026868
80	1.7	0.027783
80	1.8	0.029159
80	1.9	0.029002
80	2	0.028344
80	2.1	0.026234
80	2.2	0.023242
80	2.3	0.019919
80	2.4	0.015818
80	2.5	0.012483
80	2.6	0.010976
80	2.7	0.010468
80	2.8	0.010289
80	2.9	0.0094519
80	3	0.0088497
80	3.1	0.0083846
80	3.2	0.0074236
80	3.3	0.0076
80	3.4	0.0086819
80	3.5	0.0095404
80	3.6	0.010342
80	3.7	0.01039
80	3.8	0.0092672
80	3.9	0.0085108
80	4	0.0082818
90	-4	0.010098
90	-3.9	0.010535
90	-3.8	0.010542
90	-3.7	0.010351
90	-3.6	0.011018
90	-3.5	0.010716
90	-3.4	0.010592
90	-3.3	0.011386
90	-3.2	0.011765
90	-3.1	0.011928
90	-3	0.011115
90	-2.9	0.0095658
90	-2.8	0.0068271
90	-2.7	0.0068766
90	-2.6	0.0095048
90	-2.5	0.012673
90	-2.4	0.015301
90	-2.3	0.01655
90	-2.2	0.018346
90	-2.1	0.019842
90	-2	0.022162
90	-1.9	0.025156
90	-1.8	0.025994
90	-1.7	0.02636
90	-1.6	0.024872
90	-1.5	0.02177
90	-1.4	0.017854
90	-1.3	0.015518
90	-1.2	0.016854
90	-1.1	0.019417
90	-1	0.027659
90	-0.9	0.033043
90	-0.8	0.036302
90	-0.7	0.037696
90	-0.6	0.036942
90	-0.5	0.033998
90	-0.4	0.029933
90	-0.3	0.02585
90	-0.2	0.021412
90	-0.1	0.017889
90	0	0.016394
90	0.1	0.014607
90	0.2	0.015666
90	0.3	0.019007
90	0.4	0.024659
90	0.5	0.029712
90	0.6	0.034144
90	0.7	0.037334
90	0.8	0.038911
90	0.9	0.038575
90	1	0.034822
90	1.1	0.031461
90	1.2	0.027364
90	1.3	0.026453
90	1.4	0.027322
90	1.5	0.029515
90	1.6	0.030547
90	1.7	0.033087
90	1.8	0.033123
90	1.9	0.032561
90	2	0.031688
90	2.1	0.028246
90	2.2	0.025636
90	2.3	0.022389
90	2.4	0.019489
90	2.5	0.015398
90	2.6	0.014372
90	2.7	0.012477
90	2.8	0.010713
90	2.9	0.0088916
90	3	0.0086371
90	3.1	0.0092933
90	3.2	0.010517
90	3.3	0.0109
90	3.4	0.010871
90	3.5	0.010591
90	3.6	0.0096683
90	3.7	0.0086015
90	3.8	0.0078098
90	3.9	0.0076888
90	4	0.0080663
100	-4	0.0087265
100	-3.9	0.0092532
100	-3.8	0.0093833
100	-3.7	0.0091761
100	-3.6	0.0090947
100	-3.5	0.0089622
100	-3.4	0.010499
100	-3.3	0.011707
100	-3.2	0.012993
100	-3.1	0.013298
100	-3	0.012361
100	-2.9	0.010151
100	-2.8	0.0079513
100	-2.7	0.0076043
100	-2.6	0.01056
100	-2.5	0.01356
100	-2.4	0.016777
100	-2.3	0.018965
100	-2.2	0.019889
100	-2.1	0.021263
100	-2	0.022253
100	-1.9	0.024503
100	-1.8	0.025721
100	-1.7	0.026816
100	-1.6	0.026454
100	-1.5	0.023349
100	-1.4	0.020344
100	-1.3	0.017755
100	-1.2	0.01818
100	-1.1	0.02087
100	-1	0.026502
100	-0.9	0.031318
100	-0.8	0.036027
100	-0.7	0.039524
100	-0.6	0.039466
100	-0.5	0.037285
100	-0.4	0.033697
100	-0.3	0.027946
100	-0.2	0.02323
100	-0.1	0.020323
100	0	0.017645
100	0.1	0.017271
100	0.2	0.018773
100	0.3	0.022345
100	0.4	0.027378
100	0.5	0.033698
100	0.6	0.039349
100	0.7	0.039864
100	0.8	0.041012
100	0.9	0.039276
100	1	0.036062
100	1.1	0.032473
100	1.2	0.028676
100	1.3	0.029134
100	1.4	0.030961
100	1.5	0.033277
100	1.6	0.035029
100	1.7	0.036042
100	1.8	0.035995
100	1.9	0.035098
100	2	0.033464
100	2.1	0.031991
100	2.2	0.029893
100	2.3	0.028062
100	2.4	0.024137
100	2.5	0.020613
100	2.6	0.017169
100	2.7	0.013082
100	2.8	0.011263
100	2.9	0.010584
100	3	0.010998
100	3.1	0.012086
100	3.2	0.012248
100	3.3	0.01272
100	3.4	0.011654
100	3.5	0.011273
100	3.6	0.010606
100	3.7	0.010905
100	3.8	0.010441
100	3.9	0.0097565
100	4	0.0097017
110	-4	0.0081639
110	-3.9	0.0095894
110	-3.8	0.0098258
110	-3.7	0.0094656
110	-3.6	0.0091355
110	-3.5	0.0087505
110	-3.4	0.0094383
110	-3.3	0.0098554
110	-3.2	0.011676
110	-3.1	0.011852
110	-3	0.011286
110	-2.9	0.0088333
110	-2.8	0.0071531
110	-2.7	0.0080422
110	-2.6	0.010636
110	-2.5	0.01355
110	-2.4	0.018321
110	-2.3	0.019255
110	-2.2	0.019441
110	-2.1	0.019393
110	-2	0.020419
110	-1.9	0.022204
110	-1.8	0.02526
110	-1.7	0.027311
110	-1.6	0.027841
110	-1.5	0.025353
110	-1.4	0.023285
110	-1.3	0.017905
110	-1.2	0.016967
110	-1.1	0.019607
110	-1	0.028548
110	-0.9	0.035477
110	-0.8	0.039172
110	-0.7	0.041523
110	-0.6	0.041798
110	-0.5	0.039014
110	-0.4	0.035883
110	-0.3	0.03057
110	-0.2	0.025639
110	-0.1	0.0212
110	0	0.018347
110	0.1	0.017945
110	0.2	0.018927
110	0.3	0.024533
110	0.4	0.030105
110	0.5	0.036824
110	0.6	0.041201
110	0.7	0.044119
110	0.8	0.044462
110	0.9	0.042575
110	1	0.040238
110	1.1	0.036647
110	1.2	0.032285
110	1.3	0.030688
110	1.4	0.030569
110	1.5	0.03121
110	1.6	0.032864
110	1.7	0.033955
110	1.8	0.036088
110	1.9	0.035389
110	2	0.034296
110	2.1	0.033341
110	2.2	0.030553
110	2.3	0.026798
110	2.4	0.02388
110	2.5	0.02045
110	2.6	0.016901
110	2.7	0.015692
110	2.8	0.013582
110	2.9	0.012272
110	3	0.011345
110	3.1	0.011183
110	3.2	0.010838
110	3.3	0.010744
110	3.4	0.01085
110	3.5	0.011081
110	3.6	0.010955
110	3.7	0.010627
110	3.8	0.010329
110	3.9	0.010148
110	4	0.010114
120	-4	0.0081935
120	-3.9	0.01067
120	-3.8	0.012374
120	-3.7	0.011791
120	-3.6	0.010626
120	-3.5	0.0087966
120	-3.4	0.0073668
120	-3.3	0.0091708
120	-3.2	0.011793
120	-3.1	0.013101
120	-3	0.013007
120	-2.9	0.012035
120	-2.8	0.0087228
120	-2.7	0.0085752
120	-2.6	0.011373
120	-2.5	0.015378
120	-2.4	0.020799
120	-2.3	0.022633
120	-2.2	0.022321
120	-2.1	0.021526
120	-2	0.020826
120	-1.9	0.021188
120	-1.8	0.025154
120	-1.7	0.027209
120	-1.6	0.028617
120	-1.5	0.026557
120	-1.4	0.022648
120	-1.3	0.017701
120	-1.2	0.016658
120	-1.1	0.019838
120	-1	0.028504
120	-0.9	0.032348
120	-0.8	0.039747
120	-0.7	0.042818
120	-0.6	0.043555
120	-0.5	0.042154
120	-0.4	0.036984
120	-0.3	0.031773
120	-0.2	0.02595
120	-0.1	0.02136
120	0	0.019036
120	0.1	0.018909
120	0.2	0.020769
120	0.3	0.025939
120	0.4	0.03285
120	0.5	0.037319
120	0.6	0.041532
120	0.7	0.04257
120	0.8	0.045392
120	0.9	0.045352
120	1	0.043435
120	1.1	0.040662
120	1.2	0.035937
120	1.3	0.035646
120	1.4	0.032957
120	1.5	0.032194
120	1.6	0.032989
120	1.7	0.034574
120	1.8	0.035946
120	1.9	0.03656
120	2	0.036197
120	2.1	0.034221
120	2.2	0.032073
120	2.3	0.029295
120	2.4	0.024042
120	2.5	0.020424
120	2.6	0.019854
120	2.7	0.017198
120	2.8	0.016681
120	2.9	0.015054
120	3	0.013222
120	3.1	0.01264
120	3.2	0.011338
120	3.3	0.011056
120	3.4	0.011601
120	3.5	0.01281
120	3.6	0.01326
120	3.7	0.012555
120	3.8	0.011732
120	3.9	0.011281
120	4	0.010647
130	-4	0.0084154
130	-3.9	0.0095031
130	-3.8	0.0098439
130	-3.7	0.0097283
130	-3.6	0.0088424
130	-3.5	0.0084422
130	-3.4	0.0069141
130	-3.3	0.0075467
130	-3.2	0.008014
130	-3.1	0.0087727
130	-3	0.0090215
130	-2.9	0.0085222
130	-2.8	0.0080703
130	-2.7	0.0075552
130	-2.6	0.010799
130	-2.5	0.013161
130	-2.4	0.016098
130	-2.3	0.018246
130	-2.2	0.019717
130	-2.1	0.02051
130	-2	0.021082
130	-1.9	0.0222
130	-1.8	0.024109
130	-1.7	0.025396
130	-1.6	0.026298
130	-1.5	0.024117
130	-1.4	0.02235
130	-1.3	0.020207
130	-1.2	0.01851
130	-1.1	0.021056
130	-1	0.026377
130	-0.9	0.031507
130	-0.8	0.037568
130	-0.7	0.042248
130	-0.6	0.043427
130	-0.5	0.042803
130	-0.4	0.036802
130	-0.3	0.032979
130	-0.2	0.028256
130	-0.1	0.022339
130	0	0.019926
130	0.1	0.017238
130	0.2	0.018352
130	0.3	0.020096
130	0.4	0.025533
130	0.5	0.030547
130	0.6	0.040047
130	0.7	0.046415
130	0.8	0.047716
130	0.9	0.048741
130	1	0.046096
130	1.1	0.043502
130	1.2	0.03984
130	1.3	0.037332
130	1.4	0.03576
130	1.5	0.035049
130	1.6	0.036242
130	1.7	0.036951
130	1.8	0.038877
130	1.9	0.03768
130	2	0.037166
130	2.1	0.035016
130	2.2	0.031384
130	2.3	0.029181
130	2.4	0.024579
130	2.5	0.021275
130	2.6	0.019682
130	2.7	0.017495
130	2.8	0.015919
130	2.9	0.014907
130	3	0.013159
130	3.1	0.01169
130	3.2	0.009715
130	3.3	0.0087929
130	3.4	0.0090911
130	3.5	0.010146
130	3.6	0.010815
130	3.7	0.011123
130	3.8	0.010838
130	3.9	0.010616
130	4	0.0099517
140	-4	0.0060167
140	-3.9	0.0074171
140	-3.8	0.0098242
140	-3.7	0.010282
140	-3.6	0.0094912
140	-3.5	0.0088241
140	-3.4	0.0075102
140	-3.3	0.0072071
140	-3.2	0.0087191
140	-3.1	0.0098538
140	-3	0.010421
140	-2.9	0.0097433
140	-2.8	0.0090751
140	-2.7	0.0093436
140	-2.6	0.012652
140	-2.5	0.015695
140	-2.4	0.019184
140	-2.3	0.021506
140	-2.2	0.022658
140	-2.1	0.022592
140	-2	0.022345
140	-1.9	0.022957
140	-1.8	0.025049
140	-1.7	0.026482
140	-1.6	0.02675
140	-1.5	0.024867
140	-1.4	0.020163
140	-1.3	0.017629
140	-1.2	0.016988
140	-1.1	0.019353
140	-1	0.027679
140	-0.9	0.03177
140	-0.8	0.037325
140	-0.7	0.040436
140	-0.6	0.042344
140	-0.5	0.040201
140	-0.4	0.037641
140	-0.3	0.033728
140	-0.2	0.028271
140	-0.1	0.02255
140	0	0.01977
140	0.1	0.017459
140	0.2	0.018165
140	0.3	0.020384
140	0.4	0.026896
140	0.5	0.031509
140	0.6	0.037833
140	0.7	0.042264
140	0.8	0.046361
140	0.9	0.046986
140	1	0.047514
140	1.1	0.044192
140	1.2	0.042044
140	1.3	0.039004
140	1.4	0.038209
140	1.5	0.036346
140	1.6	0.035695
140	1.7	0.036914
140	1.8	0.03784
140	1.9	0.039003
140	2	0.038554
140	2.1	0.037407
140	2.2	0.035421
140	2.3	0.030013
140	2.4	0.025274
140	2.5	0.022929
140	2.6	0.019739
140	2.7	0.017384
140	2.8	0.016432
140	2.9	0.015157
140	3	0.014215
140	3.1	0.012282
140	3.2	0.011501
140	3.3	0.010841
140	3.4	0.010638
140	3.5	0.011193
140	3.6	0.011776
140	3.7	0.011154
140	3.8	0.010718
140	3.9	0.01026
140	4	0.010126
150	-4	0.008545
150	-3.9	0.0088479
150	-3.8	0.008423
150	-3.7	0.0076951
150	-3.6	0.0059709
150	-3.5	0.005708
150	-3.4	0.0080883
150	-3.3	0.0093349
150	-3.2	0.010517
150	-3.1	0.010237
150	-3	0.0091425
150	-2.9	0.0076
150	-2.8	0.0074214
150	-2.7	0.010134
150	-2.6	0.014473
150	-2.5	0.015818
150	-2.4	0.019425
150	-2.3	0.02061
150	-2.2	0.021374
150	-2.1	0.021175
150	-2	0.021945
150	-1.9	0.022824
150	-1.8	0.024827
150	-1.7	0.02604
150	-1.6	0.02692
150	-1.5	0.024905
150	-1.4	0.022094
150	-1.3	0.01779
150	-1.2	0.016577
150	-1.1	0.021118
150	-1	0.026974
150	-0.9	0.036597
150	-0.8	0.039499
150	-0.7	0.043537
150	-0.6	0.043505
150	-0.5	0.041213
150	-0.4	0.037235
150	-0.3	0.031032
150	-0.2	0.026431
150	-0.1	0.021871
150	0	0.017586
150	0.1	0.015867
150	0.2	0.016217
150	0.3	0.019154
150	0.4	0.023118
150	0.5	0.029322
150	0.6	0.035164
150	0.7	0.041143
150	0.8	0.044766
150	0.9	0.046072
150	1	0.045788
150	1.1	0.043862
150	1.2	0.040882
150	1.3	0.038585
150	1.4	0.038091
150	1.5	0.035836
150	1.6	0.036238
150	1.7	0.036635
150	1.8	0.0366
150	1.9	0.036332
150	2	0.03621
150	2.1	0.034995
150	2.2	0.033774
150	2.3	0.030533
150	2.4	0.028222
150	2.5	0.023716
150	2.6	0.021069
150	2.7	0.018378
150	2.8	0.015235
150	2.9	0.014719
150	3	0.013359
150	3.1	0.013303
150	3.2	0.012396
150	3.3	0.012811
150	3.4	0.012359
150	3.5	0.012578
150	3.6	0.011748
150	3.7	0.01107
150	3.8	0.010382
150	3.9	0.0098849
150	4	0.010188
160	-4	0.0055413
160	-3.9	0.0064822
160	-3.8	0.0074453
160	-3.7	0.0077328
160	-3.6	0.0075531
160	-3.5	0.0067053
160	-3.4	0.0049758
160	-3.3	0.0057334
160	-3.2	0.0075359
160	-3.1	0.0087727
160	-3	0.0097167
160	-2.9	0.0088643
160	-2.8	0.0080019
160	-2.7	0.0076488
160	-2.6	0.0091884
160	-2.5	0.013468
160	-2.4	0.017238
160	-2.3	0.021592
160	-2.2	0.022903
160	-2.1	0.024141
160	-2	0.02391
160	-1.9	0.02301
160	-1.8	0.022562
160	-1.7	0.022337
160	-1.6	0.0221
160	-1.5	0.022566
160	-1.4	0.021597
160	-1.3	0.019937
160	-1.2	0.020354
160	-1.1	0.022498
160	-1	0.028539
160	-0.9	0.03507
160	-0.8	0.03945
160	-0.7	0.042438
160	-0.6	0.041945
160	-0.5	0.040142
160	-0.4	0.036649
160	-0.3	0.02907
160	-0.2	0.024791
160	-0.1	0.019089
160	0	0.016532
160	0.1	0.014533
160	0.2	0.013936
160	0.3	0.015695
160	0.4	0.021082
160	0.5	0.030294
160	0.6	0.035002
160	0.7	0.041042
160	0.8	0.04634
160	0.9	0.047668
160	1	0.04744
160	1.1	0.0464
160	1.2	0.044582
160	1.3	0.042793
160	1.4	0.041982
160	1.5	0.040513
160	1.6	0.040417
160	1.7	0.039308
160	1.8	0.036837
160	1.9	0.034992
160	2	0.033785
160	2.1	0.03238
160	2.2	0.031909
160	2.3	0.028605
160	2.4	0.025311
160	2.5	0.023736
160	2.6	0.021123
160	2.7	0.016285
160	2.8	0.01391
160	2.9	0.012111
160	3	0.01189
160	3.1	0.011763
160	3.2	0.010853
160	3.3	0.010347
160	3.4	0.010237
160	3.5	0.0102
160	3.6	0.0091672
160	3.7	0.0088296
160	3.8	0.0089315
160	3.9	0.0077953
160	4	0.0079756
170	-4	0.0067843
170	-3.9	0.0071123
170	-3.8	0.0082446
170	-3.7	0.0079553
170	-3.6	0.0074279
170	-3.5	0.0063893
170	-3.4	0.0064296
170	-3.3	0.007737
170	-3.2	0.0086053
170	-3.1	0.0087339
170	-3	0.008223
170	-2.9	0.0081994
170	-2.8	0.007849
170	-2.7	0.0095995
170	-2.6	0.014332
170	-2.5	0.018084
170	-2.4	0.020721
170	-2.3	0.022247
170	-2.2	0.022987
170	-2.1	0.02269
170	-2	0.02256
170	-1.9	0.023443
170	-1.8	0.024401
170	-1.7	0.025983
170	-1.6	0.025489
170	-1.5	0.024078
170	-1.4	0.02121
170	-1.3	0.017236
170	-1.2	0.018118
170	-1.1	0.025129
170	-1	0.03105
170	-0.9	0.038878
170	-0.8	0.044322
170	-0.7	0.046862
170	-0.6	0.04533
170	-0.5	0.040502
170	-0.4	0.033707
170	-0.3	0.029961
170	-0.2	0.021214
170	-0.1	0.015765
170	0	0.012654
170	0.1	0.011271
170	0.2	0.010982
170	0.3	0.012432
170	0.4	0.021247
170	0.5	0.024349
170	0.6	0.032467
170	0.7	0.039475
170	0.8	0.045349
170	0.9	0.046563
170	1	0.047957
170	1.1	0.04732
170	1.2	0.045236
170	1.3	0.042326
170	1.4	0.0377
170	1.5	0.035191
170	1.6	0.034468
170	1.7	0.033938
170	1.8	0.033488
170	1.9	0.033298
170	2	0.033081
170	2.1	0.031306
170	2.2	0.028677
170	2.3	0.025609
170	2.4	0.023656
170	2.5	0.020891
170	2.6	0.018722
170	2.7	0.017896
170	2.8	0.016751
170	2.9	0.0149
170	3	0.014154
170	3.1	0.012001
170	3.2	0.011194
170	3.3	0.010888
170	3.4	0.011396
170	3.5	0.012031
170	3.6	0.011505
170	3.7	0.01093
170	3.8	0.010472
170	3.9	0.0096382
170	4	0.0079513
180	-4	0.0061417
180	-3.9	0.0067939
180	-3.8	0.008227
180	-3.7	0.0083052
180	-3.6	0.0076276
180	-3.5	0.0067796
180	-3.4	0.0054502
180	-3.3	0.0057278
180	-3.2	0.0069931
180	-3.1	0.0080422
180	-3	0.0083614
180	-2.9	0.007467
180	-2.8	0.0075102
180	-2.7	0.010134
180	-2.6	0.013792
180	-2.5	0.017592
180	-2.4	0.019641
180	-2.3	0.022059
180	-2.2	0.021877
180	-2.1	0.02191
180	-2	0.02224
180	-1.9	0.024296
180	-1.8	0.025418
180	-1.7	0.026938
180	-1.6	0.026017
180	-1.5	0.024107
180	-1.4	0.021184
180	-1.3	0.018148
180	-1.2	0.022281
180	-1.1	0.025116
180	-1	0.033043
180	-0.9	0.041202
180	-0.8	0.046783
180	-0.7	0.047158
180	-0.6	0.045671
180	-0.5	0.03911
180	-0.4	0.033123
180	-0.3	0.025516
180	-0.2	0.017848
180	-0.1	0.014074
180	0	0.011334
180	0.1	0.011228
180	0.2	0.01066
180	0.3	0.012853
180	0.4	0.016933
180	0.5	0.022131
180	0.6	0.030205
180	0.7	0.035789
180	0.8	0.040917
180	0.9	0.043244
180	1	0.043772
180	1.1	0.042828
180	1.2	0.04144
180	1.3	0.04001
180	1.4	0.03754
180	1.5	0.03498
180	1.6	0.034331
180	1.7	0.032717
180	1.8	0.030099
180	1.9	0.029613
180	2	0.029513
180	2.1	0.029353
180	2.2	0.028357
180	2.3	0.026184
180	2.4	0.024263
180	2.5	0.021247
180	2.6	0.019423
180	2.7	0.016535
180	2.8	0.015931
180	2.9	0.015633
180	3	0.014976
180	3.1	0.014268
180	3.2	0.0125
180	3.3	0.010768
180	3.4	0.010497
180	3.5	0.010894
180	3.6	0.01145
180	3.7	0.011154
180	3.8	0.011134
180	3.9	0.010295
180	4	0.0092654
 
Uniformity Ratio =0.43871
