05-Jan-2018
12:13
TXR  008009 RM428 R24
33511B Function Generator
SN =Agilent Technologies,33511B,MY52301476,3.05-1.19-2.00-52-00
freq =+9.400000000000000E+06
burstmode =TRIG
burstN =+6.000000000000000E+01
voltage =+1.5000000000000E-01
 
DSO-X 2022A Oscilloscope
SN =AGILENT TECHNOLOGIES,DSO-X 2022A,MY54310921,02.41.2015102200
probe =+1.0000000E+00
scale =+500.0E-09
position =+19.900000E-06
range =+1.60E+00
units =VOLT
points =+2000
pointmode =NORM
format =BYTE
acqtype =NORM
trigsource =EXT
coupling =AC
 
-180	-4	0.0069468
-180	-3.9	0.0071869
-180	-3.8	0.0070047
-180	-3.7	0.0071327
-180	-3.6	0.0075037
-180	-3.5	0.0082915
-180	-3.4	0.0080482
-180	-3.3	0.008227
-180	-3.2	0.0075552
-180	-3.1	0.0076867
-180	-3	0.0081182
-180	-2.9	0.0089766
-180	-2.8	0.0094108
-180	-2.7	0.010531
-180	-2.6	0.012899
-180	-2.5	0.015992
-180	-2.4	0.01873
-180	-2.3	0.021316
-180	-2.2	0.022195
-180	-2.1	0.022211
-180	-2	0.022053
-180	-1.9	0.022124
-180	-1.8	0.02271
-180	-1.7	0.024774
-180	-1.6	0.026721
-180	-1.5	0.027911
-180	-1.4	0.027972
-180	-1.3	0.027632
-180	-1.2	0.026741
-180	-1.1	0.027487
-180	-1	0.028453
-180	-0.9	0.030695
-180	-0.8	0.034497
-180	-0.7	0.035769
-180	-0.6	0.034554
-180	-0.5	0.031461
-180	-0.4	0.029004
-180	-0.3	0.022806
-180	-0.2	0.018797
-180	-0.1	0.014962
-180	0	0.012417
-180	0.1	0.010967
-180	0.2	0.011538
-180	0.3	0.014855
-180	0.4	0.020402
-180	0.5	0.027113
-180	0.6	0.033229
-180	0.7	0.037698
-180	0.8	0.045202
-180	0.9	0.046314
-180	1	0.046286
-180	1.1	0.044903
-180	1.2	0.043193
-180	1.3	0.038923
-180	1.4	0.036402
-180	1.5	0.035161
-180	1.6	0.036007
-180	1.7	0.037559
-180	1.8	0.038705
-180	1.9	0.039581
-180	2	0.040237
-180	2.1	0.039166
-180	2.2	0.036307
-180	2.3	0.033591
-180	2.4	0.030865
-180	2.5	0.028343
-180	2.6	0.025738
-180	2.7	0.023116
-180	2.8	0.021906
-180	2.9	0.02024
-180	3	0.01885
-180	3.1	0.01495
-180	3.2	0.014058
-180	3.3	0.013539
-180	3.4	0.013753
-180	3.5	0.013942
-180	3.6	0.013864
-180	3.7	0.013878
-180	3.8	0.013587
-180	3.9	0.012374
-180	4	0.011572
-170	-4	0.0074105
-170	-3.9	0.0080482
-170	-3.8	0.008624
-170	-3.7	0.0085865
-170	-3.6	0.0077391
-170	-3.5	0.0067867
-170	-3.4	0.0062201
-170	-3.3	0.0064722
-170	-3.2	0.0072116
-170	-3.1	0.0080322
-170	-3	0.0086465
-170	-2.9	0.0082798
-170	-2.8	0.0079207
-170	-2.7	0.0092375
-170	-2.6	0.013602
-170	-2.5	0.016996
-170	-2.4	0.02049
-170	-2.3	0.02283
-170	-2.2	0.023218
-170	-2.1	0.022584
-170	-2	0.021319
-170	-1.9	0.02109
-170	-1.8	0.022896
-170	-1.7	0.024365
-170	-1.6	0.028267
-170	-1.5	0.029062
-170	-1.4	0.028796
-170	-1.3	0.027705
-170	-1.2	0.025758
-170	-1.1	0.026439
-170	-1	0.028396
-170	-0.9	0.032733
-170	-0.8	0.038851
-170	-0.7	0.040191
-170	-0.6	0.038919
-170	-0.5	0.036886
-170	-0.4	0.030759
-170	-0.3	0.025742
-170	-0.2	0.020222
-170	-0.1	0.015921
-170	0	0.012982
-170	0.1	0.012215
-170	0.2	0.012917
-170	0.3	0.01761
-170	0.4	0.021926
-170	0.5	0.028367
-170	0.6	0.034527
-170	0.7	0.040792
-170	0.8	0.043838
-170	0.9	0.044818
-170	1	0.044034
-170	1.1	0.040877
-170	1.2	0.039769
-170	1.3	0.03614
-170	1.4	0.033989
-170	1.5	0.03429
-170	1.6	0.03516
-170	1.7	0.036238
-170	1.8	0.036972
-170	1.9	0.037649
-170	2	0.038047
-170	2.1	0.036898
-170	2.2	0.034562
-170	2.3	0.031721
-170	2.4	0.030238
-170	2.5	0.027352
-170	2.6	0.023346
-170	2.7	0.020604
-170	2.8	0.019092
-170	2.9	0.017529
-170	3	0.016113
-170	3.1	0.014208
-170	3.2	0.013485
-170	3.3	0.013037
-170	3.4	0.012327
-170	3.5	0.012131
-170	3.6	0.011398
-170	3.7	0.011829
-170	3.8	0.012438
-170	3.9	0.011752
-170	4	0.010731
-160	-4	0.008507
-160	-3.9	0.0098898
-160	-3.8	0.01011
-160	-3.7	0.009169
-160	-3.6	0.0078962
-160	-3.5	0.0073799
-160	-3.4	0.007325
-160	-3.3	0.0083788
-160	-3.2	0.0097316
-160	-3.1	0.0097233
-160	-3	0.0091743
-160	-2.9	0.0072674
-160	-2.8	0.0081063
-160	-2.7	0.012682
-160	-2.6	0.015132
-160	-2.5	0.022217
-160	-2.4	0.024429
-160	-2.3	0.025791
-160	-2.2	0.025235
-160	-2.1	0.023276
-160	-2	0.022176
-160	-1.9	0.023841
-160	-1.8	0.026829
-160	-1.7	0.029407
-160	-1.6	0.031628
-160	-1.5	0.030072
-160	-1.4	0.027853
-160	-1.3	0.024735
-160	-1.2	0.0248
-160	-1.1	0.026303
-160	-1	0.030922
-160	-0.9	0.037516
-160	-0.8	0.040838
-160	-0.7	0.041724
-160	-0.6	0.04038
-160	-0.5	0.03724
-160	-0.4	0.032074
-160	-0.3	0.027291
-160	-0.2	0.021801
-160	-0.1	0.017858
-160	0	0.016453
-160	0.1	0.016587
-160	0.2	0.019351
-160	0.3	0.022083
-160	0.4	0.028149
-160	0.5	0.033436
-160	0.6	0.036518
-160	0.7	0.041174
-160	0.8	0.043963
-160	0.9	0.044032
-160	1	0.042035
-160	1.1	0.040497
-160	1.2	0.037006
-160	1.3	0.033934
-160	1.4	0.032294
-160	1.5	0.0325
-160	1.6	0.034669
-160	1.7	0.036799
-160	1.8	0.038253
-160	1.9	0.039709
-160	2	0.03981
-160	2.1	0.037721
-160	2.2	0.03518
-160	2.3	0.031966
-160	2.4	0.028137
-160	2.5	0.026343
-160	2.6	0.023478
-160	2.7	0.020942
-160	2.8	0.019623
-160	2.9	0.016414
-160	3	0.014655
-160	3.1	0.012926
-160	3.2	0.012075
-160	3.3	0.012032
-160	3.4	0.012243
-160	3.5	0.011873
-160	3.6	0.01102
-160	3.7	0.01085
-160	3.8	0.010448
-160	3.9	0.0099987
-160	4	0.0093055
-150	-4	0.008016
-150	-3.9	0.0093072
-150	-3.8	0.010734
-150	-3.7	0.011014
-150	-3.6	0.009997
-150	-3.5	0.0086763
-150	-3.4	0.0074972
-150	-3.3	0.0070346
-150	-3.2	0.0093557
-150	-3.1	0.010707
-150	-3	0.011889
-150	-2.9	0.011867
-150	-2.8	0.011447
-150	-2.7	0.012877
-150	-2.6	0.015872
-150	-2.5	0.021497
-150	-2.4	0.02613
-150	-2.3	0.028891
-150	-2.2	0.030714
-150	-2.1	0.029551
-150	-2	0.028717
-150	-1.9	0.027392
-150	-1.8	0.027925
-150	-1.7	0.029294
-150	-1.6	0.031328
-150	-1.5	0.032033
-150	-1.4	0.030873
-150	-1.3	0.029778
-150	-1.2	0.028335
-150	-1.1	0.030196
-150	-1	0.034687
-150	-0.9	0.038389
-150	-0.8	0.042486
-150	-0.7	0.04588
-150	-0.6	0.046374
-150	-0.5	0.042756
-150	-0.4	0.03985
-150	-0.3	0.032725
-150	-0.2	0.026621
-150	-0.1	0.022252
-150	0	0.020092
-150	0.1	0.019144
-150	0.2	0.01985
-150	0.3	0.023657
-150	0.4	0.027983
-150	0.5	0.032567
-150	0.6	0.03867
-150	0.7	0.042947
-150	0.8	0.044982
-150	0.9	0.044909
-150	1	0.042331
-150	1.1	0.040167
-150	1.2	0.036838
-150	1.3	0.034983
-150	1.4	0.035318
-150	1.5	0.036996
-150	1.6	0.038976
-150	1.7	0.0394
-150	1.8	0.039451
-150	1.9	0.039031
-150	2	0.036747
-150	2.1	0.034656
-150	2.2	0.030055
-150	2.3	0.027113
-150	2.4	0.025029
-150	2.5	0.021322
-150	2.6	0.019269
-150	2.7	0.016459
-150	2.8	0.014748
-150	2.9	0.013258
-150	3	0.011266
-150	3.1	0.010824
-150	3.2	0.010016
-150	3.3	0.0099533
-150	3.4	0.0098028
-150	3.5	0.0091655
-150	3.6	0.0089658
-150	3.7	0.0083769
-150	3.8	0.0084671
-150	3.9	0.0080402
-150	4	0.0077412
-140	-4	0.012043
-140	-3.9	0.012652
-140	-3.8	0.011912
-140	-3.7	0.010765
-140	-3.6	0.0095116
-140	-3.5	0.0080943
-140	-3.4	0.0080422
-140	-3.3	0.0093194
-140	-3.2	0.010062
-140	-3.1	0.010719
-140	-3	0.010535
-140	-2.9	0.01111
-140	-2.8	0.012882
-140	-2.7	0.01715
-140	-2.6	0.01998
-140	-2.5	0.025934
-140	-2.4	0.02869
-140	-2.3	0.030563
-140	-2.2	0.030924
-140	-2.1	0.031421
-140	-2	0.032206
-140	-1.9	0.034563
-140	-1.8	0.035667
-140	-1.7	0.036243
-140	-1.6	0.033735
-140	-1.5	0.031023
-140	-1.4	0.027971
-140	-1.3	0.027445
-140	-1.2	0.031312
-140	-1.1	0.036332
-140	-1	0.042643
-140	-0.9	0.046689
-140	-0.8	0.047817
-140	-0.7	0.046151
-140	-0.6	0.044087
-140	-0.5	0.039514
-140	-0.4	0.034394
-140	-0.3	0.030283
-140	-0.2	0.027363
-140	-0.1	0.025166
-140	0	0.024875
-140	0.1	0.025443
-140	0.2	0.026772
-140	0.3	0.031197
-140	0.4	0.034608
-140	0.5	0.037372
-140	0.6	0.040865
-140	0.7	0.042337
-140	0.8	0.042114
-140	0.9	0.040783
-140	1	0.037857
-140	1.1	0.035662
-140	1.2	0.034138
-140	1.3	0.033503
-140	1.4	0.034262
-140	1.5	0.036067
-140	1.6	0.036984
-140	1.7	0.037305
-140	1.8	0.037545
-140	1.9	0.037838
-140	2	0.037002
-140	2.1	0.03504
-140	2.2	0.032551
-140	2.3	0.029606
-140	2.4	0.02701
-140	2.5	0.022933
-140	2.6	0.020338
-140	2.7	0.017269
-140	2.8	0.015633
-140	2.9	0.014734
-140	3	0.013897
-140	3.1	0.012674
-140	3.2	0.0119
-140	3.3	0.011618
-140	3.4	0.01094
-140	3.5	0.010078
-140	3.6	0.009608
-140	3.7	0.0096214
-140	3.8	0.0097466
-140	3.9	0.0098258
-140	4	0.0094194
-130	-4	0.012249
-130	-3.9	0.013583
-130	-3.8	0.01392
-130	-3.7	0.01206
-130	-3.6	0.010326
-130	-3.5	0.007933
-130	-3.4	0.007568
-130	-3.3	0.0087005
-130	-3.2	0.010432
-130	-3.1	0.010659
-130	-3	0.00967
-130	-2.9	0.010278
-130	-2.8	0.014601
-130	-2.7	0.019796
-130	-2.6	0.027188
-130	-2.5	0.0314
-130	-2.4	0.034188
-130	-2.3	0.034108
-130	-2.2	0.032318
-130	-2.1	0.030773
-130	-2	0.031212
-130	-1.9	0.032531
-130	-1.8	0.035428
-130	-1.7	0.037319
-130	-1.6	0.036802
-130	-1.5	0.033533
-130	-1.4	0.029244
-130	-1.3	0.028341
-130	-1.2	0.030704
-130	-1.1	0.038428
-130	-1	0.04475
-130	-0.9	0.049966
-130	-0.8	0.052106
-130	-0.7	0.05115
-130	-0.6	0.047816
-130	-0.5	0.042648
-130	-0.4	0.033818
-130	-0.3	0.028709
-130	-0.2	0.025036
-130	-0.1	0.023228
-130	0	0.022488
-130	0.1	0.023258
-130	0.2	0.025915
-130	0.3	0.029544
-130	0.4	0.035923
-130	0.5	0.038872
-130	0.6	0.043147
-130	0.7	0.04527
-130	0.8	0.044576
-130	0.9	0.041536
-130	1	0.039346
-130	1.1	0.036902
-130	1.2	0.03396
-130	1.3	0.032323
-130	1.4	0.032844
-130	1.5	0.033661
-130	1.6	0.034968
-130	1.7	0.035353
-130	1.8	0.035527
-130	1.9	0.03446
-130	2	0.033217
-130	2.1	0.030523
-130	2.2	0.027913
-130	2.3	0.025428
-130	2.4	0.022379
-130	2.5	0.019554
-130	2.6	0.016442
-130	2.7	0.014985
-130	2.8	0.012591
-130	2.9	0.011807
-130	3	0.011065
-130	3.1	0.010376
-130	3.2	0.010037
-130	3.3	0.010629
-130	3.4	0.010199
-130	3.5	0.0099711
-130	3.6	0.0094091
-130	3.7	0.0099906
-130	3.8	0.010348
-130	3.9	0.01052
-130	4	0.010358
-120	-4	0.01086
-120	-3.9	0.011187
-120	-3.8	0.010548
-120	-3.7	0.0091425
-120	-3.6	0.0089243
-120	-3.5	0.0086165
-120	-3.4	0.0092322
-120	-3.3	0.009839
-120	-3.2	0.0083961
-120	-3.1	0.0073272
-120	-3	0.0083634
-120	-2.9	0.010872
-120	-2.8	0.01625
-120	-2.7	0.021339
-120	-2.6	0.027377
-120	-2.5	0.029818
-120	-2.4	0.031668
-120	-2.3	0.030851
-120	-2.2	0.029858
-120	-2.1	0.029214
-120	-2	0.030487
-120	-1.9	0.033477
-120	-1.8	0.034977
-120	-1.7	0.035399
-120	-1.6	0.033273
-120	-1.5	0.029455
-120	-1.4	0.024985
-120	-1.3	0.024828
-120	-1.2	0.031924
-120	-1.1	0.036928
-120	-1	0.046079
-120	-0.9	0.049346
-120	-0.8	0.051898
-120	-0.7	0.050855
-120	-0.6	0.0456
-120	-0.5	0.041659
-120	-0.4	0.033009
-120	-0.3	0.028153
-120	-0.2	0.024594
-120	-0.1	0.022024
-120	0	0.021755
-120	0.1	0.022908
-120	0.2	0.025913
-120	0.3	0.031128
-120	0.4	0.034705
-120	0.5	0.040467
-120	0.6	0.042894
-120	0.7	0.044297
-120	0.8	0.043785
-120	0.9	0.039712
-120	1	0.037981
-120	1.1	0.033668
-120	1.2	0.031078
-120	1.3	0.030635
-120	1.4	0.03205
-120	1.5	0.033579
-120	1.6	0.035556
-120	1.7	0.036457
-120	1.8	0.03653
-120	1.9	0.035856
-120	2	0.032387
-120	2.1	0.030735
-120	2.2	0.026921
-120	2.3	0.02509
-120	2.4	0.022415
-120	2.5	0.019791
-120	2.6	0.017451
-120	2.7	0.015556
-120	2.8	0.01338
-120	2.9	0.011457
-120	3	0.0104
-120	3.1	0.010037
-120	3.2	0.010207
-120	3.3	0.010908
-120	3.4	0.011123
-120	3.5	0.011312
-120	3.6	0.011305
-120	3.7	0.01089
-120	3.8	0.010062
-120	3.9	0.0090144
-120	4	0.0083807
-110	-4	0.011621
-110	-3.9	0.013413
-110	-3.8	0.013538
-110	-3.7	0.012131
-110	-3.6	0.0093401
-110	-3.5	0.0073668
-110	-3.4	0.0067962
-110	-3.3	0.0084556
-110	-3.2	0.0091514
-110	-3.1	0.0096382
-110	-3	0.0087911
-110	-2.9	0.010031
-110	-2.8	0.014156
-110	-2.7	0.021017
-110	-2.6	0.027897
-110	-2.5	0.032582
-110	-2.4	0.034204
-110	-2.3	0.033383
-110	-2.2	0.031399
-110	-2.1	0.029488
-110	-2	0.030482
-110	-1.9	0.032042
-110	-1.8	0.03547
-110	-1.7	0.03651
-110	-1.6	0.034615
-110	-1.5	0.031671
-110	-1.4	0.024426
-110	-1.3	0.024687
-110	-1.2	0.030845
-110	-1.1	0.037571
-110	-1	0.046116
-110	-0.9	0.053317
-110	-0.8	0.054025
-110	-0.7	0.049945
-110	-0.6	0.043715
-110	-0.5	0.039508
-110	-0.4	0.030121
-110	-0.3	0.023422
-110	-0.2	0.019936
-110	-0.1	0.01767
-110	0	0.017368
-110	0.1	0.018964
-110	0.2	0.024085
-110	0.3	0.030467
-110	0.4	0.035973
-110	0.5	0.042545
-110	0.6	0.044689
-110	0.7	0.045923
-110	0.8	0.043879
-110	0.9	0.040609
-110	1	0.036336
-110	1.1	0.033392
-110	1.2	0.030918
-110	1.3	0.030094
-110	1.4	0.032339
-110	1.5	0.033355
-110	1.6	0.034933
-110	1.7	0.035146
-110	1.8	0.034861
-110	1.9	0.033525
-110	2	0.031645
-110	2.1	0.029379
-110	2.2	0.026882
-110	2.3	0.023984
-110	2.4	0.02208
-110	2.5	0.02003
-110	2.6	0.016511
-110	2.7	0.015309
-110	2.8	0.012893
-110	2.9	0.011527
-110	3	0.010552
-110	3.1	0.010312
-110	3.2	0.010094
-110	3.3	0.010995
-110	3.4	0.011176
-110	3.5	0.011393
-110	3.6	0.011862
-110	3.7	0.012217
-110	3.8	0.011656
-110	3.9	0.010538
-110	4	0.010219
-100	-4	0.011572
-100	-3.9	0.011239
-100	-3.8	0.0096499
-100	-3.7	0.0083363
-100	-3.6	0.0064322
-100	-3.5	0.0059736
-100	-3.4	0.0073668
-100	-3.3	0.0076128
-100	-3.2	0.0075872
-100	-3.1	0.00682
-100	-3	0.0086968
-100	-2.9	0.01039
-100	-2.8	0.01549
-100	-2.7	0.020357
-100	-2.6	0.026165
-100	-2.5	0.028666
-100	-2.4	0.02945
-100	-2.3	0.029287
-100	-2.2	0.028907
-100	-2.1	0.028995
-100	-2	0.030477
-100	-1.9	0.032542
-100	-1.8	0.033357
-100	-1.7	0.031021
-100	-1.6	0.027153
-100	-1.5	0.023945
-100	-1.4	0.021335
-100	-1.3	0.024453
-100	-1.2	0.030555
-100	-1.1	0.036488
-100	-1	0.045699
-100	-0.9	0.047642
-100	-0.8	0.047326
-100	-0.7	0.044028
-100	-0.6	0.037888
-100	-0.5	0.03209
-100	-0.4	0.024453
-100	-0.3	0.021342
-100	-0.2	0.019348
-100	-0.1	0.018181
-100	0	0.017978
-100	0.1	0.019234
-100	0.2	0.024545
-100	0.3	0.028706
-100	0.4	0.032176
-100	0.5	0.036432
-100	0.6	0.039682
-100	0.7	0.040167
-100	0.8	0.038754
-100	0.9	0.035368
-100	1	0.033478
-100	1.1	0.031331
-100	1.2	0.028785
-100	1.3	0.028925
-100	1.4	0.030568
-100	1.5	0.034106
-100	1.6	0.036004
-100	1.7	0.037074
-100	1.8	0.037351
-100	1.9	0.036667
-100	2	0.034934
-100	2.1	0.031004
-100	2.2	0.028561
-100	2.3	0.025251
-100	2.4	0.02211
-100	2.5	0.019483
-100	2.6	0.017911
-100	2.7	0.015587
-100	2.8	0.014442
-100	2.9	0.012662
-100	3	0.012094
-100	3.1	0.011129
-100	3.2	0.0116
-100	3.3	0.01253
-100	3.4	0.012575
-100	3.5	0.012388
-100	3.6	0.011522
-100	3.7	0.011522
-100	3.8	0.011187
-100	3.9	0.010554
-100	4	0.010098
-90	-4	0.01323
-90	-3.9	0.013805
-90	-3.8	0.012727
-90	-3.7	0.0088716
-90	-3.6	0.0070986
-90	-3.5	0.0055092
-90	-3.4	0.0064447
-90	-3.3	0.0082388
-90	-3.2	0.0083363
-90	-3.1	0.0077245
-90	-3	0.0079938
-90	-2.9	0.010924
-90	-2.8	0.017307
-90	-2.7	0.022279
-90	-2.6	0.027829
-90	-2.5	0.030446
-90	-2.4	0.030545
-90	-2.3	0.029028
-90	-2.2	0.02681
-90	-2.1	0.025233
-90	-2	0.02514
-90	-1.9	0.027116
-90	-1.8	0.028254
-90	-1.7	0.027945
-90	-1.6	0.024996
-90	-1.5	0.022542
-90	-1.4	0.018895
-90	-1.3	0.020825
-90	-1.2	0.026155
-90	-1.1	0.03288
-90	-1	0.039509
-90	-0.9	0.044926
-90	-0.8	0.044945
-90	-0.7	0.041719
-90	-0.6	0.036513
-90	-0.5	0.029262
-90	-0.4	0.021377
-90	-0.3	0.018631
-90	-0.2	0.013934
-90	-0.1	0.012505
-90	0	0.012584
-90	0.1	0.014277
-90	0.2	0.018542
-90	0.3	0.023969
-90	0.4	0.030631
-90	0.5	0.03484
-90	0.6	0.039347
-90	0.7	0.040616
-90	0.8	0.038208
-90	0.9	0.036694
-90	1	0.033864
-90	1.1	0.031475
-90	1.2	0.030284
-90	1.3	0.031653
-90	1.4	0.033007
-90	1.5	0.036646
-90	1.6	0.037296
-90	1.7	0.036741
-90	1.8	0.035621
-90	1.9	0.0346
-90	2	0.032652
-90	2.1	0.030278
-90	2.2	0.027955
-90	2.3	0.0257
-90	2.4	0.02302
-90	2.5	0.019282
-90	2.6	0.016072
-90	2.7	0.013819
-90	2.8	0.013813
-90	2.9	0.014393
-90	3	0.013947
-90	3.1	0.013502
-90	3.2	0.012568
-90	3.3	0.01173
-90	3.4	0.010817
-90	3.5	0.010695
-90	3.6	0.01124
-90	3.7	0.012341
-90	3.8	0.013081
-90	3.9	0.011822
-90	4	0.010417
-80	-4	0.0099922
-80	-3.9	0.0094929
-80	-3.8	0.008016
-80	-3.7	0.0077077
-80	-3.6	0.0056539
-80	-3.5	0.0055704
-80	-3.4	0.0055878
-80	-3.3	0.0065368
-80	-3.2	0.0069908
-80	-3.1	0.0071032
-80	-3	0.0080462
-80	-2.9	0.010172
-80	-2.8	0.014812
-80	-2.7	0.019967
-80	-2.6	0.025853
-80	-2.5	0.027182
-80	-2.4	0.027126
-80	-2.3	0.026071
-80	-2.2	0.024177
-80	-2.1	0.023266
-80	-2	0.02342
-80	-1.9	0.024238
-80	-1.8	0.024152
-80	-1.7	0.022364
-80	-1.6	0.020275
-80	-1.5	0.017288
-80	-1.4	0.01809
-80	-1.3	0.021129
-80	-1.2	0.025574
-80	-1.1	0.03178
-80	-1	0.037108
-80	-0.9	0.040051
-80	-0.8	0.039342
-80	-0.7	0.036836
-80	-0.6	0.030345
-80	-0.5	0.023429
-80	-0.4	0.018088
-80	-0.3	0.01512
-80	-0.2	0.011461
-80	-0.1	0.010015
-80	0	0.0094639
-80	0.1	0.011023
-80	0.2	0.015729
-80	0.3	0.022797
-80	0.4	0.028047
-80	0.5	0.032995
-80	0.6	0.037949
-80	0.7	0.039879
-80	0.8	0.039089
-80	0.9	0.036315
-80	1	0.03426
-80	1.1	0.032156
-80	1.2	0.030056
-80	1.3	0.030697
-80	1.4	0.032659
-80	1.5	0.034986
-80	1.6	0.036685
-80	1.7	0.037614
-80	1.8	0.037719
-80	1.9	0.036772
-80	2	0.035208
-80	2.1	0.030959
-80	2.2	0.028335
-80	2.3	0.026398
-80	2.4	0.023837
-80	2.5	0.020752
-80	2.6	0.018541
-80	2.7	0.015147
-80	2.8	0.013156
-80	2.9	0.012023
-80	3	0.011281
-80	3.1	0.010967
-80	3.2	0.011215
-80	3.3	0.011147
-80	3.4	0.010974
-80	3.5	0.010254
-80	3.6	0.0097482
-80	3.7	0.010181
-80	3.8	0.010985
-80	3.9	0.01199
-80	4	0.011859
-70	-4	0.0082993
-70	-3.9	0.0089532
-70	-3.8	0.0088039
-70	-3.7	0.0075744
-70	-3.6	0.0062486
-70	-3.5	0.0057221
-70	-3.4	0.0052292
-70	-3.3	0.0053393
-70	-3.2	0.0064045
-70	-3.1	0.0074366
-70	-3	0.0085771
-70	-2.9	0.011184
-70	-2.8	0.015156
-70	-2.7	0.017864
-70	-2.6	0.021001
-70	-2.5	0.023321
-70	-2.4	0.024405
-70	-2.3	0.024184
-70	-2.2	0.023015
-70	-2.1	0.022194
-70	-2	0.021879
-70	-1.9	0.021959
-70	-1.8	0.021332
-70	-1.7	0.020026
-70	-1.6	0.018194
-70	-1.5	0.016162
-70	-1.4	0.017102
-70	-1.3	0.019613
-70	-1.2	0.026404
-70	-1.1	0.030317
-70	-1	0.035811
-70	-0.9	0.038438
-70	-0.8	0.038191
-70	-0.7	0.033998
-70	-0.6	0.028054
-70	-0.5	0.02102
-70	-0.4	0.015309
-70	-0.3	0.0098538
-70	-0.2	0.007851
-70	-0.1	0.0075872
-70	0	0.0077098
-70	0.1	0.0097266
-70	0.2	0.014078
-70	0.3	0.021893
-70	0.4	0.027141
-70	0.5	0.035231
-70	0.6	0.040189
-70	0.7	0.042982
-70	0.8	0.043003
-70	0.9	0.040773
-70	1	0.036323
-70	1.1	0.032696
-70	1.2	0.030864
-70	1.3	0.030981
-70	1.4	0.03257
-70	1.5	0.035705
-70	1.6	0.037048
-70	1.7	0.037723
-70	1.8	0.037392
-70	1.9	0.035489
-70	2	0.033834
-70	2.1	0.030872
-70	2.2	0.028242
-70	2.3	0.025744
-70	2.4	0.023225
-70	2.5	0.019625
-70	2.6	0.017422
-70	2.7	0.015181
-70	2.8	0.012609
-70	2.9	0.011439
-70	3	0.011213
-70	3.1	0.011011
-70	3.2	0.011298
-70	3.3	0.011012
-70	3.4	0.010844
-70	3.5	0.010923
-70	3.6	0.0097664
-70	3.7	0.0098127
-70	3.8	0.0098094
-70	3.9	0.0095048
-70	4	0.0097117
-60	-4	0.0070277
-60	-3.9	0.0070621
-60	-3.8	0.006118
-60	-3.7	0.0052137
-60	-3.6	0.0047362
-60	-3.5	0.0052106
-60	-3.4	0.0059709
-60	-3.3	0.0065442
-60	-3.2	0.0071508
-60	-3.1	0.0081142
-60	-3	0.009839
-60	-2.9	0.014171
-60	-2.8	0.017551
-60	-2.7	0.020084
-60	-2.6	0.022425
-60	-2.5	0.023662
-60	-2.4	0.02317
-60	-2.3	0.022026
-60	-2.2	0.019495
-60	-2.1	0.017939
-60	-2	0.017659
-60	-1.9	0.018438
-60	-1.8	0.019387
-60	-1.7	0.019133
-60	-1.6	0.017318
-60	-1.5	0.015341
-60	-1.4	0.01553
-60	-1.3	0.019408
-60	-1.2	0.024474
-60	-1.1	0.030575
-60	-1	0.034272
-60	-0.9	0.037444
-60	-0.8	0.036573
-60	-0.7	0.033635
-60	-0.6	0.027817
-60	-0.5	0.021391
-60	-0.4	0.016136
-60	-0.3	0.0097
-60	-0.2	0.0078552
-60	-0.1	0.0083981
-60	0	0.0086165
-60	0.1	0.0099598
-60	0.2	0.014821
-60	0.3	0.020252
-60	0.4	0.028982
-60	0.5	0.037996
-60	0.6	0.041953
-60	0.7	0.044461
-60	0.8	0.045275
-60	0.9	0.04324
-60	1	0.039465
-60	1.1	0.034475
-60	1.2	0.032188
-60	1.3	0.031305
-60	1.4	0.032217
-60	1.5	0.034466
-60	1.6	0.036833
-60	1.7	0.03812
-60	1.8	0.03874
-60	1.9	0.038088
-60	2	0.036323
-60	2.1	0.034202
-60	2.2	0.031143
-60	2.3	0.02803
-60	2.4	0.025002
-60	2.5	0.021671
-60	2.6	0.018776
-60	2.7	0.016957
-60	2.8	0.014755
-60	2.9	0.012553
-60	3	0.012273
-60	3.1	0.011351
-60	3.2	0.011637
-60	3.3	0.011669
-60	3.4	0.011723
-60	3.5	0.012124
-60	3.6	0.012299
-60	3.7	0.011747
-60	3.8	0.011579
-60	3.9	0.010942
-60	4	0.010503
-50	-4	0.0082053
-50	-3.9	0.0082407
-50	-3.8	0.0070644
-50	-3.7	0.0058699
-50	-3.6	0.0051009
-50	-3.5	0.0054294
-50	-3.4	0.0065959
-50	-3.3	0.0067676
-50	-3.2	0.0066569
-50	-3.1	0.0067605
-50	-3	0.0080663
-50	-2.9	0.012024
-50	-2.8	0.015876
-50	-2.7	0.0208
-50	-2.6	0.023712
-50	-2.5	0.02504
-50	-2.4	0.024202
-50	-2.3	0.019715
-50	-2.2	0.016309
-50	-2.1	0.015064
-50	-2	0.017315
-50	-1.9	0.020585
-50	-1.8	0.023173
-50	-1.7	0.022766
-50	-1.6	0.019404
-50	-1.5	0.015854
-50	-1.4	0.015942
-50	-1.3	0.02136
-50	-1.2	0.028514
-50	-1.1	0.031306
-50	-1	0.037418
-50	-0.9	0.039058
-50	-0.8	0.038185
-50	-0.7	0.033661
-50	-0.6	0.027858
-50	-0.5	0.021452
-50	-0.4	0.015387
-50	-0.3	0.010227
-50	-0.2	0.008154
-50	-0.1	0.0099143
-50	0	0.011934
-50	0.1	0.014188
-50	0.2	0.017994
-50	0.3	0.025637
-50	0.4	0.032794
-50	0.5	0.037423
-50	0.6	0.044107
-50	0.7	0.046974
-50	0.8	0.046962
-50	0.9	0.043439
-50	1	0.040457
-50	1.1	0.037036
-50	1.2	0.032413
-50	1.3	0.030665
-50	1.4	0.031227
-50	1.5	0.033854
-50	1.6	0.037604
-50	1.7	0.039913
-50	1.8	0.040523
-50	1.9	0.0393
-50	2	0.03698
-50	2.1	0.034116
-50	2.2	0.031667
-50	2.3	0.028379
-50	2.4	0.025925
-50	2.5	0.023535
-50	2.6	0.020571
-50	2.7	0.018232
-50	2.8	0.016432
-50	2.9	0.01399
-50	3	0.013421
-50	3.1	0.012869
-50	3.2	0.013074
-50	3.3	0.01352
-50	3.4	0.013519
-50	3.5	0.013564
-50	3.6	0.013365
-50	3.7	0.012762
-50	3.8	0.012753
-50	3.9	0.012068
-50	4	0.011723
-40	-4	0.0089838
-40	-3.9	0.008526
-40	-3.8	0.0072473
-40	-3.7	0.0062873
-40	-3.6	0.0054323
-40	-3.5	0.0067581
-40	-3.4	0.0090251
-40	-3.3	0.0094245
-40	-3.2	0.0085525
-40	-3.1	0.0075059
-40	-3	0.0075552
-40	-2.9	0.011679
-40	-2.8	0.016153
-40	-2.7	0.02083
-40	-2.6	0.023833
-40	-2.5	0.025503
-40	-2.4	0.024503
-40	-2.3	0.021764
-40	-2.2	0.018742
-40	-2.1	0.016607
-40	-2	0.017205
-40	-1.9	0.019642
-40	-1.8	0.021993
-40	-1.7	0.023081
-40	-1.6	0.021417
-40	-1.5	0.019929
-40	-1.4	0.019566
-40	-1.3	0.021169
-40	-1.2	0.026222
-40	-1.1	0.033806
-40	-1	0.038394
-40	-0.9	0.041487
-40	-0.8	0.040336
-40	-0.7	0.035743
-40	-0.6	0.02908
-40	-0.5	0.020612
-40	-0.4	0.014366
-40	-0.3	0.0086558
-40	-0.2	0.0080943
-40	-0.1	0.0099922
-40	0	0.012196
-40	0.1	0.016831
-40	0.2	0.018999
-40	0.3	0.027565
-40	0.4	0.03539
-40	0.5	0.041688
-40	0.6	0.046176
-40	0.7	0.04894
-40	0.8	0.04923
-40	0.9	0.046631
-40	1	0.042885
-40	1.1	0.03745
-40	1.2	0.03516
-40	1.3	0.03335
-40	1.4	0.033908
-40	1.5	0.035808
-40	1.6	0.037607
-40	1.7	0.038655
-40	1.8	0.038135
-40	1.9	0.036703
-40	2	0.035562
-40	2.1	0.032669
-40	2.2	0.029832
-40	2.3	0.028278
-40	2.4	0.02699
-40	2.5	0.024867
-40	2.6	0.021471
-40	2.7	0.019606
-40	2.8	0.017573
-40	2.9	0.015726
-40	3	0.013565
-40	3.1	0.012442
-40	3.2	0.011804
-40	3.3	0.011886
-40	3.4	0.011506
-40	3.5	0.011487
-40	3.6	0.011617
-40	3.7	0.011482
-40	3.8	0.011676
-40	3.9	0.011186
-40	4	0.010445
-30	-4	0.0076085
-30	-3.9	0.0076614
-30	-3.8	0.0066932
-30	-3.7	0.0057923
-30	-3.6	0.005257
-30	-3.5	0.0058229
-30	-3.4	0.0073161
-30	-3.3	0.0076762
-30	-3.2	0.0077307
-30	-3.1	0.0074388
-30	-3	0.0089061
-30	-2.9	0.010337
-30	-2.8	0.014643
-30	-2.7	0.018352
-30	-2.6	0.021202
-30	-2.5	0.022822
-30	-2.4	0.022459
-30	-2.3	0.02202
-30	-2.2	0.020717
-30	-2.1	0.020682
-30	-2	0.021277
-30	-1.9	0.022653
-30	-1.8	0.023692
-30	-1.7	0.024264
-30	-1.6	0.023689
-30	-1.5	0.024396
-30	-1.4	0.027904
-30	-1.3	0.031221
-30	-1.2	0.035896
-30	-1.1	0.040854
-30	-1	0.042748
-30	-0.9	0.04289
-30	-0.8	0.041193
-30	-0.7	0.035394
-30	-0.6	0.029278
-30	-0.5	0.024059
-30	-0.4	0.014311
-30	-0.3	0.010778
-30	-0.2	0.0084038
-30	-0.1	0.0088497
-30	0	0.010943
-30	0.1	0.016065
-30	0.2	0.020672
-30	0.3	0.027449
-30	0.4	0.035412
-30	0.5	0.041622
-30	0.6	0.04559
-30	0.7	0.049581
-30	0.8	0.050471
-30	0.9	0.04888
-30	1	0.046928
-30	1.1	0.043706
-30	1.2	0.040904
-30	1.3	0.038354
-30	1.4	0.037407
-30	1.5	0.038449
-30	1.6	0.040406
-30	1.7	0.041549
-30	1.8	0.042667
-30	1.9	0.042523
-30	2	0.04114
-30	2.1	0.039498
-30	2.2	0.0347
-30	2.3	0.031911
-30	2.4	0.028371
-30	2.5	0.024872
-30	2.6	0.021478
-30	2.7	0.019405
-30	2.8	0.016761
-30	2.9	0.015501
-30	3	0.014703
-30	3.1	0.014161
-30	3.2	0.013567
-30	3.3	0.013462
-30	3.4	0.012933
-30	3.5	0.012037
-30	3.6	0.011223
-30	3.7	0.010987
-30	3.8	0.01234
-30	3.9	0.013001
-30	4	0.012874
-20	-4	0.0081935
-20	-3.9	0.0089297
-20	-3.8	0.0086875
-20	-3.7	0.0073996
-20	-3.6	0.0055209
-20	-3.5	0.0061653
-20	-3.4	0.0076972
-20	-3.3	0.010452
-20	-3.2	0.010958
-20	-3.1	0.0101
-20	-3	0.0082407
-20	-2.9	0.0081955
-20	-2.8	0.012912
-20	-2.7	0.019048
-20	-2.6	0.023874
-20	-2.5	0.026058
-20	-2.4	0.02754
-20	-2.3	0.026022
-20	-2.2	0.023026
-20	-2.1	0.019858
-20	-2	0.018229
-20	-1.9	0.020651
-20	-1.8	0.026029
-20	-1.7	0.027633
-20	-1.6	0.029772
-20	-1.5	0.029576
-20	-1.4	0.02992
-20	-1.3	0.031274
-20	-1.2	0.035846
-20	-1.1	0.040213
-20	-1	0.044797
-20	-0.9	0.047147
-20	-0.8	0.046537
-20	-0.7	0.040675
-20	-0.6	0.03344
-20	-0.5	0.02467
-20	-0.4	0.0177
-20	-0.3	0.012949
-20	-0.2	0.0085108
-20	-0.1	0.0095928
-20	0	0.012599
-20	0.1	0.017192
-20	0.2	0.023706
-20	0.3	0.029039
-20	0.4	0.034491
-20	0.5	0.041148
-20	0.6	0.047819
-20	0.7	0.053546
-20	0.8	0.055031
-20	0.9	0.053712
-20	1	0.049486
-20	1.1	0.047102
-20	1.2	0.042303
-20	1.3	0.038172
-20	1.4	0.036935
-20	1.5	0.037026
-20	1.6	0.038355
-20	1.7	0.039209
-20	1.8	0.038763
-20	1.9	0.038405
-20	2	0.036851
-20	2.1	0.03454
-20	2.2	0.030631
-20	2.3	0.028447
-20	2.4	0.026094
-20	2.5	0.024539
-20	2.6	0.023128
-20	2.7	0.018965
-20	2.8	0.017424
-20	2.9	0.015538
-20	3	0.014808
-20	3.1	0.01445
-20	3.2	0.014065
-20	3.3	0.013818
-20	3.4	0.013263
-20	3.5	0.011474
-20	3.6	0.010127
-20	3.7	0.009783
-20	3.8	0.010584
-20	3.9	0.011562
-20	4	0.011385
-10	-4	0.0094434
-10	-3.9	0.0093263
-10	-3.8	0.0075808
-10	-3.7	0.0065096
-10	-3.6	0.0045977
-10	-3.5	0.0067317
-10	-3.4	0.0085203
-10	-3.3	0.010243
-10	-3.2	0.010095
-10	-3.1	0.0094263
-10	-3	0.0088076
-10	-2.9	0.010445
-10	-2.8	0.014431
-10	-2.7	0.02054
-10	-2.6	0.023992
-10	-2.5	0.02666
-10	-2.4	0.026369
-10	-2.3	0.024413
-10	-2.2	0.021391
-10	-2.1	0.019685
-10	-2	0.021411
-10	-1.9	0.025634
-10	-1.8	0.030181
-10	-1.7	0.032207
-10	-1.6	0.031432
-10	-1.5	0.030081
-10	-1.4	0.030781
-10	-1.3	0.034158
-10	-1.2	0.041743
-10	-1.1	0.048815
-10	-1	0.05329
-10	-0.9	0.053394
-10	-0.8	0.050321
-10	-0.7	0.04505
-10	-0.6	0.036277
-10	-0.5	0.026348
-10	-0.4	0.019236
-10	-0.3	0.013938
-10	-0.2	0.010448
-10	-0.1	0.011457
-10	0	0.013154
-10	0.1	0.015405
-10	0.2	0.020301
-10	0.3	0.025842
-10	0.4	0.037882
-10	0.5	0.04468
-10	0.6	0.051889
-10	0.7	0.056052
-10	0.8	0.057327
-10	0.9	0.054683
-10	1	0.051164
-10	1.1	0.046593
-10	1.2	0.041219
-10	1.3	0.038159
-10	1.4	0.036709
-10	1.5	0.037573
-10	1.6	0.039584
-10	1.7	0.041943
-10	1.8	0.042345
-10	1.9	0.041585
-10	2	0.04085
-10	2.1	0.038017
-10	2.2	0.035639
-10	2.3	0.03342
-10	2.4	0.031302
-10	2.5	0.028932
-10	2.6	0.026741
-10	2.7	0.022548
-10	2.8	0.020365
-10	2.9	0.017748
-10	3	0.016571
-10	3.1	0.015892
-10	3.2	0.01583
-10	3.3	0.015739
-10	3.4	0.015602
-10	3.5	0.014757
-10	3.6	0.013441
-10	3.7	0.013034
-10	3.8	0.012785
-10	3.9	0.012692
-10	4	0.012558
0	-4	0.0070208
0	-3.9	0.0074062
0	-3.8	0.0076488
0	-3.7	0.0063792
0	-3.6	0.0060328
0	-3.5	0.0069281
0	-3.4	0.0085222
0	-3.3	0.0094417
0	-3.2	0.010839
0	-3.1	0.01145
0	-3	0.011173
0	-2.9	0.011976
0	-2.8	0.014558
0	-2.7	0.017627
0	-2.6	0.021455
0	-2.5	0.024441
0	-2.4	0.026092
0	-2.3	0.025703
0	-2.2	0.023838
0	-2.1	0.022184
0	-2	0.022725
0	-1.9	0.026299
0	-1.8	0.029438
0	-1.7	0.032593
0	-1.6	0.033087
0	-1.5	0.032942
0	-1.4	0.034269
0	-1.3	0.037114
0	-1.2	0.043111
0	-1.1	0.046257
0	-1	0.05079
0	-0.9	0.051948
0	-0.8	0.050329
0	-0.7	0.047785
0	-0.6	0.040058
0	-0.5	0.033156
0	-0.4	0.025537
0	-0.3	0.015524
0	-0.2	0.012455
0	-0.1	0.011163
0	0	0.012527
0	0.1	0.016026
0	0.2	0.01957
0	0.3	0.028745
0	0.4	0.035915
0	0.5	0.045247
0	0.6	0.050153
0	0.7	0.054848
0	0.8	0.056514
0	0.9	0.055668
0	1	0.051372
0	1.1	0.045886
0	1.2	0.042484
0	1.3	0.039845
0	1.4	0.039024
0	1.5	0.039396
0	1.6	0.039931
0	1.7	0.040283
0	1.8	0.039384
0	1.9	0.03814
0	2	0.037027
0	2.1	0.03549
0	2.2	0.033609
0	2.3	0.032277
0	2.4	0.028286
0	2.5	0.026485
0	2.6	0.024456
0	2.7	0.021364
0	2.8	0.018677
0	2.9	0.016558
0	3	0.015449
0	3.1	0.014411
0	3.2	0.013418
0	3.3	0.013038
0	3.4	0.013015
0	3.5	0.012425
0	3.6	0.01241
0	3.7	0.011864
0	3.8	0.011494
0	3.9	0.010535
0	4	0.010122
10	-4	0.0082779
10	-3.9	0.0094211
10	-3.8	0.0085487
10	-3.7	0.0070827
10	-3.6	0.0068578
10	-3.5	0.0091301
10	-3.4	0.010983
10	-3.3	0.012094
10	-3.2	0.012727
10	-3.1	0.012046
10	-3	0.011187
10	-2.9	0.012833
10	-2.8	0.016094
10	-2.7	0.019221
10	-2.6	0.023086
10	-2.5	0.027104
10	-2.4	0.027601
10	-2.3	0.027048
10	-2.2	0.024056
10	-2.1	0.022113
10	-2	0.023166
10	-1.9	0.026417
10	-1.8	0.03067
10	-1.7	0.033431
10	-1.6	0.03429
10	-1.5	0.033195
10	-1.4	0.033612
10	-1.3	0.035864
10	-1.2	0.04069
10	-1.1	0.046644
10	-1	0.051757
10	-0.9	0.055057
10	-0.8	0.053768
10	-0.7	0.04828
10	-0.6	0.04275
10	-0.5	0.032975
10	-0.4	0.025835
10	-0.3	0.018964
10	-0.2	0.014958
10	-0.1	0.014235
10	0	0.015868
10	0.1	0.018365
10	0.2	0.023104
10	0.3	0.030138
10	0.4	0.038494
10	0.5	0.045816
10	0.6	0.052549
10	0.7	0.055887
10	0.8	0.058109
10	0.9	0.056166
10	1	0.053028
10	1.1	0.049439
10	1.2	0.04415
10	1.3	0.040958
10	1.4	0.039798
10	1.5	0.039904
10	1.6	0.041107
10	1.7	0.041245
10	1.8	0.040823
10	1.9	0.040051
10	2	0.039183
10	2.1	0.038365
10	2.2	0.036856
10	2.3	0.035148
10	2.4	0.033241
10	2.5	0.03043
10	2.6	0.026627
10	2.7	0.02381
10	2.8	0.021075
10	2.9	0.018582
10	3	0.017823
10	3.1	0.016421
10	3.2	0.015341
10	3.3	0.014422
10	3.4	0.013974
10	3.5	0.01379
10	3.6	0.012984
10	3.7	0.012694
10	3.8	0.012617
10	3.9	0.012167
10	4	0.0118
20	-4	0.0094091
20	-3.9	0.010795
20	-3.8	0.010598
20	-3.7	0.008639
20	-3.6	0.0067676
20	-3.5	0.0060248
20	-3.4	0.0079146
20	-3.3	0.012104
20	-3.2	0.013911
20	-3.1	0.015318
20	-3	0.014325
20	-2.9	0.012499
20	-2.8	0.0126
20	-2.7	0.015115
20	-2.6	0.021357
20	-2.5	0.026726
20	-2.4	0.0281
20	-2.3	0.028348
20	-2.2	0.026398
20	-2.1	0.022974
20	-2	0.020615
20	-1.9	0.023448
20	-1.8	0.026472
20	-1.7	0.03356
20	-1.6	0.035589
20	-1.5	0.035411
20	-1.4	0.033982
20	-1.3	0.034337
20	-1.2	0.037615
20	-1.1	0.045438
20	-1	0.050132
20	-0.9	0.05264
20	-0.8	0.052395
20	-0.7	0.048438
20	-0.6	0.042046
20	-0.5	0.032906
20	-0.4	0.025533
20	-0.3	0.019138
20	-0.2	0.01552
20	-0.1	0.013303
20	0	0.014226
20	0.1	0.016305
20	0.2	0.020167
20	0.3	0.025698
20	0.4	0.037973
20	0.5	0.041519
20	0.6	0.049151
20	0.7	0.054101
20	0.8	0.055433
20	0.9	0.054288
20	1	0.050219
20	1.1	0.047213
20	1.2	0.043927
20	1.3	0.040964
20	1.4	0.040036
20	1.5	0.039298
20	1.6	0.03953
20	1.7	0.039349
20	1.8	0.038913
20	1.9	0.037625
20	2	0.03646
20	2.1	0.035318
20	2.2	0.033754
20	2.3	0.032062
20	2.4	0.028966
20	2.5	0.02761
20	2.6	0.025038
20	2.7	0.022477
20	2.8	0.019742
20	2.9	0.018099
20	3	0.017545
20	3.1	0.015401
20	3.2	0.013522
20	3.3	0.012927
20	3.4	0.012714
20	3.5	0.012973
20	3.6	0.012221
20	3.7	0.011823
20	3.8	0.011292
20	3.9	0.011614
20	4	0.011902
30	-4	0.0088552
30	-3.9	0.0094929
30	-3.8	0.0086745
30	-3.7	0.0075766
30	-3.6	0.0063181
30	-3.5	0.0066617
30	-3.4	0.0081955
30	-3.3	0.011427
30	-3.2	0.012576
30	-3.1	0.01427
30	-3	0.01441
30	-2.9	0.014501
30	-2.8	0.014932
30	-2.7	0.017375
30	-2.6	0.020608
30	-2.5	0.024743
30	-2.4	0.026472
30	-2.3	0.02665
30	-2.2	0.026178
30	-2.1	0.025652
30	-2	0.025591
30	-1.9	0.026816
30	-1.8	0.028846
30	-1.7	0.031136
30	-1.6	0.032429
30	-1.5	0.033578
30	-1.4	0.03462
30	-1.3	0.035631
30	-1.2	0.038809
30	-1.1	0.044613
30	-1	0.049915
30	-0.9	0.052556
30	-0.8	0.051859
30	-0.7	0.048197
30	-0.6	0.039775
30	-0.5	0.035856
30	-0.4	0.02805
30	-0.3	0.021019
30	-0.2	0.016632
30	-0.1	0.015259
30	0	0.015272
30	0.1	0.016984
30	0.2	0.019924
30	0.3	0.029315
30	0.4	0.036521
30	0.5	0.045167
30	0.6	0.049495
30	0.7	0.054967
30	0.8	0.058187
30	0.9	0.058348
30	1	0.056357
30	1.1	0.052626
30	1.2	0.048881
30	1.3	0.044953
30	1.4	0.043979
30	1.5	0.042904
30	1.6	0.042262
30	1.7	0.04195
30	1.8	0.041676
30	1.9	0.0412
30	2	0.040004
30	2.1	0.03917
30	2.2	0.037919
30	2.3	0.035039
30	2.4	0.032063
30	2.5	0.028178
30	2.6	0.025194
30	2.7	0.022312
30	2.8	0.020337
30	2.9	0.018626
30	3	0.018477
30	3.1	0.017234
30	3.2	0.015464
30	3.3	0.01451
30	3.4	0.013288
30	3.5	0.012585
30	3.6	0.012517
30	3.7	0.012451
30	3.8	0.012123
30	3.9	0.012059
30	4	0.011589
40	-4	0.0065195
40	-3.9	0.0083827
40	-3.8	0.0095523
40	-3.7	0.0095116
40	-3.6	0.0087283
40	-3.5	0.0061941
40	-3.4	0.006369
40	-3.3	0.0080623
40	-3.2	0.012668
40	-3.1	0.014936
40	-3	0.017031
40	-2.9	0.016585
40	-2.8	0.015539
40	-2.7	0.014983
40	-2.6	0.016774
40	-2.5	0.020085
40	-2.4	0.023934
40	-2.3	0.026072
40	-2.2	0.026294
40	-2.1	0.024689
40	-2	0.022657
40	-1.9	0.021954
40	-1.8	0.025201
40	-1.7	0.029421
40	-1.6	0.03212
40	-1.5	0.034238
40	-1.4	0.034582
40	-1.3	0.034796
40	-1.2	0.036513
40	-1.1	0.04056
40	-1	0.045855
40	-0.9	0.047996
40	-0.8	0.050358
40	-0.7	0.048114
40	-0.6	0.04524
40	-0.5	0.036773
40	-0.4	0.02942
40	-0.3	0.023739
40	-0.2	0.017332
40	-0.1	0.013693
40	0	0.014599
40	0.1	0.016175
40	0.2	0.019049
40	0.3	0.025224
40	0.4	0.035407
40	0.5	0.044584
40	0.6	0.051359
40	0.7	0.05659
40	0.8	0.058304
40	0.9	0.058434
40	1	0.056734
40	1.1	0.049046
40	1.2	0.046318
40	1.3	0.040039
40	1.4	0.038297
40	1.5	0.037342
40	1.6	0.03723
40	1.7	0.037424
40	1.8	0.038245
40	1.9	0.038466
40	2	0.037291
40	2.1	0.036048
40	2.2	0.03493
40	2.3	0.032463
40	2.4	0.029963
40	2.5	0.027202
40	2.6	0.023952
40	2.7	0.021383
40	2.8	0.019103
40	2.9	0.018391
40	3	0.017735
40	3.1	0.017241
40	3.2	0.017034
40	3.3	0.016556
40	3.4	0.015818
40	3.5	0.015338
40	3.6	0.015076
40	3.7	0.015039
40	3.8	0.015184
40	3.9	0.014437
40	4	0.014121
50	-4	0.0058118
50	-3.9	0.0071869
50	-3.8	0.0090448
50	-3.7	0.00973
50	-3.6	0.009469
50	-3.5	0.007888
50	-3.4	0.0076972
50	-3.3	0.0098324
50	-3.2	0.011985
50	-3.1	0.015503
50	-3	0.016288
50	-2.9	0.016025
50	-2.8	0.015106
50	-2.7	0.014662
50	-2.6	0.01821
50	-2.5	0.021601
50	-2.4	0.024262
50	-2.3	0.027318
50	-2.2	0.027498
50	-2.1	0.024662
50	-2	0.02237
50	-1.9	0.022004
50	-1.8	0.024801
50	-1.7	0.028973
50	-1.6	0.034962
50	-1.5	0.03675
50	-1.4	0.036751
50	-1.3	0.034909
50	-1.2	0.034335
50	-1.1	0.036892
50	-1	0.04111
50	-0.9	0.045892
50	-0.8	0.05004
50	-0.7	0.050066
50	-0.6	0.04621
50	-0.5	0.042973
50	-0.4	0.033555
50	-0.3	0.026076
50	-0.2	0.019396
50	-0.1	0.016044
50	0	0.014444
50	0.1	0.01523
50	0.2	0.019455
50	0.3	0.024452
50	0.4	0.032262
50	0.5	0.040664
50	0.6	0.049614
50	0.7	0.055784
50	0.8	0.060143
50	0.9	0.061197
50	1	0.05998
50	1.1	0.056442
50	1.2	0.050985
50	1.3	0.04857
50	1.4	0.044783
50	1.5	0.041439
50	1.6	0.040907
50	1.7	0.040567
50	1.8	0.040591
50	1.9	0.040446
50	2	0.039637
50	2.1	0.037583
50	2.2	0.03559
50	2.3	0.033652
50	2.4	0.030732
50	2.5	0.028502
50	2.6	0.024973
50	2.7	0.023528
50	2.8	0.020778
50	2.9	0.018996
50	3	0.016102
50	3.1	0.014802
50	3.2	0.013921
50	3.3	0.014416
50	3.4	0.01398
50	3.5	0.013478
50	3.6	0.013444
50	3.7	0.012832
50	3.8	0.011988
50	3.9	0.011193
50	4	0.011709
60	-4	0.0062175
60	-3.9	0.0076149
60	-3.8	0.0087098
60	-3.7	0.0092567
60	-3.6	0.0092427
60	-3.5	0.0093176
60	-3.4	0.010004
60	-3.3	0.011341
60	-3.2	0.012171
60	-3.1	0.013774
60	-3	0.014658
60	-2.9	0.015199
60	-2.8	0.01558
60	-2.7	0.016732
60	-2.6	0.018825
60	-2.5	0.022612
60	-2.4	0.024768
60	-2.3	0.026326
60	-2.2	0.026752
60	-2.1	0.024881
60	-2	0.022619
60	-1.9	0.021631
60	-1.8	0.0234
60	-1.7	0.028549
60	-1.6	0.030554
60	-1.5	0.036207
60	-1.4	0.03727
60	-1.3	0.037846
60	-1.2	0.037615
60	-1.1	0.03808
60	-1	0.03917
60	-0.9	0.042058
60	-0.8	0.04515
60	-0.7	0.046947
60	-0.6	0.045819
60	-0.5	0.040297
60	-0.4	0.03552
60	-0.3	0.027222
60	-0.2	0.021231
60	-0.1	0.015397
60	0	0.015118
60	0.1	0.01683
60	0.2	0.019988
60	0.3	0.025388
60	0.4	0.031809
60	0.5	0.042
60	0.6	0.047825
60	0.7	0.053749
60	0.8	0.058647
60	0.9	0.060119
60	1	0.060292
60	1.1	0.056966
60	1.2	0.052634
60	1.3	0.049687
60	1.4	0.04726
60	1.5	0.044414
60	1.6	0.043611
60	1.7	0.043042
60	1.8	0.042477
60	1.9	0.040931
60	2	0.038501
60	2.1	0.035468
60	2.2	0.032505
60	2.3	0.03052
60	2.4	0.030202
60	2.5	0.028819
60	2.6	0.027197
60	2.7	0.02595
60	2.8	0.023224
60	2.9	0.019968
60	3	0.018457
60	3.1	0.015886
60	3.2	0.015275
60	3.3	0.015526
60	3.4	0.01533
60	3.5	0.014594
60	3.6	0.014137
60	3.7	0.01352
60	3.8	0.012152
60	3.9	0.011845
60	4	0.011342
70	-4	0.0062357
70	-3.9	0.0085996
70	-3.8	0.010358
70	-3.7	0.011024
70	-3.6	0.010029
70	-3.5	0.0083498
70	-3.4	0.0082681
70	-3.3	0.0098734
70	-3.2	0.014402
70	-3.1	0.016277
70	-3	0.017826
70	-2.9	0.017369
70	-2.8	0.015736
70	-2.7	0.014581
70	-2.6	0.016439
70	-2.5	0.020633
70	-2.4	0.023735
70	-2.3	0.026911
70	-2.2	0.026221
70	-2.1	0.023852
70	-2	0.021943
70	-1.9	0.021312
70	-1.8	0.024277
70	-1.7	0.028049
70	-1.6	0.033861
70	-1.5	0.035535
70	-1.4	0.035727
70	-1.3	0.034735
70	-1.2	0.034205
70	-1.1	0.034882
70	-1	0.039028
70	-0.9	0.042823
70	-0.8	0.046907
70	-0.7	0.048826
70	-0.6	0.048639
70	-0.5	0.042775
70	-0.4	0.037967
70	-0.3	0.028964
70	-0.2	0.022695
70	-0.1	0.016349
70	0	0.01442
70	0.1	0.014864
70	0.2	0.017369
70	0.3	0.023523
70	0.4	0.031456
70	0.5	0.039771
70	0.6	0.048149
70	0.7	0.056693
70	0.8	0.060571
70	0.9	0.061595
70	1	0.060605
70	1.1	0.057685
70	1.2	0.053199
70	1.3	0.04953
70	1.4	0.0468
70	1.5	0.045493
70	1.6	0.044815
70	1.7	0.045118
70	1.8	0.044947
70	1.9	0.044009
70	2	0.042164
70	2.1	0.039063
70	2.2	0.03583
70	2.3	0.033462
70	2.4	0.031463
70	2.5	0.029696
70	2.6	0.027488
70	2.7	0.024472
70	2.8	0.022518
70	2.9	0.020246
70	3	0.01698
70	3.1	0.016266
70	3.2	0.01603
70	3.3	0.016467
70	3.4	0.016115
70	3.5	0.015762
70	3.6	0.014479
70	3.7	0.013859
70	3.8	0.012732
70	3.9	0.011977
70	4	0.01197
80	-4	0.0060542
80	-3.9	0.0074214
80	-3.8	0.0081599
80	-3.7	0.0084956
80	-3.6	0.0078015
80	-3.5	0.0079918
80	-3.4	0.0080281
80	-3.3	0.010427
80	-3.2	0.013257
80	-3.1	0.014695
80	-3	0.016022
80	-2.9	0.015964
80	-2.8	0.015502
80	-2.7	0.015186
80	-2.6	0.017533
80	-2.5	0.020033
80	-2.4	0.024897
80	-2.3	0.027785
80	-2.2	0.027905
80	-2.1	0.026835
80	-2	0.022969
80	-1.9	0.022379
80	-1.8	0.023846
80	-1.7	0.027556
80	-1.6	0.032822
80	-1.5	0.036736
80	-1.4	0.037439
80	-1.3	0.036979
80	-1.2	0.036774
80	-1.1	0.038367
80	-1	0.042742
80	-0.9	0.047134
80	-0.8	0.049959
80	-0.7	0.050991
80	-0.6	0.048757
80	-0.5	0.043716
80	-0.4	0.034519
80	-0.3	0.029199
80	-0.2	0.022219
80	-0.1	0.017084
80	0	0.015108
80	0.1	0.016566
80	0.2	0.019957
80	0.3	0.023812
80	0.4	0.032471
80	0.5	0.042151
80	0.6	0.044993
80	0.7	0.054193
80	0.8	0.057976
80	0.9	0.06187
80	1	0.061358
80	1.1	0.059176
80	1.2	0.056972
80	1.3	0.051851
80	1.4	0.047177
80	1.5	0.044544
80	1.6	0.043044
80	1.7	0.04228
80	1.8	0.042116
80	1.9	0.041795
80	2	0.041072
80	2.1	0.040224
80	2.2	0.037857
80	2.3	0.036014
80	2.4	0.033466
80	2.5	0.031281
80	2.6	0.029639
80	2.7	0.027906
80	2.8	0.025432
80	2.9	0.024697
80	3	0.022103
80	3.1	0.021208
80	3.2	0.01992
80	3.3	0.018713
80	3.4	0.018566
80	3.5	0.018507
80	3.6	0.017656
80	3.7	0.016644
80	3.8	0.015835
80	3.9	0.015049
80	4	0.014761
90	-4	0.0060302
90	-3.9	0.0082564
90	-3.8	0.0091919
90	-3.7	0.010073
90	-3.6	0.0094108
90	-3.5	0.0075702
90	-3.4	0.0065096
90	-3.3	0.0083904
90	-3.2	0.010884
90	-3.1	0.01516
90	-3	0.016542
90	-2.9	0.016926
90	-2.8	0.015189
90	-2.7	0.013878
90	-2.6	0.014768
90	-2.5	0.017019
90	-2.4	0.020694
90	-2.3	0.024575
90	-2.2	0.025703
90	-2.1	0.025094
90	-2	0.023386
90	-1.9	0.022615
90	-1.8	0.025346
90	-1.7	0.028092
90	-1.6	0.032967
90	-1.5	0.036962
90	-1.4	0.038919
90	-1.3	0.039208
90	-1.2	0.038494
90	-1.1	0.038483
90	-1	0.041142
90	-0.9	0.044205
90	-0.8	0.04759
90	-0.7	0.048614
90	-0.6	0.048111
90	-0.5	0.0452
90	-0.4	0.039814
90	-0.3	0.032856
90	-0.2	0.022632
90	-0.1	0.019333
90	0	0.014571
90	0.1	0.01398
90	0.2	0.015348
90	0.3	0.018407
90	0.4	0.023945
90	0.5	0.034024
90	0.6	0.043645
90	0.7	0.05202
90	0.8	0.058186
90	0.9	0.061275
90	1	0.061968
90	1.1	0.059775
90	1.2	0.056528
90	1.3	0.051196
90	1.4	0.049024
90	1.5	0.045763
90	1.6	0.044123
90	1.7	0.04436
90	1.8	0.044061
90	1.9	0.043809
90	2	0.043268
90	2.1	0.042839
90	2.2	0.040913
90	2.3	0.039863
90	2.4	0.037409
90	2.5	0.03344
90	2.6	0.030654
90	2.7	0.027789
90	2.8	0.023808
90	2.9	0.021889
90	3	0.020619
90	3.1	0.019596
90	3.2	0.018468
90	3.3	0.016864
90	3.4	0.016795
90	3.5	0.015518
90	3.6	0.015119
90	3.7	0.014259
90	3.8	0.013528
90	3.9	0.014149
90	4	0.013991
100	-4	0.0049105
100	-3.9	0.0060994
100	-3.8	0.0066908
100	-3.7	0.0079289
100	-3.6	0.0079023
100	-3.5	0.0071801
100	-3.4	0.0067389
100	-3.3	0.0070438
100	-3.2	0.0080301
100	-3.1	0.011778
100	-3	0.014196
100	-2.9	0.014692
100	-2.8	0.014661
100	-2.7	0.014628
100	-2.6	0.015124
100	-2.5	0.018261
100	-2.4	0.021212
100	-2.3	0.024081
100	-2.2	0.025495
100	-2.1	0.025395
100	-2	0.024493
100	-1.9	0.024015
100	-1.8	0.024853
100	-1.7	0.029009
100	-1.6	0.031253
100	-1.5	0.037256
100	-1.4	0.04066
100	-1.3	0.042378
100	-1.2	0.042772
100	-1.1	0.042504
100	-1	0.042993
100	-0.9	0.045515
100	-0.8	0.047679
100	-0.7	0.050167
100	-0.6	0.050907
100	-0.5	0.047674
100	-0.4	0.041262
100	-0.3	0.034384
100	-0.2	0.025615
100	-0.1	0.018767
100	0	0.014821
100	0.1	0.014346
100	0.2	0.015948
100	0.3	0.020807
100	0.4	0.026421
100	0.5	0.037891
100	0.6	0.046279
100	0.7	0.052467
100	0.8	0.059874
100	0.9	0.063721
100	1	0.064831
100	1.1	0.062431
100	1.2	0.061254
100	1.3	0.057345
100	1.4	0.052451
100	1.5	0.048902
100	1.6	0.04778
100	1.7	0.047338
100	1.8	0.046792
100	1.9	0.046241
100	2	0.045721
100	2.1	0.044202
100	2.2	0.042136
100	2.3	0.039812
100	2.4	0.036548
100	2.5	0.034898
100	2.6	0.031806
100	2.7	0.02843
100	2.8	0.026489
100	2.9	0.024006
100	3	0.021632
100	3.1	0.020756
100	3.2	0.019416
100	3.3	0.018736
100	3.4	0.018056
100	3.5	0.017148
100	3.6	0.016133
100	3.7	0.015168
100	3.8	0.014386
100	3.9	0.014471
100	4	0.014263
110	-4	0.0061417
110	-3.9	0.0066956
110	-3.8	0.0068696
110	-3.7	0.0076699
110	-3.6	0.0080623
110	-3.5	0.0076276
110	-3.4	0.0077474
110	-3.3	0.0078387
110	-3.2	0.0089748
110	-3.1	0.011081
110	-3	0.012602
110	-2.9	0.015392
110	-2.8	0.016237
110	-2.7	0.016322
110	-2.6	0.015634
110	-2.5	0.015979
110	-2.4	0.018655
110	-2.3	0.020763
110	-2.2	0.022718
110	-2.1	0.025309
110	-2	0.025416
110	-1.9	0.025332
110	-1.8	0.025447
110	-1.7	0.026776
110	-1.6	0.031618
110	-1.5	0.035063
110	-1.4	0.039686
110	-1.3	0.040938
110	-1.2	0.040557
110	-1.1	0.039814
110	-1	0.040392
110	-0.9	0.04241
110	-0.8	0.044135
110	-0.7	0.045791
110	-0.6	0.045403
110	-0.5	0.042001
110	-0.4	0.038397
110	-0.3	0.032575
110	-0.2	0.027535
110	-0.1	0.018828
110	0	0.015921
110	0.1	0.013995
110	0.2	0.01414
110	0.3	0.018845
110	0.4	0.023765
110	0.5	0.035422
110	0.6	0.042289
110	0.7	0.047616
110	0.8	0.05633
110	0.9	0.060612
110	1	0.062463
110	1.1	0.061675
110	1.2	0.05979
110	1.3	0.05638
110	1.4	0.0526
110	1.5	0.049704
110	1.6	0.048182
110	1.7	0.046795
110	1.8	0.046619
110	1.9	0.046128
110	2	0.045409
110	2.1	0.043835
110	2.2	0.042906
110	2.3	0.038846
110	2.4	0.0364
110	2.5	0.033573
110	2.6	0.031031
110	2.7	0.028911
110	2.8	0.026253
110	2.9	0.023953
110	3	0.0217
110	3.1	0.020752
110	3.2	0.018115
110	3.3	0.017594
110	3.4	0.016977
110	3.5	0.016969
110	3.6	0.016232
110	3.7	0.014884
110	3.8	0.01398
110	3.9	0.012911
110	4	0.01211
120	-4	0.0054025
120	-3.9	0.0053845
120	-3.8	0.0074994
120	-3.7	0.0093643
120	-3.6	0.0092182
120	-3.5	0.008526
120	-3.4	0.0081162
120	-3.3	0.0089766
120	-3.2	0.010762
120	-3.1	0.012136
120	-3	0.014
120	-2.9	0.014132
120	-2.8	0.013412
120	-2.7	0.012365
120	-2.6	0.01317
120	-2.5	0.018155
120	-2.4	0.022792
120	-2.3	0.02602
120	-2.2	0.026936
120	-2.1	0.024577
120	-2	0.021967
120	-1.9	0.020067
120	-1.8	0.021573
120	-1.7	0.026618
120	-1.6	0.034457
120	-1.5	0.038587
120	-1.4	0.040745
120	-1.3	0.039893
120	-1.2	0.039059
120	-1.1	0.038398
120	-1	0.038738
120	-0.9	0.042181
120	-0.8	0.045761
120	-0.7	0.048747
120	-0.6	0.049028
120	-0.5	0.047651
120	-0.4	0.041303
120	-0.3	0.029614
120	-0.2	0.026217
120	-0.1	0.017228
120	0	0.012327
120	0.1	0.011647
120	0.2	0.014604
120	0.3	0.019243
120	0.4	0.026173
120	0.5	0.034397
120	0.6	0.043283
120	0.7	0.0525
120	0.8	0.056654
120	0.9	0.060385
120	1	0.061641
120	1.1	0.060259
120	1.2	0.056632
120	1.3	0.054594
120	1.4	0.050653
120	1.5	0.04781
120	1.6	0.046019
120	1.7	0.044942
120	1.8	0.044442
120	1.9	0.044417
120	2	0.04436
120	2.1	0.043906
120	2.2	0.042565
120	2.3	0.040958
120	2.4	0.039388
120	2.5	0.037194
120	2.6	0.034522
120	2.7	0.031992
120	2.8	0.029797
120	2.9	0.027743
120	3	0.025286
120	3.1	0.023988
120	3.2	0.022111
120	3.3	0.021179
120	3.4	0.01999
120	3.5	0.019707
120	3.6	0.019762
120	3.7	0.019465
120	3.8	0.019491
120	3.9	0.018325
120	4	0.016948
130	-4	0.0056853
130	-3.9	0.0066569
130	-3.8	0.0080281
130	-3.7	0.0086558
130	-3.6	0.0091796
130	-3.5	0.0084173
130	-3.4	0.007789
130	-3.3	0.0085355
130	-3.2	0.0098011
130	-3.1	0.012353
130	-3	0.013771
130	-2.9	0.013133
130	-2.8	0.011596
130	-2.7	0.010718
130	-2.6	0.012581
130	-2.5	0.015652
130	-2.4	0.019544
130	-2.3	0.022657
130	-2.2	0.024418
130	-2.1	0.023417
130	-2	0.021143
130	-1.9	0.020133
130	-1.8	0.021431
130	-1.7	0.026296
130	-1.6	0.030146
130	-1.5	0.036112
130	-1.4	0.036974
130	-1.3	0.036738
130	-1.2	0.034998
130	-1.1	0.03435
130	-1	0.035324
130	-0.9	0.037578
130	-0.8	0.041079
130	-0.7	0.043668
130	-0.6	0.042668
130	-0.5	0.040451
130	-0.4	0.034352
130	-0.3	0.028644
130	-0.2	0.019089
130	-0.1	0.014009
130	0	0.010951
130	0.1	0.010682
130	0.2	0.012457
130	0.3	0.016778
130	0.4	0.02085
130	0.5	0.030026
130	0.6	0.039103
130	0.7	0.046088
130	0.8	0.053064
130	0.9	0.056843
130	1	0.057993
130	1.1	0.056714
130	1.2	0.055052
130	1.3	0.049823
130	1.4	0.045881
130	1.5	0.043191
130	1.6	0.041981
130	1.7	0.042061
130	1.8	0.042897
130	1.9	0.043832
130	2	0.044191
130	2.1	0.043516
130	2.2	0.041796
130	2.3	0.039512
130	2.4	0.037738
130	2.5	0.036393
130	2.6	0.033832
130	2.7	0.031911
130	2.8	0.02905
130	2.9	0.026143
130	3	0.024524
130	3.1	0.022837
130	3.2	0.020671
130	3.3	0.020126
130	3.4	0.019088
130	3.5	0.018654
130	3.6	0.018123
130	3.7	0.01818
130	3.8	0.017962
130	3.9	0.017541
130	4	0.016571
140	-4	0.0056966
140	-3.9	0.0066472
140	-3.8	0.0082112
140	-3.7	0.0096449
140	-3.6	0.009608
140	-3.5	0.0083884
140	-3.4	0.0073073
140	-3.3	0.0069258
140	-3.2	0.009385
140	-3.1	0.011389
140	-3	0.013436
140	-2.9	0.014143
140	-2.8	0.012903
140	-2.7	0.011902
140	-2.6	0.011736
140	-2.5	0.014093
140	-2.4	0.018679
140	-2.3	0.021465
140	-2.2	0.02417
140	-2.1	0.023755
140	-2	0.021901
140	-1.9	0.020346
140	-1.8	0.020713
140	-1.7	0.023251
140	-1.6	0.029944
140	-1.5	0.034272
140	-1.4	0.037346
140	-1.3	0.037625
140	-1.2	0.035506
140	-1.1	0.033679
140	-1	0.033665
140	-0.9	0.035079
140	-0.8	0.039006
140	-0.7	0.042107
140	-0.6	0.043385
140	-0.5	0.041271
140	-0.4	0.035973
140	-0.3	0.02847
140	-0.2	0.02429
140	-0.1	0.013515
140	0	0.0098061
140	0.1	0.0094758
140	0.2	0.01097
140	0.3	0.015572
140	0.4	0.022765
140	0.5	0.031655
140	0.6	0.03785
140	0.7	0.046761
140	0.8	0.05397
140	0.9	0.058675
140	1	0.060658
140	1.1	0.060358
140	1.2	0.058406
140	1.3	0.05314
140	1.4	0.047356
140	1.5	0.043352
140	1.6	0.042317
140	1.7	0.041184
140	1.8	0.041359
140	1.9	0.042301
140	2	0.042769
140	2.1	0.042518
140	2.2	0.041385
140	2.3	0.03929
140	2.4	0.036517
140	2.5	0.033585
140	2.6	0.031034
140	2.7	0.029461
140	2.8	0.027672
140	2.9	0.024357
140	3	0.0233
140	3.1	0.020569
140	3.2	0.0187
140	3.3	0.017539
140	3.4	0.017598
140	3.5	0.017348
140	3.6	0.017523
140	3.7	0.017041
140	3.8	0.017141
140	3.9	0.016547
140	4	0.015507
150	-4	0.0060248
150	-3.9	0.0067485
150	-3.8	0.0077828
150	-3.7	0.0085089
150	-3.6	0.0090448
150	-3.5	0.0081975
150	-3.4	0.0066447
150	-3.3	0.0053514
150	-3.2	0.0069328
150	-3.1	0.0099419
150	-3	0.011259
150	-2.9	0.012793
150	-2.8	0.011913
150	-2.7	0.010508
150	-2.6	0.0101
150	-2.5	0.011451
150	-2.4	0.015743
150	-2.3	0.018485
150	-2.2	0.020485
150	-2.1	0.021215
150	-2	0.021115
150	-1.9	0.020482
150	-1.8	0.021179
150	-1.7	0.023621
150	-1.6	0.02636
150	-1.5	0.029016
150	-1.4	0.031852
150	-1.3	0.032233
150	-1.2	0.032025
150	-1.1	0.031305
150	-1	0.031339
150	-0.9	0.031481
150	-0.8	0.033664
150	-0.7	0.035309
150	-0.6	0.03584
150	-0.5	0.032868
150	-0.4	0.031077
150	-0.3	0.025199
150	-0.2	0.01978
150	-0.1	0.01391
150	0	0.0095184
150	0.1	0.0089946
150	0.2	0.0091672
150	0.3	0.011314
150	0.4	0.018206
150	0.5	0.025259
150	0.6	0.034791
150	0.7	0.039204
150	0.8	0.048364
150	0.9	0.05243
150	1	0.054188
150	1.1	0.05429
150	1.2	0.052816
150	1.3	0.048842
150	1.4	0.044536
150	1.5	0.042387
150	1.6	0.041319
150	1.7	0.040983
150	1.8	0.041175
150	1.9	0.042653
150	2	0.044174
150	2.1	0.04403
150	2.2	0.042172
150	2.3	0.039789
150	2.4	0.036735
150	2.5	0.033932
150	2.6	0.030555
150	2.7	0.028228
150	2.8	0.024827
150	2.9	0.023171
150	3	0.020784
150	3.1	0.0197
150	3.2	0.017254
150	3.3	0.016771
150	3.4	0.016709
150	3.5	0.015205
150	3.6	0.01395
150	3.7	0.013442
150	3.8	0.013385
150	3.9	0.013523
150	4	0.011923
160	-4	0.0058423
160	-3.9	0.0062097
160	-3.8	0.0072295
160	-3.7	0.007937
160	-3.6	0.0085563
160	-3.5	0.0074301
160	-3.4	0.0064221
160	-3.3	0.006295
160	-3.2	0.0066496
160	-3.1	0.0086203
160	-3	0.010039
160	-2.9	0.010967
160	-2.8	0.010757
160	-2.7	0.0093592
160	-2.6	0.0093298
160	-2.5	0.012549
160	-2.4	0.015804
160	-2.3	0.020692
160	-2.2	0.021988
160	-2.1	0.022059
160	-2	0.020586
160	-1.9	0.018544
160	-1.8	0.020005
160	-1.7	0.02355
160	-1.6	0.026128
160	-1.5	0.031987
160	-1.4	0.033594
160	-1.3	0.032958
160	-1.2	0.030978
160	-1.1	0.030012
160	-1	0.030134
160	-0.9	0.031963
160	-0.8	0.036025
160	-0.7	0.03738
160	-0.6	0.037263
160	-0.5	0.035029
160	-0.4	0.031552
160	-0.3	0.024524
160	-0.2	0.019665
160	-0.1	0.012683
160	0	0.010062
160	0.1	0.007937
160	0.2	0.0087154
160	0.3	0.012438
160	0.4	0.018634
160	0.5	0.026502
160	0.6	0.031303
160	0.7	0.042172
160	0.8	0.048202
160	0.9	0.050704
160	1	0.052903
160	1.1	0.052308
160	1.2	0.050597
160	1.3	0.046566
160	1.4	0.043576
160	1.5	0.041744
160	1.6	0.041367
160	1.7	0.041223
160	1.8	0.041197
160	1.9	0.041769
160	2	0.042732
160	2.1	0.041978
160	2.2	0.040135
160	2.3	0.038774
160	2.4	0.036479
160	2.5	0.033054
160	2.6	0.029938
160	2.7	0.027659
160	2.8	0.024392
160	2.9	0.022346
160	3	0.019597
160	3.1	0.01851
160	3.2	0.017482
160	3.3	0.017176
160	3.4	0.016572
160	3.5	0.016051
160	3.6	0.014387
160	3.7	0.013186
160	3.8	0.012598
160	3.9	0.011959
160	4	0.01174
170	-4	0.0062123
170	-3.9	0.007693
170	-3.8	0.0093626
170	-3.7	0.010098
170	-3.6	0.00973
170	-3.5	0.0081441
170	-3.4	0.0062175
170	-3.3	0.0056281
170	-3.2	0.0064322
170	-3.1	0.0092287
170	-3	0.010526
170	-2.9	0.010424
170	-2.8	0.0090698
170	-2.7	0.0076678
170	-2.6	0.0090501
170	-2.5	0.012586
170	-2.4	0.017871
170	-2.3	0.020019
170	-2.2	0.021408
170	-2.1	0.020799
170	-2	0.018446
170	-1.9	0.017752
170	-1.8	0.01828
170	-1.7	0.021013
170	-1.6	0.024168
170	-1.5	0.027708
170	-1.4	0.028561
170	-1.3	0.027518
170	-1.2	0.025866
170	-1.1	0.024686
170	-1	0.025274
170	-0.9	0.027315
170	-0.8	0.031017
170	-0.7	0.033436
170	-0.6	0.034456
170	-0.5	0.032123
170	-0.4	0.027695
170	-0.3	0.024222
170	-0.2	0.017243
170	-0.1	0.013384
170	0	0.0106
170	0.1	0.0093695
170	0.2	0.010987
170	0.3	0.012622
170	0.4	0.017556
170	0.5	0.027184
170	0.6	0.031144
170	0.7	0.039539
170	0.8	0.04395
170	0.9	0.045975
170	1	0.046627
170	1.1	0.045724
170	1.2	0.043727
170	1.3	0.040652
170	1.4	0.038553
170	1.5	0.037957
170	1.6	0.038018
170	1.7	0.038181
170	1.8	0.03902
170	1.9	0.040275
170	2	0.040584
170	2.1	0.039943
170	2.2	0.037684
170	2.3	0.035868
170	2.4	0.034104
170	2.5	0.030706
170	2.6	0.028024
170	2.7	0.026204
170	2.8	0.024288
170	2.9	0.022701
170	3	0.020587
170	3.1	0.018039
170	3.2	0.016595
170	3.3	0.015204
170	3.4	0.015356
170	3.5	0.01486
170	3.6	0.014714
170	3.7	0.013949
170	3.8	0.013641
170	3.9	0.012392
170	4	0.011165
180	-4	0.00711
180	-3.9	0.0069816
180	-3.8	0.0071981
180	-3.7	0.0072607
180	-3.6	0.00748
180	-3.5	0.0082915
180	-3.4	0.0088952
180	-3.3	0.0078304
180	-3.2	0.0076741
180	-3.1	0.0083052
180	-3	0.0087727
180	-2.9	0.0089188
180	-2.8	0.0099191
180	-2.7	0.010838
180	-2.6	0.011939
180	-2.5	0.015836
180	-2.4	0.018635
180	-2.3	0.020812
180	-2.2	0.022115
180	-2.1	0.022111
180	-2	0.021632
180	-1.9	0.021492
180	-1.8	0.022718
180	-1.7	0.024488
180	-1.6	0.025866
180	-1.5	0.027383
180	-1.4	0.027491
180	-1.3	0.026279
180	-1.2	0.026149
180	-1.1	0.026456
180	-1	0.028855
180	-0.9	0.031232
180	-0.8	0.033359
180	-0.7	0.034896
180	-0.6	0.03499
180	-0.5	0.03097
180	-0.4	0.028817
180	-0.3	0.024227
180	-0.2	0.020458
180	-0.1	0.016229
180	0	0.012657
180	0.1	0.011217
180	0.2	0.011355
180	0.3	0.014151
180	0.4	0.020735
180	0.5	0.027245
180	0.6	0.031473
180	0.7	0.040777
180	0.8	0.044139
180	0.9	0.045974
180	1	0.046233
180	1.1	0.045269
180	1.2	0.042714
180	1.3	0.03919
180	1.4	0.036984
180	1.5	0.035996
180	1.6	0.036095
180	1.7	0.036804
180	1.8	0.037912
180	1.9	0.039698
180	2	0.040674
180	2.1	0.039245
180	2.2	0.036931
180	2.3	0.034303
180	2.4	0.030597
180	2.5	0.028243
180	2.6	0.025894
180	2.7	0.024255
180	2.8	0.022767
180	2.9	0.021185
180	3	0.018569
180	3.1	0.016509
180	3.2	0.014663
180	3.3	0.013159
180	3.4	0.01364
180	3.5	0.013913
180	3.6	0.013825
180	3.7	0.013968
180	3.8	0.013437
180	3.9	0.012558
180	4	0.011485
 
Uniformity Ratio =0.51647
