08-Jan-2018
13:55
TXR  008036 RM428 R24
33511B Function Generator
SN =Agilent Technologies,33511B,MY52301476,3.05-1.19-2.00-52-00
freq =+9.280000000000000E+06
burstmode =TRIG
burstN =+6.000000000000000E+01
voltage =+1.5000000000000E-01
 
DSO-X 2022A Oscilloscope
SN =AGILENT TECHNOLOGIES,DSO-X 2022A,MY54310921,02.41.2015102200
probe =+1.0000000E+00
scale =+500.0E-09
position =+19.900000E-06
range =+1.60E+00
units =VOLT
points =+2000
pointmode =NORM
format =BYTE
acqtype =NORM
trigsource =EXT
coupling =AC
 
-180	-4	0.0071485
-180	-3.9	0.0079309
-180	-3.8	0.0090751
-180	-3.7	0.0097316
-180	-3.6	0.0096666
-180	-3.5	0.0084403
-180	-3.4	0.0089838
-180	-3.3	0.0095404
-180	-3.2	0.011474
-180	-3.1	0.01373
-180	-3	0.014077
-180	-2.9	0.013402
-180	-2.8	0.013095
-180	-2.7	0.014263
-180	-2.6	0.018803
-180	-2.5	0.023127
-180	-2.4	0.026441
-180	-2.3	0.028274
-180	-2.2	0.028939
-180	-2.1	0.029085
-180	-2	0.030134
-180	-1.9	0.032767
-180	-1.8	0.035749
-180	-1.7	0.037256
-180	-1.6	0.036898
-180	-1.5	0.035388
-180	-1.4	0.032199
-180	-1.3	0.028748
-180	-1.2	0.029179
-180	-1.1	0.033813
-180	-1	0.040799
-180	-0.9	0.049743
-180	-0.8	0.054463
-180	-0.7	0.058626
-180	-0.6	0.058297
-180	-0.5	0.052738
-180	-0.4	0.044342
-180	-0.3	0.034178
-180	-0.2	0.025574
-180	-0.1	0.01611
-180	0	0.011675
-180	0.1	0.010087
-180	0.2	0.010662
-180	0.3	0.012988
-180	0.4	0.018751
-180	0.5	0.022438
-180	0.6	0.028075
-180	0.7	0.033087
-180	0.8	0.038725
-180	0.9	0.043863
-180	1	0.04637
-180	1.1	0.047826
-180	1.2	0.047565
-180	1.3	0.045395
-180	1.4	0.042484
-180	1.5	0.039448
-180	1.6	0.036548
-180	1.7	0.033076
-180	1.8	0.03046
-180	1.9	0.02921
-180	2	0.028762
-180	2.1	0.028836
-180	2.2	0.028018
-180	2.3	0.026698
-180	2.4	0.025423
-180	2.5	0.023916
-180	2.6	0.021065
-180	2.7	0.018676
-180	2.8	0.017311
-180	2.9	0.016452
-180	3	0.015902
-180	3.1	0.014467
-180	3.2	0.012526
-180	3.3	0.011138
-180	3.4	0.010181
-180	3.5	0.0096817
-180	3.6	0.0097449
-180	3.7	0.009725
-180	3.8	0.0099517
-180	3.9	0.0095979
-180	4	0.0088333
-170	-4	0.0082779
-170	-3.9	0.0084785
-170	-3.8	0.0085563
-170	-3.7	0.0087228
-170	-3.6	0.0074453
-170	-3.5	0.0078139
-170	-3.4	0.00815
-170	-3.3	0.0096449
-170	-3.2	0.011633
-170	-3.1	0.013155
-170	-3	0.013316
-170	-2.9	0.012103
-170	-2.8	0.01119
-170	-2.7	0.012361
-170	-2.6	0.015745
-170	-2.5	0.020873
-170	-2.4	0.023911
-170	-2.3	0.026553
-170	-2.2	0.029304
-170	-2.1	0.030479
-170	-2	0.032575
-170	-1.9	0.03425
-170	-1.8	0.036754
-170	-1.7	0.037619
-170	-1.6	0.036741
-170	-1.5	0.033911
-170	-1.4	0.030822
-170	-1.3	0.02824
-170	-1.2	0.02863
-170	-1.1	0.032158
-170	-1	0.038988
-170	-0.9	0.046036
-170	-0.8	0.053046
-170	-0.7	0.055048
-170	-0.6	0.053631
-170	-0.5	0.047728
-170	-0.4	0.042025
-170	-0.3	0.034484
-170	-0.2	0.026213
-170	-0.1	0.016538
-170	0	0.012738
-170	0.1	0.010862
-170	0.2	0.010194
-170	0.3	0.012621
-170	0.4	0.01413
-170	0.5	0.020265
-170	0.6	0.028536
-170	0.7	0.033513
-170	0.8	0.038899
-170	0.9	0.042148
-170	1	0.043524
-170	1.1	0.044488
-170	1.2	0.044499
-170	1.3	0.042285
-170	1.4	0.039481
-170	1.5	0.036286
-170	1.6	0.033893
-170	1.7	0.030726
-170	1.8	0.028449
-170	1.9	0.027112
-170	2	0.027262
-170	2.1	0.028044
-170	2.2	0.027238
-170	2.3	0.025632
-170	2.4	0.02353
-170	2.5	0.022134
-170	2.6	0.019368
-170	2.7	0.016712
-170	2.8	0.015701
-170	2.9	0.015006
-170	3	0.014054
-170	3.1	0.01224
-170	3.2	0.0095201
-170	3.3	0.0088916
-170	3.4	0.0079878
-170	3.5	0.0088916
-170	3.6	0.0090197
-170	3.7	0.0086409
-170	3.8	0.0083304
-170	3.9	0.0073712
-170	4	0.0069792
-160	-4	0.0091936
-160	-3.9	0.0098734
-160	-3.8	0.010007
-160	-3.7	0.0097084
-160	-3.6	0.0091089
-160	-3.5	0.008624
-160	-3.4	0.0099371
-160	-3.3	0.010847
-160	-3.2	0.012835
-160	-3.1	0.013155
-160	-3	0.012922
-160	-2.9	0.011299
-160	-2.8	0.010686
-160	-2.7	0.012586
-160	-2.6	0.018103
-160	-2.5	0.020694
-160	-2.4	0.024611
-160	-2.3	0.026971
-160	-2.2	0.028327
-160	-2.1	0.031076
-160	-2	0.033712
-160	-1.9	0.035947
-160	-1.8	0.038106
-160	-1.7	0.037479
-160	-1.6	0.034444
-160	-1.5	0.031801
-160	-1.4	0.027632
-160	-1.3	0.02529
-160	-1.2	0.027241
-160	-1.1	0.033616
-160	-1	0.039478
-160	-0.9	0.047461
-160	-0.8	0.050798
-160	-0.7	0.051807
-160	-0.6	0.048527
-160	-0.5	0.04278
-160	-0.4	0.034947
-160	-0.3	0.027566
-160	-0.2	0.019626
-160	-0.1	0.01605
-160	0	0.011543
-160	0.1	0.010315
-160	0.2	0.0099614
-160	0.3	0.012622
-160	0.4	0.015005
-160	0.5	0.020366
-160	0.6	0.024885
-160	0.7	0.032824
-160	0.8	0.039567
-160	0.9	0.04176
-160	1	0.043705
-160	1.1	0.043559
-160	1.2	0.042026
-160	1.3	0.039583
-160	1.4	0.034167
-160	1.5	0.031908
-160	1.6	0.03035
-160	1.7	0.030238
-160	1.8	0.029812
-160	1.9	0.029754
-160	2	0.030108
-160	2.1	0.029387
-160	2.2	0.026812
-160	2.3	0.025087
-160	2.4	0.023404
-160	2.5	0.022804
-160	2.6	0.020953
-160	2.7	0.018474
-160	2.8	0.016407
-160	2.9	0.013866
-160	3	0.011961
-160	3.1	0.010983
-160	3.2	0.010529
-160	3.3	0.011276
-160	3.4	0.011721
-160	3.5	0.011585
-160	3.6	0.010839
-160	3.7	0.0091337
-160	3.8	0.0090644
-160	3.9	0.0092759
-160	4	0.0098816
-150	-4	0.010358
-150	-3.9	0.011709
-150	-3.8	0.012213
-150	-3.7	0.011451
-150	-3.6	0.0098881
-150	-3.5	0.009302
-150	-3.4	0.0096984
-150	-3.3	0.0098275
-150	-3.2	0.010958
-150	-3.1	0.01102
-150	-3	0.0099403
-150	-2.9	0.0092637
-150	-2.8	0.010375
-150	-2.7	0.012938
-150	-2.6	0.017622
-150	-2.5	0.020068
-150	-2.4	0.022631
-150	-2.3	0.02479
-150	-2.2	0.026635
-150	-2.1	0.030103
-150	-2	0.033359
-150	-1.9	0.037506
-150	-1.8	0.038753
-150	-1.7	0.038455
-150	-1.6	0.036407
-150	-1.5	0.032359
-150	-1.4	0.027522
-150	-1.3	0.024246
-150	-1.2	0.026132
-150	-1.1	0.032758
-150	-1	0.042213
-150	-0.9	0.047688
-150	-0.8	0.053006
-150	-0.7	0.052586
-150	-0.6	0.049501
-150	-0.5	0.042338
-150	-0.4	0.033475
-150	-0.3	0.024653
-150	-0.2	0.020194
-150	-0.1	0.012623
-150	0	0.010851
-150	0.1	0.010777
-150	0.2	0.011362
-150	0.3	0.013587
-150	0.4	0.016895
-150	0.5	0.022363
-150	0.6	0.028069
-150	0.7	0.03479
-150	0.8	0.039222
-150	0.9	0.041303
-150	1	0.041555
-150	1.1	0.040483
-150	1.2	0.039258
-150	1.3	0.034322
-150	1.4	0.031279
-150	1.5	0.028441
-150	1.6	0.026873
-150	1.7	0.026735
-150	1.8	0.026694
-150	1.9	0.026918
-150	2	0.027446
-150	2.1	0.027014
-150	2.2	0.025253
-150	2.3	0.0237
-150	2.4	0.022019
-150	2.5	0.019988
-150	2.6	0.018532
-150	2.7	0.017119
-150	2.8	0.014323
-150	2.9	0.012838
-150	3	0.011703
-150	3.1	0.010474
-150	3.2	0.0093246
-150	3.3	0.008982
-150	3.4	0.0091884
-150	3.5	0.0092794
-150	3.6	0.0096147
-150	3.7	0.008654
-150	3.8	0.0089261
-150	3.9	0.0090269
-150	4	0.0088424
-140	-4	0.012043
-140	-3.9	0.013332
-140	-3.8	0.01256
-140	-3.7	0.012386
-140	-3.6	0.011799
-140	-3.5	0.012298
-140	-3.4	0.013479
-140	-3.3	0.014251
-140	-3.2	0.014077
-140	-3.1	0.012767
-140	-3	0.01007
-140	-2.9	0.0082701
-140	-2.8	0.01037
-140	-2.7	0.014962
-140	-2.6	0.019808
-140	-2.5	0.021871
-140	-2.4	0.023783
-140	-2.3	0.024619
-140	-2.2	0.026594
-140	-2.1	0.031533
-140	-2	0.035778
-140	-1.9	0.040849
-140	-1.8	0.043103
-140	-1.7	0.041741
-140	-1.6	0.037732
-140	-1.5	0.028449
-140	-1.4	0.024686
-140	-1.3	0.022645
-140	-1.2	0.02828
-140	-1.1	0.034886
-140	-1	0.045221
-140	-0.9	0.050168
-140	-0.8	0.053504
-140	-0.7	0.051612
-140	-0.6	0.047624
-140	-0.5	0.039458
-140	-0.4	0.027724
-140	-0.3	0.021571
-140	-0.2	0.014812
-140	-0.1	0.01158
-140	0	0.011075
-140	0.1	0.011129
-140	0.2	0.013146
-140	0.3	0.017108
-140	0.4	0.023578
-140	0.5	0.029149
-140	0.6	0.034762
-140	0.7	0.039351
-140	0.8	0.041676
-140	0.9	0.041705
-140	1	0.039973
-140	1.1	0.036429
-140	1.2	0.034049
-140	1.3	0.031746
-140	1.4	0.0295
-140	1.5	0.027742
-140	1.6	0.027684
-140	1.7	0.027127
-140	1.8	0.027082
-140	1.9	0.026912
-140	2	0.026668
-140	2.1	0.026229
-140	2.2	0.024978
-140	2.3	0.023242
-140	2.4	0.021218
-140	2.5	0.018457
-140	2.6	0.016143
-140	2.7	0.014679
-140	2.8	0.013137
-140	2.9	0.012013
-140	3	0.010727
-140	3.1	0.0097714
-140	3.2	0.0088131
-140	3.3	0.0089098
-140	3.4	0.0086819
-140	3.5	0.0098734
-140	3.6	0.010393
-140	3.7	0.010823
-140	3.8	0.010192
-140	3.9	0.0094861
-140	4	0.0086968
-130	-4	0.013397
-130	-3.9	0.012757
-130	-3.8	0.012371
-130	-3.7	0.011665
-130	-3.6	0.011413
-130	-3.5	0.012146
-130	-3.4	0.013639
-130	-3.3	0.014308
-130	-3.2	0.013246
-130	-3.1	0.011519
-130	-3	0.0088076
-130	-2.9	0.0074301
-130	-2.8	0.011138
-130	-2.7	0.015343
-130	-2.6	0.018816
-130	-2.5	0.021558
-130	-2.4	0.023443
-130	-2.3	0.02474
-130	-2.2	0.028296
-130	-2.1	0.033627
-130	-2	0.038404
-130	-1.9	0.042217
-130	-1.8	0.043389
-130	-1.7	0.041981
-130	-1.6	0.037039
-130	-1.5	0.027418
-130	-1.4	0.021027
-130	-1.3	0.018984
-130	-1.2	0.025324
-130	-1.1	0.034449
-130	-1	0.042527
-130	-0.9	0.04801
-130	-0.8	0.050143
-130	-0.7	0.048375
-130	-0.6	0.041981
-130	-0.5	0.037653
-130	-0.4	0.029393
-130	-0.3	0.021675
-130	-0.2	0.016349
-130	-0.1	0.014096
-130	0	0.013389
-130	0.1	0.013197
-130	0.2	0.015266
-130	0.3	0.021234
-130	0.4	0.025391
-130	0.5	0.030338
-130	0.6	0.034871
-130	0.7	0.038585
-130	0.8	0.039333
-130	0.9	0.038562
-130	1	0.036815
-130	1.1	0.034786
-130	1.2	0.031058
-130	1.3	0.027668
-130	1.4	0.026233
-130	1.5	0.025548
-130	1.6	0.02562
-130	1.7	0.026266
-130	1.8	0.026991
-130	1.9	0.02698
-130	2	0.026741
-130	2.1	0.025801
-130	2.2	0.024197
-130	2.3	0.022613
-130	2.4	0.021376
-130	2.5	0.019292
-130	2.6	0.017249
-130	2.7	0.015618
-130	2.8	0.01471
-130	2.9	0.011661
-130	3	0.010967
-130	3.1	0.0104
-130	3.2	0.010074
-130	3.3	0.01027
-130	3.4	0.010499
-130	3.5	0.010472
-130	3.6	0.010157
-130	3.7	0.0098652
-130	3.8	0.0096499
-130	3.9	0.0095743
-130	4	0.0097813
-120	-4	0.014755
-120	-3.9	0.015395
-120	-3.8	0.01447
-120	-3.7	0.013053
-120	-3.6	0.012087
-120	-3.5	0.012575
-120	-3.4	0.013745
-120	-3.3	0.014749
-120	-3.2	0.014538
-120	-3.1	0.012346
-120	-3	0.0088387
-120	-2.9	0.0071621
-120	-2.8	0.0089152
-120	-2.7	0.015919
-120	-2.6	0.018686
-120	-2.5	0.023152
-120	-2.4	0.026159
-120	-2.3	0.030218
-120	-2.2	0.034365
-120	-2.1	0.037559
-120	-2	0.041244
-120	-1.9	0.043871
-120	-1.8	0.044442
-120	-1.7	0.042023
-120	-1.6	0.036713
-120	-1.5	0.029228
-120	-1.4	0.022762
-120	-1.3	0.021867
-120	-1.2	0.027178
-120	-1.1	0.03609
-120	-1	0.043421
-120	-0.9	0.049452
-120	-0.8	0.050988
-120	-0.7	0.049711
-120	-0.6	0.044171
-120	-0.5	0.038095
-120	-0.4	0.031172
-120	-0.3	0.024659
-120	-0.2	0.019116
-120	-0.1	0.017532
-120	0	0.016106
-120	0.1	0.016257
-120	0.2	0.018644
-120	0.3	0.022388
-120	0.4	0.027669
-120	0.5	0.033389
-120	0.6	0.036091
-120	0.7	0.039176
-120	0.8	0.039433
-120	0.9	0.038778
-120	1	0.036456
-120	1.1	0.034134
-120	1.2	0.031704
-120	1.3	0.029338
-120	1.4	0.028122
-120	1.5	0.028521
-120	1.6	0.029188
-120	1.7	0.029557
-120	1.8	0.029954
-120	1.9	0.030082
-120	2	0.029577
-120	2.1	0.028453
-120	2.2	0.026939
-120	2.3	0.024343
-120	2.4	0.022113
-120	2.5	0.019223
-120	2.6	0.016398
-120	2.7	0.014837
-120	2.8	0.012423
-120	2.9	0.011306
-120	3	0.010709
-120	3.1	0.010656
-120	3.2	0.011045
-120	3.3	0.011402
-120	3.4	0.010636
-120	3.5	0.01066
-120	3.6	0.010538
-120	3.7	0.010597
-120	3.8	0.011158
-120	3.9	0.011341
-120	4	0.011255
-110	-4	0.014366
-110	-3.9	0.014602
-110	-3.8	0.014481
-110	-3.7	0.015044
-110	-3.6	0.014413
-110	-3.5	0.014466
-110	-3.4	0.014761
-110	-3.3	0.01463
-110	-3.2	0.014204
-110	-3.1	0.012449
-110	-3	0.0092985
-110	-2.9	0.007294
-110	-2.8	0.0096046
-110	-2.7	0.014162
-110	-2.6	0.020881
-110	-2.5	0.025715
-110	-2.4	0.027639
-110	-2.3	0.031576
-110	-2.2	0.034641
-110	-2.1	0.039058
-110	-2	0.042768
-110	-1.9	0.044602
-110	-1.8	0.044522
-110	-1.7	0.041668
-110	-1.6	0.03348
-110	-1.5	0.026218
-110	-1.4	0.020389
-110	-1.3	0.018917
-110	-1.2	0.024546
-110	-1.1	0.033126
-110	-1	0.040711
-110	-0.9	0.046305
-110	-0.8	0.048015
-110	-0.7	0.046328
-110	-0.6	0.04087
-110	-0.5	0.035756
-110	-0.4	0.031785
-110	-0.3	0.026116
-110	-0.2	0.023245
-110	-0.1	0.02064
-110	0	0.019208
-110	0.1	0.018494
-110	0.2	0.019419
-110	0.3	0.021412
-110	0.4	0.027789
-110	0.5	0.030386
-110	0.6	0.034316
-110	0.7	0.036026
-110	0.8	0.036493
-110	0.9	0.035084
-110	1	0.032469
-110	1.1	0.030191
-110	1.2	0.02844
-110	1.3	0.027813
-110	1.4	0.027302
-110	1.5	0.028122
-110	1.6	0.028815
-110	1.7	0.030448
-110	1.8	0.030862
-110	1.9	0.030799
-110	2	0.031201
-110	2.1	0.029434
-110	2.2	0.027675
-110	2.3	0.024381
-110	2.4	0.021531
-110	2.5	0.017969
-110	2.6	0.016422
-110	2.7	0.014246
-110	2.8	0.01272
-110	2.9	0.011792
-110	3	0.01153
-110	3.1	0.011467
-110	3.2	0.010606
-110	3.3	0.011034
-110	3.4	0.011039
-110	3.5	0.011419
-110	3.6	0.011599
-110	3.7	0.011375
-110	3.8	0.01186
-110	3.9	0.012243
-110	4	0.011559
-100	-4	0.015414
-100	-3.9	0.016706
-100	-3.8	0.016681
-100	-3.7	0.015945
-100	-3.6	0.014273
-100	-3.5	0.0133
-100	-3.4	0.012493
-100	-3.3	0.012297
-100	-3.2	0.012427
-100	-3.1	0.011376
-100	-3	0.0086071
-100	-2.9	0.0070621
-100	-2.8	0.0095793
-100	-2.7	0.016049
-100	-2.6	0.022539
-100	-2.5	0.026058
-100	-2.4	0.030816
-100	-2.3	0.034212
-100	-2.2	0.039499
-100	-2.1	0.041508
-100	-2	0.043354
-100	-1.9	0.043551
-100	-1.8	0.041653
-100	-1.7	0.036937
-100	-1.6	0.032905
-100	-1.5	0.024729
-100	-1.4	0.018211
-100	-1.3	0.018962
-100	-1.2	0.027462
-100	-1.1	0.038106
-100	-1	0.043497
-100	-0.9	0.048066
-100	-0.8	0.05031
-100	-0.7	0.04728
-100	-0.6	0.043658
-100	-0.5	0.038515
-100	-0.4	0.03183
-100	-0.3	0.026486
-100	-0.2	0.022212
-100	-0.1	0.019207
-100	0	0.016686
-100	0.1	0.016111
-100	0.2	0.018365
-100	0.3	0.021546
-100	0.4	0.028439
-100	0.5	0.033438
-100	0.6	0.037657
-100	0.7	0.040131
-100	0.8	0.04007
-100	0.9	0.038667
-100	1	0.035921
-100	1.1	0.032373
-100	1.2	0.02922
-100	1.3	0.027388
-100	1.4	0.026321
-100	1.5	0.027975
-100	1.6	0.029766
-100	1.7	0.031389
-100	1.8	0.031483
-100	1.9	0.030179
-100	2	0.028565
-100	2.1	0.025976
-100	2.2	0.02294
-100	2.3	0.019502
-100	2.4	0.018072
-100	2.5	0.015607
-100	2.6	0.013791
-100	2.7	0.010961
-100	2.8	0.0090269
-100	2.9	0.008154
-100	3	0.0083168
-100	3.1	0.0086931
-100	3.2	0.0088807
-100	3.3	0.0091637
-100	3.4	0.0097034
-100	3.5	0.010002
-100	3.6	0.0099273
-100	3.7	0.0098028
-100	3.8	0.0092567
-100	3.9	0.0095557
-100	4	0.009537
-90	-4	0.016219
-90	-3.9	0.015634
-90	-3.8	0.014303
-90	-3.7	0.013611
-90	-3.6	0.013809
-90	-3.5	0.014217
-90	-3.4	0.015312
-90	-3.3	0.014968
-90	-3.2	0.012834
-90	-3.1	0.010398
-90	-3	0.0076762
-90	-2.9	0.0079614
-90	-2.8	0.011864
-90	-2.7	0.01703
-90	-2.6	0.021832
-90	-2.5	0.025416
-90	-2.4	0.028355
-90	-2.3	0.032241
-90	-2.2	0.035824
-90	-2.1	0.040447
-90	-2	0.042627
-90	-1.9	0.044248
-90	-1.8	0.041809
-90	-1.7	0.035935
-90	-1.6	0.026939
-90	-1.5	0.021352
-90	-1.4	0.015102
-90	-1.3	0.019446
-90	-1.2	0.029531
-90	-1.1	0.03735
-90	-1	0.044017
-90	-0.9	0.048498
-90	-0.8	0.048864
-90	-0.7	0.045794
-90	-0.6	0.040606
-90	-0.5	0.032692
-90	-0.4	0.026579
-90	-0.3	0.021421
-90	-0.2	0.017743
-90	-0.1	0.016872
-90	0	0.016462
-90	0.1	0.017818
-90	0.2	0.020375
-90	0.3	0.025032
-90	0.4	0.029387
-90	0.5	0.031976
-90	0.6	0.034572
-90	0.7	0.035376
-90	0.8	0.034736
-90	0.9	0.03233
-90	1	0.030138
-90	1.1	0.026553
-90	1.2	0.024536
-90	1.3	0.02292
-90	1.4	0.02305
-90	1.5	0.024687
-90	1.6	0.027143
-90	1.7	0.029021
-90	1.8	0.029594
-90	1.9	0.029891
-90	2	0.028759
-90	2.1	0.027241
-90	2.2	0.024625
-90	2.3	0.021102
-90	2.4	0.019553
-90	2.5	0.018142
-90	2.6	0.016467
-90	2.7	0.01459
-90	2.8	0.013023
-90	2.9	0.010724
-90	3	0.010296
-90	3.1	0.010486
-90	3.2	0.012413
-90	3.3	0.012882
-90	3.4	0.013936
-90	3.5	0.013455
-90	3.6	0.012766
-90	3.7	0.011001
-90	3.8	0.010252
-90	3.9	0.010207
-90	4	0.010777
-80	-4	0.018095
-80	-3.9	0.017503
-80	-3.8	0.016683
-80	-3.7	0.015551
-80	-3.6	0.014172
-80	-3.5	0.014343
-80	-3.4	0.013655
-80	-3.3	0.013426
-80	-3.2	0.010592
-80	-3.1	0.0086278
-80	-3	0.0073843
-80	-2.9	0.0079979
-80	-2.8	0.01364
-80	-2.7	0.018492
-80	-2.6	0.02252
-80	-2.5	0.026681
-80	-2.4	0.029059
-80	-2.3	0.0321
-80	-2.2	0.036485
-80	-2.1	0.038981
-80	-2	0.041314
-80	-1.9	0.041677
-80	-1.8	0.03942
-80	-1.7	0.034183
-80	-1.6	0.026275
-80	-1.5	0.015976
-80	-1.4	0.014651
-80	-1.3	0.021307
-80	-1.2	0.027347
-80	-1.1	0.038377
-80	-1	0.044201
-80	-0.9	0.047074
-80	-0.8	0.04664
-80	-0.7	0.043376
-80	-0.6	0.03923
-80	-0.5	0.03483
-80	-0.4	0.027934
-80	-0.3	0.02486
-80	-0.2	0.019116
-80	-0.1	0.017861
-80	0	0.015444
-80	0.1	0.016335
-80	0.2	0.019302
-80	0.3	0.025582
-80	0.4	0.028896
-80	0.5	0.032373
-80	0.6	0.036432
-80	0.7	0.037141
-80	0.8	0.035808
-80	0.9	0.032844
-80	1	0.03056
-80	1.1	0.027251
-80	1.2	0.024798
-80	1.3	0.023821
-80	1.4	0.024339
-80	1.5	0.026162
-80	1.6	0.028514
-80	1.7	0.029223
-80	1.8	0.028984
-80	1.9	0.027317
-80	2	0.025848
-80	2.1	0.023764
-80	2.2	0.021485
-80	2.3	0.018692
-80	2.4	0.016756
-80	2.5	0.01513
-80	2.6	0.012107
-80	2.7	0.0092147
-80	2.8	0.0081975
-80	2.9	0.0072384
-80	3	0.0070781
-80	3.1	0.0086465
-80	3.2	0.0095726
-80	3.3	0.0099728
-80	3.4	0.0094946
-80	3.5	0.0088021
-80	3.6	0.0087911
-80	3.7	0.0086819
-80	3.8	0.0094177
-80	3.9	0.0099549
-80	4	0.010443
-70	-4	0.019515
-70	-3.9	0.01897
-70	-3.8	0.016767
-70	-3.7	0.015044
-70	-3.6	0.014101
-70	-3.5	0.0147
-70	-3.4	0.014984
-70	-3.3	0.014854
-70	-3.2	0.012431
-70	-3.1	0.0090215
-70	-3	0.0071734
-70	-2.9	0.010725
-70	-2.8	0.014845
-70	-2.7	0.02049
-70	-2.6	0.024082
-70	-2.5	0.027717
-70	-2.4	0.029964
-70	-2.3	0.03209
-70	-2.2	0.036779
-70	-2.1	0.038801
-70	-2	0.040906
-70	-1.9	0.040738
-70	-1.8	0.038145
-70	-1.7	0.031937
-70	-1.6	0.024683
-70	-1.5	0.014172
-70	-1.4	0.011158
-70	-1.3	0.020774
-70	-1.2	0.028812
-70	-1.1	0.037723
-70	-1	0.042784
-70	-0.9	0.045302
-70	-0.8	0.044333
-70	-0.7	0.041461
-70	-0.6	0.036654
-70	-0.5	0.032683
-70	-0.4	0.025517
-70	-0.3	0.021008
-70	-0.2	0.017534
-70	-0.1	0.015963
-70	0	0.015616
-70	0.1	0.016958
-70	0.2	0.020535
-70	0.3	0.026245
-70	0.4	0.028523
-70	0.5	0.031622
-70	0.6	0.032677
-70	0.7	0.03328
-70	0.8	0.03114
-70	0.9	0.029654
-70	1	0.026422
-70	1.1	0.023896
-70	1.2	0.022342
-70	1.3	0.0207
-70	1.4	0.020933
-70	1.5	0.022256
-70	1.6	0.023842
-70	1.7	0.024975
-70	1.8	0.025255
-70	1.9	0.025217
-70	2	0.02445
-70	2.1	0.022629
-70	2.2	0.020117
-70	2.3	0.017877
-70	2.4	0.016514
-70	2.5	0.014823
-70	2.6	0.013195
-70	2.7	0.012155
-70	2.8	0.010282
-70	2.9	0.009302
-70	3	0.0081935
-70	3.1	0.0083459
-70	3.2	0.0091372
-70	3.3	0.0098963
-70	3.4	0.01052
-70	3.5	0.010918
-70	3.6	0.010426
-70	3.7	0.010105
-70	3.8	0.01006
-70	3.9	0.010241
-70	4	0.010254
-60	-4	0.015853
-60	-3.9	0.015935
-60	-3.8	0.014491
-60	-3.7	0.013931
-60	-3.6	0.012395
-60	-3.5	0.01232
-60	-3.4	0.012771
-60	-3.3	0.012742
-60	-3.2	0.011854
-60	-3.1	0.0086912
-60	-3	0.0064497
-60	-2.9	0.0091231
-60	-2.8	0.01377
-60	-2.7	0.018088
-60	-2.6	0.023036
-60	-2.5	0.026769
-60	-2.4	0.029236
-60	-2.3	0.031493
-60	-2.2	0.03558
-60	-2.1	0.037979
-60	-2	0.03912
-60	-1.9	0.038634
-60	-1.8	0.034304
-60	-1.7	0.028678
-60	-1.6	0.019732
-60	-1.5	0.015337
-60	-1.4	0.015216
-60	-1.3	0.018906
-60	-1.2	0.028523
-60	-1.1	0.038687
-60	-1	0.043927
-60	-0.9	0.046778
-60	-0.8	0.045532
-60	-0.7	0.042014
-60	-0.6	0.036229
-60	-0.5	0.030762
-60	-0.4	0.026489
-60	-0.3	0.022048
-60	-0.2	0.018092
-60	-0.1	0.015002
-60	0	0.013933
-60	0.1	0.013863
-60	0.2	0.018271
-60	0.3	0.020984
-60	0.4	0.026344
-60	0.5	0.031541
-60	0.6	0.034716
-60	0.7	0.036162
-60	0.8	0.035039
-60	0.9	0.03116
-60	1	0.02992
-60	1.1	0.025739
-60	1.2	0.023761
-60	1.3	0.02204
-60	1.4	0.022301
-60	1.5	0.024826
-60	1.6	0.025645
-60	1.7	0.027702
-60	1.8	0.027735
-60	1.9	0.027317
-60	2	0.02491
-60	2.1	0.021028
-60	2.2	0.018107
-60	2.3	0.015835
-60	2.4	0.013297
-60	2.5	0.011033
-60	2.6	0.0097863
-60	2.7	0.0080643
-60	2.8	0.0071959
-60	2.9	0.0069351
-60	3	0.0072205
-60	3.1	0.007274
-60	3.2	0.0079309
-60	3.3	0.008274
-60	3.4	0.0087984
-60	3.5	0.0088916
-60	3.6	0.0088223
-60	3.7	0.0086034
-60	3.8	0.0083324
-60	3.9	0.0087819
-60	4	0.0088515
-50	-4	0.013069
-50	-3.9	0.012003
-50	-3.8	0.01018
-50	-3.7	0.010062
-50	-3.6	0.010912
-50	-3.5	0.011999
-50	-3.4	0.013378
-50	-3.3	0.012809
-50	-3.2	0.01164
-50	-3.1	0.007888
-50	-3	0.0065418
-50	-2.9	0.0094502
-50	-2.8	0.014799
-50	-2.7	0.01911
-50	-2.6	0.021621
-50	-2.5	0.024748
-50	-2.4	0.026223
-50	-2.3	0.028518
-50	-2.2	0.031939
-50	-2.1	0.033658
-50	-2	0.035412
-50	-1.9	0.03483
-50	-1.8	0.032725
-50	-1.7	0.027186
-50	-1.6	0.023106
-50	-1.5	0.015327
-50	-1.4	0.013909
-50	-1.3	0.020615
-50	-1.2	0.031453
-50	-1.1	0.04003
-50	-1	0.046284
-50	-0.9	0.047782
-50	-0.8	0.046704
-50	-0.7	0.041916
-50	-0.6	0.033778
-50	-0.5	0.028672
-50	-0.4	0.022169
-50	-0.3	0.017589
-50	-0.2	0.015082
-50	-0.1	0.012445
-50	0	0.011508
-50	0.1	0.012264
-50	0.2	0.016664
-50	0.3	0.02189
-50	0.4	0.029243
-50	0.5	0.03138
-50	0.6	0.036065
-50	0.7	0.03636
-50	0.8	0.035026
-50	0.9	0.032043
-50	1	0.029771
-50	1.1	0.026259
-50	1.2	0.023868
-50	1.3	0.022633
-50	1.4	0.022285
-50	1.5	0.023134
-50	1.6	0.024772
-50	1.7	0.025527
-50	1.8	0.025206
-50	1.9	0.024657
-50	2	0.023234
-50	2.1	0.021193
-50	2.2	0.018657
-50	2.3	0.01589
-50	2.4	0.013686
-50	2.5	0.012536
-50	2.6	0.010339
-50	2.7	0.0095591
-50	2.8	0.0088021
-50	2.9	0.0079207
-50	3	0.0075702
-50	3.1	0.0076846
-50	3.2	0.0083884
-50	3.3	0.0087635
-50	3.4	0.0095404
-50	3.5	0.0096466
-50	3.6	0.0090108
-50	3.7	0.0083382
-50	3.8	0.0088952
-50	3.9	0.0083013
-50	4	0.0085393
-40	-4	0.013018
-40	-3.9	0.012808
-40	-3.8	0.011851
-40	-3.7	0.010157
-40	-3.6	0.0096733
-40	-3.5	0.010851
-40	-3.4	0.011942
-40	-3.3	0.01199
-40	-3.2	0.009963
-40	-3.1	0.0081043
-40	-3	0.0067101
-40	-2.9	0.0089712
-40	-2.8	0.010971
-40	-2.7	0.015519
-40	-2.6	0.019974
-40	-2.5	0.024437
-40	-2.4	0.025781
-40	-2.3	0.02881
-40	-2.2	0.03128
-40	-2.1	0.033567
-40	-2	0.035513
-40	-1.9	0.035685
-40	-1.8	0.032723
-40	-1.7	0.026945
-40	-1.6	0.02104
-40	-1.5	0.01487
-40	-1.4	0.018075
-40	-1.3	0.027244
-40	-1.2	0.037374
-40	-1.1	0.041778
-40	-1	0.045386
-40	-0.9	0.044777
-40	-0.8	0.042654
-40	-0.7	0.03778
-40	-0.6	0.027853
-40	-0.5	0.024956
-40	-0.4	0.01847
-40	-0.3	0.015042
-40	-0.2	0.012354
-40	-0.1	0.011618
-40	0	0.010592
-40	0.1	0.011993
-40	0.2	0.015187
-40	0.3	0.020802
-40	0.4	0.026759
-40	0.5	0.030646
-40	0.6	0.034002
-40	0.7	0.03574
-40	0.8	0.035325
-40	0.9	0.031701
-40	1	0.030508
-40	1.1	0.027023
-40	1.2	0.02409
-40	1.3	0.023256
-40	1.4	0.022752
-40	1.5	0.023648
-40	1.6	0.025403
-40	1.7	0.025915
-40	1.8	0.025813
-40	1.9	0.025002
-40	2	0.023851
-40	2.1	0.022788
-40	2.2	0.019669
-40	2.3	0.018091
-40	2.4	0.017124
-40	2.5	0.014288
-40	2.6	0.011487
-40	2.7	0.010238
-40	2.8	0.0087874
-40	2.9	0.0089838
-40	3	0.0095286
-40	3.1	0.010525
-40	3.2	0.01068
-40	3.3	0.010339
-40	3.4	0.0097549
-40	3.5	0.0098832
-40	3.6	0.010087
-40	3.7	0.010191
-40	3.8	0.010379
-40	3.9	0.010945
-40	4	0.010641
-30	-4	0.012497
-30	-3.9	0.012192
-30	-3.8	0.011484
-30	-3.7	0.0092515
-30	-3.6	0.0085279
-30	-3.5	0.0087283
-30	-3.4	0.010135
-30	-3.3	0.010674
-30	-3.2	0.0098603
-30	-3.1	0.0079146
-30	-3	0.0066617
-30	-2.9	0.008146
-30	-2.8	0.014167
-30	-2.7	0.018873
-30	-2.6	0.022353
-30	-2.5	0.024578
-30	-2.4	0.026712
-30	-2.3	0.027864
-30	-2.2	0.029773
-30	-2.1	0.032771
-30	-2	0.034935
-30	-1.9	0.03532
-30	-1.8	0.033766
-30	-1.7	0.027838
-30	-1.6	0.020063
-30	-1.5	0.017545
-30	-1.4	0.020603
-30	-1.3	0.02637
-30	-1.2	0.039022
-30	-1.1	0.043634
-30	-1	0.047144
-30	-0.9	0.047797
-30	-0.8	0.045446
-30	-0.7	0.039794
-30	-0.6	0.032541
-30	-0.5	0.028907
-30	-0.4	0.021764
-30	-0.3	0.016301
-30	-0.2	0.010751
-30	-0.1	0.010012
-30	0	0.010424
-30	0.1	0.013448
-30	0.2	0.020495
-30	0.3	0.026141
-30	0.4	0.030862
-30	0.5	0.034592
-30	0.6	0.038758
-30	0.7	0.040554
-30	0.8	0.041042
-30	0.9	0.038354
-30	1	0.035733
-30	1.1	0.032647
-30	1.2	0.029047
-30	1.3	0.026407
-30	1.4	0.025054
-30	1.5	0.024812
-30	1.6	0.02603
-30	1.7	0.026673
-30	1.8	0.026231
-30	1.9	0.024601
-30	2	0.022937
-30	2.1	0.021086
-30	2.2	0.017646
-30	2.3	0.016192
-30	2.4	0.013795
-30	2.5	0.012254
-30	2.6	0.010688
-30	2.7	0.0092217
-30	2.8	0.0082798
-30	2.9	0.0079797
-30	3	0.0078118
-30	3.1	0.0081659
-30	3.2	0.0089892
-30	3.3	0.0091936
-30	3.4	0.0088058
-30	3.5	0.0092287
-30	3.6	0.0085222
-30	3.7	0.0083923
-30	3.8	0.0080763
-30	3.9	0.0079044
-30	4	0.0076572
-20	-4	0.010018
-20	-3.9	0.0095082
-20	-3.8	0.0093747
-20	-3.7	0.0092462
-20	-3.6	0.010148
-20	-3.5	0.010878
-20	-3.4	0.011131
-20	-3.3	0.0095878
-20	-3.2	0.0075574
-20	-3.1	0.0064547
-20	-3	0.0079146
-20	-2.9	0.011067
-20	-2.8	0.01501
-20	-2.7	0.01719
-20	-2.6	0.018877
-20	-2.5	0.019863
-20	-2.4	0.021121
-20	-2.3	0.023809
-20	-2.2	0.028552
-20	-2.1	0.032966
-20	-2	0.03551
-20	-1.9	0.035514
-20	-1.8	0.031509
-20	-1.7	0.025949
-20	-1.6	0.019023
-20	-1.5	0.016592
-20	-1.4	0.01919
-20	-1.3	0.027735
-20	-1.2	0.03985
-20	-1.1	0.043929
-20	-1	0.048428
-20	-0.9	0.049426
-20	-0.8	0.047049
-20	-0.7	0.040389
-20	-0.6	0.035294
-20	-0.5	0.026635
-20	-0.4	0.020925
-20	-0.3	0.013832
-20	-0.2	0.010989
-20	-0.1	0.01085
-20	0	0.010811
-20	0.1	0.012617
-20	0.2	0.015799
-20	0.3	0.023353
-20	0.4	0.028211
-20	0.5	0.033583
-20	0.6	0.040296
-20	0.7	0.04159
-20	0.8	0.042139
-20	0.9	0.040073
-20	1	0.038413
-20	1.1	0.035466
-20	1.2	0.032101
-20	1.3	0.030337
-20	1.4	0.029493
-20	1.5	0.029194
-20	1.6	0.028706
-20	1.7	0.028331
-20	1.8	0.027369
-20	1.9	0.02653
-20	2	0.026025
-20	2.1	0.024646
-20	2.2	0.023122
-20	2.3	0.02058
-20	2.4	0.018422
-20	2.5	0.016063
-20	2.6	0.01445
-20	2.7	0.011797
-20	2.8	0.010927
-20	2.9	0.010468
-20	3	0.0094245
-20	3.1	0.0095743
-20	3.2	0.0089116
-20	3.3	0.0097978
-20	3.4	0.010526
-20	3.5	0.010709
-20	3.6	0.010362
-20	3.7	0.0098308
-20	3.8	0.0083479
-20	3.9	0.0079918
-20	4	0.0081659
-10	-4	0.011487
-10	-3.9	0.011238
-10	-3.8	0.0086034
-10	-3.7	0.0076656
-10	-3.6	0.0071418
-10	-3.5	0.010375
-10	-3.4	0.012302
-10	-3.3	0.012838
-10	-3.2	0.011506
-10	-3.1	0.0083459
-10	-3	0.0075059
-10	-2.9	0.012164
-10	-2.8	0.01636
-10	-2.7	0.020787
-10	-2.6	0.023928
-10	-2.5	0.025417
-10	-2.4	0.025944
-10	-2.3	0.026548
-10	-2.2	0.027857
-10	-2.1	0.030715
-10	-2	0.032713
-10	-1.9	0.0348
-10	-1.8	0.035208
-10	-1.7	0.033087
-10	-1.6	0.027468
-10	-1.5	0.022573
-10	-1.4	0.021248
-10	-1.3	0.027625
-10	-1.2	0.034309
-10	-1.1	0.04587
-10	-1	0.053992
-10	-0.9	0.055582
-10	-0.8	0.054626
-10	-0.7	0.046406
-10	-0.6	0.040446
-10	-0.5	0.032303
-10	-0.4	0.025965
-10	-0.3	0.016338
-10	-0.2	0.013001
-10	-0.1	0.011509
-10	0	0.012058
-10	0.1	0.01451
-10	0.2	0.0185
-10	0.3	0.025621
-10	0.4	0.031036
-10	0.5	0.037534
-10	0.6	0.042709
-10	0.7	0.044902
-10	0.8	0.044995
-10	0.9	0.044015
-10	1	0.04255
-10	1.1	0.039261
-10	1.2	0.035789
-10	1.3	0.032892
-10	1.4	0.03124
-10	1.5	0.029984
-10	1.6	0.029424
-10	1.7	0.029138
-10	1.8	0.028448
-10	1.9	0.027183
-10	2	0.026424
-10	2.1	0.025084
-10	2.2	0.023176
-10	2.3	0.020791
-10	2.4	0.01976
-10	2.5	0.018391
-10	2.6	0.017042
-10	2.7	0.015633
-10	2.8	0.013946
-10	2.9	0.012345
-10	3	0.011039
-10	3.1	0.010517
-10	3.2	0.010621
-10	3.3	0.011608
-10	3.4	0.012148
-10	3.5	0.012007
-10	3.6	0.011381
-10	3.7	0.010114
-10	3.8	0.0093436
-10	3.9	0.0091284
-10	4	0.0093816
0	-4	0.0098603
0	-3.9	0.00973
0	-3.8	0.0088094
0	-3.7	0.0069514
0	-3.6	0.0066763
0	-3.5	0.009169
0	-3.4	0.010677
0	-3.3	0.012048
0	-3.2	0.01176
0	-3.1	0.0098832
0	-3	0.0085317
0	-2.9	0.010792
0	-2.8	0.014824
0	-2.7	0.018871
0	-2.6	0.022891
0	-2.5	0.025098
0	-2.4	0.026341
0	-2.3	0.02662
0	-2.2	0.02767
0	-2.1	0.029366
0	-2	0.031547
0	-1.9	0.033081
0	-1.8	0.033769
0	-1.7	0.032486
0	-1.6	0.029766
0	-1.5	0.023382
0	-1.4	0.022718
0	-1.3	0.030367
0	-1.2	0.033187
0	-1.1	0.045114
0	-1	0.052323
0	-0.9	0.056579
0	-0.8	0.056969
0	-0.7	0.051102
0	-0.6	0.044184
0	-0.5	0.037233
0	-0.4	0.026423
0	-0.3	0.017218
0	-0.2	0.013693
0	-0.1	0.011269
0	0	0.011784
0	0.1	0.0153
0	0.2	0.01797
0	0.3	0.023743
0	0.4	0.029657
0	0.5	0.036383
0	0.6	0.040449
0	0.7	0.045285
0	0.8	0.047189
0	0.9	0.047862
0	1	0.046331
0	1.1	0.043891
0	1.2	0.04074
0	1.3	0.038616
0	1.4	0.036642
0	1.5	0.033839
0	1.6	0.032463
0	1.7	0.030639
0	1.8	0.029194
0	1.9	0.028626
0	2	0.027026
0	2.1	0.02569
0	2.2	0.024185
0	2.3	0.023482
0	2.4	0.021225
0	2.5	0.019856
0	2.6	0.018407
0	2.7	0.017196
0	2.8	0.015695
0	2.9	0.014515
0	3	0.01387
0	3.1	0.013404
0	3.2	0.013114
0	3.3	0.012416
0	3.4	0.011427
0	3.5	0.011021
0	3.6	0.010323
0	3.7	0.0099582
0	3.8	0.010229
0	3.9	0.010007
0	4	0.010532
10	-4	0.008732
10	-3.9	0.0090448
10	-3.8	0.0086427
10	-3.7	0.0071463
10	-3.6	0.0069351
10	-3.5	0.0079146
10	-3.4	0.010712
10	-3.3	0.012725
10	-3.2	0.013714
10	-3.1	0.013616
10	-3	0.012001
10	-2.9	0.011693
10	-2.8	0.014205
10	-2.7	0.019459
10	-2.6	0.02212
10	-2.5	0.025219
10	-2.4	0.026718
10	-2.3	0.027813
10	-2.2	0.02876
10	-2.1	0.031022
10	-2	0.032363
10	-1.9	0.033952
10	-1.8	0.033936
10	-1.7	0.033012
10	-1.6	0.030329
10	-1.5	0.02833
10	-1.4	0.02828
10	-1.3	0.031876
10	-1.2	0.03686
10	-1.1	0.044754
10	-1	0.051036
10	-0.9	0.058395
10	-0.8	0.058922
10	-0.7	0.057185
10	-0.6	0.050108
10	-0.5	0.042268
10	-0.4	0.032705
10	-0.3	0.023289
10	-0.2	0.018274
10	-0.1	0.014762
10	0	0.013337
10	0.1	0.014545
10	0.2	0.016128
10	0.3	0.020744
10	0.4	0.028304
10	0.5	0.037562
10	0.6	0.041397
10	0.7	0.046977
10	0.8	0.050755
10	0.9	0.052087
10	1	0.051386
10	1.1	0.049591
10	1.2	0.047867
10	1.3	0.045532
10	1.4	0.042591
10	1.5	0.039999
10	1.6	0.038312
10	1.7	0.036831
10	1.8	0.035576
10	1.9	0.033686
10	2	0.031953
10	2.1	0.030523
10	2.2	0.027198
10	2.3	0.025302
10	2.4	0.022043
10	2.5	0.020211
10	2.6	0.017765
10	2.7	0.017293
10	2.8	0.016132
10	2.9	0.01541
10	3	0.014561
10	3.1	0.01315
10	3.2	0.012233
10	3.3	0.011012
10	3.4	0.010293
10	3.5	0.0098898
10	3.6	0.010331
10	3.7	0.0098127
10	3.8	0.0091372
10	3.9	0.0086819
10	4	0.0079655
20	-4	0.0097449
20	-3.9	0.01079
20	-3.8	0.010801
20	-3.7	0.0093419
20	-3.6	0.0078839
20	-3.5	0.0081242
20	-3.4	0.010475
20	-3.3	0.013809
20	-3.2	0.014858
20	-3.1	0.015185
20	-3	0.01448
20	-2.9	0.012904
20	-2.8	0.015008
20	-2.7	0.019369
20	-2.6	0.024611
20	-2.5	0.027447
20	-2.4	0.029325
20	-2.3	0.02965
20	-2.2	0.028568
20	-2.1	0.028509
20	-2	0.029938
20	-1.9	0.032392
20	-1.8	0.03394
20	-1.7	0.034781
20	-1.6	0.032444
20	-1.5	0.029493
20	-1.4	0.027446
20	-1.3	0.030167
20	-1.2	0.035555
20	-1.1	0.044087
20	-1	0.049701
20	-0.9	0.056293
20	-0.8	0.060604
20	-0.7	0.059098
20	-0.6	0.055343
20	-0.5	0.048798
20	-0.4	0.03672
20	-0.3	0.029238
20	-0.2	0.021566
20	-0.1	0.015428
20	0	0.014505
20	0.1	0.016334
20	0.2	0.018567
20	0.3	0.02288
20	0.4	0.027422
20	0.5	0.037348
20	0.6	0.041568
20	0.7	0.046273
20	0.8	0.052252
20	0.9	0.05419
20	1	0.054498
20	1.1	0.052018
20	1.2	0.050351
20	1.3	0.04612
20	1.4	0.043058
20	1.5	0.039315
20	1.6	0.037544
20	1.7	0.036705
20	1.8	0.03605
20	1.9	0.033994
20	2	0.032366
20	2.1	0.030353
20	2.2	0.028258
20	2.3	0.025004
20	2.4	0.023298
20	2.5	0.021965
20	2.6	0.021067
20	2.7	0.01889
20	2.8	0.015789
20	2.9	0.014818
20	3	0.013721
20	3.1	0.012766
20	3.2	0.012567
20	3.3	0.012363
20	3.4	0.012319
20	3.5	0.01159
20	3.6	0.010452
20	3.7	0.0096449
20	3.8	0.009581
20	3.9	0.0091761
20	4	0.0096063
30	-4	0.0097532
30	-3.9	0.010492
30	-3.8	0.0099403
30	-3.7	0.009241
30	-3.6	0.008624
30	-3.5	0.0098341
30	-3.4	0.011269
30	-3.3	0.013713
30	-3.2	0.01509
30	-3.1	0.015115
30	-3	0.014898
30	-2.9	0.014861
30	-2.8	0.01638
30	-2.7	0.020438
30	-2.6	0.024843
30	-2.5	0.028054
30	-2.4	0.029788
30	-2.3	0.031232
30	-2.2	0.031811
30	-2.1	0.032305
30	-2	0.033364
30	-1.9	0.034643
30	-1.8	0.035398
30	-1.7	0.036105
30	-1.6	0.034761
30	-1.5	0.032258
30	-1.4	0.030475
30	-1.3	0.031816
30	-1.2	0.034597
30	-1.1	0.042553
30	-1	0.048683
30	-0.9	0.054212
30	-0.8	0.058209
30	-0.7	0.058458
30	-0.6	0.056654
30	-0.5	0.051145
30	-0.4	0.043046
30	-0.3	0.036546
30	-0.2	0.029449
30	-0.1	0.023111
30	0	0.018893
30	0.1	0.018109
30	0.2	0.019886
30	0.3	0.02453
30	0.4	0.027251
30	0.5	0.033175
30	0.6	0.03646
30	0.7	0.043559
30	0.8	0.048163
30	0.9	0.051944
30	1	0.053436
30	1.1	0.05388
30	1.2	0.053663
30	1.3	0.051872
30	1.4	0.04797
30	1.5	0.043972
30	1.6	0.039993
30	1.7	0.038444
30	1.8	0.03766
30	1.9	0.036778
30	2	0.035368
30	2.1	0.034088
30	2.2	0.031109
30	2.3	0.028985
30	2.4	0.025056
30	2.5	0.022336
30	2.6	0.021972
30	2.7	0.021252
30	2.8	0.020263
30	2.9	0.018959
30	3	0.016369
30	3.1	0.013814
30	3.2	0.012235
30	3.3	0.011938
30	3.4	0.012903
30	3.5	0.013403
30	3.6	0.014367
30	3.7	0.013188
30	3.8	0.011252
30	3.9	0.010328
30	4	0.0096767
40	-4	0.01092
40	-3.9	0.011193
40	-3.8	0.01234
40	-3.7	0.011206
40	-3.6	0.011304
40	-3.5	0.010951
40	-3.4	0.012314
40	-3.3	0.014341
40	-3.2	0.016117
40	-3.1	0.016615
40	-3	0.016674
40	-2.9	0.016466
40	-2.8	0.017292
40	-2.7	0.019629
40	-2.6	0.024649
40	-2.5	0.027537
40	-2.4	0.029529
40	-2.3	0.031228
40	-2.2	0.03085
40	-2.1	0.030256
40	-2	0.031125
40	-1.9	0.031565
40	-1.8	0.033517
40	-1.7	0.034661
40	-1.6	0.035421
40	-1.5	0.034145
40	-1.4	0.030491
40	-1.3	0.028308
40	-1.2	0.028655
40	-1.1	0.03604
40	-1	0.040574
40	-0.9	0.053354
40	-0.8	0.057846
40	-0.7	0.06244
40	-0.6	0.062232
40	-0.5	0.058328
40	-0.4	0.05234
40	-0.3	0.04435
40	-0.2	0.032846
40	-0.1	0.025711
40	0	0.018931
40	0.1	0.016774
40	0.2	0.018405
40	0.3	0.020918
40	0.4	0.027311
40	0.5	0.03419
40	0.6	0.040865
40	0.7	0.045289
40	0.8	0.049085
40	0.9	0.05542
40	1	0.057461
40	1.1	0.057433
40	1.2	0.056037
40	1.3	0.05265
40	1.4	0.048603
40	1.5	0.04406
40	1.6	0.041584
40	1.7	0.040532
40	1.8	0.038524
40	1.9	0.036172
40	2	0.032345
40	2.1	0.030314
40	2.2	0.028096
40	2.3	0.025924
40	2.4	0.02351
40	2.5	0.022996
40	2.6	0.022465
40	2.7	0.021495
40	2.8	0.018894
40	2.9	0.016831
40	3	0.015192
40	3.1	0.013462
40	3.2	0.012806
40	3.3	0.012539
40	3.4	0.013137
40	3.5	0.013145
40	3.6	0.0121
40	3.7	0.011579
40	3.8	0.0097399
40	3.9	0.009373
40	4	0.0094228
50	-4	0.0063893
50	-3.9	0.0069118
50	-3.8	0.0080623
50	-3.7	0.010153
50	-3.6	0.011366
50	-3.5	0.012103
50	-3.4	0.012176
50	-3.3	0.011845
50	-3.2	0.011966
50	-3.1	0.012979
50	-3	0.015011
50	-2.9	0.017759
50	-2.8	0.020081
50	-2.7	0.021152
50	-2.6	0.023352
50	-2.5	0.024573
50	-2.4	0.027683
50	-2.3	0.030348
50	-2.2	0.033563
50	-2.1	0.034771
50	-2	0.035114
50	-1.9	0.035021
50	-1.8	0.03468
50	-1.7	0.034994
50	-1.6	0.035213
50	-1.5	0.035025
50	-1.4	0.034589
50	-1.3	0.034578
50	-1.2	0.035452
50	-1.1	0.038773
50	-1	0.044551
50	-0.9	0.050086
50	-0.8	0.056315
50	-0.7	0.060654
50	-0.6	0.061757
50	-0.5	0.058817
50	-0.4	0.055141
50	-0.3	0.047573
50	-0.2	0.042664
50	-0.1	0.030007
50	0	0.026301
50	0.1	0.018559
50	0.2	0.017771
50	0.3	0.020388
50	0.4	0.022248
50	0.5	0.028839
50	0.6	0.033393
50	0.7	0.039197
50	0.8	0.045644
50	0.9	0.050869
50	1	0.054124
50	1.1	0.056317
50	1.2	0.05649
50	1.3	0.055549
50	1.4	0.052323
50	1.5	0.046272
50	1.6	0.043854
50	1.7	0.040013
50	1.8	0.038157
50	1.9	0.036873
50	2	0.035866
50	2.1	0.035118
50	2.2	0.03324
50	2.3	0.030628
50	2.4	0.027945
50	2.5	0.023624
50	2.6	0.022794
50	2.7	0.021937
50	2.8	0.021325
50	2.9	0.020692
50	3	0.018839
50	3.1	0.016194
50	3.2	0.014317
50	3.3	0.012232
50	3.4	0.011989
50	3.5	0.011586
50	3.6	0.01246
50	3.7	0.012299
50	3.8	0.011165
50	3.9	0.010141
50	4	0.0092881
60	-4	0.0075894
60	-3.9	0.0095658
60	-3.8	0.011165
60	-3.7	0.012203
60	-3.6	0.011184
60	-3.5	0.0095793
60	-3.4	0.009
60	-3.3	0.011049
60	-3.2	0.014888
60	-3.1	0.018378
60	-3	0.019367
60	-2.9	0.01893
60	-2.8	0.017328
60	-2.7	0.017335
60	-2.6	0.02051
60	-2.5	0.026053
60	-2.4	0.030485
60	-2.3	0.033831
60	-2.2	0.034933
60	-2.1	0.033366
60	-2	0.031654
60	-1.9	0.030843
60	-1.8	0.031194
60	-1.7	0.033372
60	-1.6	0.036896
60	-1.5	0.038194
60	-1.4	0.036721
60	-1.3	0.034556
60	-1.2	0.032172
60	-1.1	0.035967
60	-1	0.042838
60	-0.9	0.049158
60	-0.8	0.058546
60	-0.7	0.066572
60	-0.6	0.068013
60	-0.5	0.066997
60	-0.4	0.058673
60	-0.3	0.05202
60	-0.2	0.044581
60	-0.1	0.031908
60	0	0.023103
60	0.1	0.018772
60	0.2	0.018086
60	0.3	0.021561
60	0.4	0.026089
60	0.5	0.029031
60	0.6	0.035725
60	0.7	0.038988
60	0.8	0.047404
60	0.9	0.051988
60	1	0.056214
60	1.1	0.057071
60	1.2	0.056773
60	1.3	0.054828
60	1.4	0.051018
60	1.5	0.04654
60	1.6	0.042894
60	1.7	0.039531
60	1.8	0.037716
60	1.9	0.036171
60	2	0.034476
60	2.1	0.033388
60	2.2	0.031955
60	2.3	0.029827
60	2.4	0.027416
60	2.5	0.025576
60	2.6	0.024507
60	2.7	0.023449
60	2.8	0.022421
60	2.9	0.021397
60	3	0.019839
60	3.1	0.018596
60	3.2	0.016614
60	3.3	0.015606
60	3.4	0.014879
60	3.5	0.014442
60	3.6	0.014765
60	3.7	0.014424
60	3.8	0.013132
60	3.9	0.012146
60	4	0.011154
70	-4	0.0080923
70	-3.9	0.0099338
70	-3.8	0.010271
70	-3.7	0.010347
70	-3.6	0.0084422
70	-3.5	0.0077973
70	-3.4	0.0071395
70	-3.3	0.0089946
70	-3.2	0.012352
70	-3.1	0.016063
70	-3	0.017408
70	-2.9	0.017031
70	-2.8	0.016142
70	-2.7	0.016318
70	-2.6	0.019124
70	-2.5	0.022517
70	-2.4	0.027195
70	-2.3	0.031171
70	-2.2	0.032602
70	-2.1	0.033581
70	-2	0.033399
70	-1.9	0.032667
70	-1.8	0.032457
70	-1.7	0.032355
70	-1.6	0.032856
70	-1.5	0.033935
70	-1.4	0.034652
70	-1.3	0.034693
70	-1.2	0.034919
70	-1.1	0.03785
70	-1	0.042887
70	-0.9	0.048
70	-0.8	0.057072
70	-0.7	0.061265
70	-0.6	0.064819
70	-0.5	0.064424
70	-0.4	0.058597
70	-0.3	0.052226
70	-0.2	0.043219
70	-0.1	0.035045
70	0	0.026629
70	0.1	0.02241
70	0.2	0.018607
70	0.3	0.018523
70	0.4	0.022156
70	0.5	0.026908
70	0.6	0.032667
70	0.7	0.036661
70	0.8	0.04185
70	0.9	0.047631
70	1	0.051278
70	1.1	0.053971
70	1.2	0.055232
70	1.3	0.05522
70	1.4	0.053722
70	1.5	0.051166
70	1.6	0.048271
70	1.7	0.044655
70	1.8	0.042114
70	1.9	0.039735
70	2	0.037734
70	2.1	0.036644
70	2.2	0.03616
70	2.3	0.033306
70	2.4	0.031378
70	2.5	0.028598
70	2.6	0.0264
70	2.7	0.024815
70	2.8	0.023921
70	2.9	0.022619
70	3	0.020659
70	3.1	0.018672
70	3.2	0.016777
70	3.3	0.014259
70	3.4	0.013303
70	3.5	0.012835
70	3.6	0.012649
70	3.7	0.012264
70	3.8	0.0107
70	3.9	0.0084975
70	4	0.0081876
80	-4	0.0067605
80	-3.9	0.0067557
80	-3.8	0.0078942
80	-3.7	0.0090876
80	-3.6	0.010052
80	-3.5	0.0093124
80	-3.4	0.0085883
80	-3.3	0.0089369
80	-3.2	0.011378
80	-3.1	0.013276
80	-3	0.016846
80	-2.9	0.018354
80	-2.8	0.019149
80	-2.7	0.019133
80	-2.6	0.019361
80	-2.5	0.022606
80	-2.4	0.026345
80	-2.3	0.028049
80	-2.2	0.032429
80	-2.1	0.03397
80	-2	0.035004
80	-1.9	0.034827
80	-1.8	0.034493
80	-1.7	0.034717
80	-1.6	0.036717
80	-1.5	0.037311
80	-1.4	0.038304
80	-1.3	0.037081
80	-1.2	0.036133
80	-1.1	0.036594
80	-1	0.041633
80	-0.9	0.049295
80	-0.8	0.058389
80	-0.7	0.063015
80	-0.6	0.068002
80	-0.5	0.068553
80	-0.4	0.065282
80	-0.3	0.057816
80	-0.2	0.047645
80	-0.1	0.041211
80	0	0.031545
80	0.1	0.024222
80	0.2	0.020057
80	0.3	0.018309
80	0.4	0.020801
80	0.5	0.026669
80	0.6	0.033756
80	0.7	0.037129
80	0.8	0.04426
80	0.9	0.052516
80	1	0.053829
80	1.1	0.056206
80	1.2	0.056389
80	1.3	0.056018
80	1.4	0.054001
80	1.5	0.051238
80	1.6	0.049122
80	1.7	0.047344
80	1.8	0.044817
80	1.9	0.041752
80	2	0.038931
80	2.1	0.037015
80	2.2	0.035175
80	2.3	0.033479
80	2.4	0.031937
80	2.5	0.029657
80	2.6	0.028312
80	2.7	0.026893
80	2.8	0.024839
80	2.9	0.021203
80	3	0.019901
80	3.1	0.018694
80	3.2	0.017609
80	3.3	0.01498
80	3.4	0.014729
80	3.5	0.013532
80	3.6	0.013087
80	3.7	0.011715
80	3.8	0.011103
80	3.9	0.0094263
80	4	0.0089982
90	-4	0.0058423
90	-3.9	0.0061496
90	-3.8	0.0072228
90	-3.7	0.0092515
90	-3.6	0.010722
90	-3.5	0.010686
90	-3.4	0.0099419
90	-3.3	0.008888
90	-3.2	0.0095489
90	-3.1	0.012462
90	-3	0.014887
90	-2.9	0.017267
90	-2.8	0.018618
90	-2.7	0.018798
90	-2.6	0.019889
90	-2.5	0.02265
90	-2.4	0.026676
90	-2.3	0.030326
90	-2.2	0.033841
90	-2.1	0.035333
90	-2	0.035234
90	-1.9	0.034474
90	-1.8	0.033501
90	-1.7	0.033872
90	-1.6	0.036102
90	-1.5	0.038566
90	-1.4	0.039418
90	-1.3	0.038524
90	-1.2	0.037177
90	-1.1	0.036464
90	-1	0.0403
90	-0.9	0.04694
90	-0.8	0.053946
90	-0.7	0.060393
90	-0.6	0.065629
90	-0.5	0.066941
90	-0.4	0.065259
90	-0.3	0.059701
90	-0.2	0.052473
90	-0.1	0.042798
90	0	0.032281
90	0.1	0.02544
90	0.2	0.020563
90	0.3	0.019383
90	0.4	0.021171
90	0.5	0.026433
90	0.6	0.028439
90	0.7	0.037034
90	0.8	0.040793
90	0.9	0.044458
90	1	0.050562
90	1.1	0.05499
90	1.2	0.056609
90	1.3	0.057884
90	1.4	0.05625
90	1.5	0.053783
90	1.6	0.049382
90	1.7	0.04599
90	1.8	0.043655
90	1.9	0.041926
90	2	0.040008
90	2.1	0.039035
90	2.2	0.03792
90	2.3	0.036738
90	2.4	0.034253
90	2.5	0.03118
90	2.6	0.028961
90	2.7	0.026425
90	2.8	0.025537
90	2.9	0.023901
90	3	0.022684
90	3.1	0.021793
90	3.2	0.018747
90	3.3	0.016301
90	3.4	0.014567
90	3.5	0.013192
90	3.6	0.012927
90	3.7	0.012504
90	3.8	0.012118
90	3.9	0.010238
90	4	0.0099338
100	-4	0.0069491
100	-3.9	0.0075723
100	-3.8	0.0082525
100	-3.7	0.009116
100	-3.6	0.010103
100	-3.5	0.0096432
100	-3.4	0.0095641
100	-3.3	0.010178
100	-3.2	0.012421
100	-3.1	0.013707
100	-3	0.015677
100	-2.9	0.016249
100	-2.8	0.016886
100	-2.7	0.017932
100	-2.6	0.018848
100	-2.5	0.022866
100	-2.4	0.027862
100	-2.3	0.030992
100	-2.2	0.03383
100	-2.1	0.035117
100	-2	0.035094
100	-1.9	0.033863
100	-1.8	0.032946
100	-1.7	0.033519
100	-1.6	0.035807
100	-1.5	0.038967
100	-1.4	0.039381
100	-1.3	0.038496
100	-1.2	0.037389
100	-1.1	0.036579
100	-1	0.040566
100	-0.9	0.048587
100	-0.8	0.055009
100	-0.7	0.064062
100	-0.6	0.069398
100	-0.5	0.071581
100	-0.4	0.068353
100	-0.3	0.06247
100	-0.2	0.053862
100	-0.1	0.044837
100	0	0.032688
100	0.1	0.025253
100	0.2	0.019812
100	0.3	0.018495
100	0.4	0.019353
100	0.5	0.023663
100	0.6	0.027673
100	0.7	0.034876
100	0.8	0.042696
100	0.9	0.049607
100	1	0.053407
100	1.1	0.057683
100	1.2	0.057934
100	1.3	0.056984
100	1.4	0.054541
100	1.5	0.051956
100	1.6	0.049181
100	1.7	0.047102
100	1.8	0.044701
100	1.9	0.042566
100	2	0.040403
100	2.1	0.037627
100	2.2	0.035786
100	2.3	0.034293
100	2.4	0.031646
100	2.5	0.030967
100	2.6	0.02982
100	2.7	0.028578
100	2.8	0.026984
100	2.9	0.025161
100	3	0.023162
100	3.1	0.022021
100	3.2	0.020636
100	3.3	0.018767
100	3.4	0.017541
100	3.5	0.01573
100	3.6	0.013635
100	3.7	0.01278
100	3.8	0.012397
100	3.9	0.012549
100	4	0.012293
110	-4	0.0068578
110	-3.9	0.0072116
110	-3.8	0.0083788
110	-3.7	0.0081102
110	-3.6	0.009248
110	-3.5	0.0099371
110	-3.4	0.0098979
110	-3.3	0.0099322
110	-3.2	0.010731
110	-3.1	0.012344
110	-3	0.014846
110	-2.9	0.015514
110	-2.8	0.016405
110	-2.7	0.017406
110	-2.6	0.019005
110	-2.5	0.02185
110	-2.4	0.025675
110	-2.3	0.030009
110	-2.2	0.032096
110	-2.1	0.033103
110	-2	0.032789
110	-1.9	0.032814
110	-1.8	0.033117
110	-1.7	0.033745
110	-1.6	0.035536
110	-1.5	0.036628
110	-1.4	0.036733
110	-1.3	0.036196
110	-1.2	0.034867
110	-1.1	0.035498
110	-1	0.040142
110	-0.9	0.047945
110	-0.8	0.057249
110	-0.7	0.0644
110	-0.6	0.067925
110	-0.5	0.069924
110	-0.4	0.06434
110	-0.3	0.059421
110	-0.2	0.05393
110	-0.1	0.04085
110	0	0.031585
110	0.1	0.024394
110	0.2	0.019693
110	0.3	0.018071
110	0.4	0.019185
110	0.5	0.023252
110	0.6	0.025401
110	0.7	0.034045
110	0.8	0.037241
110	0.9	0.046096
110	1	0.049937
110	1.1	0.054781
110	1.2	0.056243
110	1.3	0.05707
110	1.4	0.055882
110	1.5	0.053015
110	1.6	0.050313
110	1.7	0.047965
110	1.8	0.045633
110	1.9	0.042987
110	2	0.041286
110	2.1	0.040361
110	2.2	0.039693
110	2.3	0.038465
110	2.4	0.036534
110	2.5	0.034882
110	2.6	0.033032
110	2.7	0.030859
110	2.8	0.02779
110	2.9	0.026474
110	3	0.025215
110	3.1	0.024314
110	3.2	0.022499
110	3.3	0.020067
110	3.4	0.01749
110	3.5	0.015987
110	3.6	0.014558
110	3.7	0.014243
110	3.8	0.01369
110	3.9	0.013229
110	4	0.012772
120	-4	0.0064145
120	-3.9	0.007467
120	-3.8	0.0090448
120	-3.7	0.010068
120	-3.6	0.010246
120	-3.5	0.0099549
120	-3.4	0.0091496
120	-3.3	0.0086726
120	-3.2	0.010432
120	-3.1	0.014192
120	-3	0.017497
120	-2.9	0.019251
120	-2.8	0.019233
120	-2.7	0.018727
120	-2.6	0.019272
120	-2.5	0.020724
120	-2.4	0.024967
120	-2.3	0.029264
120	-2.2	0.033108
120	-2.1	0.034488
120	-2	0.034907
120	-1.9	0.03443
120	-1.8	0.03359
120	-1.7	0.034184
120	-1.6	0.035408
120	-1.5	0.037029
120	-1.4	0.037916
120	-1.3	0.037133
120	-1.2	0.035546
120	-1.1	0.035477
120	-1	0.038619
120	-0.9	0.04654
120	-0.8	0.057073
120	-0.7	0.0637
120	-0.6	0.070165
120	-0.5	0.071485
120	-0.4	0.068513
120	-0.3	0.059174
120	-0.2	0.05248
120	-0.1	0.040119
120	0	0.026709
120	0.1	0.022568
120	0.2	0.017689
120	0.3	0.018206
120	0.4	0.020287
120	0.5	0.024377
120	0.6	0.029745
120	0.7	0.033877
120	0.8	0.043842
120	0.9	0.049052
120	1	0.053739
120	1.1	0.057458
120	1.2	0.059122
120	1.3	0.059419
120	1.4	0.057472
120	1.5	0.05353
120	1.6	0.048996
120	1.7	0.046339
120	1.8	0.042327
120	1.9	0.039519
120	2	0.037662
120	2.1	0.03709
120	2.2	0.036221
120	2.3	0.034142
120	2.4	0.031431
120	2.5	0.029833
120	2.6	0.027708
120	2.7	0.02635
120	2.8	0.024905
120	2.9	0.023985
120	3	0.022844
120	3.1	0.021083
120	3.2	0.01936
120	3.3	0.017201
120	3.4	0.016168
120	3.5	0.015535
120	3.6	0.015067
120	3.7	0.014323
120	3.8	0.012863
120	3.9	0.012345
120	4	0.011177
130	-4	0.0063994
130	-3.9	0.0075123
130	-3.8	0.0086857
130	-3.7	0.0094417
130	-3.6	0.01002
130	-3.5	0.0095269
130	-3.4	0.0083904
130	-3.3	0.0099387
130	-3.2	0.010979
130	-3.1	0.014361
130	-3	0.016342
130	-2.9	0.017322
130	-2.8	0.017939
130	-2.7	0.018718
130	-2.6	0.019626
130	-2.5	0.022581
130	-2.4	0.026981
130	-2.3	0.029666
130	-2.2	0.032668
130	-2.1	0.034967
130	-2	0.03537
130	-1.9	0.035205
130	-1.8	0.034668
130	-1.7	0.034438
130	-1.6	0.035019
130	-1.5	0.036141
130	-1.4	0.036882
130	-1.3	0.036695
130	-1.2	0.03593
130	-1.1	0.037034
130	-1	0.041765
130	-0.9	0.04611
130	-0.8	0.054122
130	-0.7	0.062435
130	-0.6	0.066456
130	-0.5	0.066136
130	-0.4	0.06382
130	-0.3	0.057096
130	-0.2	0.05087
130	-0.1	0.04057
130	0	0.03049
130	0.1	0.023747
130	0.2	0.018112
130	0.3	0.016656
130	0.4	0.018971
130	0.5	0.022018
130	0.6	0.02764
130	0.7	0.032212
130	0.8	0.040902
130	0.9	0.045831
130	1	0.051211
130	1.1	0.05383
130	1.2	0.056548
130	1.3	0.058198
130	1.4	0.056398
130	1.5	0.054816
130	1.6	0.050624
130	1.7	0.048079
130	1.8	0.043771
130	1.9	0.041003
130	2	0.038813
130	2.1	0.037613
130	2.2	0.037119
130	2.3	0.035526
130	2.4	0.033417
130	2.5	0.031986
130	2.6	0.029887
130	2.7	0.02642
130	2.8	0.023854
130	2.9	0.022927
130	3	0.02148
130	3.1	0.020322
130	3.2	0.0187
130	3.3	0.01646
130	3.4	0.015133
130	3.5	0.014136
130	3.6	0.013799
130	3.7	0.01256
130	3.8	0.010967
130	3.9	0.010619
130	4	0.0095726
140	-4	0.0073777
140	-3.9	0.008423
140	-3.8	0.0097565
140	-3.7	0.011733
140	-3.6	0.011935
140	-3.5	0.010445
140	-3.4	0.0091195
140	-3.3	0.0092846
140	-3.2	0.011302
140	-3.1	0.015168
140	-3	0.018699
140	-2.9	0.019673
140	-2.8	0.018982
140	-2.7	0.018334
140	-2.6	0.01929
140	-2.5	0.021225
140	-2.4	0.026021
140	-2.3	0.029425
140	-2.2	0.033218
140	-2.1	0.035158
140	-2	0.035513
140	-1.9	0.033923
140	-1.8	0.032884
140	-1.7	0.032078
140	-1.6	0.033693
140	-1.5	0.035523
140	-1.4	0.036652
140	-1.3	0.036579
140	-1.2	0.034542
140	-1.1	0.034204
140	-1	0.037256
140	-0.9	0.045412
140	-0.8	0.051555
140	-0.7	0.060215
140	-0.6	0.065212
140	-0.5	0.066633
140	-0.4	0.065398
140	-0.3	0.05913
140	-0.2	0.051526
140	-0.1	0.038996
140	0	0.031447
140	0.1	0.022805
140	0.2	0.015337
140	0.3	0.015164
140	0.4	0.018092
140	0.5	0.02178
140	0.6	0.028202
140	0.7	0.034431
140	0.8	0.042076
140	0.9	0.046802
140	1	0.053646
140	1.1	0.056831
140	1.2	0.058542
140	1.3	0.05744
140	1.4	0.055726
140	1.5	0.051014
140	1.6	0.047796
140	1.7	0.044838
140	1.8	0.04154
140	1.9	0.037377
140	2	0.035597
140	2.1	0.034767
140	2.2	0.033031
140	2.3	0.030555
140	2.4	0.028712
140	2.5	0.027245
140	2.6	0.025139
140	2.7	0.023338
140	2.8	0.021335
140	2.9	0.020257
140	3	0.01922
140	3.1	0.017825
140	3.2	0.015966
140	3.3	0.013357
140	3.4	0.012493
140	3.5	0.011356
140	3.6	0.011106
140	3.7	0.01079
140	3.8	0.010222
140	3.9	0.010438
140	4	0.0098275
150	-4	0.0071123
150	-3.9	0.0097879
150	-3.8	0.011109
150	-3.7	0.011814
150	-3.6	0.011177
150	-3.5	0.0098373
150	-3.4	0.008846
150	-3.3	0.0090911
150	-3.2	0.012655
150	-3.1	0.014768
150	-3	0.016744
150	-2.9	0.017007
150	-2.8	0.01688
150	-2.7	0.017672
150	-2.6	0.019997
150	-2.5	0.022739
150	-2.4	0.028137
150	-2.3	0.031383
150	-2.2	0.033417
150	-2.1	0.033735
150	-2	0.033571
150	-1.9	0.03337
150	-1.8	0.033784
150	-1.7	0.034906
150	-1.6	0.036521
150	-1.5	0.037693
150	-1.4	0.036925
150	-1.3	0.034585
150	-1.2	0.033191
150	-1.1	0.033258
150	-1	0.039508
150	-0.9	0.046508
150	-0.8	0.054767
150	-0.7	0.060472
150	-0.6	0.064339
150	-0.5	0.063814
150	-0.4	0.059579
150	-0.3	0.052349
150	-0.2	0.043083
150	-0.1	0.031934
150	0	0.025249
150	0.1	0.018035
150	0.2	0.014558
150	0.3	0.014438
150	0.4	0.018304
150	0.5	0.020116
150	0.6	0.02471
150	0.7	0.033668
150	0.8	0.037268
150	0.9	0.043314
150	1	0.049107
150	1.1	0.052509
150	1.2	0.054389
150	1.3	0.054199
150	1.4	0.053311
150	1.5	0.048688
150	1.6	0.046916
150	1.7	0.042698
150	1.8	0.038771
150	1.9	0.035428
150	2	0.033906
150	2.1	0.033728
150	2.2	0.033189
150	2.3	0.0318
150	2.4	0.029929
150	2.5	0.027471
150	2.6	0.02636
150	2.7	0.024151
150	2.8	0.022355
150	2.9	0.021378
150	3	0.020919
150	3.1	0.019721
150	3.2	0.017551
150	3.3	0.015409
150	3.4	0.013783
150	3.5	0.012336
150	3.6	0.01202
150	3.7	0.011465
150	3.8	0.011838
150	3.9	0.01159
150	4	0.010387
160	-4	0.007358
160	-3.9	0.0087117
160	-3.8	0.010127
160	-3.7	0.011378
160	-3.6	0.011332
160	-3.5	0.011314
160	-3.4	0.010893
160	-3.3	0.011203
160	-3.2	0.012571
160	-3.1	0.014537
160	-3	0.016504
160	-2.9	0.017537
160	-2.8	0.018041
160	-2.7	0.0192
160	-2.6	0.020725
160	-2.5	0.022703
160	-2.4	0.025208
160	-2.3	0.028192
160	-2.2	0.029705
160	-2.1	0.031272
160	-2	0.032517
160	-1.9	0.033052
160	-1.8	0.033308
160	-1.7	0.033486
160	-1.6	0.033329
160	-1.5	0.032895
160	-1.4	0.032527
160	-1.3	0.031157
160	-1.2	0.030696
160	-1.1	0.032609
160	-1	0.037741
160	-0.9	0.044432
160	-0.8	0.051618
160	-0.7	0.057668
160	-0.6	0.060097
160	-0.5	0.05961
160	-0.4	0.052748
160	-0.3	0.048943
160	-0.2	0.040135
160	-0.1	0.0273
160	0	0.022293
160	0.1	0.015482
160	0.2	0.012058
160	0.3	0.013385
160	0.4	0.015038
160	0.5	0.018707
160	0.6	0.024171
160	0.7	0.03048
160	0.8	0.040336
160	0.9	0.043578
160	1	0.0499
160	1.1	0.053975
160	1.2	0.055748
160	1.3	0.054995
160	1.4	0.051566
160	1.5	0.046442
160	1.6	0.042278
160	1.7	0.039812
160	1.8	0.03595
160	1.9	0.03401
160	2	0.033623
160	2.1	0.032633
160	2.2	0.031217
160	2.3	0.029952
160	2.4	0.027366
160	2.5	0.024867
160	2.6	0.022979
160	2.7	0.021634
160	2.8	0.019418
160	2.9	0.018334
160	3	0.016467
160	3.1	0.014796
160	3.2	0.013032
160	3.3	0.012001
160	3.4	0.010754
160	3.5	0.010361
160	3.6	0.010118
160	3.7	0.01029
160	3.8	0.01009
160	3.9	0.0094434
160	4	0.0088625
170	-4	0.007358
170	-3.9	0.0080603
170	-3.8	0.0090858
170	-3.7	0.0098456
170	-3.6	0.009857
170	-3.5	0.0092305
170	-3.4	0.0093089
170	-3.3	0.0097449
170	-3.2	0.011326
170	-3.1	0.012318
170	-3	0.013691
170	-2.9	0.014084
170	-2.8	0.014288
170	-2.7	0.015706
170	-2.6	0.018132
170	-2.5	0.021639
170	-2.4	0.025826
170	-2.3	0.028087
170	-2.2	0.029717
170	-2.1	0.030225
170	-2	0.030522
170	-1.9	0.030479
170	-1.8	0.031706
170	-1.7	0.032799
170	-1.6	0.034064
170	-1.5	0.034372
170	-1.4	0.034162
170	-1.3	0.031765
170	-1.2	0.030656
170	-1.1	0.03244
170	-1	0.03924
170	-0.9	0.043826
170	-0.8	0.05395
170	-0.7	0.058389
170	-0.6	0.059758
170	-0.5	0.056675
170	-0.4	0.053575
170	-0.3	0.040921
170	-0.2	0.030783
170	-0.1	0.026002
170	0	0.016712
170	0.1	0.012299
170	0.2	0.010682
170	0.3	0.011703
170	0.4	0.015148
170	0.5	0.018516
170	0.6	0.026882
170	0.7	0.031219
170	0.8	0.038685
170	0.9	0.044352
170	1	0.04833
170	1.1	0.050818
170	1.2	0.051491
170	1.3	0.048848
170	1.4	0.046762
170	1.5	0.043558
170	1.6	0.040634
170	1.7	0.036328
170	1.8	0.032149
170	1.9	0.031142
170	2	0.028953
170	2.1	0.028471
170	2.2	0.027366
170	2.3	0.026448
170	2.4	0.02527
170	2.5	0.024256
170	2.6	0.021969
170	2.7	0.019715
170	2.8	0.017476
170	2.9	0.016104
170	3	0.015518
170	3.1	0.013392
170	3.2	0.012749
170	3.3	0.011654
170	3.4	0.010914
170	3.5	0.0097416
170	3.6	0.0087984
170	3.7	0.0088278
170	3.8	0.0083013
170	3.9	0.0085203
170	4	0.0082053
180	-4	0.0070346
180	-3.9	0.008769
180	-3.8	0.0097515
180	-3.7	0.0097366
180	-3.6	0.0093349
180	-3.5	0.0085487
180	-3.4	0.0086726
180	-3.3	0.0098881
180	-3.2	0.011826
180	-3.1	0.013589
180	-3	0.01352
180	-2.9	0.012899
180	-2.8	0.012838
180	-2.7	0.016038
180	-2.6	0.019911
180	-2.5	0.02283
180	-2.4	0.026448
180	-2.3	0.02765
180	-2.2	0.028271
180	-2.1	0.028489
180	-2	0.029821
180	-1.9	0.03186
180	-1.8	0.034748
180	-1.7	0.036376
180	-1.6	0.036114
180	-1.5	0.034608
180	-1.4	0.031137
180	-1.3	0.027536
180	-1.2	0.028484
180	-1.1	0.035298
180	-1	0.041008
180	-0.9	0.0501
180	-0.8	0.054248
180	-0.7	0.057966
180	-0.6	0.056738
180	-0.5	0.052983
180	-0.4	0.044739
180	-0.3	0.036418
180	-0.2	0.024823
180	-0.1	0.017437
180	0	0.012042
180	0.1	0.0099906
180	0.2	0.010841
180	0.3	0.014182
180	0.4	0.017137
180	0.5	0.021929
180	0.6	0.026384
180	0.7	0.032118
180	0.8	0.039886
180	0.9	0.043817
180	1	0.04506
180	1.1	0.047265
180	1.2	0.046939
180	1.3	0.045296
180	1.4	0.042242
180	1.5	0.039472
180	1.6	0.035531
180	1.7	0.031716
180	1.8	0.030142
180	1.9	0.028391
180	2	0.028062
180	2.1	0.02809
180	2.2	0.027557
180	2.3	0.026281
180	2.4	0.02457
180	2.5	0.023186
180	2.6	0.019751
180	2.7	0.018868
180	2.8	0.01732
180	2.9	0.016522
180	3	0.015914
180	3.1	0.014449
180	3.2	0.012669
180	3.3	0.011821
180	3.4	0.010616
180	3.5	0.0096147
180	3.6	0.0093315
180	3.7	0.0093419
180	3.8	0.0097731
180	3.9	0.0094451
180	4	0.0086128
 
Uniformity Ratio =0.43444
