12-Dec-2017
8:39
TXR  007941 RM428 R24
33511B Function Generator
SN =Agilent Technologies,33511B,MY52301476,3.05-1.19-2.00-52-00
freq =+9.210000000000000E+06
burstmode =TRIG
burstN =+6.000000000000000E+01
voltage =+1.5000000000000E-01
 
DSO-X 2022A Oscilloscope
SN =AGILENT TECHNOLOGIES,DSO-X 2022A,MY54310921,02.41.2015102200
probe =+1.0000000E+00
scale =+500.0E-09
position =+19.900000E-06
range =+1.60E+00
units =VOLT
points =+2000
pointmode =NORM
format =BYTE
acqtype =NORM
trigsource =EXT
coupling =AC
 
-180	-4	0.0085959
-180	-3.9	0.010577
-180	-3.8	0.011291
-180	-3.7	0.011177
-180	-3.6	0.011259
-180	-3.5	0.011552
-180	-3.4	0.012303
-180	-3.3	0.01408
-180	-3.2	0.016385
-180	-3.1	0.018107
-180	-3	0.019631
-180	-2.9	0.020887
-180	-2.8	0.021924
-180	-2.7	0.023184
-180	-2.6	0.025593
-180	-2.5	0.029923
-180	-2.4	0.032007
-180	-2.3	0.03389
-180	-2.2	0.034126
-180	-2.1	0.033742
-180	-2	0.033203
-180	-1.9	0.033429
-180	-1.8	0.035661
-180	-1.7	0.037915
-180	-1.6	0.040327
-180	-1.5	0.04082
-180	-1.4	0.041301
-180	-1.3	0.041498
-180	-1.2	0.043877
-180	-1.1	0.047286
-180	-1	0.053866
-180	-0.9	0.06258
-180	-0.8	0.067479
-180	-0.7	0.06958
-180	-0.6	0.067185
-180	-0.5	0.063479
-180	-0.4	0.058004
-180	-0.3	0.043721
-180	-0.2	0.035272
-180	-0.1	0.029448
-180	0	0.024094
-180	0.1	0.022696
-180	0.2	0.023515
-180	0.3	0.026837
-180	0.4	0.031633
-180	0.5	0.037072
-180	0.6	0.043578
-180	0.7	0.050149
-180	0.8	0.054476
-180	0.9	0.057934
-180	1	0.059972
-180	1.1	0.060301
-180	1.2	0.059722
-180	1.3	0.056754
-180	1.4	0.052993
-180	1.5	0.049815
-180	1.6	0.048159
-180	1.7	0.044843
-180	1.8	0.042357
-180	1.9	0.040153
-180	2	0.039232
-180	2.1	0.037762
-180	2.2	0.035387
-180	2.3	0.033448
-180	2.4	0.03055
-180	2.5	0.027998
-180	2.6	0.025182
-180	2.7	0.023842
-180	2.8	0.022646
-180	2.9	0.021729
-180	3	0.020928
-180	3.1	0.018724
-180	3.2	0.016748
-180	3.3	0.014376
-180	3.4	0.01356
-180	3.5	0.013671
-180	3.6	0.013169
-180	3.7	0.01282
-180	3.8	0.012246
-180	3.9	0.011268
-180	4	0.010098
-170	-4	0.0083421
-170	-3.9	0.0091972
-170	-3.8	0.010376
-170	-3.7	0.011965
-170	-3.6	0.01208
-170	-3.5	0.013632
-170	-3.4	0.015393
-170	-3.3	0.016901
-170	-3.2	0.018261
-170	-3.1	0.01971
-170	-3	0.020207
-170	-2.9	0.020944
-170	-2.8	0.023064
-170	-2.7	0.024313
-170	-2.6	0.027614
-170	-2.5	0.029837
-170	-2.4	0.03278
-170	-2.3	0.03371
-170	-2.2	0.033462
-170	-2.1	0.033629
-170	-2	0.033894
-170	-1.9	0.034788
-170	-1.8	0.036133
-170	-1.7	0.038179
-170	-1.6	0.039478
-170	-1.5	0.040257
-170	-1.4	0.040901
-170	-1.3	0.042701
-170	-1.2	0.044749
-170	-1.1	0.049258
-170	-1	0.056428
-170	-0.9	0.059551
-170	-0.8	0.065944
-170	-0.7	0.066124
-170	-0.6	0.063554
-170	-0.5	0.0596
-170	-0.4	0.050911
-170	-0.3	0.042704
-170	-0.2	0.033602
-170	-0.1	0.029239
-170	0	0.025223
-170	0.1	0.022758
-170	0.2	0.02395
-170	0.3	0.02632
-170	0.4	0.03269
-170	0.5	0.038647
-170	0.6	0.044905
-170	0.7	0.04969
-170	0.8	0.054225
-170	0.9	0.057684
-170	1	0.058437
-170	1.1	0.058761
-170	1.2	0.056758
-170	1.3	0.054847
-170	1.4	0.051724
-170	1.5	0.049003
-170	1.6	0.047219
-170	1.7	0.043746
-170	1.8	0.04126
-170	1.9	0.038911
-170	2	0.03763
-170	2.1	0.035712
-170	2.2	0.03253
-170	2.3	0.030515
-170	2.4	0.029179
-170	2.5	0.026761
-170	2.6	0.025066
-170	2.7	0.022653
-170	2.8	0.020879
-170	2.9	0.019292
-170	3	0.017709
-170	3.1	0.016262
-170	3.2	0.01444
-170	3.3	0.013992
-170	3.4	0.013006
-170	3.5	0.012581
-170	3.6	0.011534
-170	3.7	0.010946
-170	3.8	0.010917
-170	3.9	0.009839
-170	4	0.0085789
-160	-4	0.0103
-160	-3.9	0.010674
-160	-3.8	0.010799
-160	-3.7	0.0097797
-160	-3.6	0.0089946
-160	-3.5	0.0097283
-160	-3.4	0.013818
-160	-3.3	0.016375
-160	-3.2	0.019029
-160	-3.1	0.020729
-160	-3	0.020495
-160	-2.9	0.019441
-160	-2.8	0.019329
-160	-2.7	0.020473
-160	-2.6	0.025669
-160	-2.5	0.030243
-160	-2.4	0.034505
-160	-2.3	0.035852
-160	-2.2	0.035065
-160	-2.1	0.033097
-160	-2	0.030624
-160	-1.9	0.031636
-160	-1.8	0.0333
-160	-1.7	0.037335
-160	-1.6	0.040053
-160	-1.5	0.041384
-160	-1.4	0.041627
-160	-1.3	0.041366
-160	-1.2	0.04405
-160	-1.1	0.048415
-160	-1	0.053995
-160	-0.9	0.063212
-160	-0.8	0.066652
-160	-0.7	0.068095
-160	-0.6	0.064294
-160	-0.5	0.060392
-160	-0.4	0.050074
-160	-0.3	0.039032
-160	-0.2	0.029948
-160	-0.1	0.021741
-160	0	0.019374
-160	0.1	0.018632
-160	0.2	0.022655
-160	0.3	0.028747
-160	0.4	0.033654
-160	0.5	0.041333
-160	0.6	0.046003
-160	0.7	0.053315
-160	0.8	0.056794
-160	0.9	0.058593
-160	1	0.058381
-160	1.1	0.05664
-160	1.2	0.054741
-160	1.3	0.052895
-160	1.4	0.050808
-160	1.5	0.047983
-160	1.6	0.046067
-160	1.7	0.0402
-160	1.8	0.037544
-160	1.9	0.03457
-160	2	0.033046
-160	2.1	0.031525
-160	2.2	0.03017
-160	2.3	0.028952
-160	2.4	0.027631
-160	2.5	0.025925
-160	2.6	0.02192
-160	2.7	0.01983
-160	2.8	0.018415
-160	2.9	0.016928
-160	3	0.016502
-160	3.1	0.015262
-160	3.2	0.014489
-160	3.3	0.013483
-160	3.4	0.012025
-160	3.5	0.0112
-160	3.6	0.0095995
-160	3.7	0.0092322
-160	3.8	0.0093522
-160	3.9	0.0091549
-160	4	0.0082974
-150	-4	0.008545
-150	-3.9	0.0093747
-150	-3.8	0.010414
-150	-3.7	0.011362
-150	-3.6	0.011966
-150	-3.5	0.012696
-150	-3.4	0.0147
-150	-3.3	0.016727
-150	-3.2	0.019024
-150	-3.1	0.019909
-150	-3	0.020396
-150	-2.9	0.020623
-150	-2.8	0.021972
-150	-2.7	0.024473
-150	-2.6	0.027338
-150	-2.5	0.029947
-150	-2.4	0.032241
-150	-2.3	0.033221
-150	-2.2	0.032728
-150	-2.1	0.031314
-150	-2	0.030823
-150	-1.9	0.031004
-150	-1.8	0.033568
-150	-1.7	0.035805
-150	-1.6	0.038088
-150	-1.5	0.03823
-150	-1.4	0.038297
-150	-1.3	0.038811
-150	-1.2	0.042541
-150	-1.1	0.048769
-150	-1	0.055668
-150	-0.9	0.060696
-150	-0.8	0.06648
-150	-0.7	0.067681
-150	-0.6	0.064159
-150	-0.5	0.056667
-150	-0.4	0.048731
-150	-0.3	0.040661
-150	-0.2	0.029942
-150	-0.1	0.021732
-150	0	0.019682
-150	0.1	0.018453
-150	0.2	0.020472
-150	0.3	0.024494
-150	0.4	0.029688
-150	0.5	0.038206
-150	0.6	0.04514
-150	0.7	0.053336
-150	0.8	0.057034
-150	0.9	0.059489
-150	1	0.059473
-150	1.1	0.05822
-150	1.2	0.055673
-150	1.3	0.052358
-150	1.4	0.048987
-150	1.5	0.045668
-150	1.6	0.043883
-150	1.7	0.041286
-150	1.8	0.038394
-150	1.9	0.035722
-150	2	0.033931
-150	2.1	0.031476
-150	2.2	0.029379
-150	2.3	0.026036
-150	2.4	0.025337
-150	2.5	0.023976
-150	2.6	0.02242
-150	2.7	0.020512
-150	2.8	0.018705
-150	2.9	0.017513
-150	3	0.016556
-150	3.1	0.014795
-150	3.2	0.014082
-150	3.3	0.01301
-150	3.4	0.012811
-150	3.5	0.011722
-150	3.6	0.011206
-150	3.7	0.010267
-150	3.8	0.01037
-150	3.9	0.010765
-150	4	0.009084
-140	-4	0.011284
-140	-3.9	0.011947
-140	-3.8	0.010848
-140	-3.7	0.0095743
-140	-3.6	0.0088149
-140	-3.5	0.011967
-140	-3.4	0.014516
-140	-3.3	0.017182
-140	-3.2	0.019334
-140	-3.1	0.019626
-140	-3	0.01898
-140	-2.9	0.018728
-140	-2.8	0.019859
-140	-2.7	0.023167
-140	-2.6	0.028621
-140	-2.5	0.03209
-140	-2.4	0.03345
-140	-2.3	0.033343
-140	-2.2	0.031766
-140	-2.1	0.031093
-140	-2	0.031423
-140	-1.9	0.033584
-140	-1.8	0.036943
-140	-1.7	0.038473
-140	-1.6	0.038125
-140	-1.5	0.036922
-140	-1.4	0.036491
-140	-1.3	0.038205
-140	-1.2	0.047148
-140	-1.1	0.056062
-140	-1	0.061827
-140	-0.9	0.066531
-140	-0.8	0.068168
-140	-0.7	0.063847
-140	-0.6	0.056763
-140	-0.5	0.047996
-140	-0.4	0.040819
-140	-0.3	0.028836
-140	-0.2	0.024107
-140	-0.1	0.019836
-140	0	0.019517
-140	0.1	0.020662
-140	0.2	0.023507
-140	0.3	0.030558
-140	0.4	0.034351
-140	0.5	0.041023
-140	0.6	0.046864
-140	0.7	0.052887
-140	0.8	0.055829
-140	0.9	0.057649
-140	1	0.057081
-140	1.1	0.056447
-140	1.2	0.055062
-140	1.3	0.051222
-140	1.4	0.047772
-140	1.5	0.04557
-140	1.6	0.043783
-140	1.7	0.041347
-140	1.8	0.038351
-140	1.9	0.037548
-140	2	0.036957
-140	2.1	0.035338
-140	2.2	0.031852
-140	2.3	0.029778
-140	2.4	0.028276
-140	2.5	0.026137
-140	2.6	0.024418
-140	2.7	0.023059
-140	2.8	0.021713
-140	2.9	0.020397
-140	3	0.018795
-140	3.1	0.015896
-140	3.2	0.013368
-140	3.3	0.012264
-140	3.4	0.012404
-140	3.5	0.012804
-140	3.6	0.011897
-140	3.7	0.010736
-140	3.8	0.010418
-140	3.9	0.009554
-140	4	0.008272
-130	-4	0.012815
-130	-3.9	0.014295
-130	-3.8	0.014074
-130	-3.7	0.012555
-130	-3.6	0.010337
-130	-3.5	0.0101
-130	-3.4	0.012244
-130	-3.3	0.015251
-130	-3.2	0.019438
-130	-3.1	0.020078
-130	-3	0.020384
-130	-2.9	0.020326
-130	-2.8	0.020741
-130	-2.7	0.022703
-130	-2.6	0.025395
-130	-2.5	0.028652
-130	-2.4	0.029853
-130	-2.3	0.030528
-130	-2.2	0.030062
-130	-2.1	0.029824
-130	-2	0.029823
-130	-1.9	0.032029
-130	-1.8	0.033545
-130	-1.7	0.035564
-130	-1.6	0.036088
-130	-1.5	0.035848
-130	-1.4	0.036238
-130	-1.3	0.039909
-130	-1.2	0.0451
-130	-1.1	0.052335
-130	-1	0.05961
-130	-0.9	0.063581
-130	-0.8	0.066088
-130	-0.7	0.064699
-130	-0.6	0.056054
-130	-0.5	0.04916
-130	-0.4	0.039634
-130	-0.3	0.030536
-130	-0.2	0.021568
-130	-0.1	0.017421
-130	0	0.016887
-130	0.1	0.017942
-130	0.2	0.022518
-130	0.3	0.028188
-130	0.4	0.035999
-130	0.5	0.043476
-130	0.6	0.048226
-130	0.7	0.054171
-130	0.8	0.057612
-130	0.9	0.057897
-130	1	0.056247
-130	1.1	0.053425
-130	1.2	0.050245
-130	1.3	0.047548
-130	1.4	0.044812
-130	1.5	0.0426
-130	1.6	0.040942
-130	1.7	0.038325
-130	1.8	0.035458
-130	1.9	0.032648
-130	2	0.031212
-130	2.1	0.028438
-130	2.2	0.026498
-130	2.3	0.025482
-130	2.4	0.024569
-130	2.5	0.023213
-130	2.6	0.021853
-130	2.7	0.019181
-130	2.8	0.017104
-130	2.9	0.015856
-130	3	0.013666
-130	3.1	0.012822
-130	3.2	0.011972
-130	3.3	0.012366
-130	3.4	0.012464
-130	3.5	0.011828
-130	3.6	0.010986
-130	3.7	0.0099938
-130	3.8	0.0098373
-130	3.9	0.0090108
-130	4	0.0090893
-120	-4	0.011811
-120	-3.9	0.01195
-120	-3.8	0.011494
-120	-3.7	0.01042
-120	-3.6	0.010221
-120	-3.5	0.013123
-120	-3.4	0.015425
-120	-3.3	0.018961
-120	-3.2	0.019279
-120	-3.1	0.020007
-120	-3	0.019775
-120	-2.9	0.02047
-120	-2.8	0.022716
-120	-2.7	0.026563
-120	-2.6	0.030446
-120	-2.5	0.03214
-120	-2.4	0.032443
-120	-2.3	0.031475
-120	-2.2	0.031166
-120	-2.1	0.031641
-120	-2	0.033287
-120	-1.9	0.036237
-120	-1.8	0.038486
-120	-1.7	0.038996
-120	-1.6	0.038218
-120	-1.5	0.037046
-120	-1.4	0.038771
-120	-1.3	0.042552
-120	-1.2	0.049396
-120	-1.1	0.057523
-120	-1	0.063725
-120	-0.9	0.06555
-120	-0.8	0.064114
-120	-0.7	0.056558
-120	-0.6	0.047716
-120	-0.5	0.041429
-120	-0.4	0.02811
-120	-0.3	0.021623
-120	-0.2	0.016897
-120	-0.1	0.016594
-120	0	0.017957
-120	0.1	0.020278
-120	0.2	0.026192
-120	0.3	0.034212
-120	0.4	0.039548
-120	0.5	0.04646
-120	0.6	0.052425
-120	0.7	0.05644
-120	0.8	0.057659
-120	0.9	0.057131
-120	1	0.055786
-120	1.1	0.054325
-120	1.2	0.051312
-120	1.3	0.046923
-120	1.4	0.044228
-120	1.5	0.04022
-120	1.6	0.038788
-120	1.7	0.036437
-120	1.8	0.034929
-120	1.9	0.034161
-120	2	0.032932
-120	2.1	0.030586
-120	2.2	0.028219
-120	2.3	0.025654
-120	2.4	0.023614
-120	2.5	0.022157
-120	2.6	0.021047
-120	2.7	0.019749
-120	2.8	0.018983
-120	2.9	0.017202
-120	3	0.0151
-120	3.1	0.013542
-120	3.2	0.012604
-120	3.3	0.012883
-120	3.4	0.013744
-120	3.5	0.013765
-120	3.6	0.012374
-120	3.7	0.011575
-120	3.8	0.010679
-120	3.9	0.010045
-120	4	0.0091637
-110	-4	0.010974
-110	-3.9	0.010407
-110	-3.8	0.010686
-110	-3.7	0.011278
-110	-3.6	0.01348
-110	-3.5	0.016151
-110	-3.4	0.017809
-110	-3.3	0.018252
-110	-3.2	0.017067
-110	-3.1	0.016538
-110	-3	0.017468
-110	-2.9	0.020605
-110	-2.8	0.022878
-110	-2.7	0.026897
-110	-2.6	0.028288
-110	-2.5	0.029297
-110	-2.4	0.029078
-110	-2.3	0.02823
-110	-2.2	0.028213
-110	-2.1	0.029875
-110	-2	0.032589
-110	-1.9	0.035392
-110	-1.8	0.036757
-110	-1.7	0.03594
-110	-1.6	0.034416
-110	-1.5	0.03468
-110	-1.4	0.038179
-110	-1.3	0.047676
-110	-1.2	0.052852
-110	-1.1	0.05915
-110	-1	0.063402
-110	-0.9	0.06328
-110	-0.8	0.059295
-110	-0.7	0.053732
-110	-0.6	0.044583
-110	-0.5	0.031792
-110	-0.4	0.023732
-110	-0.3	0.018017
-110	-0.2	0.014196
-110	-0.1	0.013819
-110	0	0.015565
-110	0.1	0.018279
-110	0.2	0.025479
-110	0.3	0.032418
-110	0.4	0.039353
-110	0.5	0.046562
-110	0.6	0.053766
-110	0.7	0.055763
-110	0.8	0.055391
-110	0.9	0.053898
-110	1	0.050645
-110	1.1	0.048369
-110	1.2	0.044996
-110	1.3	0.041496
-110	1.4	0.040158
-110	1.5	0.039094
-110	1.6	0.037421
-110	1.7	0.03503
-110	1.8	0.033202
-110	1.9	0.032305
-110	2	0.030402
-110	2.1	0.029637
-110	2.2	0.026945
-110	2.3	0.024738
-110	2.4	0.022501
-110	2.5	0.019929
-110	2.6	0.017496
-110	2.7	0.015581
-110	2.8	0.015658
-110	2.9	0.015604
-110	3	0.01498
-110	3.1	0.013204
-110	3.2	0.012286
-110	3.3	0.011056
-110	3.4	0.010033
-110	3.5	0.010037
-110	3.6	0.0098176
-110	3.7	0.010348
-110	3.8	0.010795
-110	3.9	0.010153
-110	4	0.0090197
-100	-4	0.010041
-100	-3.9	0.009725
-100	-3.8	0.010156
-100	-3.7	0.011433
-100	-3.6	0.013184
-100	-3.5	0.015242
-100	-3.4	0.016843
-100	-3.3	0.016947
-100	-3.2	0.016443
-100	-3.1	0.015401
-100	-3	0.015508
-100	-2.9	0.018378
-100	-2.8	0.021569
-100	-2.7	0.026328
-100	-2.6	0.028926
-100	-2.5	0.031145
-100	-2.4	0.031507
-100	-2.3	0.030963
-100	-2.2	0.031262
-100	-2.1	0.032378
-100	-2	0.034035
-100	-1.9	0.036233
-100	-1.8	0.036769
-100	-1.7	0.036749
-100	-1.6	0.037075
-100	-1.5	0.038278
-100	-1.4	0.040972
-100	-1.3	0.047597
-100	-1.2	0.055522
-100	-1.1	0.058902
-100	-1	0.062072
-100	-0.9	0.061317
-100	-0.8	0.0554
-100	-0.7	0.048894
-100	-0.6	0.039266
-100	-0.5	0.027986
-100	-0.4	0.02003
-100	-0.3	0.015652
-100	-0.2	0.012763
-100	-0.1	0.012461
-100	0	0.01357
-100	0.1	0.017868
-100	0.2	0.027677
-100	0.3	0.033641
-100	0.4	0.041338
-100	0.5	0.049458
-100	0.6	0.05429
-100	0.7	0.055546
-100	0.8	0.055325
-100	0.9	0.052798
-100	1	0.050729
-100	1.1	0.0477
-100	1.2	0.046044
-100	1.3	0.042729
-100	1.4	0.039417
-100	1.5	0.036619
-100	1.6	0.035307
-100	1.7	0.033251
-100	1.8	0.031923
-100	1.9	0.031239
-100	2	0.030241
-100	2.1	0.027797
-100	2.2	0.024963
-100	2.3	0.023547
-100	2.4	0.021025
-100	2.5	0.018671
-100	2.6	0.017146
-100	2.7	0.015122
-100	2.8	0.014311
-100	2.9	0.013213
-100	3	0.011818
-100	3.1	0.010894
-100	3.2	0.0098554
-100	3.3	0.0097565
-100	3.4	0.0095082
-100	3.5	0.0090466
-100	3.6	0.0083498
-100	3.7	0.0075488
-100	3.8	0.0076867
-100	3.9	0.0077474
-100	4	0.0080221
-90	-4	0.010662
-90	-3.9	0.011733
-90	-3.8	0.012849
-90	-3.7	0.013984
-90	-3.6	0.015173
-90	-3.5	0.015388
-90	-3.4	0.015614
-90	-3.3	0.015514
-90	-3.2	0.015495
-90	-3.1	0.016435
-90	-3	0.018205
-90	-2.9	0.020661
-90	-2.8	0.023677
-90	-2.7	0.025642
-90	-2.6	0.026693
-90	-2.5	0.028109
-90	-2.4	0.029396
-90	-2.3	0.031068
-90	-2.2	0.033477
-90	-2.1	0.035707
-90	-2	0.036492
-90	-1.9	0.036709
-90	-1.8	0.035306
-90	-1.7	0.033407
-90	-1.6	0.033632
-90	-1.5	0.037074
-90	-1.4	0.041025
-90	-1.3	0.048037
-90	-1.2	0.054201
-90	-1.1	0.058209
-90	-1	0.058114
-90	-0.9	0.055922
-90	-0.8	0.048973
-90	-0.7	0.041147
-90	-0.6	0.032691
-90	-0.5	0.024751
-90	-0.4	0.017364
-90	-0.3	0.01436
-90	-0.2	0.012672
-90	-0.1	0.012318
-90	0	0.014871
-90	0.1	0.020095
-90	0.2	0.027704
-90	0.3	0.033488
-90	0.4	0.040656
-90	0.5	0.046891
-90	0.6	0.050561
-90	0.7	0.05334
-90	0.8	0.053593
-90	0.9	0.050808
-90	1	0.048511
-90	1.1	0.045241
-90	1.2	0.04268
-90	1.3	0.038498
-90	1.4	0.03569
-90	1.5	0.035361
-90	1.6	0.034957
-90	1.7	0.03479
-90	1.8	0.033081
-90	1.9	0.030357
-90	2	0.028153
-90	2.1	0.024826
-90	2.2	0.022438
-90	2.3	0.020454
-90	2.4	0.019458
-90	2.5	0.018378
-90	2.6	0.016068
-90	2.7	0.014536
-90	2.8	0.012641
-90	2.9	0.01103
-90	3	0.011115
-90	3.1	0.012071
-90	3.2	0.01193
-90	3.3	0.01217
-90	3.4	0.011276
-90	3.5	0.0097482
-90	3.6	0.0087265
-90	3.7	0.0076445
-90	3.8	0.0077098
-90	3.9	0.0082935
-90	4	0.009116
-80	-4	0.011806
-80	-3.9	0.010793
-80	-3.8	0.010203
-80	-3.7	0.011376
-80	-3.6	0.012874
-80	-3.5	0.014828
-80	-3.4	0.015813
-80	-3.3	0.015495
-80	-3.2	0.013891
-80	-3.1	0.01377
-80	-3	0.016029
-80	-2.9	0.018881
-80	-2.8	0.023569
-80	-2.7	0.025728
-80	-2.6	0.028104
-80	-2.5	0.028509
-80	-2.4	0.029212
-80	-2.3	0.031204
-80	-2.2	0.033694
-80	-2.1	0.035818
-80	-2	0.037329
-80	-1.9	0.036535
-80	-1.8	0.034298
-80	-1.7	0.030349
-80	-1.6	0.028979
-80	-1.5	0.033299
-80	-1.4	0.040921
-80	-1.3	0.04614
-80	-1.2	0.055153
-80	-1.1	0.057372
-80	-1	0.056006
-80	-0.9	0.054251
-80	-0.8	0.044712
-80	-0.7	0.03542
-80	-0.6	0.027227
-80	-0.5	0.019331
-80	-0.4	0.012482
-80	-0.3	0.011309
-80	-0.2	0.010662
-80	-0.1	0.010821
-80	0	0.013378
-80	0.1	0.019497
-80	0.2	0.027329
-80	0.3	0.034332
-80	0.4	0.043168
-80	0.5	0.048246
-80	0.6	0.050277
-80	0.7	0.050343
-80	0.8	0.047806
-80	0.9	0.043987
-80	1	0.040396
-80	1.1	0.037345
-80	1.2	0.034567
-80	1.3	0.032968
-80	1.4	0.031603
-80	1.5	0.030754
-80	1.6	0.030675
-80	1.7	0.028976
-80	1.8	0.027849
-80	1.9	0.026332
-80	2	0.025743
-80	2.1	0.024345
-80	2.2	0.022229
-80	2.3	0.019916
-80	2.4	0.018259
-80	2.5	0.016214
-80	2.6	0.014096
-80	2.7	0.012622
-80	2.8	0.011908
-80	2.9	0.011782
-80	3	0.01111
-80	3.1	0.010331
-80	3.2	0.0093557
-80	3.3	0.0090626
-80	3.4	0.0091831
-80	3.5	0.0095421
-80	3.6	0.0098456
-80	3.7	0.0089152
-80	3.8	0.008562
-80	3.9	0.0081915
-80	4	0.0064872
-70	-4	0.011492
-70	-3.9	0.010973
-70	-3.8	0.011392
-70	-3.7	0.012257
-70	-3.6	0.013064
-70	-3.5	0.013595
-70	-3.4	0.013285
-70	-3.3	0.012631
-70	-3.2	0.011756
-70	-3.1	0.011389
-70	-3	0.014373
-70	-2.9	0.017364
-70	-2.8	0.019774
-70	-2.7	0.022099
-70	-2.6	0.024042
-70	-2.5	0.02555
-70	-2.4	0.027538
-70	-2.3	0.031197
-70	-2.2	0.03477
-70	-2.1	0.037983
-70	-2	0.037564
-70	-1.9	0.033756
-70	-1.8	0.029963
-70	-1.7	0.026283
-70	-1.6	0.027831
-70	-1.5	0.03216
-70	-1.4	0.043077
-70	-1.3	0.050362
-70	-1.2	0.052862
-70	-1.1	0.054632
-70	-1	0.05116
-70	-0.9	0.046501
-70	-0.8	0.036924
-70	-0.7	0.029106
-70	-0.6	0.018872
-70	-0.5	0.014576
-70	-0.4	0.011467
-70	-0.3	0.010348
-70	-0.2	0.009816
-70	-0.1	0.011248
-70	0	0.014422
-70	0.1	0.023195
-70	0.2	0.031101
-70	0.3	0.03587
-70	0.4	0.042828
-70	0.5	0.045962
-70	0.6	0.046787
-70	0.7	0.044422
-70	0.8	0.042619
-70	0.9	0.037891
-70	1	0.034365
-70	1.1	0.032812
-70	1.2	0.031658
-70	1.3	0.030669
-70	1.4	0.030655
-70	1.5	0.030489
-70	1.6	0.030233
-70	1.7	0.029728
-70	1.8	0.027986
-70	1.9	0.026661
-70	2	0.024947
-70	2.1	0.022408
-70	2.2	0.019525
-70	2.3	0.017853
-70	2.4	0.015563
-70	2.5	0.014557
-70	2.6	0.013383
-70	2.7	0.012602
-70	2.8	0.011489
-70	2.9	0.010555
-70	3	0.010601
-70	3.1	0.010754
-70	3.2	0.011338
-70	3.3	0.012009
-70	3.4	0.012235
-70	3.5	0.011883
-70	3.6	0.01048
-70	3.7	0.0091124
-70	3.8	0.0089694
-70	3.9	0.0087228
-70	4	0.0085393
-60	-4	0.012345
-60	-3.9	0.011708
-60	-3.8	0.011784
-60	-3.7	0.012128
-60	-3.6	0.012893
-60	-3.5	0.013216
-60	-3.4	0.012202
-60	-3.3	0.01086
-60	-3.2	0.0091372
-60	-3.1	0.010401
-60	-3	0.013545
-60	-2.9	0.017914
-60	-2.8	0.020918
-60	-2.7	0.022383
-60	-2.6	0.025295
-60	-2.5	0.027467
-60	-2.4	0.031738
-60	-2.3	0.035628
-60	-2.2	0.0386
-60	-2.1	0.037949
-60	-2	0.035613
-60	-1.9	0.030726
-60	-1.8	0.028463
-60	-1.7	0.024635
-60	-1.6	0.026152
-60	-1.5	0.030217
-60	-1.4	0.037348
-60	-1.3	0.046121
-60	-1.2	0.049317
-60	-1.1	0.04965
-60	-1	0.046492
-60	-0.9	0.039892
-60	-0.8	0.029441
-60	-0.7	0.021909
-60	-0.6	0.015115
-60	-0.5	0.011977
-60	-0.4	0.010887
-60	-0.3	0.010489
-60	-0.2	0.010577
-60	-0.1	0.012676
-60	0	0.01578
-60	0.1	0.022589
-60	0.2	0.028125
-60	0.3	0.033766
-60	0.4	0.038741
-60	0.5	0.041359
-60	0.6	0.041568
-60	0.7	0.040313
-60	0.8	0.035695
-60	0.9	0.032895
-60	1	0.027226
-60	1.1	0.025281
-60	1.2	0.023237
-60	1.3	0.022977
-60	1.4	0.024109
-60	1.5	0.025398
-60	1.6	0.026992
-60	1.7	0.026897
-60	1.8	0.025615
-60	1.9	0.022662
-60	2	0.020878
-60	2.1	0.018894
-60	2.2	0.016636
-60	2.3	0.015899
-60	2.4	0.015135
-60	2.5	0.013874
-60	2.6	0.012599
-60	2.7	0.0099305
-60	2.8	0.0080723
-60	2.9	0.007693
-60	3	0.0086614
-60	3.1	0.0097664
-60	3.2	0.010554
-60	3.3	0.010529
-60	3.4	0.009416
-60	3.5	0.0082014
-60	3.6	0.0084
-60	3.7	0.0074908
-60	3.8	0.0084613
-60	3.9	0.0085013
-60	4	0.0084134
-50	-4	0.011579
-50	-3.9	0.010738
-50	-3.8	0.012043
-50	-3.7	0.01332
-50	-3.6	0.014349
-50	-3.5	0.013743
-50	-3.4	0.012184
-50	-3.3	0.010065
-50	-3.2	0.008014
-50	-3.1	0.0091071
-50	-3	0.012036
-50	-2.9	0.0151
-50	-2.8	0.019276
-50	-2.7	0.023052
-50	-2.6	0.024954
-50	-2.5	0.028171
-50	-2.4	0.033533
-50	-2.3	0.036591
-50	-2.2	0.039201
-50	-2.1	0.039863
-50	-2	0.037621
-50	-1.9	0.030735
-50	-1.8	0.023907
-50	-1.7	0.018241
-50	-1.6	0.020399
-50	-1.5	0.028505
-50	-1.4	0.035651
-50	-1.3	0.044434
-50	-1.2	0.0473
-50	-1.1	0.046872
-50	-1	0.043177
-50	-0.9	0.038654
-50	-0.8	0.031202
-50	-0.7	0.023296
-50	-0.6	0.016689
-50	-0.5	0.01301
-50	-0.4	0.010594
-50	-0.3	0.010167
-50	-0.2	0.0099305
-50	-0.1	0.010946
-50	0	0.015747
-50	0.1	0.021221
-50	0.2	0.028438
-50	0.3	0.03439
-50	0.4	0.039575
-50	0.5	0.040876
-50	0.6	0.040619
-50	0.7	0.038693
-50	0.8	0.032053
-50	0.9	0.02917
-50	1	0.024263
-50	1.1	0.023233
-50	1.2	0.023455
-50	1.3	0.025073
-50	1.4	0.02674
-50	1.5	0.027262
-50	1.6	0.028054
-50	1.7	0.027254
-50	1.8	0.025453
-50	1.9	0.024292
-50	2	0.022584
-50	2.1	0.020208
-50	2.2	0.016771
-50	2.3	0.014794
-50	2.4	0.012124
-50	2.5	0.01006
-50	2.6	0.0088643
-50	2.7	0.0094639
-50	2.8	0.010565
-50	2.9	0.011239
-50	3	0.011322
-50	3.1	0.010219
-50	3.2	0.0093471
-50	3.3	0.0082427
-50	3.4	0.0084288
-50	3.5	0.0092252
-50	3.6	0.010215
-50	3.7	0.0094331
-50	3.8	0.0083556
-50	3.9	0.0075188
-50	4	0.0061127
-40	-4	0.010213
-40	-3.9	0.011432
-40	-3.8	0.012738
-40	-3.7	0.014644
-40	-3.6	0.015666
-40	-3.5	0.014428
-40	-3.4	0.012332
-40	-3.3	0.0090822
-40	-3.2	0.0070185
-40	-3.1	0.0086949
-40	-3	0.013809
-40	-2.9	0.018699
-40	-2.8	0.020495
-40	-2.7	0.022335
-40	-2.6	0.023306
-40	-2.5	0.027872
-40	-2.4	0.033995
-40	-2.3	0.03806
-40	-2.2	0.041092
-40	-2.1	0.041448
-40	-2	0.036673
-40	-1.9	0.028841
-40	-1.8	0.022753
-40	-1.7	0.014705
-40	-1.6	0.016131
-40	-1.5	0.029448
-40	-1.4	0.03477
-40	-1.3	0.043156
-40	-1.2	0.048707
-40	-1.1	0.047439
-40	-1	0.044944
-40	-0.9	0.034516
-40	-0.8	0.029993
-40	-0.7	0.022524
-40	-0.6	0.016742
-40	-0.5	0.014028
-40	-0.4	0.012952
-40	-0.3	0.012542
-40	-0.2	0.012136
-40	-0.1	0.014707
-40	0	0.01983
-40	0.1	0.024439
-40	0.2	0.029389
-40	0.3	0.035005
-40	0.4	0.036717
-40	0.5	0.036548
-40	0.6	0.033284
-40	0.7	0.031125
-40	0.8	0.025865
-40	0.9	0.023283
-40	1	0.021372
-40	1.1	0.020906
-40	1.2	0.020649
-40	1.3	0.021104
-40	1.4	0.022311
-40	1.5	0.023919
-40	1.6	0.025995
-40	1.7	0.026622
-40	1.8	0.025707
-40	1.9	0.024653
-40	2	0.02209
-40	2.1	0.018517
-40	2.2	0.01376
-40	2.3	0.012393
-40	2.4	0.010004
-40	2.5	0.009705
-40	2.6	0.0094485
-40	2.7	0.0094946
-40	2.8	0.0094211
-40	2.9	0.0089496
-40	3	0.0092497
-40	3.1	0.009
-40	3.2	0.0091053
-40	3.3	0.0096365
-40	3.4	0.0091619
-40	3.5	0.00973
-40	3.6	0.0088424
-40	3.7	0.0078387
-40	3.8	0.0074692
-40	3.9	0.0075574
-40	4	0.0071936
-30	-4	0.012159
-30	-3.9	0.012545
-30	-3.8	0.013887
-30	-3.7	0.015593
-30	-3.6	0.015716
-30	-3.5	0.014255
-30	-3.4	0.012062
-30	-3.3	0.0075381
-30	-3.2	0.0078798
-30	-3.1	0.011631
-30	-3	0.014463
-30	-2.9	0.018749
-30	-2.8	0.020314
-30	-2.7	0.023077
-30	-2.6	0.026945
-30	-2.5	0.032206
-30	-2.4	0.036052
-30	-2.3	0.039604
-30	-2.2	0.042218
-30	-2.1	0.041979
-30	-2	0.036313
-30	-1.9	0.029685
-30	-1.8	0.021697
-30	-1.7	0.012632
-30	-1.6	0.017054
-30	-1.5	0.026611
-30	-1.4	0.033014
-30	-1.3	0.041914
-30	-1.2	0.045448
-30	-1.1	0.044869
-30	-1	0.041535
-30	-0.9	0.035416
-30	-0.8	0.031425
-30	-0.7	0.025382
-30	-0.6	0.019488
-30	-0.5	0.016988
-30	-0.4	0.014467
-30	-0.3	0.013905
-30	-0.2	0.014215
-30	-0.1	0.015993
-30	0	0.020175
-30	0.1	0.025169
-30	0.2	0.031093
-30	0.3	0.034071
-30	0.4	0.036266
-30	0.5	0.03549
-30	0.6	0.031973
-30	0.7	0.028153
-30	0.8	0.024044
-30	0.9	0.020989
-30	1	0.017912
-30	1.1	0.018427
-30	1.2	0.020088
-30	1.3	0.022872
-30	1.4	0.02468
-30	1.5	0.026201
-30	1.6	0.026494
-30	1.7	0.026339
-30	1.8	0.024783
-30	1.9	0.02242
-30	2	0.020179
-30	2.1	0.017947
-30	2.2	0.014147
-30	2.3	0.011545
-30	2.4	0.0098979
-30	2.5	0.009139
-30	2.6	0.0083052
-30	2.7	0.0082954
-30	2.8	0.0081162
-30	2.9	0.0079044
-30	3	0.0081935
-30	3.1	0.0085639
-30	3.2	0.0088039
-30	3.3	0.0093833
-30	3.4	0.0097333
-30	3.5	0.0099792
-30	3.6	0.0094485
-30	3.7	0.0082505
-30	3.8	0.0074388
-30	3.9	0.0076741
-30	4	0.0072918
-20	-4	0.011747
-20	-3.9	0.011818
-20	-3.8	0.012929
-20	-3.7	0.014486
-20	-3.6	0.014328
-20	-3.5	0.012664
-20	-3.4	0.010769
-20	-3.3	0.0082093
-20	-3.2	0.0072851
-20	-3.1	0.0091655
-20	-3	0.014404
-20	-2.9	0.018294
-20	-2.8	0.022312
-20	-2.7	0.025214
-20	-2.6	0.02786
-20	-2.5	0.032716
-20	-2.4	0.036081
-20	-2.3	0.040604
-20	-2.2	0.043518
-20	-2.1	0.042125
-20	-2	0.03607
-20	-1.9	0.027417
-20	-1.8	0.018354
-20	-1.7	0.010499
-20	-1.6	0.015222
-20	-1.5	0.021418
-20	-1.4	0.03102
-20	-1.3	0.036812
-20	-1.2	0.042794
-20	-1.1	0.043491
-20	-1	0.04208
-20	-0.9	0.039013
-20	-0.8	0.033547
-20	-0.7	0.02878
-20	-0.6	0.023789
-20	-0.5	0.020126
-20	-0.4	0.018068
-20	-0.3	0.016751
-20	-0.2	0.016312
-20	-0.1	0.0176
-20	0	0.020541
-20	0.1	0.024117
-20	0.2	0.027957
-20	0.3	0.031103
-20	0.4	0.032717
-20	0.5	0.032334
-20	0.6	0.029039
-20	0.7	0.026105
-20	0.8	0.022105
-20	0.9	0.018616
-20	1	0.016481
-20	1.1	0.0169
-20	1.2	0.019885
-20	1.3	0.022047
-20	1.4	0.024794
-20	1.5	0.026213
-20	1.6	0.026371
-20	1.7	0.025173
-20	1.8	0.023411
-20	1.9	0.020864
-20	2	0.018603
-20	2.1	0.014893
-20	2.2	0.013935
-20	2.3	0.011874
-20	2.4	0.009234
-20	2.5	0.0086446
-20	2.6	0.007053
-20	2.7	0.0068129
-20	2.8	0.0068294
-20	2.9	0.0081202
-20	3	0.0090358
-20	3.1	0.0091231
-20	3.2	0.0097433
-20	3.3	0.0092322
-20	3.4	0.009554
-20	3.5	0.0092985
-20	3.6	0.0093263
-20	3.7	0.0088862
-20	3.8	0.0090358
-20	3.9	0.0087984
-20	4	0.0086633
-10	-4	0.015887
-10	-3.9	0.015187
-10	-3.8	0.014128
-10	-3.7	0.012784
-10	-3.6	0.011943
-10	-3.5	0.011625
-10	-3.4	0.010065
-10	-3.3	0.0086502
-10	-3.2	0.0073602
-10	-3.1	0.0081142
-10	-3	0.012654
-10	-2.9	0.016488
-10	-2.8	0.020671
-10	-2.7	0.027687
-10	-2.6	0.03038
-10	-2.5	0.035245
-10	-2.4	0.040162
-10	-2.3	0.043783
-10	-2.2	0.044736
-10	-2.1	0.04246
-10	-2	0.035293
-10	-1.9	0.029797
-10	-1.8	0.01962
-10	-1.7	0.012643
-10	-1.6	0.015331
-10	-1.5	0.021934
-10	-1.4	0.031565
-10	-1.3	0.038874
-10	-1.2	0.04313
-10	-1.1	0.045477
-10	-1	0.044645
-10	-0.9	0.042142
-10	-0.8	0.036597
-10	-0.7	0.030697
-10	-0.6	0.024828
-10	-0.5	0.021916
-10	-0.4	0.0189
-10	-0.3	0.017125
-10	-0.2	0.016307
-10	-0.1	0.017295
-10	0	0.019791
-10	0.1	0.025158
-10	0.2	0.029916
-10	0.3	0.034803
-10	0.4	0.037433
-10	0.5	0.03724
-10	0.6	0.035032
-10	0.7	0.028115
-10	0.8	0.024224
-10	0.9	0.019199
-10	1	0.018026
-10	1.1	0.019498
-10	1.2	0.024414
-10	1.3	0.026422
-10	1.4	0.02853
-10	1.5	0.029018
-10	1.6	0.02711
-10	1.7	0.023956
-10	1.8	0.022503
-10	1.9	0.019886
-10	2	0.017977
-10	2.1	0.016534
-10	2.2	0.0148
-10	2.3	0.012929
-10	2.4	0.010748
-10	2.5	0.0071846
-10	2.6	0.0057051
-10	2.7	0.0064597
-10	2.8	0.0092619
-10	2.9	0.0098077
-10	3	0.010063
-10	3.1	0.0096298
-10	3.2	0.0091813
-10	3.3	0.0087283
-10	3.4	0.0080583
-10	3.5	0.0082954
-10	3.6	0.0088989
-10	3.7	0.0093228
-10	3.8	0.0086109
-10	3.9	0.0078942
-10	4	0.0076488
0	-4	0.014449
0	-3.9	0.014965
0	-3.8	0.015317
0	-3.7	0.015625
0	-3.6	0.015256
0	-3.5	0.013764
0	-3.4	0.012029
0	-3.3	0.0089152
0	-3.2	0.0077245
0	-3.1	0.01046
0	-3	0.014076
0	-2.9	0.0171
0	-2.8	0.020497
0	-2.7	0.024519
0	-2.6	0.028653
0	-2.5	0.036238
0	-2.4	0.041492
0	-2.3	0.0461
0	-2.2	0.046436
0	-2.1	0.04454
0	-2	0.038333
0	-1.9	0.028197
0	-1.8	0.02124
0	-1.7	0.013821
0	-1.6	0.015165
0	-1.5	0.021824
0	-1.4	0.03067
0	-1.3	0.040663
0	-1.2	0.043766
0	-1.1	0.044402
0	-1	0.042024
0	-0.9	0.038172
0	-0.8	0.033892
0	-0.7	0.030972
0	-0.6	0.025609
0	-0.5	0.023353
0	-0.4	0.021353
0	-0.3	0.020103
0	-0.2	0.019789
0	-0.1	0.020389
0	0	0.023083
0	0.1	0.025854
0	0.2	0.029285
0	0.3	0.031918
0	0.4	0.033493
0	0.5	0.032267
0	0.6	0.031315
0	0.7	0.025581
0	0.8	0.023491
0	0.9	0.019544
0	1	0.016615
0	1.1	0.016941
0	1.2	0.020151
0	1.3	0.023695
0	1.4	0.026478
0	1.5	0.027518
0	1.6	0.027693
0	1.7	0.026598
0	1.8	0.024908
0	1.9	0.02116
0	2	0.019686
0	2.1	0.016949
0	2.2	0.015265
0	2.3	0.013082
0	2.4	0.01021
0	2.5	0.0094074
0	2.6	0.0084384
0	2.7	0.0088387
0	2.8	0.0090233
0	2.9	0.0095184
0	3	0.0098636
0	3.1	0.0097549
0	3.2	0.0088989
0	3.3	0.0092007
0	3.4	0.0098603
0	3.5	0.010292
0	3.6	0.010606
0	3.7	0.010145
0	3.8	0.0084269
0	3.9	0.0071055
0	4	0.0064597
10	-4	0.012777
10	-3.9	0.013113
10	-3.8	0.013667
10	-3.7	0.015444
10	-3.6	0.016389
10	-3.5	0.016127
10	-3.4	0.013754
10	-3.3	0.01011
10	-3.2	0.0081619
10	-3.1	0.0092916
10	-3	0.013383
10	-2.9	0.018182
10	-2.8	0.022454
10	-2.7	0.02479
10	-2.6	0.027279
10	-2.5	0.033153
10	-2.4	0.037835
10	-2.3	0.043342
10	-2.2	0.046525
10	-2.1	0.047317
10	-2	0.044501
10	-1.9	0.036064
10	-1.8	0.026878
10	-1.7	0.019027
10	-1.6	0.013365
10	-1.5	0.020992
10	-1.4	0.030764
10	-1.3	0.040245
10	-1.2	0.045827
10	-1.1	0.049388
10	-1	0.046801
10	-0.9	0.043128
10	-0.8	0.037933
10	-0.7	0.032245
10	-0.6	0.02645
10	-0.5	0.023247
10	-0.4	0.020183
10	-0.3	0.019027
10	-0.2	0.018071
10	-0.1	0.019155
10	0	0.021467
10	0.1	0.026946
10	0.2	0.029807
10	0.3	0.033772
10	0.4	0.036059
10	0.5	0.036057
10	0.6	0.03315
10	0.7	0.029553
10	0.8	0.025368
10	0.9	0.022571
10	1	0.01975
10	1.1	0.019708
10	1.2	0.021611
10	1.3	0.024138
10	1.4	0.026708
10	1.5	0.027353
10	1.6	0.027494
10	1.7	0.026766
10	1.8	0.023995
10	1.9	0.022685
10	2	0.019203
10	2.1	0.015685
10	2.2	0.013734
10	2.3	0.01027
10	2.4	0.0090555
10	2.5	0.0080883
10	2.6	0.0079146
10	2.7	0.0083576
10	2.8	0.0087579
10	2.9	0.0091089
10	3	0.0091071
10	3.1	0.0090591
10	3.2	0.0082388
10	3.3	0.0081142
10	3.4	0.0082289
10	3.5	0.0081023
10	3.6	0.0088021
10	3.7	0.0085032
10	3.8	0.0076909
10	3.9	0.0080241
10	4	0.0073228
20	-4	0.011868
20	-3.9	0.013846
20	-3.8	0.014948
20	-3.7	0.016089
20	-3.6	0.016144
20	-3.5	0.014955
20	-3.4	0.01194
20	-3.3	0.0077265
20	-3.2	0.0076509
20	-3.1	0.01026
20	-3	0.014043
20	-2.9	0.016097
20	-2.8	0.019496
20	-2.7	0.022245
20	-2.6	0.026531
20	-2.5	0.032812
20	-2.4	0.037898
20	-2.3	0.042404
20	-2.2	0.04495
20	-2.1	0.045348
20	-2	0.043218
20	-1.9	0.036971
20	-1.8	0.02742
20	-1.7	0.019521
20	-1.6	0.014092
20	-1.5	0.019692
20	-1.4	0.029618
20	-1.3	0.039127
20	-1.2	0.047203
20	-1.1	0.048657
20	-1	0.048319
20	-0.9	0.04399
20	-0.8	0.039334
20	-0.7	0.03532
20	-0.6	0.028741
20	-0.5	0.025603
20	-0.4	0.022993
20	-0.3	0.020543
20	-0.2	0.018607
20	-0.1	0.017621
20	0	0.018781
20	0.1	0.022448
20	0.2	0.026942
20	0.3	0.032573
20	0.4	0.035205
20	0.5	0.036585
20	0.6	0.035776
20	0.7	0.032857
20	0.8	0.029995
20	0.9	0.026176
20	1	0.024436
20	1.1	0.024457
20	1.2	0.025913
20	1.3	0.027054
20	1.4	0.028383
20	1.5	0.028056
20	1.6	0.027708
20	1.7	0.025761
20	1.8	0.023879
20	1.9	0.021853
20	2	0.01932
20	2.1	0.017676
20	2.2	0.015185
20	2.3	0.012176
20	2.4	0.0086034
20	2.5	0.0079938
20	2.6	0.0079878
20	2.7	0.0085525
20	2.8	0.0090036
20	2.9	0.0095303
20	3	0.0094057
20	3.1	0.0089568
20	3.2	0.0080803
20	3.3	0.0078593
20	3.4	0.0082505
20	3.5	0.0082896
20	3.6	0.0086484
20	3.7	0.0083884
20	3.8	0.0080482
20	3.9	0.0070986
20	4	0.0069537
30	-4	0.014125
30	-3.9	0.01338
30	-3.8	0.013374
30	-3.7	0.013921
30	-3.6	0.015518
30	-3.5	0.01566
30	-3.4	0.014681
30	-3.3	0.012434
30	-3.2	0.008006
30	-3.1	0.0075595
30	-3	0.010722
30	-2.9	0.015878
30	-2.8	0.019577
30	-2.7	0.022094
30	-2.6	0.02563
30	-2.5	0.032239
30	-2.4	0.036666
30	-2.3	0.04208
30	-2.2	0.045469
30	-2.1	0.047237
30	-2	0.042943
30	-1.9	0.038755
30	-1.8	0.027435
30	-1.7	0.020133
30	-1.6	0.01708
30	-1.5	0.021166
30	-1.4	0.033163
30	-1.3	0.039612
30	-1.2	0.047413
30	-1.1	0.050957
30	-1	0.049823
30	-0.9	0.04517
30	-0.8	0.039646
30	-0.7	0.031176
30	-0.6	0.026082
30	-0.5	0.021513
30	-0.4	0.019021
30	-0.3	0.017913
30	-0.2	0.018157
30	-0.1	0.019552
30	0	0.022316
30	0.1	0.024941
30	0.2	0.027938
30	0.3	0.032439
30	0.4	0.034942
30	0.5	0.035652
30	0.6	0.035343
30	0.7	0.032819
30	0.8	0.028183
30	0.9	0.024927
30	1	0.021794
30	1.1	0.021075
30	1.2	0.021462
30	1.3	0.023639
30	1.4	0.025288
30	1.5	0.026352
30	1.6	0.026531
30	1.7	0.02571
30	1.8	0.023597
30	1.9	0.022637
30	2	0.02051
30	2.1	0.018587
30	2.2	0.017138
30	2.3	0.015451
30	2.4	0.012763
30	2.5	0.0117
30	2.6	0.0093124
30	2.7	0.0086203
30	2.8	0.0094468
30	2.9	0.010323
30	3	0.011342
30	3.1	0.011654
30	3.2	0.011777
30	3.3	0.010683
30	3.4	0.010105
30	3.5	0.0095995
30	3.6	0.009893
30	3.7	0.010153
30	3.8	0.010492
30	3.9	0.01048
30	4	0.010554
40	-4	0.011448
40	-3.9	0.0109
40	-3.8	0.011657
40	-3.7	0.013294
40	-3.6	0.014988
40	-3.5	0.015247
40	-3.4	0.014915
40	-3.3	0.012215
40	-3.2	0.008667
40	-3.1	0.0074605
40	-3	0.0098554
40	-2.9	0.015982
40	-2.8	0.018342
40	-2.7	0.022356
40	-2.6	0.024062
40	-2.5	0.02726
40	-2.4	0.032979
40	-2.3	0.038827
40	-2.2	0.042432
40	-2.1	0.044626
40	-2	0.044626
40	-1.9	0.038883
40	-1.8	0.033236
40	-1.7	0.024984
40	-1.6	0.020145
40	-1.5	0.025451
40	-1.4	0.034707
40	-1.3	0.038454
40	-1.2	0.04703
40	-1.1	0.049509
40	-1	0.04827
40	-0.9	0.045102
40	-0.8	0.038751
40	-0.7	0.030865
40	-0.6	0.02616
40	-0.5	0.023808
40	-0.4	0.019486
40	-0.3	0.01814
40	-0.2	0.016859
40	-0.1	0.01692
40	0	0.018657
40	0.1	0.023937
40	0.2	0.027753
40	0.3	0.032834
40	0.4	0.036073
40	0.5	0.036706
40	0.6	0.037025
40	0.7	0.034919
40	0.8	0.03184
40	0.9	0.030071
40	1	0.025995
40	1.1	0.024394
40	1.2	0.024098
40	1.3	0.0243
40	1.4	0.026051
40	1.5	0.026962
40	1.6	0.028491
40	1.7	0.029258
40	1.8	0.02884
40	1.9	0.025437
40	2	0.02331
40	2.1	0.020057
40	2.2	0.016861
40	2.3	0.014361
40	2.4	0.013277
40	2.5	0.012405
40	2.6	0.010958
40	2.7	0.010049
40	2.8	0.0090466
40	2.9	0.0088351
40	3	0.0091778
40	3.1	0.0099322
40	3.2	0.011491
40	3.3	0.011943
40	3.4	0.011007
40	3.5	0.010407
40	3.6	0.010018
40	3.7	0.009705
40	3.8	0.0089838
40	3.9	0.0091089
40	4	0.0088934
50	-4	0.011562
50	-3.9	0.012268
50	-3.8	0.0118
50	-3.7	0.011936
50	-3.6	0.012211
50	-3.5	0.012138
50	-3.4	0.01159
50	-3.3	0.011052
50	-3.2	0.0097017
50	-3.1	0.0090484
50	-3	0.010068
50	-2.9	0.013007
50	-2.8	0.016239
50	-2.7	0.018512
50	-2.6	0.021474
50	-2.5	0.026208
50	-2.4	0.030549
50	-2.3	0.033245
50	-2.2	0.03683
50	-2.1	0.040079
50	-2	0.039809
50	-1.9	0.036615
50	-1.8	0.030123
50	-1.7	0.024968
50	-1.6	0.022467
50	-1.5	0.02348
50	-1.4	0.030044
50	-1.3	0.035864
50	-1.2	0.047154
50	-1.1	0.050342
50	-1	0.050536
50	-0.9	0.046572
50	-0.8	0.041649
50	-0.7	0.032478
50	-0.6	0.027512
50	-0.5	0.019207
50	-0.4	0.015338
50	-0.3	0.013202
50	-0.2	0.012558
50	-0.1	0.012215
50	0	0.014311
50	0.1	0.018152
50	0.2	0.025084
50	0.3	0.029174
50	0.4	0.033129
50	0.5	0.038652
50	0.6	0.040157
50	0.7	0.038829
50	0.8	0.036137
50	0.9	0.033225
50	1	0.028915
50	1.1	0.026125
50	1.2	0.026073
50	1.3	0.027133
50	1.4	0.027612
50	1.5	0.028181
50	1.6	0.027369
50	1.7	0.026838
50	1.8	0.025672
50	1.9	0.023328
50	2	0.022143
50	2.1	0.021243
50	2.2	0.020393
50	2.3	0.018031
50	2.4	0.016207
50	2.5	0.014506
50	2.6	0.012365
50	2.7	0.011703
50	2.8	0.011225
50	2.9	0.010999
50	3	0.010647
50	3.1	0.010492
50	3.2	0.010102
50	3.3	0.010304
50	3.4	0.010441
50	3.5	0.010844
50	3.6	0.011174
50	3.7	0.011756
50	3.8	0.010535
50	3.9	0.0088534
50	4	0.0081162
60	-4	0.011562
60	-3.9	0.010197
60	-3.8	0.010315
60	-3.7	0.010656
60	-3.6	0.012474
60	-3.5	0.014006
60	-3.4	0.014665
60	-3.3	0.013303
60	-3.2	0.010999
60	-3.1	0.0095894
60	-3	0.010694
60	-2.9	0.01402
60	-2.8	0.018869
60	-2.7	0.020997
60	-2.6	0.023186
60	-2.5	0.024545
60	-2.4	0.028154
60	-2.3	0.0328
60	-2.2	0.037845
60	-2.1	0.04018
60	-2	0.040956
60	-1.9	0.039287
60	-1.8	0.033945
60	-1.7	0.029801
60	-1.6	0.024921
60	-1.5	0.024826
60	-1.4	0.028573
60	-1.3	0.039441
60	-1.2	0.044321
60	-1.1	0.050966
60	-1	0.052331
60	-0.9	0.049432
60	-0.8	0.04313
60	-0.7	0.040384
60	-0.6	0.03012
60	-0.5	0.025377
60	-0.4	0.018459
60	-0.3	0.015137
60	-0.2	0.013233
60	-0.1	0.011963
60	0	0.012891
60	0.1	0.017637
60	0.2	0.021535
60	0.3	0.027843
60	0.4	0.032704
60	0.5	0.037684
60	0.6	0.040735
60	0.7	0.041696
60	0.8	0.040815
60	0.9	0.038412
60	1	0.036488
60	1.1	0.032267
60	1.2	0.029235
60	1.3	0.027702
60	1.4	0.027243
60	1.5	0.02758
60	1.6	0.028196
60	1.7	0.0294
60	1.8	0.028746
60	1.9	0.027259
60	2	0.023994
60	2.1	0.020956
60	2.2	0.018022
60	2.3	0.015771
60	2.4	0.014602
60	2.5	0.013923
60	2.6	0.01321
60	2.7	0.011741
60	2.8	0.010153
60	2.9	0.0084038
60	3	0.0081043
60	3.1	0.0090644
60	3.2	0.009997
60	3.3	0.010748
60	3.4	0.010047
60	3.5	0.0091919
60	3.6	0.008344
60	3.7	0.0078098
60	3.8	0.0084346
60	3.9	0.008016
60	4	0.0086949
70	-4	0.0097565
70	-3.9	0.0099663
70	-3.8	0.011026
70	-3.7	0.010955
70	-3.6	0.011811
70	-3.5	0.01158
70	-3.4	0.011587
70	-3.3	0.010724
70	-3.2	0.011048
70	-3.1	0.011458
70	-3	0.013092
70	-2.9	0.014251
70	-2.8	0.016124
70	-2.7	0.018184
70	-2.6	0.019335
70	-2.5	0.022014
70	-2.4	0.024951
70	-2.3	0.028786
70	-2.2	0.032235
70	-2.1	0.034864
70	-2	0.036171
70	-1.9	0.035592
70	-1.8	0.032585
70	-1.7	0.029614
70	-1.6	0.027575
70	-1.5	0.027829
70	-1.4	0.031827
70	-1.3	0.039482
70	-1.2	0.045609
70	-1.1	0.048679
70	-1	0.050974
70	-0.9	0.049856
70	-0.8	0.045664
70	-0.7	0.038305
70	-0.6	0.032316
70	-0.5	0.025777
70	-0.4	0.020694
70	-0.3	0.017001
70	-0.2	0.014153
70	-0.1	0.01197
70	0	0.01141
70	0.1	0.012947
70	0.2	0.017503
70	0.3	0.024627
70	0.4	0.032052
70	0.5	0.035403
70	0.6	0.039679
70	0.7	0.041533
70	0.8	0.04168
70	0.9	0.040919
70	1	0.039261
70	1.1	0.036953
70	1.2	0.034088
70	1.3	0.032553
70	1.4	0.031531
70	1.5	0.030009
70	1.6	0.029703
70	1.7	0.028509
70	1.8	0.028309
70	1.9	0.02709
70	2	0.024113
70	2.1	0.02328
70	2.2	0.020565
70	2.3	0.018672
70	2.4	0.017645
70	2.5	0.015306
70	2.6	0.014151
70	2.7	0.01254
70	2.8	0.011814
70	2.9	0.010401
70	3	0.010328
70	3.1	0.0095911
70	3.2	0.0099305
70	3.3	0.0097962
70	3.4	0.0092445
70	3.5	0.0078737
70	3.6	0.007225
70	3.7	0.0068152
70	3.8	0.007672
70	3.9	0.0079716
70	4	0.0082014
80	-4	0.0091954
80	-3.9	0.0078284
80	-3.8	0.0076128
80	-3.7	0.010169
80	-3.6	0.012678
80	-3.5	0.014913
80	-3.4	0.016235
80	-3.3	0.015524
80	-3.2	0.013547
80	-3.1	0.01104
80	-3	0.0091337
80	-2.9	0.012871
80	-2.8	0.016114
80	-2.7	0.020642
80	-2.6	0.024141
80	-2.5	0.025443
80	-2.4	0.025428
80	-2.3	0.025334
80	-2.2	0.026369
80	-2.1	0.029071
80	-2	0.031703
80	-1.9	0.034843
80	-1.8	0.035927
80	-1.7	0.034905
80	-1.6	0.030947
80	-1.5	0.0286
80	-1.4	0.028936
80	-1.3	0.03314
80	-1.2	0.040623
80	-1.1	0.049155
80	-1	0.05197
80	-0.9	0.053553
80	-0.8	0.05263
80	-0.7	0.044392
80	-0.6	0.041967
80	-0.5	0.030249
80	-0.4	0.023233
80	-0.3	0.01766
80	-0.2	0.013461
80	-0.1	0.011901
80	0	0.011366
80	0.1	0.013866
80	0.2	0.018266
80	0.3	0.02616
80	0.4	0.033729
80	0.5	0.036915
80	0.6	0.042983
80	0.7	0.045692
80	0.8	0.045978
80	0.9	0.044599
80	1	0.041627
80	1.1	0.038844
80	1.2	0.035817
80	1.3	0.033725
80	1.4	0.032363
80	1.5	0.030325
80	1.6	0.029153
80	1.7	0.028529
80	1.8	0.027331
80	1.9	0.026556
80	2	0.024925
80	2.1	0.024286
80	2.2	0.022745
80	2.3	0.020079
80	2.4	0.018023
80	2.5	0.015978
80	2.6	0.013759
80	2.7	0.012375
80	2.8	0.01206
80	2.9	0.012094
80	3	0.011795
80	3.1	0.011275
80	3.2	0.010783
80	3.3	0.0094177
80	3.4	0.0088406
80	3.5	0.0083981
80	3.6	0.0088971
80	3.7	0.0090929
80	3.8	0.0084632
80	3.9	0.0083556
80	4	0.008639
90	-4	0.0088186
90	-3.9	0.0095031
90	-3.8	0.010612
90	-3.7	0.012163
90	-3.6	0.012724
90	-3.5	0.013916
90	-3.4	0.01437
90	-3.3	0.01433
90	-3.2	0.013888
90	-3.1	0.012974
90	-3	0.013182
90	-2.9	0.015639
90	-2.8	0.018836
90	-2.7	0.020521
90	-2.6	0.022489
90	-2.5	0.022926
90	-2.4	0.022682
90	-2.3	0.023376
90	-2.2	0.025186
90	-2.1	0.028071
90	-2	0.031114
90	-1.9	0.033715
90	-1.8	0.033171
90	-1.7	0.031824
90	-1.6	0.029953
90	-1.5	0.028886
90	-1.4	0.03091
90	-1.3	0.035368
90	-1.2	0.044223
90	-1.1	0.050323
90	-1	0.053146
90	-0.9	0.053909
90	-0.8	0.051237
90	-0.7	0.04745
90	-0.6	0.041216
90	-0.5	0.034058
90	-0.4	0.023901
90	-0.3	0.019685
90	-0.2	0.014394
90	-0.1	0.012761
90	0	0.012342
90	0.1	0.014558
90	0.2	0.017443
90	0.3	0.021135
90	0.4	0.028435
90	0.5	0.034751
90	0.6	0.04079
90	0.7	0.042736
90	0.8	0.045482
90	0.9	0.046218
90	1	0.044667
90	1.1	0.042735
90	1.2	0.039122
90	1.3	0.035831
90	1.4	0.033028
90	1.5	0.031246
90	1.6	0.030685
90	1.7	0.031043
90	1.8	0.031089
90	1.9	0.029976
90	2	0.029313
90	2.1	0.026925
90	2.2	0.025311
90	2.3	0.023308
90	2.4	0.021052
90	2.5	0.019602
90	2.6	0.019261
90	2.7	0.018181
90	2.8	0.017009
90	2.9	0.01452
90	3	0.013382
90	3.1	0.012439
90	3.2	0.011905
90	3.3	0.011136
90	3.4	0.010866
90	3.5	0.011036
90	3.6	0.010097
90	3.7	0.0097167
90	3.8	0.0088149
90	3.9	0.0089279
90	4	0.0097978
100	-4	0.013502
100	-3.9	0.013119
100	-3.8	0.011275
100	-3.7	0.0079938
100	-3.6	0.0084975
100	-3.5	0.011412
100	-3.4	0.014539
100	-3.3	0.01805
100	-3.2	0.019094
100	-3.1	0.017191
100	-3	0.016017
100	-2.9	0.014484
100	-2.8	0.015781
100	-2.7	0.019487
100	-2.6	0.023036
100	-2.5	0.025829
100	-2.4	0.026399
100	-2.3	0.025498
100	-2.2	0.02498
100	-2.1	0.025803
100	-2	0.028075
100	-1.9	0.031865
100	-1.8	0.035116
100	-1.7	0.036399
100	-1.6	0.035605
100	-1.5	0.033189
100	-1.4	0.032194
100	-1.3	0.035247
100	-1.2	0.039971
100	-1.1	0.047509
100	-1	0.054754
100	-0.9	0.057288
100	-0.8	0.057302
100	-0.7	0.055182
100	-0.6	0.047395
100	-0.5	0.041812
100	-0.4	0.031839
100	-0.3	0.025034
100	-0.2	0.016423
100	-0.1	0.013712
100	0	0.012766
100	0.1	0.015275
100	0.2	0.018275
100	0.3	0.024119
100	0.4	0.02999
100	0.5	0.038585
100	0.6	0.043585
100	0.7	0.047708
100	0.8	0.050511
100	0.9	0.051139
100	1	0.050423
100	1.1	0.047371
100	1.2	0.043015
100	1.3	0.040675
100	1.4	0.037847
100	1.5	0.035734
100	1.6	0.033188
100	1.7	0.03262
100	1.8	0.031045
100	1.9	0.029532
100	2	0.027666
100	2.1	0.026704
100	2.2	0.025301
100	2.3	0.022639
100	2.4	0.021
100	2.5	0.019257
100	2.6	0.018018
100	2.7	0.016349
100	2.8	0.014541
100	2.9	0.012375
100	3	0.011614
100	3.1	0.010626
100	3.2	0.01002
100	3.3	0.0095303
100	3.4	0.0091637
100	3.5	0.0094245
100	3.6	0.0097017
100	3.7	0.0090804
100	3.8	0.0082915
100	3.9	0.007933
100	4	0.008745
110	-4	0.011276
110	-3.9	0.012148
110	-3.8	0.011954
110	-3.7	0.011803
110	-3.6	0.011896
110	-3.5	0.012458
110	-3.4	0.013265
110	-3.3	0.014551
110	-3.2	0.015708
110	-3.1	0.01683
110	-3	0.01757
110	-2.9	0.018227
110	-2.8	0.020039
110	-2.7	0.021036
110	-2.6	0.022582
110	-2.5	0.023552
110	-2.4	0.023712
110	-2.3	0.023842
110	-2.2	0.024503
110	-2.1	0.027172
110	-2	0.028487
110	-1.9	0.031147
110	-1.8	0.032379
110	-1.7	0.032258
110	-1.6	0.031012
110	-1.5	0.030643
110	-1.4	0.033211
110	-1.3	0.03565
110	-1.2	0.041026
110	-1.1	0.050523
110	-1	0.055734
110	-0.9	0.059688
110	-0.8	0.060328
110	-0.7	0.058708
110	-0.6	0.051919
110	-0.5	0.04618
110	-0.4	0.037683
110	-0.3	0.027714
110	-0.2	0.019872
110	-0.1	0.016422
110	0	0.015469
110	0.1	0.015849
110	0.2	0.017298
110	0.3	0.021338
110	0.4	0.026217
110	0.5	0.034121
110	0.6	0.040986
110	0.7	0.044723
110	0.8	0.050303
110	0.9	0.05266
110	1	0.052307
110	1.1	0.050739
110	1.2	0.048334
110	1.3	0.045073
110	1.4	0.040937
110	1.5	0.038664
110	1.6	0.036571
110	1.7	0.03594
110	1.8	0.034634
110	1.9	0.033169
110	2	0.030775
110	2.1	0.029381
110	2.2	0.027726
110	2.3	0.025615
110	2.4	0.02439
110	2.5	0.023497
110	2.6	0.023312
110	2.7	0.02225
110	2.8	0.019739
110	2.9	0.016789
110	3	0.01484
110	3.1	0.012676
110	3.2	0.011031
110	3.3	0.010443
110	3.4	0.0098176
110	3.5	0.010167
110	3.6	0.009783
110	3.7	0.008888
110	3.8	0.0076572
110	3.9	0.0068648
110	4	0.0069001
120	-4	0.011157
120	-3.9	0.011531
120	-3.8	0.010829
120	-3.7	0.010289
120	-3.6	0.0098832
120	-3.5	0.011603
120	-3.4	0.014289
120	-3.3	0.017164
120	-3.2	0.018773
120	-3.1	0.019634
120	-3	0.018633
120	-2.9	0.017645
120	-2.8	0.017938
120	-2.7	0.02052
120	-2.6	0.024062
120	-2.5	0.027097
120	-2.4	0.029459
120	-2.3	0.029492
120	-2.2	0.028478
120	-2.1	0.02745
120	-2	0.027802
120	-1.9	0.029606
120	-1.8	0.032517
120	-1.7	0.036391
120	-1.6	0.037125
120	-1.5	0.036844
120	-1.4	0.036644
120	-1.3	0.037506
120	-1.2	0.04096
120	-1.1	0.046492
120	-1	0.053957
120	-0.9	0.059393
120	-0.8	0.06171
120	-0.7	0.06129
120	-0.6	0.059137
120	-0.5	0.053555
120	-0.4	0.045039
120	-0.3	0.034946
120	-0.2	0.029897
120	-0.1	0.021342
120	0	0.017985
120	0.1	0.017983
120	0.2	0.020408
120	0.3	0.02324
120	0.4	0.028911
120	0.5	0.034277
120	0.6	0.042699
120	0.7	0.048998
120	0.8	0.051739
120	0.9	0.055053
120	1	0.056244
120	1.1	0.05583
120	1.2	0.054352
120	1.3	0.05236
120	1.4	0.049402
120	1.5	0.043469
120	1.6	0.041679
120	1.7	0.039446
120	1.8	0.037153
120	1.9	0.035732
120	2	0.0343
120	2.1	0.032828
120	2.2	0.029813
120	2.3	0.027066
120	2.4	0.023395
120	2.5	0.020864
120	2.6	0.019247
120	2.7	0.018487
120	2.8	0.017435
120	2.9	0.016041
120	3	0.015542
120	3.1	0.013912
120	3.2	0.012116
120	3.3	0.010429
120	3.4	0.0092689
120	3.5	0.0089152
120	3.6	0.0095065
120	3.7	0.009537
120	3.8	0.0091796
120	3.9	0.0088515
120	4	0.0089874
130	-4	0.0098456
130	-3.9	0.010739
130	-3.8	0.010644
130	-3.7	0.010031
130	-3.6	0.009857
130	-3.5	0.011126
130	-3.4	0.014238
130	-3.3	0.017015
130	-3.2	0.018399
130	-3.1	0.018816
130	-3	0.017807
130	-2.9	0.017225
130	-2.8	0.01772
130	-2.7	0.021388
130	-2.6	0.023402
130	-2.5	0.028117
130	-2.4	0.029919
130	-2.3	0.030294
130	-2.2	0.028366
130	-2.1	0.027021
130	-2	0.026767
130	-1.9	0.028695
130	-1.8	0.033277
130	-1.7	0.036865
130	-1.6	0.039256
130	-1.5	0.039135
130	-1.4	0.038139
130	-1.3	0.037218
130	-1.2	0.038868
130	-1.1	0.048833
130	-1	0.054808
130	-0.9	0.060657
130	-0.8	0.066063
130	-0.7	0.068571
130	-0.6	0.064828
130	-0.5	0.059642
130	-0.4	0.051294
130	-0.3	0.039039
130	-0.2	0.031851
130	-0.1	0.021951
130	0	0.019721
130	0.1	0.019556
130	0.2	0.022452
130	0.3	0.02424
130	0.4	0.031152
130	0.5	0.038347
130	0.6	0.045191
130	0.7	0.05045
130	0.8	0.055246
130	0.9	0.056656
130	1	0.056536
130	1.1	0.055288
130	1.2	0.05361
130	1.3	0.051592
130	1.4	0.049003
130	1.5	0.045404
130	1.6	0.042571
130	1.7	0.040617
130	1.8	0.037784
130	1.9	0.0346
130	2	0.032771
130	2.1	0.032345
130	2.2	0.031994
130	2.3	0.030145
130	2.4	0.028993
130	2.5	0.027545
130	2.6	0.02541
130	2.7	0.023101
130	2.8	0.021435
130	2.9	0.019937
130	3	0.019473
130	3.1	0.019347
130	3.2	0.018255
130	3.3	0.016234
130	3.4	0.014996
130	3.5	0.013461
130	3.6	0.012224
130	3.7	0.011121
130	3.8	0.010509
130	3.9	0.011052
130	4	0.011427
140	-4	0.0074605
140	-3.9	0.0083032
140	-3.8	0.0091672
140	-3.7	0.0095995
140	-3.6	0.010814
140	-3.5	0.012221
140	-3.4	0.013954
140	-3.3	0.016597
140	-3.2	0.017612
140	-3.1	0.018508
140	-3	0.019025
140	-2.9	0.019168
140	-2.8	0.019757
140	-2.7	0.021452
140	-2.6	0.024496
140	-2.5	0.026376
140	-2.4	0.029043
140	-2.3	0.030377
140	-2.2	0.031001
140	-2.1	0.030777
140	-2	0.030931
140	-1.9	0.03218
140	-1.8	0.033344
140	-1.7	0.036445
140	-1.6	0.038112
140	-1.5	0.039947
140	-1.4	0.040821
140	-1.3	0.04297
140	-1.2	0.045562
140	-1.1	0.051702
140	-1	0.055279
140	-0.9	0.060653
140	-0.8	0.063702
140	-0.7	0.064928
140	-0.6	0.061886
140	-0.5	0.058665
140	-0.4	0.049242
140	-0.3	0.043523
140	-0.2	0.035114
140	-0.1	0.028807
140	0	0.02301
140	0.1	0.021732
140	0.2	0.022716
140	0.3	0.025835
140	0.4	0.031949
140	0.5	0.036214
140	0.6	0.044676
140	0.7	0.050279
140	0.8	0.053989
140	0.9	0.056297
140	1	0.057971
140	1.1	0.057874
140	1.2	0.057429
140	1.3	0.055815
140	1.4	0.053703
140	1.5	0.050752
140	1.6	0.048221
140	1.7	0.044994
140	1.8	0.04164
140	1.9	0.039598
140	2	0.037735
140	2.1	0.036777
140	2.2	0.034966
140	2.3	0.032675
140	2.4	0.029926
140	2.5	0.027423
140	2.6	0.025779
140	2.7	0.023471
140	2.8	0.021438
140	2.9	0.01939
140	3	0.018579
140	3.1	0.017213
140	3.2	0.014682
140	3.3	0.013189
140	3.4	0.012337
140	3.5	0.012294
140	3.6	0.01253
140	3.7	0.010908
140	3.8	0.0094314
140	3.9	0.0084728
140	4	0.0079268
150	-4	0.0072807
150	-3.9	0.0094194
150	-3.8	0.011852
150	-3.7	0.012418
150	-3.6	0.012274
150	-3.5	0.012055
150	-3.4	0.012412
150	-3.3	0.014412
150	-3.2	0.017314
150	-3.1	0.020446
150	-3	0.021545
150	-2.9	0.02162
150	-2.8	0.020815
150	-2.7	0.021343
150	-2.6	0.023607
150	-2.5	0.028524
150	-2.4	0.031574
150	-2.3	0.033461
150	-2.2	0.034095
150	-2.1	0.033527
150	-2	0.032008
150	-1.9	0.031666
150	-1.8	0.033117
150	-1.7	0.035218
150	-1.6	0.038631
150	-1.5	0.040195
150	-1.4	0.041362
150	-1.3	0.042159
150	-1.2	0.045281
150	-1.1	0.049767
150	-1	0.054222
150	-0.9	0.06209
150	-0.8	0.064883
150	-0.7	0.068826
150	-0.6	0.067921
150	-0.5	0.063295
150	-0.4	0.053397
150	-0.3	0.049829
150	-0.2	0.038112
150	-0.1	0.02739
150	0	0.024411
150	0.1	0.022079
150	0.2	0.022621
150	0.3	0.025502
150	0.4	0.031068
150	0.5	0.037259
150	0.6	0.044486
150	0.7	0.051676
150	0.8	0.055567
150	0.9	0.06041
150	1	0.061569
150	1.1	0.061338
150	1.2	0.059219
150	1.3	0.056447
150	1.4	0.053503
150	1.5	0.049495
150	1.6	0.046202
150	1.7	0.044783
150	1.8	0.042664
150	1.9	0.040261
150	2	0.039212
150	2.1	0.037897
150	2.2	0.035501
150	2.3	0.032221
150	2.4	0.029721
150	2.5	0.028024
150	2.6	0.026981
150	2.7	0.025069
150	2.8	0.024099
150	2.9	0.021775
150	3	0.019728
150	3.1	0.017942
150	3.2	0.015759
150	3.3	0.014476
150	3.4	0.014324
150	3.5	0.014391
150	3.6	0.014019
150	3.7	0.01246
150	3.8	0.010298
150	3.9	0.010437
150	4	0.0094228
160	-4	0.0085771
160	-3.9	0.010792
160	-3.8	0.013511
160	-3.7	0.01406
160	-3.6	0.012843
160	-3.5	0.010642
160	-3.4	0.0098979
160	-3.3	0.012252
160	-3.2	0.017066
160	-3.1	0.021231
160	-3	0.023268
160	-2.9	0.023831
160	-2.8	0.022804
160	-2.7	0.022134
160	-2.6	0.024256
160	-2.5	0.026809
160	-2.4	0.030762
160	-2.3	0.034385
160	-2.2	0.036397
160	-2.1	0.035942
160	-2	0.033502
160	-1.9	0.032522
160	-1.8	0.033375
160	-1.7	0.036197
160	-1.6	0.039168
160	-1.5	0.041646
160	-1.4	0.043244
160	-1.3	0.043692
160	-1.2	0.045892
160	-1.1	0.048922
160	-1	0.054491
160	-0.9	0.060762
160	-0.8	0.066424
160	-0.7	0.069107
160	-0.6	0.06818
160	-0.5	0.065206
160	-0.4	0.058482
160	-0.3	0.048374
160	-0.2	0.039457
160	-0.1	0.03049
160	0	0.024268
160	0.1	0.021553
160	0.2	0.022079
160	0.3	0.025698
160	0.4	0.032305
160	0.5	0.036713
160	0.6	0.044373
160	0.7	0.051004
160	0.8	0.055478
160	0.9	0.059645
160	1	0.060424
160	1.1	0.060601
160	1.2	0.059263
160	1.3	0.057836
160	1.4	0.055085
160	1.5	0.05224
160	1.6	0.049031
160	1.7	0.046789
160	1.8	0.042237
160	1.9	0.039629
160	2	0.038607
160	2.1	0.037455
160	2.2	0.03661
160	2.3	0.034202
160	2.4	0.031387
160	2.5	0.028767
160	2.6	0.027518
160	2.7	0.02448
160	2.8	0.023397
160	2.9	0.022366
160	3	0.021815
160	3.1	0.020621
160	3.2	0.017829
160	3.3	0.016176
160	3.4	0.013907
160	3.5	0.012834
160	3.6	0.012537
160	3.7	0.01251
160	3.8	0.011954
160	3.9	0.012344
160	4	0.0111
170	-4	0.010736
170	-3.9	0.011524
170	-3.8	0.011657
170	-3.7	0.011433
170	-3.6	0.011154
170	-3.5	0.011309
170	-3.4	0.013033
170	-3.3	0.014727
170	-3.2	0.018354
170	-3.1	0.019608
170	-3	0.020972
170	-2.9	0.021821
170	-2.8	0.022399
170	-2.7	0.023649
170	-2.6	0.026002
170	-2.5	0.028036
170	-2.4	0.030268
170	-2.3	0.032141
170	-2.2	0.033023
170	-2.1	0.032823
170	-2	0.032811
170	-1.9	0.032988
170	-1.8	0.035102
170	-1.7	0.03711
170	-1.6	0.039422
170	-1.5	0.040624
170	-1.4	0.04077
170	-1.3	0.041373
170	-1.2	0.043182
170	-1.1	0.049251
170	-1	0.054905
170	-0.9	0.061419
170	-0.8	0.066617
170	-0.7	0.0704
170	-0.6	0.070278
170	-0.5	0.066265
170	-0.4	0.05865
170	-0.3	0.050504
170	-0.2	0.039805
170	-0.1	0.03145
170	0	0.025505
170	0.1	0.022566
170	0.2	0.022122
170	0.3	0.02423
170	0.4	0.031064
170	0.5	0.035723
170	0.6	0.044343
170	0.7	0.048438
170	0.8	0.054283
170	0.9	0.058836
170	1	0.059017
170	1.1	0.058266
170	1.2	0.057455
170	1.3	0.055717
170	1.4	0.053168
170	1.5	0.051536
170	1.6	0.050169
170	1.7	0.04767
170	1.8	0.044066
170	1.9	0.040189
170	2	0.038971
170	2.1	0.036644
170	2.2	0.03374
170	2.3	0.032638
170	2.4	0.030834
170	2.5	0.029711
170	2.6	0.027414
170	2.7	0.025738
170	2.8	0.023854
170	2.9	0.021864
170	3	0.021289
170	3.1	0.020031
170	3.2	0.018045
170	3.3	0.016154
170	3.4	0.014422
170	3.5	0.013268
170	3.6	0.012796
170	3.7	0.012287
170	3.8	0.012687
170	3.9	0.013386
170	4	0.012576
180	-4	0.0092112
180	-3.9	0.01073
180	-3.8	0.011755
180	-3.7	0.011536
180	-3.6	0.01143
180	-3.5	0.011592
180	-3.4	0.013187
180	-3.3	0.015461
180	-3.2	0.016854
180	-3.1	0.019147
180	-3	0.020547
180	-2.9	0.021557
180	-2.8	0.022408
180	-2.7	0.023792
180	-2.6	0.02761
180	-2.5	0.0304
180	-2.4	0.032742
180	-2.3	0.034664
180	-2.2	0.034993
180	-2.1	0.033984
180	-2	0.033649
180	-1.9	0.034097
180	-1.8	0.035701
180	-1.7	0.03931
180	-1.6	0.041029
180	-1.5	0.041404
180	-1.4	0.041192
180	-1.3	0.040845
180	-1.2	0.041585
180	-1.1	0.047519
180	-1	0.053342
180	-0.9	0.0619
180	-0.8	0.066443
180	-0.7	0.068795
180	-0.6	0.067411
180	-0.5	0.064242
180	-0.4	0.054181
180	-0.3	0.048958
180	-0.2	0.040325
180	-0.1	0.030404
180	0	0.024641
180	0.1	0.023335
180	0.2	0.024975
180	0.3	0.028497
180	0.4	0.032387
180	0.5	0.038529
180	0.6	0.042741
180	0.7	0.05065
180	0.8	0.054936
180	0.9	0.057334
180	1	0.060009
180	1.1	0.060653
180	1.2	0.060204
180	1.3	0.058315
180	1.4	0.054873
180	1.5	0.051396
180	1.6	0.047734
180	1.7	0.04496
180	1.8	0.042379
180	1.9	0.040732
180	2	0.040184
180	2.1	0.038256
180	2.2	0.03554
180	2.3	0.034124
180	2.4	0.030107
180	2.5	0.0275
180	2.6	0.026162
180	2.7	0.02468
180	2.8	0.023649
180	2.9	0.022368
180	3	0.020731
180	3.1	0.017966
180	3.2	0.016711
180	3.3	0.01444
180	3.4	0.013997
180	3.5	0.014427
180	3.6	0.013112
180	3.7	0.012776
180	3.8	0.011913
180	3.9	0.011381
180	4	0.0098734
 
Uniformity Ratio =0.39468
