09-Jan-2018
12:57
TXR  008054 RM428 R24
33511B Function Generator
SN =Agilent Technologies,33511B,MY52301476,3.05-1.19-2.00-52-00
freq =+9.290000000000000E+06
burstmode =TRIG
burstN =+6.000000000000000E+01
voltage =+1.5000000000000E-01
 
DSO-X 2022A Oscilloscope
SN =AGILENT TECHNOLOGIES,DSO-X 2022A,MY54310921,02.41.2015102200
probe =+1.0000000E+00
scale =+500.0E-09
position =+19.900000E-06
range =+1.60E+00
units =VOLT
points =+2000
pointmode =NORM
format =BYTE
acqtype =NORM
trigsource =EXT
coupling =AC
 
-180	-4	0.012281
-180	-3.9	0.013522
-180	-3.8	0.013622
-180	-3.7	0.012471
-180	-3.6	0.010842
-180	-3.5	0.0097731
-180	-3.4	0.010685
-180	-3.3	0.012926
-180	-3.2	0.014798
-180	-3.1	0.015782
-180	-3	0.012774
-180	-2.9	0.01116
-180	-2.8	0.0068954
-180	-2.7	0.0072874
-180	-2.6	0.012867
-180	-2.5	0.018115
-180	-2.4	0.020548
-180	-2.3	0.02141
-180	-2.2	0.021144
-180	-2.1	0.021846
-180	-2	0.025052
-180	-1.9	0.031415
-180	-1.8	0.036684
-180	-1.7	0.040521
-180	-1.6	0.041436
-180	-1.5	0.038792
-180	-1.4	0.033107
-180	-1.3	0.024852
-180	-1.2	0.017528
-180	-1.1	0.01803
-180	-1	0.024312
-180	-0.9	0.038795
-180	-0.8	0.04483
-180	-0.7	0.049376
-180	-0.6	0.050766
-180	-0.5	0.049128
-180	-0.4	0.045272
-180	-0.3	0.040592
-180	-0.2	0.037447
-180	-0.1	0.031737
-180	0	0.030574
-180	0.1	0.029524
-180	0.2	0.029968
-180	0.3	0.030611
-180	0.4	0.033415
-180	0.5	0.035625
-180	0.6	0.038434
-180	0.7	0.040968
-180	0.8	0.04447
-180	0.9	0.045252
-180	1	0.045093
-180	1.1	0.043703
-180	1.2	0.040773
-180	1.3	0.038172
-180	1.4	0.03375
-180	1.5	0.03009
-180	1.6	0.028534
-180	1.7	0.027944
-180	1.8	0.028892
-180	1.9	0.030758
-180	2	0.032187
-180	2.1	0.032268
-180	2.2	0.030824
-180	2.3	0.027621
-180	2.4	0.024678
-180	2.5	0.022293
-180	2.6	0.020872
-180	2.7	0.019596
-180	2.8	0.019186
-180	2.9	0.018409
-180	3	0.016906
-180	3.1	0.014281
-180	3.2	0.012324
-180	3.3	0.011078
-180	3.4	0.011083
-180	3.5	0.011186
-180	3.6	0.011769
-180	3.7	0.011436
-180	3.8	0.010679
-180	3.9	0.0095827
-180	4	0.0081142
-170	-4	0.0096214
-170	-3.9	0.011674
-170	-3.8	0.012261
-170	-3.7	0.012984
-170	-3.6	0.011583
-170	-3.5	0.010676
-170	-3.4	0.010315
-170	-3.3	0.010697
-170	-3.2	0.012
-170	-3.1	0.013209
-170	-3	0.012483
-170	-2.9	0.010893
-170	-2.8	0.0077787
-170	-2.7	0.0061285
-170	-2.6	0.0089514
-170	-2.5	0.013968
-170	-2.4	0.019493
-170	-2.3	0.022489
-170	-2.2	0.023606
-170	-2.1	0.025135
-170	-2	0.027473
-170	-1.9	0.030571
-170	-1.8	0.033772
-170	-1.7	0.037461
-170	-1.6	0.039423
-170	-1.5	0.037943
-170	-1.4	0.033709
-170	-1.3	0.029689
-170	-1.2	0.022796
-170	-1.1	0.020626
-170	-1	0.026034
-170	-0.9	0.032874
-170	-0.8	0.042767
-170	-0.7	0.051646
-170	-0.6	0.055003
-170	-0.5	0.054817
-170	-0.4	0.051739
-170	-0.3	0.047033
-170	-0.2	0.040945
-170	-0.1	0.037367
-170	0	0.031973
-170	0.1	0.029799
-170	0.2	0.029029
-170	0.3	0.029525
-170	0.4	0.031813
-170	0.5	0.034585
-170	0.6	0.038753
-170	0.7	0.041184
-170	0.8	0.044035
-170	0.9	0.044763
-170	1	0.044379
-170	1.1	0.042771
-170	1.2	0.039609
-170	1.3	0.035951
-170	1.4	0.034636
-170	1.5	0.033707
-170	1.6	0.033166
-170	1.7	0.032387
-170	1.8	0.032234
-170	1.9	0.032406
-170	2	0.032502
-170	2.1	0.031444
-170	2.2	0.030445
-170	2.3	0.029467
-170	2.4	0.028133
-170	2.5	0.02616
-170	2.6	0.024007
-170	2.7	0.020505
-170	2.8	0.018567
-170	2.9	0.015961
-170	3	0.01504
-170	3.1	0.013912
-170	3.2	0.013772
-170	3.3	0.013129
-170	3.4	0.012194
-170	3.5	0.011395
-170	3.6	0.010466
-170	3.7	0.0099436
-170	3.8	0.0099094
-170	3.9	0.0097747
-170	4	0.0094878
-160	-4	0.012
-160	-3.9	0.014059
-160	-3.8	0.014375
-160	-3.7	0.014559
-160	-3.6	0.013379
-160	-3.5	0.012708
-160	-3.4	0.01226
-160	-3.3	0.013366
-160	-3.2	0.014518
-160	-3.1	0.014164
-160	-3	0.012881
-160	-2.9	0.010196
-160	-2.8	0.007888
-160	-2.7	0.0094673
-160	-2.6	0.015735
-160	-2.5	0.019162
-160	-2.4	0.021179
-160	-2.3	0.022094
-160	-2.2	0.022563
-160	-2.1	0.024347
-160	-2	0.030726
-160	-1.9	0.03521
-160	-1.8	0.04222
-160	-1.7	0.043992
-160	-1.6	0.043055
-160	-1.5	0.038294
-160	-1.4	0.03204
-160	-1.3	0.025296
-160	-1.2	0.0205
-160	-1.1	0.024378
-160	-1	0.033371
-160	-0.9	0.044865
-160	-0.8	0.051311
-160	-0.7	0.054176
-160	-0.6	0.055042
-160	-0.5	0.053441
-160	-0.4	0.048584
-160	-0.3	0.041329
-160	-0.2	0.038872
-160	-0.1	0.033909
-160	0	0.03256
-160	0.1	0.031554
-160	0.2	0.032694
-160	0.3	0.034403
-160	0.4	0.037272
-160	0.5	0.039198
-160	0.6	0.041838
-160	0.7	0.045477
-160	0.8	0.04666
-160	0.9	0.046288
-160	1	0.044688
-160	1.1	0.042445
-160	1.2	0.039256
-160	1.3	0.036116
-160	1.4	0.03452
-160	1.5	0.033735
-160	1.6	0.033731
-160	1.7	0.033841
-160	1.8	0.034081
-160	1.9	0.034638
-160	2	0.034336
-160	2.1	0.033005
-160	2.2	0.032367
-160	2.3	0.030702
-160	2.4	0.029588
-160	2.5	0.028195
-160	2.6	0.024986
-160	2.7	0.02168
-160	2.8	0.01921
-160	2.9	0.01703
-160	3	0.015394
-160	3.1	0.014259
-160	3.2	0.014076
-160	3.3	0.013961
-160	3.4	0.013407
-160	3.5	0.01255
-160	3.6	0.010545
-160	3.7	0.0099305
-160	3.8	0.009862
-160	3.9	0.0093816
-160	4	0.0088479
-150	-4	0.010455
-150	-3.9	0.012422
-150	-3.8	0.014736
-150	-3.7	0.014804
-150	-3.6	0.014222
-150	-3.5	0.012711
-150	-3.4	0.01073
-150	-3.3	0.010392
-150	-3.2	0.011348
-150	-3.1	0.012493
-150	-3	0.012739
-150	-2.9	0.011412
-150	-2.8	0.0098636
-150	-2.7	0.0094519
-150	-2.6	0.013274
-150	-2.5	0.017255
-150	-2.4	0.021041
-150	-2.3	0.024402
-150	-2.2	0.027686
-150	-2.1	0.029498
-150	-2	0.031235
-150	-1.9	0.035736
-150	-1.8	0.037938
-150	-1.7	0.03937
-150	-1.6	0.03978
-150	-1.5	0.037712
-150	-1.4	0.034016
-150	-1.3	0.02897
-150	-1.2	0.025427
-150	-1.1	0.026255
-150	-1	0.034244
-150	-0.9	0.043318
-150	-0.8	0.051046
-150	-0.7	0.05587
-150	-0.6	0.056912
-150	-0.5	0.055755
-150	-0.4	0.051588
-150	-0.3	0.047776
-150	-0.2	0.040945
-150	-0.1	0.036765
-150	0	0.033964
-150	0.1	0.032074
-150	0.2	0.031515
-150	0.3	0.032184
-150	0.4	0.034399
-150	0.5	0.03668
-150	0.6	0.04204
-150	0.7	0.045574
-150	0.8	0.047557
-150	0.9	0.047387
-150	1	0.046915
-150	1.1	0.04447
-150	1.2	0.040364
-150	1.3	0.037949
-150	1.4	0.035666
-150	1.5	0.035218
-150	1.6	0.035537
-150	1.7	0.036581
-150	1.8	0.037519
-150	1.9	0.037384
-150	2	0.036729
-150	2.1	0.034951
-150	2.2	0.031261
-150	2.3	0.028706
-150	2.4	0.026193
-150	2.5	0.023422
-150	2.6	0.021309
-150	2.7	0.019863
-150	2.8	0.018835
-150	2.9	0.016672
-150	3	0.015493
-150	3.1	0.013963
-150	3.2	0.012641
-150	3.3	0.011743
-150	3.4	0.010629
-150	3.5	0.010259
-150	3.6	0.0099094
-150	3.7	0.010124
-150	3.8	0.009469
-150	3.9	0.0093867
-150	4	0.0088369
-140	-4	0.013892
-140	-3.9	0.013746
-140	-3.8	0.013023
-140	-3.7	0.011954
-140	-3.6	0.011324
-140	-3.5	0.011781
-140	-3.4	0.01278
-140	-3.3	0.013376
-140	-3.2	0.0127
-140	-3.1	0.011087
-140	-3	0.00922
-140	-2.9	0.0079756
-140	-2.8	0.0085032
-140	-2.7	0.0119
-140	-2.6	0.016151
-140	-2.5	0.019423
-140	-2.4	0.020657
-140	-2.3	0.021621
-140	-2.2	0.023306
-140	-2.1	0.027151
-140	-2	0.02966
-140	-1.9	0.036064
-140	-1.8	0.039177
-140	-1.7	0.041515
-140	-1.6	0.041105
-140	-1.5	0.037983
-140	-1.4	0.030245
-140	-1.3	0.025385
-140	-1.2	0.024289
-140	-1.1	0.031365
-140	-1	0.036538
-140	-0.9	0.047371
-140	-0.8	0.054355
-140	-0.7	0.058339
-140	-0.6	0.058291
-140	-0.5	0.057149
-140	-0.4	0.050743
-140	-0.3	0.044756
-140	-0.2	0.038933
-140	-0.1	0.035029
-140	0	0.031695
-140	0.1	0.030351
-140	0.2	0.031204
-140	0.3	0.0334
-140	0.4	0.03541
-140	0.5	0.038728
-140	0.6	0.042644
-140	0.7	0.044962
-140	0.8	0.045433
-140	0.9	0.044984
-140	1	0.043056
-140	1.1	0.041236
-140	1.2	0.037705
-140	1.3	0.036719
-140	1.4	0.036395
-140	1.5	0.036863
-140	1.6	0.037242
-140	1.7	0.037218
-140	1.8	0.036945
-140	1.9	0.036366
-140	2	0.035129
-140	2.1	0.033273
-140	2.2	0.032236
-140	2.3	0.03025
-140	2.4	0.027662
-140	2.5	0.02537
-140	2.6	0.022658
-140	2.7	0.019987
-140	2.8	0.018023
-140	2.9	0.016393
-140	3	0.013692
-140	3.1	0.012229
-140	3.2	0.012396
-140	3.3	0.011678
-140	3.4	0.011001
-140	3.5	0.010823
-140	3.6	0.010601
-140	3.7	0.0105
-140	3.8	0.0097283
-140	3.9	0.0093436
-140	4	0.0091177
-130	-4	0.011582
-130	-3.9	0.012997
-130	-3.8	0.013777
-130	-3.7	0.013367
-130	-3.6	0.012409
-130	-3.5	0.011311
-130	-3.4	0.011559
-130	-3.3	0.012848
-130	-3.2	0.013566
-130	-3.1	0.013102
-130	-3	0.011468
-130	-2.9	0.0085355
-130	-2.8	0.008624
-130	-2.7	0.012963
-130	-2.6	0.018306
-130	-2.5	0.021868
-130	-2.4	0.023522
-130	-2.3	0.024238
-130	-2.2	0.025137
-130	-2.1	0.028077
-130	-2	0.031672
-130	-1.9	0.040123
-130	-1.8	0.043111
-130	-1.7	0.045678
-130	-1.6	0.043559
-130	-1.5	0.036067
-130	-1.4	0.030157
-130	-1.3	0.024305
-130	-1.2	0.023159
-130	-1.1	0.028127
-130	-1	0.038078
-130	-0.9	0.049556
-130	-0.8	0.055724
-130	-0.7	0.057585
-130	-0.6	0.056054
-130	-0.5	0.053711
-130	-0.4	0.046013
-130	-0.3	0.039242
-130	-0.2	0.034174
-130	-0.1	0.031335
-130	0	0.028926
-130	0.1	0.028493
-130	0.2	0.029244
-130	0.3	0.031168
-130	0.4	0.032806
-130	0.5	0.036751
-130	0.6	0.039853
-130	0.7	0.041861
-130	0.8	0.042568
-130	0.9	0.042304
-130	1	0.040626
-130	1.1	0.03807
-130	1.2	0.035048
-130	1.3	0.033598
-130	1.4	0.032851
-130	1.5	0.032287
-130	1.6	0.03258
-130	1.7	0.033361
-130	1.8	0.034157
-130	1.9	0.034837
-130	2	0.034581
-130	2.1	0.033322
-130	2.2	0.031048
-130	2.3	0.028846
-130	2.4	0.026186
-130	2.5	0.023285
-130	2.6	0.021255
-130	2.7	0.019655
-130	2.8	0.018617
-130	2.9	0.016809
-130	3	0.015087
-130	3.1	0.013634
-130	3.2	0.012272
-130	3.3	0.010894
-130	3.4	0.010359
-130	3.5	0.010353
-130	3.6	0.011126
-130	3.7	0.011427
-130	3.8	0.01089
-130	3.9	0.010066
-130	4	0.0092305
-120	-4	0.013692
-120	-3.9	0.01416
-120	-3.8	0.013745
-120	-3.7	0.01339
-120	-3.6	0.011888
-120	-3.5	0.011973
-120	-3.4	0.012852
-120	-3.3	0.013565
-120	-3.2	0.013998
-120	-3.1	0.01323
-120	-3	0.010486
-120	-2.9	0.0085374
-120	-2.8	0.0098439
-120	-2.7	0.01457
-120	-2.6	0.019192
-120	-2.5	0.022672
-120	-2.4	0.024982
-120	-2.3	0.026364
-120	-2.2	0.027582
-120	-2.1	0.030372
-120	-2	0.033114
-120	-1.9	0.039292
-120	-1.8	0.041212
-120	-1.7	0.041849
-120	-1.6	0.039308
-120	-1.5	0.033177
-120	-1.4	0.025433
-120	-1.3	0.021036
-120	-1.2	0.023605
-120	-1.1	0.029534
-120	-1	0.040591
-120	-0.9	0.048866
-120	-0.8	0.053805
-120	-0.7	0.055358
-120	-0.6	0.054192
-120	-0.5	0.048882
-120	-0.4	0.044233
-120	-0.3	0.039687
-120	-0.2	0.033325
-120	-0.1	0.029426
-120	0	0.026897
-120	0.1	0.025598
-120	0.2	0.025999
-120	0.3	0.027763
-120	0.4	0.029286
-120	0.5	0.03536
-120	0.6	0.037648
-120	0.7	0.040581
-120	0.8	0.042406
-120	0.9	0.042494
-120	1	0.041066
-120	1.1	0.038336
-120	1.2	0.036397
-120	1.3	0.033841
-120	1.4	0.033218
-120	1.5	0.033454
-120	1.6	0.034157
-120	1.7	0.034943
-120	1.8	0.035296
-120	1.9	0.034777
-120	2	0.033731
-120	2.1	0.031802
-120	2.2	0.030202
-120	2.3	0.029144
-120	2.4	0.026488
-120	2.5	0.02425
-120	2.6	0.021501
-120	2.7	0.018967
-120	2.8	0.017592
-120	2.9	0.0155
-120	3	0.013932
-120	3.1	0.013463
-120	3.2	0.013037
-120	3.3	0.012056
-120	3.4	0.011531
-120	3.5	0.01085
-120	3.6	0.010041
-120	3.7	0.010034
-120	3.8	0.0099549
-120	3.9	0.0098669
-120	4	0.0092024
-110	-4	0.011453
-110	-3.9	0.011622
-110	-3.8	0.011113
-110	-3.7	0.0095354
-110	-3.6	0.0089478
-110	-3.5	0.0098406
-110	-3.4	0.011222
-110	-3.3	0.013565
-110	-3.2	0.013148
-110	-3.1	0.012328
-110	-3	0.0088698
-110	-2.9	0.0074323
-110	-2.8	0.0098308
-110	-2.7	0.013583
-110	-2.6	0.019625
-110	-2.5	0.022728
-110	-2.4	0.024912
-110	-2.3	0.026113
-110	-2.2	0.027002
-110	-2.1	0.028919
-110	-2	0.032306
-110	-1.9	0.035867
-110	-1.8	0.037717
-110	-1.7	0.038031
-110	-1.6	0.034399
-110	-1.5	0.028899
-110	-1.4	0.022513
-110	-1.3	0.021338
-110	-1.2	0.025962
-110	-1.1	0.030124
-110	-1	0.038454
-110	-0.9	0.047654
-110	-0.8	0.051049
-110	-0.7	0.052639
-110	-0.6	0.051051
-110	-0.5	0.046138
-110	-0.4	0.040345
-110	-0.3	0.035299
-110	-0.2	0.028305
-110	-0.1	0.025177
-110	0	0.023219
-110	0.1	0.022614
-110	0.2	0.02352
-110	0.3	0.024392
-110	0.4	0.027649
-110	0.5	0.031897
-110	0.6	0.03526
-110	0.7	0.038145
-110	0.8	0.040308
-110	0.9	0.040389
-110	1	0.03976
-110	1.1	0.036901
-110	1.2	0.034979
-110	1.3	0.033205
-110	1.4	0.032998
-110	1.5	0.032663
-110	1.6	0.032985
-110	1.7	0.033043
-110	1.8	0.033573
-110	1.9	0.033556
-110	2	0.033188
-110	2.1	0.031215
-110	2.2	0.029622
-110	2.3	0.027758
-110	2.4	0.024599
-110	2.5	0.019615
-110	2.6	0.017466
-110	2.7	0.013374
-110	2.8	0.012331
-110	2.9	0.011191
-110	3	0.0099501
-110	3.1	0.008545
-110	3.2	0.0085714
-110	3.3	0.008014
-110	3.4	0.0077724
-110	3.5	0.007634
-110	3.6	0.007441
-110	3.7	0.007053
-110	3.8	0.0076699
-110	3.9	0.0070804
-110	4	0.0069723
-100	-4	0.012076
-100	-3.9	0.012094
-100	-3.8	0.010431
-100	-3.7	0.009665
-100	-3.6	0.0088643
-100	-3.5	0.0097896
-100	-3.4	0.011494
-100	-3.3	0.012455
-100	-3.2	0.012151
-100	-3.1	0.010474
-100	-3	0.008154
-100	-2.9	0.0088387
-100	-2.8	0.012785
-100	-2.7	0.017164
-100	-2.6	0.020753
-100	-2.5	0.023603
-100	-2.4	0.025
-100	-2.3	0.02602
-100	-2.2	0.027869
-100	-2.1	0.030289
-100	-2	0.033062
-100	-1.9	0.034803
-100	-1.8	0.036351
-100	-1.7	0.035495
-100	-1.6	0.03086
-100	-1.5	0.025505
-100	-1.4	0.021687
-100	-1.3	0.019281
-100	-1.2	0.026322
-100	-1.1	0.03055
-100	-1	0.042235
-100	-0.9	0.046209
-100	-0.8	0.049874
-100	-0.7	0.049196
-100	-0.6	0.045673
-100	-0.5	0.039042
-100	-0.4	0.033264
-100	-0.3	0.026826
-100	-0.2	0.023519
-100	-0.1	0.019971
-100	0	0.017911
-100	0.1	0.017054
-100	0.2	0.017942
-100	0.3	0.020618
-100	0.4	0.025379
-100	0.5	0.032053
-100	0.6	0.037452
-100	0.7	0.040088
-100	0.8	0.041704
-100	0.9	0.040988
-100	1	0.039822
-100	1.1	0.036879
-100	1.2	0.035118
-100	1.3	0.034246
-100	1.4	0.03329
-100	1.5	0.033141
-100	1.6	0.033021
-100	1.7	0.033248
-100	1.8	0.033218
-100	1.9	0.032653
-100	2	0.030855
-100	2.1	0.028165
-100	2.2	0.024999
-100	2.3	0.023386
-100	2.4	0.020401
-100	2.5	0.017779
-100	2.6	0.016138
-100	2.7	0.01504
-100	2.8	0.01301
-100	2.9	0.011286
-100	3	0.0089802
-100	3.1	0.0087542
-100	3.2	0.0082014
-100	3.3	0.0088807
-100	3.4	0.0085544
-100	3.5	0.0083207
-100	3.6	0.0071598
-100	3.7	0.0064872
-100	3.8	0.0056625
-100	3.9	0.0058201
-100	4	0.0062744
-90	-4	0.011415
-90	-3.9	0.01075
-90	-3.8	0.010108
-90	-3.7	0.0096096
-90	-3.6	0.010364
-90	-3.5	0.011412
-90	-3.4	0.011751
-90	-3.3	0.012063
-90	-3.2	0.011348
-90	-3.1	0.0092427
-90	-3	0.0091496
-90	-2.9	0.011228
-90	-2.8	0.01491
-90	-2.7	0.018348
-90	-2.6	0.022091
-90	-2.5	0.023572
-90	-2.4	0.024336
-90	-2.3	0.025514
-90	-2.2	0.027632
-90	-2.1	0.031399
-90	-2	0.035126
-90	-1.9	0.036808
-90	-1.8	0.037138
-90	-1.7	0.033895
-90	-1.6	0.030327
-90	-1.5	0.022393
-90	-1.4	0.019749
-90	-1.3	0.022419
-90	-1.2	0.028138
-90	-1.1	0.038103
-90	-1	0.043562
-90	-0.9	0.04768
-90	-0.8	0.047763
-90	-0.7	0.044228
-90	-0.6	0.040145
-90	-0.5	0.030482
-90	-0.4	0.02623
-90	-0.3	0.021487
-90	-0.2	0.018521
-90	-0.1	0.016554
-90	0	0.01523
-90	0.1	0.015479
-90	0.2	0.017128
-90	0.3	0.020121
-90	0.4	0.024043
-90	0.5	0.030219
-90	0.6	0.033866
-90	0.7	0.037079
-90	0.8	0.038942
-90	0.9	0.039486
-90	1	0.038003
-90	1.1	0.03609
-90	1.2	0.034118
-90	1.3	0.032524
-90	1.4	0.03024
-90	1.5	0.028929
-90	1.6	0.028631
-90	1.7	0.029532
-90	1.8	0.03072
-90	1.9	0.031825
-90	2	0.031723
-90	2.1	0.029425
-90	2.2	0.027007
-90	2.3	0.021514
-90	2.4	0.019092
-90	2.5	0.016255
-90	2.6	0.014284
-90	2.7	0.013035
-90	2.8	0.01197
-90	2.9	0.010856
-90	3	0.0084096
-90	3.1	0.0064322
-90	3.2	0.0063232
-90	3.3	0.0071508
-90	3.4	0.0080823
-90	3.5	0.0084842
-90	3.6	0.0078139
-90	3.7	0.0070872
-90	3.8	0.0062693
-90	3.9	0.0061627
-90	4	0.006313
-80	-4	0.011982
-80	-3.9	0.0122
-80	-3.8	0.011071
-80	-3.7	0.010748
-80	-3.6	0.0093816
-80	-3.5	0.009213
-80	-3.4	0.0097515
-80	-3.3	0.0095743
-80	-3.2	0.0098669
-80	-3.1	0.0095506
-80	-3	0.010945
-80	-2.9	0.013287
-80	-2.8	0.015504
-80	-2.7	0.018349
-80	-2.6	0.01987
-80	-2.5	0.021813
-80	-2.4	0.02383
-80	-2.3	0.026051
-80	-2.2	0.028735
-80	-2.1	0.030157
-80	-2	0.031917
-80	-1.9	0.032553
-80	-1.8	0.031834
-80	-1.7	0.028765
-80	-1.6	0.02539
-80	-1.5	0.018735
-80	-1.4	0.015055
-80	-1.3	0.020429
-80	-1.2	0.025581
-80	-1.1	0.036768
-80	-1	0.040776
-80	-0.9	0.045188
-80	-0.8	0.045669
-80	-0.7	0.044403
-80	-0.6	0.039537
-80	-0.5	0.032199
-80	-0.4	0.026091
-80	-0.3	0.020209
-80	-0.2	0.015612
-80	-0.1	0.012942
-80	0	0.010431
-80	0.1	0.011071
-80	0.2	0.014138
-80	0.3	0.018741
-80	0.4	0.026335
-80	0.5	0.035445
-80	0.6	0.03831
-80	0.7	0.041654
-80	0.8	0.042848
-80	0.9	0.042327
-80	1	0.040653
-80	1.1	0.037508
-80	1.2	0.036064
-80	1.3	0.034073
-80	1.4	0.033439
-80	1.5	0.032334
-80	1.6	0.031038
-80	1.7	0.02993
-80	1.8	0.028633
-80	1.9	0.027434
-80	2	0.026081
-80	2.1	0.024066
-80	2.2	0.023407
-80	2.3	0.020791
-80	2.4	0.016955
-80	2.5	0.014795
-80	2.6	0.010974
-80	2.7	0.010039
-80	2.8	0.0085431
-80	2.9	0.0080903
-80	3	0.0075872
-80	3.1	0.0068507
-80	3.2	0.0064647
-80	3.3	0.0063994
-80	3.4	0.0061206
-80	3.5	0.0078778
-80	3.6	0.0066884
-80	3.7	0.0071689
-80	3.8	0.0075252
-80	3.9	0.0069001
-80	4	0.0067772
-70	-4	0.010738
-70	-3.9	0.010555
-70	-3.8	0.0094861
-70	-3.7	0.009213
-70	-3.6	0.009554
-70	-3.5	0.011049
-70	-3.4	0.011997
-70	-3.3	0.012332
-70	-3.2	0.010792
-70	-3.1	0.0091284
-70	-3	0.010113
-70	-2.9	0.013322
-70	-2.8	0.016632
-70	-2.7	0.020966
-70	-2.6	0.02353
-70	-2.5	0.025364
-70	-2.4	0.025656
-70	-2.3	0.026036
-70	-2.2	0.02763
-70	-2.1	0.032846
-70	-2	0.035659
-70	-1.9	0.037391
-70	-1.8	0.036038
-70	-1.7	0.032795
-70	-1.6	0.024539
-70	-1.5	0.019024
-70	-1.4	0.017576
-70	-1.3	0.022141
-70	-1.2	0.032427
-70	-1.1	0.039909
-70	-1	0.044384
-70	-0.9	0.047221
-70	-0.8	0.046031
-70	-0.7	0.043356
-70	-0.6	0.035063
-70	-0.5	0.026669
-70	-0.4	0.023167
-70	-0.3	0.016793
-70	-0.2	0.013207
-70	-0.1	0.011792
-70	0	0.01037
-70	0.1	0.011985
-70	0.2	0.015528
-70	0.3	0.019302
-70	0.4	0.026559
-70	0.5	0.03233
-70	0.6	0.036428
-70	0.7	0.039908
-70	0.8	0.04094
-70	0.9	0.040783
-70	1	0.039497
-70	1.1	0.037251
-70	1.2	0.033835
-70	1.3	0.032157
-70	1.4	0.030526
-70	1.5	0.029672
-70	1.6	0.029841
-70	1.7	0.030649
-70	1.8	0.031718
-70	1.9	0.032646
-70	2	0.031264
-70	2.1	0.029027
-70	2.2	0.025964
-70	2.3	0.023583
-70	2.4	0.018276
-70	2.5	0.017044
-70	2.6	0.015568
-70	2.7	0.01441
-70	2.8	0.013485
-70	2.9	0.011972
-70	3	0.0091248
-70	3.1	0.0079574
-70	3.2	0.0081023
-70	3.3	0.0093298
-70	3.4	0.010635
-70	3.5	0.011078
-70	3.6	0.010715
-70	3.7	0.010768
-70	3.8	0.0088807
-70	3.9	0.0087098
-70	4	0.0081202
-60	-4	0.011855
-60	-3.9	0.010395
-60	-3.8	0.0089279
-60	-3.7	0.0084134
-60	-3.6	0.0097549
-60	-3.5	0.011565
-60	-3.4	0.013013
-60	-3.3	0.012504
-60	-3.2	0.011217
-60	-3.1	0.0088971
-60	-3	0.0083904
-60	-2.9	0.010845
-60	-2.8	0.015794
-60	-2.7	0.022019
-60	-2.6	0.025362
-60	-2.5	0.026192
-60	-2.4	0.026461
-60	-2.3	0.026484
-60	-2.2	0.027625
-60	-2.1	0.030102
-60	-2	0.033743
-60	-1.9	0.035119
-60	-1.8	0.034404
-60	-1.7	0.031758
-60	-1.6	0.026797
-60	-1.5	0.02061
-60	-1.4	0.018066
-60	-1.3	0.021639
-60	-1.2	0.031131
-60	-1.1	0.039983
-60	-1	0.046236
-60	-0.9	0.049386
-60	-0.8	0.048741
-60	-0.7	0.04207
-60	-0.6	0.035861
-60	-0.5	0.027503
-60	-0.4	0.019285
-60	-0.3	0.012664
-60	-0.2	0.010555
-60	-0.1	0.0091813
-60	0	0.01026
-60	0.1	0.0139
-60	0.2	0.017152
-60	0.3	0.02318
-60	0.4	0.030292
-60	0.5	0.037554
-60	0.6	0.040376
-60	0.7	0.044823
-60	0.8	0.045893
-60	0.9	0.045469
-60	1	0.043473
-60	1.1	0.04039
-60	1.2	0.037379
-60	1.3	0.034779
-60	1.4	0.033019
-60	1.5	0.031598
-60	1.6	0.030353
-60	1.7	0.02984
-60	1.8	0.02911
-60	1.9	0.028908
-60	2	0.027286
-60	2.1	0.0253
-60	2.2	0.022996
-60	2.3	0.021202
-60	2.4	0.017689
-60	2.5	0.015728
-60	2.6	0.01316
-60	2.7	0.01145
-60	2.8	0.0098028
-60	2.9	0.0088843
-60	3	0.0076064
-60	3.1	0.0072048
-60	3.2	0.0071214
-60	3.3	0.0079756
-60	3.4	0.0083846
-60	3.5	0.008274
-60	3.6	0.0083556
-60	3.7	0.0075638
-60	3.8	0.0076403
-60	3.9	0.007583
-60	4	0.0083672
-50	-4	0.010409
-50	-3.9	0.0092916
-50	-3.8	0.0075531
-50	-3.7	0.0070804
-50	-3.6	0.0074258
-50	-3.5	0.009498
-50	-3.4	0.011065
-50	-3.3	0.01246
-50	-3.2	0.012266
-50	-3.1	0.010795
-50	-3	0.0093747
-50	-2.9	0.010511
-50	-2.8	0.015054
-50	-2.7	0.020519
-50	-2.6	0.024478
-50	-2.5	0.026228
-50	-2.4	0.027471
-50	-2.3	0.027665
-50	-2.2	0.028688
-50	-2.1	0.03013
-50	-2	0.033835
-50	-1.9	0.036251
-50	-1.8	0.036328
-50	-1.7	0.034373
-50	-1.6	0.027628
-50	-1.5	0.023837
-50	-1.4	0.022821
-50	-1.3	0.02808
-50	-1.2	0.034427
-50	-1.1	0.046908
-50	-1	0.051447
-50	-0.9	0.053979
-50	-0.8	0.050605
-50	-0.7	0.043372
-50	-0.6	0.03759
-50	-0.5	0.030609
-50	-0.4	0.020404
-50	-0.3	0.014623
-50	-0.2	0.010992
-50	-0.1	0.01041
-50	0	0.011405
-50	0.1	0.013848
-50	0.2	0.022392
-50	0.3	0.027307
-50	0.4	0.036977
-50	0.5	0.042924
-50	0.6	0.046538
-50	0.7	0.048762
-50	0.8	0.048783
-50	0.9	0.047148
-50	1	0.044616
-50	1.1	0.041927
-50	1.2	0.039891
-50	1.3	0.037508
-50	1.4	0.03594
-50	1.5	0.034808
-50	1.6	0.033604
-50	1.7	0.032518
-50	1.8	0.03196
-50	1.9	0.031466
-50	2	0.030012
-50	2.1	0.028394
-50	2.2	0.025798
-50	2.3	0.021913
-50	2.4	0.019289
-50	2.5	0.01571
-50	2.6	0.01449
-50	2.7	0.012451
-50	2.8	0.01118
-50	2.9	0.010591
-50	3	0.0097631
-50	3.1	0.0090448
-50	3.2	0.0091018
-50	3.3	0.0090251
-50	3.4	0.0089838
-50	3.5	0.008545
-50	3.6	0.0080803
-50	3.7	0.0071644
-50	3.8	0.0067389
-50	3.9	0.00703
-50	4	0.0079938
-40	-4	0.012501
-40	-3.9	0.011615
-40	-3.8	0.0096147
-40	-3.7	0.007144
-40	-3.6	0.0072918
-40	-3.5	0.0099354
-40	-3.4	0.013489
-40	-3.3	0.015107
-40	-3.2	0.014387
-40	-3.1	0.012881
-40	-3	0.0094827
-40	-2.9	0.010777
-40	-2.8	0.014926
-40	-2.7	0.022402
-40	-2.6	0.025635
-40	-2.5	0.027546
-40	-2.4	0.027175
-40	-2.3	0.026884
-40	-2.2	0.027457
-40	-2.1	0.030647
-40	-2	0.032181
-40	-1.9	0.034315
-40	-1.8	0.034455
-40	-1.7	0.031073
-40	-1.6	0.028679
-40	-1.5	0.024144
-40	-1.4	0.023032
-40	-1.3	0.028656
-40	-1.2	0.033565
-40	-1.1	0.044552
-40	-1	0.050826
-40	-0.9	0.055116
-40	-0.8	0.054652
-40	-0.7	0.050383
-40	-0.6	0.041766
-40	-0.5	0.029062
-40	-0.4	0.022128
-40	-0.3	0.015422
-40	-0.2	0.011815
-40	-0.1	0.011689
-40	0	0.012676
-40	0.1	0.015637
-40	0.2	0.020366
-40	0.3	0.026968
-40	0.4	0.034428
-40	0.5	0.042688
-40	0.6	0.047627
-40	0.7	0.049704
-40	0.8	0.049957
-40	0.9	0.047519
-40	1	0.045232
-40	1.1	0.041309
-40	1.2	0.038484
-40	1.3	0.037682
-40	1.4	0.037531
-40	1.5	0.037376
-40	1.6	0.036672
-40	1.7	0.035853
-40	1.8	0.033808
-40	1.9	0.032379
-40	2	0.031034
-40	2.1	0.028763
-40	2.2	0.026076
-40	2.3	0.023945
-40	2.4	0.021134
-40	2.5	0.01664
-40	2.6	0.015122
-40	2.7	0.013184
-40	2.8	0.011733
-40	2.9	0.011238
-40	3	0.011036
-40	3.1	0.010511
-40	3.2	0.0097233
-40	3.3	0.0094776
-40	3.4	0.0092672
-40	3.5	0.0095928
-40	3.6	0.0099077
-40	3.7	0.0099143
-40	3.8	0.0098028
-40	3.9	0.0093695
-40	4	0.008272
-30	-4	0.01102
-30	-3.9	0.01192
-30	-3.8	0.011472
-30	-3.7	0.010635
-30	-3.6	0.0099257
-30	-3.5	0.010494
-30	-3.4	0.012618
-30	-3.3	0.013855
-30	-3.2	0.014354
-30	-3.1	0.012718
-30	-3	0.011651
-30	-2.9	0.013581
-30	-2.8	0.017273
-30	-2.7	0.021659
-30	-2.6	0.026045
-30	-2.5	0.027203
-30	-2.4	0.029368
-30	-2.3	0.03028
-30	-2.2	0.032081
-30	-2.1	0.034144
-30	-2	0.036404
-30	-1.9	0.038223
-30	-1.8	0.038233
-30	-1.7	0.036481
-30	-1.6	0.032587
-30	-1.5	0.028595
-30	-1.4	0.026494
-30	-1.3	0.028572
-30	-1.2	0.038539
-30	-1.1	0.044964
-30	-1	0.054119
-30	-0.9	0.058564
-30	-0.8	0.057603
-30	-0.7	0.051974
-30	-0.6	0.046508
-30	-0.5	0.039838
-30	-0.4	0.029577
-30	-0.3	0.021382
-30	-0.2	0.01586
-30	-0.1	0.014372
-30	0	0.014928
-30	0.1	0.018025
-30	0.2	0.023484
-30	0.3	0.028612
-30	0.4	0.037152
-30	0.5	0.042743
-30	0.6	0.050551
-30	0.7	0.051703
-30	0.8	0.053216
-30	0.9	0.052748
-30	1	0.049186
-30	1.1	0.046519
-30	1.2	0.043672
-30	1.3	0.040566
-30	1.4	0.038949
-30	1.5	0.038391
-30	1.6	0.038483
-30	1.7	0.038373
-30	1.8	0.037673
-30	1.9	0.036337
-30	2	0.033749
-30	2.1	0.030747
-30	2.2	0.028259
-30	2.3	0.025107
-30	2.4	0.022948
-30	2.5	0.020269
-30	2.6	0.019357
-30	2.7	0.017815
-30	2.8	0.016459
-30	2.9	0.01535
-30	3	0.013961
-30	3.1	0.012948
-30	3.2	0.011854
-30	3.3	0.011373
-30	3.4	0.011078
-30	3.5	0.011402
-30	3.6	0.011437
-30	3.7	0.012029
-30	3.8	0.01218
-30	3.9	0.011049
-30	4	0.0097499
-20	-4	0.012399
-20	-3.9	0.012753
-20	-3.8	0.012246
-20	-3.7	0.010887
-20	-3.6	0.0098718
-20	-3.5	0.010697
-20	-3.4	0.011463
-20	-3.3	0.012444
-20	-3.2	0.01243
-20	-3.1	0.011419
-20	-3	0.010926
-20	-2.9	0.012124
-20	-2.8	0.017607
-20	-2.7	0.022317
-20	-2.6	0.025076
-20	-2.5	0.02734
-20	-2.4	0.028544
-20	-2.3	0.028244
-20	-2.2	0.028585
-20	-2.1	0.03084
-20	-2	0.034556
-20	-1.9	0.039869
-20	-1.8	0.042206
-20	-1.7	0.040823
-20	-1.6	0.036371
-20	-1.5	0.030636
-20	-1.4	0.02714
-20	-1.3	0.030887
-20	-1.2	0.040341
-20	-1.1	0.04756
-20	-1	0.057031
-20	-0.9	0.062481
-20	-0.8	0.063042
-20	-0.7	0.059783
-20	-0.6	0.053173
-20	-0.5	0.040469
-20	-0.4	0.032241
-20	-0.3	0.025384
-20	-0.2	0.017659
-20	-0.1	0.016224
-20	0	0.018125
-20	0.1	0.020432
-20	0.2	0.028403
-20	0.3	0.031379
-20	0.4	0.04007
-20	0.5	0.044779
-20	0.6	0.048357
-20	0.7	0.052042
-20	0.8	0.05211
-20	0.9	0.051035
-20	1	0.049037
-20	1.1	0.046924
-20	1.2	0.044991
-20	1.3	0.042561
-20	1.4	0.039701
-20	1.5	0.038911
-20	1.6	0.037315
-20	1.7	0.036193
-20	1.8	0.035108
-20	1.9	0.034352
-20	2	0.033357
-20	2.1	0.031862
-20	2.2	0.030536
-20	2.3	0.028529
-20	2.4	0.026559
-20	2.5	0.023244
-20	2.6	0.020649
-20	2.7	0.018635
-20	2.8	0.016947
-20	2.9	0.015858
-20	3	0.015092
-20	3.1	0.014129
-20	3.2	0.014161
-20	3.3	0.013883
-20	3.4	0.014127
-20	3.5	0.013961
-20	3.6	0.013838
-20	3.7	0.013056
-20	3.8	0.01238
-20	3.9	0.011081
-20	4	0.010722
-10	-4	0.010445
-10	-3.9	0.010358
-10	-3.8	0.0098669
-10	-3.7	0.0093488
-10	-3.6	0.010375
-10	-3.5	0.011829
-10	-3.4	0.012722
-10	-3.3	0.013059
-10	-3.2	0.013002
-10	-3.1	0.01204
-10	-3	0.012148
-10	-2.9	0.014366
-10	-2.8	0.016871
-10	-2.7	0.019509
-10	-2.6	0.024398
-10	-2.5	0.026203
-10	-2.4	0.02712
-10	-2.3	0.026969
-10	-2.2	0.028004
-10	-2.1	0.030775
-10	-2	0.03636
-10	-1.9	0.039772
-10	-1.8	0.040566
-10	-1.7	0.038518
-10	-1.6	0.032616
-10	-1.5	0.029492
-10	-1.4	0.028308
-10	-1.3	0.031041
-10	-1.2	0.038317
-10	-1.1	0.045245
-10	-1	0.056121
-10	-0.9	0.060315
-10	-0.8	0.062801
-10	-0.7	0.060088
-10	-0.6	0.054695
-10	-0.5	0.044683
-10	-0.4	0.039921
-10	-0.3	0.029841
-10	-0.2	0.024355
-10	-0.1	0.019694
-10	0	0.020443
-10	0.1	0.022293
-10	0.2	0.026032
-10	0.3	0.030777
-10	0.4	0.03423
-10	0.5	0.041344
-10	0.6	0.048258
-10	0.7	0.052493
-10	0.8	0.05399
-10	0.9	0.054468
-10	1	0.052418
-10	1.1	0.049513
-10	1.2	0.045521
-10	1.3	0.043308
-10	1.4	0.04183
-10	1.5	0.040689
-10	1.6	0.040957
-10	1.7	0.040661
-10	1.8	0.039853
-10	1.9	0.038347
-10	2	0.037168
-10	2.1	0.034242
-10	2.2	0.031873
-10	2.3	0.028868
-10	2.4	0.027462
-10	2.5	0.024358
-10	2.6	0.022208
-10	2.7	0.020755
-10	2.8	0.018291
-10	2.9	0.016502
-10	3	0.01505
-10	3.1	0.014058
-10	3.2	0.013554
-10	3.3	0.013419
-10	3.4	0.01351
-10	3.5	0.013547
-10	3.6	0.01368
-10	3.7	0.013101
-10	3.8	0.01258
-10	3.9	0.011489
-10	4	0.010278
0	-4	0.010701
0	-3.9	0.01258
0	-3.8	0.012849
0	-3.7	0.011243
0	-3.6	0.0098011
0	-3.5	0.010095
0	-3.4	0.01208
0	-3.3	0.015071
0	-3.2	0.01686
0	-3.1	0.016733
0	-3	0.015017
0	-2.9	0.013123
0	-2.8	0.014025
0	-2.7	0.017617
0	-2.6	0.02274
0	-2.5	0.027017
0	-2.4	0.030816
0	-2.3	0.032802
0	-2.2	0.034106
0	-2.1	0.034662
0	-2	0.03536
0	-1.9	0.037149
0	-1.8	0.039383
0	-1.7	0.039829
0	-1.6	0.038698
0	-1.5	0.036099
0	-1.4	0.032944
0	-1.3	0.033129
0	-1.2	0.037854
0	-1.1	0.0425
0	-1	0.050566
0	-0.9	0.056945
0	-0.8	0.061191
0	-0.7	0.060702
0	-0.6	0.057904
0	-0.5	0.050394
0	-0.4	0.04185
0	-0.3	0.03439
0	-0.2	0.026483
0	-0.1	0.021905
0	0	0.019933
0	0.1	0.020261
0	0.2	0.0229
0	0.3	0.028024
0	0.4	0.033879
0	0.5	0.040603
0	0.6	0.046619
0	0.7	0.050967
0	0.8	0.054309
0	0.9	0.055582
0	1	0.055117
0	1.1	0.051041
0	1.2	0.047432
0	1.3	0.044721
0	1.4	0.042933
0	1.5	0.04152
0	1.6	0.041261
0	1.7	0.041264
0	1.8	0.040733
0	1.9	0.03887
0	2	0.035329
0	2.1	0.032414
0	2.2	0.029338
0	2.3	0.027839
0	2.4	0.026785
0	2.5	0.025468
0	2.6	0.02346
0	2.7	0.022305
0	2.8	0.019523
0	2.9	0.01724
0	3	0.015958
0	3.1	0.014959
0	3.2	0.01385
0	3.3	0.012832
0	3.4	0.012075
0	3.5	0.010955
0	3.6	0.010049
0	3.7	0.010078
0	3.8	0.0099273
0	3.9	0.010029
0	4	0.010127
10	-4	0.011935
10	-3.9	0.013166
10	-3.8	0.01273
10	-3.7	0.011669
10	-3.6	0.0081321
10	-3.5	0.0081162
10	-3.4	0.011526
10	-3.3	0.015113
10	-3.2	0.017237
10	-3.1	0.016483
10	-3	0.013733
10	-2.9	0.011212
10	-2.8	0.012634
10	-2.7	0.017681
10	-2.6	0.024284
10	-2.5	0.027508
10	-2.4	0.02959
10	-2.3	0.029667
10	-2.2	0.02983
10	-2.1	0.031575
10	-2	0.033132
10	-1.9	0.035767
10	-1.8	0.03706
10	-1.7	0.038578
10	-1.6	0.038102
10	-1.5	0.034919
10	-1.4	0.032484
10	-1.3	0.033102
10	-1.2	0.037896
10	-1.1	0.042624
10	-1	0.052269
10	-0.9	0.060522
10	-0.8	0.065483
10	-0.7	0.06471
10	-0.6	0.06025
10	-0.5	0.052823
10	-0.4	0.048147
10	-0.3	0.035807
10	-0.2	0.028773
10	-0.1	0.023788
10	0	0.020305
10	0.1	0.020391
10	0.2	0.02275
10	0.3	0.026993
10	0.4	0.033068
10	0.5	0.040697
10	0.6	0.046452
10	0.7	0.050971
10	0.8	0.053654
10	0.9	0.054358
10	1	0.053614
10	1.1	0.051019
10	1.2	0.049594
10	1.3	0.046603
10	1.4	0.045815
10	1.5	0.043461
10	1.6	0.042446
10	1.7	0.041027
10	1.8	0.039422
10	1.9	0.038121
10	2	0.037303
10	2.1	0.035506
10	2.2	0.033743
10	2.3	0.031894
10	2.4	0.027295
10	2.5	0.024377
10	2.6	0.022989
10	2.7	0.020457
10	2.8	0.018741
10	2.9	0.017897
10	3	0.017285
10	3.1	0.016476
10	3.2	0.014738
10	3.3	0.013355
10	3.4	0.011259
10	3.5	0.010224
10	3.6	0.0099679
10	3.7	0.0097846
10	3.8	0.0089586
10	3.9	0.0091584
10	4	0.0075787
20	-4	0.011665
20	-3.9	0.011905
20	-3.8	0.011178
20	-3.7	0.0091708
20	-3.6	0.0085695
20	-3.5	0.008846
20	-3.4	0.011099
20	-3.3	0.013145
20	-3.2	0.01622
20	-3.1	0.016165
20	-3	0.014203
20	-2.9	0.011624
20	-2.8	0.010863
20	-2.7	0.013696
20	-2.6	0.021417
20	-2.5	0.026111
20	-2.4	0.028415
20	-2.3	0.029178
20	-2.2	0.027838
20	-2.1	0.027618
20	-2	0.028777
20	-1.9	0.033126
20	-1.8	0.037804
20	-1.7	0.039226
20	-1.6	0.03836
20	-1.5	0.037194
20	-1.4	0.03251
20	-1.3	0.030384
20	-1.2	0.031378
20	-1.1	0.039885
20	-1	0.051188
20	-0.9	0.054919
20	-0.8	0.06391
20	-0.7	0.066096
20	-0.6	0.062154
20	-0.5	0.055837
20	-0.4	0.050327
20	-0.3	0.039391
20	-0.2	0.031053
20	-0.1	0.025236
20	0	0.021855
20	0.1	0.021417
20	0.2	0.023209
20	0.3	0.027213
20	0.4	0.032167
20	0.5	0.03773
20	0.6	0.042922
20	0.7	0.047402
20	0.8	0.050481
20	0.9	0.051945
20	1	0.051925
20	1.1	0.049753
20	1.2	0.048297
20	1.3	0.044415
20	1.4	0.041496
20	1.5	0.03899
20	1.6	0.03807
20	1.7	0.036586
20	1.8	0.036093
20	1.9	0.035541
20	2	0.034015
20	2.1	0.032786
20	2.2	0.031204
20	2.3	0.029849
20	2.4	0.028508
20	2.5	0.027075
20	2.6	0.025406
20	2.7	0.022991
20	2.8	0.020868
20	2.9	0.019867
20	3	0.018013
20	3.1	0.017054
20	3.2	0.016349
20	3.3	0.0165
20	3.4	0.015606
20	3.5	0.015039
20	3.6	0.013786
20	3.7	0.013345
20	3.8	0.012215
20	3.9	0.012316
20	4	0.011508
30	-4	0.0097266
30	-3.9	0.010561
30	-3.8	0.011245
30	-3.7	0.011272
30	-3.6	0.011498
30	-3.5	0.011402
30	-3.4	0.012235
30	-3.3	0.012652
30	-3.2	0.013413
30	-3.1	0.013704
30	-3	0.013227
30	-2.9	0.013079
30	-2.8	0.013714
30	-2.7	0.016648
30	-2.6	0.019701
30	-2.5	0.022428
30	-2.4	0.025969
30	-2.3	0.026489
30	-2.2	0.028143
30	-2.1	0.030716
30	-2	0.032573
30	-1.9	0.036533
30	-1.8	0.038944
30	-1.7	0.040213
30	-1.6	0.039834
30	-1.5	0.038284
30	-1.4	0.034557
30	-1.3	0.031872
30	-1.2	0.032783
30	-1.1	0.036498
30	-1	0.044261
30	-0.9	0.05192
30	-0.8	0.061777
30	-0.7	0.063411
30	-0.6	0.063108
30	-0.5	0.058777
30	-0.4	0.052541
30	-0.3	0.044228
30	-0.2	0.03439
30	-0.1	0.028176
30	0	0.024282
30	0.1	0.020293
30	0.2	0.020267
30	0.3	0.022607
30	0.4	0.026025
30	0.5	0.030633
30	0.6	0.03757
30	0.7	0.043043
30	0.8	0.046654
30	0.9	0.048635
30	1	0.050888
30	1.1	0.051084
30	1.2	0.050179
30	1.3	0.046838
30	1.4	0.045311
30	1.5	0.041632
30	1.6	0.039702
30	1.7	0.038049
30	1.8	0.037831
30	1.9	0.037522
30	2	0.036576
30	2.1	0.034961
30	2.2	0.032006
30	2.3	0.028959
30	2.4	0.026183
30	2.5	0.023911
30	2.6	0.022838
30	2.7	0.022391
30	2.8	0.021917
30	2.9	0.020837
30	3	0.018781
30	3.1	0.016639
30	3.2	0.014809
30	3.3	0.013293
30	3.4	0.012716
30	3.5	0.012482
30	3.6	0.012602
30	3.7	0.012084
30	3.8	0.011187
30	3.9	0.0086259
30	4	0.0081361
40	-4	0.009116
40	-3.9	0.010172
40	-3.8	0.012094
40	-3.7	0.013824
40	-3.6	0.013909
40	-3.5	0.013292
40	-3.4	0.011619
40	-3.3	0.010859
40	-3.2	0.011892
40	-3.1	0.014123
40	-3	0.015564
40	-2.9	0.015415
40	-2.8	0.015406
40	-2.7	0.015576
40	-2.6	0.01798
40	-2.5	0.021381
40	-2.4	0.02441
40	-2.3	0.028234
40	-2.2	0.030756
40	-2.1	0.032405
40	-2	0.03313
40	-1.9	0.033879
40	-1.8	0.034234
40	-1.7	0.035256
40	-1.6	0.035683
40	-1.5	0.036651
40	-1.4	0.036155
40	-1.3	0.035031
40	-1.2	0.033003
40	-1.1	0.034934
40	-1	0.040978
40	-0.9	0.045126
40	-0.8	0.055028
40	-0.7	0.060305
40	-0.6	0.062107
40	-0.5	0.060501
40	-0.4	0.056454
40	-0.3	0.050919
40	-0.2	0.036835
40	-0.1	0.03131
40	0	0.023151
40	0.1	0.018797
40	0.2	0.017235
40	0.3	0.01862
40	0.4	0.023292
40	0.5	0.026017
40	0.6	0.032706
40	0.7	0.040993
40	0.8	0.046335
40	0.9	0.051025
40	1	0.05299
40	1.1	0.053567
40	1.2	0.052412
40	1.3	0.050019
40	1.4	0.046556
40	1.5	0.043585
40	1.6	0.039905
40	1.7	0.037278
40	1.8	0.03618
40	1.9	0.035937
40	2	0.035305
40	2.1	0.034376
40	2.2	0.032048
40	2.3	0.030685
40	2.4	0.027731
40	2.5	0.02653
40	2.6	0.024945
40	2.7	0.023753
40	2.8	0.022467
40	2.9	0.02015
40	3	0.018374
40	3.1	0.015044
40	3.2	0.013123
40	3.3	0.012304
40	3.4	0.011517
40	3.5	0.011784
40	3.6	0.012124
40	3.7	0.012595
40	3.8	0.012217
40	3.9	0.010748
40	4	0.0099792
50	-4	0.0092985
50	-3.9	0.011375
50	-3.8	0.014874
50	-3.7	0.015796
50	-3.6	0.014745
50	-3.5	0.013096
50	-3.4	0.010694
50	-3.3	0.010113
50	-3.2	0.01122
50	-3.1	0.013786
50	-3	0.015033
50	-2.9	0.01457
50	-2.8	0.013613
50	-2.7	0.013426
50	-2.6	0.017184
50	-2.5	0.020162
50	-2.4	0.025906
50	-2.3	0.02924
50	-2.2	0.031053
50	-2.1	0.030791
50	-2	0.031119
50	-1.9	0.032432
50	-1.8	0.035391
50	-1.7	0.037054
50	-1.6	0.038543
50	-1.5	0.038003
50	-1.4	0.036609
50	-1.3	0.031869
50	-1.2	0.030698
50	-1.1	0.035101
50	-1	0.037995
50	-0.9	0.048186
50	-0.8	0.05707
50	-0.7	0.061259
50	-0.6	0.063309
50	-0.5	0.060844
50	-0.4	0.05581
50	-0.3	0.046835
50	-0.2	0.038759
50	-0.1	0.030883
50	0	0.025074
50	0.1	0.019582
50	0.2	0.017145
50	0.3	0.018474
50	0.4	0.02091
50	0.5	0.027478
50	0.6	0.030044
50	0.7	0.036312
50	0.8	0.044051
50	0.9	0.046295
50	1	0.049051
50	1.1	0.049507
50	1.2	0.0481
50	1.3	0.045918
50	1.4	0.042326
50	1.5	0.039167
50	1.6	0.036486
50	1.7	0.03475
50	1.8	0.033603
50	1.9	0.032821
50	2	0.032524
50	2.1	0.032232
50	2.2	0.031044
50	2.3	0.028772
50	2.4	0.027113
50	2.5	0.025577
50	2.6	0.024219
50	2.7	0.023573
50	2.8	0.021795
50	2.9	0.021322
50	3	0.019989
50	3.1	0.018918
50	3.2	0.016026
50	3.3	0.015011
50	3.4	0.014406
50	3.5	0.014303
50	3.6	0.013652
50	3.7	0.012514
50	3.8	0.011837
50	3.9	0.010546
50	4	0.010353
60	-4	0.0094997
60	-3.9	0.010417
60	-3.8	0.010874
60	-3.7	0.010462
60	-3.6	0.0090341
60	-3.5	0.0092007
60	-3.4	0.010875
60	-3.3	0.012521
60	-3.2	0.013904
60	-3.1	0.013559
60	-3	0.012869
60	-2.9	0.011142
60	-2.8	0.012019
60	-2.7	0.014363
60	-2.6	0.018157
60	-2.5	0.022958
60	-2.4	0.025258
60	-2.3	0.02738
60	-2.2	0.028327
60	-2.1	0.029358
60	-2	0.030915
60	-1.9	0.034197
60	-1.8	0.038541
60	-1.7	0.040857
60	-1.6	0.041568
60	-1.5	0.040508
60	-1.4	0.035463
60	-1.3	0.031772
60	-1.2	0.029651
60	-1.1	0.034197
60	-1	0.041725
60	-0.9	0.047919
60	-0.8	0.053917
60	-0.7	0.060313
60	-0.6	0.061783
60	-0.5	0.057851
60	-0.4	0.055477
60	-0.3	0.048144
60	-0.2	0.040854
60	-0.1	0.03095
60	0	0.022847
60	0.1	0.018889
60	0.2	0.01695
60	0.3	0.017007
60	0.4	0.018734
60	0.5	0.02263
60	0.6	0.028701
60	0.7	0.034704
60	0.8	0.041035
60	0.9	0.045397
60	1	0.048638
60	1.1	0.049802
60	1.2	0.050023
60	1.3	0.048658
60	1.4	0.046283
60	1.5	0.042733
60	1.6	0.038644
60	1.7	0.036964
60	1.8	0.035263
60	1.9	0.034051
60	2	0.034203
60	2.1	0.034311
60	2.2	0.033627
60	2.3	0.031185
60	2.4	0.028564
60	2.5	0.026593
60	2.6	0.025667
60	2.7	0.024262
60	2.8	0.023546
60	2.9	0.022131
60	3	0.021725
60	3.1	0.019378
60	3.2	0.016626
60	3.3	0.014182
60	3.4	0.013655
60	3.5	0.014299
60	3.6	0.014323
60	3.7	0.013998
60	3.8	0.013125
60	3.9	0.011603
60	4	0.010103
70	-4	0.0097466
70	-3.9	0.0096934
70	-3.8	0.0099159
70	-3.7	0.0092112
70	-3.6	0.0084975
70	-3.5	0.0083981
70	-3.4	0.0096113
70	-3.3	0.011128
70	-3.2	0.012196
70	-3.1	0.012847
70	-3	0.013463
70	-2.9	0.012227
70	-2.8	0.010724
70	-2.7	0.010654
70	-2.6	0.013683
70	-2.5	0.019164
70	-2.4	0.02324
70	-2.3	0.02736
70	-2.2	0.029464
70	-2.1	0.032628
70	-2	0.035677
70	-1.9	0.037303
70	-1.8	0.038375
70	-1.7	0.039352
70	-1.6	0.040012
70	-1.5	0.038843
70	-1.4	0.037356
70	-1.3	0.035371
70	-1.2	0.033035
70	-1.1	0.032929
70	-1	0.039473
70	-0.9	0.04457
70	-0.8	0.05211
70	-0.7	0.058789
70	-0.6	0.061303
70	-0.5	0.059823
70	-0.4	0.05627
70	-0.3	0.049791
70	-0.2	0.043083
70	-0.1	0.032605
70	0	0.023968
70	0.1	0.020309
70	0.2	0.016431
70	0.3	0.014253
70	0.4	0.014809
70	0.5	0.018923
70	0.6	0.025756
70	0.7	0.031158
70	0.8	0.041923
70	0.9	0.04625
70	1	0.050794
70	1.1	0.052113
70	1.2	0.052533
70	1.3	0.050166
70	1.4	0.047898
70	1.5	0.043811
70	1.6	0.041298
70	1.7	0.038588
70	1.8	0.036502
70	1.9	0.034458
70	2	0.033299
70	2.1	0.033443
70	2.2	0.032635
70	2.3	0.031312
70	2.4	0.02877
70	2.5	0.027707
70	2.6	0.025888
70	2.7	0.024843
70	2.8	0.022178
70	2.9	0.019513
70	3	0.018908
70	3.1	0.016987
70	3.2	0.014446
70	3.3	0.01226
70	3.4	0.010768
70	3.5	0.010089
70	3.6	0.0096348
70	3.7	0.0084346
70	3.8	0.007737
70	3.9	0.007225
70	4	0.0067077
80	-4	0.0080543
80	-3.9	0.0091337
80	-3.8	0.0098176
80	-3.7	0.010491
80	-3.6	0.010448
80	-3.5	0.010108
80	-3.4	0.0095709
80	-3.3	0.0094125
80	-3.2	0.0096533
80	-3.1	0.011001
80	-3	0.012127
80	-2.9	0.012404
80	-2.8	0.011743
80	-2.7	0.011122
80	-2.6	0.012548
80	-2.5	0.016372
80	-2.4	0.021149
80	-2.3	0.026478
80	-2.2	0.029603
80	-2.1	0.031729
80	-2	0.034693
80	-1.9	0.036099
80	-1.8	0.0373
80	-1.7	0.039017
80	-1.6	0.041064
80	-1.5	0.041021
80	-1.4	0.039822
80	-1.3	0.037419
80	-1.2	0.032311
80	-1.1	0.031449
80	-1	0.033276
80	-0.9	0.040893
80	-0.8	0.046971
80	-0.7	0.055881
80	-0.6	0.061669
80	-0.5	0.062478
80	-0.4	0.058825
80	-0.3	0.052847
80	-0.2	0.045258
80	-0.1	0.034034
80	0	0.024207
80	0.1	0.019649
80	0.2	0.015496
80	0.3	0.014005
80	0.4	0.014606
80	0.5	0.018124
80	0.6	0.02348
80	0.7	0.03116
80	0.8	0.036896
80	0.9	0.046039
80	1	0.049161
80	1.1	0.05327
80	1.2	0.054177
80	1.3	0.05371
80	1.4	0.050987
80	1.5	0.047453
80	1.6	0.044331
80	1.7	0.041469
80	1.8	0.038103
80	1.9	0.036353
80	2	0.034177
80	2.1	0.033276
80	2.2	0.03258
80	2.3	0.031295
80	2.4	0.029782
80	2.5	0.027241
80	2.6	0.025733
80	2.7	0.023723
80	2.8	0.020881
80	2.9	0.0193
80	3	0.017162
80	3.1	0.015735
80	3.2	0.01424
80	3.3	0.012867
80	3.4	0.01151
80	3.5	0.010753
80	3.6	0.010832
80	3.7	0.0096733
80	3.8	0.0088734
80	3.9	0.0079044
80	4	0.0079594
90	-4	0.0068081
90	-3.9	0.0081083
90	-3.8	0.010121
90	-3.7	0.012461
90	-3.6	0.013332
90	-3.5	0.013143
90	-3.4	0.011557
90	-3.3	0.0096432
90	-3.2	0.0094827
90	-3.1	0.010145
90	-3	0.011229
90	-2.9	0.011813
90	-2.8	0.010817
90	-2.7	0.010045
90	-2.6	0.0126
90	-2.5	0.016564
90	-2.4	0.021142
90	-2.3	0.024331
90	-2.2	0.027811
90	-2.1	0.030278
90	-2	0.032496
90	-1.9	0.034788
90	-1.8	0.038218
90	-1.7	0.042732
90	-1.6	0.044113
90	-1.5	0.043591
90	-1.4	0.039666
90	-1.3	0.037159
90	-1.2	0.029872
90	-1.1	0.028024
90	-1	0.030048
90	-0.9	0.038375
90	-0.8	0.050348
90	-0.7	0.057404
90	-0.6	0.061001
90	-0.5	0.06095
90	-0.4	0.055689
90	-0.3	0.048656
90	-0.2	0.039211
90	-0.1	0.032176
90	0	0.022926
90	0.1	0.017021
90	0.2	0.014919
90	0.3	0.013972
90	0.4	0.015186
90	0.5	0.019071
90	0.6	0.02388
90	0.7	0.029376
90	0.8	0.037528
90	0.9	0.045285
90	1	0.048834
90	1.1	0.052358
90	1.2	0.053417
90	1.3	0.051639
90	1.4	0.048566
90	1.5	0.044048
90	1.6	0.039935
90	1.7	0.035079
90	1.8	0.031832
90	1.9	0.031109
90	2	0.030958
90	2.1	0.030997
90	2.2	0.02999
90	2.3	0.028491
90	2.4	0.027137
90	2.5	0.025527
90	2.6	0.024421
90	2.7	0.022848
90	2.8	0.022359
90	2.9	0.021198
90	3	0.019506
90	3.1	0.017726
90	3.2	0.01592
90	3.3	0.014313
90	3.4	0.012845
90	3.5	0.011437
90	3.6	0.011045
90	3.7	0.010549
90	3.8	0.010199
90	3.9	0.0096096
90	4	0.0090626
100	-4	0.0085184
100	-3.9	0.0097283
100	-3.8	0.011804
100	-3.7	0.012447
100	-3.6	0.012341
100	-3.5	0.010995
100	-3.4	0.0099126
100	-3.3	0.0093799
100	-3.2	0.0095218
100	-3.1	0.010896
100	-3	0.011122
100	-2.9	0.01035
100	-2.8	0.0090341
100	-2.7	0.0094057
100	-2.6	0.012566
100	-2.5	0.017893
100	-2.4	0.021502
100	-2.3	0.023757
100	-2.2	0.026084
100	-2.1	0.028152
100	-2	0.031444
100	-1.9	0.034415
100	-1.8	0.040051
100	-1.7	0.04386
100	-1.6	0.044449
100	-1.5	0.043161
100	-1.4	0.039888
100	-1.3	0.032275
100	-1.2	0.028798
100	-1.1	0.028012
100	-1	0.032501
100	-0.9	0.039757
100	-0.8	0.047157
100	-0.7	0.054821
100	-0.6	0.058309
100	-0.5	0.057627
100	-0.4	0.053172
100	-0.3	0.048414
100	-0.2	0.037786
100	-0.1	0.026053
100	0	0.021986
100	0.1	0.015265
100	0.2	0.014053
100	0.3	0.013356
100	0.4	0.014179
100	0.5	0.016772
100	0.6	0.021522
100	0.7	0.028043
100	0.8	0.036126
100	0.9	0.043826
100	1	0.047574
100	1.1	0.051854
100	1.2	0.052805
100	1.3	0.050721
100	1.4	0.047188
100	1.5	0.043728
100	1.6	0.039854
100	1.7	0.037051
100	1.8	0.03501
100	1.9	0.032914
100	2	0.032455
100	2.1	0.031508
100	2.2	0.030556
100	2.3	0.029536
100	2.4	0.028572
100	2.5	0.027637
100	2.6	0.026194
100	2.7	0.024827
100	2.8	0.022263
100	2.9	0.020198
100	3	0.018074
100	3.1	0.016127
100	3.2	0.014977
100	3.3	0.013491
100	3.4	0.012845
100	3.5	0.012436
100	3.6	0.011415
100	3.7	0.010499
100	3.8	0.0095354
100	3.9	0.0093349
100	4	0.0089116
110	-4	0.0067629
110	-3.9	0.0081994
110	-3.8	0.0097084
110	-3.7	0.010987
110	-3.6	0.011656
110	-3.5	0.010218
110	-3.4	0.0088314
110	-3.3	0.0081321
110	-3.2	0.008274
110	-3.1	0.0097
110	-3	0.010607
110	-2.9	0.010087
110	-2.8	0.0085657
110	-2.7	0.0064422
110	-2.6	0.0086334
110	-2.5	0.014086
110	-2.4	0.020338
110	-2.3	0.024689
110	-2.2	0.026274
110	-2.1	0.028722
110	-2	0.030306
110	-1.9	0.032033
110	-1.8	0.036949
110	-1.7	0.040741
110	-1.6	0.043232
110	-1.5	0.043466
110	-1.4	0.040669
110	-1.3	0.034926
110	-1.2	0.028232
110	-1.1	0.025152
110	-1	0.03008
110	-0.9	0.038872
110	-0.8	0.047991
110	-0.7	0.055254
110	-0.6	0.058441
110	-0.5	0.057733
110	-0.4	0.050105
110	-0.3	0.046583
110	-0.2	0.03564
110	-0.1	0.025352
110	0	0.017846
110	0.1	0.014007
110	0.2	0.012504
110	0.3	0.012426
110	0.4	0.013797
110	0.5	0.01846
110	0.6	0.022779
110	0.7	0.029417
110	0.8	0.038491
110	0.9	0.043003
110	1	0.047214
110	1.1	0.048999
110	1.2	0.049224
110	1.3	0.047411
110	1.4	0.043664
110	1.5	0.039894
110	1.6	0.035826
110	1.7	0.032186
110	1.8	0.028304
110	1.9	0.027083
110	2	0.02682
110	2.1	0.027463
110	2.2	0.027432
110	2.3	0.02702
110	2.4	0.026304
110	2.5	0.025371
110	2.6	0.023424
110	2.7	0.022016
110	2.8	0.021009
110	2.9	0.019984
110	3	0.018975
110	3.1	0.016786
110	3.2	0.015836
110	3.3	0.013613
110	3.4	0.012062
110	3.5	0.011196
110	3.6	0.010745
110	3.7	0.010424
110	3.8	0.010768
110	3.9	0.0098472
110	4	0.0085959
120	-4	0.0098685
120	-3.9	0.010489
120	-3.8	0.010232
120	-3.7	0.011256
120	-3.6	0.011565
120	-3.5	0.011298
120	-3.4	0.010488
120	-3.3	0.0099549
120	-3.2	0.0097333
120	-3.1	0.010079
120	-3	0.010736
120	-2.9	0.010653
120	-2.8	0.0090858
120	-2.7	0.00801
120	-2.6	0.010375
120	-2.5	0.014705
120	-2.4	0.018139
120	-2.3	0.022859
120	-2.2	0.025828
120	-2.1	0.027367
120	-2	0.029075
120	-1.9	0.033587
120	-1.8	0.035513
120	-1.7	0.038967
120	-1.6	0.040752
120	-1.5	0.040352
120	-1.4	0.03814
120	-1.3	0.032374
120	-1.2	0.026632
120	-1.1	0.022576
120	-1	0.02419
120	-0.9	0.031703
120	-0.8	0.044502
120	-0.7	0.051564
120	-0.6	0.055478
120	-0.5	0.055714
120	-0.4	0.053
120	-0.3	0.045091
120	-0.2	0.033681
120	-0.1	0.029359
120	0	0.019463
120	0.1	0.014812
120	0.2	0.013323
120	0.3	0.013189
120	0.4	0.013781
120	0.5	0.01628
120	0.6	0.022424
120	0.7	0.030376
120	0.8	0.036376
120	0.9	0.041848
120	1	0.048132
120	1.1	0.05079
120	1.2	0.051723
120	1.3	0.049006
120	1.4	0.044233
120	1.5	0.039548
120	1.6	0.034946
120	1.7	0.030321
120	1.8	0.028339
120	1.9	0.026482
120	2	0.026428
120	2.1	0.026188
120	2.2	0.025651
120	2.3	0.024193
120	2.4	0.023094
120	2.5	0.021969
120	2.6	0.01996
120	2.7	0.018709
120	2.8	0.017177
120	2.9	0.016145
120	3	0.014609
120	3.1	0.012568
120	3.2	0.010565
120	3.3	0.0097133
120	3.4	0.0089261
120	3.5	0.0086278
120	3.6	0.0082759
120	3.7	0.0080583
120	3.8	0.0079228
120	3.9	0.0076191
120	4	0.0070986
130	-4	0.0073051
130	-3.9	0.0095675
130	-3.8	0.012947
130	-3.7	0.014346
130	-3.6	0.013766
130	-3.5	0.012132
130	-3.4	0.0091408
130	-3.3	0.0075744
130	-3.2	0.0093107
130	-3.1	0.011784
130	-3	0.013084
130	-2.9	0.012009
130	-2.8	0.0095641
130	-2.7	0.0065021
130	-2.6	0.0092776
130	-2.5	0.014312
130	-2.4	0.020275
130	-2.3	0.024329
130	-2.2	0.026115
130	-2.1	0.027369
130	-2	0.029726
130	-1.9	0.032103
130	-1.8	0.035803
130	-1.7	0.040569
130	-1.6	0.042307
130	-1.5	0.041899
130	-1.4	0.037309
130	-1.3	0.032278
130	-1.2	0.022549
130	-1.1	0.018959
130	-1	0.020787
130	-0.9	0.029236
130	-0.8	0.042636
130	-0.7	0.049195
130	-0.6	0.053553
130	-0.5	0.052572
130	-0.4	0.049659
130	-0.3	0.042774
130	-0.2	0.032631
130	-0.1	0.026856
130	0	0.020349
130	0.1	0.0151
130	0.2	0.01362
130	0.3	0.013289
130	0.4	0.014835
130	0.5	0.016328
130	0.6	0.023594
130	0.7	0.02696
130	0.8	0.036917
130	0.9	0.039743
130	1	0.044276
130	1.1	0.047229
130	1.2	0.047702
130	1.3	0.045205
130	1.4	0.043416
130	1.5	0.039564
130	1.6	0.033465
130	1.7	0.029856
130	1.8	0.027795
130	1.9	0.026223
130	2	0.025742
130	2.1	0.025548
130	2.2	0.025203
130	2.3	0.024969
130	2.4	0.023873
130	2.5	0.023614
130	2.6	0.02183
130	2.7	0.020359
130	2.8	0.018312
130	2.9	0.015529
130	3	0.013971
130	3.1	0.01256
130	3.2	0.01189
130	3.3	0.011477
130	3.4	0.010531
130	3.5	0.0095844
130	3.6	0.0086371
130	3.7	0.0079878
130	3.8	0.0061338
130	3.9	0.0060248
130	4	0.0061153
140	-4	0.0095523
140	-3.9	0.010747
140	-3.8	0.011603
140	-3.7	0.01155
140	-3.6	0.010709
140	-3.5	0.0084613
140	-3.4	0.0079187
140	-3.3	0.0085146
140	-3.2	0.0096365
140	-3.1	0.011141
140	-3	0.010896
140	-2.9	0.010143
140	-2.8	0.0066301
140	-2.7	0.0055559
140	-2.6	0.0090144
140	-2.5	0.012672
140	-2.4	0.018024
140	-2.3	0.021831
140	-2.2	0.022899
140	-2.1	0.023931
140	-2	0.026173
140	-1.9	0.029579
140	-1.8	0.033669
140	-1.7	0.038147
140	-1.6	0.039799
140	-1.5	0.038707
140	-1.4	0.035897
140	-1.3	0.028642
140	-1.2	0.021278
140	-1.1	0.018039
140	-1	0.021029
140	-0.9	0.029614
140	-0.8	0.037762
140	-0.7	0.046548
140	-0.6	0.050752
140	-0.5	0.050628
140	-0.4	0.045296
140	-0.3	0.040784
140	-0.2	0.031956
140	-0.1	0.024604
140	0	0.020881
140	0.1	0.016617
140	0.2	0.016098
140	0.3	0.015312
140	0.4	0.015862
140	0.5	0.019516
140	0.6	0.024763
140	0.7	0.029231
140	0.8	0.034814
140	0.9	0.041304
140	1	0.044318
140	1.1	0.045424
140	1.2	0.044591
140	1.3	0.04266
140	1.4	0.038978
140	1.5	0.033288
140	1.6	0.029535
140	1.7	0.027461
140	1.8	0.02543
140	1.9	0.024769
140	2	0.025041
140	2.1	0.024851
140	2.2	0.024139
140	2.3	0.023258
140	2.4	0.021161
140	2.5	0.020611
140	2.6	0.019721
140	2.7	0.018733
140	2.8	0.017406
140	2.9	0.015918
140	3	0.013845
140	3.1	0.012532
140	3.2	0.010342
140	3.3	0.0099028
140	3.4	0.008745
140	3.5	0.0090964
140	3.6	0.0093643
140	3.7	0.00878
140	3.8	0.0083401
140	3.9	0.0077098
140	4	0.0064422
150	-4	0.0091655
150	-3.9	0.00972
150	-3.8	0.011908
150	-3.7	0.013199
150	-3.6	0.013551
150	-3.5	0.013523
150	-3.4	0.012432
150	-3.3	0.010866
150	-3.2	0.0099695
150	-3.1	0.0099922
150	-3	0.010256
150	-2.9	0.0093384
150	-2.8	0.0086371
150	-2.7	0.0074149
150	-2.6	0.0097681
150	-2.5	0.01277
150	-2.4	0.016256
150	-2.3	0.020049
150	-2.2	0.022834
150	-2.1	0.025164
150	-2	0.028196
150	-1.9	0.031888
150	-1.8	0.03586
150	-1.7	0.039257
150	-1.6	0.039376
150	-1.5	0.037202
150	-1.4	0.032477
150	-1.3	0.026024
150	-1.2	0.020492
150	-1.1	0.018228
150	-1	0.022944
150	-0.9	0.030256
150	-0.8	0.037988
150	-0.7	0.04559
150	-0.6	0.048001
150	-0.5	0.04795
150	-0.4	0.045107
150	-0.3	0.040085
150	-0.2	0.032102
150	-0.1	0.027311
150	0	0.023181
150	0.1	0.020055
150	0.2	0.018386
150	0.3	0.017772
150	0.4	0.019975
150	0.5	0.021065
150	0.6	0.025764
150	0.7	0.032008
150	0.8	0.03641
150	0.9	0.039578
150	1	0.043234
150	1.1	0.04513
150	1.2	0.044962
150	1.3	0.042719
150	1.4	0.038333
150	1.5	0.033111
150	1.6	0.028598
150	1.7	0.024924
150	1.8	0.023534
150	1.9	0.023744
150	2	0.025677
150	2.1	0.027366
150	2.2	0.027148
150	2.3	0.025149
150	2.4	0.022365
150	2.5	0.020391
150	2.6	0.017176
150	2.7	0.015491
150	2.8	0.014546
150	2.9	0.014526
150	3	0.014304
150	3.1	0.013096
150	3.2	0.010121
150	3.3	0.0091443
150	3.4	0.0077453
150	3.5	0.0074994
150	3.6	0.0080943
150	3.7	0.0081202
150	3.8	0.008146
150	3.9	0.0072071
150	4	0.0066374
160	-4	0.0097283
160	-3.9	0.011908
160	-3.8	0.013608
160	-3.7	0.014226
160	-3.6	0.013558
160	-3.5	0.012217
160	-3.4	0.010568
160	-3.3	0.0094946
160	-3.2	0.0093885
160	-3.1	0.010502
160	-3	0.0097482
160	-2.9	0.0085978
160	-2.8	0.007053
160	-2.7	0.0066204
160	-2.6	0.0084575
160	-2.5	0.013331
160	-2.4	0.018172
160	-2.3	0.020307
160	-2.2	0.021357
160	-2.1	0.022609
160	-2	0.024289
160	-1.9	0.027684
160	-1.8	0.031897
160	-1.7	0.035578
160	-1.6	0.036347
160	-1.5	0.03558
160	-1.4	0.03102
160	-1.3	0.026554
160	-1.2	0.019656
160	-1.1	0.01609
160	-1	0.023244
160	-0.9	0.029979
160	-0.8	0.0393
160	-0.7	0.044263
160	-0.6	0.04808
160	-0.5	0.048102
160	-0.4	0.045465
160	-0.3	0.041864
160	-0.2	0.034358
160	-0.1	0.029369
160	0	0.024029
160	0.1	0.021772
160	0.2	0.020322
160	0.3	0.021212
160	0.4	0.022865
160	0.5	0.025552
160	0.6	0.030816
160	0.7	0.035246
160	0.8	0.041244
160	0.9	0.042617
160	1	0.045365
160	1.1	0.045027
160	1.2	0.043561
160	1.3	0.039895
160	1.4	0.03548
160	1.5	0.031368
160	1.6	0.028407
160	1.7	0.026703
160	1.8	0.025373
160	1.9	0.025476
160	2	0.025971
160	2.1	0.026501
160	2.2	0.025065
160	2.3	0.024015
160	2.4	0.022176
160	2.5	0.020497
160	2.6	0.018152
160	2.7	0.016107
160	2.8	0.014963
160	2.9	0.013887
160	3	0.01168
160	3.1	0.010315
160	3.2	0.0089892
160	3.3	0.0085089
160	3.4	0.0085412
160	3.5	0.0086446
160	3.6	0.0088223
160	3.7	0.0083188
160	3.8	0.0080482
160	3.9	0.0074236
160	4	0.0065269
170	-4	0.0093936
170	-3.9	0.012048
170	-3.8	0.01372
170	-3.7	0.014031
170	-3.6	0.013517
170	-3.5	0.012439
170	-3.4	0.011562
170	-3.3	0.010322
170	-3.2	0.010747
170	-3.1	0.011248
170	-3	0.011051
170	-2.9	0.0093055
170	-2.8	0.0082171
170	-2.7	0.0070644
170	-2.6	0.0090715
170	-2.5	0.013038
170	-2.4	0.01607
170	-2.3	0.019658
170	-2.2	0.022028
170	-2.1	0.024394
170	-2	0.028088
170	-1.9	0.032051
170	-1.8	0.035866
170	-1.7	0.0387
170	-1.6	0.03887
170	-1.5	0.037287
170	-1.4	0.03139
170	-1.3	0.02474
170	-1.2	0.01947
170	-1.1	0.017944
170	-1	0.02204
170	-0.9	0.031843
170	-0.8	0.040461
170	-0.7	0.04653
170	-0.6	0.049383
170	-0.5	0.049494
170	-0.4	0.046169
170	-0.3	0.043604
170	-0.2	0.036544
170	-0.1	0.03209
170	0	0.027411
170	0.1	0.024315
170	0.2	0.023389
170	0.3	0.02376
170	0.4	0.024439
170	0.5	0.02694
170	0.6	0.03028
170	0.7	0.036952
170	0.8	0.04114
170	0.9	0.042789
170	1	0.04542
170	1.1	0.045313
170	1.2	0.044061
170	1.3	0.040621
170	1.4	0.038015
170	1.5	0.034521
170	1.6	0.031518
170	1.7	0.030579
170	1.8	0.030679
170	1.9	0.031299
170	2	0.031536
170	2.1	0.030612
170	2.2	0.028774
170	2.3	0.026177
170	2.4	0.023924
170	2.5	0.021185
170	2.6	0.019436
170	2.7	0.017969
170	2.8	0.016605
170	2.9	0.015478
170	3	0.012669
170	3.1	0.011118
170	3.2	0.0096164
170	3.3	0.0085203
170	3.4	0.0083884
170	3.5	0.0084307
170	3.6	0.0077245
170	3.7	0.0076614
170	3.8	0.0077391
170	3.9	0.0071689
170	4	0.0069931
180	-4	0.013176
180	-3.9	0.01486
180	-3.8	0.014899
180	-3.7	0.01338
180	-3.6	0.011238
180	-3.5	0.0095269
180	-3.4	0.011088
180	-3.3	0.013408
180	-3.2	0.015201
180	-3.1	0.015951
180	-3	0.014294
180	-2.9	0.010854
180	-2.8	0.0077579
180	-2.7	0.006801
180	-2.6	0.014294
180	-2.5	0.018564
180	-2.4	0.021844
180	-2.3	0.022193
180	-2.2	0.0217
180	-2.1	0.022463
180	-2	0.024563
180	-1.9	0.032129
180	-1.8	0.037359
180	-1.7	0.041471
180	-1.6	0.041956
180	-1.5	0.040125
180	-1.4	0.03387
180	-1.3	0.023894
180	-1.2	0.016543
180	-1.1	0.018111
180	-1	0.025866
180	-0.9	0.039265
180	-0.8	0.043798
180	-0.7	0.050423
180	-0.6	0.052075
180	-0.5	0.05154
180	-0.4	0.046743
180	-0.3	0.041475
180	-0.2	0.035796
180	-0.1	0.03281
180	0	0.029658
180	0.1	0.029034
180	0.2	0.029251
180	0.3	0.03005
180	0.4	0.032345
180	0.5	0.03504
180	0.6	0.037836
180	0.7	0.041831
180	0.8	0.043468
180	0.9	0.044993
180	1	0.044854
180	1.1	0.044146
180	1.2	0.042204
180	1.3	0.037041
180	1.4	0.033033
180	1.5	0.030519
180	1.6	0.028906
180	1.7	0.028655
180	1.8	0.029373
180	1.9	0.031754
180	2	0.032892
180	2.1	0.032466
180	2.2	0.030264
180	2.3	0.02808
180	2.4	0.024874
180	2.5	0.022942
180	2.6	0.020735
180	2.7	0.019981
180	2.8	0.019577
180	2.9	0.018642
180	3	0.015533
180	3.1	0.013856
180	3.2	0.011855
180	3.3	0.011011
180	3.4	0.011353
180	3.5	0.011569
180	3.6	0.011795
180	3.7	0.011696
180	3.8	0.010957
180	3.9	0.010098
180	4	0.0084671
 
Uniformity Ratio =0.58015
