14-Dec-2017
11:14
TXR  007960 RM428 R24
33511B Function Generator
SN =Agilent Technologies,33511B,MY52301476,3.05-1.19-2.00-52-00
freq =+9.320000000000000E+06
burstmode =TRIG
burstN =+6.000000000000000E+01
voltage =+1.5000000000000E-01
 
DSO-X 2022A Oscilloscope
SN =AGILENT TECHNOLOGIES,DSO-X 2022A,MY54310921,02.41.2015102200
probe =+1.0000000E+00
scale =+500.0E-09
position =+19.900000E-06
range =+1.60E+00
units =VOLT
points =+2000
pointmode =NORM
format =BYTE
acqtype =NORM
trigsource =EXT
coupling =AC
 
-180	-4	0.0089007
-180	-3.9	0.012483
-180	-3.8	0.016053
-180	-3.7	0.018018
-180	-3.6	0.019379
-180	-3.5	0.018915
-180	-3.4	0.017188
-180	-3.3	0.016225
-180	-3.2	0.017669
-180	-3.1	0.019846
-180	-3	0.021137
-180	-2.9	0.020264
-180	-2.8	0.018726
-180	-2.7	0.015441
-180	-2.6	0.013355
-180	-2.5	0.015967
-180	-2.4	0.01956
-180	-2.3	0.0232
-180	-2.2	0.026927
-180	-2.1	0.034155
-180	-2	0.03625
-180	-1.9	0.04229
-180	-1.8	0.048355
-180	-1.7	0.055468
-180	-1.6	0.058041
-180	-1.5	0.058381
-180	-1.4	0.052943
-180	-1.3	0.045899
-180	-1.2	0.038497
-180	-1.1	0.033017
-180	-1	0.03367
-180	-0.9	0.038987
-180	-0.8	0.049887
-180	-0.7	0.055476
-180	-0.6	0.057021
-180	-0.5	0.055134
-180	-0.4	0.048001
-180	-0.3	0.040124
-180	-0.2	0.030817
-180	-0.1	0.023888
-180	0	0.016941
-180	0.1	0.014955
-180	0.2	0.015292
-180	0.3	0.017572
-180	0.4	0.020993
-180	0.5	0.026897
-180	0.6	0.032022
-180	0.7	0.039248
-180	0.8	0.044122
-180	0.9	0.046772
-180	1	0.047633
-180	1.1	0.046766
-180	1.2	0.044459
-180	1.3	0.040258
-180	1.4	0.038362
-180	1.5	0.035678
-180	1.6	0.033463
-180	1.7	0.031993
-180	1.8	0.032115
-180	1.9	0.032386
-180	2	0.031958
-180	2.1	0.029425
-180	2.2	0.027489
-180	2.3	0.025098
-180	2.4	0.022345
-180	2.5	0.020158
-180	2.6	0.018069
-180	2.7	0.017858
-180	2.8	0.017427
-180	2.9	0.016258
-180	3	0.013778
-180	3.1	0.012663
-180	3.2	0.012346
-180	3.3	0.011913
-180	3.4	0.011557
-180	3.5	0.011456
-180	3.6	0.011365
-180	3.7	0.010781
-180	3.8	0.010162
-180	3.9	0.0091142
-180	4	0.0088278
-170	-4	0.01278
-170	-3.9	0.015625
-170	-3.8	0.01735
-170	-3.7	0.019816
-170	-3.6	0.02001
-170	-3.5	0.019593
-170	-3.4	0.018692
-170	-3.3	0.018068
-170	-3.2	0.019618
-170	-3.1	0.020671
-170	-3	0.022159
-170	-2.9	0.021414
-170	-2.8	0.018901
-170	-2.7	0.015332
-170	-2.6	0.014185
-170	-2.5	0.016623
-170	-2.4	0.021854
-170	-2.3	0.026172
-170	-2.2	0.031742
-170	-2.1	0.034649
-170	-2	0.041563
-170	-1.9	0.046573
-170	-1.8	0.05503
-170	-1.7	0.057458
-170	-1.6	0.059098
-170	-1.5	0.056702
-170	-1.4	0.053817
-170	-1.3	0.046355
-170	-1.2	0.035707
-170	-1.1	0.034296
-170	-1	0.037393
-170	-0.9	0.048171
-170	-0.8	0.054469
-170	-0.7	0.060403
-170	-0.6	0.061504
-170	-0.5	0.058267
-170	-0.4	0.052091
-170	-0.3	0.042344
-170	-0.2	0.033486
-170	-0.1	0.022855
-170	0	0.018958
-170	0.1	0.016589
-170	0.2	0.016526
-170	0.3	0.017465
-170	0.4	0.020812
-170	0.5	0.028257
-170	0.6	0.034142
-170	0.7	0.04184
-170	0.8	0.045617
-170	0.9	0.047973
-170	1	0.049284
-170	1.1	0.048148
-170	1.2	0.044912
-170	1.3	0.042286
-170	1.4	0.039685
-170	1.5	0.038388
-170	1.6	0.037298
-170	1.7	0.035795
-170	1.8	0.034546
-170	1.9	0.033924
-170	2	0.032122
-170	2.1	0.03093
-170	2.2	0.030095
-170	2.3	0.029144
-170	2.4	0.028077
-170	2.5	0.024507
-170	2.6	0.020289
-170	2.7	0.019328
-170	2.8	0.016228
-170	2.9	0.014816
-170	3	0.01454
-170	3.1	0.01487
-170	3.2	0.014931
-170	3.3	0.013978
-170	3.4	0.012203
-170	3.5	0.010543
-170	3.6	0.010042
-170	3.7	0.010512
-170	3.8	0.010948
-170	3.9	0.011018
-170	4	0.010121
-160	-4	0.01475
-160	-3.9	0.017494
-160	-3.8	0.019112
-160	-3.7	0.019676
-160	-3.6	0.019133
-160	-3.5	0.017972
-160	-3.4	0.017984
-160	-3.3	0.019442
-160	-3.2	0.021056
-160	-3.1	0.022495
-160	-3	0.022405
-160	-2.9	0.019829
-160	-2.8	0.015425
-160	-2.7	0.012602
-160	-2.6	0.01392
-160	-2.5	0.021293
-160	-2.4	0.02528
-160	-2.3	0.02966
-160	-2.2	0.033724
-160	-2.1	0.036813
-160	-2	0.041171
-160	-1.9	0.047858
-160	-1.8	0.052533
-160	-1.7	0.058253
-160	-1.6	0.060485
-160	-1.5	0.059277
-160	-1.4	0.052726
-160	-1.3	0.043406
-160	-1.2	0.035197
-160	-1.1	0.033732
-160	-1	0.039497
-160	-0.9	0.046845
-160	-0.8	0.056451
-160	-0.7	0.061915
-160	-0.6	0.062836
-160	-0.5	0.057735
-160	-0.4	0.053598
-160	-0.3	0.042961
-160	-0.2	0.032659
-160	-0.1	0.022647
-160	0	0.017235
-160	0.1	0.016062
-160	0.2	0.016824
-160	0.3	0.017923
-160	0.4	0.022083
-160	0.5	0.026721
-160	0.6	0.034957
-160	0.7	0.041014
-160	0.8	0.045358
-160	0.9	0.047094
-160	1	0.047563
-160	1.1	0.045703
-160	1.2	0.042265
-160	1.3	0.038878
-160	1.4	0.036475
-160	1.5	0.034634
-160	1.6	0.033427
-160	1.7	0.032424
-160	1.8	0.031937
-160	1.9	0.03044
-160	2	0.028837
-160	2.1	0.02666
-160	2.2	0.025878
-160	2.3	0.024987
-160	2.4	0.023549
-160	2.5	0.021531
-160	2.6	0.019442
-160	2.7	0.017822
-160	2.8	0.015234
-160	2.9	0.013235
-160	3	0.011898
-160	3.1	0.011669
-160	3.2	0.011804
-160	3.3	0.011727
-160	3.4	0.010336
-160	3.5	0.0096834
-160	3.6	0.0086558
-160	3.7	0.0084975
-160	3.8	0.0086857
-160	3.9	0.0087966
-160	4	0.009169
-150	-4	0.01637
-150	-3.9	0.018138
-150	-3.8	0.018918
-150	-3.7	0.019139
-150	-3.6	0.019063
-150	-3.5	0.019619
-150	-3.4	0.021406
-150	-3.3	0.023436
-150	-3.2	0.024761
-150	-3.1	0.024065
-150	-3	0.021065
-150	-2.9	0.017654
-150	-2.8	0.015173
-150	-2.7	0.014721
-150	-2.6	0.018545
-150	-2.5	0.023742
-150	-2.4	0.028119
-150	-2.3	0.030624
-150	-2.2	0.033201
-150	-2.1	0.036381
-150	-2	0.043219
-150	-1.9	0.052374
-150	-1.8	0.056461
-150	-1.7	0.059917
-150	-1.6	0.060369
-150	-1.5	0.054391
-150	-1.4	0.045516
-150	-1.3	0.040413
-150	-1.2	0.03256
-150	-1.1	0.032544
-150	-1	0.041286
-150	-0.9	0.054445
-150	-0.8	0.059005
-150	-0.7	0.062165
-150	-0.6	0.061586
-150	-0.5	0.057791
-150	-0.4	0.048813
-150	-0.3	0.036931
-150	-0.2	0.029251
-150	-0.1	0.024213
-150	0	0.018736
-150	0.1	0.017951
-150	0.2	0.018707
-150	0.3	0.019408
-150	0.4	0.026072
-150	0.5	0.029948
-150	0.6	0.037674
-150	0.7	0.042873
-150	0.8	0.046038
-150	0.9	0.046916
-150	1	0.047106
-150	1.1	0.043915
-150	1.2	0.040834
-150	1.3	0.037636
-150	1.4	0.034841
-150	1.5	0.032869
-150	1.6	0.031689
-150	1.7	0.031934
-150	1.8	0.032236
-150	1.9	0.03168
-150	2	0.030716
-150	2.1	0.027931
-150	2.2	0.026747
-150	2.3	0.024914
-150	2.4	0.022954
-150	2.5	0.021362
-150	2.6	0.02022
-150	2.7	0.019287
-150	2.8	0.01769
-150	2.9	0.015908
-150	3	0.013444
-150	3.1	0.012724
-150	3.2	0.012154
-150	3.3	0.01147
-150	3.4	0.011319
-150	3.5	0.011145
-150	3.6	0.011393
-150	3.7	0.010252
-150	3.8	0.0097383
-150	3.9	0.0096884
-150	4	0.01011
-140	-4	0.017299
-140	-3.9	0.018799
-140	-3.8	0.019273
-140	-3.7	0.019679
-140	-3.6	0.019913
-140	-3.5	0.019669
-140	-3.4	0.020533
-140	-3.3	0.021647
-140	-3.2	0.021804
-140	-3.1	0.021196
-140	-3	0.018378
-140	-2.9	0.016812
-140	-2.8	0.014978
-140	-2.7	0.014676
-140	-2.6	0.017667
-140	-2.5	0.021536
-140	-2.4	0.025291
-140	-2.3	0.029074
-140	-2.2	0.033577
-140	-2.1	0.039745
-140	-2	0.047943
-140	-1.9	0.052324
-140	-1.8	0.055859
-140	-1.7	0.057502
-140	-1.6	0.055701
-140	-1.5	0.049195
-140	-1.4	0.042579
-140	-1.3	0.034724
-140	-1.2	0.031304
-140	-1.1	0.033005
-140	-1	0.04304
-140	-0.9	0.050602
-140	-0.8	0.058191
-140	-0.7	0.061469
-140	-0.6	0.061835
-140	-0.5	0.053729
-140	-0.4	0.049702
-140	-0.3	0.035762
-140	-0.2	0.028019
-140	-0.1	0.020688
-140	0	0.016407
-140	0.1	0.015218
-140	0.2	0.015296
-140	0.3	0.016995
-140	0.4	0.020825
-140	0.5	0.026583
-140	0.6	0.032983
-140	0.7	0.038274
-140	0.8	0.042192
-140	0.9	0.043953
-140	1	0.044202
-140	1.1	0.041856
-140	1.2	0.039134
-140	1.3	0.03608
-140	1.4	0.034351
-140	1.5	0.031901
-140	1.6	0.03121
-140	1.7	0.030215
-140	1.8	0.028697
-140	1.9	0.028184
-140	2	0.025608
-140	2.1	0.024037
-140	2.2	0.023087
-140	2.3	0.022274
-140	2.4	0.021262
-140	2.5	0.019975
-140	2.6	0.018592
-140	2.7	0.016729
-140	2.8	0.013765
-140	2.9	0.011523
-140	3	0.010057
-140	3.1	0.010401
-140	3.2	0.01107
-140	3.3	0.011074
-140	3.4	0.010685
-140	3.5	0.010226
-140	3.6	0.0093246
-140	3.7	0.0082954
-140	3.8	0.0076783
-140	3.9	0.007672
-140	4	0.0087265
-130	-4	0.018176
-130	-3.9	0.01952
-130	-3.8	0.019694
-130	-3.7	0.018749
-130	-3.6	0.01768
-130	-3.5	0.018123
-130	-3.4	0.020789
-130	-3.3	0.023457
-130	-3.2	0.025125
-130	-3.1	0.023697
-130	-3	0.02021
-130	-2.9	0.015487
-130	-2.8	0.014475
-130	-2.7	0.018117
-130	-2.6	0.022176
-130	-2.5	0.027965
-130	-2.4	0.031606
-130	-2.3	0.033523
-130	-2.2	0.036973
-130	-2.1	0.04105
-130	-2	0.046523
-130	-1.9	0.054763
-130	-1.8	0.05904
-130	-1.7	0.05989
-130	-1.6	0.056384
-130	-1.5	0.047251
-130	-1.4	0.036321
-130	-1.3	0.030381
-130	-1.2	0.030223
-130	-1.1	0.037515
-130	-1	0.049036
-130	-0.9	0.057764
-130	-0.8	0.063505
-130	-0.7	0.064003
-130	-0.6	0.062686
-130	-0.5	0.054711
-130	-0.4	0.042929
-130	-0.3	0.033415
-130	-0.2	0.027903
-130	-0.1	0.021463
-130	0	0.018508
-130	0.1	0.016898
-130	0.2	0.016892
-130	0.3	0.01768
-130	0.4	0.021437
-130	0.5	0.026655
-130	0.6	0.030337
-130	0.7	0.03583
-130	0.8	0.038541
-130	0.9	0.039679
-130	1	0.039328
-130	1.1	0.036186
-130	1.2	0.03377
-130	1.3	0.031757
-130	1.4	0.030774
-130	1.5	0.029984
-130	1.6	0.029973
-130	1.7	0.029812
-130	1.8	0.029763
-130	1.9	0.028508
-130	2	0.027215
-130	2.1	0.025251
-130	2.2	0.024724
-130	2.3	0.02464
-130	2.4	0.02424
-130	2.5	0.022864
-130	2.6	0.020647
-130	2.7	0.018706
-130	2.8	0.016173
-130	2.9	0.014171
-130	3	0.013534
-130	3.1	0.014342
-130	3.2	0.015107
-130	3.3	0.014425
-130	3.4	0.013006
-130	3.5	0.011859
-130	3.6	0.010434
-130	3.7	0.01013
-130	3.8	0.010491
-130	3.9	0.010768
-130	4	0.010203
-120	-4	0.01748
-120	-3.9	0.018107
-120	-3.8	0.018292
-120	-3.7	0.01833
-120	-3.6	0.018819
-120	-3.5	0.019939
-120	-3.4	0.0206
-120	-3.3	0.02142
-120	-3.2	0.020896
-120	-3.1	0.019892
-120	-3	0.017257
-120	-2.9	0.015076
-120	-2.8	0.014548
-120	-2.7	0.018021
-120	-2.6	0.022474
-120	-2.5	0.026683
-120	-2.4	0.030908
-120	-2.3	0.03323
-120	-2.2	0.038292
-120	-2.1	0.04333
-120	-2	0.047861
-120	-1.9	0.052947
-120	-1.8	0.054953
-120	-1.7	0.052243
-120	-1.6	0.048427
-120	-1.5	0.039295
-120	-1.4	0.034686
-120	-1.3	0.02846
-120	-1.2	0.032334
-120	-1.1	0.039094
-120	-1	0.050093
-120	-0.9	0.056167
-120	-0.8	0.061792
-120	-0.7	0.061668
-120	-0.6	0.058729
-120	-0.5	0.047915
-120	-0.4	0.040633
-120	-0.3	0.031957
-120	-0.2	0.022261
-120	-0.1	0.018086
-120	0	0.0156
-120	0.1	0.013897
-120	0.2	0.012942
-120	0.3	0.014546
-120	0.4	0.01811
-120	0.5	0.023946
-120	0.6	0.031287
-120	0.7	0.036216
-120	0.8	0.039022
-120	0.9	0.040677
-120	1	0.040253
-120	1.1	0.036741
-120	1.2	0.032608
-120	1.3	0.029807
-120	1.4	0.027682
-120	1.5	0.027029
-120	1.6	0.02684
-120	1.7	0.027175
-120	1.8	0.027035
-120	1.9	0.02631
-120	2	0.024179
-120	2.1	0.021671
-120	2.2	0.020498
-120	2.3	0.019506
-120	2.4	0.018562
-120	2.5	0.017875
-120	2.6	0.016159
-120	2.7	0.014986
-120	2.8	0.013432
-120	2.9	0.011336
-120	3	0.0093799
-120	3.1	0.0078387
-120	3.2	0.0079166
-120	3.3	0.0082014
-120	3.4	0.0075295
-120	3.5	0.0070438
-120	3.6	0.006879
-120	3.7	0.0064622
-120	3.8	0.0063385
-120	3.9	0.0057136
-120	4	0.0053845
-110	-4	0.016609
-110	-3.9	0.016838
-110	-3.8	0.016689
-110	-3.7	0.015961
-110	-3.6	0.015956
-110	-3.5	0.016491
-110	-3.4	0.017468
-110	-3.3	0.01799
-110	-3.2	0.017844
-110	-3.1	0.01702
-110	-3	0.015782
-110	-2.9	0.014248
-110	-2.8	0.013846
-110	-2.7	0.016994
-110	-2.6	0.020696
-110	-2.5	0.022682
-110	-2.4	0.028803
-110	-2.3	0.03503
-110	-2.2	0.040568
-110	-2.1	0.045185
-110	-2	0.049224
-110	-1.9	0.052045
-110	-1.8	0.052058
-110	-1.7	0.048732
-110	-1.6	0.043732
-110	-1.5	0.036582
-110	-1.4	0.030304
-110	-1.3	0.028819
-110	-1.2	0.034553
-110	-1.1	0.046192
-110	-1	0.052885
-110	-0.9	0.061277
-110	-0.8	0.064695
-110	-0.7	0.063485
-110	-0.6	0.058213
-110	-0.5	0.05181
-110	-0.4	0.03877
-110	-0.3	0.030485
-110	-0.2	0.022343
-110	-0.1	0.017471
-110	0	0.015019
-110	0.1	0.013734
-110	0.2	0.012906
-110	0.3	0.013838
-110	0.4	0.019116
-110	0.5	0.025046
-110	0.6	0.031985
-110	0.7	0.037666
-110	0.8	0.04065
-110	0.9	0.041567
-110	1	0.040212
-110	1.1	0.037691
-110	1.2	0.03463
-110	1.3	0.032515
-110	1.4	0.030903
-110	1.5	0.02967
-110	1.6	0.028569
-110	1.7	0.027434
-110	1.8	0.026984
-110	1.9	0.025961
-110	2	0.025291
-110	2.1	0.024064
-110	2.2	0.022794
-110	2.3	0.021483
-110	2.4	0.018282
-110	2.5	0.016225
-110	2.6	0.01377
-110	2.7	0.012475
-110	2.8	0.011393
-110	2.9	0.010641
-110	3	0.0097233
-110	3.1	0.0086633
-110	3.2	0.0080261
-110	3.3	0.0071055
-110	3.4	0.0068719
-110	3.5	0.0068719
-110	3.6	0.0074127
-110	3.7	0.0077495
-110	3.8	0.0076678
-110	3.9	0.0066081
-110	4	0.0063002
-100	-4	0.015295
-100	-3.9	0.015918
-100	-3.8	0.015764
-100	-3.7	0.014621
-100	-3.6	0.014081
-100	-3.5	0.015277
-100	-3.4	0.016666
-100	-3.3	0.017804
-100	-3.2	0.017653
-100	-3.1	0.016976
-100	-3	0.014378
-100	-2.9	0.012784
-100	-2.8	0.013668
-100	-2.7	0.017644
-100	-2.6	0.021824
-100	-2.5	0.025145
-100	-2.4	0.029912
-100	-2.3	0.036192
-100	-2.2	0.038619
-100	-2.1	0.04399
-100	-2	0.047546
-100	-1.9	0.05067
-100	-1.8	0.05048
-100	-1.7	0.045971
-100	-1.6	0.039259
-100	-1.5	0.032072
-100	-1.4	0.026558
-100	-1.3	0.029363
-100	-1.2	0.039534
-100	-1.1	0.050581
-100	-1	0.05604
-100	-0.9	0.063709
-100	-0.8	0.063724
-100	-0.7	0.059539
-100	-0.6	0.053714
-100	-0.5	0.04265
-100	-0.4	0.030669
-100	-0.3	0.025321
-100	-0.2	0.01938
-100	-0.1	0.017084
-100	0	0.014746
-100	0.1	0.013559
-100	0.2	0.012756
-100	0.3	0.016406
-100	0.4	0.022252
-100	0.5	0.027644
-100	0.6	0.031985
-100	0.7	0.035184
-100	0.8	0.036183
-100	0.9	0.036431
-100	1	0.034668
-100	1.1	0.032077
-100	1.2	0.029628
-100	1.3	0.026951
-100	1.4	0.024673
-100	1.5	0.023825
-100	1.6	0.022899
-100	1.7	0.022408
-100	1.8	0.022399
-100	1.9	0.022
-100	2	0.020539
-100	2.1	0.020049
-100	2.2	0.019232
-100	2.3	0.018264
-100	2.4	0.016509
-100	2.5	0.014108
-100	2.6	0.013186
-100	2.7	0.011122
-100	2.8	0.010303
-100	2.9	0.009695
-100	3	0.0091919
-100	3.1	0.0089333
-100	3.2	0.008667
-100	3.3	0.0082112
-100	3.4	0.007007
-100	3.5	0.0070621
-100	3.6	0.0074692
-100	3.7	0.0081341
-100	3.8	0.0082564
-100	3.9	0.0078366
-100	4	0.007737
-90	-4	0.012369
-90	-3.9	0.012191
-90	-3.8	0.012952
-90	-3.7	0.01435
-90	-3.6	0.015645
-90	-3.5	0.017118
-90	-3.4	0.017508
-90	-3.3	0.016369
-90	-3.2	0.015558
-90	-3.1	0.012272
-90	-3	0.0098669
-90	-2.9	0.013783
-90	-2.8	0.017606
-90	-2.7	0.02046
-90	-2.6	0.024798
-90	-2.5	0.025958
-90	-2.4	0.02755
-90	-2.3	0.031397
-90	-2.2	0.035792
-90	-2.1	0.043829
-90	-2	0.049537
-90	-1.9	0.050255
-90	-1.8	0.049206
-90	-1.7	0.041561
-90	-1.6	0.031256
-90	-1.5	0.026739
-90	-1.4	0.025274
-90	-1.3	0.034108
-90	-1.2	0.040703
-90	-1.1	0.053824
-90	-1	0.057969
-90	-0.9	0.061174
-90	-0.8	0.059598
-90	-0.7	0.055885
-90	-0.6	0.048032
-90	-0.5	0.039193
-90	-0.4	0.027514
-90	-0.3	0.023454
-90	-0.2	0.017293
-90	-0.1	0.01534
-90	0	0.014231
-90	0.1	0.013414
-90	0.2	0.014181
-90	0.3	0.017338
-90	0.4	0.022487
-90	0.5	0.027407
-90	0.6	0.031072
-90	0.7	0.035708
-90	0.8	0.037695
-90	0.9	0.037427
-90	1	0.035837
-90	1.1	0.03266
-90	1.2	0.029175
-90	1.3	0.027112
-90	1.4	0.025909
-90	1.5	0.025554
-90	1.6	0.025605
-90	1.7	0.026224
-90	1.8	0.026195
-90	1.9	0.024085
-90	2	0.023059
-90	2.1	0.0213
-90	2.2	0.020137
-90	2.3	0.019009
-90	2.4	0.017587
-90	2.5	0.016544
-90	2.6	0.014871
-90	2.7	0.012981
-90	2.8	0.010863
-90	2.9	0.0090197
-90	3	0.0086987
-90	3.1	0.009068
-90	3.2	0.0092968
-90	3.3	0.0092532
-90	3.4	0.0083149
-90	3.5	0.007787
-90	3.6	0.007358
-90	3.7	0.0070208
-90	3.8	0.0068105
-90	3.9	0.0065294
-90	4	0.0064145
-80	-4	0.015748
-80	-3.9	0.014766
-80	-3.8	0.012947
-80	-3.7	0.012637
-80	-3.6	0.014524
-80	-3.5	0.016886
-80	-3.4	0.018847
-80	-3.3	0.018218
-80	-3.2	0.014545
-80	-3.1	0.011657
-80	-3	0.0095303
-80	-2.9	0.012116
-80	-2.8	0.018741
-80	-2.7	0.023689
-80	-2.6	0.025574
-80	-2.5	0.027496
-80	-2.4	0.028684
-80	-2.3	0.031519
-80	-2.2	0.035191
-80	-2.1	0.041285
-80	-2	0.044131
-80	-1.9	0.04568
-80	-1.8	0.043783
-80	-1.7	0.037367
-80	-1.6	0.031184
-80	-1.5	0.021181
-80	-1.4	0.020784
-80	-1.3	0.029694
-80	-1.2	0.043222
-80	-1.1	0.056215
-80	-1	0.059677
-80	-0.9	0.062354
-80	-0.8	0.058922
-80	-0.7	0.052805
-80	-0.6	0.042781
-80	-0.5	0.029451
-80	-0.4	0.024897
-80	-0.3	0.015517
-80	-0.2	0.013609
-80	-0.1	0.011923
-80	0	0.011395
-80	0.1	0.011451
-80	0.2	0.014325
-80	0.3	0.02012
-80	0.4	0.027828
-80	0.5	0.03432
-80	0.6	0.039013
-80	0.7	0.040641
-80	0.8	0.040504
-80	0.9	0.039567
-80	1	0.034774
-80	1.1	0.029765
-80	1.2	0.027039
-80	1.3	0.026778
-80	1.4	0.026441
-80	1.5	0.025707
-80	1.6	0.024615
-80	1.7	0.023357
-80	1.8	0.021876
-80	1.9	0.020783
-80	2	0.020204
-80	2.1	0.020652
-80	2.2	0.020969
-80	2.3	0.020395
-80	2.4	0.017602
-80	2.5	0.0163
-80	2.6	0.013259
-80	2.7	0.011889
-80	2.8	0.011406
-80	2.9	0.011196
-80	3	0.011091
-80	3.1	0.010463
-80	3.2	0.0094108
-80	3.3	0.0084077
-80	3.4	0.0080442
-80	3.5	0.0089856
-80	3.6	0.009665
-80	3.7	0.010082
-80	3.8	0.0088752
-80	3.9	0.008227
-80	4	0.0074843
-70	-4	0.012936
-70	-3.9	0.012491
-70	-3.8	0.011083
-70	-3.7	0.010817
-70	-3.6	0.011437
-70	-3.5	0.013928
-70	-3.4	0.014389
-70	-3.3	0.01399
-70	-3.2	0.012564
-70	-3.1	0.009234
-70	-3	0.0089802
-70	-2.9	0.011909
-70	-2.8	0.015916
-70	-2.7	0.021641
-70	-2.6	0.025179
-70	-2.5	0.026173
-70	-2.4	0.028963
-70	-2.3	0.031532
-70	-2.2	0.035316
-70	-2.1	0.039057
-70	-2	0.042919
-70	-1.9	0.04295
-70	-1.8	0.039169
-70	-1.7	0.034096
-70	-1.6	0.023344
-70	-1.5	0.021496
-70	-1.4	0.026613
-70	-1.3	0.034196
-70	-1.2	0.048066
-70	-1.1	0.055766
-70	-1	0.060417
-70	-0.9	0.060537
-70	-0.8	0.056893
-70	-0.7	0.050865
-70	-0.6	0.036201
-70	-0.5	0.027929
-70	-0.4	0.020678
-70	-0.3	0.016099
-70	-0.2	0.013666
-70	-0.1	0.012897
-70	0	0.012896
-70	0.1	0.017321
-70	0.2	0.021858
-70	0.3	0.026954
-70	0.4	0.034527
-70	0.5	0.039386
-70	0.6	0.043342
-70	0.7	0.044509
-70	0.8	0.043108
-70	0.9	0.040816
-70	1	0.036245
-70	1.1	0.031394
-70	1.2	0.029563
-70	1.3	0.027922
-70	1.4	0.027088
-70	1.5	0.025875
-70	1.6	0.025178
-70	1.7	0.024699
-70	1.8	0.023885
-70	1.9	0.02296
-70	2	0.021303
-70	2.1	0.020689
-70	2.2	0.01991
-70	2.3	0.017749
-70	2.4	0.015762
-70	2.5	0.014242
-70	2.6	0.012303
-70	2.7	0.010359
-70	2.8	0.010074
-70	2.9	0.0088862
-70	3	0.0085506
-70	3.1	0.0082427
-70	3.2	0.0086819
-70	3.3	0.0083788
-70	3.4	0.0076149
-70	3.5	0.0074518
-70	3.6	0.0071372
-70	3.7	0.0068342
-70	3.8	0.0066472
-70	3.9	0.006613
-70	4	0.0075424
-60	-4	0.013176
-60	-3.9	0.011314
-60	-3.8	0.0088734
-60	-3.7	0.0084422
-60	-3.6	0.010354
-60	-3.5	0.011999
-60	-3.4	0.013322
-60	-3.3	0.013649
-60	-3.2	0.012358
-60	-3.1	0.0079878
-60	-3	0.0080903
-60	-2.9	0.011977
-60	-2.8	0.020537
-60	-2.7	0.024094
-60	-2.6	0.026221
-60	-2.5	0.026491
-60	-2.4	0.026577
-60	-2.3	0.031705
-60	-2.2	0.033787
-60	-2.1	0.040823
-60	-2	0.043597
-60	-1.9	0.042981
-60	-1.8	0.035869
-60	-1.7	0.031871
-60	-1.6	0.023221
-60	-1.5	0.024654
-60	-1.4	0.034046
-60	-1.3	0.040815
-60	-1.2	0.051868
-60	-1.1	0.057642
-60	-1	0.059153
-60	-0.9	0.057108
-60	-0.8	0.047521
-60	-0.7	0.044037
-60	-0.6	0.032483
-60	-0.5	0.024046
-60	-0.4	0.017194
-60	-0.3	0.014665
-60	-0.2	0.014004
-60	-0.1	0.013948
-60	0	0.016067
-60	0.1	0.019989
-60	0.2	0.025745
-60	0.3	0.030697
-60	0.4	0.038466
-60	0.5	0.041957
-60	0.6	0.045606
-60	0.7	0.046126
-60	0.8	0.045251
-60	0.9	0.043784
-60	1	0.039166
-60	1.1	0.033765
-60	1.2	0.030365
-60	1.3	0.028251
-60	1.4	0.026969
-60	1.5	0.027203
-60	1.6	0.028258
-60	1.7	0.029154
-60	1.8	0.0292
-60	1.9	0.027688
-60	2	0.025381
-60	2.1	0.023409
-60	2.2	0.022179
-60	2.3	0.02054
-60	2.4	0.018471
-60	2.5	0.017734
-60	2.6	0.015952
-60	2.7	0.013847
-60	2.8	0.011409
-60	2.9	0.00971
-60	3	0.010169
-60	3.1	0.010235
-60	3.2	0.011049
-60	3.3	0.010818
-60	3.4	0.010192
-60	3.5	0.0096583
-60	3.6	0.010229
-60	3.7	0.009581
-60	3.8	0.0094383
-60	3.9	0.0094929
-60	4	0.0095827
-50	-4	0.012092
-50	-3.9	0.011225
-50	-3.8	0.0097995
-50	-3.7	0.0090519
-50	-3.6	0.010012
-50	-3.5	0.012064
-50	-3.4	0.012627
-50	-3.3	0.011552
-50	-3.2	0.010529
-50	-3.1	0.0090161
-50	-3	0.010772
-50	-2.9	0.015739
-50	-2.8	0.020567
-50	-2.7	0.022995
-50	-2.6	0.025362
-50	-2.5	0.026353
-50	-2.4	0.029357
-50	-2.3	0.031649
-50	-2.2	0.035987
-50	-2.1	0.037694
-50	-2	0.039053
-50	-1.9	0.037121
-50	-1.8	0.033991
-50	-1.7	0.028382
-50	-1.6	0.024954
-50	-1.5	0.025186
-50	-1.4	0.031819
-50	-1.3	0.038816
-50	-1.2	0.047554
-50	-1.1	0.052134
-50	-1	0.053786
-50	-0.9	0.050868
-50	-0.8	0.044647
-50	-0.7	0.03737
-50	-0.6	0.031755
-50	-0.5	0.0233
-50	-0.4	0.018477
-50	-0.3	0.015582
-50	-0.2	0.014824
-50	-0.1	0.014992
-50	0	0.018284
-50	0.1	0.021751
-50	0.2	0.027337
-50	0.3	0.03545
-50	0.4	0.041582
-50	0.5	0.047142
-50	0.6	0.050101
-50	0.7	0.050598
-50	0.8	0.049046
-50	0.9	0.047236
-50	1	0.043332
-50	1.1	0.038514
-50	1.2	0.036118
-50	1.3	0.034331
-50	1.4	0.033282
-50	1.5	0.032609
-50	1.6	0.032704
-50	1.7	0.032757
-50	1.8	0.031745
-50	1.9	0.030235
-50	2	0.027584
-50	2.1	0.026149
-50	2.2	0.0236
-50	2.3	0.021534
-50	2.4	0.017656
-50	2.5	0.017011
-50	2.6	0.015118
-50	2.7	0.013181
-50	2.8	0.011886
-50	2.9	0.01152
-50	3	0.011856
-50	3.1	0.011631
-50	3.2	0.010854
-50	3.3	0.0097067
-50	3.4	0.0086465
-50	3.5	0.008857
-50	3.6	0.0098176
-50	3.7	0.010257
-50	3.8	0.010073
-50	3.9	0.0093661
-50	4	0.0091831
-40	-4	0.010677
-40	-3.9	0.0095928
-40	-3.8	0.0091901
-40	-3.7	0.0091231
-40	-3.6	0.0091478
-40	-3.5	0.010468
-40	-3.4	0.010862
-40	-3.3	0.011294
-40	-3.2	0.011033
-40	-3.1	0.010475
-40	-3	0.010267
-40	-2.9	0.013132
-40	-2.8	0.017631
-40	-2.7	0.022517
-40	-2.6	0.025088
-40	-2.5	0.026413
-40	-2.4	0.027239
-40	-2.3	0.029751
-40	-2.2	0.032062
-40	-2.1	0.035668
-40	-2	0.037314
-40	-1.9	0.036488
-40	-1.8	0.031525
-40	-1.7	0.02896
-40	-1.6	0.024375
-40	-1.5	0.024998
-40	-1.4	0.030669
-40	-1.3	0.037241
-40	-1.2	0.043362
-40	-1.1	0.051491
-40	-1	0.053277
-40	-0.9	0.051729
-40	-0.8	0.047441
-40	-0.7	0.039846
-40	-0.6	0.030319
-40	-0.5	0.021717
-40	-0.4	0.018631
-40	-0.3	0.015281
-40	-0.2	0.01506
-40	-0.1	0.016278
-40	0	0.019717
-40	0.1	0.025083
-40	0.2	0.030014
-40	0.3	0.038636
-40	0.4	0.04588
-40	0.5	0.05219
-40	0.6	0.056856
-40	0.7	0.057905
-40	0.8	0.055797
-40	0.9	0.052357
-40	1	0.044651
-40	1.1	0.040378
-40	1.2	0.035918
-40	1.3	0.034622
-40	1.4	0.034285
-40	1.5	0.034116
-40	1.6	0.033883
-40	1.7	0.032404
-40	1.8	0.030198
-40	1.9	0.027098
-40	2	0.023484
-40	2.1	0.021613
-40	2.2	0.019868
-40	2.3	0.018814
-40	2.4	0.016968
-40	2.5	0.015058
-40	2.6	0.012232
-40	2.7	0.011661
-40	2.8	0.0095269
-40	2.9	0.0097681
-40	3	0.010336
-40	3.1	0.010407
-40	3.2	0.0095557
-40	3.3	0.0085336
-40	3.4	0.0072563
-40	3.5	0.0072093
-40	3.6	0.0079574
-40	3.7	0.0087061
-40	3.8	0.0093764
-40	3.9	0.0088789
-40	4	0.0090036
-30	-4	0.010176
-30	-3.9	0.0092532
-30	-3.8	0.009554
-30	-3.7	0.010542
-30	-3.6	0.01265
-30	-3.5	0.013331
-30	-3.4	0.013368
-30	-3.3	0.012501
-30	-3.2	0.011419
-30	-3.1	0.01017
-30	-3	0.011767
-30	-2.9	0.015451
-30	-2.8	0.021403
-30	-2.7	0.023511
-30	-2.6	0.024121
-30	-2.5	0.024767
-30	-2.4	0.026121
-30	-2.3	0.029633
-30	-2.2	0.031815
-30	-2.1	0.035603
-30	-2	0.036261
-30	-1.9	0.034298
-30	-1.8	0.030809
-30	-1.7	0.025312
-30	-1.6	0.022001
-30	-1.5	0.023814
-30	-1.4	0.030564
-30	-1.3	0.038373
-30	-1.2	0.044911
-30	-1.1	0.049751
-30	-1	0.050653
-30	-0.9	0.048341
-30	-0.8	0.040879
-30	-0.7	0.036096
-30	-0.6	0.029781
-30	-0.5	0.023691
-30	-0.4	0.019226
-30	-0.3	0.017642
-30	-0.2	0.017723
-30	-0.1	0.019438
-30	0	0.022995
-30	0.1	0.027473
-30	0.2	0.035713
-30	0.3	0.041622
-30	0.4	0.049214
-30	0.5	0.053033
-30	0.6	0.054517
-30	0.7	0.054076
-30	0.8	0.051736
-30	0.9	0.04611
-30	1	0.044308
-30	1.1	0.039724
-30	1.2	0.036933
-30	1.3	0.036042
-30	1.4	0.035644
-30	1.5	0.036117
-30	1.6	0.035881
-30	1.7	0.036191
-30	1.8	0.035295
-30	1.9	0.03265
-30	2	0.030568
-30	2.1	0.027755
-30	2.2	0.025935
-30	2.3	0.023471
-30	2.4	0.021006
-30	2.5	0.01925
-30	2.6	0.017944
-30	2.7	0.017189
-30	2.8	0.015983
-30	2.9	0.014753
-30	3	0.013826
-30	3.1	0.013134
-30	3.2	0.013046
-30	3.3	0.012554
-30	3.4	0.012297
-30	3.5	0.012257
-30	3.6	0.011716
-30	3.7	0.011551
-30	3.8	0.010552
-30	3.9	0.009685
-30	4	0.0093141
-20	-4	0.012058
-20	-3.9	0.010304
-20	-3.8	0.0096934
-20	-3.7	0.01035
-20	-3.6	0.012047
-20	-3.5	0.013551
-20	-3.4	0.012835
-20	-3.3	0.011055
-20	-3.2	0.0098636
-20	-3.1	0.012067
-20	-3	0.01461
-20	-2.9	0.019247
-20	-2.8	0.02156
-20	-2.7	0.024343
-20	-2.6	0.024988
-20	-2.5	0.025009
-20	-2.4	0.025527
-20	-2.3	0.026699
-20	-2.2	0.02955
-20	-2.1	0.032541
-20	-2	0.03416
-20	-1.9	0.033731
-20	-1.8	0.031396
-20	-1.7	0.025334
-20	-1.6	0.024323
-20	-1.5	0.025793
-20	-1.4	0.029413
-20	-1.3	0.037197
-20	-1.2	0.043826
-20	-1.1	0.047232
-20	-1	0.049435
-20	-0.9	0.047726
-20	-0.8	0.042481
-20	-0.7	0.037031
-20	-0.6	0.033011
-20	-0.5	0.023695
-20	-0.4	0.018286
-20	-0.3	0.016054
-20	-0.2	0.015918
-20	-0.1	0.017691
-20	0	0.022811
-20	0.1	0.027969
-20	0.2	0.039736
-20	0.3	0.044977
-20	0.4	0.052531
-20	0.5	0.054853
-20	0.6	0.057264
-20	0.7	0.056501
-20	0.8	0.054532
-20	0.9	0.050037
-20	1	0.04823
-20	1.1	0.044609
-20	1.2	0.041861
-20	1.3	0.040812
-20	1.4	0.04098
-20	1.5	0.040783
-20	1.6	0.039896
-20	1.7	0.038748
-20	1.8	0.036638
-20	1.9	0.03339
-20	2	0.030117
-20	2.1	0.027271
-20	2.2	0.024379
-20	2.3	0.021815
-20	2.4	0.019611
-20	2.5	0.016846
-20	2.6	0.015238
-20	2.7	0.01325
-20	2.8	0.012491
-20	2.9	0.011417
-20	3	0.011519
-20	3.1	0.011355
-20	3.2	0.011242
-20	3.3	0.010765
-20	3.4	0.0099987
-20	3.5	0.0093228
-20	3.6	0.0088825
-20	3.7	0.0084154
-20	3.8	0.0081102
-20	3.9	0.007714
-20	4	0.0080643
-10	-4	0.0099695
-10	-3.9	0.0082211
-10	-3.8	0.0082329
-10	-3.7	0.0092445
-10	-3.6	0.011902
-10	-3.5	0.013054
-10	-3.4	0.012499
-10	-3.3	0.01159
-10	-3.2	0.0081896
-10	-3.1	0.0087874
-10	-3	0.012835
-10	-2.9	0.016774
-10	-2.8	0.020106
-10	-2.7	0.022337
-10	-2.6	0.022738
-10	-2.5	0.021821
-10	-2.4	0.021854
-10	-2.3	0.023356
-10	-2.2	0.027789
-10	-2.1	0.031065
-10	-2	0.033535
-10	-1.9	0.033842
-10	-1.8	0.031126
-10	-1.7	0.024889
-10	-1.6	0.021689
-10	-1.5	0.022323
-10	-1.4	0.027694
-10	-1.3	0.038688
-10	-1.2	0.045551
-10	-1.1	0.047965
-10	-1	0.05129
-10	-0.9	0.049964
-10	-0.8	0.044561
-10	-0.7	0.038331
-10	-0.6	0.02896
-10	-0.5	0.023837
-10	-0.4	0.017719
-10	-0.3	0.015318
-10	-0.2	0.016784
-10	-0.1	0.018338
-10	0	0.024104
-10	0.1	0.031611
-10	0.2	0.039585
-10	0.3	0.0476
-10	0.4	0.053532
-10	0.5	0.05819
-10	0.6	0.059075
-10	0.7	0.057235
-10	0.8	0.055268
-10	0.9	0.049791
-10	1	0.045216
-10	1.1	0.042035
-10	1.2	0.03946
-10	1.3	0.038962
-10	1.4	0.038932
-10	1.5	0.038895
-10	1.6	0.038734
-10	1.7	0.036902
-10	1.8	0.035169
-10	1.9	0.033016
-10	2	0.030409
-10	2.1	0.027248
-10	2.2	0.026092
-10	2.3	0.023506
-10	2.4	0.022051
-10	2.5	0.019707
-10	2.6	0.01761
-10	2.7	0.015231
-10	2.8	0.013726
-10	2.9	0.012842
-10	3	0.012918
-10	3.1	0.012794
-10	3.2	0.012844
-10	3.3	0.013018
-10	3.4	0.012453
-10	3.5	0.011605
-10	3.6	0.010853
-10	3.7	0.010664
-10	3.8	0.010817
-10	3.9	0.01102
-10	4	0.010796
0	-4	0.011804
0	-3.9	0.0099792
0	-3.8	0.0080943
0	-3.7	0.0075402
0	-3.6	0.0090555
0	-3.5	0.011228
0	-3.4	0.012918
0	-3.3	0.013192
0	-3.2	0.011982
0	-3.1	0.010434
0	-3	0.011617
0	-2.9	0.014687
0	-2.8	0.018735
0	-2.7	0.020952
0	-2.6	0.023557
0	-2.5	0.024181
0	-2.4	0.024932
0	-2.3	0.025811
0	-2.2	0.028115
0	-2.1	0.030684
0	-2	0.032661
0	-1.9	0.033218
0	-1.8	0.031966
0	-1.7	0.029497
0	-1.6	0.02616
0	-1.5	0.024968
0	-1.4	0.02784
0	-1.3	0.032388
0	-1.2	0.0413
0	-1.1	0.046278
0	-1	0.050398
0	-0.9	0.050675
0	-0.8	0.047389
0	-0.7	0.042858
0	-0.6	0.033715
0	-0.5	0.027022
0	-0.4	0.021216
0	-0.3	0.019025
0	-0.2	0.018679
0	-0.1	0.019846
0	0	0.022765
0	0.1	0.029997
0	0.2	0.036473
0	0.3	0.04316
0	0.4	0.051032
0	0.5	0.057219
0	0.6	0.060487
0	0.7	0.060394
0	0.8	0.05793
0	0.9	0.055094
0	1	0.050655
0	1.1	0.043527
0	1.2	0.041183
0	1.3	0.040309
0	1.4	0.040238
0	1.5	0.041467
0	1.6	0.041898
0	1.7	0.041598
0	1.8	0.039503
0	1.9	0.038159
0	2	0.032823
0	2.1	0.028669
0	2.2	0.025335
0	2.3	0.022764
0	2.4	0.019926
0	2.5	0.018261
0	2.6	0.015877
0	2.7	0.013946
0	2.8	0.012054
0	2.9	0.010603
0	3	0.010477
0	3.1	0.00966
0	3.2	0.0098979
0	3.3	0.010438
0	3.4	0.010367
0	3.5	0.010469
0	3.6	0.010106
0	3.7	0.0092322
0	3.8	0.0089964
0	3.9	0.0089478
0	4	0.0083227
10	-4	0.0099792
10	-3.9	0.0090644
10	-3.8	0.0081401
10	-3.7	0.0068696
10	-3.6	0.0072518
10	-3.5	0.0089188
10	-3.4	0.011147
10	-3.3	0.011352
10	-3.2	0.010653
10	-3.1	0.0093176
10	-3	0.0089784
10	-2.9	0.011482
10	-2.8	0.015614
10	-2.7	0.018521
10	-2.6	0.020682
10	-2.5	0.021128
10	-2.4	0.022034
10	-2.3	0.023149
10	-2.2	0.025707
10	-2.1	0.027931
10	-2	0.032037
10	-1.9	0.032984
10	-1.8	0.032414
10	-1.7	0.029622
10	-1.6	0.026154
10	-1.5	0.025514
10	-1.4	0.030178
10	-1.3	0.0354
10	-1.2	0.039798
10	-1.1	0.049209
10	-1	0.052038
10	-0.9	0.051951
10	-0.8	0.047352
10	-0.7	0.043055
10	-0.6	0.038463
10	-0.5	0.028336
10	-0.4	0.022112
10	-0.3	0.019173
10	-0.2	0.019625
10	-0.1	0.021246
10	0	0.024162
10	0.1	0.02867
10	0.2	0.037559
10	0.3	0.039679
10	0.4	0.04828
10	0.5	0.051206
10	0.6	0.053819
10	0.7	0.053866
10	0.8	0.052992
10	0.9	0.048693
10	1	0.047385
10	1.1	0.043507
10	1.2	0.041879
10	1.3	0.041039
10	1.4	0.040458
10	1.5	0.040362
10	1.6	0.040618
10	1.7	0.040239
10	1.8	0.040081
10	1.9	0.039787
10	2	0.038862
10	2.1	0.036826
10	2.2	0.034106
10	2.3	0.030248
10	2.4	0.025332
10	2.5	0.022049
10	2.6	0.019123
10	2.7	0.017532
10	2.8	0.016953
10	2.9	0.01659
10	3	0.016182
10	3.1	0.015276
10	3.2	0.01376
10	3.3	0.013077
10	3.4	0.01249
10	3.5	0.012434
10	3.6	0.012832
10	3.7	0.013091
10	3.8	0.012984
10	3.9	0.011795
10	4	0.010821
20	-4	0.011654
20	-3.9	0.010373
20	-3.8	0.0089134
20	-3.7	0.0075616
20	-3.6	0.0082446
20	-3.5	0.010933
20	-3.4	0.012626
20	-3.3	0.013409
20	-3.2	0.011523
20	-3.1	0.0094895
20	-3	0.0086109
20	-2.9	0.011815
20	-2.8	0.016753
20	-2.7	0.020908
20	-2.6	0.023965
20	-2.5	0.024884
20	-2.4	0.023201
20	-2.3	0.022469
20	-2.2	0.023033
20	-2.1	0.02588
20	-2	0.030949
20	-1.9	0.034172
20	-1.8	0.03444
20	-1.7	0.032579
20	-1.6	0.027062
20	-1.5	0.023939
20	-1.4	0.025994
20	-1.3	0.030395
20	-1.2	0.038441
20	-1.1	0.045804
20	-1	0.050965
20	-0.9	0.053203
20	-0.8	0.051046
20	-0.7	0.045399
20	-0.6	0.038449
20	-0.5	0.034293
20	-0.4	0.024258
20	-0.3	0.020925
20	-0.2	0.018736
20	-0.1	0.019323
20	0	0.021954
20	0.1	0.02571
20	0.2	0.033736
20	0.3	0.038265
20	0.4	0.046536
20	0.5	0.050932
20	0.6	0.05524
20	0.7	0.054777
20	0.8	0.053884
20	0.9	0.050536
20	1	0.045792
20	1.1	0.04275
20	1.2	0.04074
20	1.3	0.040838
20	1.4	0.042288
20	1.5	0.043433
20	1.6	0.044134
20	1.7	0.043606
20	1.8	0.042509
20	1.9	0.040591
20	2	0.03718
20	2.1	0.033567
20	2.2	0.030824
20	2.3	0.02761
20	2.4	0.025353
20	2.5	0.021872
20	2.6	0.019611
20	2.7	0.01747
20	2.8	0.015758
20	2.9	0.013788
20	3	0.013665
20	3.1	0.013642
20	3.2	0.013327
20	3.3	0.012959
20	3.4	0.012
20	3.5	0.011058
20	3.6	0.010716
20	3.7	0.010832
20	3.8	0.01081
20	3.9	0.010274
20	4	0.010119
30	-4	0.0090519
30	-3.9	0.010143
30	-3.8	0.009705
30	-3.7	0.008446
30	-3.6	0.0066008
30	-3.5	0.0070804
30	-3.4	0.0093747
30	-3.3	0.010506
30	-3.2	0.01166
30	-3.1	0.011012
30	-3	0.0099533
30	-2.9	0.0090501
30	-2.8	0.010466
30	-2.7	0.014045
30	-2.6	0.020577
30	-2.5	0.021875
30	-2.4	0.02421
30	-2.3	0.024394
30	-2.2	0.024515
30	-2.1	0.025799
30	-2	0.028251
30	-1.9	0.031236
30	-1.8	0.033077
30	-1.7	0.032791
30	-1.6	0.030963
30	-1.5	0.027486
30	-1.4	0.026552
30	-1.3	0.030323
30	-1.2	0.036024
30	-1.1	0.041312
30	-1	0.050169
30	-0.9	0.052788
30	-0.8	0.053952
30	-0.7	0.051311
30	-0.6	0.046197
30	-0.5	0.03841
30	-0.4	0.031821
30	-0.3	0.023649
30	-0.2	0.020211
30	-0.1	0.019087
30	0	0.020473
30	0.1	0.024206
30	0.2	0.027525
30	0.3	0.036754
30	0.4	0.042601
30	0.5	0.048891
30	0.6	0.053267
30	0.7	0.055391
30	0.8	0.055085
30	0.9	0.052841
30	1	0.049719
30	1.1	0.046447
30	1.2	0.042891
30	1.3	0.040877
30	1.4	0.040213
30	1.5	0.041036
30	1.6	0.041693
30	1.7	0.042129
30	1.8	0.042314
30	1.9	0.041492
30	2	0.03868
30	2.1	0.033975
30	2.2	0.030631
30	2.3	0.026601
30	2.4	0.02349
30	2.5	0.02128
30	2.6	0.019713
30	2.7	0.018379
30	2.8	0.016377
30	2.9	0.014074
30	3	0.012395
30	3.1	0.01085
30	3.2	0.010909
30	3.3	0.011703
30	3.4	0.012146
30	3.5	0.012122
30	3.6	0.011664
30	3.7	0.010532
30	3.8	0.010263
30	3.9	0.0094861
30	4	0.0095743
40	-4	0.010031
40	-3.9	0.010278
40	-3.8	0.0083149
40	-3.7	0.0066423
40	-3.6	0.0070162
40	-3.5	0.0093867
40	-3.4	0.011191
40	-3.3	0.012654
40	-3.2	0.012511
40	-3.1	0.0094827
40	-3	0.0080039
40	-2.9	0.0098521
40	-2.8	0.013424
40	-2.7	0.017311
40	-2.6	0.021627
40	-2.5	0.023274
40	-2.4	0.022693
40	-2.3	0.021626
40	-2.2	0.021151
40	-2.1	0.024278
40	-2	0.028333
40	-1.9	0.032288
40	-1.8	0.035454
40	-1.7	0.034469
40	-1.6	0.030769
40	-1.5	0.023744
40	-1.4	0.020851
40	-1.3	0.025087
40	-1.2	0.033663
40	-1.1	0.041031
40	-1	0.052603
40	-0.9	0.056032
40	-0.8	0.05699
40	-0.7	0.054353
40	-0.6	0.047656
40	-0.5	0.040367
40	-0.4	0.03232
40	-0.3	0.026771
40	-0.2	0.021156
40	-0.1	0.019346
40	0	0.02003
40	0.1	0.023658
40	0.2	0.029823
40	0.3	0.035079
40	0.4	0.043666
40	0.5	0.04778
40	0.6	0.05105
40	0.7	0.052366
40	0.8	0.051048
40	0.9	0.04804
40	1	0.042842
40	1.1	0.040441
40	1.2	0.036981
40	1.3	0.036907
40	1.4	0.038965
40	1.5	0.04208
40	1.6	0.044029
40	1.7	0.043915
40	1.8	0.043557
40	1.9	0.041423
40	2	0.039157
40	2.1	0.036921
40	2.2	0.03513
40	2.3	0.032445
40	2.4	0.030441
40	2.5	0.026577
40	2.6	0.024461
40	2.7	0.020556
40	2.8	0.018776
40	2.9	0.016975
40	3	0.016789
40	3.1	0.016879
40	3.2	0.016874
40	3.3	0.016968
40	3.4	0.01702
40	3.5	0.016296
40	3.6	0.015379
40	3.7	0.015209
40	3.8	0.015464
40	3.9	0.014908
40	4	0.014156
50	-4	0.0096449
50	-3.9	0.010178
50	-3.8	0.010078
50	-3.7	0.008227
50	-3.6	0.006801
50	-3.5	0.0068907
50	-3.4	0.0082701
50	-3.3	0.01066
50	-3.2	0.012211
50	-3.1	0.012325
50	-3	0.0099663
50	-2.9	0.0077453
50	-2.8	0.0082876
50	-2.7	0.013977
50	-2.6	0.018719
50	-2.5	0.023054
50	-2.4	0.024374
50	-2.3	0.024077
50	-2.2	0.022586
50	-2.1	0.022683
50	-2	0.024978
50	-1.9	0.027505
50	-1.8	0.029684
50	-1.7	0.031093
50	-1.6	0.028287
50	-1.5	0.024391
50	-1.4	0.023239
50	-1.3	0.023189
50	-1.2	0.02797
50	-1.1	0.038428
50	-1	0.047796
50	-0.9	0.052697
50	-0.8	0.055194
50	-0.7	0.055056
50	-0.6	0.049682
50	-0.5	0.044855
50	-0.4	0.040127
50	-0.3	0.031934
50	-0.2	0.026053
50	-0.1	0.020428
50	0	0.018918
50	0.1	0.01864
50	0.2	0.021133
50	0.3	0.025443
50	0.4	0.032686
50	0.5	0.041054
50	0.6	0.049078
50	0.7	0.052259
50	0.8	0.053829
50	0.9	0.051936
50	1	0.048562
50	1.1	0.043584
50	1.2	0.039668
50	1.3	0.037572
50	1.4	0.037792
50	1.5	0.040199
50	1.6	0.043519
50	1.7	0.04523
50	1.8	0.045382
50	1.9	0.044247
50	2	0.042241
50	2.1	0.038665
50	2.2	0.035502
50	2.3	0.032078
50	2.4	0.02911
50	2.5	0.02582
50	2.6	0.023344
50	2.7	0.020877
50	2.8	0.017328
50	2.9	0.01449
50	3	0.014072
50	3.1	0.01309
50	3.2	0.013166
50	3.3	0.013281
50	3.4	0.012787
50	3.5	0.012453
50	3.6	0.011726
50	3.7	0.010502
50	3.8	0.010888
50	3.9	0.011624
50	4	0.0111
60	-4	0.0076085
60	-3.9	0.0088607
60	-3.8	0.0090466
60	-3.7	0.0087468
60	-3.6	0.0083324
60	-3.5	0.0073624
60	-3.4	0.0081003
60	-3.3	0.0089478
60	-3.2	0.0097
60	-3.1	0.010598
60	-3	0.010191
60	-2.9	0.0096332
60	-2.8	0.0095472
60	-2.7	0.012341
60	-2.6	0.01501
60	-2.5	0.018459
60	-2.4	0.021431
60	-2.3	0.023802
60	-2.2	0.024463
60	-2.1	0.0244
60	-2	0.025044
60	-1.9	0.026156
60	-1.8	0.028172
60	-1.7	0.029056
60	-1.6	0.028752
60	-1.5	0.026819
60	-1.4	0.023701
60	-1.3	0.021173
60	-1.2	0.024236
60	-1.1	0.031786
60	-1	0.040412
60	-0.9	0.048916
60	-0.8	0.053914
60	-0.7	0.055654
60	-0.6	0.054349
60	-0.5	0.048553
60	-0.4	0.042864
60	-0.3	0.03737
60	-0.2	0.030624
60	-0.1	0.025897
60	0	0.020837
60	0.1	0.018958
60	0.2	0.018703
60	0.3	0.021698
60	0.4	0.028319
60	0.5	0.036223
60	0.6	0.043969
60	0.7	0.050239
60	0.8	0.054049
60	0.9	0.054191
60	1	0.051268
60	1.1	0.04807
60	1.2	0.043947
60	1.3	0.040875
60	1.4	0.039543
60	1.5	0.040378
60	1.6	0.043346
60	1.7	0.045137
60	1.8	0.046925
60	1.9	0.047222
60	2	0.045675
60	2.1	0.041881
60	2.2	0.037934
60	2.3	0.032107
60	2.4	0.028418
60	2.5	0.024959
60	2.6	0.022939
60	2.7	0.020825
60	2.8	0.018233
60	2.9	0.015906
60	3	0.014116
60	3.1	0.013207
60	3.2	0.013269
60	3.3	0.013338
60	3.4	0.013826
60	3.5	0.014061
60	3.6	0.013137
60	3.7	0.012027
60	3.8	0.010799
60	3.9	0.010792
60	4	0.010522
70	-4	0.0071891
70	-3.9	0.0089604
70	-3.8	0.010135
70	-3.7	0.010546
70	-3.6	0.0098505
70	-3.5	0.0083788
70	-3.4	0.0067293
70	-3.3	0.007225
70	-3.2	0.0083032
70	-3.1	0.009068
70	-3	0.010122
70	-2.9	0.0098587
70	-2.8	0.0096264
70	-2.7	0.010007
70	-2.6	0.012388
70	-2.5	0.015337
70	-2.4	0.018594
70	-2.3	0.020801
70	-2.2	0.022463
70	-2.1	0.02364
70	-2	0.025506
70	-1.9	0.027114
70	-1.8	0.027572
70	-1.7	0.027366
70	-1.6	0.026123
70	-1.5	0.023431
70	-1.4	0.021704
70	-1.3	0.019875
70	-1.2	0.021504
70	-1.1	0.028056
70	-1	0.036764
70	-0.9	0.042752
70	-0.8	0.050113
70	-0.7	0.05272
70	-0.6	0.052665
70	-0.5	0.048813
70	-0.4	0.043315
70	-0.3	0.034662
70	-0.2	0.030136
70	-0.1	0.024614
70	0	0.022397
70	0.1	0.018567
70	0.2	0.01821
70	0.3	0.021079
70	0.4	0.024703
70	0.5	0.032611
70	0.6	0.03778
70	0.7	0.04604
70	0.8	0.04905
70	0.9	0.050729
70	1	0.049547
70	1.1	0.047203
70	1.2	0.042095
70	1.3	0.040097
70	1.4	0.03853
70	1.5	0.039762
70	1.6	0.041739
70	1.7	0.044148
70	1.8	0.044526
70	1.9	0.043803
70	2	0.042411
70	2.1	0.039966
70	2.2	0.03665
70	2.3	0.03265
70	2.4	0.029803
70	2.5	0.026733
70	2.6	0.023831
70	2.7	0.021393
70	2.8	0.017005
70	2.9	0.015182
70	3	0.013875
70	3.1	0.013654
70	3.2	0.014113
70	3.3	0.014047
70	3.4	0.013516
70	3.5	0.011736
70	3.6	0.010926
70	3.7	0.0098341
70	3.8	0.0097117
70	3.9	0.010741
70	4	0.011184
80	-4	0.0080563
80	-3.9	0.0077641
80	-3.8	0.0072918
80	-3.7	0.0065615
80	-3.6	0.0064171
80	-3.5	0.0061889
80	-3.4	0.0064347
80	-3.3	0.0071666
80	-3.2	0.0080221
80	-3.1	0.0086875
80	-3	0.0089478
80	-2.9	0.0086259
80	-2.8	0.0087708
80	-2.7	0.0093419
80	-2.6	0.011708
80	-2.5	0.015703
80	-2.4	0.018738
80	-2.3	0.020465
80	-2.2	0.022673
80	-2.1	0.02361
80	-2	0.024968
80	-1.9	0.025953
80	-1.8	0.026308
80	-1.7	0.026273
80	-1.6	0.025092
80	-1.5	0.022995
80	-1.4	0.019077
80	-1.3	0.0167
80	-1.2	0.019595
80	-1.1	0.02509
80	-1	0.032179
80	-0.9	0.04303
80	-0.8	0.048915
80	-0.7	0.051791
80	-0.6	0.0525
80	-0.5	0.049795
80	-0.4	0.045925
80	-0.3	0.040503
80	-0.2	0.035227
80	-0.1	0.02827
80	0	0.025943
80	0.1	0.021243
80	0.2	0.017995
80	0.3	0.017554
80	0.4	0.019638
80	0.5	0.027378
80	0.6	0.03718
80	0.7	0.042751
80	0.8	0.047177
80	0.9	0.049463
80	1	0.049074
80	1.1	0.046694
80	1.2	0.044105
80	1.3	0.040374
80	1.4	0.038491
80	1.5	0.037943
80	1.6	0.039951
80	1.7	0.041744
80	1.8	0.042628
80	1.9	0.042709
80	2	0.041299
80	2.1	0.038993
80	2.2	0.035675
80	2.3	0.033658
80	2.4	0.029398
80	2.5	0.02764
80	2.6	0.024133
80	2.7	0.020727
80	2.8	0.018378
80	2.9	0.015281
80	3	0.013311
80	3.1	0.012559
80	3.2	0.012928
80	3.3	0.012781
80	3.4	0.012803
80	3.5	0.012687
80	3.6	0.012118
80	3.7	0.011814
80	3.8	0.011429
80	3.9	0.011571
80	4	0.012208
90	-4	0.0084441
90	-3.9	0.0094997
90	-3.8	0.0098865
90	-3.7	0.0089152
90	-3.6	0.0076762
90	-3.5	0.0067077
90	-3.4	0.0082759
90	-3.3	0.010381
90	-3.2	0.011719
90	-3.1	0.011612
90	-3	0.0097233
90	-2.9	0.007849
90	-2.8	0.0067437
90	-2.7	0.0089333
90	-2.6	0.014462
90	-2.5	0.019044
90	-2.4	0.022059
90	-2.3	0.022399
90	-2.2	0.022122
90	-2.1	0.022127
90	-2	0.023587
90	-1.9	0.025908
90	-1.8	0.028406
90	-1.7	0.029555
90	-1.6	0.028004
90	-1.5	0.024329
90	-1.4	0.018511
90	-1.3	0.013877
90	-1.2	0.017087
90	-1.1	0.023352
90	-1	0.034498
90	-0.9	0.041259
90	-0.8	0.049117
90	-0.7	0.051041
90	-0.6	0.049903
90	-0.5	0.04693
90	-0.4	0.040466
90	-0.3	0.036662
90	-0.2	0.030769
90	-0.1	0.027135
90	0	0.023178
90	0.1	0.019472
90	0.2	0.016489
90	0.3	0.016468
90	0.4	0.018418
90	0.5	0.022913
90	0.6	0.029039
90	0.7	0.038223
90	0.8	0.042039
90	0.9	0.04453
90	1	0.046088
90	1.1	0.045821
90	1.2	0.042976
90	1.3	0.040077
90	1.4	0.036247
90	1.5	0.035342
90	1.6	0.034344
90	1.7	0.035661
90	1.8	0.03807
90	1.9	0.04102
90	2	0.04174
90	2.1	0.040625
90	2.2	0.038311
90	2.3	0.033997
90	2.4	0.03075
90	2.5	0.025995
90	2.6	0.024793
90	2.7	0.02121
90	2.8	0.020184
90	2.9	0.017926
90	3	0.016484
90	3.1	0.01466
90	3.2	0.012876
90	3.3	0.012517
90	3.4	0.012452
90	3.5	0.012962
90	3.6	0.013435
90	3.7	0.013545
90	3.8	0.013088
90	3.9	0.012273
90	4	0.011911
100	-4	0.0065393
100	-3.9	0.0081599
100	-3.8	0.0094468
100	-3.7	0.009705
100	-3.6	0.0093471
100	-3.5	0.0081777
100	-3.4	0.0072563
100	-3.3	0.007347
100	-3.2	0.0081381
100	-3.1	0.0082446
100	-3	0.0079553
100	-2.9	0.0073909
100	-2.8	0.0067149
100	-2.7	0.0080201
100	-2.6	0.011565
100	-2.5	0.016057
100	-2.4	0.019457
100	-2.3	0.021731
100	-2.2	0.021848
100	-2.1	0.021773
100	-2	0.021609
100	-1.9	0.022068
100	-1.8	0.024314
100	-1.7	0.026672
100	-1.6	0.02775
100	-1.5	0.026905
100	-1.4	0.02366
100	-1.3	0.014957
100	-1.2	0.013859
100	-1.1	0.016136
100	-1	0.028475
100	-0.9	0.037425
100	-0.8	0.048489
100	-0.7	0.052467
100	-0.6	0.053812
100	-0.5	0.052694
100	-0.4	0.046715
100	-0.3	0.040559
100	-0.2	0.0327
100	-0.1	0.026665
100	0	0.022949
100	0.1	0.01948
100	0.2	0.017103
100	0.3	0.01431
100	0.4	0.016307
100	0.5	0.020797
100	0.6	0.030269
100	0.7	0.039081
100	0.8	0.043272
100	0.9	0.046301
100	1	0.047059
100	1.1	0.045059
100	1.2	0.041198
100	1.3	0.037605
100	1.4	0.034125
100	1.5	0.033352
100	1.6	0.03314
100	1.7	0.033822
100	1.8	0.0348
100	1.9	0.035415
100	2	0.0357
100	2.1	0.034422
100	2.2	0.033005
100	2.3	0.030212
100	2.4	0.028302
100	2.5	0.025306
100	2.6	0.023212
100	2.7	0.020942
100	2.8	0.018988
100	2.9	0.016829
100	3	0.014875
100	3.1	0.012581
100	3.2	0.011479
100	3.3	0.011551
100	3.4	0.012641
100	3.5	0.01316
100	3.6	0.01363
100	3.7	0.014074
100	3.8	0.013947
100	3.9	0.013289
100	4	0.012171
110	-4	0.0098636
110	-3.9	0.010857
110	-3.8	0.01109
110	-3.7	0.0097366
110	-3.6	0.0086819
110	-3.5	0.0077932
110	-3.4	0.0078675
110	-3.3	0.0091778
110	-3.2	0.009857
110	-3.1	0.0096633
110	-3	0.0088442
110	-2.9	0.0078654
110	-2.8	0.0074149
110	-2.7	0.0080803
110	-2.6	0.011936
110	-2.5	0.01359
110	-2.4	0.017833
110	-2.3	0.019019
110	-2.2	0.021123
110	-2.1	0.023155
110	-2	0.025463
110	-1.9	0.028336
110	-1.8	0.030231
110	-1.7	0.030556
110	-1.6	0.029077
110	-1.5	0.024806
110	-1.4	0.022268
110	-1.3	0.015287
110	-1.2	0.014393
110	-1.1	0.020289
110	-1	0.026275
110	-0.9	0.033399
110	-0.8	0.044065
110	-0.7	0.047493
110	-0.6	0.048045
110	-0.5	0.046443
110	-0.4	0.04245
110	-0.3	0.037054
110	-0.2	0.030193
110	-0.1	0.025724
110	0	0.023092
110	0.1	0.021114
110	0.2	0.017854
110	0.3	0.015119
110	0.4	0.014169
110	0.5	0.015952
110	0.6	0.02496
110	0.7	0.031396
110	0.8	0.036949
110	0.9	0.040337
110	1	0.044272
110	1.1	0.044407
110	1.2	0.043127
110	1.3	0.039753
110	1.4	0.036264
110	1.5	0.033049
110	1.6	0.032031
110	1.7	0.031675
110	1.8	0.033113
110	1.9	0.034264
110	2	0.035642
110	2.1	0.034391
110	2.2	0.033406
110	2.3	0.02913
110	2.4	0.02711
110	2.5	0.023101
110	2.6	0.019323
110	2.7	0.017297
110	2.8	0.015668
110	2.9	0.014931
110	3	0.013066
110	3.1	0.011091
110	3.2	0.0098225
110	3.3	0.0097962
110	3.4	0.010627
110	3.5	0.011797
110	3.6	0.012192
110	3.7	0.012212
110	3.8	0.012705
110	3.9	0.012011
110	4	0.010379
120	-4	0.00703
120	-3.9	0.0087874
120	-3.8	0.010912
120	-3.7	0.011631
120	-3.6	0.010759
120	-3.5	0.0096348
120	-3.4	0.0087947
120	-3.3	0.0075766
120	-3.2	0.0086353
120	-3.1	0.010874
120	-3	0.012037
120	-2.9	0.012126
120	-2.8	0.010118
120	-2.7	0.0078366
120	-2.6	0.0085959
120	-2.5	0.013713
120	-2.4	0.018056
120	-2.3	0.021962
120	-2.2	0.025042
120	-2.1	0.026622
120	-2	0.027162
120	-1.9	0.028325
120	-1.8	0.029158
120	-1.7	0.031464
120	-1.6	0.03238
120	-1.5	0.031621
120	-1.4	0.027471
120	-1.3	0.022933
120	-1.2	0.015091
120	-1.1	0.01517
120	-1	0.02471
120	-0.9	0.031749
120	-0.8	0.042977
120	-0.7	0.049315
120	-0.6	0.053337
120	-0.5	0.053422
120	-0.4	0.048432
120	-0.3	0.042675
120	-0.2	0.036788
120	-0.1	0.028492
120	0	0.02518
120	0.1	0.020565
120	0.2	0.017294
120	0.3	0.013153
120	0.4	0.01231
120	0.5	0.018492
120	0.6	0.024783
120	0.7	0.032087
120	0.8	0.039094
120	0.9	0.043674
120	1	0.04579
120	1.1	0.045572
120	1.2	0.043975
120	1.3	0.038723
120	1.4	0.034824
120	1.5	0.032686
120	1.6	0.03154
120	1.7	0.03038
120	1.8	0.030557
120	1.9	0.031006
120	2	0.031192
120	2.1	0.029539
120	2.2	0.0279
120	2.3	0.026099
120	2.4	0.023493
120	2.5	0.020465
120	2.6	0.017408
120	2.7	0.01486
120	2.8	0.012625
120	2.9	0.011599
120	3	0.010037
120	3.1	0.0092059
120	3.2	0.0091071
120	3.3	0.0094827
120	3.4	0.01005
120	3.5	0.009695
120	3.6	0.0099094
120	3.7	0.0096499
120	3.8	0.0099517
120	3.9	0.010227
120	4	0.0098456
130	-4	0.008016
130	-3.9	0.0097399
130	-3.8	0.010106
130	-3.7	0.011053
130	-3.6	0.01168
130	-3.5	0.010604
130	-3.4	0.0089676
130	-3.3	0.0086819
130	-3.2	0.0097565
130	-3.1	0.010815
130	-3	0.012774
130	-2.9	0.012297
130	-2.8	0.0096466
130	-2.7	0.0083769
130	-2.6	0.0073558
130	-2.5	0.012531
130	-2.4	0.017382
130	-2.3	0.019578
130	-2.2	0.02297
130	-2.1	0.025447
130	-2	0.02698
130	-1.9	0.027838
130	-1.8	0.029648
130	-1.7	0.030942
130	-1.6	0.032387
130	-1.5	0.032989
130	-1.4	0.029976
130	-1.3	0.023913
130	-1.2	0.018127
130	-1.1	0.01521
130	-1	0.017549
130	-0.9	0.029902
130	-0.8	0.040406
130	-0.7	0.044378
130	-0.6	0.04958
130	-0.5	0.049799
130	-0.4	0.046814
130	-0.3	0.039911
130	-0.2	0.032356
130	-0.1	0.024298
130	0	0.018768
130	0.1	0.014484
130	0.2	0.013097
130	0.3	0.010517
130	0.4	0.0099987
130	0.5	0.012986
130	0.6	0.022744
130	0.7	0.028802
130	0.8	0.037346
130	0.9	0.040767
130	1	0.043842
130	1.1	0.044805
130	1.2	0.04362
130	1.3	0.037603
130	1.4	0.034398
130	1.5	0.031438
130	1.6	0.029728
130	1.7	0.028804
130	1.8	0.028484
130	1.9	0.028772
130	2	0.02834
130	2.1	0.027374
130	2.2	0.024969
130	2.3	0.02296
130	2.4	0.021487
130	2.5	0.019298
130	2.6	0.017196
130	2.7	0.015327
130	2.8	0.012829
130	2.9	0.010814
130	3	0.008594
130	3.1	0.0084077
130	3.2	0.008448
130	3.3	0.009675
130	3.4	0.010597
130	3.5	0.010509
130	3.6	0.00973
130	3.7	0.0096113
130	3.8	0.0093574
130	3.9	0.0093401
130	4	0.0095557
140	-4	0.0071891
140	-3.9	0.0083168
140	-3.8	0.009715
140	-3.7	0.012119
140	-3.6	0.013279
140	-3.5	0.013475
140	-3.4	0.013056
140	-3.3	0.011953
140	-3.2	0.011207
140	-3.1	0.01121
140	-3	0.011612
140	-2.9	0.011487
140	-2.8	0.010943
140	-2.7	0.01037
140	-2.6	0.010317
140	-2.5	0.011813
140	-2.4	0.015427
140	-2.3	0.018696
140	-2.2	0.023322
140	-2.1	0.0263
140	-2	0.029464
140	-1.9	0.033558
140	-1.8	0.036468
140	-1.7	0.038546
140	-1.6	0.039023
140	-1.5	0.037621
140	-1.4	0.034459
140	-1.3	0.026743
140	-1.2	0.023904
140	-1.1	0.019589
140	-1	0.023731
140	-0.9	0.029712
140	-0.8	0.03931
140	-0.7	0.045053
140	-0.6	0.048929
140	-0.5	0.048623
140	-0.4	0.043962
140	-0.3	0.040729
140	-0.2	0.031334
140	-0.1	0.024996
140	0	0.018817
140	0.1	0.014738
140	0.2	0.012323
140	0.3	0.011059
140	0.4	0.010801
140	0.5	0.014116
140	0.6	0.020944
140	0.7	0.028733
140	0.8	0.034908
140	0.9	0.040178
140	1	0.043222
140	1.1	0.043382
140	1.2	0.041391
140	1.3	0.037964
140	1.4	0.033272
140	1.5	0.031318
140	1.6	0.030083
140	1.7	0.029835
140	1.8	0.030771
140	1.9	0.031193
140	2	0.031196
140	2.1	0.029062
140	2.2	0.026136
140	2.3	0.023122
140	2.4	0.021632
140	2.5	0.018538
140	2.6	0.016486
140	2.7	0.015154
140	2.8	0.013805
140	2.9	0.012692
140	3	0.010801
140	3.1	0.010045
140	3.2	0.01011
140	3.3	0.011021
140	3.4	0.011604
140	3.5	0.011687
140	3.6	0.010885
140	3.7	0.010967
140	3.8	0.010404
140	3.9	0.010053
140	4	0.0097615
150	-4	0.0076593
150	-3.9	0.0088424
150	-3.8	0.010114
150	-3.7	0.011341
150	-3.6	0.012593
150	-3.5	0.012455
150	-3.4	0.012063
150	-3.3	0.011858
150	-3.2	0.012856
150	-3.1	0.013389
150	-3	0.014379
150	-2.9	0.014251
150	-2.8	0.013095
150	-2.7	0.010665
150	-2.6	0.009924
150	-2.5	0.010872
150	-2.4	0.016034
150	-2.3	0.019606
150	-2.2	0.022677
150	-2.1	0.025746
150	-2	0.028192
150	-1.9	0.033347
150	-1.8	0.038883
150	-1.7	0.043056
150	-1.6	0.044726
150	-1.5	0.044499
150	-1.4	0.041979
150	-1.3	0.032204
150	-1.2	0.026667
150	-1.1	0.021688
150	-1	0.023761
150	-0.9	0.03208
150	-0.8	0.043219
150	-0.7	0.047469
150	-0.6	0.050276
150	-0.5	0.049177
150	-0.4	0.04508
150	-0.3	0.036818
150	-0.2	0.028556
150	-0.1	0.021356
150	0	0.01371
150	0.1	0.011216
150	0.2	0.010741
150	0.3	0.01052
150	0.4	0.011668
150	0.5	0.014612
150	0.6	0.021384
150	0.7	0.028031
150	0.8	0.036097
150	0.9	0.039316
150	1	0.041438
150	1.1	0.04264
150	1.2	0.040233
150	1.3	0.036143
150	1.4	0.03379
150	1.5	0.02914
150	1.6	0.026277
150	1.7	0.025557
150	1.8	0.026192
150	1.9	0.027259
150	2	0.028695
150	2.1	0.027667
150	2.2	0.026405
150	2.3	0.024101
150	2.4	0.021039
150	2.5	0.018328
150	2.6	0.014867
150	2.7	0.014334
150	2.8	0.013454
150	2.9	0.012737
150	3	0.011569
150	3.1	0.01048
150	3.2	0.0098094
150	3.3	0.0099598
150	3.4	0.010792
150	3.5	0.011142
150	3.6	0.011593
150	3.7	0.011573
150	3.8	0.011381
150	3.9	0.010229
150	4	0.0098373
160	-4	0.0095759
160	-3.9	0.011629
160	-3.8	0.012608
160	-3.7	0.012991
160	-3.6	0.013276
160	-3.5	0.012979
160	-3.4	0.013734
160	-3.3	0.015602
160	-3.2	0.018349
160	-3.1	0.019611
160	-3	0.019555
160	-2.9	0.018435
160	-2.8	0.015662
160	-2.7	0.011061
160	-2.6	0.010509
160	-2.5	0.013699
160	-2.4	0.016996
160	-2.3	0.022459
160	-2.2	0.02547
160	-2.1	0.027678
160	-2	0.031142
160	-1.9	0.035198
160	-1.8	0.040514
160	-1.7	0.044621
160	-1.6	0.047939
160	-1.5	0.048477
160	-1.4	0.046056
160	-1.3	0.039782
160	-1.2	0.032848
160	-1.1	0.026156
160	-1	0.025741
160	-0.9	0.033392
160	-0.8	0.041298
160	-0.7	0.049648
160	-0.6	0.053327
160	-0.5	0.053427
160	-0.4	0.048499
160	-0.3	0.040482
160	-0.2	0.031063
160	-0.1	0.021131
160	0	0.013971
160	0.1	0.010824
160	0.2	0.010303
160	0.3	0.01056
160	0.4	0.011106
160	0.5	0.015616
160	0.6	0.023851
160	0.7	0.03162
160	0.8	0.04043
160	0.9	0.045668
160	1	0.04709
160	1.1	0.047191
160	1.2	0.042853
160	1.3	0.04076
160	1.4	0.036562
160	1.5	0.034642
160	1.6	0.033444
160	1.7	0.032788
160	1.8	0.032485
160	1.9	0.032018
160	2	0.030249
160	2.1	0.02728
160	2.2	0.025715
160	2.3	0.024696
160	2.4	0.0239
160	2.5	0.022281
160	2.6	0.020074
160	2.7	0.017798
160	2.8	0.015923
160	2.9	0.012066
160	3	0.011261
160	3.1	0.010957
160	3.2	0.012188
160	3.3	0.012533
160	3.4	0.012431
160	3.5	0.011685
160	3.6	0.011024
160	3.7	0.011109
160	3.8	0.01085
160	3.9	0.010021
160	4	0.0097747
170	-4	0.0099338
170	-3.9	0.013187
170	-3.8	0.014757
170	-3.7	0.015824
170	-3.6	0.015338
170	-3.5	0.015077
170	-3.4	0.015117
170	-3.3	0.017241
170	-3.2	0.018867
170	-3.1	0.020883
170	-3	0.021339
170	-2.9	0.018692
170	-2.8	0.016903
170	-2.7	0.012356
170	-2.6	0.011653
170	-2.5	0.01482
170	-2.4	0.020505
170	-2.3	0.025131
170	-2.2	0.026581
170	-2.1	0.029621
170	-2	0.032931
170	-1.9	0.037433
170	-1.8	0.042822
170	-1.7	0.050703
170	-1.6	0.053626
170	-1.5	0.054438
170	-1.4	0.052472
170	-1.3	0.046852
170	-1.2	0.033263
170	-1.1	0.029645
170	-1	0.028982
170	-0.9	0.036841
170	-0.8	0.044178
170	-0.7	0.051124
170	-0.6	0.055289
170	-0.5	0.055522
170	-0.4	0.049665
170	-0.3	0.039194
170	-0.2	0.032717
170	-0.1	0.023281
170	0	0.016705
170	0.1	0.013793
170	0.2	0.013149
170	0.3	0.014186
170	0.4	0.015224
170	0.5	0.019109
170	0.6	0.025514
170	0.7	0.034158
170	0.8	0.038074
170	0.9	0.044475
170	1	0.046567
170	1.1	0.046491
170	1.2	0.043131
170	1.3	0.038965
170	1.4	0.035847
170	1.5	0.033632
170	1.6	0.032483
170	1.7	0.031273
170	1.8	0.031339
170	1.9	0.03163
170	2	0.029879
170	2.1	0.026613
170	2.2	0.02563
170	2.3	0.023576
170	2.4	0.02151
170	2.5	0.019512
170	2.6	0.018778
170	2.7	0.01718
170	2.8	0.015978
170	2.9	0.013719
170	3	0.012269
170	3.1	0.01054
170	3.2	0.010612
170	3.3	0.011086
170	3.4	0.011053
170	3.5	0.010762
170	3.6	0.010958
170	3.7	0.011285
170	3.8	0.011255
170	3.9	0.010386
170	4	0.0097813
180	-4	0.0083672
180	-3.9	0.011352
180	-3.8	0.015156
180	-3.7	0.017122
180	-3.6	0.019685
180	-3.5	0.018572
180	-3.4	0.017802
180	-3.3	0.015937
180	-3.2	0.016187
180	-3.1	0.017794
180	-3	0.019157
180	-2.9	0.020458
180	-2.8	0.018974
180	-2.7	0.016246
180	-2.6	0.013427
180	-2.5	0.014521
180	-2.4	0.018196
180	-2.3	0.023751
180	-2.2	0.027362
180	-2.1	0.032431
180	-2	0.036796
180	-1.9	0.042868
180	-1.8	0.047995
180	-1.7	0.054394
180	-1.6	0.055804
180	-1.5	0.056621
180	-1.4	0.052099
180	-1.3	0.044982
180	-1.2	0.035765
180	-1.1	0.032288
180	-1	0.033176
180	-0.9	0.042283
180	-0.8	0.047036
180	-0.7	0.052992
180	-0.6	0.055272
180	-0.5	0.054074
180	-0.4	0.046497
180	-0.3	0.03976
180	-0.2	0.028317
180	-0.1	0.02314
180	0	0.015126
180	0.1	0.013376
180	0.2	0.014099
180	0.3	0.015926
180	0.4	0.019673
180	0.5	0.025267
180	0.6	0.033106
180	0.7	0.039844
180	0.8	0.043049
180	0.9	0.045281
180	1	0.047428
180	1.1	0.046735
180	1.2	0.04468
180	1.3	0.040602
180	1.4	0.038396
180	1.5	0.035843
180	1.6	0.033104
180	1.7	0.031456
180	1.8	0.031231
180	1.9	0.031502
180	2	0.030463
180	2.1	0.028262
180	2.2	0.025938
180	2.3	0.024167
180	2.4	0.020742
180	2.5	0.018493
180	2.6	0.016688
180	2.7	0.016141
180	2.8	0.015674
180	2.9	0.014368
180	3	0.012856
180	3.1	0.011178
180	3.2	0.0109
180	3.3	0.010774
180	3.4	0.010813
180	3.5	0.010347
180	3.6	0.010392
180	3.7	0.0099436
180	3.8	0.0089568
180	3.9	0.0082446
180	4	0.0083518
 
Uniformity Ratio =0.60339
