03-Jan-2018
14:4
TXR  007988 RM428 R24
33511B Function Generator
SN =Agilent Technologies,33511B,MY52301476,3.05-1.19-2.00-52-00
freq =+9.280000000000000E+06
burstmode =TRIG
burstN =+6.000000000000000E+01
voltage =+1.5000000000000E-01
 
DSO-X 2022A Oscilloscope
SN =AGILENT TECHNOLOGIES,DSO-X 2022A,MY54310921,02.41.2015102200
probe =+1.0000000E+00
scale =+500.0E-09
position =+19.900000E-06
range =+1.60E+00
units =VOLT
points =+2000
pointmode =NORM
format =BYTE
acqtype =NORM
trigsource =EXT
coupling =AC
 
-180	-4	0.0097366
-180	-3.9	0.011109
-180	-3.8	0.011336
-180	-3.7	0.01098
-180	-3.6	0.0084918
-180	-3.5	0.0077433
-180	-3.4	0.007467
-180	-3.3	0.009469
-180	-3.2	0.011419
-180	-3.1	0.011737
-180	-3	0.010841
-180	-2.9	0.0099857
-180	-2.8	0.011131
-180	-2.7	0.015411
-180	-2.6	0.021315
-180	-2.5	0.025737
-180	-2.4	0.028039
-180	-2.3	0.029067
-180	-2.2	0.028817
-180	-2.1	0.028495
-180	-2	0.029752
-180	-1.9	0.031274
-180	-1.8	0.033918
-180	-1.7	0.034754
-180	-1.6	0.032727
-180	-1.5	0.030597
-180	-1.4	0.025202
-180	-1.3	0.024226
-180	-1.2	0.029577
-180	-1.1	0.036896
-180	-1	0.047206
-180	-0.9	0.053173
-180	-0.8	0.059433
-180	-0.7	0.059312
-180	-0.6	0.055643
-180	-0.5	0.049425
-180	-0.4	0.040353
-180	-0.3	0.031751
-180	-0.2	0.021329
-180	-0.1	0.01673
-180	0	0.011858
-180	0.1	0.011375
-180	0.2	0.012594
-180	0.3	0.015791
-180	0.4	0.019885
-180	0.5	0.026354
-180	0.6	0.03319
-180	0.7	0.041052
-180	0.8	0.044448
-180	0.9	0.048819
-180	1	0.050195
-180	1.1	0.049767
-180	1.2	0.046787
-180	1.3	0.04342
-180	1.4	0.039164
-180	1.5	0.035812
-180	1.6	0.032835
-180	1.7	0.029936
-180	1.8	0.0285
-180	1.9	0.027199
-180	2	0.026477
-180	2.1	0.025832
-180	2.2	0.025652
-180	2.3	0.025324
-180	2.4	0.024763
-180	2.5	0.023639
-180	2.6	0.021722
-180	2.7	0.020088
-180	2.8	0.019345
-180	2.9	0.018284
-180	3	0.016131
-180	3.1	0.014427
-180	3.2	0.011818
-180	3.3	0.0096867
-180	3.4	0.0089188
-180	3.5	0.0076488
-180	3.6	0.0077328
-180	3.7	0.0085279
-180	3.8	0.0086109
-180	3.9	0.0084134
-180	4	0.007672
-170	-4	0.0098423
-170	-3.9	0.0094142
-170	-3.8	0.0094605
-170	-3.7	0.0078387
-170	-3.6	0.0063334
-170	-3.5	0.0069514
-170	-3.4	0.0086147
-170	-3.3	0.0099208
-170	-3.2	0.010515
-170	-3.1	0.010741
-170	-3	0.0096767
-170	-2.9	0.010167
-170	-2.8	0.013211
-170	-2.7	0.018713
-170	-2.6	0.021519
-170	-2.5	0.026245
-170	-2.4	0.028573
-170	-2.3	0.030272
-170	-2.2	0.030279
-170	-2.1	0.030504
-170	-2	0.031236
-170	-1.9	0.032581
-170	-1.8	0.034077
-170	-1.7	0.03387
-170	-1.6	0.031398
-170	-1.5	0.028786
-170	-1.4	0.025692
-170	-1.3	0.027765
-170	-1.2	0.033387
-170	-1.1	0.038935
-170	-1	0.052787
-170	-0.9	0.056662
-170	-0.8	0.060052
-170	-0.7	0.05896
-170	-0.6	0.053904
-170	-0.5	0.046626
-170	-0.4	0.036548
-170	-0.3	0.026708
-170	-0.2	0.018315
-170	-0.1	0.0122
-170	0	0.011608
-170	0.1	0.011694
-170	0.2	0.014006
-170	0.3	0.018535
-170	0.4	0.021933
-170	0.5	0.03076
-170	0.6	0.036228
-170	0.7	0.042312
-170	0.8	0.045592
-170	0.9	0.047306
-170	1	0.047706
-170	1.1	0.045491
-170	1.2	0.043961
-170	1.3	0.039356
-170	1.4	0.035653
-170	1.5	0.033023
-170	1.6	0.028896
-170	1.7	0.026527
-170	1.8	0.026064
-170	1.9	0.026522
-170	2	0.02677
-170	2.1	0.02716
-170	2.2	0.026989
-170	2.3	0.026058
-170	2.4	0.024873
-170	2.5	0.022069
-170	2.6	0.02029
-170	2.7	0.01893
-170	2.8	0.017966
-170	2.9	0.015871
-170	3	0.014671
-170	3.1	0.013195
-170	3.2	0.012336
-170	3.3	0.011444
-170	3.4	0.0096817
-170	3.5	0.0090501
-170	3.6	0.0088333
-170	3.7	0.0082191
-170	3.8	0.0078531
-170	3.9	0.0068554
-170	4	0.0070047
-160	-4	0.0090036
-160	-3.9	0.0089676
-160	-3.8	0.0084575
-160	-3.7	0.0082701
-160	-3.6	0.008154
-160	-3.5	0.0080382
-160	-3.4	0.0081935
-160	-3.3	0.0081222
-160	-3.2	0.0079837
-160	-3.1	0.0078757
-160	-3	0.0091954
-160	-2.9	0.010671
-160	-2.8	0.014771
-160	-2.7	0.018257
-160	-2.6	0.021632
-160	-2.5	0.025791
-160	-2.4	0.027933
-160	-2.3	0.031127
-160	-2.2	0.033276
-160	-2.1	0.035142
-160	-2	0.037931
-160	-1.9	0.038474
-160	-1.8	0.037862
-160	-1.7	0.034639
-160	-1.6	0.030752
-160	-1.5	0.027978
-160	-1.4	0.02725
-160	-1.3	0.029751
-160	-1.2	0.037063
-160	-1.1	0.047251
-160	-1	0.051954
-160	-0.9	0.056734
-160	-0.8	0.057582
-160	-0.7	0.054968
-160	-0.6	0.047785
-160	-0.5	0.042232
-160	-0.4	0.032452
-160	-0.3	0.023721
-160	-0.2	0.018404
-160	-0.1	0.014579
-160	0	0.013306
-160	0.1	0.012371
-160	0.2	0.01363
-160	0.3	0.017062
-160	0.4	0.023159
-160	0.5	0.032718
-160	0.6	0.040552
-160	0.7	0.044248
-160	0.8	0.047465
-160	0.9	0.049291
-160	1	0.04878
-160	1.1	0.046335
-160	1.2	0.043738
-160	1.3	0.040414
-160	1.4	0.038621
-160	1.5	0.034426
-160	1.6	0.031252
-160	1.7	0.028678
-160	1.8	0.028592
-160	1.9	0.029412
-160	2	0.02999
-160	2.1	0.03026
-160	2.2	0.030148
-160	2.3	0.028197
-160	2.4	0.025992
-160	2.5	0.022515
-160	2.6	0.019281
-160	2.7	0.017402
-160	2.8	0.015509
-160	2.9	0.013613
-160	3	0.012388
-160	3.1	0.011395
-160	3.2	0.0098652
-160	3.3	0.0086633
-160	3.4	0.0072807
-160	3.5	0.0066008
-160	3.6	0.0066884
-160	3.7	0.006801
-160	3.8	0.0065467
-160	3.9	0.0066569
-160	4	0.0063842
-150	-4	0.011897
-150	-3.9	0.012012
-150	-3.8	0.010578
-150	-3.7	0.0085032
-150	-3.6	0.0066301
-150	-3.5	0.0067389
-150	-3.4	0.0080603
-150	-3.3	0.0091567
-150	-3.2	0.0095404
-150	-3.1	0.0094622
-150	-3	0.0097482
-150	-2.9	0.012499
-150	-2.8	0.016618
-150	-2.7	0.020653
-150	-2.6	0.023973
-150	-2.5	0.027571
-150	-2.4	0.029853
-150	-2.3	0.031278
-150	-2.2	0.032505
-150	-2.1	0.033824
-150	-2	0.035279
-150	-1.9	0.036375
-150	-1.8	0.035674
-150	-1.7	0.033512
-150	-1.6	0.028856
-150	-1.5	0.024186
-150	-1.4	0.024153
-150	-1.3	0.027572
-150	-1.2	0.038307
-150	-1.1	0.0472
-150	-1	0.053858
-150	-0.9	0.057193
-150	-0.8	0.057364
-150	-0.7	0.05323
-150	-0.6	0.046457
-150	-0.5	0.033731
-150	-0.4	0.026455
-150	-0.3	0.018305
-150	-0.2	0.013979
-150	-0.1	0.012208
-150	0	0.012298
-150	0.1	0.014289
-150	0.2	0.016574
-150	0.3	0.022641
-150	0.4	0.027347
-150	0.5	0.034877
-150	0.6	0.039982
-150	0.7	0.044424
-150	0.8	0.045955
-150	0.9	0.045297
-150	1	0.043021
-150	1.1	0.038205
-150	1.2	0.034341
-150	1.3	0.031635
-150	1.4	0.029508
-150	1.5	0.027485
-150	1.6	0.025876
-150	1.7	0.025828
-150	1.8	0.025169
-150	1.9	0.02488
-150	2	0.024884
-150	2.1	0.024924
-150	2.2	0.024938
-150	2.3	0.024475
-150	2.4	0.022849
-150	2.5	0.020506
-150	2.6	0.018701
-150	2.7	0.016306
-150	2.8	0.013961
-150	2.9	0.012794
-150	3	0.011622
-150	3.1	0.010891
-150	3.2	0.010615
-150	3.3	0.0098783
-150	3.4	0.0093089
-150	3.5	0.0081698
-150	3.6	0.0077495
-150	3.7	0.0072205
-150	3.8	0.0071508
-150	3.9	0.0069164
-150	4	0.0072026
-140	-4	0.00968
-140	-3.9	0.0097731
-140	-3.8	0.0088241
-140	-3.7	0.0080462
-140	-3.6	0.0060435
-140	-3.5	0.0058699
-140	-3.4	0.0063918
-140	-3.3	0.0076593
-140	-3.2	0.0086689
-140	-3.1	0.0090858
-140	-3	0.0096917
-140	-2.9	0.011854
-140	-2.8	0.015925
-140	-2.7	0.02079
-140	-2.6	0.026446
-140	-2.5	0.028815
-140	-2.4	0.030785
-140	-2.3	0.03118
-140	-2.2	0.031345
-140	-2.1	0.032712
-140	-2	0.03428
-140	-1.9	0.035791
-140	-1.8	0.035769
-140	-1.7	0.033921
-140	-1.6	0.028352
-140	-1.5	0.022075
-140	-1.4	0.021603
-140	-1.3	0.026048
-140	-1.2	0.037244
-140	-1.1	0.043545
-140	-1	0.054096
-140	-0.9	0.057704
-140	-0.8	0.057293
-140	-0.7	0.052881
-140	-0.6	0.042028
-140	-0.5	0.033538
-140	-0.4	0.024836
-140	-0.3	0.016647
-140	-0.2	0.013759
-140	-0.1	0.012092
-140	0	0.011381
-140	0.1	0.01173
-140	0.2	0.01448
-140	0.3	0.021084
-140	0.4	0.031201
-140	0.5	0.038577
-140	0.6	0.042523
-140	0.7	0.045863
-140	0.8	0.046717
-140	0.9	0.045972
-140	1	0.0416
-140	1.1	0.038415
-140	1.2	0.03425
-140	1.3	0.030943
-140	1.4	0.028181
-140	1.5	0.02681
-140	1.6	0.026249
-140	1.7	0.025773
-140	1.8	0.024919
-140	1.9	0.024414
-140	2	0.023702
-140	2.1	0.023235
-140	2.2	0.023113
-140	2.3	0.022207
-140	2.4	0.020982
-140	2.5	0.019836
-140	2.6	0.018215
-140	2.7	0.0166
-140	2.8	0.013856
-140	2.9	0.012042
-140	3	0.010581
-140	3.1	0.0098685
-140	3.2	0.0089043
-140	3.3	0.008223
-140	3.4	0.0079452
-140	3.5	0.0077516
-140	3.6	0.0071824
-140	3.7	0.0071372
-140	3.8	0.0072962
-140	3.9	0.0075037
-140	4	0.0079999
-130	-4	0.010395
-130	-3.9	0.010309
-130	-3.8	0.0083091
-130	-3.7	0.0072696
-130	-3.6	0.0067986
-130	-3.5	0.0083149
-130	-3.4	0.0091071
-130	-3.3	0.0084096
-130	-3.2	0.0075574
-130	-3.1	0.0083556
-130	-3	0.011429
-130	-2.9	0.016967
-130	-2.8	0.020755
-130	-2.7	0.027307
-130	-2.6	0.03002
-130	-2.5	0.031575
-130	-2.4	0.032588
-130	-2.3	0.032493
-130	-2.2	0.033163
-130	-2.1	0.033921
-130	-2	0.035309
-130	-1.9	0.035875
-130	-1.8	0.034713
-130	-1.7	0.031593
-130	-1.6	0.02541
-130	-1.5	0.02203
-130	-1.4	0.022896
-130	-1.3	0.030364
-130	-1.2	0.039076
-130	-1.1	0.048841
-130	-1	0.054234
-130	-0.9	0.055881
-130	-0.8	0.054696
-130	-0.7	0.049397
-130	-0.6	0.03907
-130	-0.5	0.0326
-130	-0.4	0.022466
-130	-0.3	0.017116
-130	-0.2	0.013106
-130	-0.1	0.012401
-130	0	0.013059
-130	0.1	0.015931
-130	0.2	0.019053
-130	0.3	0.024649
-130	0.4	0.030674
-130	0.5	0.037765
-130	0.6	0.041733
-130	0.7	0.044526
-130	0.8	0.045518
-130	0.9	0.044745
-130	1	0.04265
-130	1.1	0.036744
-130	1.2	0.032723
-130	1.3	0.028183
-130	1.4	0.026581
-130	1.5	0.026117
-130	1.6	0.026954
-130	1.7	0.028491
-130	1.8	0.02894
-130	1.9	0.028161
-130	2	0.026723
-130	2.1	0.024234
-130	2.2	0.022113
-130	2.3	0.020742
-130	2.4	0.019655
-130	2.5	0.019211
-130	2.6	0.018481
-130	2.7	0.016877
-130	2.8	0.015678
-130	2.9	0.012285
-130	3	0.011012
-130	3.1	0.0088021
-130	3.2	0.0083807
-130	3.3	0.0085336
-130	3.4	0.0088442
-130	3.5	0.0090822
-130	3.6	0.008964
-130	3.7	0.0076614
-130	3.8	0.0071553
-130	3.9	0.0072918
-130	4	0.0075659
-120	-4	0.0090982
-120	-3.9	0.0087911
-120	-3.8	0.0082623
-120	-3.7	0.0077328
-120	-3.6	0.0079918
-120	-3.5	0.0084346
-120	-3.4	0.0081856
-120	-3.3	0.0076614
-120	-3.2	0.0073514
-120	-3.1	0.0094793
-120	-3	0.012924
-120	-2.9	0.016741
-120	-2.8	0.02345
-120	-2.7	0.025838
-120	-2.6	0.029454
-120	-2.5	0.030789
-120	-2.4	0.031839
-120	-2.3	0.033075
-120	-2.2	0.034013
-120	-2.1	0.036772
-120	-2	0.037657
-120	-1.9	0.036473
-120	-1.8	0.034287
-120	-1.7	0.027315
-120	-1.6	0.023155
-120	-1.5	0.020927
-120	-1.4	0.025756
-120	-1.3	0.029391
-120	-1.2	0.042962
-120	-1.1	0.050754
-120	-1	0.054962
-120	-0.9	0.054476
-120	-0.8	0.049912
-120	-0.7	0.043774
-120	-0.6	0.03877
-120	-0.5	0.028998
-120	-0.4	0.02143
-120	-0.3	0.015927
-120	-0.2	0.014063
-120	-0.1	0.012889
-120	0	0.013054
-120	0.1	0.015282
-120	0.2	0.020157
-120	0.3	0.027447
-120	0.4	0.032618
-120	0.5	0.036894
-120	0.6	0.042254
-120	0.7	0.044318
-120	0.8	0.044631
-120	0.9	0.043707
-120	1	0.040251
-120	1.1	0.036522
-120	1.2	0.032015
-120	1.3	0.028397
-120	1.4	0.02706
-120	1.5	0.026409
-120	1.6	0.026605
-120	1.7	0.027617
-120	1.8	0.028126
-120	1.9	0.028049
-120	2	0.027254
-120	2.1	0.025699
-120	2.2	0.024199
-120	2.3	0.022656
-120	2.4	0.020856
-120	2.5	0.019104
-120	2.6	0.01744
-120	2.7	0.015492
-120	2.8	0.013786
-120	2.9	0.012298
-120	3	0.011272
-120	3.1	0.01027
-120	3.2	0.010393
-120	3.3	0.010164
-120	3.4	0.0099857
-120	3.5	0.0098652
-120	3.6	0.0094622
-120	3.7	0.0093919
-120	3.8	0.0099549
-120	3.9	0.010015
-120	4	0.010082
-110	-4	0.0095354
-110	-3.9	0.0086931
-110	-3.8	0.007617
-110	-3.7	0.0078201
-110	-3.6	0.0080643
-110	-3.5	0.0086521
-110	-3.4	0.0084
-110	-3.3	0.0081202
-110	-3.2	0.0078015
-110	-3.1	0.010432
-110	-3	0.017164
-110	-2.9	0.020869
-110	-2.8	0.025766
-110	-2.7	0.029926
-110	-2.6	0.031172
-110	-2.5	0.031778
-110	-2.4	0.032321
-110	-2.3	0.033096
-110	-2.2	0.035925
-110	-2.1	0.037187
-110	-2	0.03792
-110	-1.9	0.03577
-110	-1.8	0.032339
-110	-1.7	0.023221
-110	-1.6	0.020289
-110	-1.5	0.021756
-110	-1.4	0.026707
-110	-1.3	0.037649
-110	-1.2	0.045289
-110	-1.1	0.053212
-110	-1	0.055399
-110	-0.9	0.054224
-110	-0.8	0.048828
-110	-0.7	0.041631
-110	-0.6	0.035408
-110	-0.5	0.025568
-110	-0.4	0.019026
-110	-0.3	0.015777
-110	-0.2	0.014314
-110	-0.1	0.014066
-110	0	0.014716
-110	0.1	0.017158
-110	0.2	0.02447
-110	0.3	0.03179
-110	0.4	0.036906
-110	0.5	0.040842
-110	0.6	0.043972
-110	0.7	0.044593
-110	0.8	0.042939
-110	0.9	0.039879
-110	1	0.037509
-110	1.1	0.031994
-110	1.2	0.030176
-110	1.3	0.028751
-110	1.4	0.028692
-110	1.5	0.029318
-110	1.6	0.029889
-110	1.7	0.030393
-110	1.8	0.030894
-110	1.9	0.030113
-110	2	0.029036
-110	2.1	0.027887
-110	2.2	0.026325
-110	2.3	0.024771
-110	2.4	0.023005
-110	2.5	0.01952
-110	2.6	0.017757
-110	2.7	0.015194
-110	2.8	0.013768
-110	2.9	0.012634
-110	3	0.011578
-110	3.1	0.011145
-110	3.2	0.011266
-110	3.3	0.010641
-110	3.4	0.010137
-110	3.5	0.0099419
-110	3.6	0.01005
-110	3.7	0.011102
-110	3.8	0.011161
-110	3.9	0.011036
-110	4	0.010381
-100	-4	0.011501
-100	-3.9	0.010124
-100	-3.8	0.0079268
-100	-3.7	0.0069094
-100	-3.6	0.0073161
-100	-3.5	0.0084
-100	-3.4	0.0089261
-100	-3.3	0.0089405
-100	-3.2	0.0086949
-100	-3.1	0.0094878
-100	-3	0.012054
-100	-2.9	0.016891
-100	-2.8	0.021496
-100	-2.7	0.026911
-100	-2.6	0.030076
-100	-2.5	0.034112
-100	-2.4	0.035363
-100	-2.3	0.036928
-100	-2.2	0.037458
-100	-2.1	0.037739
-100	-2	0.037296
-100	-1.9	0.034048
-100	-1.8	0.029429
-100	-1.7	0.0258
-100	-1.6	0.022663
-100	-1.5	0.023124
-100	-1.4	0.027024
-100	-1.3	0.038898
-100	-1.2	0.04263
-100	-1.1	0.050225
-100	-1	0.05354
-100	-0.9	0.052506
-100	-0.8	0.04667
-100	-0.7	0.040924
-100	-0.6	0.032916
-100	-0.5	0.025092
-100	-0.4	0.02118
-100	-0.3	0.017877
-100	-0.2	0.016575
-100	-0.1	0.015718
-100	0	0.016151
-100	0.1	0.018153
-100	0.2	0.021604
-100	0.3	0.028701
-100	0.4	0.033995
-100	0.5	0.04104
-100	0.6	0.043791
-100	0.7	0.045028
-100	0.8	0.044736
-100	0.9	0.043193
-100	1	0.039067
-100	1.1	0.037096
-100	1.2	0.034597
-100	1.3	0.03215
-100	1.4	0.031354
-100	1.5	0.031177
-100	1.6	0.031222
-100	1.7	0.031784
-100	1.8	0.031644
-100	1.9	0.031131
-100	2	0.029433
-100	2.1	0.026951
-100	2.2	0.024673
-100	2.3	0.022668
-100	2.4	0.019593
-100	2.5	0.017243
-100	2.6	0.015614
-100	2.7	0.014055
-100	2.8	0.012382
-100	2.9	0.011478
-100	3	0.010875
-100	3.1	0.010262
-100	3.2	0.0098488
-100	3.3	0.0090305
-100	3.4	0.0086222
-100	3.5	0.0083091
-100	3.6	0.0087061
-100	3.7	0.0085013
-100	3.8	0.0091195
-100	3.9	0.0092305
-100	4	0.0088862
-90	-4	0.011966
-90	-3.9	0.010977
-90	-3.8	0.0094383
-90	-3.7	0.008146
-90	-3.6	0.0076804
-90	-3.5	0.0080683
-90	-3.4	0.0089369
-90	-3.3	0.0087524
-90	-3.2	0.0085978
-90	-3.1	0.00967
-90	-3	0.012266
-90	-2.9	0.020685
-90	-2.8	0.024493
-90	-2.7	0.029817
-90	-2.6	0.034562
-90	-2.5	0.036144
-90	-2.4	0.036362
-90	-2.3	0.036455
-90	-2.2	0.036798
-90	-2.1	0.037724
-90	-2	0.038016
-90	-1.9	0.036388
-90	-1.8	0.031723
-90	-1.7	0.02732
-90	-1.6	0.022339
-90	-1.5	0.023052
-90	-1.4	0.028637
-90	-1.3	0.03873
-90	-1.2	0.048378
-90	-1.1	0.054507
-90	-1	0.055625
-90	-0.9	0.053863
-90	-0.8	0.046946
-90	-0.7	0.039542
-90	-0.6	0.032466
-90	-0.5	0.024244
-90	-0.4	0.020174
-90	-0.3	0.017252
-90	-0.2	0.016009
-90	-0.1	0.015067
-90	0	0.016399
-90	0.1	0.020097
-90	0.2	0.025391
-90	0.3	0.032088
-90	0.4	0.038418
-90	0.5	0.041013
-90	0.6	0.043622
-90	0.7	0.044478
-90	0.8	0.043435
-90	0.9	0.042434
-90	1	0.039096
-90	1.1	0.035405
-90	1.2	0.03231
-90	1.3	0.031338
-90	1.4	0.030698
-90	1.5	0.030949
-90	1.6	0.032141
-90	1.7	0.033175
-90	1.8	0.033376
-90	1.9	0.032703
-90	2	0.030457
-90	2.1	0.027779
-90	2.2	0.024292
-90	2.3	0.021375
-90	2.4	0.019408
-90	2.5	0.018068
-90	2.6	0.015926
-90	2.7	0.014107
-90	2.8	0.013202
-90	2.9	0.012127
-90	3	0.011593
-90	3.1	0.011545
-90	3.2	0.011867
-90	3.3	0.011207
-90	3.4	0.0098947
-90	3.5	0.0090822
-90	3.6	0.0086034
-90	3.7	0.0093263
-90	3.8	0.010165
-90	3.9	0.01054
-90	4	0.010325
-80	-4	0.011167
-80	-3.9	0.010122
-80	-3.8	0.0082112
-80	-3.7	0.0083865
-80	-3.6	0.0084499
-80	-3.5	0.008917
-80	-3.4	0.0091124
-80	-3.3	0.0083324
-80	-3.2	0.0085412
-80	-3.1	0.011226
-80	-3	0.016157
-80	-2.9	0.020842
-80	-2.8	0.024289
-80	-2.7	0.028188
-80	-2.6	0.030941
-80	-2.5	0.032343
-80	-2.4	0.033831
-80	-2.3	0.034929
-80	-2.2	0.036939
-80	-2.1	0.037702
-80	-2	0.037646
-80	-1.9	0.034206
-80	-1.8	0.029122
-80	-1.7	0.022528
-80	-1.6	0.021017
-80	-1.5	0.022566
-80	-1.4	0.029905
-80	-1.3	0.039305
-80	-1.2	0.047834
-80	-1.1	0.05423
-80	-1	0.055867
-80	-0.9	0.054288
-80	-0.8	0.049593
-80	-0.7	0.040679
-80	-0.6	0.034863
-80	-0.5	0.025069
-80	-0.4	0.021002
-80	-0.3	0.017996
-80	-0.2	0.015507
-80	-0.1	0.015363
-80	0	0.016482
-80	0.1	0.021226
-80	0.2	0.027075
-80	0.3	0.030383
-80	0.4	0.037796
-80	0.5	0.042056
-80	0.6	0.045576
-80	0.7	0.04597
-80	0.8	0.045186
-80	0.9	0.043875
-80	1	0.040529
-80	1.1	0.036299
-80	1.2	0.033753
-80	1.3	0.031948
-80	1.4	0.031848
-80	1.5	0.032047
-80	1.6	0.032074
-80	1.7	0.032415
-80	1.8	0.031843
-80	1.9	0.030758
-80	2	0.028929
-80	2.1	0.0257
-80	2.2	0.023505
-80	2.3	0.022566
-80	2.4	0.021022
-80	2.5	0.018063
-80	2.6	0.015603
-80	2.7	0.012922
-80	2.8	0.011358
-80	2.9	0.010154
-80	3	0.0095709
-80	3.1	0.0097582
-80	3.2	0.010094
-80	3.3	0.010627
-80	3.4	0.010348
-80	3.5	0.0094417
-80	3.6	0.0085279
-80	3.7	0.0088333
-80	3.8	0.0083324
-80	3.9	0.007886
-80	4	0.0080623
-70	-4	0.010446
-70	-3.9	0.0087745
-70	-3.8	0.0083846
-70	-3.7	0.0095574
-70	-3.6	0.0099322
-70	-3.5	0.0095759
-70	-3.4	0.0080683
-70	-3.3	0.0070346
-70	-3.2	0.0092863
-70	-3.1	0.014708
-70	-3	0.017011
-70	-2.9	0.022139
-70	-2.8	0.025624
-70	-2.7	0.02733
-70	-2.6	0.029042
-70	-2.5	0.030621
-70	-2.4	0.031754
-70	-2.3	0.034943
-70	-2.2	0.037152
-70	-2.1	0.038042
-70	-2	0.037693
-70	-1.9	0.031768
-70	-1.8	0.025909
-70	-1.7	0.019568
-70	-1.6	0.018974
-70	-1.5	0.024103
-70	-1.4	0.0332
-70	-1.3	0.044416
-70	-1.2	0.048124
-70	-1.1	0.053654
-70	-1	0.053451
-70	-0.9	0.051545
-70	-0.8	0.044745
-70	-0.7	0.040691
-70	-0.6	0.031892
-70	-0.5	0.024958
-70	-0.4	0.02139
-70	-0.3	0.016953
-70	-0.2	0.015741
-70	-0.1	0.015657
-70	0	0.017278
-70	0.1	0.021526
-70	0.2	0.024901
-70	0.3	0.030987
-70	0.4	0.037102
-70	0.5	0.041448
-70	0.6	0.044675
-70	0.7	0.044688
-70	0.8	0.042537
-70	0.9	0.040062
-70	1	0.036746
-70	1.1	0.033783
-70	1.2	0.031586
-70	1.3	0.031091
-70	1.4	0.03216
-70	1.5	0.032537
-70	1.6	0.032531
-70	1.7	0.032206
-70	1.8	0.031737
-70	1.9	0.030577
-70	2	0.028786
-70	2.1	0.02806
-70	2.2	0.026601
-70	2.3	0.02431
-70	2.4	0.020872
-70	2.5	0.01805
-70	2.6	0.016447
-70	2.7	0.013997
-70	2.8	0.013025
-70	2.9	0.012204
-70	3	0.011306
-70	3.1	0.010424
-70	3.2	0.010002
-70	3.3	0.010372
-70	3.4	0.011309
-70	3.5	0.011639
-70	3.6	0.011642
-70	3.7	0.01142
-70	3.8	0.0098652
-70	3.9	0.007849
-70	4	0.0072295
-60	-4	0.010725
-60	-3.9	0.0085544
-60	-3.8	0.0073007
-60	-3.7	0.0078387
-60	-3.6	0.0098357
-60	-3.5	0.010509
-60	-3.4	0.010642
-60	-3.3	0.0079411
-60	-3.2	0.0072763
-60	-3.1	0.0091708
-60	-3	0.016164
-60	-2.9	0.020963
-60	-2.8	0.02622
-60	-2.7	0.030166
-60	-2.6	0.031225
-60	-2.5	0.031117
-60	-2.4	0.030758
-60	-2.3	0.031438
-60	-2.2	0.033048
-60	-2.1	0.035524
-60	-2	0.036234
-60	-1.9	0.035301
-60	-1.8	0.03143
-60	-1.7	0.024752
-60	-1.6	0.019698
-60	-1.5	0.022982
-60	-1.4	0.031294
-60	-1.3	0.043863
-60	-1.2	0.052803
-60	-1.1	0.055312
-60	-1	0.057494
-60	-0.9	0.054832
-60	-0.8	0.047019
-60	-0.7	0.039336
-60	-0.6	0.032475
-60	-0.5	0.026035
-60	-0.4	0.020281
-60	-0.3	0.017601
-60	-0.2	0.015762
-60	-0.1	0.015535
-60	0	0.01905
-60	0.1	0.024064
-60	0.2	0.028217
-60	0.3	0.037847
-60	0.4	0.041667
-60	0.5	0.045135
-60	0.6	0.046482
-60	0.7	0.046272
-60	0.8	0.043509
-60	0.9	0.042175
-60	1	0.037837
-60	1.1	0.034672
-60	1.2	0.031933
-60	1.3	0.030034
-60	1.4	0.029035
-60	1.5	0.029097
-60	1.6	0.030267
-60	1.7	0.031313
-60	1.8	0.031541
-60	1.9	0.031086
-60	2	0.028829
-60	2.1	0.025986
-60	2.2	0.02381
-60	2.3	0.021207
-60	2.4	0.019651
-60	2.5	0.018758
-60	2.6	0.018442
-60	2.7	0.017163
-60	2.8	0.015568
-60	2.9	0.012924
-60	3	0.01075
-60	3.1	0.00971
-60	3.2	0.0099809
-60	3.3	0.010364
-60	3.4	0.010738
-60	3.5	0.010423
-60	3.6	0.0097863
-60	3.7	0.0094502
-60	3.8	0.009009
-60	3.9	0.0092968
-60	4	0.0092985
-50	-4	0.0095218
-50	-3.9	0.0085487
-50	-3.8	0.0075037
-50	-3.7	0.0077056
-50	-3.6	0.0089043
-50	-3.5	0.0088661
-50	-3.4	0.0083091
-50	-3.3	0.0074735
-50	-3.2	0.0077641
-50	-3.1	0.0087819
-50	-3	0.013884
-50	-2.9	0.019373
-50	-2.8	0.023005
-50	-2.7	0.026421
-50	-2.6	0.02821
-50	-2.5	0.029307
-50	-2.4	0.029656
-50	-2.3	0.030819
-50	-2.2	0.032935
-50	-2.1	0.034341
-50	-2	0.034585
-50	-1.9	0.030993
-50	-1.8	0.027327
-50	-1.7	0.02229
-50	-1.6	0.020812
-50	-1.5	0.02496
-50	-1.4	0.032548
-50	-1.3	0.040969
-50	-1.2	0.048211
-50	-1.1	0.052657
-50	-1	0.053865
-50	-0.9	0.052034
-50	-0.8	0.047289
-50	-0.7	0.040898
-50	-0.6	0.033596
-50	-0.5	0.023307
-50	-0.4	0.021113
-50	-0.3	0.016632
-50	-0.2	0.015194
-50	-0.1	0.016087
-50	0	0.018863
-50	0.1	0.02359
-50	0.2	0.026363
-50	0.3	0.032022
-50	0.4	0.037456
-50	0.5	0.040142
-50	0.6	0.042184
-50	0.7	0.043386
-50	0.8	0.043405
-50	0.9	0.041147
-50	1	0.03944
-50	1.1	0.035911
-50	1.2	0.032779
-50	1.3	0.030587
-50	1.4	0.029146
-50	1.5	0.028918
-50	1.6	0.029685
-50	1.7	0.030545
-50	1.8	0.031429
-50	1.9	0.030266
-50	2	0.028628
-50	2.1	0.026431
-50	2.2	0.023267
-50	2.3	0.020905
-50	2.4	0.018601
-50	2.5	0.017478
-50	2.6	0.016786
-50	2.7	0.014366
-50	2.8	0.012946
-50	2.9	0.011276
-50	3	0.0096884
-50	3.1	0.00966
-50	3.2	0.0097017
-50	3.3	0.0092497
-50	3.4	0.0090662
-50	3.5	0.0082759
-50	3.6	0.008148
-50	3.7	0.0078036
-50	3.8	0.0082662
-50	3.9	0.0089224
-50	4	0.0093643
-40	-4	0.012268
-40	-3.9	0.010023
-40	-3.8	0.0069328
-40	-3.7	0.0062512
-40	-3.6	0.0079999
-40	-3.5	0.00967
-40	-3.4	0.010379
-40	-3.3	0.010065
-40	-3.2	0.00922
-40	-3.1	0.0095692
-40	-3	0.013739
-40	-2.9	0.017877
-40	-2.8	0.020192
-40	-2.7	0.025017
-40	-2.6	0.026283
-40	-2.5	0.027441
-40	-2.4	0.027677
-40	-2.3	0.027979
-40	-2.2	0.029489
-40	-2.1	0.031843
-40	-2	0.03242
-40	-1.9	0.031688
-40	-1.8	0.028605
-40	-1.7	0.024484
-40	-1.6	0.021015
-40	-1.5	0.02202
-40	-1.4	0.029454
-40	-1.3	0.038297
-40	-1.2	0.047114
-40	-1.1	0.051419
-40	-1	0.05549
-40	-0.9	0.054051
-40	-0.8	0.051877
-40	-0.7	0.040604
-40	-0.6	0.033332
-40	-0.5	0.028007
-40	-0.4	0.020533
-40	-0.3	0.017494
-40	-0.2	0.015406
-40	-0.1	0.015104
-40	0	0.015673
-40	0.1	0.019631
-40	0.2	0.024957
-40	0.3	0.032792
-40	0.4	0.03853
-40	0.5	0.043026
-40	0.6	0.046523
-40	0.7	0.04797
-40	0.8	0.047234
-40	0.9	0.045338
-40	1	0.04287
-40	1.1	0.040287
-40	1.2	0.037534
-40	1.3	0.034217
-40	1.4	0.033265
-40	1.5	0.030579
-40	1.6	0.030041
-40	1.7	0.030098
-40	1.8	0.030268
-40	1.9	0.029944
-40	2	0.02887
-40	2.1	0.027157
-40	2.2	0.026027
-40	2.3	0.022614
-40	2.4	0.018852
-40	2.5	0.015609
-40	2.6	0.013558
-40	2.7	0.010897
-40	2.8	0.0099028
-40	2.9	0.0083981
-40	3	0.0085846
-40	3.1	0.0081441
-40	3.2	0.0075531
-40	3.3	0.0071485
-40	3.4	0.0063078
-40	3.5	0.006181
-40	3.6	0.0062253
-40	3.7	0.0062925
-40	3.8	0.0064647
-40	3.9	0.0063206
-40	4	0.0058534
-30	-4	0.01027
-30	-3.9	0.0081441
-30	-3.8	0.0068531
-30	-3.7	0.0072161
-30	-3.6	0.0081935
-30	-3.5	0.009498
-30	-3.4	0.0097316
-30	-3.3	0.0085808
-30	-3.2	0.0080181
-30	-3.1	0.0088369
-30	-3	0.012576
-30	-2.9	0.016779
-30	-2.8	0.019676
-30	-2.7	0.023611
-30	-2.6	0.025545
-30	-2.5	0.025641
-30	-2.4	0.024911
-30	-2.3	0.024897
-30	-2.2	0.026464
-30	-2.1	0.029565
-30	-2	0.030968
-30	-1.9	0.031164
-30	-1.8	0.02777
-30	-1.7	0.023793
-30	-1.6	0.020272
-30	-1.5	0.020271
-30	-1.4	0.026134
-30	-1.3	0.035722
-30	-1.2	0.048044
-30	-1.1	0.051365
-30	-1	0.055527
-30	-0.9	0.05409
-30	-0.8	0.048806
-30	-0.7	0.043008
-30	-0.6	0.035675
-30	-0.5	0.027456
-30	-0.4	0.020234
-30	-0.3	0.016561
-30	-0.2	0.014286
-30	-0.1	0.015151
-30	0	0.016972
-30	0.1	0.020365
-30	0.2	0.025591
-30	0.3	0.031136
-30	0.4	0.034972
-30	0.5	0.039756
-30	0.6	0.042666
-30	0.7	0.043726
-30	0.8	0.043228
-30	0.9	0.041291
-30	1	0.039833
-30	1.1	0.036323
-30	1.2	0.033179
-30	1.3	0.030642
-30	1.4	0.028115
-30	1.5	0.027379
-30	1.6	0.027429
-30	1.7	0.0278
-30	1.8	0.028862
-30	1.9	0.029087
-30	2	0.028191
-30	2.1	0.027202
-30	2.2	0.024102
-30	2.3	0.022189
-30	2.4	0.020595
-30	2.5	0.018729
-30	2.6	0.017853
-30	2.7	0.016772
-30	2.8	0.015141
-30	2.9	0.012756
-30	3	0.010839
-30	3.1	0.010249
-30	3.2	0.0097764
-30	3.3	0.010455
-30	3.4	0.0098472
-30	3.5	0.00971
-30	3.6	0.0094502
-30	3.7	0.0084652
-30	3.8	0.0081955
-30	3.9	0.0086315
-30	4	0.0084728
-20	-4	0.0093953
-20	-3.9	0.0086465
-20	-3.8	0.0078118
-20	-3.7	0.0064822
-20	-3.6	0.0067077
-20	-3.5	0.0078201
-20	-3.4	0.0094245
-20	-3.3	0.010701
-20	-3.2	0.010897
-20	-3.1	0.010939
-20	-3	0.011139
-20	-2.9	0.012449
-20	-2.8	0.015664
-20	-2.7	0.01963
-20	-2.6	0.022864
-20	-2.5	0.02455
-20	-2.4	0.025738
-20	-2.3	0.025946
-20	-2.2	0.025906
-20	-2.1	0.025731
-20	-2	0.026197
-20	-1.9	0.025664
-20	-1.8	0.025167
-20	-1.7	0.023472
-20	-1.6	0.022181
-20	-1.5	0.022546
-20	-1.4	0.027345
-20	-1.3	0.034702
-20	-1.2	0.039411
-20	-1.1	0.047603
-20	-1	0.051358
-20	-0.9	0.05393
-20	-0.8	0.052185
-20	-0.7	0.047032
-20	-0.6	0.042057
-20	-0.5	0.035343
-20	-0.4	0.026887
-20	-0.3	0.019936
-20	-0.2	0.01543
-20	-0.1	0.014291
-20	0	0.014282
-20	0.1	0.015783
-20	0.2	0.02384
-20	0.3	0.030112
-20	0.4	0.034981
-20	0.5	0.040231
-20	0.6	0.047278
-20	0.7	0.049171
-20	0.8	0.049652
-20	0.9	0.049131
-20	1	0.046011
-20	1.1	0.042719
-20	1.2	0.038964
-20	1.3	0.035116
-20	1.4	0.033281
-20	1.5	0.032395
-20	1.6	0.031618
-20	1.7	0.031552
-20	1.8	0.03128
-20	1.9	0.029937
-20	2	0.028897
-20	2.1	0.026306
-20	2.2	0.024847
-20	2.3	0.022257
-20	2.4	0.019388
-20	2.5	0.017055
-20	2.6	0.015426
-20	2.7	0.013296
-20	2.8	0.011456
-20	2.9	0.0095878
-20	3	0.0082525
-20	3.1	0.0077828
-20	3.2	0.0079207
-20	3.3	0.0074821
-20	3.4	0.0071009
-20	3.5	0.0064647
-20	3.6	0.0059329
-20	3.7	0.0060489
-20	3.8	0.006118
-20	3.9	0.0067509
-20	4	0.0063283
-10	-4	0.0069746
-10	-3.9	0.0071191
-10	-3.8	0.0071282
-10	-3.7	0.0078098
-10	-3.6	0.0091018
-10	-3.5	0.0089874
-10	-3.4	0.0087357
-10	-3.3	0.0082348
-10	-3.2	0.0075338
-10	-3.1	0.0082681
-10	-3	0.011547
-10	-2.9	0.014578
-10	-2.8	0.018967
-10	-2.7	0.021172
-10	-2.6	0.02215
-10	-2.5	0.022948
-10	-2.4	0.02273
-10	-2.3	0.022046
-10	-2.2	0.02207
-10	-2.1	0.023271
-10	-2	0.025288
-10	-1.9	0.027181
-10	-1.8	0.026544
-10	-1.7	0.024304
-10	-1.6	0.020795
-10	-1.5	0.020387
-10	-1.4	0.024359
-10	-1.3	0.032416
-10	-1.2	0.040618
-10	-1.1	0.047949
-10	-1	0.052532
-10	-0.9	0.053812
-10	-0.8	0.052644
-10	-0.7	0.048281
-10	-0.6	0.04186
-10	-0.5	0.031427
-10	-0.4	0.025224
-10	-0.3	0.01864
-10	-0.2	0.014093
-10	-0.1	0.013332
-10	0	0.01419
-10	0.1	0.017592
-10	0.2	0.022706
-10	0.3	0.030248
-10	0.4	0.03517
-10	0.5	0.041006
-10	0.6	0.04675
-10	0.7	0.048204
-10	0.8	0.049264
-10	0.9	0.047969
-10	1	0.044642
-10	1.1	0.040469
-10	1.2	0.036415
-10	1.3	0.033583
-10	1.4	0.031284
-10	1.5	0.030243
-10	1.6	0.030122
-10	1.7	0.029618
-10	1.8	0.029028
-10	1.9	0.027568
-10	2	0.026771
-10	2.1	0.02569
-10	2.2	0.024188
-10	2.3	0.023233
-10	2.4	0.022141
-10	2.5	0.020965
-10	2.6	0.019291
-10	2.7	0.015887
-10	2.8	0.013374
-10	2.9	0.011258
-10	3	0.0090964
-10	3.1	0.008469
-10	3.2	0.0083711
-10	3.3	0.0083498
-10	3.4	0.0084365
-10	3.5	0.0079064
-10	3.6	0.0076149
-10	3.7	0.0076741
-10	3.8	0.0083459
-10	3.9	0.0088515
-10	4	0.0090287
0	-4	0.0077807
0	-3.9	0.0076403
0	-3.8	0.006412
0	-3.7	0.0056224
0	-3.6	0.006564
0	-3.5	0.0085771
0	-3.4	0.010078
0	-3.3	0.010753
0	-3.2	0.010309
0	-3.1	0.0098472
0	-3	0.010078
0	-2.9	0.011955
0	-2.8	0.016278
0	-2.7	0.018156
0	-2.6	0.022466
0	-2.5	0.024064
0	-2.4	0.024281
0	-2.3	0.023294
0	-2.2	0.022282
0	-2.1	0.022046
0	-2	0.023953
0	-1.9	0.025251
0	-1.8	0.02701
0	-1.7	0.026941
0	-1.6	0.02475
0	-1.5	0.023022
0	-1.4	0.02389
0	-1.3	0.029152
0	-1.2	0.037898
0	-1.1	0.045639
0	-1	0.051011
0	-0.9	0.054447
0	-0.8	0.05474
0	-0.7	0.050791
0	-0.6	0.046728
0	-0.5	0.037171
0	-0.4	0.028183
0	-0.3	0.022482
0	-0.2	0.019519
0	-0.1	0.015465
0	0	0.014195
0	0.1	0.015605
0	0.2	0.01957
0	0.3	0.024772
0	0.4	0.036968
0	0.5	0.044716
0	0.6	0.048507
0	0.7	0.052829
0	0.8	0.053656
0	0.9	0.051892
0	1	0.049314
0	1.1	0.045675
0	1.2	0.041224
0	1.3	0.038504
0	1.4	0.036548
0	1.5	0.035503
0	1.6	0.03496
0	1.7	0.034235
0	1.8	0.033739
0	1.9	0.031674
0	2	0.030694
0	2.1	0.028945
0	2.2	0.026218
0	2.3	0.023572
0	2.4	0.021879
0	2.5	0.01826
0	2.6	0.017139
0	2.7	0.014758
0	2.8	0.013596
0	2.9	0.011976
0	3	0.010389
0	3.1	0.0087079
0	3.2	0.0075936
0	3.3	0.0072674
0	3.4	0.0078921
0	3.5	0.007634
0	3.6	0.0090876
0	3.7	0.0087984
0	3.8	0.0078757
0	3.9	0.0069584
0	4	0.0065566
10	-4	0.0071621
10	-3.9	0.0080039
10	-3.8	0.0078098
10	-3.7	0.0070964
10	-3.6	0.0063893
10	-3.5	0.0070185
10	-3.4	0.0079797
10	-3.3	0.0095472
10	-3.2	0.010296
10	-3.1	0.010529
10	-3	0.009893
10	-2.9	0.0098341
10	-2.8	0.011332
10	-2.7	0.01621
10	-2.6	0.019105
10	-2.5	0.022858
10	-2.4	0.024449
10	-2.3	0.024821
10	-2.2	0.024061
10	-2.1	0.023613
10	-2	0.024252
10	-1.9	0.025543
10	-1.8	0.027183
10	-1.7	0.028095
10	-1.6	0.027382
10	-1.5	0.026236
10	-1.4	0.026572
10	-1.3	0.031302
10	-1.2	0.035674
10	-1.1	0.042409
10	-1	0.050798
10	-0.9	0.054685
10	-0.8	0.056124
10	-0.7	0.0527
10	-0.6	0.046853
10	-0.5	0.04137
10	-0.4	0.0292
10	-0.3	0.023364
10	-0.2	0.018265
10	-0.1	0.015692
10	0	0.014763
10	0.1	0.016404
10	0.2	0.021437
10	0.3	0.024072
10	0.4	0.033477
10	0.5	0.039968
10	0.6	0.047898
10	0.7	0.051513
10	0.8	0.053234
10	0.9	0.053254
10	1	0.051228
10	1.1	0.047466
10	1.2	0.042739
10	1.3	0.038086
10	1.4	0.034597
10	1.5	0.032059
10	1.6	0.031175
10	1.7	0.030054
10	1.8	0.030454
10	1.9	0.031128
10	2	0.030828
10	2.1	0.029635
10	2.2	0.027925
10	2.3	0.025808
10	2.4	0.022564
10	2.5	0.020905
10	2.6	0.017888
10	2.7	0.016173
10	2.8	0.015046
10	2.9	0.013178
10	3	0.012195
10	3.1	0.012067
10	3.2	0.011416
10	3.3	0.010234
10	3.4	0.0086446
10	3.5	0.0075872
10	3.6	0.0075166
10	3.7	0.0074972
10	3.8	0.0078654
10	3.9	0.0083071
10	4	0.0080382
20	-4	0.0080843
20	-3.9	0.0078942
20	-3.8	0.0075467
20	-3.7	0.0063487
20	-3.6	0.0057979
20	-3.5	0.0065046
20	-3.4	0.0078613
20	-3.3	0.010137
20	-3.2	0.010762
20	-3.1	0.010815
20	-3	0.011669
20	-2.9	0.012239
20	-2.8	0.014538
20	-2.7	0.016113
20	-2.6	0.018489
20	-2.5	0.020408
20	-2.4	0.021962
20	-2.3	0.02315
20	-2.2	0.023701
20	-2.1	0.023873
20	-2	0.023821
20	-1.9	0.024577
20	-1.8	0.025552
20	-1.7	0.02635
20	-1.6	0.026678
20	-1.5	0.02645
20	-1.4	0.026749
20	-1.3	0.029065
20	-1.2	0.034743
20	-1.1	0.039831
20	-1	0.04789
20	-0.9	0.051483
20	-0.8	0.054789
20	-0.7	0.054155
20	-0.6	0.051912
20	-0.5	0.043474
20	-0.4	0.038891
20	-0.3	0.029743
20	-0.2	0.02207
20	-0.1	0.018332
20	0	0.015727
20	0.1	0.015609
20	0.2	0.01796
20	0.3	0.022235
20	0.4	0.029984
20	0.5	0.035739
20	0.6	0.04586
20	0.7	0.05035
20	0.8	0.054388
20	0.9	0.055394
20	1	0.055353
20	1.1	0.053526
20	1.2	0.050232
20	1.3	0.045527
20	1.4	0.042121
20	1.5	0.040311
20	1.6	0.038006
20	1.7	0.036123
20	1.8	0.035125
20	1.9	0.035045
20	2	0.034491
20	2.1	0.033033
20	2.2	0.031165
20	2.3	0.028287
20	2.4	0.025304
20	2.5	0.021761
20	2.6	0.018706
20	2.7	0.01588
20	2.8	0.013939
20	2.9	0.012352
20	3	0.011005
20	3.1	0.010486
20	3.2	0.010016
20	3.3	0.0091195
20	3.4	0.0089694
20	3.5	0.007937
20	3.6	0.007672
20	3.7	0.007069
20	3.8	0.006879
20	3.9	0.0067173
20	4	0.0061993
30	-4	0.0078407
30	-3.9	0.0087117
30	-3.8	0.0092165
30	-3.7	0.008624
30	-3.6	0.0077161
30	-3.5	0.0067461
30	-3.4	0.0071576
30	-3.3	0.0082583
30	-3.2	0.0095945
30	-3.1	0.010748
30	-3	0.011119
30	-2.9	0.011365
30	-2.8	0.0127
30	-2.7	0.014925
30	-2.6	0.020077
30	-2.5	0.023191
30	-2.4	0.023617
30	-2.3	0.023148
30	-2.2	0.022181
30	-2.1	0.022056
30	-2	0.02522
30	-1.9	0.028344
30	-1.8	0.029723
30	-1.7	0.03017
30	-1.6	0.02777
30	-1.5	0.026013
30	-1.4	0.026183
30	-1.3	0.030893
30	-1.2	0.033672
30	-1.1	0.042481
30	-1	0.051129
30	-0.9	0.055716
30	-0.8	0.057899
30	-0.7	0.056536
30	-0.6	0.054263
30	-0.5	0.046326
30	-0.4	0.039473
30	-0.3	0.030698
30	-0.2	0.021886
30	-0.1	0.019211
30	0	0.01798
30	0.1	0.019021
30	0.2	0.020836
30	0.3	0.024447
30	0.4	0.031386
30	0.5	0.038009
30	0.6	0.043503
30	0.7	0.04903
30	0.8	0.0531
30	0.9	0.053827
30	1	0.053716
30	1.1	0.051382
30	1.2	0.047162
30	1.3	0.044166
30	1.4	0.040541
30	1.5	0.039158
30	1.6	0.038052
30	1.7	0.037028
30	1.8	0.03545
30	1.9	0.034978
30	2	0.034414
30	2.1	0.033367
30	2.2	0.032365
30	2.3	0.031457
30	2.4	0.030936
30	2.5	0.028659
30	2.6	0.025933
30	2.7	0.02256
30	2.8	0.020281
30	2.9	0.01714
30	3	0.014355
30	3.1	0.01232
30	3.2	0.012413
30	3.3	0.01284
30	3.4	0.013114
30	3.5	0.012036
30	3.6	0.010872
30	3.7	0.0099987
30	3.8	0.0096298
30	3.9	0.0094605
30	4	0.0099728
40	-4	0.0065021
40	-3.9	0.0067843
40	-3.8	0.0070986
40	-3.7	0.007069
40	-3.6	0.0076972
40	-3.5	0.0068672
40	-3.4	0.0064847
40	-3.3	0.0073294
40	-3.2	0.0080763
40	-3.1	0.011306
40	-3	0.013211
40	-2.9	0.014015
40	-2.8	0.014202
40	-2.7	0.014845
40	-2.6	0.016318
40	-2.5	0.018669
40	-2.4	0.023559
40	-2.3	0.025377
40	-2.2	0.025887
40	-2.1	0.025541
40	-2	0.025045
40	-1.9	0.025348
40	-1.8	0.027064
40	-1.7	0.029246
40	-1.6	0.030973
40	-1.5	0.031462
40	-1.4	0.030994
40	-1.3	0.031501
40	-1.2	0.033309
40	-1.1	0.040425
40	-1	0.048546
40	-0.9	0.052612
40	-0.8	0.056972
40	-0.7	0.056945
40	-0.6	0.055619
40	-0.5	0.048276
40	-0.4	0.044401
40	-0.3	0.034805
40	-0.2	0.028688
40	-0.1	0.023556
40	0	0.020173
40	0.1	0.017883
40	0.2	0.017823
40	0.3	0.020834
40	0.4	0.027337
40	0.5	0.035417
40	0.6	0.045568
40	0.7	0.051531
40	0.8	0.057063
40	0.9	0.058145
40	1	0.058099
40	1.1	0.05672
40	1.2	0.054128
40	1.3	0.051615
40	1.4	0.04751
40	1.5	0.046186
40	1.6	0.042699
40	1.7	0.039749
40	1.8	0.037218
40	1.9	0.03654
40	2	0.036252
40	2.1	0.035696
40	2.2	0.03371
40	2.3	0.032094
40	2.4	0.028506
40	2.5	0.026216
40	2.6	0.02336
40	2.7	0.02085
40	2.8	0.020378
40	2.9	0.019386
40	3	0.017196
40	3.1	0.014631
40	3.2	0.010878
40	3.3	0.0094365
40	3.4	0.0082014
40	3.5	0.0091637
40	3.6	0.0090484
40	3.7	0.0087635
40	3.8	0.0088716
40	3.9	0.0085336
40	4	0.0070369
50	-4	0.0082014
50	-3.9	0.0086353
50	-3.8	0.0081063
50	-3.7	0.0073206
50	-3.6	0.006652
50	-3.5	0.0077495
50	-3.4	0.010082
50	-3.3	0.013119
50	-3.2	0.013623
50	-3.1	0.013084
50	-3	0.01229
50	-2.9	0.012179
50	-2.8	0.013297
50	-2.7	0.016988
50	-2.6	0.019527
50	-2.5	0.021782
50	-2.4	0.024273
50	-2.3	0.025618
50	-2.2	0.025887
50	-2.1	0.025672
50	-2	0.025655
50	-1.9	0.026059
50	-1.8	0.027567
50	-1.7	0.029651
50	-1.6	0.030609
50	-1.5	0.030781
50	-1.4	0.030269
50	-1.3	0.030456
50	-1.2	0.033451
50	-1.1	0.03949
50	-1	0.045862
50	-0.9	0.051179
50	-0.8	0.055473
50	-0.7	0.057733
50	-0.6	0.056612
50	-0.5	0.051807
50	-0.4	0.046211
50	-0.3	0.037385
50	-0.2	0.032989
50	-0.1	0.026036
50	0	0.021376
50	0.1	0.019556
50	0.2	0.019849
50	0.3	0.021122
50	0.4	0.027899
50	0.5	0.032968
50	0.6	0.039306
50	0.7	0.049105
50	0.8	0.052486
50	0.9	0.057706
50	1	0.059694
50	1.1	0.059659
50	1.2	0.056638
50	1.3	0.051986
50	1.4	0.047183
50	1.5	0.044137
50	1.6	0.042015
50	1.7	0.04002
50	1.8	0.039406
50	1.9	0.039361
50	2	0.039358
50	2.1	0.038808
50	2.2	0.036399
50	2.3	0.034304
50	2.4	0.031026
50	2.5	0.027165
50	2.6	0.025736
50	2.7	0.023294
50	2.8	0.021251
50	2.9	0.020597
50	3	0.017888
50	3.1	0.01699
50	3.2	0.01422
50	3.3	0.012963
50	3.4	0.011302
50	3.5	0.010229
50	3.6	0.010068
50	3.7	0.010089
50	3.8	0.010183
50	3.9	0.010068
50	4	0.0094005
60	-4	0.0050596
60	-3.9	0.006517
60	-3.8	0.0084918
60	-3.7	0.0094485
60	-3.6	0.0092985
60	-3.5	0.0080221
60	-3.4	0.0069421
60	-3.3	0.0080382
60	-3.2	0.01079
60	-3.1	0.013606
60	-3	0.014921
60	-2.9	0.014507
60	-2.8	0.01314
60	-2.7	0.013619
60	-2.6	0.016079
60	-2.5	0.019405
60	-2.4	0.024455
60	-2.3	0.026538
60	-2.2	0.027564
60	-2.1	0.02674
60	-2	0.02517
60	-1.9	0.024274
60	-1.8	0.0257
60	-1.7	0.027597
60	-1.6	0.030712
60	-1.5	0.03282
60	-1.4	0.032675
60	-1.3	0.031943
60	-1.2	0.032672
60	-1.1	0.035353
60	-1	0.040933
60	-0.9	0.046416
60	-0.8	0.054351
60	-0.7	0.05826
60	-0.6	0.05856
60	-0.5	0.056932
60	-0.4	0.050957
60	-0.3	0.043923
60	-0.2	0.034098
60	-0.1	0.029319
60	0	0.022572
60	0.1	0.018518
60	0.2	0.018303
60	0.3	0.019748
60	0.4	0.02435
60	0.5	0.033898
60	0.6	0.040393
60	0.7	0.05057
60	0.8	0.055092
60	0.9	0.058961
60	1	0.06008
60	1.1	0.059216
60	1.2	0.057192
60	1.3	0.052946
60	1.4	0.049083
60	1.5	0.046099
60	1.6	0.043841
60	1.7	0.0414
60	1.8	0.03992
60	1.9	0.039409
60	2	0.03864
60	2.1	0.037974
60	2.2	0.03668
60	2.3	0.034247
60	2.4	0.032749
60	2.5	0.030236
60	2.6	0.028077
60	2.7	0.025496
60	2.8	0.023064
60	2.9	0.02117
60	3	0.019246
60	3.1	0.016975
60	3.2	0.01591
60	3.3	0.013664
60	3.4	0.012344
60	3.5	0.011263
60	3.6	0.010479
60	3.7	0.0097747
60	3.8	0.010089
60	3.9	0.010031
60	4	0.010023
70	-4	0.0066593
70	-3.9	0.0066081
70	-3.8	0.0068057
70	-3.7	0.0063487
70	-3.6	0.006669
70	-3.5	0.0071327
70	-3.4	0.0078634
70	-3.3	0.0086931
70	-3.2	0.0094793
70	-3.1	0.010073
70	-3	0.011371
70	-2.9	0.012644
70	-2.8	0.014074
70	-2.7	0.014167
70	-2.6	0.01459
70	-2.5	0.016561
70	-2.4	0.020198
70	-2.3	0.025111
70	-2.2	0.027701
70	-2.1	0.027945
70	-2	0.026585
70	-1.9	0.025156
70	-1.8	0.024817
70	-1.7	0.027161
70	-1.6	0.029995
70	-1.5	0.032151
70	-1.4	0.033841
70	-1.3	0.034327
70	-1.2	0.035379
70	-1.1	0.03869
70	-1	0.042262
70	-0.9	0.048239
70	-0.8	0.053637
70	-0.7	0.05844
70	-0.6	0.058931
70	-0.5	0.056359
70	-0.4	0.051486
70	-0.3	0.043698
70	-0.2	0.037724
70	-0.1	0.02898
70	0	0.024465
70	0.1	0.020959
70	0.2	0.019439
70	0.3	0.021109
70	0.4	0.023963
70	0.5	0.029815
70	0.6	0.038406
70	0.7	0.045784
70	0.8	0.05107
70	0.9	0.055288
70	1	0.05759
70	1.1	0.058319
70	1.2	0.056976
70	1.3	0.056002
70	1.4	0.052579
70	1.5	0.049283
70	1.6	0.046394
70	1.7	0.043461
70	1.8	0.040762
70	1.9	0.039229
70	2	0.038338
70	2.1	0.038343
70	2.2	0.037645
70	2.3	0.036301
70	2.4	0.035173
70	2.5	0.033121
70	2.6	0.029846
70	2.7	0.027536
70	2.8	0.02622
70	2.9	0.024008
70	3	0.021433
70	3.1	0.019625
70	3.2	0.017201
70	3.3	0.014949
70	3.4	0.013657
70	3.5	0.012872
70	3.6	0.01282
70	3.7	0.012076
70	3.8	0.011808
70	3.9	0.010449
70	4	0.0094485
80	-4	0.0076846
80	-3.9	0.0070667
80	-3.8	0.0070872
80	-3.7	0.0075274
80	-3.6	0.00815
80	-3.5	0.0085089
80	-3.4	0.0089658
80	-3.3	0.008917
80	-3.2	0.0090215
80	-3.1	0.0096348
80	-3	0.011626
80	-2.9	0.014188
80	-2.8	0.015834
80	-2.7	0.01794
80	-2.6	0.01878
80	-2.5	0.01949
80	-2.4	0.019753
80	-2.3	0.021157
80	-2.2	0.024224
80	-2.1	0.02605
80	-2	0.027413
80	-1.9	0.028374
80	-1.8	0.028038
80	-1.7	0.02734
80	-1.6	0.026677
80	-1.5	0.026755
80	-1.4	0.028081
80	-1.3	0.030458
80	-1.2	0.033795
80	-1.1	0.035491
80	-1	0.039429
80	-0.9	0.044636
80	-0.8	0.048172
80	-0.7	0.052064
80	-0.6	0.054528
80	-0.5	0.053813
80	-0.4	0.050872
80	-0.3	0.046146
80	-0.2	0.040822
80	-0.1	0.035404
80	0	0.028663
80	0.1	0.02426
80	0.2	0.021231
80	0.3	0.019245
80	0.4	0.020484
80	0.5	0.02446
80	0.6	0.030449
80	0.7	0.038808
80	0.8	0.047317
80	0.9	0.052343
80	1	0.058856
80	1.1	0.060359
80	1.2	0.060294
80	1.3	0.057512
80	1.4	0.055218
80	1.5	0.051443
80	1.6	0.047253
80	1.7	0.04605
80	1.8	0.043672
80	1.9	0.04224
80	2	0.040565
80	2.1	0.039381
80	2.2	0.037121
80	2.3	0.035234
80	2.4	0.033588
80	2.5	0.031741
80	2.6	0.029249
80	2.7	0.026135
80	2.8	0.024173
80	2.9	0.02229
80	3	0.018888
80	3.1	0.016757
80	3.2	0.014903
80	3.3	0.013859
80	3.4	0.013336
80	3.5	0.012867
80	3.6	0.011361
80	3.7	0.0098783
80	3.8	0.0086465
80	3.9	0.0082289
80	4	0.0085336
90	-4	0.0053725
90	-3.9	0.0064647
90	-3.8	0.0077161
90	-3.7	0.0091301
90	-3.6	0.010045
90	-3.5	0.0092375
90	-3.4	0.008223
90	-3.3	0.0061391
90	-3.2	0.0073426
90	-3.1	0.010838
90	-3	0.014227
90	-2.9	0.015658
90	-2.8	0.016258
90	-2.7	0.014728
90	-2.6	0.013826
90	-2.5	0.01601
90	-2.4	0.019298
90	-2.3	0.022766
90	-2.2	0.026986
90	-2.1	0.027841
90	-2	0.0265
90	-1.9	0.024883
90	-1.8	0.023904
90	-1.7	0.024457
90	-1.6	0.02713
90	-1.5	0.029313
90	-1.4	0.031014
90	-1.3	0.031343
90	-1.2	0.03152
90	-1.1	0.033136
90	-1	0.038073
90	-0.9	0.044008
90	-0.8	0.05015
90	-0.7	0.056739
90	-0.6	0.057514
90	-0.5	0.057713
90	-0.4	0.053786
90	-0.3	0.048791
90	-0.2	0.042055
90	-0.1	0.033086
90	0	0.026438
90	0.1	0.020779
90	0.2	0.018893
90	0.3	0.018798
90	0.4	0.020117
90	0.5	0.026373
90	0.6	0.030073
90	0.7	0.038934
90	0.8	0.045554
90	0.9	0.052548
90	1	0.056728
90	1.1	0.057986
90	1.2	0.058113
90	1.3	0.056854
90	1.4	0.054395
90	1.5	0.049031
90	1.6	0.046581
90	1.7	0.043747
90	1.8	0.040995
90	1.9	0.038978
90	2	0.038242
90	2.1	0.038069
90	2.2	0.038078
90	2.3	0.036707
90	2.4	0.035695
90	2.5	0.034817
90	2.6	0.032023
90	2.7	0.029504
90	2.8	0.025736
90	2.9	0.024862
90	3	0.0221
90	3.1	0.020499
90	3.2	0.018743
90	3.3	0.017486
90	3.4	0.015803
90	3.5	0.013454
90	3.6	0.011867
90	3.7	0.010787
90	3.8	0.0095184
90	3.9	0.0087819
90	4	0.0085959
100	-4	0.0053815
100	-3.9	0.0055179
100	-3.8	0.0065664
100	-3.7	0.0077641
100	-3.6	0.0085639
100	-3.5	0.0089478
100	-3.4	0.0087837
100	-3.3	0.0079938
100	-3.2	0.0076043
100	-3.1	0.0088643
100	-3	0.011479
100	-2.9	0.01327
100	-2.8	0.015385
100	-2.7	0.01622
100	-2.6	0.016639
100	-2.5	0.018866
100	-2.4	0.021112
100	-2.3	0.023188
100	-2.2	0.024651
100	-2.1	0.026285
100	-2	0.026505
100	-1.9	0.026379
100	-1.8	0.025915
100	-1.7	0.026306
100	-1.6	0.027529
100	-1.5	0.028489
100	-1.4	0.030555
100	-1.3	0.031376
100	-1.2	0.031236
100	-1.1	0.032001
100	-1	0.034816
100	-0.9	0.042383
100	-0.8	0.04783
100	-0.7	0.054032
100	-0.6	0.056812
100	-0.5	0.058002
100	-0.4	0.05555
100	-0.3	0.049799
100	-0.2	0.039724
100	-0.1	0.035189
100	0	0.026959
100	0.1	0.022613
100	0.2	0.018168
100	0.3	0.016978
100	0.4	0.018666
100	0.5	0.023741
100	0.6	0.031329
100	0.7	0.037813
100	0.8	0.048346
100	0.9	0.053163
100	1	0.055676
100	1.1	0.058902
100	1.2	0.059594
100	1.3	0.05727
100	1.4	0.054676
100	1.5	0.049877
100	1.6	0.046464
100	1.7	0.042696
100	1.8	0.040163
100	1.9	0.039121
100	2	0.038675
100	2.1	0.038359
100	2.2	0.03654
100	2.3	0.034449
100	2.4	0.032933
100	2.5	0.03177
100	2.6	0.030299
100	2.7	0.028592
100	2.8	0.027414
100	2.9	0.025495
100	3	0.024041
100	3.1	0.020762
100	3.2	0.018723
100	3.3	0.014482
100	3.4	0.013063
100	3.5	0.013122
100	3.6	0.013149
100	3.7	0.013149
100	3.8	0.012738
100	3.9	0.012622
100	4	0.011767
110	-4	0.0059601
110	-3.9	0.0065344
110	-3.8	0.0077599
110	-3.7	0.0080623
110	-3.6	0.0081202
110	-3.5	0.0078613
110	-3.4	0.0074972
110	-3.3	0.0078737
110	-3.2	0.0099436
110	-3.1	0.011253
110	-3	0.012596
110	-2.9	0.013706
110	-2.8	0.013263
110	-2.7	0.012957
110	-2.6	0.014106
110	-2.5	0.017811
110	-2.4	0.019659
110	-2.3	0.023857
110	-2.2	0.026218
110	-2.1	0.02649
110	-2	0.025366
110	-1.9	0.02427
110	-1.8	0.024651
110	-1.7	0.025925
110	-1.6	0.027516
110	-1.5	0.029483
110	-1.4	0.030101
110	-1.3	0.030151
110	-1.2	0.03079
110	-1.1	0.03328
110	-1	0.036915
110	-0.9	0.044101
110	-0.8	0.050664
110	-0.7	0.05648
110	-0.6	0.058736
110	-0.5	0.05798
110	-0.4	0.0543
110	-0.3	0.049663
110	-0.2	0.0399
110	-0.1	0.03171
110	0	0.024896
110	0.1	0.021184
110	0.2	0.018156
110	0.3	0.016975
110	0.4	0.01902
110	0.5	0.023339
110	0.6	0.028564
110	0.7	0.037619
110	0.8	0.044346
110	0.9	0.051313
110	1	0.054545
110	1.1	0.056624
110	1.2	0.057071
110	1.3	0.054093
110	1.4	0.051095
110	1.5	0.049023
110	1.6	0.046058
110	1.7	0.043309
110	1.8	0.042098
110	1.9	0.03967
110	2	0.038583
110	2.1	0.037843
110	2.2	0.03603
110	2.3	0.034973
110	2.4	0.033385
110	2.5	0.032356
110	2.6	0.030335
110	2.7	0.027249
110	2.8	0.025868
110	2.9	0.024092
110	3	0.022566
110	3.1	0.020748
110	3.2	0.01801
110	3.3	0.015753
110	3.4	0.0145
110	3.5	0.012421
110	3.6	0.011674
110	3.7	0.010897
110	3.8	0.011206
110	3.9	0.011155
110	4	0.011309
120	-4	0.0058451
120	-3.9	0.0061074
120	-3.8	0.0075531
120	-3.7	0.0082857
120	-3.6	0.0084
120	-3.5	0.007714
120	-3.4	0.0072763
120	-3.3	0.0086203
120	-3.2	0.0098028
120	-3.1	0.01205
120	-3	0.013505
120	-2.9	0.013999
120	-2.8	0.013386
120	-2.7	0.012771
120	-2.6	0.013127
120	-2.5	0.016467
120	-2.4	0.020873
120	-2.3	0.026025
120	-2.2	0.028585
120	-2.1	0.028672
120	-2	0.027681
120	-1.9	0.024759
120	-1.8	0.02357
120	-1.7	0.02434
120	-1.6	0.027608
120	-1.5	0.029169
120	-1.4	0.030845
120	-1.3	0.030056
120	-1.2	0.029087
120	-1.1	0.030508
120	-1	0.032946
120	-0.9	0.042872
120	-0.8	0.05037
120	-0.7	0.056228
120	-0.6	0.059094
120	-0.5	0.059028
120	-0.4	0.05706
120	-0.3	0.048958
120	-0.2	0.042479
120	-0.1	0.032899
120	0	0.025806
120	0.1	0.019153
120	0.2	0.016098
120	0.3	0.016485
120	0.4	0.019021
120	0.5	0.022497
120	0.6	0.02696
120	0.7	0.035218
120	0.8	0.042571
120	0.9	0.050214
120	1	0.053805
120	1.1	0.056799
120	1.2	0.057947
120	1.3	0.056145
120	1.4	0.052895
120	1.5	0.04849
120	1.6	0.044028
120	1.7	0.03917
120	1.8	0.036327
120	1.9	0.034618
120	2	0.034462
120	2.1	0.034148
120	2.2	0.033448
120	2.3	0.032553
120	2.4	0.031154
120	2.5	0.029174
120	2.6	0.026192
120	2.7	0.023926
120	2.8	0.023193
120	2.9	0.022505
120	3	0.02175
120	3.1	0.02042
120	3.2	0.019423
120	3.3	0.01852
120	3.4	0.016935
120	3.5	0.013933
120	3.6	0.012691
120	3.7	0.011718
120	3.8	0.011597
120	3.9	0.011972
120	4	0.011128
130	-4	0.0058229
130	-3.9	0.0062253
130	-3.8	0.0081975
130	-3.7	0.010336
130	-3.6	0.0098291
130	-3.5	0.0086987
130	-3.4	0.0075766
130	-3.3	0.0070941
130	-3.2	0.0095167
130	-3.1	0.012119
130	-3	0.013874
130	-2.9	0.015735
130	-2.8	0.015458
130	-2.7	0.014544
130	-2.6	0.013647
130	-2.5	0.014908
130	-2.4	0.018823
130	-2.3	0.025369
130	-2.2	0.026484
130	-2.1	0.028476
130	-2	0.027842
130	-1.9	0.025582
130	-1.8	0.02424
130	-1.7	0.024808
130	-1.6	0.026789
130	-1.5	0.028885
130	-1.4	0.030546
130	-1.3	0.030653
130	-1.2	0.030773
130	-1.1	0.032082
130	-1	0.036766
130	-0.9	0.042252
130	-0.8	0.050364
130	-0.7	0.05603
130	-0.6	0.058947
130	-0.5	0.058414
130	-0.4	0.054958
130	-0.3	0.048554
130	-0.2	0.038748
130	-0.1	0.030068
130	0	0.02338
130	0.1	0.01778
130	0.2	0.014374
130	0.3	0.013924
130	0.4	0.014908
130	0.5	0.019459
130	0.6	0.026639
130	0.7	0.03585
130	0.8	0.044476
130	0.9	0.050461
130	1	0.054295
130	1.1	0.056116
130	1.2	0.055638
130	1.3	0.052617
130	1.4	0.049765
130	1.5	0.046264
130	1.6	0.043324
130	1.7	0.038217
130	1.8	0.035238
130	1.9	0.032981
130	2	0.03223
130	2.1	0.030467
130	2.2	0.029563
130	2.3	0.029809
130	2.4	0.029939
130	2.5	0.0288
130	2.6	0.025618
130	2.7	0.023429
130	2.8	0.021701
130	2.9	0.019864
130	3	0.018358
130	3.1	0.016559
130	3.2	0.015967
130	3.3	0.01497
130	3.4	0.013183
130	3.5	0.011316
130	3.6	0.010094
130	3.7	0.0094673
130	3.8	0.009554
130	3.9	0.0092881
130	4	0.0083634
140	-4	0.0051702
140	-3.9	0.0071395
140	-3.8	0.010191
140	-3.7	0.012833
140	-3.6	0.013103
140	-3.5	0.011373
140	-3.4	0.007935
140	-3.3	0.0057419
140	-3.2	0.0074692
140	-3.1	0.010818
140	-3	0.014404
140	-2.9	0.015348
140	-2.8	0.015205
140	-2.7	0.014259
140	-2.6	0.015171
140	-2.5	0.017817
140	-2.4	0.022239
140	-2.3	0.02697
140	-2.2	0.02952
140	-2.1	0.030297
140	-2	0.029427
140	-1.9	0.028529
140	-1.8	0.028058
140	-1.7	0.030211
140	-1.6	0.031676
140	-1.5	0.032894
140	-1.4	0.032133
140	-1.3	0.029634
140	-1.2	0.02895
140	-1.1	0.032109
140	-1	0.036093
140	-0.9	0.044202
140	-0.8	0.054015
140	-0.7	0.058043
140	-0.6	0.060091
140	-0.5	0.057958
140	-0.4	0.052589
140	-0.3	0.043947
140	-0.2	0.034721
140	-0.1	0.02559
140	0	0.020184
140	0.1	0.015745
140	0.2	0.013833
140	0.3	0.014201
140	0.4	0.016996
140	0.5	0.022497
140	0.6	0.030904
140	0.7	0.037845
140	0.8	0.044385
140	0.9	0.049862
140	1	0.053374
140	1.1	0.055682
140	1.2	0.054939
140	1.3	0.052828
140	1.4	0.049545
140	1.5	0.04646
140	1.6	0.044022
140	1.7	0.039554
140	1.8	0.036598
140	1.9	0.034309
140	2	0.032629
140	2.1	0.030855
140	2.2	0.029428
140	2.3	0.029493
140	2.4	0.030006
140	2.5	0.029432
140	2.6	0.027287
140	2.7	0.025717
140	2.8	0.023823
140	2.9	0.020536
140	3	0.017931
140	3.1	0.015786
140	3.2	0.014537
140	3.3	0.013993
140	3.4	0.013097
140	3.5	0.011558
140	3.6	0.010348
140	3.7	0.0095455
140	3.8	0.0083884
140	3.9	0.007225
140	4	0.0067581
150	-4	0.0088387
150	-3.9	0.0091531
150	-3.8	0.0088534
150	-3.7	0.0090179
150	-3.6	0.0084823
150	-3.5	0.0079309
150	-3.4	0.0077203
150	-3.3	0.0089351
150	-3.2	0.010141
150	-3.1	0.012341
150	-3	0.013209
150	-2.9	0.013678
150	-2.8	0.013921
150	-2.7	0.015024
150	-2.6	0.018075
150	-2.5	0.021435
150	-2.4	0.025065
150	-2.3	0.027176
150	-2.2	0.028342
150	-2.1	0.028879
150	-2	0.029235
150	-1.9	0.029769
150	-1.8	0.031406
150	-1.7	0.032421
150	-1.6	0.032833
150	-1.5	0.032185
150	-1.4	0.02972
150	-1.3	0.027516
150	-1.2	0.028477
150	-1.1	0.033101
150	-1	0.04186
150	-0.9	0.04952
150	-0.8	0.055067
150	-0.7	0.057446
150	-0.6	0.056876
150	-0.5	0.054481
150	-0.4	0.047621
150	-0.3	0.038683
150	-0.2	0.030275
150	-0.1	0.022006
150	0	0.017079
150	0.1	0.014508
150	0.2	0.013617
150	0.3	0.014484
150	0.4	0.017714
150	0.5	0.02235
150	0.6	0.02854
150	0.7	0.035443
150	0.8	0.041926
150	0.9	0.046143
150	1	0.049866
150	1.1	0.051851
150	1.2	0.051138
150	1.3	0.048953
150	1.4	0.04525
150	1.5	0.042671
150	1.6	0.038444
150	1.7	0.034281
150	1.8	0.033076
150	1.9	0.033149
150	2	0.033411
150	2.1	0.032393
150	2.2	0.03176
150	2.3	0.030878
150	2.4	0.029408
150	2.5	0.028045
150	2.6	0.026735
150	2.7	0.025929
150	2.8	0.02482
150	2.9	0.022452
150	3	0.019213
150	3.1	0.016752
150	3.2	0.014322
150	3.3	0.013176
150	3.4	0.012932
150	3.5	0.012573
150	3.6	0.011807
150	3.7	0.011432
150	3.8	0.0098127
150	3.9	0.0084994
150	4	0.0075424
160	-4	0.0054383
160	-3.9	0.0068837
160	-3.8	0.0097532
160	-3.7	0.011781
160	-3.6	0.012179
160	-3.5	0.010514
160	-3.4	0.0083942
160	-3.3	0.0069164
160	-3.2	0.0080603
160	-3.1	0.011196
160	-3	0.013607
160	-2.9	0.01384
160	-2.8	0.012996
160	-2.7	0.012866
160	-2.6	0.015447
160	-2.5	0.020206
160	-2.4	0.02441
160	-2.3	0.029524
160	-2.2	0.031124
160	-2.1	0.031027
160	-2	0.029235
160	-1.9	0.028616
160	-1.8	0.02965
160	-1.7	0.031112
160	-1.6	0.033386
160	-1.5	0.033658
160	-1.4	0.031266
160	-1.3	0.029084
160	-1.2	0.027812
160	-1.1	0.030446
160	-1	0.040995
160	-0.9	0.049359
160	-0.8	0.057035
160	-0.7	0.060468
160	-0.6	0.060462
160	-0.5	0.05449
160	-0.4	0.046848
160	-0.3	0.036954
160	-0.2	0.02869
160	-0.1	0.020254
160	0	0.01396
160	0.1	0.011813
160	0.2	0.011912
160	0.3	0.014875
160	0.4	0.017147
160	0.5	0.023594
160	0.6	0.033613
160	0.7	0.040213
160	0.8	0.045862
160	0.9	0.050656
160	1	0.0531
160	1.1	0.052948
160	1.2	0.051299
160	1.3	0.046984
160	1.4	0.044686
160	1.5	0.040706
160	1.6	0.03613
160	1.7	0.032122
160	1.8	0.029374
160	1.9	0.027987
160	2	0.028099
160	2.1	0.028075
160	2.2	0.027599
160	2.3	0.027508
160	2.4	0.026056
160	2.5	0.02443
160	2.6	0.021747
160	2.7	0.019933
160	2.8	0.018838
160	2.9	0.018224
160	3	0.017061
160	3.1	0.015849
160	3.2	0.014663
160	3.3	0.013171
160	3.4	0.011604
160	3.5	0.010517
160	3.6	0.0094912
160	3.7	0.0094622
160	3.8	0.0090161
160	3.9	0.0084956
160	4	0.0074345
170	-4	0.010558
170	-3.9	0.012079
170	-3.8	0.012205
170	-3.7	0.010049
170	-3.6	0.0085695
170	-3.5	0.0070781
170	-3.4	0.0083343
170	-3.3	0.011464
170	-3.2	0.013424
170	-3.1	0.013768
170	-3	0.013039
170	-2.9	0.011132
170	-2.8	0.011271
170	-2.7	0.015446
170	-2.6	0.020283
170	-2.5	0.024368
170	-2.4	0.028787
170	-2.3	0.029528
170	-2.2	0.028346
170	-2.1	0.026448
170	-2	0.026127
170	-1.9	0.028572
170	-1.8	0.031296
170	-1.7	0.033951
170	-1.6	0.034173
170	-1.5	0.032561
170	-1.4	0.028741
170	-1.3	0.024744
170	-1.2	0.026281
170	-1.1	0.032967
170	-1	0.042016
170	-0.9	0.054002
170	-0.8	0.058998
170	-0.7	0.060933
170	-0.6	0.05791
170	-0.5	0.052845
170	-0.4	0.042546
170	-0.3	0.03369
170	-0.2	0.023973
170	-0.1	0.015538
170	0	0.012544
170	0.1	0.011543
170	0.2	0.011936
170	0.3	0.01403
170	0.4	0.017695
170	0.5	0.02381
170	0.6	0.032989
170	0.7	0.039577
170	0.8	0.045685
170	0.9	0.048915
170	1	0.050165
170	1.1	0.049052
170	1.2	0.046672
170	1.3	0.042825
170	1.4	0.040004
170	1.5	0.03656
170	1.6	0.034262
170	1.7	0.030888
170	1.8	0.029799
170	1.9	0.028429
170	2	0.026861
170	2.1	0.02648
170	2.2	0.026545
170	2.3	0.027201
170	2.4	0.02716
170	2.5	0.025401
170	2.6	0.023735
170	2.7	0.021685
170	2.8	0.019941
170	2.9	0.018699
170	3	0.017355
170	3.1	0.016604
170	3.2	0.01573
170	3.3	0.014153
170	3.4	0.011849
170	3.5	0.0096415
170	3.6	0.0087671
170	3.7	0.009963
170	3.8	0.011018
170	3.9	0.010917
170	4	0.0098538
180	-4	0.0097565
180	-3.9	0.010839
180	-3.8	0.010677
180	-3.7	0.0097565
180	-3.6	0.0081698
180	-3.5	0.0073536
180	-3.4	0.0087708
180	-3.3	0.009976
180	-3.2	0.011018
180	-3.1	0.010528
180	-3	0.009783
180	-2.9	0.0098685
180	-2.8	0.011836
180	-2.7	0.016553
180	-2.6	0.021886
180	-2.5	0.025593
180	-2.4	0.027559
180	-2.3	0.027881
180	-2.2	0.027381
180	-2.1	0.027872
180	-2	0.03088
180	-1.9	0.033667
180	-1.8	0.036141
180	-1.7	0.036209
180	-1.6	0.033861
180	-1.5	0.029383
180	-1.4	0.024851
180	-1.3	0.024963
180	-1.2	0.028731
180	-1.1	0.038297
180	-1	0.047626
180	-0.9	0.056027
180	-0.8	0.058891
180	-0.7	0.058346
180	-0.6	0.054169
180	-0.5	0.048188
180	-0.4	0.040191
180	-0.3	0.028908
180	-0.2	0.021272
180	-0.1	0.015378
180	0	0.01209
180	0.1	0.011594
180	0.2	0.013098
180	0.3	0.016308
180	0.4	0.018875
180	0.5	0.026814
180	0.6	0.034088
180	0.7	0.038953
180	0.8	0.04408
180	0.9	0.047911
180	1	0.049853
180	1.1	0.048878
180	1.2	0.045785
180	1.3	0.043563
180	1.4	0.040777
180	1.5	0.035428
180	1.6	0.032811
180	1.7	0.029646
180	1.8	0.027997
180	1.9	0.027085
180	2	0.026295
180	2.1	0.025841
180	2.2	0.025776
180	2.3	0.025316
180	2.4	0.024856
180	2.5	0.023274
180	2.6	0.021724
180	2.7	0.020819
180	2.8	0.019693
180	2.9	0.018166
180	3	0.015875
180	3.1	0.013798
180	3.2	0.01177
180	3.3	0.00969
180	3.4	0.0075616
180	3.5	0.0071846
180	3.6	0.0073799
180	3.7	0.0077973
180	3.8	0.0083846
180	3.9	0.0076318
180	4	0.0069607
 
Uniformity Ratio =0.68998
