04-Jan-2018
8:45
TXR  007991 RM428 R24
33511B Function Generator
SN =Agilent Technologies,33511B,MY52301476,3.05-1.19-2.00-52-00
freq =+9.320000000000000E+06
burstmode =TRIG
burstN =+6.000000000000000E+01
voltage =+1.5000000000000E-01
 
DSO-X 2022A Oscilloscope
SN =AGILENT TECHNOLOGIES,DSO-X 2022A,MY54310921,02.41.2015102200
probe =+1.0000000E+00
scale =+500.0E-09
position =+19.900000E-06
range =+1.60E+00
units =VOLT
points =+2000
pointmode =NORM
format =BYTE
acqtype =NORM
trigsource =EXT
coupling =AC
 
-180	-4	0.0083518
-180	-3.9	0.010865
-180	-3.8	0.012138
-180	-3.7	0.012659
-180	-3.6	0.012148
-180	-3.5	0.0096113
-180	-3.4	0.0085374
-180	-3.3	0.0088424
-180	-3.2	0.010081
-180	-3.1	0.011924
-180	-3	0.012195
-180	-2.9	0.011502
-180	-2.8	0.010616
-180	-2.7	0.011873
-180	-2.6	0.016419
-180	-2.5	0.021968
-180	-2.4	0.027666
-180	-2.3	0.030559
-180	-2.2	0.032168
-180	-2.1	0.0325
-180	-2	0.032885
-180	-1.9	0.034686
-180	-1.8	0.035844
-180	-1.7	0.037582
-180	-1.6	0.037498
-180	-1.5	0.0358
-180	-1.4	0.031523
-180	-1.3	0.028181
-180	-1.2	0.029263
-180	-1.1	0.035428
-180	-1	0.047311
-180	-0.9	0.053168
-180	-0.8	0.061215
-180	-0.7	0.063288
-180	-0.6	0.060383
-180	-0.5	0.049114
-180	-0.4	0.042496
-180	-0.3	0.030387
-180	-0.2	0.020249
-180	-0.1	0.012711
-180	0	0.011018
-180	0.1	0.01234
-180	0.2	0.013366
-180	0.3	0.019089
-180	0.4	0.022981
-180	0.5	0.03313
-180	0.6	0.041372
-180	0.7	0.050198
-180	0.8	0.053662
-180	0.9	0.055412
-180	1	0.052887
-180	1.1	0.050083
-180	1.2	0.045898
-180	1.3	0.042796
-180	1.4	0.03769
-180	1.5	0.032699
-180	1.6	0.030367
-180	1.7	0.028256
-180	1.8	0.027082
-180	1.9	0.02637
-180	2	0.026008
-180	2.1	0.026678
-180	2.2	0.026987
-180	2.3	0.026545
-180	2.4	0.025188
-180	2.5	0.022875
-180	2.6	0.021287
-180	2.7	0.019602
-180	2.8	0.017538
-180	2.9	0.015354
-180	3	0.014902
-180	3.1	0.013489
-180	3.2	0.011148
-180	3.3	0.010227
-180	3.4	0.0090662
-180	3.5	0.009
-180	3.6	0.0098439
-180	3.7	0.010102
-180	3.8	0.010635
-180	3.9	0.010765
-180	4	0.010742
-170	-4	0.010353
-170	-3.9	0.012537
-170	-3.8	0.013111
-170	-3.7	0.012154
-170	-3.6	0.0097183
-170	-3.5	0.0072718
-170	-3.4	0.0075295
-170	-3.3	0.010039
-170	-3.2	0.011643
-170	-3.1	0.012116
-170	-3	0.010943
-170	-2.9	0.0085695
-170	-2.8	0.0082857
-170	-2.7	0.013514
-170	-2.6	0.018422
-170	-2.5	0.024221
-170	-2.4	0.028137
-170	-2.3	0.030403
-170	-2.2	0.030253
-170	-2.1	0.030451
-170	-2	0.031063
-170	-1.9	0.033461
-170	-1.8	0.036039
-170	-1.7	0.038448
-170	-1.6	0.037898
-170	-1.5	0.0343
-170	-1.4	0.027221
-170	-1.3	0.024331
-170	-1.2	0.028961
-170	-1.1	0.03501
-170	-1	0.047805
-170	-0.9	0.056137
-170	-0.8	0.060669
-170	-0.7	0.059647
-170	-0.6	0.054118
-170	-0.5	0.046093
-170	-0.4	0.034799
-170	-0.3	0.024617
-170	-0.2	0.014335
-170	-0.1	0.011434
-170	0	0.01104
-170	0.1	0.011765
-170	0.2	0.012854
-170	0.3	0.019632
-170	0.4	0.025597
-170	0.5	0.034974
-170	0.6	0.041199
-170	0.7	0.0476
-170	0.8	0.051609
-170	0.9	0.05463
-170	1	0.053822
-170	1.1	0.050451
-170	1.2	0.046054
-170	1.3	0.041139
-170	1.4	0.035936
-170	1.5	0.033375
-170	1.6	0.030504
-170	1.7	0.029819
-170	1.8	0.030283
-170	1.9	0.030533
-170	2	0.030624
-170	2.1	0.030053
-170	2.2	0.028479
-170	2.3	0.025472
-170	2.4	0.022345
-170	2.5	0.021071
-170	2.6	0.019594
-170	2.7	0.019296
-170	2.8	0.017763
-170	2.9	0.015806
-170	3	0.014146
-170	3.1	0.011434
-170	3.2	0.0082915
-170	3.3	0.0072896
-170	3.4	0.0083343
-170	3.5	0.010246
-170	3.6	0.011281
-170	3.7	0.01083
-170	3.8	0.0097615
-170	3.9	0.0086894
-170	4	0.0081202
-160	-4	0.0099045
-160	-3.9	0.0095591
-160	-3.8	0.0099028
-160	-3.7	0.0097482
-160	-3.6	0.0099663
-160	-3.5	0.0099305
-160	-3.4	0.0099549
-160	-3.3	0.01001
-160	-3.2	0.0099338
-160	-3.1	0.0095303
-160	-3	0.0092881
-160	-2.9	0.010196
-160	-2.8	0.011894
-160	-2.7	0.015332
-160	-2.6	0.018361
-160	-2.5	0.022984
-160	-2.4	0.02522
-160	-2.3	0.028117
-160	-2.2	0.031148
-160	-2.1	0.034576
-160	-2	0.036475
-160	-1.9	0.03818
-160	-1.8	0.038495
-160	-1.7	0.036524
-160	-1.6	0.033079
-160	-1.5	0.02825
-160	-1.4	0.025883
-160	-1.3	0.027983
-160	-1.2	0.031353
-160	-1.1	0.042562
-160	-1	0.046684
-160	-0.9	0.052835
-160	-0.8	0.054593
-160	-0.7	0.05276
-160	-0.6	0.046237
-160	-0.5	0.039756
-160	-0.4	0.029144
-160	-0.3	0.022779
-160	-0.2	0.015529
-160	-0.1	0.012791
-160	0	0.012179
-160	0.1	0.013153
-160	0.2	0.015058
-160	0.3	0.019516
-160	0.4	0.024375
-160	0.5	0.031677
-160	0.6	0.040602
-160	0.7	0.046211
-160	0.8	0.049497
-160	0.9	0.05075
-160	1	0.049278
-160	1.1	0.047141
-160	1.2	0.043211
-160	1.3	0.039022
-160	1.4	0.033746
-160	1.5	0.030633
-160	1.6	0.029904
-160	1.7	0.029788
-160	1.8	0.029863
-160	1.9	0.029864
-160	2	0.029851
-160	2.1	0.02927
-160	2.2	0.027829
-160	2.3	0.025482
-160	2.4	0.023659
-160	2.5	0.020983
-160	2.6	0.018868
-160	2.7	0.016248
-160	2.8	0.014286
-160	2.9	0.012431
-160	3	0.010345
-160	3.1	0.010126
-160	3.2	0.0097565
-160	3.3	0.00969
-160	3.4	0.010256
-160	3.5	0.0098423
-160	3.6	0.0091355
-160	3.7	0.0090197
-160	3.8	0.0090412
-160	3.9	0.0096583
-160	4	0.010121
-150	-4	0.013054
-150	-3.9	0.012939
-150	-3.8	0.010489
-150	-3.7	0.0086931
-150	-3.6	0.0072718
-150	-3.5	0.008373
-150	-3.4	0.010542
-150	-3.3	0.012294
-150	-3.2	0.012376
-150	-3.1	0.010715
-150	-3	0.0077014
-150	-2.9	0.008594
-150	-2.8	0.011299
-150	-2.7	0.017519
-150	-2.6	0.022678
-150	-2.5	0.02555
-150	-2.4	0.027441
-150	-2.3	0.029103
-150	-2.2	0.030112
-150	-2.1	0.032533
-150	-2	0.03442
-150	-1.9	0.036629
-150	-1.8	0.037185
-150	-1.7	0.036024
-150	-1.6	0.031444
-150	-1.5	0.027633
-150	-1.4	0.023717
-150	-1.3	0.025701
-150	-1.2	0.031809
-150	-1.1	0.042533
-150	-1	0.050342
-150	-0.9	0.052219
-150	-0.8	0.052889
-150	-0.7	0.050072
-150	-0.6	0.040739
-150	-0.5	0.036883
-150	-0.4	0.024408
-150	-0.3	0.019236
-150	-0.2	0.013125
-150	-0.1	0.010893
-150	0	0.011444
-150	0.1	0.013345
-150	0.2	0.017393
-150	0.3	0.024897
-150	0.4	0.030127
-150	0.5	0.038251
-150	0.6	0.044573
-150	0.7	0.046957
-150	0.8	0.050007
-150	0.9	0.050085
-150	1	0.047757
-150	1.1	0.045127
-150	1.2	0.042019
-150	1.3	0.039783
-150	1.4	0.035208
-150	1.5	0.03261
-150	1.6	0.030871
-150	1.7	0.029731
-150	1.8	0.029528
-150	1.9	0.029725
-150	2	0.029889
-150	2.1	0.029281
-150	2.2	0.027035
-150	2.3	0.024288
-150	2.4	0.021581
-150	2.5	0.017138
-150	2.6	0.014769
-150	2.7	0.011586
-150	2.8	0.010535
-150	2.9	0.010445
-150	3	0.0097217
-150	3.1	0.0094074
-150	3.2	0.0091355
-150	3.3	0.0084307
-150	3.4	0.0077558
-150	3.5	0.0075016
-150	3.6	0.0072071
-150	3.7	0.0072563
-150	3.8	0.0074388
-150	3.9	0.0080883
-150	4	0.0083324
-140	-4	0.011396
-140	-3.9	0.011754
-140	-3.8	0.011336
-140	-3.7	0.0098488
-140	-3.6	0.0086015
-140	-3.5	0.0081441
-140	-3.4	0.0084804
-140	-3.3	0.0097813
-140	-3.2	0.010074
-140	-3.1	0.0091478
-140	-3	0.0085165
-140	-2.9	0.0086633
-140	-2.8	0.012142
-140	-2.7	0.018287
-140	-2.6	0.023422
-140	-2.5	0.026195
-140	-2.4	0.027868
-140	-2.3	0.028833
-140	-2.2	0.0295
-140	-2.1	0.032255
-140	-2	0.034839
-140	-1.9	0.036189
-140	-1.8	0.037006
-140	-1.7	0.034122
-140	-1.6	0.030009
-140	-1.5	0.023538
-140	-1.4	0.021455
-140	-1.3	0.024415
-140	-1.2	0.031012
-140	-1.1	0.039283
-140	-1	0.047407
-140	-0.9	0.050817
-140	-0.8	0.051601
-140	-0.7	0.048234
-140	-0.6	0.043395
-140	-0.5	0.032
-140	-0.4	0.027467
-140	-0.3	0.017557
-140	-0.2	0.01371
-140	-0.1	0.012223
-140	0	0.013679
-140	0.1	0.015505
-140	0.2	0.020426
-140	0.3	0.025037
-140	0.4	0.035393
-140	0.5	0.038587
-140	0.6	0.044777
-140	0.7	0.047378
-140	0.8	0.048312
-140	0.9	0.047759
-140	1	0.045121
-140	1.1	0.041797
-140	1.2	0.03806
-140	1.3	0.033592
-140	1.4	0.030326
-140	1.5	0.028479
-140	1.6	0.027582
-140	1.7	0.027734
-140	1.8	0.027703
-140	1.9	0.02811
-140	2	0.027675
-140	2.1	0.026547
-140	2.2	0.02471
-140	2.3	0.023554
-140	2.4	0.02114
-140	2.5	0.018195
-140	2.6	0.016507
-140	2.7	0.014267
-140	2.8	0.013085
-140	2.9	0.012496
-140	3	0.010927
-140	3.1	0.010443
-140	3.2	0.010127
-140	3.3	0.0099143
-140	3.4	0.010181
-140	3.5	0.010742
-140	3.6	0.010826
-140	3.7	0.011596
-140	3.8	0.011457
-140	3.9	0.011065
-140	4	0.011046
-130	-4	0.013297
-130	-3.9	0.01355
-130	-3.8	0.012944
-130	-3.7	0.012019
-130	-3.6	0.01141
-130	-3.5	0.011268
-130	-3.4	0.011617
-130	-3.3	0.01121
-130	-3.2	0.010265
-130	-3.1	0.009385
-130	-3	0.0092846
-130	-2.9	0.012496
-130	-2.8	0.016853
-130	-2.7	0.020586
-130	-2.6	0.024422
-130	-2.5	0.026879
-130	-2.4	0.028964
-130	-2.3	0.031189
-130	-2.2	0.032854
-130	-2.1	0.034748
-130	-2	0.036397
-130	-1.9	0.037087
-130	-1.8	0.035691
-130	-1.7	0.033875
-130	-1.6	0.027905
-130	-1.5	0.023435
-130	-1.4	0.021746
-130	-1.3	0.02693
-130	-1.2	0.032008
-130	-1.1	0.039675
-130	-1	0.045491
-130	-0.9	0.049878
-130	-0.8	0.050687
-130	-0.7	0.046765
-130	-0.6	0.041485
-130	-0.5	0.034878
-130	-0.4	0.026597
-130	-0.3	0.020512
-130	-0.2	0.014888
-130	-0.1	0.012806
-130	0	0.012847
-130	0.1	0.014388
-130	0.2	0.018964
-130	0.3	0.025541
-130	0.4	0.033059
-130	0.5	0.041917
-130	0.6	0.046497
-130	0.7	0.051393
-130	0.8	0.052141
-130	0.9	0.050885
-130	1	0.047606
-130	1.1	0.042573
-130	1.2	0.039656
-130	1.3	0.035972
-130	1.4	0.0332
-130	1.5	0.032767
-130	1.6	0.033156
-130	1.7	0.033043
-130	1.8	0.032716
-130	1.9	0.030662
-130	2	0.028122
-130	2.1	0.026365
-130	2.2	0.02255
-130	2.3	0.020387
-130	2.4	0.018807
-130	2.5	0.016588
-130	2.6	0.014573
-130	2.7	0.013264
-130	2.8	0.010768
-130	2.9	0.0094758
-130	3	0.0084652
-130	3.1	0.0080462
-130	3.2	0.0083246
-130	3.3	0.0085469
-130	3.4	0.0088588
-130	3.5	0.0090179
-130	3.6	0.0093764
-130	3.7	0.0092637
-130	3.8	0.0093781
-130	3.9	0.0096967
-130	4	0.0095692
-120	-4	0.011597
-120	-3.9	0.011165
-120	-3.8	0.010771
-120	-3.7	0.0107
-120	-3.6	0.01065
-120	-3.5	0.010946
-120	-3.4	0.01006
-120	-3.3	0.0093228
-120	-3.2	0.0078901
-120	-3.1	0.0078798
-120	-3	0.0092794
-120	-2.9	0.012535
-120	-2.8	0.016007
-120	-2.7	0.018674
-120	-2.6	0.021959
-120	-2.5	0.023762
-120	-2.4	0.026793
-120	-2.3	0.031454
-120	-2.2	0.03517
-120	-2.1	0.038649
-120	-2	0.039168
-120	-1.9	0.039364
-120	-1.8	0.035943
-120	-1.7	0.031901
-120	-1.6	0.02621
-120	-1.5	0.021838
-120	-1.4	0.023265
-120	-1.3	0.030037
-120	-1.2	0.036691
-120	-1.1	0.043656
-120	-1	0.049094
-120	-0.9	0.049905
-120	-0.8	0.048424
-120	-0.7	0.044181
-120	-0.6	0.038503
-120	-0.5	0.032154
-120	-0.4	0.024439
-120	-0.3	0.0189
-120	-0.2	0.01591
-120	-0.1	0.01478
-120	0	0.015257
-120	0.1	0.017507
-120	0.2	0.022844
-120	0.3	0.027817
-120	0.4	0.034708
-120	0.5	0.040273
-120	0.6	0.044615
-120	0.7	0.048023
-120	0.8	0.048644
-120	0.9	0.047357
-120	1	0.045076
-120	1.1	0.042297
-120	1.2	0.036885
-120	1.3	0.033917
-120	1.4	0.032506
-120	1.5	0.032323
-120	1.6	0.032438
-120	1.7	0.033305
-120	1.8	0.032944
-120	1.9	0.031032
-120	2	0.030232
-120	2.1	0.027121
-120	2.2	0.024064
-120	2.3	0.022243
-120	2.4	0.02024
-120	2.5	0.018764
-120	2.6	0.016905
-120	2.7	0.014057
-120	2.8	0.012423
-120	2.9	0.010353
-120	3	0.0098357
-120	3.1	0.010563
-120	3.2	0.01144
-120	3.3	0.011585
-120	3.4	0.011635
-120	3.5	0.011031
-120	3.6	0.010329
-120	3.7	0.0099938
-120	3.8	0.010235
-120	3.9	0.010751
-120	4	0.011134
-110	-4	0.014717
-110	-3.9	0.013063
-110	-3.8	0.010555
-110	-3.7	0.0094468
-110	-3.6	0.010515
-110	-3.5	0.014098
-110	-3.4	0.014741
-110	-3.3	0.013878
-110	-3.2	0.010471
-110	-3.1	0.0074432
-110	-3	0.0088552
-110	-2.9	0.014903
-110	-2.8	0.02323
-110	-2.7	0.027341
-110	-2.6	0.028626
-110	-2.5	0.029334
-110	-2.4	0.029714
-110	-2.3	0.030899
-110	-2.2	0.033454
-110	-2.1	0.035773
-110	-2	0.039149
-110	-1.9	0.039383
-110	-1.8	0.036347
-110	-1.7	0.031062
-110	-1.6	0.023829
-110	-1.5	0.018773
-110	-1.4	0.021981
-110	-1.3	0.030666
-110	-1.2	0.040364
-110	-1.1	0.048364
-110	-1	0.052018
-110	-0.9	0.05353
-110	-0.8	0.050334
-110	-0.7	0.046646
-110	-0.6	0.041395
-110	-0.5	0.034655
-110	-0.4	0.026082
-110	-0.3	0.019135
-110	-0.2	0.016003
-110	-0.1	0.016112
-110	0	0.0174
-110	0.1	0.020833
-110	0.2	0.026162
-110	0.3	0.030712
-110	0.4	0.036793
-110	0.5	0.042267
-110	0.6	0.048527
-110	0.7	0.050204
-110	0.8	0.050338
-110	0.9	0.04777
-110	1	0.044569
-110	1.1	0.037056
-110	1.2	0.034766
-110	1.3	0.03033
-110	1.4	0.030701
-110	1.5	0.033121
-110	1.6	0.034539
-110	1.7	0.035069
-110	1.8	0.034041
-110	1.9	0.031251
-110	2	0.02838
-110	2.1	0.025741
-110	2.2	0.022655
-110	2.3	0.021321
-110	2.4	0.019854
-110	2.5	0.019097
-110	2.6	0.017017
-110	2.7	0.014826
-110	2.8	0.012376
-110	2.9	0.010427
-110	3	0.0097945
-110	3.1	0.010356
-110	3.2	0.011294
-110	3.3	0.011924
-110	3.4	0.011888
-110	3.5	0.01117
-110	3.6	0.010973
-110	3.7	0.01152
-110	3.8	0.011814
-110	3.9	0.011708
-110	4	0.011319
-100	-4	0.012734
-100	-3.9	0.010508
-100	-3.8	0.0095455
-100	-3.7	0.0097515
-100	-3.6	0.011118
-100	-3.5	0.012929
-100	-3.4	0.012508
-100	-3.3	0.01119
-100	-3.2	0.0080843
-100	-3.1	0.0064947
-100	-3	0.01009
-100	-2.9	0.012417
-100	-2.8	0.019808
-100	-2.7	0.022614
-100	-2.6	0.027262
-100	-2.5	0.028861
-100	-2.4	0.029544
-100	-2.3	0.033352
-100	-2.2	0.035565
-100	-2.1	0.038953
-100	-2	0.039946
-100	-1.9	0.038255
-100	-1.8	0.036799
-100	-1.7	0.030239
-100	-1.6	0.023772
-100	-1.5	0.022576
-100	-1.4	0.028887
-100	-1.3	0.036015
-100	-1.2	0.047165
-100	-1.1	0.050866
-100	-1	0.055333
-100	-0.9	0.054237
-100	-0.8	0.050315
-100	-0.7	0.044793
-100	-0.6	0.036659
-100	-0.5	0.029177
-100	-0.4	0.020803
-100	-0.3	0.017659
-100	-0.2	0.015546
-100	-0.1	0.016313
-100	0	0.017867
-100	0.1	0.023122
-100	0.2	0.027054
-100	0.3	0.035178
-100	0.4	0.042364
-100	0.5	0.045405
-100	0.6	0.047314
-100	0.7	0.048356
-100	0.8	0.046826
-100	0.9	0.044321
-100	1	0.041333
-100	1.1	0.038591
-100	1.2	0.036438
-100	1.3	0.035066
-100	1.4	0.0342
-100	1.5	0.033692
-100	1.6	0.033364
-100	1.7	0.033276
-100	1.8	0.032588
-100	1.9	0.031932
-100	2	0.030724
-100	2.1	0.027643
-100	2.2	0.025086
-100	2.3	0.023487
-100	2.4	0.020276
-100	2.5	0.017001
-100	2.6	0.014328
-100	2.7	0.013081
-100	2.8	0.012345
-100	2.9	0.011795
-100	3	0.011288
-100	3.1	0.011134
-100	3.2	0.011008
-100	3.3	0.011075
-100	3.4	0.011372
-100	3.5	0.011328
-100	3.6	0.011351
-100	3.7	0.011386
-100	3.8	0.010657
-100	3.9	0.00972
-100	4	0.0096884
-90	-4	0.014186
-90	-3.9	0.011954
-90	-3.8	0.010424
-90	-3.7	0.0099305
-90	-3.6	0.011043
-90	-3.5	0.012667
-90	-3.4	0.012758
-90	-3.3	0.0117
-90	-3.2	0.0088369
-90	-3.1	0.0068034
-90	-3	0.0083207
-90	-2.9	0.014383
-90	-2.8	0.019072
-90	-2.7	0.024884
-90	-2.6	0.027376
-90	-2.5	0.029892
-90	-2.4	0.031289
-90	-2.3	0.034271
-90	-2.2	0.037244
-90	-2.1	0.039123
-90	-2	0.04003
-90	-1.9	0.038311
-90	-1.8	0.03453
-90	-1.7	0.028304
-90	-1.6	0.023901
-90	-1.5	0.023984
-90	-1.4	0.032004
-90	-1.3	0.040724
-90	-1.2	0.048459
-90	-1.1	0.054015
-90	-1	0.057117
-90	-0.9	0.056259
-90	-0.8	0.053167
-90	-0.7	0.043584
-90	-0.6	0.038008
-90	-0.5	0.029004
-90	-0.4	0.025237
-90	-0.3	0.019221
-90	-0.2	0.017815
-90	-0.1	0.017035
-90	0	0.019257
-90	0.1	0.023659
-90	0.2	0.028894
-90	0.3	0.035756
-90	0.4	0.041013
-90	0.5	0.045528
-90	0.6	0.047227
-90	0.7	0.047936
-90	0.8	0.046007
-90	0.9	0.044565
-90	1	0.041758
-90	1.1	0.040786
-90	1.2	0.039023
-90	1.3	0.037585
-90	1.4	0.037408
-90	1.5	0.036718
-90	1.6	0.036495
-90	1.7	0.036273
-90	1.8	0.036392
-90	1.9	0.035761
-90	2	0.034328
-90	2.1	0.031485
-90	2.2	0.028815
-90	2.3	0.024461
-90	2.4	0.020833
-90	2.5	0.017084
-90	2.6	0.014841
-90	2.7	0.013827
-90	2.8	0.013636
-90	2.9	0.013758
-90	3	0.01363
-90	3.1	0.013182
-90	3.2	0.012427
-90	3.3	0.011637
-90	3.4	0.011769
-90	3.5	0.011083
-90	3.6	0.01115
-90	3.7	0.012183
-90	3.8	0.012311
-90	3.9	0.011924
-90	4	0.011223
-80	-4	0.015038
-80	-3.9	0.014805
-80	-3.8	0.014086
-80	-3.7	0.01264
-80	-3.6	0.011996
-80	-3.5	0.012142
-80	-3.4	0.011615
-80	-3.3	0.010786
-80	-3.2	0.0096566
-80	-3.1	0.0089025
-80	-3	0.0095337
-80	-2.9	0.015588
-80	-2.8	0.0194
-80	-2.7	0.022311
-80	-2.6	0.027919
-80	-2.5	0.030406
-80	-2.4	0.034791
-80	-2.3	0.03859
-80	-2.2	0.041147
-80	-2.1	0.042035
-80	-2	0.041241
-80	-1.9	0.038447
-80	-1.8	0.033133
-80	-1.7	0.029027
-80	-1.6	0.023404
-80	-1.5	0.02458
-80	-1.4	0.031068
-80	-1.3	0.039763
-80	-1.2	0.051446
-80	-1.1	0.055126
-80	-1	0.056922
-80	-0.9	0.056213
-80	-0.8	0.051264
-80	-0.7	0.044488
-80	-0.6	0.03793
-80	-0.5	0.029494
-80	-0.4	0.023508
-80	-0.3	0.017699
-80	-0.2	0.016442
-80	-0.1	0.016283
-80	0	0.017557
-80	0.1	0.022186
-80	0.2	0.029497
-80	0.3	0.037136
-80	0.4	0.043096
-80	0.5	0.047876
-80	0.6	0.049871
-80	0.7	0.050842
-80	0.8	0.04905
-80	0.9	0.045237
-80	1	0.041459
-80	1.1	0.037121
-80	1.2	0.035454
-80	1.3	0.035231
-80	1.4	0.036527
-80	1.5	0.037565
-80	1.6	0.038273
-80	1.7	0.037329
-80	1.8	0.035659
-80	1.9	0.032011
-80	2	0.028721
-80	2.1	0.025676
-80	2.2	0.023351
-80	2.3	0.02091
-80	2.4	0.019318
-80	2.5	0.016923
-80	2.6	0.015423
-80	2.7	0.012589
-80	2.8	0.011726
-80	2.9	0.011415
-80	3	0.012349
-80	3.1	0.012152
-80	3.2	0.012047
-80	3.3	0.011105
-80	3.4	0.010387
-80	3.5	0.010322
-80	3.6	0.010202
-80	3.7	0.010765
-80	3.8	0.011295
-80	3.9	0.010863
-80	4	0.010016
-70	-4	0.013963
-70	-3.9	0.01331
-70	-3.8	0.011916
-70	-3.7	0.012016
-70	-3.6	0.011808
-70	-3.5	0.012138
-70	-3.4	0.011072
-70	-3.3	0.0096012
-70	-3.2	0.0078695
-70	-3.1	0.0072205
-70	-3	0.010445
-70	-2.9	0.014763
-70	-2.8	0.020457
-70	-2.7	0.024509
-70	-2.6	0.028327
-70	-2.5	0.030111
-70	-2.4	0.032066
-70	-2.3	0.035105
-70	-2.2	0.038325
-70	-2.1	0.040591
-70	-2	0.040651
-70	-1.9	0.038217
-70	-1.8	0.034242
-70	-1.7	0.02698
-70	-1.6	0.023276
-70	-1.5	0.027086
-70	-1.4	0.033681
-70	-1.3	0.04733
-70	-1.2	0.052418
-70	-1.1	0.058397
-70	-1	0.060314
-70	-0.9	0.056895
-70	-0.8	0.050701
-70	-0.7	0.04625
-70	-0.6	0.036113
-70	-0.5	0.030331
-70	-0.4	0.023359
-70	-0.3	0.020155
-70	-0.2	0.017345
-70	-0.1	0.016471
-70	0	0.018543
-70	0.1	0.023045
-70	0.2	0.030838
-70	0.3	0.035312
-70	0.4	0.042436
-70	0.5	0.046435
-70	0.6	0.048082
-70	0.7	0.047892
-70	0.8	0.04665
-70	0.9	0.043376
-70	1	0.040286
-70	1.1	0.037773
-70	1.2	0.036634
-70	1.3	0.036049
-70	1.4	0.035758
-70	1.5	0.036781
-70	1.6	0.037342
-70	1.7	0.037205
-70	1.8	0.036025
-70	1.9	0.03341
-70	2	0.03088
-70	2.1	0.026695
-70	2.2	0.023693
-70	2.3	0.021818
-70	2.4	0.019498
-70	2.5	0.017269
-70	2.6	0.015519
-70	2.7	0.012531
-70	2.8	0.010561
-70	2.9	0.0098077
-70	3	0.0095421
-70	3.1	0.010138
-70	3.2	0.0109
-70	3.3	0.011356
-70	3.4	0.011258
-70	3.5	0.010492
-70	3.6	0.0091266
-70	3.7	0.0085714
-70	3.8	0.0086689
-70	3.9	0.0088497
-70	4	0.0082896
-60	-4	0.013282
-60	-3.9	0.013063
-60	-3.8	0.013161
-60	-3.7	0.013426
-60	-3.6	0.013734
-60	-3.5	0.013621
-60	-3.4	0.012001
-60	-3.3	0.011043
-60	-3.2	0.0081083
-60	-3.1	0.0077558
-60	-3	0.01197
-60	-2.9	0.014691
-60	-2.8	0.019361
-60	-2.7	0.02203
-60	-2.6	0.025204
-60	-2.5	0.028153
-60	-2.4	0.033762
-60	-2.3	0.037469
-60	-2.2	0.040851
-60	-2.1	0.042728
-60	-2	0.04219
-60	-1.9	0.038118
-60	-1.8	0.032811
-60	-1.7	0.026002
-60	-1.6	0.022733
-60	-1.5	0.027912
-60	-1.4	0.038485
-60	-1.3	0.045905
-60	-1.2	0.05617
-60	-1.1	0.058725
-60	-1	0.058162
-60	-0.9	0.055666
-60	-0.8	0.048382
-60	-0.7	0.037155
-60	-0.6	0.02887
-60	-0.5	0.024119
-60	-0.4	0.01845
-60	-0.3	0.016334
-60	-0.2	0.01501
-60	-0.1	0.015133
-60	0	0.019021
-60	0.1	0.025177
-60	0.2	0.031741
-60	0.3	0.038889
-60	0.4	0.042496
-60	0.5	0.045805
-60	0.6	0.046665
-60	0.7	0.045464
-60	0.8	0.042885
-60	0.9	0.040318
-60	1	0.038606
-60	1.1	0.036689
-60	1.2	0.036379
-60	1.3	0.035991
-60	1.4	0.035828
-60	1.5	0.035422
-60	1.6	0.035499
-60	1.7	0.035365
-60	1.8	0.034256
-60	1.9	0.032699
-60	2	0.030161
-60	2.1	0.027817
-60	2.2	0.024989
-60	2.3	0.021932
-60	2.4	0.017411
-60	2.5	0.015704
-60	2.6	0.013703
-60	2.7	0.012649
-60	2.8	0.011492
-60	2.9	0.010492
-60	3	0.010221
-60	3.1	0.010479
-60	3.2	0.011614
-60	3.3	0.011909
-60	3.4	0.013354
-60	3.5	0.013486
-60	3.6	0.013023
-60	3.7	0.012239
-60	3.8	0.010492
-60	3.9	0.0095743
-60	4	0.0081003
-50	-4	0.014233
-50	-3.9	0.011479
-50	-3.8	0.010211
-50	-3.7	0.012108
-50	-3.6	0.013948
-50	-3.5	0.014657
-50	-3.4	0.013275
-50	-3.3	0.008946
-50	-3.2	0.0063053
-50	-3.1	0.0081341
-50	-3	0.012688
-50	-2.9	0.018376
-50	-2.8	0.02217
-50	-2.7	0.02467
-50	-2.6	0.026301
-50	-2.5	0.028868
-50	-2.4	0.031631
-50	-2.3	0.036222
-50	-2.2	0.039542
-50	-2.1	0.042344
-50	-2	0.041731
-50	-1.9	0.03726
-50	-1.8	0.025948
-50	-1.7	0.021315
-50	-1.6	0.01954
-50	-1.5	0.027562
-50	-1.4	0.03621
-50	-1.3	0.049765
-50	-1.2	0.05511
-50	-1.1	0.058393
-50	-1	0.058332
-50	-0.9	0.052087
-50	-0.8	0.045714
-50	-0.7	0.038267
-50	-0.6	0.031113
-50	-0.5	0.024897
-50	-0.4	0.019281
-50	-0.3	0.017634
-50	-0.2	0.016511
-50	-0.1	0.016994
-50	0	0.019266
-50	0.1	0.023686
-50	0.2	0.02788
-50	0.3	0.034142
-50	0.4	0.039694
-50	0.5	0.042121
-50	0.6	0.044263
-50	0.7	0.043898
-50	0.8	0.041649
-50	0.9	0.037701
-50	1	0.033697
-50	1.1	0.030328
-50	1.2	0.029007
-50	1.3	0.029609
-50	1.4	0.030971
-50	1.5	0.033293
-50	1.6	0.03485
-50	1.7	0.034333
-50	1.8	0.032387
-50	1.9	0.029624
-50	2	0.026974
-50	2.1	0.023984
-50	2.2	0.02179
-50	2.3	0.020845
-50	2.4	0.019541
-50	2.5	0.019034
-50	2.6	0.015995
-50	2.7	0.013493
-50	2.8	0.011246
-50	2.9	0.010232
-50	3	0.010421
-50	3.1	0.012479
-50	3.2	0.013272
-50	3.3	0.013033
-50	3.4	0.012142
-50	3.5	0.011242
-50	3.6	0.010379
-50	3.7	0.010482
-50	3.8	0.01035
-50	3.9	0.010271
-50	4	0.010232
-40	-4	0.013826
-40	-3.9	0.011955
-40	-3.8	0.011482
-40	-3.7	0.011898
-40	-3.6	0.013275
-40	-3.5	0.013684
-40	-3.4	0.012845
-40	-3.3	0.011608
-40	-3.2	0.0074062
-40	-3.1	0.0077056
-40	-3	0.011259
-40	-2.9	0.01563
-40	-2.8	0.022778
-40	-2.7	0.02664
-40	-2.6	0.02829
-40	-2.5	0.031191
-40	-2.4	0.033649
-40	-2.3	0.036324
-40	-2.2	0.038584
-40	-2.1	0.040005
-40	-2	0.039344
-40	-1.9	0.034194
-40	-1.8	0.0264
-40	-1.7	0.018718
-40	-1.6	0.017914
-40	-1.5	0.027351
-40	-1.4	0.037312
-40	-1.3	0.044704
-40	-1.2	0.053159
-40	-1.1	0.055617
-40	-1	0.054124
-40	-0.9	0.049195
-40	-0.8	0.043596
-40	-0.7	0.034112
-40	-0.6	0.027062
-40	-0.5	0.023748
-40	-0.4	0.019544
-40	-0.3	0.016891
-40	-0.2	0.014781
-40	-0.1	0.013623
-40	0	0.018066
-40	0.1	0.0229
-40	0.2	0.028087
-40	0.3	0.035054
-40	0.4	0.040323
-40	0.5	0.043221
-40	0.6	0.043597
-40	0.7	0.041966
-40	0.8	0.039573
-40	0.9	0.037711
-40	1	0.033352
-40	1.1	0.031528
-40	1.2	0.030389
-40	1.3	0.031048
-40	1.4	0.031732
-40	1.5	0.03297
-40	1.6	0.033184
-40	1.7	0.032844
-40	1.8	0.031608
-40	1.9	0.029371
-40	2	0.027419
-40	2.1	0.024755
-40	2.2	0.02246
-40	2.3	0.019127
-40	2.4	0.01693
-40	2.5	0.014681
-40	2.6	0.012199
-40	2.7	0.011464
-40	2.8	0.011474
-40	2.9	0.011732
-40	3	0.011315
-40	3.1	0.010674
-40	3.2	0.010154
-40	3.3	0.0089188
-40	3.4	0.0088003
-40	3.5	0.0090982
-40	3.6	0.0098275
-40	3.7	0.010285
-40	3.8	0.010508
-40	3.9	0.0094365
-40	4	0.0084326
-30	-4	0.012465
-30	-3.9	0.010329
-30	-3.8	0.0089928
-30	-3.7	0.010148
-30	-3.6	0.012166
-30	-3.5	0.013734
-30	-3.4	0.013207
-30	-3.3	0.010949
-30	-3.2	0.008225
-30	-3.1	0.0064622
-30	-3	0.011213
-30	-2.9	0.017564
-30	-2.8	0.022828
-30	-2.7	0.024941
-30	-2.6	0.026382
-30	-2.5	0.027718
-30	-2.4	0.029765
-30	-2.3	0.032285
-30	-2.2	0.03787
-30	-2.1	0.039529
-30	-2	0.038967
-30	-1.9	0.035552
-30	-1.8	0.026525
-30	-1.7	0.019898
-30	-1.6	0.017866
-30	-1.5	0.021757
-30	-1.4	0.030819
-30	-1.3	0.043949
-30	-1.2	0.050984
-30	-1.1	0.0565
-30	-1	0.056017
-30	-0.9	0.052221
-30	-0.8	0.044695
-30	-0.7	0.03697
-30	-0.6	0.030884
-30	-0.5	0.023413
-30	-0.4	0.020635
-30	-0.3	0.018693
-30	-0.2	0.015908
-30	-0.1	0.015192
-30	0	0.017948
-30	0.1	0.023178
-30	0.2	0.03044
-30	0.3	0.033136
-30	0.4	0.039508
-30	0.5	0.041138
-30	0.6	0.040783
-30	0.7	0.039838
-30	0.8	0.037785
-30	0.9	0.035994
-30	1	0.03349
-30	1.1	0.032128
-30	1.2	0.031461
-30	1.3	0.030155
-30	1.4	0.029843
-30	1.5	0.029719
-30	1.6	0.03065
-30	1.7	0.03084
-30	1.8	0.030707
-30	1.9	0.029131
-30	2	0.027597
-30	2.1	0.024
-30	2.2	0.020343
-30	2.3	0.015456
-30	2.4	0.013681
-30	2.5	0.011676
-30	2.6	0.010392
-30	2.7	0.0097664
-30	2.8	0.0094741
-30	2.9	0.0097598
-30	3	0.010304
-30	3.1	0.010145
-30	3.2	0.0099077
-30	3.3	0.0089802
-30	3.4	0.0087653
-30	3.5	0.0080402
-30	3.6	0.008016
-30	3.7	0.0079553
-30	3.8	0.0087874
-30	3.9	0.0092724
-30	4	0.0095116
-20	-4	0.013118
-20	-3.9	0.011067
-20	-3.8	0.01042
-20	-3.7	0.0097978
-20	-3.6	0.010251
-20	-3.5	0.010468
-20	-3.4	0.010401
-20	-3.3	0.0071756
-20	-3.2	0.0064947
-20	-3.1	0.0085846
-20	-3	0.013655
-20	-2.9	0.016001
-20	-2.8	0.019408
-20	-2.7	0.022703
-20	-2.6	0.025548
-20	-2.5	0.02826
-20	-2.4	0.031987
-20	-2.3	0.033978
-20	-2.2	0.037111
-20	-2.1	0.038163
-20	-2	0.037368
-20	-1.9	0.033967
-20	-1.8	0.027253
-20	-1.7	0.02069
-20	-1.6	0.016408
-20	-1.5	0.019555
-20	-1.4	0.029405
-20	-1.3	0.039247
-20	-1.2	0.047747
-20	-1.1	0.053707
-20	-1	0.053619
-20	-0.9	0.050703
-20	-0.8	0.043966
-20	-0.7	0.036651
-20	-0.6	0.029584
-20	-0.5	0.022194
-20	-0.4	0.018896
-20	-0.3	0.016181
-20	-0.2	0.013773
-20	-0.1	0.01367
-20	0	0.016599
-20	0.1	0.019772
-20	0.2	0.025312
-20	0.3	0.03092
-20	0.4	0.035994
-20	0.5	0.03976
-20	0.6	0.041213
-20	0.7	0.04126
-20	0.8	0.040345
-20	0.9	0.036672
-20	1	0.031999
-20	1.1	0.03012
-20	1.2	0.027966
-20	1.3	0.027647
-20	1.4	0.028634
-20	1.5	0.029572
-20	1.6	0.030773
-20	1.7	0.031016
-20	1.8	0.02896
-20	1.9	0.027021
-20	2	0.0249
-20	2.1	0.021602
-20	2.2	0.019799
-20	2.3	0.017893
-20	2.4	0.017031
-20	2.5	0.015977
-20	2.6	0.014671
-20	2.7	0.012541
-20	2.8	0.0106
-20	2.9	0.010156
-20	3	0.010613
-20	3.1	0.011721
-20	3.2	0.01209
-20	3.3	0.011972
-20	3.4	0.01186
-20	3.5	0.010914
-20	3.6	0.0096214
-20	3.7	0.0091884
-20	3.8	0.0088588
-20	3.9	0.0091584
-20	4	0.0092095
-10	-4	0.01414
-10	-3.9	0.012843
-10	-3.8	0.011125
-10	-3.7	0.01037
-10	-3.6	0.011123
-10	-3.5	0.011441
-10	-3.4	0.010645
-10	-3.3	0.0079857
-10	-3.2	0.0069746
-10	-3.1	0.0079776
-10	-3	0.011589
-10	-2.9	0.016196
-10	-2.8	0.020026
-10	-2.7	0.025342
-10	-2.6	0.027242
-10	-2.5	0.02896
-10	-2.4	0.030663
-10	-2.3	0.032709
-10	-2.2	0.034229
-10	-2.1	0.036888
-10	-2	0.037491
-10	-1.9	0.034476
-10	-1.8	0.030945
-10	-1.7	0.021813
-10	-1.6	0.015038
-10	-1.5	0.01778
-10	-1.4	0.027527
-10	-1.3	0.03822
-10	-1.2	0.048924
-10	-1.1	0.054534
-10	-1	0.05667
-10	-0.9	0.054132
-10	-0.8	0.05039
-10	-0.7	0.041655
-10	-0.6	0.033444
-10	-0.5	0.023691
-10	-0.4	0.020529
-10	-0.3	0.015182
-10	-0.2	0.01327
-10	-0.1	0.012493
-10	0	0.014356
-10	0.1	0.020351
-10	0.2	0.025441
-10	0.3	0.030273
-10	0.4	0.038399
-10	0.5	0.043621
-10	0.6	0.045811
-10	0.7	0.045374
-10	0.8	0.04266
-10	0.9	0.039491
-10	1	0.032884
-10	1.1	0.028183
-10	1.2	0.026766
-10	1.3	0.026373
-10	1.4	0.026932
-10	1.5	0.028134
-10	1.6	0.028863
-10	1.7	0.028493
-10	1.8	0.027432
-10	1.9	0.025362
-10	2	0.022787
-10	2.1	0.02022
-10	2.2	0.018494
-10	2.3	0.017081
-10	2.4	0.015598
-10	2.5	0.015019
-10	2.6	0.013164
-10	2.7	0.011457
-10	2.8	0.010029
-10	2.9	0.00878
-10	3	0.0090876
-10	3.1	0.0099322
-10	3.2	0.010045
-10	3.3	0.0098734
-10	3.4	0.0095438
-10	3.5	0.0083459
-10	3.6	0.0080422
-10	3.7	0.0083846
-10	3.8	0.008225
-10	3.9	0.008545
-10	4	0.0083827
0	-4	0.012852
0	-3.9	0.012496
0	-3.8	0.011484
0	-3.7	0.008946
0	-3.6	0.0082388
0	-3.5	0.0074171
0	-3.4	0.0079023
0	-3.3	0.007937
0	-3.2	0.0075252
0	-3.1	0.0073161
0	-3	0.0091567
0	-2.9	0.013355
0	-2.8	0.017896
0	-2.7	0.022186
0	-2.6	0.02687
0	-2.5	0.030001
0	-2.4	0.031583
0	-2.3	0.032661
0	-2.2	0.033752
0	-2.1	0.033852
0	-2	0.033778
0	-1.9	0.032744
0	-1.8	0.030963
0	-1.7	0.026248
0	-1.6	0.020573
0	-1.5	0.018752
0	-1.4	0.023702
0	-1.3	0.034697
0	-1.2	0.044653
0	-1.1	0.051773
0	-1	0.055109
0	-0.9	0.055801
0	-0.8	0.052528
0	-0.7	0.044968
0	-0.6	0.036658
0	-0.5	0.029436
0	-0.4	0.023801
0	-0.3	0.019311
0	-0.2	0.01708
0	-0.1	0.013621
0	0	0.012771
0	0.1	0.015903
0	0.2	0.022026
0	0.3	0.030084
0	0.4	0.039694
0	0.5	0.045066
0	0.6	0.048258
0	0.7	0.048189
0	0.8	0.04501
0	0.9	0.042476
0	1	0.040527
0	1.1	0.035504
0	1.2	0.033637
0	1.3	0.033158
0	1.4	0.033081
0	1.5	0.033356
0	1.6	0.033272
0	1.7	0.031791
0	1.8	0.029551
0	1.9	0.028306
0	2	0.025
0	2.1	0.021101
0	2.2	0.018479
0	2.3	0.016916
0	2.4	0.01434
0	2.5	0.013086
0	2.6	0.011176
0	2.7	0.0096817
0	2.8	0.0084594
0	2.9	0.0083324
0	3	0.0091884
0	3.1	0.0097764
0	3.2	0.0093678
0	3.3	0.0084899
0	3.4	0.0070024
0	3.5	0.0063766
0	3.6	0.0060888
0	3.7	0.0059138
0	3.8	0.0063512
0	3.9	0.0061232
0	4	0.0060994
10	-4	0.014335
10	-3.9	0.013172
10	-3.8	0.011825
10	-3.7	0.010757
10	-3.6	0.011769
10	-3.5	0.012829
10	-3.4	0.013162
10	-3.3	0.011555
10	-3.2	0.0091266
10	-3.1	0.0071824
10	-3	0.0116
10	-2.9	0.017738
10	-2.8	0.021775
10	-2.7	0.026686
10	-2.6	0.028579
10	-2.5	0.030088
10	-2.4	0.031796
10	-2.3	0.033736
10	-2.2	0.037529
10	-2.1	0.039407
10	-2	0.040979
10	-1.9	0.03934
10	-1.8	0.036177
10	-1.7	0.029225
10	-1.6	0.018143
10	-1.5	0.015329
10	-1.4	0.023455
10	-1.3	0.035753
10	-1.2	0.045988
10	-1.1	0.053178
10	-1	0.055837
10	-0.9	0.054561
10	-0.8	0.050647
10	-0.7	0.044239
10	-0.6	0.034728
10	-0.5	0.027426
10	-0.4	0.022095
10	-0.3	0.017723
10	-0.2	0.015155
10	-0.1	0.014965
10	0	0.016237
10	0.1	0.021315
10	0.2	0.026634
10	0.3	0.033201
10	0.4	0.039046
10	0.5	0.043383
10	0.6	0.045545
10	0.7	0.045135
10	0.8	0.043223
10	0.9	0.039964
10	1	0.035566
10	1.1	0.031475
10	1.2	0.028875
10	1.3	0.027945
10	1.4	0.028224
10	1.5	0.029575
10	1.6	0.030542
10	1.7	0.030307
10	1.8	0.029395
10	1.9	0.02739
10	2	0.024557
10	2.1	0.02157
10	2.2	0.020219
10	2.3	0.019011
10	2.4	0.018724
10	2.5	0.01772
10	2.6	0.016616
10	2.7	0.014944
10	2.8	0.012982
10	2.9	0.01081
10	3	0.010575
10	3.1	0.010928
10	3.2	0.011538
10	3.3	0.011334
10	3.4	0.011781
10	3.5	0.011498
10	3.6	0.01153
10	3.7	0.011064
10	3.8	0.011029
10	3.9	0.011058
10	4	0.010435
20	-4	0.012483
20	-3.9	0.012004
20	-3.8	0.0097084
20	-3.7	0.0083614
20	-3.6	0.0084899
20	-3.5	0.0091796
20	-3.4	0.010881
20	-3.3	0.011154
20	-3.2	0.0093298
20	-3.1	0.007888
20	-3	0.0079431
20	-2.9	0.01281
20	-2.8	0.018265
20	-2.7	0.022779
20	-2.6	0.026762
20	-2.5	0.028352
20	-2.4	0.030848
20	-2.3	0.03231
20	-2.2	0.035151
20	-2.1	0.0378
20	-2	0.039371
20	-1.9	0.040408
20	-1.8	0.039162
20	-1.7	0.034313
20	-1.6	0.02603
20	-1.5	0.019547
20	-1.4	0.022158
20	-1.3	0.028759
20	-1.2	0.040312
20	-1.1	0.051452
20	-1	0.058105
20	-0.9	0.060485
20	-0.8	0.05814
20	-0.7	0.051133
20	-0.6	0.043325
20	-0.5	0.0381
20	-0.4	0.025362
20	-0.3	0.02144
20	-0.2	0.018258
20	-0.1	0.016718
20	0	0.016251
20	0.1	0.019855
20	0.2	0.026572
20	0.3	0.032645
20	0.4	0.04151
20	0.5	0.04767
20	0.6	0.050269
20	0.7	0.050742
20	0.8	0.050019
20	0.9	0.047589
20	1	0.043332
20	1.1	0.039878
20	1.2	0.037257
20	1.3	0.035458
20	1.4	0.034574
20	1.5	0.033809
20	1.6	0.033176
20	1.7	0.031969
20	1.8	0.030405
20	1.9	0.028497
20	2	0.026344
20	2.1	0.024877
20	2.2	0.022315
20	2.3	0.019421
20	2.4	0.017424
20	2.5	0.014365
20	2.6	0.012762
20	2.7	0.011375
20	2.8	0.010583
20	2.9	0.010626
20	3	0.010623
20	3.1	0.010525
20	3.2	0.0097
20	3.3	0.0086184
20	3.4	0.0075509
20	3.5	0.0081797
20	3.6	0.0086053
20	3.7	0.0089766
20	3.8	0.0092933
20	3.9	0.0092252
20	4	0.0084766
30	-4	0.013578
30	-3.9	0.012569
30	-3.8	0.010865
30	-3.7	0.009302
30	-3.6	0.0087616
30	-3.5	0.010546
30	-3.4	0.012419
30	-3.3	0.01232
30	-3.2	0.010903
30	-3.1	0.008313
30	-3	0.008156
30	-2.9	0.01093
30	-2.8	0.016488
30	-2.7	0.021997
30	-2.6	0.024151
30	-2.5	0.027894
30	-2.4	0.030156
30	-2.3	0.03352
30	-2.2	0.038963
30	-2.1	0.04185
30	-2	0.044134
30	-1.9	0.044831
30	-1.8	0.042156
30	-1.7	0.037071
30	-1.6	0.028775
30	-1.5	0.023173
30	-1.4	0.022482
30	-1.3	0.031669
30	-1.2	0.041249
30	-1.1	0.050439
30	-1	0.056536
30	-0.9	0.057872
30	-0.8	0.055963
30	-0.7	0.050285
30	-0.6	0.043694
30	-0.5	0.035421
30	-0.4	0.027345
30	-0.3	0.022942
30	-0.2	0.019511
30	-0.1	0.018053
30	0	0.017594
30	0.1	0.020156
30	0.2	0.025634
30	0.3	0.030221
30	0.4	0.035127
30	0.5	0.041646
30	0.6	0.046134
30	0.7	0.047682
30	0.8	0.048
30	0.9	0.046663
30	1	0.044487
30	1.1	0.042453
30	1.2	0.039927
30	1.3	0.038452
30	1.4	0.037255
30	1.5	0.035626
30	1.6	0.03471
30	1.7	0.034207
30	1.8	0.034149
30	1.9	0.034152
30	2	0.032905
30	2.1	0.031717
30	2.2	0.030634
30	2.3	0.027379
30	2.4	0.023809
30	2.5	0.019143
30	2.6	0.017158
30	2.7	0.01498
30	2.8	0.014453
30	2.9	0.014558
30	3	0.015119
30	3.1	0.015116
30	3.2	0.014215
30	3.3	0.012664
30	3.4	0.010977
30	3.5	0.010543
30	3.6	0.010343
30	3.7	0.011554
30	3.8	0.01166
30	3.9	0.012033
30	4	0.011841
40	-4	0.013297
40	-3.9	0.014076
40	-3.8	0.012662
40	-3.7	0.011276
40	-3.6	0.0092567
40	-3.5	0.0088333
40	-3.4	0.010639
40	-3.3	0.012289
40	-3.2	0.012894
40	-3.1	0.010888
40	-3	0.0082915
40	-2.9	0.0093141
40	-2.8	0.012316
40	-2.7	0.020313
40	-2.6	0.026011
40	-2.5	0.029178
40	-2.4	0.032419
40	-2.3	0.034582
40	-2.2	0.036498
40	-2.1	0.040434
40	-2	0.042517
40	-1.9	0.044231
40	-1.8	0.044136
40	-1.7	0.041617
40	-1.6	0.036859
40	-1.5	0.030518
40	-1.4	0.026367
40	-1.3	0.03098
40	-1.2	0.039476
40	-1.1	0.048829
40	-1	0.057841
40	-0.9	0.061903
40	-0.8	0.061014
40	-0.7	0.056691
40	-0.6	0.051083
40	-0.5	0.042346
40	-0.4	0.035248
40	-0.3	0.026907
40	-0.2	0.022852
40	-0.1	0.019043
40	0	0.01901
40	0.1	0.019831
40	0.2	0.025268
40	0.3	0.031212
40	0.4	0.037812
40	0.5	0.046866
40	0.6	0.051667
40	0.7	0.052613
40	0.8	0.053266
40	0.9	0.050359
40	1	0.048999
40	1.1	0.044802
40	1.2	0.041151
40	1.3	0.037936
40	1.4	0.035344
40	1.5	0.034789
40	1.6	0.032872
40	1.7	0.032641
40	1.8	0.032254
40	1.9	0.030994
40	2	0.03024
40	2.1	0.027453
40	2.2	0.024779
40	2.3	0.023511
40	2.4	0.020431
40	2.5	0.01804
40	2.6	0.016719
40	2.7	0.015606
40	2.8	0.013315
40	2.9	0.011281
40	3	0.010188
40	3.1	0.0095404
40	3.2	0.0093557
40	3.3	0.010438
40	3.4	0.01102
40	3.5	0.011135
40	3.6	0.010868
40	3.7	0.010252
40	3.8	0.0092619
40	3.9	0.0084747
40	4	0.0085032
50	-4	0.012677
50	-3.9	0.013269
50	-3.8	0.012346
50	-3.7	0.011309
50	-3.6	0.010618
50	-3.5	0.011178
50	-3.4	0.012678
50	-3.3	0.01346
50	-3.2	0.013049
50	-3.1	0.011463
50	-3	0.0093609
50	-2.9	0.0094878
50	-2.8	0.014075
50	-2.7	0.019885
50	-2.6	0.026371
50	-2.5	0.029411
50	-2.4	0.031687
50	-2.3	0.033312
50	-2.2	0.035856
50	-2.1	0.038316
50	-2	0.042433
50	-1.9	0.045418
50	-1.8	0.046667
50	-1.7	0.044375
50	-1.6	0.040406
50	-1.5	0.030782
50	-1.4	0.025965
50	-1.3	0.02734
50	-1.2	0.032442
50	-1.1	0.048813
50	-1	0.058312
50	-0.9	0.060547
50	-0.8	0.063406
50	-0.7	0.06035
50	-0.6	0.053372
50	-0.5	0.046407
50	-0.4	0.035704
50	-0.3	0.028409
50	-0.2	0.023377
50	-0.1	0.01854
50	0	0.017435
50	0.1	0.018084
50	0.2	0.023364
50	0.3	0.029773
50	0.4	0.036605
50	0.5	0.042261
50	0.6	0.048718
50	0.7	0.052584
50	0.8	0.054741
50	0.9	0.054255
50	1	0.051224
50	1.1	0.047715
50	1.2	0.045294
50	1.3	0.041232
50	1.4	0.038319
50	1.5	0.03684
50	1.6	0.035383
50	1.7	0.035006
50	1.8	0.035016
50	1.9	0.034254
50	2	0.033296
50	2.1	0.030852
50	2.2	0.02841
50	2.3	0.024804
50	2.4	0.022231
50	2.5	0.020107
50	2.6	0.018683
50	2.7	0.016734
50	2.8	0.015511
50	2.9	0.013074
50	3	0.011074
50	3.1	0.010078
50	3.2	0.0092776
50	3.3	0.011096
50	3.4	0.012239
50	3.5	0.013101
50	3.6	0.013059
50	3.7	0.012603
50	3.8	0.010506
50	3.9	0.0095387
50	4	0.0088442
60	-4	0.012269
60	-3.9	0.013182
60	-3.8	0.013181
60	-3.7	0.011643
60	-3.6	0.010387
60	-3.5	0.010534
60	-3.4	0.011306
60	-3.3	0.01186
60	-3.2	0.012258
60	-3.1	0.010826
60	-3	0.010632
60	-2.9	0.010933
60	-2.8	0.012993
60	-2.7	0.018786
60	-2.6	0.023853
60	-2.5	0.027418
60	-2.4	0.028754
60	-2.3	0.030583
60	-2.2	0.033263
60	-2.1	0.03535
60	-2	0.041279
60	-1.9	0.043842
60	-1.8	0.045453
60	-1.7	0.044774
60	-1.6	0.039221
60	-1.5	0.035494
60	-1.4	0.027356
60	-1.3	0.027892
60	-1.2	0.035801
60	-1.1	0.04125
60	-1	0.055768
60	-0.9	0.061442
60	-0.8	0.064183
60	-0.7	0.063781
60	-0.6	0.056391
60	-0.5	0.05119
60	-0.4	0.037499
60	-0.3	0.031195
60	-0.2	0.025071
60	-0.1	0.021273
60	0	0.019394
60	0.1	0.020003
60	0.2	0.022836
60	0.3	0.027276
60	0.4	0.034926
60	0.5	0.041353
60	0.6	0.046037
60	0.7	0.051515
60	0.8	0.052998
60	0.9	0.051734
60	1	0.05053
60	1.1	0.047314
60	1.2	0.042846
60	1.3	0.040146
60	1.4	0.038437
60	1.5	0.036908
60	1.6	0.036482
60	1.7	0.035235
60	1.8	0.034527
60	1.9	0.033269
60	2	0.031974
60	2.1	0.029722
60	2.2	0.028276
60	2.3	0.02709
60	2.4	0.02395
60	2.5	0.021409
60	2.6	0.018755
60	2.7	0.016884
60	2.8	0.015634
60	2.9	0.013383
60	3	0.012699
60	3.1	0.011296
60	3.2	0.0099517
60	3.3	0.0096466
60	3.4	0.009675
60	3.5	0.0098373
60	3.6	0.010082
60	3.7	0.010958
60	3.8	0.011266
60	3.9	0.010013
60	4	0.0085846
70	-4	0.010184
70	-3.9	0.011982
70	-3.8	0.01301
70	-3.7	0.013985
70	-3.6	0.013077
70	-3.5	0.012075
70	-3.4	0.011601
70	-3.3	0.01218
70	-3.2	0.012923
70	-3.1	0.013623
70	-3	0.013211
70	-2.9	0.011676
70	-2.8	0.012068
70	-2.7	0.016218
70	-2.6	0.019737
70	-2.5	0.026466
70	-2.4	0.030273
70	-2.3	0.033014
70	-2.2	0.034752
70	-2.1	0.037875
70	-2	0.040546
70	-1.9	0.042365
70	-1.8	0.044449
70	-1.7	0.044523
70	-1.6	0.043011
70	-1.5	0.037489
70	-1.4	0.031435
70	-1.3	0.028343
70	-1.2	0.029154
70	-1.1	0.039613
70	-1	0.049584
70	-0.9	0.056779
70	-0.8	0.061502
70	-0.7	0.06153
70	-0.6	0.059032
70	-0.5	0.053175
70	-0.4	0.04393
70	-0.3	0.034512
70	-0.2	0.024712
70	-0.1	0.020096
70	0	0.018805
70	0.1	0.017226
70	0.2	0.018856
70	0.3	0.02154
70	0.4	0.029203
70	0.5	0.034784
70	0.6	0.042997
70	0.7	0.048228
70	0.8	0.052458
70	0.9	0.053793
70	1	0.053136
70	1.1	0.049489
70	1.2	0.047696
70	1.3	0.04265
70	1.4	0.037519
70	1.5	0.035353
70	1.6	0.033973
70	1.7	0.033415
70	1.8	0.03417
70	1.9	0.034814
70	2	0.034905
70	2.1	0.032698
70	2.2	0.029477
70	2.3	0.026837
70	2.4	0.022921
70	2.5	0.019956
70	2.6	0.018544
70	2.7	0.017858
70	2.8	0.017347
70	2.9	0.016436
70	3	0.013956
70	3.1	0.010333
70	3.2	0.0096382
70	3.3	0.0090893
70	3.4	0.010945
70	3.5	0.011502
70	3.6	0.011795
70	3.7	0.011551
70	3.8	0.010802
70	3.9	0.0090929
70	4	0.0084019
80	-4	0.010315
80	-3.9	0.011288
80	-3.8	0.011436
80	-3.7	0.011266
80	-3.6	0.010353
80	-3.5	0.008964
80	-3.4	0.0099906
80	-3.3	0.011268
80	-3.2	0.012291
80	-3.1	0.012431
80	-3	0.012111
80	-2.9	0.010682
80	-2.8	0.010505
80	-2.7	0.012811
80	-2.6	0.018221
80	-2.5	0.023309
80	-2.4	0.027102
80	-2.3	0.029939
80	-2.2	0.033207
80	-2.1	0.035961
80	-2	0.037033
80	-1.9	0.03975
80	-1.8	0.041404
80	-1.7	0.042335
80	-1.6	0.040945
80	-1.5	0.038534
80	-1.4	0.032419
80	-1.3	0.029299
80	-1.2	0.03183
80	-1.1	0.038202
80	-1	0.047885
80	-0.9	0.052757
80	-0.8	0.059845
80	-0.7	0.060989
80	-0.6	0.057361
80	-0.5	0.053728
80	-0.4	0.046671
80	-0.3	0.037827
80	-0.2	0.031799
80	-0.1	0.024401
80	0	0.020422
80	0.1	0.019234
80	0.2	0.018461
80	0.3	0.020512
80	0.4	0.02468
80	0.5	0.02974
80	0.6	0.03649
80	0.7	0.042059
80	0.8	0.047331
80	0.9	0.04901
80	1	0.049942
80	1.1	0.048937
80	1.2	0.046618
80	1.3	0.043326
80	1.4	0.040877
80	1.5	0.038707
80	1.6	0.036378
80	1.7	0.034652
80	1.8	0.033714
80	1.9	0.033311
80	2	0.033726
80	2.1	0.033153
80	2.2	0.032484
80	2.3	0.031919
80	2.4	0.0291
80	2.5	0.026715
80	2.6	0.021784
80	2.7	0.019531
80	2.8	0.016889
80	2.9	0.014689
80	3	0.01251
80	3.1	0.011366
80	3.2	0.011091
80	3.3	0.010412
80	3.4	0.010471
80	3.5	0.0091089
80	3.6	0.0091443
80	3.7	0.0089297
80	3.8	0.0089982
80	3.9	0.0091124
80	4	0.00969
90	-4	0.0089658
90	-3.9	0.010229
90	-3.8	0.011751
90	-3.7	0.012462
90	-3.6	0.01258
90	-3.5	0.01066
90	-3.4	0.0091266
90	-3.3	0.0092637
90	-3.2	0.010418
90	-3.1	0.012156
90	-3	0.013864
90	-2.9	0.013654
90	-2.8	0.012005
90	-2.7	0.011776
90	-2.6	0.014198
90	-2.5	0.020226
90	-2.4	0.026475
90	-2.3	0.030451
90	-2.2	0.033106
90	-2.1	0.035806
90	-2	0.036372
90	-1.9	0.037569
90	-1.8	0.03905
90	-1.7	0.040686
90	-1.6	0.040446
90	-1.5	0.037074
90	-1.4	0.03416
90	-1.3	0.030137
90	-1.2	0.029205
90	-1.1	0.035179
90	-1	0.041059
90	-0.9	0.053206
90	-0.8	0.057587
90	-0.7	0.061613
90	-0.6	0.061004
90	-0.5	0.056616
90	-0.4	0.049551
90	-0.3	0.042097
90	-0.2	0.028129
90	-0.1	0.02384
90	0	0.017557
90	0.1	0.015299
90	0.2	0.014689
90	0.3	0.017369
90	0.4	0.021777
90	0.5	0.028663
90	0.6	0.038298
90	0.7	0.042692
90	0.8	0.048617
90	0.9	0.050626
90	1	0.050954
90	1.1	0.050355
90	1.2	0.046445
90	1.3	0.043291
90	1.4	0.040019
90	1.5	0.037711
90	1.6	0.034436
90	1.7	0.032795
90	1.8	0.031968
90	1.9	0.031769
90	2	0.031124
90	2.1	0.030887
90	2.2	0.030345
90	2.3	0.029574
90	2.4	0.026612
90	2.5	0.025335
90	2.6	0.02119
90	2.7	0.018602
90	2.8	0.015916
90	2.9	0.012829
90	3	0.011692
90	3.1	0.011658
90	3.2	0.011791
90	3.3	0.011072
90	3.4	0.0096633
90	3.5	0.0086278
90	3.6	0.0074778
90	3.7	0.0075166
90	3.8	0.0081222
90	3.9	0.0084269
90	4	0.0087966
100	-4	0.0097945
100	-3.9	0.010543
100	-3.8	0.011161
100	-3.7	0.010832
100	-3.6	0.0098291
100	-3.5	0.0092165
100	-3.4	0.0092182
100	-3.3	0.010282
100	-3.2	0.012166
100	-3.1	0.012399
100	-3	0.011727
100	-2.9	0.01048
100	-2.8	0.011423
100	-2.7	0.01414
100	-2.6	0.018181
100	-2.5	0.022335
100	-2.4	0.0249
100	-2.3	0.027744
100	-2.2	0.028963
100	-2.1	0.031355
100	-2	0.032729
100	-1.9	0.035647
100	-1.8	0.037601
100	-1.7	0.039009
100	-1.6	0.038409
100	-1.5	0.035856
100	-1.4	0.033047
100	-1.3	0.027278
100	-1.2	0.0266
100	-1.1	0.032457
100	-1	0.041632
100	-0.9	0.053333
100	-0.8	0.060073
100	-0.7	0.061927
100	-0.6	0.060952
100	-0.5	0.056493
100	-0.4	0.049463
100	-0.3	0.039316
100	-0.2	0.029087
100	-0.1	0.024189
100	0	0.018154
100	0.1	0.015908
100	0.2	0.014627
100	0.3	0.014795
100	0.4	0.017563
100	0.5	0.021637
100	0.6	0.028683
100	0.7	0.03764
100	0.8	0.043153
100	0.9	0.04771
100	1	0.049826
100	1.1	0.048878
100	1.2	0.046201
100	1.3	0.042851
100	1.4	0.039268
100	1.5	0.036662
100	1.6	0.033205
100	1.7	0.032317
100	1.8	0.032595
100	1.9	0.032894
100	2	0.032536
100	2.1	0.032188
100	2.2	0.030778
100	2.3	0.02989
100	2.4	0.026897
100	2.5	0.024754
100	2.6	0.022922
100	2.7	0.020392
100	2.8	0.018084
100	2.9	0.016229
100	3	0.013293
100	3.1	0.012356
100	3.2	0.010789
100	3.3	0.010216
100	3.4	0.0091213
100	3.5	0.0089928
100	3.6	0.0085317
100	3.7	0.0079431
100	3.8	0.0077014
100	3.9	0.0077994
100	4	0.0073843
110	-4	0.0082171
110	-3.9	0.011582
110	-3.8	0.013708
110	-3.7	0.014986
110	-3.6	0.01456
110	-3.5	0.01144
110	-3.4	0.0099484
110	-3.3	0.0093953
110	-3.2	0.012224
110	-3.1	0.014046
110	-3	0.015369
110	-2.9	0.014685
110	-2.8	0.012932
110	-2.7	0.012691
110	-2.6	0.016041
110	-2.5	0.022207
110	-2.4	0.027891
110	-2.3	0.032274
110	-2.2	0.03533
110	-2.1	0.035058
110	-2	0.033556
110	-1.9	0.033413
110	-1.8	0.033989
110	-1.7	0.03583
110	-1.6	0.037371
110	-1.5	0.035695
110	-1.4	0.031683
110	-1.3	0.028634
110	-1.2	0.025822
110	-1.1	0.03033
110	-1	0.036489
110	-0.9	0.046821
110	-0.8	0.056687
110	-0.7	0.061515
110	-0.6	0.06099
110	-0.5	0.056532
110	-0.4	0.050437
110	-0.3	0.043076
110	-0.2	0.031474
110	-0.1	0.022621
110	0	0.017733
110	0.1	0.014098
110	0.2	0.013456
110	0.3	0.013588
110	0.4	0.017966
110	0.5	0.021893
110	0.6	0.030709
110	0.7	0.04028
110	0.8	0.045846
110	0.9	0.047923
110	1	0.050956
110	1.1	0.050397
110	1.2	0.046577
110	1.3	0.041677
110	1.4	0.03555
110	1.5	0.031236
110	1.6	0.028981
110	1.7	0.028026
110	1.8	0.028297
110	1.9	0.030092
110	2	0.030109
110	2.1	0.029178
110	2.2	0.02832
110	2.3	0.026718
110	2.4	0.024426
110	2.5	0.021976
110	2.6	0.021732
110	2.7	0.020351
110	2.8	0.019266
110	2.9	0.017468
110	3	0.014286
110	3.1	0.013054
110	3.2	0.01027
110	3.3	0.0082837
110	3.4	0.0077119
110	3.5	0.0079797
110	3.6	0.0090108
110	3.7	0.0091337
110	3.8	0.0089351
110	3.9	0.0083188
110	4	0.0079268
120	-4	0.0090733
120	-3.9	0.0092042
120	-3.8	0.010076
120	-3.7	0.010543
120	-3.6	0.011142
120	-3.5	0.01119
120	-3.4	0.011395
120	-3.3	0.010871
120	-3.2	0.010423
120	-3.1	0.0096197
120	-3	0.0099906
120	-2.9	0.010992
120	-2.8	0.012938
120	-2.7	0.015236
120	-2.6	0.017268
120	-2.5	0.020253
120	-2.4	0.021954
120	-2.3	0.025354
120	-2.2	0.027625
120	-2.1	0.030142
120	-2	0.032796
120	-1.9	0.036059
120	-1.8	0.037563
120	-1.7	0.037511
120	-1.6	0.036254
120	-1.5	0.03355
120	-1.4	0.030423
120	-1.3	0.027621
120	-1.2	0.028868
120	-1.1	0.034348
120	-1	0.04242
120	-0.9	0.050155
120	-0.8	0.05427
120	-0.7	0.059186
120	-0.6	0.059508
120	-0.5	0.055422
120	-0.4	0.049816
120	-0.3	0.038089
120	-0.2	0.031679
120	-0.1	0.024724
120	0	0.020578
120	0.1	0.016244
120	0.2	0.014786
120	0.3	0.013931
120	0.4	0.014465
120	0.5	0.019009
120	0.6	0.024288
120	0.7	0.033141
120	0.8	0.038984
120	0.9	0.04517
120	1	0.047737
120	1.1	0.049037
120	1.2	0.047031
120	1.3	0.043992
120	1.4	0.040538
120	1.5	0.038706
120	1.6	0.035184
120	1.7	0.033709
120	1.8	0.033028
120	1.9	0.032827
120	2	0.03241
120	2.1	0.03188
120	2.2	0.031372
120	2.3	0.030877
120	2.4	0.029527
120	2.5	0.027018
120	2.6	0.024894
120	2.7	0.022787
120	2.8	0.021095
120	2.9	0.016626
120	3	0.013097
120	3.1	0.011329
120	3.2	0.0090822
120	3.3	0.0086147
120	3.4	0.0078304
120	3.5	0.0078593
120	3.6	0.0080523
120	3.7	0.0085108
120	3.8	0.0085089
120	3.9	0.0083363
120	4	0.007933
130	-4	0.0085469
130	-3.9	0.0098472
130	-3.8	0.012461
130	-3.7	0.013304
130	-3.6	0.013469
130	-3.5	0.012702
130	-3.4	0.010841
130	-3.3	0.0098947
130	-3.2	0.010946
130	-3.1	0.012617
130	-3	0.014091
130	-2.9	0.014296
130	-2.8	0.013014
130	-2.7	0.013148
130	-2.6	0.017222
130	-2.5	0.021668
130	-2.4	0.02647
130	-2.3	0.03133
130	-2.2	0.033029
130	-2.1	0.033396
130	-2	0.032955
130	-1.9	0.033139
130	-1.8	0.034925
130	-1.7	0.037135
130	-1.6	0.037917
130	-1.5	0.037006
130	-1.4	0.033812
130	-1.3	0.030008
130	-1.2	0.026458
130	-1.1	0.029788
130	-1	0.036527
130	-0.9	0.047913
130	-0.8	0.059052
130	-0.7	0.063259
130	-0.6	0.064936
130	-0.5	0.061478
130	-0.4	0.055833
130	-0.3	0.043559
130	-0.2	0.032459
130	-0.1	0.022397
130	0	0.01711
130	0.1	0.01373
130	0.2	0.012884
130	0.3	0.012994
130	0.4	0.015446
130	0.5	0.021712
130	0.6	0.029066
130	0.7	0.03562
130	0.8	0.045786
130	0.9	0.051425
130	1	0.054001
130	1.1	0.053556
130	1.2	0.050435
130	1.3	0.045425
130	1.4	0.040588
130	1.5	0.033441
130	1.6	0.030911
130	1.7	0.029129
130	1.8	0.03024
130	1.9	0.031044
130	2	0.031122
130	2.1	0.030122
130	2.2	0.028947
130	2.3	0.027109
130	2.4	0.024995
130	2.5	0.023381
130	2.6	0.022178
130	2.7	0.021655
130	2.8	0.020715
130	2.9	0.01954
130	3	0.01703
130	3.1	0.014385
130	3.2	0.012973
130	3.3	0.01078
130	3.4	0.0094605
130	3.5	0.0087929
130	3.6	0.0085676
130	3.7	0.0090197
130	3.8	0.0087024
130	3.9	0.0084288
130	4	0.0086652
140	-4	0.01026
140	-3.9	0.01198
140	-3.8	0.012872
140	-3.7	0.012605
140	-3.6	0.011564
140	-3.5	0.009924
140	-3.4	0.0086371
140	-3.3	0.0090911
140	-3.2	0.011352
140	-3.1	0.013459
140	-3	0.01501
140	-2.9	0.01491
140	-2.8	0.013502
140	-2.7	0.012739
140	-2.6	0.013888
140	-2.5	0.019397
140	-2.4	0.026074
140	-2.3	0.030352
140	-2.2	0.033641
140	-2.1	0.034169
140	-2	0.034636
140	-1.9	0.034516
140	-1.8	0.035456
140	-1.7	0.036238
140	-1.6	0.037595
140	-1.5	0.037369
140	-1.4	0.034245
140	-1.3	0.031346
140	-1.2	0.029985
140	-1.1	0.031938
140	-1	0.044763
140	-0.9	0.050044
140	-0.8	0.059363
140	-0.7	0.064857
140	-0.6	0.064616
140	-0.5	0.058677
140	-0.4	0.051201
140	-0.3	0.041436
140	-0.2	0.030679
140	-0.1	0.022416
140	0	0.014896
140	0.1	0.013235
140	0.2	0.012631
140	0.3	0.012908
140	0.4	0.014509
140	0.5	0.019764
140	0.6	0.027864
140	0.7	0.037367
140	0.8	0.042267
140	0.9	0.05077
140	1	0.052309
140	1.1	0.052943
140	1.2	0.050718
140	1.3	0.04604
140	1.4	0.04239
140	1.5	0.037158
140	1.6	0.032186
140	1.7	0.030565
140	1.8	0.029718
140	1.9	0.029885
140	2	0.0298
140	2.1	0.029789
140	2.2	0.030598
140	2.3	0.030722
140	2.4	0.028629
140	2.5	0.027843
140	2.6	0.025411
140	2.7	0.02251
140	2.8	0.020806
140	2.9	0.018423
140	3	0.016235
140	3.1	0.01575
140	3.2	0.014319
140	3.3	0.01284
140	3.4	0.011942
140	3.5	0.010673
140	3.6	0.0096566
140	3.7	0.0092112
140	3.8	0.0094417
140	3.9	0.0091549
140	4	0.0098077
150	-4	0.009009
150	-3.9	0.01048
150	-3.8	0.011777
150	-3.7	0.012408
150	-3.6	0.011977
150	-3.5	0.010176
150	-3.4	0.0088168
150	-3.3	0.0078901
150	-3.2	0.0093107
150	-3.1	0.011191
150	-3	0.013154
150	-2.9	0.013611
150	-2.8	0.012978
150	-2.7	0.012304
150	-2.6	0.013285
150	-2.5	0.019372
150	-2.4	0.024346
150	-2.3	0.03057
150	-2.2	0.033745
150	-2.1	0.035845
150	-2	0.037341
150	-1.9	0.036907
150	-1.8	0.036
150	-1.7	0.035433
150	-1.6	0.035485
150	-1.5	0.035592
150	-1.4	0.034083
150	-1.3	0.032869
150	-1.2	0.032937
150	-1.1	0.036378
150	-1	0.0446
150	-0.9	0.056414
150	-0.8	0.06082
150	-0.7	0.063948
150	-0.6	0.062603
150	-0.5	0.060318
150	-0.4	0.050082
150	-0.3	0.040758
150	-0.2	0.029727
150	-0.1	0.021489
150	0	0.015704
150	0.1	0.013856
150	0.2	0.013208
150	0.3	0.013125
150	0.4	0.015369
150	0.5	0.024957
150	0.6	0.035133
150	0.7	0.041364
150	0.8	0.04974
150	0.9	0.053552
150	1	0.055751
150	1.1	0.054916
150	1.2	0.053552
150	1.3	0.04903
150	1.4	0.04578
150	1.5	0.042226
150	1.6	0.037595
150	1.7	0.034722
150	1.8	0.032229
150	1.9	0.030978
150	2	0.030393
150	2.1	0.030743
150	2.2	0.031453
150	2.3	0.031344
150	2.4	0.029815
150	2.5	0.026098
150	2.6	0.023296
150	2.7	0.020208
150	2.8	0.014429
150	2.9	0.011982
150	3	0.010945
150	3.1	0.010016
150	3.2	0.0094142
150	3.3	0.0085146
150	3.4	0.0074214
150	3.5	0.0067605
150	3.6	0.0053181
150	3.7	0.0048708
150	3.8	0.0058836
150	3.9	0.0056767
150	4	0.0061993
160	-4	0.0083382
160	-3.9	0.0094946
160	-3.8	0.010677
160	-3.7	0.011158
160	-3.6	0.010522
160	-3.5	0.0099289
160	-3.4	0.010307
160	-3.3	0.010551
160	-3.2	0.010908
160	-3.1	0.01174
160	-3	0.011892
160	-2.9	0.01143
160	-2.8	0.011704
160	-2.7	0.014046
160	-2.6	0.017556
160	-2.5	0.02235
160	-2.4	0.026187
160	-2.3	0.028721
160	-2.2	0.030136
160	-2.1	0.031509
160	-2	0.034247
160	-1.9	0.037083
160	-1.8	0.040377
160	-1.7	0.04138
160	-1.6	0.040589
160	-1.5	0.037082
160	-1.4	0.032791
160	-1.3	0.029271
160	-1.2	0.031349
160	-1.1	0.039864
160	-1	0.046775
160	-0.9	0.059217
160	-0.8	0.064439
160	-0.7	0.066702
160	-0.6	0.063338
160	-0.5	0.058117
160	-0.4	0.04693
160	-0.3	0.036964
160	-0.2	0.026462
160	-0.1	0.016537
160	0	0.012932
160	0.1	0.013022
160	0.2	0.01254
160	0.3	0.014228
160	0.4	0.019279
160	0.5	0.028133
160	0.6	0.03434
160	0.7	0.042667
160	0.8	0.046541
160	0.9	0.05174
160	1	0.053632
160	1.1	0.051548
160	1.2	0.049272
160	1.3	0.045443
160	1.4	0.04109
160	1.5	0.037681
160	1.6	0.034488
160	1.7	0.032327
160	1.8	0.031837
160	1.9	0.030972
160	2	0.030735
160	2.1	0.030939
160	2.2	0.031143
160	2.3	0.030826
160	2.4	0.029257
160	2.5	0.027019
160	2.6	0.025133
160	2.7	0.022884
160	2.8	0.019916
160	2.9	0.017979
160	3	0.016491
160	3.1	0.013519
160	3.2	0.012052
160	3.3	0.011281
160	3.4	0.010114
160	3.5	0.009778
160	3.6	0.010167
160	3.7	0.010005
160	3.8	0.010008
160	3.9	0.0099354
160	4	0.0095489
170	-4	0.010697
170	-3.9	0.012837
170	-3.8	0.013316
170	-3.7	0.013013
170	-3.6	0.011238
170	-3.5	0.010145
170	-3.4	0.010468
170	-3.3	0.011131
170	-3.2	0.012386
170	-3.1	0.012314
170	-3	0.011519
170	-2.9	0.010076
170	-2.8	0.011184
170	-2.7	0.014616
170	-2.6	0.020159
170	-2.5	0.025288
170	-2.4	0.027166
170	-2.3	0.029988
170	-2.2	0.031191
170	-2.1	0.032359
170	-2	0.035139
170	-1.9	0.037222
170	-1.8	0.039493
170	-1.7	0.039918
170	-1.6	0.038701
170	-1.5	0.03657
170	-1.4	0.029331
170	-1.3	0.028046
170	-1.2	0.030518
170	-1.1	0.038745
170	-1	0.048335
170	-0.9	0.05701
170	-0.8	0.062048
170	-0.7	0.063849
170	-0.6	0.059128
170	-0.5	0.05427
170	-0.4	0.042532
170	-0.3	0.031044
170	-0.2	0.022367
170	-0.1	0.017466
170	0	0.01276
170	0.1	0.012956
170	0.2	0.013299
170	0.3	0.014701
170	0.4	0.01824
170	0.5	0.025543
170	0.6	0.036735
170	0.7	0.042923
170	0.8	0.050772
170	0.9	0.054391
170	1	0.056062
170	1.1	0.055018
170	1.2	0.051128
170	1.3	0.047569
170	1.4	0.042613
170	1.5	0.036698
170	1.6	0.03373
170	1.7	0.032122
170	1.8	0.033053
170	1.9	0.033438
170	2	0.03322
170	2.1	0.032829
170	2.2	0.030667
170	2.3	0.028705
170	2.4	0.025467
170	2.5	0.022345
170	2.6	0.02022
170	2.7	0.01978
170	2.8	0.018226
170	2.9	0.016341
170	3	0.014253
170	3.1	0.012031
170	3.2	0.010477
170	3.3	0.0084307
170	3.4	0.0068648
170	3.5	0.0069607
170	3.6	0.0080241
170	3.7	0.0088424
170	3.8	0.0082935
170	3.9	0.0080281
170	4	0.0077495
180	-4	0.008272
180	-3.9	0.0098488
180	-3.8	0.011743
180	-3.7	0.01227
180	-3.6	0.012104
180	-3.5	0.011043
180	-3.4	0.0095591
180	-3.3	0.0093626
180	-3.2	0.0098439
180	-3.1	0.011376
180	-3	0.011478
180	-2.9	0.011233
180	-2.8	0.011464
180	-2.7	0.013815
180	-2.6	0.017439
180	-2.5	0.023171
180	-2.4	0.027128
180	-2.3	0.029908
180	-2.2	0.032609
180	-2.1	0.033273
180	-2	0.034418
180	-1.9	0.03536
180	-1.8	0.036968
180	-1.7	0.03763
180	-1.6	0.037316
180	-1.5	0.034347
180	-1.4	0.030741
180	-1.3	0.028328
180	-1.2	0.029804
180	-1.1	0.036278
180	-1	0.047607
180	-0.9	0.053803
180	-0.8	0.061913
180	-0.7	0.063058
180	-0.6	0.060406
180	-0.5	0.055658
180	-0.4	0.041677
180	-0.3	0.030315
180	-0.2	0.018997
180	-0.1	0.012793
180	0	0.011662
180	0.1	0.012042
180	0.2	0.012971
180	0.3	0.014934
180	0.4	0.023455
180	0.5	0.032205
180	0.6	0.039914
180	0.7	0.0506
180	0.8	0.053706
180	0.9	0.055882
180	1	0.054411
180	1.1	0.050754
180	1.2	0.047583
180	1.3	0.043538
180	1.4	0.038319
180	1.5	0.033379
180	1.6	0.031612
180	1.7	0.02994
180	1.8	0.02878
180	1.9	0.027594
180	2	0.027247
180	2.1	0.02739
180	2.2	0.027736
180	2.3	0.026648
180	2.4	0.025349
180	2.5	0.023254
180	2.6	0.020773
180	2.7	0.017766
180	2.8	0.015818
180	2.9	0.014479
180	3	0.013583
180	3.1	0.012482
180	3.2	0.01032
180	3.3	0.0085752
180	3.4	0.0081738
180	3.5	0.0084613
180	3.6	0.0093211
180	3.7	0.0096516
180	3.8	0.0095945
180	3.9	0.0098308
180	4	0.01002
 
Uniformity Ratio =0.69827
