08-Jan-2018
7:19
TXR  008015 RM428 R24
33511B Function Generator
SN =Agilent Technologies,33511B,MY52301476,3.05-1.19-2.00-52-00
freq =+9.270000000000000E+06
burstmode =TRIG
burstN =+6.000000000000000E+01
voltage =+1.5000000000000E-01
 
DSO-X 2022A Oscilloscope
SN =AGILENT TECHNOLOGIES,DSO-X 2022A,MY54310921,02.41.2015102200
probe =+1.0000000E+00
scale =+500.0E-09
position =+19.900000E-06
range =+1.60E+00
units =VOLT
points =+2000
pointmode =NORM
format =BYTE
acqtype =NORM
trigsource =EXT
coupling =AC
 
-180	-4	0.0088807
-180	-3.9	0.0097631
-180	-3.8	0.0094912
-180	-3.7	0.0095116
-180	-3.6	0.0091567
-180	-3.5	0.0084861
-180	-3.4	0.0088186
-180	-3.3	0.0095252
-180	-3.2	0.010384
-180	-3.1	0.010446
-180	-3	0.0105
-180	-2.9	0.010491
-180	-2.8	0.012839
-180	-2.7	0.016417
-180	-2.6	0.021615
-180	-2.5	0.027386
-180	-2.4	0.03117
-180	-2.3	0.032836
-180	-2.2	0.03308
-180	-2.1	0.033305
-180	-2	0.035229
-180	-1.9	0.036637
-180	-1.8	0.038152
-180	-1.7	0.038445
-180	-1.6	0.03706
-180	-1.5	0.031881
-180	-1.4	0.028466
-180	-1.3	0.024539
-180	-1.2	0.025653
-180	-1.1	0.033682
-180	-1	0.042892
-180	-0.9	0.049509
-180	-0.8	0.056996
-180	-0.7	0.058927
-180	-0.6	0.055965
-180	-0.5	0.050451
-180	-0.4	0.044356
-180	-0.3	0.037049
-180	-0.2	0.029706
-180	-0.1	0.023665
-180	0	0.019727
-180	0.1	0.018407
-180	0.2	0.01926
-180	0.3	0.021934
-180	0.4	0.026548
-180	0.5	0.032169
-180	0.6	0.037135
-180	0.7	0.042462
-180	0.8	0.045264
-180	0.9	0.050133
-180	1	0.051366
-180	1.1	0.05098
-180	1.2	0.049542
-180	1.3	0.047198
-180	1.4	0.04342
-180	1.5	0.038454
-180	1.6	0.035422
-180	1.7	0.032561
-180	1.8	0.03252
-180	1.9	0.03262
-180	2	0.033561
-180	2.1	0.0331
-180	2.2	0.031698
-180	2.3	0.027846
-180	2.4	0.024651
-180	2.5	0.021158
-180	2.6	0.019793
-180	2.7	0.019099
-180	2.8	0.01846
-180	2.9	0.016309
-180	3	0.014339
-180	3.1	0.011694
-180	3.2	0.0096096
-180	3.3	0.0071418
-180	3.4	0.0078222
-180	3.5	0.0087191
-180	3.6	0.0095472
-180	3.7	0.0097846
-180	3.8	0.0087616
-180	3.9	0.0071282
-180	4	0.0070392
-170	-4	0.0094776
-170	-3.9	0.009227
-170	-3.8	0.0079391
-170	-3.7	0.0073228
-170	-3.6	0.0059329
-170	-3.5	0.0070001
-170	-3.4	0.0091637
-170	-3.3	0.010915
-170	-3.2	0.011406
-170	-3.1	0.011371
-170	-3	0.010145
-170	-2.9	0.0085996
-170	-2.8	0.012297
-170	-2.7	0.016292
-170	-2.6	0.021626
-170	-2.5	0.026621
-170	-2.4	0.029223
-170	-2.3	0.030887
-170	-2.2	0.031004
-170	-2.1	0.03089
-170	-2	0.031738
-170	-1.9	0.033703
-170	-1.8	0.03493
-170	-1.7	0.035143
-170	-1.6	0.033639
-170	-1.5	0.029605
-170	-1.4	0.025062
-170	-1.3	0.023983
-170	-1.2	0.028538
-170	-1.1	0.036907
-170	-1	0.044279
-170	-0.9	0.051036
-170	-0.8	0.056067
-170	-0.7	0.058845
-170	-0.6	0.057729
-170	-0.5	0.051303
-170	-0.4	0.04761
-170	-0.3	0.037514
-170	-0.2	0.02976
-170	-0.1	0.023143
-170	0	0.01859
-170	0.1	0.017532
-170	0.2	0.018127
-170	0.3	0.020388
-170	0.4	0.026352
-170	0.5	0.031032
-170	0.6	0.036984
-170	0.7	0.041808
-170	0.8	0.047589
-170	0.9	0.049963
-170	1	0.051662
-170	1.1	0.051141
-170	1.2	0.049153
-170	1.3	0.044973
-170	1.4	0.040584
-170	1.5	0.036336
-170	1.6	0.033191
-170	1.7	0.032814
-170	1.8	0.03231
-170	1.9	0.032779
-170	2	0.032997
-170	2.1	0.032956
-170	2.2	0.031863
-170	2.3	0.028702
-170	2.4	0.025474
-170	2.5	0.023305
-170	2.6	0.021169
-170	2.7	0.019643
-170	2.8	0.018436
-170	2.9	0.016543
-170	3	0.013436
-170	3.1	0.011708
-170	3.2	0.0090108
-170	3.3	0.0078695
-170	3.4	0.007787
-170	3.5	0.0083013
-170	3.6	0.0087524
-170	3.7	0.0081698
-170	3.8	0.0079003
-170	3.9	0.0075231
-170	4	0.0076951
-160	-4	0.0088259
-160	-3.9	0.010016
-160	-3.8	0.010835
-160	-3.7	0.0090394
-160	-3.6	0.0079776
-160	-3.5	0.0055092
-160	-3.4	0.0066057
-160	-3.3	0.0080803
-160	-3.2	0.010532
-160	-3.1	0.011157
-160	-3	0.010517
-160	-2.9	0.0087542
-160	-2.8	0.010866
-160	-2.7	0.014537
-160	-2.6	0.021867
-160	-2.5	0.026944
-160	-2.4	0.030889
-160	-2.3	0.031545
-160	-2.2	0.031137
-160	-2.1	0.030894
-160	-2	0.03159
-160	-1.9	0.033557
-160	-1.8	0.034769
-160	-1.7	0.034715
-160	-1.6	0.033606
-160	-1.5	0.028858
-160	-1.4	0.024808
-160	-1.3	0.023642
-160	-1.2	0.025897
-160	-1.1	0.036521
-160	-1	0.045716
-160	-0.9	0.053718
-160	-0.8	0.057891
-160	-0.7	0.059733
-160	-0.6	0.057628
-160	-0.5	0.051364
-160	-0.4	0.044938
-160	-0.3	0.035381
-160	-0.2	0.025028
-160	-0.1	0.018606
-160	0	0.016627
-160	0.1	0.017126
-160	0.2	0.019369
-160	0.3	0.024973
-160	0.4	0.029038
-160	0.5	0.034806
-160	0.6	0.038979
-160	0.7	0.045056
-160	0.8	0.048281
-160	0.9	0.050138
-160	1	0.049455
-160	1.1	0.047719
-160	1.2	0.046184
-160	1.3	0.042475
-160	1.4	0.038036
-160	1.5	0.035056
-160	1.6	0.032999
-160	1.7	0.032226
-160	1.8	0.031681
-160	1.9	0.03156
-160	2	0.031537
-160	2.1	0.031659
-160	2.2	0.030407
-160	2.3	0.027754
-160	2.4	0.024275
-160	2.5	0.022538
-160	2.6	0.019992
-160	2.7	0.017515
-160	2.8	0.016076
-160	2.9	0.014277
-160	3	0.013199
-160	3.1	0.012775
-160	3.2	0.011586
-160	3.3	0.0095133
-160	3.4	0.0087542
-160	3.5	0.0080963
-160	3.6	0.007816
-160	3.7	0.007369
-160	3.8	0.007369
-160	3.9	0.0075723
-160	4	0.0082993
-150	-4	0.0090215
-150	-3.9	0.0099338
-150	-3.8	0.011053
-150	-3.7	0.010778
-150	-3.6	0.008446
-150	-3.5	0.0065393
-150	-3.4	0.0065071
-150	-3.3	0.0078284
-150	-3.2	0.0094707
-150	-3.1	0.010333
-150	-3	0.010654
-150	-2.9	0.010685
-150	-2.8	0.013321
-150	-2.7	0.0166
-150	-2.6	0.021489
-150	-2.5	0.024039
-150	-2.4	0.027431
-150	-2.3	0.02859
-150	-2.2	0.029252
-150	-2.1	0.030158
-150	-2	0.032009
-150	-1.9	0.033627
-150	-1.8	0.035084
-150	-1.7	0.035115
-150	-1.6	0.031821
-150	-1.5	0.027483
-150	-1.4	0.023778
-150	-1.3	0.023719
-150	-1.2	0.029335
-150	-1.1	0.038556
-150	-1	0.047537
-150	-0.9	0.055091
-150	-0.8	0.058842
-150	-0.7	0.058965
-150	-0.6	0.05587
-150	-0.5	0.051937
-150	-0.4	0.041818
-150	-0.3	0.034889
-150	-0.2	0.026028
-150	-0.1	0.020133
-150	0	0.017866
-150	0.1	0.017498
-150	0.2	0.018401
-150	0.3	0.022927
-150	0.4	0.028748
-150	0.5	0.035509
-150	0.6	0.038865
-150	0.7	0.04209
-150	0.8	0.047359
-150	0.9	0.049401
-150	1	0.049434
-150	1.1	0.048118
-150	1.2	0.045276
-150	1.3	0.042668
-150	1.4	0.038903
-150	1.5	0.035793
-150	1.6	0.034465
-150	1.7	0.034464
-150	1.8	0.033512
-150	1.9	0.0331
-150	2	0.032556
-150	2.1	0.031509
-150	2.2	0.029793
-150	2.3	0.027213
-150	2.4	0.025302
-150	2.5	0.024718
-150	2.6	0.022102
-150	2.7	0.021305
-150	2.8	0.017935
-150	2.9	0.014856
-150	3	0.012244
-150	3.1	0.010651
-150	3.2	0.010132
-150	3.3	0.010132
-150	3.4	0.010021
-150	3.5	0.010062
-150	3.6	0.0084652
-150	3.7	0.0073646
-150	3.8	0.007336
-150	3.9	0.0078139
-150	4	0.0090305
-140	-4	0.0084326
-140	-3.9	0.0092933
-140	-3.8	0.0092846
-140	-3.7	0.0084115
-140	-3.6	0.0077391
-140	-3.5	0.0064547
-140	-3.4	0.0061915
-140	-3.3	0.0069839
-140	-3.2	0.0079452
-140	-3.1	0.0079044
-140	-3	0.0086521
-140	-2.9	0.010667
-140	-2.8	0.013125
-140	-2.7	0.017802
-140	-2.6	0.021374
-140	-2.5	0.024214
-140	-2.4	0.025411
-140	-2.3	0.026582
-140	-2.2	0.026876
-140	-2.1	0.027742
-140	-2	0.028972
-140	-1.9	0.030025
-140	-1.8	0.031024
-140	-1.7	0.031064
-140	-1.6	0.02896
-140	-1.5	0.024068
-140	-1.4	0.022606
-140	-1.3	0.02447
-140	-1.2	0.031067
-140	-1.1	0.039953
-140	-1	0.048743
-140	-0.9	0.056718
-140	-0.8	0.059642
-140	-0.7	0.058813
-140	-0.6	0.054657
-140	-0.5	0.049079
-140	-0.4	0.042726
-140	-0.3	0.030833
-140	-0.2	0.02354
-140	-0.1	0.018481
-140	0	0.015893
-140	0.1	0.015875
-140	0.2	0.017634
-140	0.3	0.021406
-140	0.4	0.026306
-140	0.5	0.036586
-140	0.6	0.041968
-140	0.7	0.046022
-140	0.8	0.049238
-140	0.9	0.050053
-140	1	0.0493
-140	1.1	0.046784
-140	1.2	0.043267
-140	1.3	0.041728
-140	1.4	0.038013
-140	1.5	0.035763
-140	1.6	0.03448
-140	1.7	0.033474
-140	1.8	0.032503
-140	1.9	0.031895
-140	2	0.031588
-140	2.1	0.03138
-140	2.2	0.029568
-140	2.3	0.026793
-140	2.4	0.024688
-140	2.5	0.021781
-140	2.6	0.019592
-140	2.7	0.017463
-140	2.8	0.016695
-140	2.9	0.015849
-140	3	0.013576
-140	3.1	0.01168
-140	3.2	0.009857
-140	3.3	0.0083788
-140	3.4	0.0076825
-140	3.5	0.0090858
-140	3.6	0.010047
-140	3.7	0.010323
-140	3.8	0.0091319
-140	3.9	0.0084613
-140	4	0.0066835
-130	-4	0.0075744
-130	-3.9	0.0077828
-130	-3.8	0.0078325
-130	-3.7	0.0071914
-130	-3.6	0.0060676
-130	-3.5	0.0056396
-130	-3.4	0.0066277
-130	-3.3	0.0085695
-130	-3.2	0.0088588
-130	-3.1	0.0084652
-130	-3	0.0076741
-130	-2.9	0.0083653
-130	-2.8	0.012422
-130	-2.7	0.016228
-130	-2.6	0.019546
-130	-2.5	0.023493
-130	-2.4	0.025078
-130	-2.3	0.025068
-130	-2.2	0.025234
-130	-2.1	0.025251
-130	-2	0.026494
-130	-1.9	0.028375
-130	-1.8	0.030243
-130	-1.7	0.030435
-130	-1.6	0.028371
-130	-1.5	0.023276
-130	-1.4	0.021735
-130	-1.3	0.025271
-130	-1.2	0.031536
-130	-1.1	0.041751
-130	-1	0.050239
-130	-0.9	0.058508
-130	-0.8	0.060777
-130	-0.7	0.061198
-130	-0.6	0.057297
-130	-0.5	0.049951
-130	-0.4	0.042404
-130	-0.3	0.031715
-130	-0.2	0.024194
-130	-0.1	0.018019
-130	0	0.014587
-130	0.1	0.014221
-130	0.2	0.016857
-130	0.3	0.022348
-130	0.4	0.026437
-130	0.5	0.034289
-130	0.6	0.042871
-130	0.7	0.048758
-130	0.8	0.049719
-130	0.9	0.050441
-130	1	0.048492
-130	1.1	0.04505
-130	1.2	0.042495
-130	1.3	0.038928
-130	1.4	0.03733
-130	1.5	0.036861
-130	1.6	0.036039
-130	1.7	0.03426
-130	1.8	0.032949
-130	1.9	0.031428
-130	2	0.029395
-130	2.1	0.028783
-130	2.2	0.027559
-130	2.3	0.026776
-130	2.4	0.025213
-130	2.5	0.023661
-130	2.6	0.021145
-130	2.7	0.017547
-130	2.8	0.015016
-130	2.9	0.013475
-130	3	0.012542
-130	3.1	0.011378
-130	3.2	0.010426
-130	3.3	0.0095184
-130	3.4	0.0090341
-130	3.5	0.0087172
-130	3.6	0.0089206
-130	3.7	0.0097283
-130	3.8	0.0095269
-130	3.9	0.0094707
-130	4	0.0082329
-120	-4	0.0062744
-120	-3.9	0.0069164
-120	-3.8	0.0068294
-120	-3.7	0.0062435
-120	-3.6	0.005691
-120	-3.5	0.0057951
-120	-3.4	0.0061127
-120	-3.3	0.0071418
-120	-3.2	0.0076678
-120	-3.1	0.0079553
-120	-3	0.0081381
-120	-2.9	0.010421
-120	-2.8	0.013776
-120	-2.7	0.018399
-120	-2.6	0.021645
-120	-2.5	0.026117
-120	-2.4	0.027409
-120	-2.3	0.027543
-120	-2.2	0.027168
-120	-2.1	0.027439
-120	-2	0.028837
-120	-1.9	0.0304
-120	-1.8	0.03156
-120	-1.7	0.031477
-120	-1.6	0.028184
-120	-1.5	0.025122
-120	-1.4	0.024371
-120	-1.3	0.02732
-120	-1.2	0.036681
-120	-1.1	0.047372
-120	-1	0.054754
-120	-0.9	0.058249
-120	-0.8	0.061157
-120	-0.7	0.05889
-120	-0.6	0.053302
-120	-0.5	0.043954
-120	-0.4	0.039876
-120	-0.3	0.029497
-120	-0.2	0.024476
-120	-0.1	0.018364
-120	0	0.016726
-120	0.1	0.017107
-120	0.2	0.020564
-120	0.3	0.024073
-120	0.4	0.029219
-120	0.5	0.035792
-120	0.6	0.040517
-120	0.7	0.045604
-120	0.8	0.048011
-120	0.9	0.050082
-120	1	0.050088
-120	1.1	0.049028
-120	1.2	0.046158
-120	1.3	0.042276
-120	1.4	0.038193
-120	1.5	0.03582
-120	1.6	0.033514
-120	1.7	0.03323
-120	1.8	0.033956
-120	1.9	0.035179
-120	2	0.035083
-120	2.1	0.034055
-120	2.2	0.030759
-120	2.3	0.02754
-120	2.4	0.02504
-120	2.5	0.023224
-120	2.6	0.021796
-120	2.7	0.021057
-120	2.8	0.019495
-120	2.9	0.017514
-120	3	0.014776
-120	3.1	0.011909
-120	3.2	0.011056
-120	3.3	0.0098488
-120	3.4	0.010379
-120	3.5	0.010232
-120	3.6	0.00969
-120	3.7	0.0086763
-120	3.8	0.0079289
-120	3.9	0.007816
-120	4	0.0079064
-110	-4	0.0068176
-110	-3.9	0.0069351
-110	-3.8	0.0069071
-110	-3.7	0.0068057
-110	-3.6	0.0060941
-110	-3.5	0.0069258
-110	-3.4	0.0074648
-110	-3.3	0.0086034
-110	-3.2	0.0094348
-110	-3.1	0.0098587
-110	-3	0.010216
-110	-2.9	0.011881
-110	-2.8	0.014044
-110	-2.7	0.018906
-110	-2.6	0.022113
-110	-2.5	0.025154
-110	-2.4	0.026538
-110	-2.3	0.02785
-110	-2.2	0.028229
-110	-2.1	0.029557
-110	-2	0.030095
-110	-1.9	0.030774
-110	-1.8	0.030661
-110	-1.7	0.029542
-110	-1.6	0.028041
-110	-1.5	0.026688
-110	-1.4	0.027505
-110	-1.3	0.032427
-110	-1.2	0.038122
-110	-1.1	0.044903
-110	-1	0.053245
-110	-0.9	0.057592
-110	-0.8	0.059759
-110	-0.7	0.056709
-110	-0.6	0.054953
-110	-0.5	0.046191
-110	-0.4	0.038596
-110	-0.3	0.029705
-110	-0.2	0.023138
-110	-0.1	0.018962
-110	0	0.016077
-110	0.1	0.015584
-110	0.2	0.017522
-110	0.3	0.023958
-110	0.4	0.028053
-110	0.5	0.033816
-110	0.6	0.041232
-110	0.7	0.047115
-110	0.8	0.04956
-110	0.9	0.050926
-110	1	0.050191
-110	1.1	0.048881
-110	1.2	0.046015
-110	1.3	0.043121
-110	1.4	0.040625
-110	1.5	0.039208
-110	1.6	0.038498
-110	1.7	0.038191
-110	1.8	0.037151
-110	1.9	0.036154
-110	2	0.034683
-110	2.1	0.032777
-110	2.2	0.030182
-110	2.3	0.02782
-110	2.4	0.026371
-110	2.5	0.023934
-110	2.6	0.021453
-110	2.7	0.018948
-110	2.8	0.015699
-110	2.9	0.014208
-110	3	0.012352
-110	3.1	0.012102
-110	3.2	0.012066
-110	3.3	0.011385
-110	3.4	0.009862
-110	3.5	0.0089025
-110	3.6	0.008016
-110	3.7	0.0076445
-110	3.8	0.0089387
-110	3.9	0.0093072
-110	4	0.0097017
-100	-4	0.0069421
-100	-3.9	0.006886
-100	-3.8	0.0065959
-100	-3.7	0.0053302
-100	-3.6	0.0059138
-100	-3.5	0.0055965
-100	-3.4	0.0073558
-100	-3.3	0.010367
-100	-3.2	0.011045
-100	-3.1	0.010591
-100	-3	0.010689
-100	-2.9	0.011997
-100	-2.8	0.013492
-100	-2.7	0.01948
-100	-2.6	0.022948
-100	-2.5	0.027897
-100	-2.4	0.029719
-100	-2.3	0.030085
-100	-2.2	0.028617
-100	-2.1	0.027948
-100	-2	0.026584
-100	-1.9	0.026899
-100	-1.8	0.02845
-100	-1.7	0.029317
-100	-1.6	0.02878
-100	-1.5	0.028207
-100	-1.4	0.028373
-100	-1.3	0.032024
-100	-1.2	0.041096
-100	-1.1	0.046133
-100	-1	0.054137
-100	-0.9	0.057415
-100	-0.8	0.059935
-100	-0.7	0.056868
-100	-0.6	0.05316
-100	-0.5	0.045624
-100	-0.4	0.037649
-100	-0.3	0.032023
-100	-0.2	0.022541
-100	-0.1	0.019656
-100	0	0.016431
-100	0.1	0.015928
-100	0.2	0.018056
-100	0.3	0.024115
-100	0.4	0.029719
-100	0.5	0.035037
-100	0.6	0.042041
-100	0.7	0.046084
-100	0.8	0.049563
-100	0.9	0.052244
-100	1	0.051832
-100	1.1	0.051069
-100	1.2	0.048926
-100	1.3	0.045669
-100	1.4	0.041981
-100	1.5	0.03912
-100	1.6	0.036384
-100	1.7	0.034011
-100	1.8	0.033355
-100	1.9	0.033812
-100	2	0.034905
-100	2.1	0.034137
-100	2.2	0.032492
-100	2.3	0.029177
-100	2.4	0.026899
-100	2.5	0.022086
-100	2.6	0.018997
-100	2.7	0.016746
-100	2.8	0.015015
-100	2.9	0.014234
-100	3	0.012195
-100	3.1	0.011348
-100	3.2	0.0094536
-100	3.3	0.0082857
-100	3.4	0.0078222
-100	3.5	0.0075894
-100	3.6	0.0075445
-100	3.7	0.0073514
-100	3.8	0.0074951
-100	3.9	0.0073646
-100	4	0.0069862
-90	-4	0.0079391
-90	-3.9	0.0078675
-90	-3.8	0.0075552
-90	-3.7	0.0071123
-90	-3.6	0.0072026
-90	-3.5	0.0081262
-90	-3.4	0.009783
-90	-3.3	0.011373
-90	-3.2	0.012062
-90	-3.1	0.012724
-90	-3	0.01306
-90	-2.9	0.014612
-90	-2.8	0.019121
-90	-2.7	0.022978
-90	-2.6	0.025484
-90	-2.5	0.028004
-90	-2.4	0.029067
-90	-2.3	0.0289
-90	-2.2	0.028468
-90	-2.1	0.028622
-90	-2	0.028818
-90	-1.9	0.02923
-90	-1.8	0.02928
-90	-1.7	0.028359
-90	-1.6	0.027102
-90	-1.5	0.026777
-90	-1.4	0.027717
-90	-1.3	0.031784
-90	-1.2	0.040244
-90	-1.1	0.046579
-90	-1	0.052739
-90	-0.9	0.056429
-90	-0.8	0.057028
-90	-0.7	0.05595
-90	-0.6	0.050724
-90	-0.5	0.045679
-90	-0.4	0.038973
-90	-0.3	0.033834
-90	-0.2	0.026124
-90	-0.1	0.021661
-90	0	0.018814
-90	0.1	0.017502
-90	0.2	0.020476
-90	0.3	0.022905
-90	0.4	0.030237
-90	0.5	0.035288
-90	0.6	0.042242
-90	0.7	0.047112
-90	0.8	0.050341
-90	0.9	0.05132
-90	1	0.051402
-90	1.1	0.05105
-90	1.2	0.04803
-90	1.3	0.044109
-90	1.4	0.0417
-90	1.5	0.039764
-90	1.6	0.038089
-90	1.7	0.037318
-90	1.8	0.03657
-90	1.9	0.036113
-90	2	0.03514
-90	2.1	0.03345
-90	2.2	0.02965
-90	2.3	0.027436
-90	2.4	0.024901
-90	2.5	0.02329
-90	2.6	0.0211
-90	2.7	0.019364
-90	2.8	0.017858
-90	2.9	0.015559
-90	3	0.013924
-90	3.1	0.01174
-90	3.2	0.0092724
-90	3.3	0.0090376
-90	3.4	0.0097863
-90	3.5	0.0098193
-90	3.6	0.0093522
-90	3.7	0.008846
-90	3.8	0.0075979
-90	3.9	0.0071236
-90	4	0.0073558
-80	-4	0.0096884
-80	-3.9	0.0090893
-80	-3.8	0.0073843
-80	-3.7	0.0059546
-80	-3.6	0.0066472
-80	-3.5	0.0078284
-80	-3.4	0.0091761
-80	-3.3	0.010619
-80	-3.2	0.011245
-80	-3.1	0.011368
-80	-3	0.014107
-80	-2.9	0.016744
-80	-2.8	0.021241
-80	-2.7	0.023385
-80	-2.6	0.02592
-80	-2.5	0.027714
-80	-2.4	0.028735
-80	-2.3	0.029131
-80	-2.2	0.030303
-80	-2.1	0.030986
-80	-2	0.031862
-80	-1.9	0.032339
-80	-1.8	0.032173
-80	-1.7	0.031552
-80	-1.6	0.029525
-80	-1.5	0.028238
-80	-1.4	0.029057
-80	-1.3	0.035537
-80	-1.2	0.044161
-80	-1.1	0.052114
-80	-1	0.057247
-80	-0.9	0.060493
-80	-0.8	0.059816
-80	-0.7	0.056949
-80	-0.6	0.048503
-80	-0.5	0.044173
-80	-0.4	0.034306
-80	-0.3	0.029259
-80	-0.2	0.023069
-80	-0.1	0.020656
-80	0	0.018661
-80	0.1	0.019
-80	0.2	0.021409
-80	0.3	0.026886
-80	0.4	0.033793
-80	0.5	0.040881
-80	0.6	0.044593
-80	0.7	0.04993
-80	0.8	0.052038
-80	0.9	0.052072
-80	1	0.051579
-80	1.1	0.049523
-80	1.2	0.046592
-80	1.3	0.044931
-80	1.4	0.042378
-80	1.5	0.039608
-80	1.6	0.038115
-80	1.7	0.037329
-80	1.8	0.036413
-80	1.9	0.036093
-80	2	0.035342
-80	2.1	0.033392
-80	2.2	0.030586
-80	2.3	0.026888
-80	2.4	0.024475
-80	2.5	0.023189
-80	2.6	0.021723
-80	2.7	0.021289
-80	2.8	0.020359
-80	2.9	0.018773
-80	3	0.016408
-80	3.1	0.013173
-80	3.2	0.010912
-80	3.3	0.0093574
-80	3.4	0.010392
-80	3.5	0.011075
-80	3.6	0.010842
-80	3.7	0.010186
-80	3.8	0.0090573
-80	3.9	0.0082857
-80	4	0.0079452
-70	-4	0.010098
-70	-3.9	0.01039
-70	-3.8	0.0095116
-70	-3.7	0.0090215
-70	-3.6	0.0082191
-70	-3.5	0.009255
-70	-3.4	0.01081
-70	-3.3	0.012961
-70	-3.2	0.014078
-70	-3.1	0.014902
-70	-3	0.016089
-70	-2.9	0.017327
-70	-2.8	0.020198
-70	-2.7	0.023404
-70	-2.6	0.025943
-70	-2.5	0.027328
-70	-2.4	0.028035
-70	-2.3	0.027764
-70	-2.2	0.028027
-70	-2.1	0.028887
-70	-2	0.029649
-70	-1.9	0.030098
-70	-1.8	0.029386
-70	-1.7	0.028263
-70	-1.6	0.026834
-70	-1.5	0.026475
-70	-1.4	0.027802
-70	-1.3	0.033678
-70	-1.2	0.038344
-70	-1.1	0.046325
-70	-1	0.053349
-70	-0.9	0.056341
-70	-0.8	0.057708
-70	-0.7	0.056084
-70	-0.6	0.051682
-70	-0.5	0.045515
-70	-0.4	0.039755
-70	-0.3	0.02778
-70	-0.2	0.022614
-70	-0.1	0.01972
-70	0	0.01745
-70	0.1	0.017686
-70	0.2	0.020053
-70	0.3	0.023948
-70	0.4	0.030718
-70	0.5	0.037009
-70	0.6	0.04521
-70	0.7	0.049051
-70	0.8	0.05357
-70	0.9	0.054063
-70	1	0.052754
-70	1.1	0.050005
-70	1.2	0.046266
-70	1.3	0.041973
-70	1.4	0.040089
-70	1.5	0.038707
-70	1.6	0.037893
-70	1.7	0.036285
-70	1.8	0.035153
-70	1.9	0.032808
-70	2	0.030854
-70	2.1	0.029446
-70	2.2	0.027868
-70	2.3	0.027191
-70	2.4	0.026266
-70	2.5	0.024842
-70	2.6	0.020831
-70	2.7	0.019711
-70	2.8	0.016162
-70	2.9	0.013258
-70	3	0.011826
-70	3.1	0.011433
-70	3.2	0.011068
-70	3.3	0.011632
-70	3.4	0.011491
-70	3.5	0.010691
-70	3.6	0.0094707
-70	3.7	0.009328
-70	3.8	0.009715
-70	3.9	0.0099403
-70	4	0.0098881
-60	-4	0.0098914
-60	-3.9	0.010495
-60	-3.8	0.0091761
-60	-3.7	0.0074323
-60	-3.6	0.0067389
-60	-3.5	0.0071981
-60	-3.4	0.010134
-60	-3.3	0.012294
-60	-3.2	0.013188
-60	-3.1	0.013657
-60	-3	0.013377
-60	-2.9	0.014814
-60	-2.8	0.018311
-60	-2.7	0.021952
-60	-2.6	0.026502
-60	-2.5	0.031424
-60	-2.4	0.033415
-60	-2.3	0.033172
-60	-2.2	0.031888
-60	-2.1	0.030985
-60	-2	0.030208
-60	-1.9	0.0308
-60	-1.8	0.032508
-60	-1.7	0.033014
-60	-1.6	0.032543
-60	-1.5	0.030242
-60	-1.4	0.029977
-60	-1.3	0.032895
-60	-1.2	0.038625
-60	-1.1	0.048208
-60	-1	0.056012
-60	-0.9	0.059399
-60	-0.8	0.059885
-60	-0.7	0.056051
-60	-0.6	0.050338
-60	-0.5	0.043247
-60	-0.4	0.037516
-60	-0.3	0.029488
-60	-0.2	0.023827
-60	-0.1	0.019906
-60	0	0.017964
-60	0.1	0.017789
-60	0.2	0.020591
-60	0.3	0.025525
-60	0.4	0.033204
-60	0.5	0.04198
-60	0.6	0.045132
-60	0.7	0.051941
-60	0.8	0.055429
-60	0.9	0.056154
-60	1	0.055582
-60	1.1	0.05322
-60	1.2	0.049693
-60	1.3	0.043847
-60	1.4	0.040349
-60	1.5	0.037535
-60	1.6	0.035009
-60	1.7	0.033873
-60	1.8	0.033021
-60	1.9	0.03302
-60	2	0.032377
-60	2.1	0.030653
-60	2.2	0.027704
-60	2.3	0.02614
-60	2.4	0.023902
-60	2.5	0.022053
-60	2.6	0.020338
-60	2.7	0.0183
-60	2.8	0.017391
-60	2.9	0.015116
-60	3	0.013539
-60	3.1	0.012554
-60	3.2	0.010883
-60	3.3	0.0092059
-60	3.4	0.0084077
-60	3.5	0.0078098
-60	3.6	0.0075574
-60	3.7	0.0074994
-60	3.8	0.0076106
-60	3.9	0.0076382
-60	4	0.0076614
-50	-4	0.0071282
-50	-3.9	0.0073887
-50	-3.8	0.0065812
-50	-3.7	0.0059438
-50	-3.6	0.0059028
-50	-3.5	0.0076888
-50	-3.4	0.010033
-50	-3.3	0.011533
-50	-3.2	0.011733
-50	-3.1	0.011189
-50	-3	0.0099922
-50	-2.9	0.01042
-50	-2.8	0.014519
-50	-2.7	0.018302
-50	-2.6	0.024568
-50	-2.5	0.02827
-50	-2.4	0.02949
-50	-2.3	0.030444
-50	-2.2	0.030164
-50	-2.1	0.029866
-50	-2	0.029836
-50	-1.9	0.031151
-50	-1.8	0.032339
-50	-1.7	0.033244
-50	-1.6	0.032031
-50	-1.5	0.030334
-50	-1.4	0.029786
-50	-1.3	0.032834
-50	-1.2	0.040183
-50	-1.1	0.046055
-50	-1	0.055339
-50	-0.9	0.058346
-50	-0.8	0.058665
-50	-0.7	0.056012
-50	-0.6	0.048171
-50	-0.5	0.044351
-50	-0.4	0.036296
-50	-0.3	0.030111
-50	-0.2	0.022667
-50	-0.1	0.019423
-50	0	0.018236
-50	0.1	0.017484
-50	0.2	0.020013
-50	0.3	0.026051
-50	0.4	0.033123
-50	0.5	0.042795
-50	0.6	0.047856
-50	0.7	0.051923
-50	0.8	0.054053
-50	0.9	0.054279
-50	1	0.053229
-50	1.1	0.051031
-50	1.2	0.047525
-50	1.3	0.044766
-50	1.4	0.040219
-50	1.5	0.037133
-50	1.6	0.034693
-50	1.7	0.033521
-50	1.8	0.033139
-50	1.9	0.033664
-50	2	0.03359
-50	2.1	0.031197
-50	2.2	0.027768
-50	2.3	0.024607
-50	2.4	0.022891
-50	2.5	0.019881
-50	2.6	0.018414
-50	2.7	0.017252
-50	2.8	0.016492
-50	2.9	0.015016
-50	3	0.013919
-50	3.1	0.010591
-50	3.2	0.0093816
-50	3.3	0.0080563
-50	3.4	0.0083421
-50	3.5	0.0090662
-50	3.6	0.0086465
-50	3.7	0.0091584
-50	3.8	0.0084441
-50	3.9	0.0074605
-50	4	0.0069491
-40	-4	0.0061706
-40	-3.9	0.0064322
-40	-3.8	0.0073338
-40	-3.7	0.0075445
-40	-3.6	0.0072339
-40	-3.5	0.0070208
-40	-3.4	0.007135
-40	-3.3	0.0085032
-40	-3.2	0.010024
-40	-3.1	0.011526
-40	-3	0.012383
-40	-2.9	0.013923
-40	-2.8	0.015898
-40	-2.7	0.018657
-40	-2.6	0.021647
-40	-2.5	0.024795
-40	-2.4	0.028512
-40	-2.3	0.030239
-40	-2.2	0.031064
-40	-2.1	0.031358
-40	-2	0.03129
-40	-1.9	0.031441
-40	-1.8	0.032119
-40	-1.7	0.032012
-40	-1.6	0.031003
-40	-1.5	0.029683
-40	-1.4	0.029419
-40	-1.3	0.03078
-40	-1.2	0.037895
-40	-1.1	0.04516
-40	-1	0.051662
-40	-0.9	0.055169
-40	-0.8	0.057422
-40	-0.7	0.055226
-40	-0.6	0.051011
-40	-0.5	0.043164
-40	-0.4	0.037137
-40	-0.3	0.031569
-40	-0.2	0.02355
-40	-0.1	0.019479
-40	0	0.016901
-40	0.1	0.016119
-40	0.2	0.017628
-40	0.3	0.024882
-40	0.4	0.03355
-40	0.5	0.040217
-40	0.6	0.04658
-40	0.7	0.051128
-40	0.8	0.053107
-40	0.9	0.053104
-40	1	0.051204
-40	1.1	0.049022
-40	1.2	0.045409
-40	1.3	0.043439
-40	1.4	0.041222
-40	1.5	0.038937
-40	1.6	0.036697
-40	1.7	0.035884
-40	1.8	0.033625
-40	1.9	0.032352
-40	2	0.031511
-40	2.1	0.030538
-40	2.2	0.028426
-40	2.3	0.026769
-40	2.4	0.023952
-40	2.5	0.022576
-40	2.6	0.019052
-40	2.7	0.016834
-40	2.8	0.016026
-40	2.9	0.014381
-40	3	0.013051
-40	3.1	0.010884
-40	3.2	0.0091053
-40	3.3	0.0080221
-40	3.4	0.0075531
-40	3.5	0.0077412
-40	3.6	0.0067437
-40	3.7	0.0067772
-40	3.8	0.0071936
-40	3.9	0.0069723
-40	4	0.0069839
-30	-4	0.0075744
-30	-3.9	0.0091761
-30	-3.8	0.0092532
-30	-3.7	0.0092829
-30	-3.6	0.0078263
-30	-3.5	0.0076128
-30	-3.4	0.0079918
-30	-3.3	0.0087357
-30	-3.2	0.010623
-30	-3.1	0.011524
-30	-3	0.011822
-30	-2.9	0.012151
-30	-2.8	0.01555
-30	-2.7	0.018689
-30	-2.6	0.022798
-30	-2.5	0.026443
-30	-2.4	0.028949
-30	-2.3	0.029767
-30	-2.2	0.029805
-30	-2.1	0.030234
-30	-2	0.031645
-30	-1.9	0.033055
-30	-1.8	0.034383
-30	-1.7	0.033677
-30	-1.6	0.032457
-30	-1.5	0.02934
-30	-1.4	0.027113
-30	-1.3	0.028428
-30	-1.2	0.035093
-30	-1.1	0.041911
-30	-1	0.050415
-30	-0.9	0.056007
-30	-0.8	0.058344
-30	-0.7	0.056781
-30	-0.6	0.05419
-30	-0.5	0.048042
-30	-0.4	0.038101
-30	-0.3	0.029612
-30	-0.2	0.021987
-30	-0.1	0.017355
-30	0	0.015345
-30	0.1	0.016174
-30	0.2	0.019442
-30	0.3	0.024457
-30	0.4	0.030005
-30	0.5	0.036237
-30	0.6	0.044826
-30	0.7	0.049568
-30	0.8	0.052748
-30	0.9	0.052752
-30	1	0.051869
-30	1.1	0.048226
-30	1.2	0.044089
-30	1.3	0.040554
-30	1.4	0.036713
-30	1.5	0.035078
-30	1.6	0.03397
-30	1.7	0.033099
-30	1.8	0.032649
-30	1.9	0.031213
-30	2	0.030053
-30	2.1	0.029664
-30	2.2	0.028193
-30	2.3	0.026373
-30	2.4	0.025155
-30	2.5	0.02311
-30	2.6	0.021128
-30	2.7	0.017281
-30	2.8	0.01504
-30	2.9	0.014012
-30	3	0.012434
-30	3.1	0.011447
-30	3.2	0.010688
-30	3.3	0.010178
-30	3.4	0.009328
-30	3.5	0.0086278
-30	3.6	0.0077307
-30	3.7	0.0077182
-30	3.8	0.0077662
-30	3.9	0.0090911
-30	4	0.0096583
-20	-4	0.008469
-20	-3.9	0.0097482
-20	-3.8	0.010222
-20	-3.7	0.0097383
-20	-3.6	0.0082896
-20	-3.5	0.0063868
-20	-3.4	0.0069653
-20	-3.3	0.0083749
-20	-3.2	0.0092881
-20	-3.1	0.009554
-20	-3	0.0098011
-20	-2.9	0.010532
-20	-2.8	0.014546
-20	-2.7	0.018434
-20	-2.6	0.022432
-20	-2.5	0.025393
-20	-2.4	0.02794
-20	-2.3	0.029287
-20	-2.2	0.030527
-20	-2.1	0.031816
-20	-2	0.032775
-20	-1.9	0.034621
-20	-1.8	0.035574
-20	-1.7	0.035602
-20	-1.6	0.034551
-20	-1.5	0.031971
-20	-1.4	0.02884
-20	-1.3	0.029689
-20	-1.2	0.034843
-20	-1.1	0.042455
-20	-1	0.048964
-20	-0.9	0.056539
-20	-0.8	0.057798
-20	-0.7	0.056458
-20	-0.6	0.053674
-20	-0.5	0.045679
-20	-0.4	0.036502
-20	-0.3	0.028138
-20	-0.2	0.02096
-20	-0.1	0.016954
-20	0	0.015464
-20	0.1	0.016101
-20	0.2	0.018346
-20	0.3	0.023626
-20	0.4	0.029979
-20	0.5	0.036845
-20	0.6	0.041691
-20	0.7	0.046178
-20	0.8	0.049796
-20	0.9	0.050135
-20	1	0.049199
-20	1.1	0.046497
-20	1.2	0.04293
-20	1.3	0.040786
-20	1.4	0.03528
-20	1.5	0.032921
-20	1.6	0.031482
-20	1.7	0.029848
-20	1.8	0.029475
-20	1.9	0.029271
-20	2	0.029195
-20	2.1	0.028008
-20	2.2	0.027422
-20	2.3	0.025413
-20	2.4	0.022826
-20	2.5	0.020312
-20	2.6	0.018368
-20	2.7	0.017056
-20	2.8	0.01514
-20	2.9	0.014297
-20	3	0.012842
-20	3.1	0.011657
-20	3.2	0.0092898
-20	3.3	0.0080583
-20	3.4	0.0076635
-20	3.5	0.0083981
-20	3.6	0.0096482
-20	3.7	0.0094125
-20	3.8	0.009255
-20	3.9	0.0085241
-20	4	0.0077516
-10	-4	0.0092585
-10	-3.9	0.010987
-10	-3.8	0.012254
-10	-3.7	0.011112
-10	-3.6	0.0092585
-10	-3.5	0.0064372
-10	-3.4	0.0060994
-10	-3.3	0.008148
-10	-3.2	0.010468
-10	-3.1	0.01098
-10	-3	0.0089892
-10	-2.9	0.0082974
-10	-2.8	0.010783
-10	-2.7	0.015145
-10	-2.6	0.020475
-10	-2.5	0.026418
-10	-2.4	0.027784
-10	-2.3	0.028476
-10	-2.2	0.028182
-10	-2.1	0.028856
-10	-2	0.032872
-10	-1.9	0.034806
-10	-1.8	0.03915
-10	-1.7	0.040052
-10	-1.6	0.037576
-10	-1.5	0.031978
-10	-1.4	0.027058
-10	-1.3	0.025698
-10	-1.2	0.035371
-10	-1.1	0.043406
-10	-1	0.049902
-10	-0.9	0.05971
-10	-0.8	0.061503
-10	-0.7	0.060945
-10	-0.6	0.054497
-10	-0.5	0.047524
-10	-0.4	0.038037
-10	-0.3	0.026615
-10	-0.2	0.021167
-10	-0.1	0.015947
-10	0	0.014613
-10	0.1	0.016336
-10	0.2	0.018131
-10	0.3	0.024109
-10	0.4	0.028953
-10	0.5	0.039001
-10	0.6	0.04567
-10	0.7	0.051574
-10	0.8	0.053632
-10	0.9	0.053008
-10	1	0.05029
-10	1.1	0.046166
-10	1.2	0.041482
-10	1.3	0.037835
-10	1.4	0.034786
-10	1.5	0.033386
-10	1.6	0.032923
-10	1.7	0.032378
-10	1.8	0.031733
-10	1.9	0.03016
-10	2	0.029282
-10	2.1	0.02842
-10	2.2	0.027591
-10	2.3	0.026818
-10	2.4	0.025352
-10	2.5	0.023757
-10	2.6	0.020677
-10	2.7	0.018464
-10	2.8	0.015523
-10	2.9	0.014679
-10	3	0.012857
-10	3.1	0.011733
-10	3.2	0.010068
-10	3.3	0.0092707
-10	3.4	0.0090215
-10	3.5	0.0092637
-10	3.6	0.009695
-10	3.7	0.0097896
-10	3.8	0.0087929
-10	3.9	0.0080743
-10	4	0.0081579
0	-4	0.0079513
0	-3.9	0.0086987
0	-3.8	0.010189
0	-3.7	0.010515
0	-3.6	0.0091655
0	-3.5	0.0079553
0	-3.4	0.0066374
0	-3.3	0.0073095
0	-3.2	0.0092235
0	-3.1	0.010105
0	-3	0.01035
0	-2.9	0.0097482
0	-2.8	0.0099695
0	-2.7	0.01141
0	-2.6	0.018067
0	-2.5	0.021993
0	-2.4	0.027979
0	-2.3	0.030708
0	-2.2	0.031609
0	-2.1	0.031532
0	-2	0.031631
0	-1.9	0.03467
0	-1.8	0.036469
0	-1.7	0.038435
0	-1.6	0.038627
0	-1.5	0.035238
0	-1.4	0.029407
0	-1.3	0.027191
0	-1.2	0.028089
0	-1.1	0.034165
0	-1	0.043998
0	-0.9	0.052952
0	-0.8	0.057275
0	-0.7	0.060486
0	-0.6	0.059761
0	-0.5	0.053059
0	-0.4	0.045713
0	-0.3	0.035312
0	-0.2	0.025295
0	-0.1	0.0198
0	0	0.01427
0	0.1	0.014038
0	0.2	0.015292
0	0.3	0.019711
0	0.4	0.023572
0	0.5	0.032879
0	0.6	0.040347
0	0.7	0.046456
0	0.8	0.050856
0	0.9	0.053009
0	1	0.052709
0	1.1	0.049976
0	1.2	0.046222
0	1.3	0.04238
0	1.4	0.037322
0	1.5	0.033946
0	1.6	0.031809
0	1.7	0.030556
0	1.8	0.030842
0	1.9	0.030613
0	2	0.03067
0	2.1	0.029892
0	2.2	0.02895
0	2.3	0.027438
0	2.4	0.025147
0	2.5	0.022048
0	2.6	0.02057
0	2.7	0.017547
0	2.8	0.016304
0	2.9	0.014611
0	3	0.012694
0	3.1	0.011502
0	3.2	0.0091567
0	3.3	0.0082642
0	3.4	0.0080502
0	3.5	0.0081994
0	3.6	0.0081915
0	3.7	0.0074627
0	3.8	0.0072807
0	3.9	0.0072362
0	4	0.0073996
10	-4	0.0081797
10	-3.9	0.0084671
10	-3.8	0.0088679
10	-3.7	0.0089424
10	-3.6	0.0096583
10	-3.5	0.0095743
10	-3.4	0.0097797
10	-3.3	0.0098242
10	-3.2	0.0096348
10	-3.1	0.0098341
10	-3	0.010739
10	-2.9	0.011383
10	-2.8	0.012072
10	-2.7	0.013577
10	-2.6	0.016701
10	-2.5	0.02058
10	-2.4	0.028777
10	-2.3	0.032383
10	-2.2	0.035937
10	-2.1	0.036743
10	-2	0.037287
10	-1.9	0.037185
10	-1.8	0.03766
10	-1.7	0.037604
10	-1.6	0.036225
10	-1.5	0.034024
10	-1.4	0.030188
10	-1.3	0.02959
10	-1.2	0.031778
10	-1.1	0.036975
10	-1	0.045751
10	-0.9	0.049442
10	-0.8	0.052616
10	-0.7	0.055831
10	-0.6	0.05484
10	-0.5	0.053081
10	-0.4	0.044802
10	-0.3	0.035893
10	-0.2	0.031845
10	-0.1	0.022693
10	0	0.017255
10	0.1	0.015453
10	0.2	0.015942
10	0.3	0.01826
10	0.4	0.025256
10	0.5	0.029757
10	0.6	0.035992
10	0.7	0.044297
10	0.8	0.049949
10	0.9	0.053027
10	1	0.054456
10	1.1	0.052626
10	1.2	0.050633
10	1.3	0.045527
10	1.4	0.041224
10	1.5	0.035687
10	1.6	0.033774
10	1.7	0.033229
10	1.8	0.033441
10	1.9	0.033187
10	2	0.031828
10	2.1	0.03036
10	2.2	0.029424
10	2.3	0.027762
10	2.4	0.025352
10	2.5	0.023932
10	2.6	0.021669
10	2.7	0.019501
10	2.8	0.015955
10	2.9	0.013069
10	3	0.010462
10	3.1	0.0094074
10	3.2	0.0088661
10	3.3	0.0083711
10	3.4	0.0082407
10	3.5	0.006591
10	3.6	0.006313
10	3.7	0.0067317
10	3.8	0.006295
10	3.9	0.0066228
10	4	0.0074843
20	-4	0.0077724
20	-3.9	0.0086782
20	-3.8	0.0095675
20	-3.7	0.0092024
20	-3.6	0.0085639
20	-3.5	0.0076635
20	-3.4	0.0073602
20	-3.3	0.0075702
20	-3.2	0.0079309
20	-3.1	0.0084671
20	-3	0.0084537
20	-2.9	0.0088716
20	-2.8	0.0091761
20	-2.7	0.010728
20	-2.6	0.014119
20	-2.5	0.01739
20	-2.4	0.023831
20	-2.3	0.029156
20	-2.2	0.032726
20	-2.1	0.034692
20	-2	0.035287
20	-1.9	0.035778
20	-1.8	0.037098
20	-1.7	0.037934
20	-1.6	0.038229
20	-1.5	0.036022
20	-1.4	0.032415
20	-1.3	0.029322
20	-1.2	0.028363
20	-1.1	0.033136
20	-1	0.040346
20	-0.9	0.047868
20	-0.8	0.057561
20	-0.7	0.059302
20	-0.6	0.059821
20	-0.5	0.056675
20	-0.4	0.047484
20	-0.3	0.03728
20	-0.2	0.026925
20	-0.1	0.021278
20	0	0.015304
20	0.1	0.013912
20	0.2	0.014284
20	0.3	0.01619
20	0.4	0.020672
20	0.5	0.027343
20	0.6	0.035754
20	0.7	0.041561
20	0.8	0.047307
20	0.9	0.051677
20	1	0.05395
20	1.1	0.053175
20	1.2	0.050601
20	1.3	0.045572
20	1.4	0.041608
20	1.5	0.036597
20	1.6	0.033886
20	1.7	0.031263
20	1.8	0.030537
20	1.9	0.030187
20	2	0.030324
20	2.1	0.030251
20	2.2	0.030016
20	2.3	0.02931
20	2.4	0.027332
20	2.5	0.024812
20	2.6	0.021011
20	2.7	0.018522
20	2.8	0.016251
20	2.9	0.015769
20	3	0.014846
20	3.1	0.013564
20	3.2	0.012396
20	3.3	0.0099305
20	3.4	0.0076972
20	3.5	0.0070895
20	3.6	0.0073007
20	3.7	0.0079817
20	3.8	0.008154
20	3.9	0.0080663
20	4	0.0083498
30	-4	0.0088916
30	-3.9	0.010612
30	-3.8	0.011981
30	-3.7	0.011087
30	-3.6	0.0099922
30	-3.5	0.0068672
30	-3.4	0.0056824
30	-3.3	0.0087191
30	-3.2	0.010222
30	-3.1	0.011091
30	-3	0.010386
30	-2.9	0.0086708
30	-2.8	0.0092059
30	-2.7	0.012356
30	-2.6	0.0173
30	-2.5	0.021112
30	-2.4	0.027546
30	-2.3	0.029545
30	-2.2	0.03116
30	-2.1	0.031868
30	-2	0.032354
30	-1.9	0.033069
30	-1.8	0.035207
30	-1.7	0.03798
30	-1.6	0.038926
30	-1.5	0.037199
30	-1.4	0.034391
30	-1.3	0.027897
30	-1.2	0.025587
30	-1.1	0.029651
30	-1	0.039011
30	-0.9	0.04895
30	-0.8	0.055539
30	-0.7	0.062234
30	-0.6	0.063364
30	-0.5	0.058709
30	-0.4	0.05178
30	-0.3	0.040238
30	-0.2	0.030055
30	-0.1	0.021625
30	0	0.015013
30	0.1	0.014802
30	0.2	0.016568
30	0.3	0.017713
30	0.4	0.020204
30	0.5	0.026634
30	0.6	0.033312
30	0.7	0.03862
30	0.8	0.045881
30	0.9	0.049218
30	1	0.052022
30	1.1	0.051643
30	1.2	0.047876
30	1.3	0.044315
30	1.4	0.038344
30	1.5	0.034239
30	1.6	0.028864
30	1.7	0.027786
30	1.8	0.028377
30	1.9	0.02971
30	2	0.029866
30	2.1	0.029237
30	2.2	0.027973
30	2.3	0.027127
30	2.4	0.025162
30	2.5	0.023675
30	2.6	0.022274
30	2.7	0.021911
30	2.8	0.020998
30	2.9	0.01964
30	3	0.018118
30	3.1	0.015231
30	3.2	0.012747
30	3.3	0.011383
30	3.4	0.011302
30	3.5	0.011945
30	3.6	0.011837
30	3.7	0.011851
30	3.8	0.011088
30	3.9	0.0098718
30	4	0.0096683
40	-4	0.0099679
40	-3.9	0.010829
40	-3.8	0.010813
40	-3.7	0.011233
40	-3.6	0.011134
40	-3.5	0.01121
40	-3.4	0.010482
40	-3.3	0.0092619
40	-3.2	0.0093902
40	-3.1	0.0092672
40	-3	0.0098783
40	-2.9	0.010598
40	-2.8	0.011321
40	-2.7	0.014057
40	-2.6	0.018429
40	-2.5	0.02359
40	-2.4	0.026439
40	-2.3	0.02997
40	-2.2	0.033077
40	-2.1	0.035815
40	-2	0.037476
40	-1.9	0.03994
40	-1.8	0.041449
40	-1.7	0.040874
40	-1.6	0.039198
40	-1.5	0.036852
40	-1.4	0.031482
40	-1.3	0.028026
40	-1.2	0.027601
40	-1.1	0.031554
40	-1	0.036513
40	-0.9	0.041217
40	-0.8	0.049882
40	-0.7	0.054682
40	-0.6	0.058134
40	-0.5	0.056314
40	-0.4	0.05117
40	-0.3	0.048549
40	-0.2	0.036851
40	-0.1	0.028967
40	0	0.021189
40	0.1	0.014065
40	0.2	0.013155
40	0.3	0.014261
40	0.4	0.015697
40	0.5	0.020244
40	0.6	0.028329
40	0.7	0.03401
40	0.8	0.044268
40	0.9	0.04981
40	1	0.054722
40	1.1	0.056802
40	1.2	0.05559
40	1.3	0.048886
40	1.4	0.044387
40	1.5	0.040667
40	1.6	0.032647
40	1.7	0.030264
40	1.8	0.031169
40	1.9	0.033201
40	2	0.034242
40	2.1	0.032907
40	2.2	0.029689
40	2.3	0.02793
40	2.4	0.025238
40	2.5	0.023976
40	2.6	0.022707
40	2.7	0.021754
40	2.8	0.02012
40	2.9	0.01738
40	3	0.013211
40	3.1	0.010537
40	3.2	0.0075059
40	3.3	0.0067245
40	3.4	0.0076445
40	3.5	0.0083672
40	3.6	0.0086857
40	3.7	0.0086053
40	3.8	0.0079126
40	3.9	0.0077077
40	4	0.0068436
50	-4	0.011501
50	-3.9	0.012473
50	-3.8	0.013187
50	-3.7	0.01264
50	-3.6	0.012233
50	-3.5	0.010993
50	-3.4	0.0106
50	-3.3	0.010769
50	-3.2	0.010517
50	-3.1	0.0096399
50	-3	0.0094963
50	-2.9	0.010912
50	-2.8	0.013495
50	-2.7	0.017004
50	-2.6	0.020717
50	-2.5	0.023427
50	-2.4	0.026395
50	-2.3	0.029419
50	-2.2	0.031666
50	-2.1	0.033518
50	-2	0.034769
50	-1.9	0.035844
50	-1.8	0.036199
50	-1.7	0.036343
50	-1.6	0.035972
50	-1.5	0.033148
50	-1.4	0.030215
50	-1.3	0.02639
50	-1.2	0.023089
50	-1.1	0.02618
50	-1	0.032607
50	-0.9	0.039385
50	-0.8	0.051462
50	-0.7	0.056654
50	-0.6	0.059771
50	-0.5	0.059084
50	-0.4	0.053245
50	-0.3	0.047117
50	-0.2	0.038485
50	-0.1	0.027868
50	0	0.018666
50	0.1	0.014573
50	0.2	0.012471
50	0.3	0.012667
50	0.4	0.013502
50	0.5	0.017158
50	0.6	0.024526
50	0.7	0.03127
50	0.8	0.040317
50	0.9	0.047488
50	1	0.052864
50	1.1	0.05483
50	1.2	0.052849
50	1.3	0.049286
50	1.4	0.043824
50	1.5	0.039471
50	1.6	0.033017
50	1.7	0.031251
50	1.8	0.031843
50	1.9	0.033114
50	2	0.033751
50	2.1	0.03241
50	2.2	0.030595
50	2.3	0.028779
50	2.4	0.027584
50	2.5	0.026608
50	2.6	0.026393
50	2.7	0.025788
50	2.8	0.023742
50	2.9	0.02039
50	3	0.017843
50	3.1	0.013421
50	3.2	0.010792
50	3.3	0.011302
50	3.4	0.011881
50	3.5	0.012304
50	3.6	0.010799
50	3.7	0.0099938
50	3.8	0.008311
50	3.9	0.0081421
50	4	0.0086614
60	-4	0.0091089
60	-3.9	0.010531
60	-3.8	0.011737
60	-3.7	0.012048
60	-3.6	0.011981
60	-3.5	0.010325
60	-3.4	0.0092846
60	-3.3	0.0087209
60	-3.2	0.0093902
60	-3.1	0.010888
60	-3	0.011197
60	-2.9	0.010249
60	-2.8	0.0086633
60	-2.7	0.010676
60	-2.6	0.014865
60	-2.5	0.022801
60	-2.4	0.027141
60	-2.3	0.032504
60	-2.2	0.034195
60	-2.1	0.036208
60	-2	0.036763
60	-1.9	0.036998
60	-1.8	0.038402
60	-1.7	0.039321
60	-1.6	0.040428
60	-1.5	0.039974
60	-1.4	0.035267
60	-1.3	0.030372
60	-1.2	0.0245
60	-1.1	0.025475
60	-1	0.030154
60	-0.9	0.04118
60	-0.8	0.050281
60	-0.7	0.05668
60	-0.6	0.059452
60	-0.5	0.059524
60	-0.4	0.054961
60	-0.3	0.047502
60	-0.2	0.036938
60	-0.1	0.029545
60	0	0.017699
60	0.1	0.013447
60	0.2	0.011495
60	0.3	0.01206
60	0.4	0.015246
60	0.5	0.016289
60	0.6	0.023335
60	0.7	0.028296
60	0.8	0.037541
60	0.9	0.045391
60	1	0.050294
60	1.1	0.053166
60	1.2	0.052457
60	1.3	0.048191
60	1.4	0.044096
60	1.5	0.038172
60	1.6	0.032683
60	1.7	0.028846
60	1.8	0.028314
60	1.9	0.030686
60	2	0.03193
60	2.1	0.032638
60	2.2	0.031819
60	2.3	0.029393
60	2.4	0.027127
60	2.5	0.024596
60	2.6	0.023245
60	2.7	0.022348
60	2.8	0.021105
60	2.9	0.019592
60	3	0.016762
60	3.1	0.013998
60	3.2	0.010462
60	3.3	0.008946
60	3.4	0.0090929
60	3.5	0.010156
60	3.6	0.01041
60	3.7	0.01013
60	3.8	0.0094673
60	3.9	0.0081302
60	4	0.0078552
70	-4	0.010594
70	-3.9	0.011268
70	-3.8	0.011599
70	-3.7	0.011126
70	-3.6	0.0099061
70	-3.5	0.0079655
70	-3.4	0.0067028
70	-3.3	0.0069328
70	-3.2	0.0080903
70	-3.1	0.0094451
70	-3	0.0095844
70	-2.9	0.0077119
70	-2.8	0.0074583
70	-2.7	0.0097631
70	-2.6	0.015073
70	-2.5	0.020118
70	-2.4	0.023182
70	-2.3	0.027814
70	-2.2	0.030805
70	-2.1	0.032196
70	-2	0.033516
70	-1.9	0.034175
70	-1.8	0.035773
70	-1.7	0.036638
70	-1.6	0.036445
70	-1.5	0.034859
70	-1.4	0.03257
70	-1.3	0.029471
70	-1.2	0.023758
70	-1.1	0.0247
70	-1	0.031413
70	-0.9	0.0407
70	-0.8	0.050337
70	-0.7	0.05747
70	-0.6	0.061612
70	-0.5	0.06107
70	-0.4	0.057203
70	-0.3	0.047315
70	-0.2	0.036322
70	-0.1	0.027363
70	0	0.016345
70	0.1	0.010307
70	0.2	0.0098849
70	0.3	0.010619
70	0.4	0.010437
70	0.5	0.011754
70	0.6	0.017917
70	0.7	0.025315
70	0.8	0.034581
70	0.9	0.041757
70	1	0.047449
70	1.1	0.050862
70	1.2	0.050962
70	1.3	0.049072
70	1.4	0.044892
70	1.5	0.037627
70	1.6	0.034357
70	1.7	0.031592
70	1.8	0.029413
70	1.9	0.029696
70	2	0.0303
70	2.1	0.031056
70	2.2	0.031094
70	2.3	0.030445
70	2.4	0.02984
70	2.5	0.028936
70	2.6	0.027119
70	2.7	0.024821
70	2.8	0.02249
70	2.9	0.021164
70	3	0.018391
70	3.1	0.01646
70	3.2	0.012832
70	3.3	0.011002
70	3.4	0.0099045
70	3.5	0.0097333
70	3.6	0.0089838
70	3.7	0.0089369
70	3.8	0.010126
70	3.9	0.010389
70	4	0.010387
80	-4	0.0075851
80	-3.9	0.0083382
80	-3.8	0.0087505
80	-3.7	0.0097084
80	-3.6	0.010372
80	-3.5	0.01056
80	-3.4	0.010052
80	-3.3	0.0083363
80	-3.2	0.0079817
80	-3.1	0.007634
80	-3	0.0082798
80	-2.9	0.0082896
80	-2.8	0.0076888
80	-2.7	0.0074778
80	-2.6	0.0097133
80	-2.5	0.013839
80	-2.4	0.018607
80	-2.3	0.02424
80	-2.2	0.032323
80	-2.1	0.03493
80	-2	0.038454
80	-1.9	0.039665
80	-1.8	0.040136
80	-1.7	0.039957
80	-1.6	0.039752
80	-1.5	0.038911
80	-1.4	0.035468
80	-1.3	0.033621
80	-1.2	0.028194
80	-1.1	0.028086
80	-1	0.033493
80	-0.9	0.040433
80	-0.8	0.05247
80	-0.7	0.059284
80	-0.6	0.061788
80	-0.5	0.060115
80	-0.4	0.054494
80	-0.3	0.046934
80	-0.2	0.037327
80	-0.1	0.027207
80	0	0.020585
80	0.1	0.013546
80	0.2	0.012208
80	0.3	0.011705
80	0.4	0.010265
80	0.5	0.011771
80	0.6	0.018789
80	0.7	0.028165
80	0.8	0.03778
80	0.9	0.042859
80	1	0.048914
80	1.1	0.05199
80	1.2	0.052609
80	1.3	0.050408
80	1.4	0.047805
80	1.5	0.042476
80	1.6	0.039439
80	1.7	0.03496
80	1.8	0.033714
80	1.9	0.03332
80	2	0.034375
80	2.1	0.034732
80	2.2	0.034279
80	2.3	0.0333
80	2.4	0.031568
80	2.5	0.02931
80	2.6	0.025332
80	2.7	0.024123
80	2.8	0.022066
80	2.9	0.019608
80	3	0.017534
80	3.1	0.015502
80	3.2	0.01256
80	3.3	0.011509
80	3.4	0.011216
80	3.5	0.011059
80	3.6	0.010218
80	3.7	0.0093401
80	3.8	0.0091443
80	3.9	0.0090698
80	4	0.0091301
90	-4	0.0081836
90	-3.9	0.0074083
90	-3.8	0.0083692
90	-3.7	0.010183
90	-3.6	0.01247
90	-3.5	0.013378
90	-3.4	0.013328
90	-3.3	0.011344
90	-3.2	0.0094314
90	-3.1	0.0079918
90	-3	0.0070735
90	-2.9	0.0077703
90	-2.8	0.0082759
90	-2.7	0.0082505
90	-2.6	0.009537
90	-2.5	0.013781
90	-2.4	0.01893
90	-2.3	0.025003
90	-2.2	0.030603
90	-2.1	0.034758
90	-2	0.037266
90	-1.9	0.038752
90	-1.8	0.039373
90	-1.7	0.0396
90	-1.6	0.039027
90	-1.5	0.037441
90	-1.4	0.034234
90	-1.3	0.029101
90	-1.2	0.02724
90	-1.1	0.026862
90	-1	0.032661
90	-0.9	0.043294
90	-0.8	0.052245
90	-0.7	0.056869
90	-0.6	0.060013
90	-0.5	0.059777
90	-0.4	0.0544
90	-0.3	0.048506
90	-0.2	0.035197
90	-0.1	0.022437
90	0	0.018415
90	0.1	0.011785
90	0.2	0.011335
90	0.3	0.011142
90	0.4	0.009695
90	0.5	0.0094554
90	0.6	0.015473
90	0.7	0.021279
90	0.8	0.030709
90	0.9	0.039696
90	1	0.04548
90	1.1	0.049131
90	1.2	0.049993
90	1.3	0.047248
90	1.4	0.043327
90	1.5	0.04092
90	1.6	0.035054
90	1.7	0.031005
90	1.8	0.029221
90	1.9	0.028748
90	2	0.030267
90	2.1	0.031137
90	2.2	0.031533
90	2.3	0.030952
90	2.4	0.029371
90	2.5	0.027792
90	2.6	0.024311
90	2.7	0.022437
90	2.8	0.02013
90	2.9	0.018927
90	3	0.0145
90	3.1	0.012967
90	3.2	0.011009
90	3.3	0.010181
90	3.4	0.0098554
90	3.5	0.010325
90	3.6	0.0097266
90	3.7	0.0090036
90	3.8	0.0090108
90	3.9	0.0089946
90	4	0.0088807
100	-4	0.0087598
100	-3.9	0.0088625
100	-3.8	0.0093298
100	-3.7	0.010483
100	-3.6	0.011358
100	-3.5	0.011494
100	-3.4	0.010959
100	-3.3	0.0094348
100	-3.2	0.0075659
100	-3.1	0.0077056
100	-3	0.0072585
100	-2.9	0.0069977
100	-2.8	0.0073755
100	-2.7	0.0075616
100	-2.6	0.0094844
100	-2.5	0.014014
100	-2.4	0.01992
100	-2.3	0.025037
100	-2.2	0.028227
100	-2.1	0.029648
100	-2	0.032841
100	-1.9	0.035116
100	-1.8	0.037342
100	-1.7	0.039828
100	-1.6	0.04157
100	-1.5	0.039918
100	-1.4	0.036583
100	-1.3	0.031897
100	-1.2	0.025884
100	-1.1	0.025873
100	-1	0.032152
100	-0.9	0.043254
100	-0.8	0.053938
100	-0.7	0.061647
100	-0.6	0.063985
100	-0.5	0.062547
100	-0.4	0.05377
100	-0.3	0.044152
100	-0.2	0.037507
100	-0.1	0.024327
100	0	0.014034
100	0.1	0.011894
100	0.2	0.012331
100	0.3	0.011045
100	0.4	0.0097499
100	0.5	0.010002
100	0.6	0.017462
100	0.7	0.022601
100	0.8	0.032191
100	0.9	0.040049
100	1	0.04529
100	1.1	0.048904
100	1.2	0.048399
100	1.3	0.045911
100	1.4	0.042487
100	1.5	0.037825
100	1.6	0.033096
100	1.7	0.030997
100	1.8	0.030278
100	1.9	0.030172
100	2	0.030811
100	2.1	0.031369
100	2.2	0.031498
100	2.3	0.031174
100	2.4	0.030405
100	2.5	0.028987
100	2.6	0.027183
100	2.7	0.023936
100	2.8	0.022113
100	2.9	0.020055
100	3	0.018422
100	3.1	0.015552
100	3.2	0.013987
100	3.3	0.011551
100	3.4	0.010583
100	3.5	0.0097167
100	3.6	0.0091901
100	3.7	0.0098538
100	3.8	0.010049
100	3.9	0.010502
100	4	0.010471
110	-4	0.0093678
110	-3.9	0.010612
110	-3.8	0.011685
110	-3.7	0.012932
110	-3.6	0.013474
110	-3.5	0.011967
110	-3.4	0.010592
110	-3.3	0.00922
110	-3.2	0.0084804
110	-3.1	0.0085714
110	-3	0.0086315
110	-2.9	0.0078737
110	-2.8	0.0077828
110	-2.7	0.008667
110	-2.6	0.014105
110	-2.5	0.019081
110	-2.4	0.023117
110	-2.3	0.026339
110	-2.2	0.028948
110	-2.1	0.030337
110	-2	0.03158
110	-1.9	0.034319
110	-1.8	0.036635
110	-1.7	0.038447
110	-1.6	0.039353
110	-1.5	0.037859
110	-1.4	0.031659
110	-1.3	0.027486
110	-1.2	0.021524
110	-1.1	0.02371
110	-1	0.030162
110	-0.9	0.04084
110	-0.8	0.052999
110	-0.7	0.056769
110	-0.6	0.061215
110	-0.5	0.059172
110	-0.4	0.049819
110	-0.3	0.042563
110	-0.2	0.033182
110	-0.1	0.020032
110	0	0.01144
110	0.1	0.010279
110	0.2	0.011344
110	0.3	0.010401
110	0.4	0.008955
110	0.5	0.01103
110	0.6	0.018474
110	0.7	0.026903
110	0.8	0.032833
110	0.9	0.041543
110	1	0.045619
110	1.1	0.046591
110	1.2	0.045543
110	1.3	0.041882
110	1.4	0.036412
110	1.5	0.033697
110	1.6	0.031123
110	1.7	0.030782
110	1.8	0.030221
110	1.9	0.029452
110	2	0.028484
110	2.1	0.02745
110	2.2	0.02663
110	2.3	0.026823
110	2.4	0.02754
110	2.5	0.027452
110	2.6	0.027174
110	2.7	0.024975
110	2.8	0.022898
110	2.9	0.020232
110	3	0.017194
110	3.1	0.014957
110	3.2	0.013353
110	3.3	0.012076
110	3.4	0.011134
110	3.5	0.010883
110	3.6	0.010874
110	3.7	0.01195
110	3.8	0.012695
110	3.9	0.012814
110	4	0.012413
120	-4	0.0087024
120	-3.9	0.01075
120	-3.8	0.012748
120	-3.7	0.013447
120	-3.6	0.012591
120	-3.5	0.011249
120	-3.4	0.0088716
120	-3.3	0.0081599
120	-3.2	0.0084422
120	-3.1	0.0099679
120	-3	0.010766
120	-2.9	0.010623
120	-2.8	0.0075659
120	-2.7	0.0066423
120	-2.6	0.011281
120	-2.5	0.01879
120	-2.4	0.023712
120	-2.3	0.031335
120	-2.2	0.033769
120	-2.1	0.03446
120	-2	0.034873
120	-1.9	0.035506
120	-1.8	0.037185
120	-1.7	0.039012
120	-1.6	0.040147
120	-1.5	0.038714
120	-1.4	0.035096
120	-1.3	0.028941
120	-1.2	0.025481
120	-1.1	0.024988
120	-1	0.030556
120	-0.9	0.041451
120	-0.8	0.051488
120	-0.7	0.059319
120	-0.6	0.060169
120	-0.5	0.056563
120	-0.4	0.047817
120	-0.3	0.040996
120	-0.2	0.031521
120	-0.1	0.024879
120	0	0.016525
120	0.1	0.012088
120	0.2	0.011413
120	0.3	0.011272
120	0.4	0.011792
120	0.5	0.015639
120	0.6	0.020653
120	0.7	0.027614
120	0.8	0.034079
120	0.9	0.041222
120	1	0.043588
120	1.1	0.046083
120	1.2	0.046366
120	1.3	0.04472
120	1.4	0.041121
120	1.5	0.0382
120	1.6	0.034685
120	1.7	0.02892
120	1.8	0.027577
120	1.9	0.027343
120	2	0.028172
120	2.1	0.028987
120	2.2	0.029174
120	2.3	0.029335
120	2.4	0.027593
120	2.5	0.025711
120	2.6	0.022742
120	2.7	0.020411
120	2.8	0.018987
120	2.9	0.016703
120	3	0.014992
120	3.1	0.012686
120	3.2	0.011309
120	3.3	0.010222
120	3.4	0.0085032
120	3.5	0.0081102
120	3.6	0.0084556
120	3.7	0.0088021
120	3.8	0.0087024
120	3.9	0.0086726
120	4	0.0088204
130	-4	0.0088204
130	-3.9	0.010012
130	-3.8	0.01212
130	-3.7	0.012889
130	-3.6	0.012107
130	-3.5	0.010754
130	-3.4	0.0094022
130	-3.3	0.0081401
130	-3.2	0.0084632
130	-3.1	0.0098669
130	-3	0.009735
130	-2.9	0.0089188
130	-2.8	0.0072384
130	-2.7	0.0083149
130	-2.6	0.01234
130	-2.5	0.019868
130	-2.4	0.023909
130	-2.3	0.028816
130	-2.2	0.031019
130	-2.1	0.03269
130	-2	0.033852
130	-1.9	0.035717
130	-1.8	0.037949
130	-1.7	0.039673
130	-1.6	0.039197
130	-1.5	0.036522
130	-1.4	0.032652
130	-1.3	0.025501
130	-1.2	0.021973
130	-1.1	0.027047
130	-1	0.031114
130	-0.9	0.041786
130	-0.8	0.052108
130	-0.7	0.058228
130	-0.6	0.058664
130	-0.5	0.055667
130	-0.4	0.05143
130	-0.3	0.039952
130	-0.2	0.027893
130	-0.1	0.023373
130	0	0.016482
130	0.1	0.011919
130	0.2	0.010772
130	0.3	0.010566
130	0.4	0.010372
130	0.5	0.013814
130	0.6	0.01925
130	0.7	0.026053
130	0.8	0.03703
130	0.9	0.041498
130	1	0.045802
130	1.1	0.04779
130	1.2	0.046861
130	1.3	0.043192
130	1.4	0.040905
130	1.5	0.037945
130	1.6	0.032169
130	1.7	0.031269
130	1.8	0.030037
130	1.9	0.030044
130	2	0.030075
130	2.1	0.030169
130	2.2	0.029869
130	2.3	0.029646
130	2.4	0.02837
130	2.5	0.027962
130	2.6	0.025446
130	2.7	0.023486
130	2.8	0.020944
130	2.9	0.018398
130	3	0.015433
130	3.1	0.01377
130	3.2	0.012898
130	3.3	0.012241
130	3.4	0.011398
130	3.5	0.010446
130	3.6	0.0088771
130	3.7	0.0082681
130	3.8	0.0086558
130	3.9	0.0087763
130	4	0.0093298
140	-4	0.0080181
140	-3.9	0.01046
140	-3.8	0.012051
140	-3.7	0.012682
140	-3.6	0.01176
140	-3.5	0.01058
140	-3.4	0.0070781
140	-3.3	0.0065689
140	-3.2	0.0085089
140	-3.1	0.010565
140	-3	0.011196
140	-2.9	0.010103
140	-2.8	0.0091743
140	-2.7	0.0095489
140	-2.6	0.015729
140	-2.5	0.023194
140	-2.4	0.027111
140	-2.3	0.031723
140	-2.2	0.033794
140	-2.1	0.034715
140	-2	0.035146
140	-1.9	0.036072
140	-1.8	0.037309
140	-1.7	0.038401
140	-1.6	0.038257
140	-1.5	0.036104
140	-1.4	0.031836
140	-1.3	0.027689
140	-1.2	0.023314
140	-1.1	0.026258
140	-1	0.032166
140	-0.9	0.043667
140	-0.8	0.053451
140	-0.7	0.058524
140	-0.6	0.059663
140	-0.5	0.057712
140	-0.4	0.050049
140	-0.3	0.04392
140	-0.2	0.031855
140	-0.1	0.021666
140	0	0.014846
140	0.1	0.012612
140	0.2	0.011661
140	0.3	0.011686
140	0.4	0.013941
140	0.5	0.01862
140	0.6	0.028467
140	0.7	0.034136
140	0.8	0.038803
140	0.9	0.046956
140	1	0.049559
140	1.1	0.050167
140	1.2	0.049243
140	1.3	0.046139
140	1.4	0.042529
140	1.5	0.038678
140	1.6	0.035218
140	1.7	0.032206
140	1.8	0.030458
140	1.9	0.030363
140	2	0.030263
140	2.1	0.029863
140	2.2	0.029533
140	2.3	0.028763
140	2.4	0.026406
140	2.5	0.023818
140	2.6	0.021804
140	2.7	0.020055
140	2.8	0.017296
140	2.9	0.015807
140	3	0.013525
140	3.1	0.011193
140	3.2	0.010058
140	3.3	0.0081659
140	3.4	0.0075274
140	3.5	0.0069816
140	3.6	0.0073974
140	3.7	0.0081797
140	3.8	0.0080963
140	3.9	0.0074366
140	4	0.0072496
150	-4	0.010549
150	-3.9	0.01217
150	-3.8	0.013203
150	-3.7	0.01215
150	-3.6	0.011052
150	-3.5	0.0082446
150	-3.4	0.0068907
150	-3.3	0.0085298
150	-3.2	0.010818
150	-3.1	0.011782
150	-3	0.011676
150	-2.9	0.0096683
150	-2.8	0.0094417
150	-2.7	0.012219
150	-2.6	0.018723
150	-2.5	0.024703
150	-2.4	0.028903
150	-2.3	0.031196
150	-2.2	0.032728
150	-2.1	0.033216
150	-2	0.034196
150	-1.9	0.037493
150	-1.8	0.040374
150	-1.7	0.041565
150	-1.6	0.041086
150	-1.5	0.036136
150	-1.4	0.029012
150	-1.3	0.022763
150	-1.2	0.021835
150	-1.1	0.026212
150	-1	0.035123
150	-0.9	0.049824
150	-0.8	0.057243
150	-0.7	0.060814
150	-0.6	0.059233
150	-0.5	0.056767
150	-0.4	0.047754
150	-0.3	0.037169
150	-0.2	0.026428
150	-0.1	0.021462
150	0	0.016178
150	0.1	0.013778
150	0.2	0.013747
150	0.3	0.017293
150	0.4	0.018789
150	0.5	0.02433
150	0.6	0.031988
150	0.7	0.03668
150	0.8	0.042055
150	0.9	0.044399
150	1	0.047962
150	1.1	0.048316
150	1.2	0.047476
150	1.3	0.04539
150	1.4	0.041718
150	1.5	0.039904
150	1.6	0.035083
150	1.7	0.030432
150	1.8	0.027892
150	1.9	0.027751
150	2	0.028561
150	2.1	0.030292
150	2.2	0.03132
150	2.3	0.03088
150	2.4	0.028475
150	2.5	0.025679
150	2.6	0.021776
150	2.7	0.020886
150	2.8	0.020022
150	2.9	0.019329
150	3	0.017906
150	3.1	0.016012
150	3.2	0.013118
150	3.3	0.009675
150	3.4	0.0083343
150	3.5	0.0091248
150	3.6	0.010754
150	3.7	0.011502
150	3.8	0.011261
150	3.9	0.0095726
150	4	0.0078201
160	-4	0.0099517
160	-3.9	0.011586
160	-3.8	0.012695
160	-3.7	0.013598
160	-3.6	0.012926
160	-3.5	0.010021
160	-3.4	0.0095658
160	-3.3	0.0090412
160	-3.2	0.010301
160	-3.1	0.011468
160	-3	0.012324
160	-2.9	0.012147
160	-2.8	0.013505
160	-2.7	0.015591
160	-2.6	0.021749
160	-2.5	0.026555
160	-2.4	0.031053
160	-2.3	0.033516
160	-2.2	0.035928
160	-2.1	0.036544
160	-2	0.036937
160	-1.9	0.038063
160	-1.8	0.038586
160	-1.7	0.037996
160	-1.6	0.037044
160	-1.5	0.033106
160	-1.4	0.028166
160	-1.3	0.024365
160	-1.2	0.024853
160	-1.1	0.029667
160	-1	0.038244
160	-0.9	0.048866
160	-0.8	0.052969
160	-0.7	0.056767
160	-0.6	0.056505
160	-0.5	0.05477
160	-0.4	0.047988
160	-0.3	0.042005
160	-0.2	0.03152
160	-0.1	0.027034
160	0	0.019318
160	0.1	0.015986
160	0.2	0.015955
160	0.3	0.018411
160	0.4	0.021755
160	0.5	0.027716
160	0.6	0.032094
160	0.7	0.039825
160	0.8	0.04294
160	0.9	0.048204
160	1	0.052002
160	1.1	0.052669
160	1.2	0.051399
160	1.3	0.04906
160	1.4	0.043198
160	1.5	0.037334
160	1.6	0.033107
160	1.7	0.030578
160	1.8	0.030713
160	1.9	0.031854
160	2	0.032512
160	2.1	0.031816
160	2.2	0.03021
160	2.3	0.026576
160	2.4	0.023503
160	2.5	0.019891
160	2.6	0.018842
160	2.7	0.017751
160	2.8	0.017453
160	2.9	0.015264
160	3	0.01394
160	3.1	0.0098767
160	3.2	0.0086071
160	3.3	0.0067724
160	3.4	0.0070116
160	3.5	0.0082112
160	3.6	0.0088149
160	3.7	0.0086894
160	3.8	0.0076509
160	3.9	0.0066714
160	4	0.0061915
170	-4	0.010033
170	-3.9	0.011558
170	-3.8	0.011951
170	-3.7	0.011136
170	-3.6	0.010635
170	-3.5	0.0080963
170	-3.4	0.0071869
170	-3.3	0.0087413
170	-3.2	0.0092462
170	-3.1	0.011453
170	-3	0.011512
170	-2.9	0.011774
170	-2.8	0.012422
170	-2.7	0.01496
170	-2.6	0.020304
170	-2.5	0.024575
170	-2.4	0.027663
170	-2.3	0.030257
170	-2.2	0.031471
170	-2.1	0.032771
170	-2	0.033935
170	-1.9	0.036132
170	-1.8	0.037726
170	-1.7	0.038424
170	-1.6	0.036724
170	-1.5	0.032392
170	-1.4	0.025376
170	-1.3	0.022574
170	-1.2	0.024505
170	-1.1	0.034328
170	-1	0.040525
170	-0.9	0.049706
170	-0.8	0.057116
170	-0.7	0.058747
170	-0.6	0.058375
170	-0.5	0.054848
170	-0.4	0.044981
170	-0.3	0.041076
170	-0.2	0.029864
170	-0.1	0.023732
170	0	0.018856
170	0.1	0.017701
170	0.2	0.017607
170	0.3	0.019757
170	0.4	0.022258
170	0.5	0.031544
170	0.6	0.035715
170	0.7	0.040364
170	0.8	0.045188
170	0.9	0.04971
170	1	0.050769
170	1.1	0.050524
170	1.2	0.050432
170	1.3	0.047043
170	1.4	0.044225
170	1.5	0.039488
170	1.6	0.035837
170	1.7	0.032789
170	1.8	0.032203
170	1.9	0.032327
170	2	0.032459
170	2.1	0.032199
170	2.2	0.031187
170	2.3	0.028267
170	2.4	0.026181
170	2.5	0.023903
170	2.6	0.022224
170	2.7	0.020582
170	2.8	0.018792
170	2.9	0.017468
170	3	0.015258
170	3.1	0.012514
170	3.2	0.0098996
170	3.3	0.0077203
170	3.4	0.0080322
170	3.5	0.0085771
170	3.6	0.0092567
170	3.7	0.0088698
170	3.8	0.007508
170	3.9	0.0079817
170	4	0.0064296
180	-4	0.009213
180	-3.9	0.0099728
180	-3.8	0.0098636
180	-3.7	0.0091053
180	-3.6	0.0087911
180	-3.5	0.0086782
180	-3.4	0.0089297
180	-3.3	0.010089
180	-3.2	0.010821
180	-3.1	0.010499
180	-3	0.010511
180	-2.9	0.011245
180	-2.8	0.012804
180	-2.7	0.016653
180	-2.6	0.022068
180	-2.5	0.027063
180	-2.4	0.030482
180	-2.3	0.032493
180	-2.2	0.032702
180	-2.1	0.033106
180	-2	0.033722
180	-1.9	0.036897
180	-1.8	0.038418
180	-1.7	0.038364
180	-1.6	0.036644
180	-1.5	0.032505
180	-1.4	0.028954
180	-1.3	0.023986
180	-1.2	0.025217
180	-1.1	0.033312
180	-1	0.045328
180	-0.9	0.051751
180	-0.8	0.055897
180	-0.7	0.058509
180	-0.6	0.056206
180	-0.5	0.050966
180	-0.4	0.044536
180	-0.3	0.036092
180	-0.2	0.028908
180	-0.1	0.022713
180	0	0.019027
180	0.1	0.018436
180	0.2	0.020104
180	0.3	0.022787
180	0.4	0.026017
180	0.5	0.031915
180	0.6	0.036838
180	0.7	0.041864
180	0.8	0.046249
180	0.9	0.049181
180	1	0.050426
180	1.1	0.050123
180	1.2	0.049213
180	1.3	0.047379
180	1.4	0.043957
180	1.5	0.038642
180	1.6	0.033944
180	1.7	0.032094
180	1.8	0.031611
180	1.9	0.032218
180	2	0.032836
180	2.1	0.032914
180	2.2	0.032044
180	2.3	0.029565
180	2.4	0.025806
180	2.5	0.021859
180	2.6	0.019772
180	2.7	0.01866
180	2.8	0.017679
180	2.9	0.016631
180	3	0.015227
180	3.1	0.012488
180	3.2	0.0092392
180	3.3	0.0074279
180	3.4	0.0085431
180	3.5	0.0095099
180	3.6	0.010124
180	3.7	0.01044
180	3.8	0.0086949
180	3.9	0.0080863
180	4	0.007404
 
Uniformity Ratio =0.84729
