12-Dec-2017
7:30
TXR  007937 RM428 R24
33511B Function Generator
SN =Agilent Technologies,33511B,MY52301476,3.05-1.19-2.00-52-00
freq =+9.240000000000000E+06
burstmode =TRIG
burstN =+6.000000000000000E+01
voltage =+1.5000000000000E-01
 
DSO-X 2022A Oscilloscope
SN =AGILENT TECHNOLOGIES,DSO-X 2022A,MY54310921,02.41.2015102200
probe =+1.0000000E+00
scale =+500.0E-09
position =+19.900000E-06
range =+1.60E+00
units =VOLT
points =+2000
pointmode =NORM
format =BYTE
acqtype =NORM
trigsource =EXT
coupling =AC
 
-180	-4	0.011709
-180	-3.9	0.012533
-180	-3.8	0.012888
-180	-3.7	0.012933
-180	-3.6	0.013213
-180	-3.5	0.013363
-180	-3.4	0.013681
-180	-3.3	0.0142
-180	-3.2	0.013313
-180	-3.1	0.012419
-180	-3	0.010815
-180	-2.9	0.007693
-180	-2.8	0.0074562
-180	-2.7	0.0092305
-180	-2.6	0.013806
-180	-2.5	0.019267
-180	-2.4	0.021618
-180	-2.3	0.025548
-180	-2.2	0.027951
-180	-2.1	0.031902
-180	-2	0.036032
-180	-1.9	0.039321
-180	-1.8	0.042844
-180	-1.7	0.045091
-180	-1.6	0.04457
-180	-1.5	0.040336
-180	-1.4	0.033219
-180	-1.3	0.023473
-180	-1.2	0.020491
-180	-1.1	0.023873
-180	-1	0.035286
-180	-0.9	0.045731
-180	-0.8	0.051693
-180	-0.7	0.056383
-180	-0.6	0.056077
-180	-0.5	0.049032
-180	-0.4	0.042733
-180	-0.3	0.034082
-180	-0.2	0.024507
-180	-0.1	0.018788
-180	0	0.015573
-180	0.1	0.014119
-180	0.2	0.013291
-180	0.3	0.014078
-180	0.4	0.018984
-180	0.5	0.024076
-180	0.6	0.029942
-180	0.7	0.035956
-180	0.8	0.040802
-180	0.9	0.043501
-180	1	0.042544
-180	1.1	0.040981
-180	1.2	0.038131
-180	1.3	0.033871
-180	1.4	0.031351
-180	1.5	0.029797
-180	1.6	0.029391
-180	1.7	0.030231
-180	1.8	0.030406
-180	1.9	0.030393
-180	2	0.030079
-180	2.1	0.029419
-180	2.2	0.028519
-180	2.3	0.027028
-180	2.4	0.025553
-180	2.5	0.024027
-180	2.6	0.0218
-180	2.7	0.020016
-180	2.8	0.017169
-180	2.9	0.015336
-180	3	0.012916
-180	3.1	0.011589
-180	3.2	0.010197
-180	3.3	0.0094929
-180	3.4	0.0099028
-180	3.5	0.010049
-180	3.6	0.010868
-180	3.7	0.010087
-180	3.8	0.010312
-180	3.9	0.0098587
-180	4	0.0096432
-170	-4	0.01266
-170	-3.9	0.015687
-170	-3.8	0.016499
-170	-3.7	0.016219
-170	-3.6	0.013694
-170	-3.5	0.011055
-170	-3.4	0.0095099
-170	-3.3	0.010395
-170	-3.2	0.012907
-170	-3.1	0.01328
-170	-3	0.012102
-170	-2.9	0.0086689
-170	-2.8	0.0062331
-170	-2.7	0.0093436
-170	-2.6	0.014599
-170	-2.5	0.01978
-170	-2.4	0.024162
-170	-2.3	0.025992
-170	-2.2	0.027443
-170	-2.1	0.02981
-170	-2	0.03333
-170	-1.9	0.037114
-170	-1.8	0.041085
-170	-1.7	0.0423
-170	-1.6	0.040921
-170	-1.5	0.035973
-170	-1.4	0.027519
-170	-1.3	0.01924
-170	-1.2	0.02019
-170	-1.1	0.028206
-170	-1	0.036366
-170	-0.9	0.049086
-170	-0.8	0.054905
-170	-0.7	0.056724
-170	-0.6	0.054909
-170	-0.5	0.047554
-170	-0.4	0.038397
-170	-0.3	0.032115
-170	-0.2	0.023957
-170	-0.1	0.016734
-170	0	0.014149
-170	0.1	0.013325
-170	0.2	0.013963
-170	0.3	0.016051
-170	0.4	0.021117
-170	0.5	0.025365
-170	0.6	0.031537
-170	0.7	0.036491
-170	0.8	0.038439
-170	0.9	0.041016
-170	1	0.040828
-170	1.1	0.039549
-170	1.2	0.036843
-170	1.3	0.032956
-170	1.4	0.030654
-170	1.5	0.028239
-170	1.6	0.027512
-170	1.7	0.027775
-170	1.8	0.028393
-170	1.9	0.029229
-170	2	0.030062
-170	2.1	0.030589
-170	2.2	0.029948
-170	2.3	0.027517
-170	2.4	0.024508
-170	2.5	0.022652
-170	2.6	0.020174
-170	2.7	0.017837
-170	2.8	0.015801
-170	2.9	0.014523
-170	3	0.013103
-170	3.1	0.011855
-170	3.2	0.0098308
-170	3.3	0.0091319
-170	3.4	0.0089025
-170	3.5	0.0099419
-170	3.6	0.010279
-170	3.7	0.010515
-170	3.8	0.010477
-170	3.9	0.010716
-170	4	0.010587
-160	-4	0.010639
-160	-3.9	0.012356
-160	-3.8	0.014187
-160	-3.7	0.014906
-160	-3.6	0.014467
-160	-3.5	0.01318
-160	-3.4	0.011622
-160	-3.3	0.011294
-160	-3.2	0.011531
-160	-3.1	0.012223
-160	-3	0.011683
-160	-2.9	0.009839
-160	-2.8	0.0084747
-160	-2.7	0.010445
-160	-2.6	0.015555
-160	-2.5	0.020679
-160	-2.4	0.024577
-160	-2.3	0.028818
-160	-2.2	0.031856
-160	-2.1	0.034829
-160	-2	0.037948
-160	-1.9	0.039494
-160	-1.8	0.041268
-160	-1.7	0.041108
-160	-1.6	0.039042
-160	-1.5	0.034493
-160	-1.4	0.029415
-160	-1.3	0.022926
-160	-1.2	0.024812
-160	-1.1	0.031855
-160	-1	0.038207
-160	-0.9	0.050146
-160	-0.8	0.053978
-160	-0.7	0.056874
-160	-0.6	0.055215
-160	-0.5	0.050814
-160	-0.4	0.043877
-160	-0.3	0.034896
-160	-0.2	0.026958
-160	-0.1	0.020239
-160	0	0.016928
-160	0.1	0.014702
-160	0.2	0.014229
-160	0.3	0.017138
-160	0.4	0.020809
-160	0.5	0.027431
-160	0.6	0.032595
-160	0.7	0.038911
-160	0.8	0.044814
-160	0.9	0.045831
-160	1	0.045466
-160	1.1	0.04307
-160	1.2	0.039591
-160	1.3	0.035557
-160	1.4	0.031673
-160	1.5	0.03042
-160	1.6	0.030601
-160	1.7	0.031956
-160	1.8	0.032245
-160	1.9	0.032107
-160	2	0.031521
-160	2.1	0.029297
-160	2.2	0.027048
-160	2.3	0.024688
-160	2.4	0.022136
-160	2.5	0.021351
-160	2.6	0.019494
-160	2.7	0.0169
-160	2.8	0.014517
-160	2.9	0.012076
-160	3	0.0099922
-160	3.1	0.0090644
-160	3.2	0.008146
-160	3.3	0.0087653
-160	3.4	0.0097515
-160	3.5	0.010361
-160	3.6	0.0098324
-160	3.7	0.0083923
-160	3.8	0.0075295
-160	3.9	0.0076043
-160	4	0.0081915
-150	-4	0.012019
-150	-3.9	0.013503
-150	-3.8	0.013774
-150	-3.7	0.012927
-150	-3.6	0.010833
-150	-3.5	0.010013
-150	-3.4	0.009911
-150	-3.3	0.011515
-150	-3.2	0.01241
-150	-3.1	0.012544
-150	-3	0.010606
-150	-2.9	0.0078942
-150	-2.8	0.0074713
-150	-2.7	0.0098225
-150	-2.6	0.017421
-150	-2.5	0.022197
-150	-2.4	0.025819
-150	-2.3	0.029117
-150	-2.2	0.032216
-150	-2.1	0.034058
-150	-2	0.036448
-150	-1.9	0.038113
-150	-1.8	0.040104
-150	-1.7	0.040237
-150	-1.6	0.036745
-150	-1.5	0.030247
-150	-1.4	0.027498
-150	-1.3	0.022491
-150	-1.2	0.024686
-150	-1.1	0.033073
-150	-1	0.042812
-150	-0.9	0.049605
-150	-0.8	0.055215
-150	-0.7	0.056349
-150	-0.6	0.054908
-150	-0.5	0.04979
-150	-0.4	0.042175
-150	-0.3	0.036342
-150	-0.2	0.027008
-150	-0.1	0.021945
-150	0	0.017179
-150	0.1	0.015227
-150	0.2	0.01585
-150	0.3	0.019627
-150	0.4	0.023303
-150	0.5	0.030087
-150	0.6	0.036686
-150	0.7	0.03881
-150	0.8	0.044106
-150	0.9	0.044843
-150	1	0.044357
-150	1.1	0.04276
-150	1.2	0.041256
-150	1.3	0.038776
-150	1.4	0.03582
-150	1.5	0.033609
-150	1.6	0.032728
-150	1.7	0.032629
-150	1.8	0.032562
-150	1.9	0.032282
-150	2	0.031546
-150	2.1	0.030436
-150	2.2	0.027955
-150	2.3	0.025209
-150	2.4	0.022244
-150	2.5	0.021205
-150	2.6	0.01801
-150	2.7	0.01488
-150	2.8	0.011972
-150	2.9	0.010783
-150	3	0.0087819
-150	3.1	0.0082603
-150	3.2	0.0090358
-150	3.3	0.0088989
-150	3.4	0.0089604
-150	3.5	0.0085639
-150	3.6	0.0080963
-150	3.7	0.0070254
-150	3.8	0.0068057
-150	3.9	0.0071621
-150	4	0.007849
-140	-4	0.013454
-140	-3.9	0.013153
-140	-3.8	0.012727
-140	-3.7	0.011723
-140	-3.6	0.010914
-140	-3.5	0.010731
-140	-3.4	0.011077
-140	-3.3	0.011649
-140	-3.2	0.011061
-140	-3.1	0.0098881
-140	-3	0.0075766
-140	-2.9	0.0069398
-140	-2.8	0.0097681
-140	-2.7	0.015692
-140	-2.6	0.019863
-140	-2.5	0.023862
-140	-2.4	0.025595
-140	-2.3	0.027684
-140	-2.2	0.029826
-140	-2.1	0.032628
-140	-2	0.03536
-140	-1.9	0.038635
-140	-1.8	0.039709
-140	-1.7	0.038751
-140	-1.6	0.033025
-140	-1.5	0.028296
-140	-1.4	0.02213
-140	-1.3	0.020526
-140	-1.2	0.025244
-140	-1.1	0.03393
-140	-1	0.046895
-140	-0.9	0.055412
-140	-0.8	0.058848
-140	-0.7	0.059242
-140	-0.6	0.055469
-140	-0.5	0.049234
-140	-0.4	0.039872
-140	-0.3	0.03247
-140	-0.2	0.025933
-140	-0.1	0.020965
-140	0	0.018643
-140	0.1	0.017213
-140	0.2	0.017944
-140	0.3	0.022387
-140	0.4	0.024505
-140	0.5	0.031945
-140	0.6	0.03704
-140	0.7	0.043676
-140	0.8	0.045623
-140	0.9	0.046187
-140	1	0.044285
-140	1.1	0.042952
-140	1.2	0.040214
-140	1.3	0.036903
-140	1.4	0.033709
-140	1.5	0.032663
-140	1.6	0.032314
-140	1.7	0.032747
-140	1.8	0.0331
-140	1.9	0.033056
-140	2	0.033104
-140	2.1	0.031977
-140	2.2	0.030363
-140	2.3	0.027155
-140	2.4	0.025013
-140	2.5	0.02233
-140	2.6	0.019296
-140	2.7	0.016588
-140	2.8	0.015198
-140	2.9	0.013214
-140	3	0.011889
-140	3.1	0.011125
-140	3.2	0.010908
-140	3.3	0.011206
-140	3.4	0.011113
-140	3.5	0.011383
-140	3.6	0.010665
-140	3.7	0.009893
-140	3.8	0.0090484
-140	3.9	0.009084
-140	4	0.0091743
-130	-4	0.012542
-130	-3.9	0.013396
-130	-3.8	0.012569
-130	-3.7	0.011566
-130	-3.6	0.010301
-130	-3.5	0.011228
-130	-3.4	0.012064
-130	-3.3	0.012179
-130	-3.2	0.011517
-130	-3.1	0.009084
-130	-3	0.0076043
-130	-2.9	0.0089224
-130	-2.8	0.014195
-130	-2.7	0.017485
-130	-2.6	0.021635
-130	-2.5	0.02469
-130	-2.4	0.027109
-130	-2.3	0.030004
-130	-2.2	0.032812
-130	-2.1	0.035588
-130	-2	0.039418
-130	-1.9	0.040393
-130	-1.8	0.039993
-130	-1.7	0.036711
-130	-1.6	0.031232
-130	-1.5	0.023565
-130	-1.4	0.020851
-130	-1.3	0.025109
-130	-1.2	0.034142
-130	-1.1	0.043071
-130	-1	0.046729
-130	-0.9	0.053046
-130	-0.8	0.056738
-130	-0.7	0.055578
-130	-0.6	0.052401
-130	-0.5	0.048482
-130	-0.4	0.038575
-130	-0.3	0.03329
-130	-0.2	0.028195
-130	-0.1	0.022903
-130	0	0.019333
-130	0.1	0.017764
-130	0.2	0.019117
-130	0.3	0.023386
-130	0.4	0.027777
-130	0.5	0.031988
-130	0.6	0.038221
-130	0.7	0.041078
-130	0.8	0.045062
-130	0.9	0.045366
-130	1	0.044987
-130	1.1	0.044368
-130	1.2	0.041442
-130	1.3	0.037596
-130	1.4	0.033658
-130	1.5	0.031709
-130	1.6	0.032582
-130	1.7	0.034296
-130	1.8	0.03555
-130	1.9	0.035633
-130	2	0.034771
-130	2.1	0.032305
-130	2.2	0.028257
-130	2.3	0.023686
-130	2.4	0.020958
-130	2.5	0.019649
-130	2.6	0.018868
-130	2.7	0.017166
-130	2.8	0.015473
-130	2.9	0.012952
-130	3	0.010303
-130	3.1	0.0082915
-130	3.2	0.0082486
-130	3.3	0.0097698
-130	3.4	0.010751
-130	3.5	0.010557
-130	3.6	0.0094057
-130	3.7	0.0085279
-130	3.8	0.0083091
-130	3.9	0.0083904
-130	4	0.0089982
-120	-4	0.01305
-120	-3.9	0.012233
-120	-3.8	0.011181
-120	-3.7	0.010778
-120	-3.6	0.010624
-120	-3.5	0.011005
-120	-3.4	0.011339
-120	-3.3	0.010156
-120	-3.2	0.0089658
-120	-3.1	0.0076191
-120	-3	0.0079513
-120	-2.9	0.011336
-120	-2.8	0.015756
-120	-2.7	0.020587
-120	-2.6	0.023673
-120	-2.5	0.024993
-120	-2.4	0.025827
-120	-2.3	0.026776
-120	-2.2	0.030066
-120	-2.1	0.032419
-120	-2	0.035909
-120	-1.9	0.037733
-120	-1.8	0.037
-120	-1.7	0.03399
-120	-1.6	0.029335
-120	-1.5	0.022637
-120	-1.4	0.019893
-120	-1.3	0.026141
-120	-1.2	0.034236
-120	-1.1	0.045836
-120	-1	0.054018
-120	-0.9	0.059292
-120	-0.8	0.061468
-120	-0.7	0.059248
-120	-0.6	0.053411
-120	-0.5	0.045222
-120	-0.4	0.037492
-120	-0.3	0.026998
-120	-0.2	0.021948
-120	-0.1	0.018083
-120	0	0.016563
-120	0.1	0.017179
-120	0.2	0.019915
-120	0.3	0.026104
-120	0.4	0.033023
-120	0.5	0.040083
-120	0.6	0.043864
-120	0.7	0.048643
-120	0.8	0.049301
-120	0.9	0.048244
-120	1	0.045853
-120	1.1	0.042547
-120	1.2	0.040115
-120	1.3	0.036655
-120	1.4	0.034414
-120	1.5	0.034334
-120	1.6	0.034971
-120	1.7	0.034694
-120	1.8	0.034166
-120	1.9	0.032584
-120	2	0.030427
-120	2.1	0.028813
-120	2.2	0.02632
-120	2.3	0.024205
-120	2.4	0.022063
-120	2.5	0.020529
-120	2.6	0.018917
-120	2.7	0.016497
-120	2.8	0.014567
-120	2.9	0.012869
-120	3	0.01102
-120	3.1	0.010216
-120	3.2	0.009705
-120	3.3	0.010365
-120	3.4	0.011513
-120	3.5	0.011981
-120	3.6	0.011984
-120	3.7	0.011531
-120	3.8	0.010799
-120	3.9	0.010116
-120	4	0.009416
-110	-4	0.013211
-110	-3.9	0.01244
-110	-3.8	0.011087
-110	-3.7	0.0092252
-110	-3.6	0.0091567
-110	-3.5	0.010491
-110	-3.4	0.011583
-110	-3.3	0.011319
-110	-3.2	0.010869
-110	-3.1	0.0087524
-110	-3	0.008946
-110	-2.9	0.01243
-110	-2.8	0.018122
-110	-2.7	0.022624
-110	-2.6	0.025507
-110	-2.5	0.027745
-110	-2.4	0.028475
-110	-2.3	0.02986
-110	-2.2	0.032986
-110	-2.1	0.035824
-110	-2	0.037611
-110	-1.9	0.038892
-110	-1.8	0.037376
-110	-1.7	0.033986
-110	-1.6	0.027608
-110	-1.5	0.02214
-110	-1.4	0.02247
-110	-1.3	0.02907
-110	-1.2	0.03867
-110	-1.1	0.049595
-110	-1	0.053204
-110	-0.9	0.058251
-110	-0.8	0.058202
-110	-0.7	0.055194
-110	-0.6	0.046106
-110	-0.5	0.040309
-110	-0.4	0.034961
-110	-0.3	0.028
-110	-0.2	0.021519
-110	-0.1	0.019451
-110	0	0.018272
-110	0.1	0.019033
-110	0.2	0.024151
-110	0.3	0.027162
-110	0.4	0.033196
-110	0.5	0.038246
-110	0.6	0.043213
-110	0.7	0.048691
-110	0.8	0.049675
-110	0.9	0.049289
-110	1	0.046455
-110	1.1	0.04489
-110	1.2	0.040322
-110	1.3	0.037303
-110	1.4	0.033512
-110	1.5	0.033328
-110	1.6	0.034243
-110	1.7	0.035806
-110	1.8	0.035352
-110	1.9	0.034729
-110	2	0.03169
-110	2.1	0.028679
-110	2.2	0.025939
-110	2.3	0.023249
-110	2.4	0.021131
-110	2.5	0.020153
-110	2.6	0.018696
-110	2.7	0.017414
-110	2.8	0.015497
-110	2.9	0.013037
-110	3	0.011969
-110	3.1	0.011272
-110	3.2	0.011841
-110	3.3	0.011822
-110	3.4	0.01192
-110	3.5	0.011281
-110	3.6	0.010618
-110	3.7	0.0095979
-110	3.8	0.0092637
-110	3.9	0.0093107
-110	4	0.0089405
-100	-4	0.01018
-100	-3.9	0.0097615
-100	-3.8	0.0091813
-100	-3.7	0.0090376
-100	-3.6	0.0095387
-100	-3.5	0.01
-100	-3.4	0.010847
-100	-3.3	0.010526
-100	-3.2	0.0102
-100	-3.1	0.0089928
-100	-3	0.0097747
-100	-2.9	0.011838
-100	-2.8	0.015967
-100	-2.7	0.020613
-100	-2.6	0.02408
-100	-2.5	0.02726
-100	-2.4	0.029998
-100	-2.3	0.031297
-100	-2.2	0.033725
-100	-2.1	0.034524
-100	-2	0.035451
-100	-1.9	0.035641
-100	-1.8	0.032838
-100	-1.7	0.029514
-100	-1.6	0.025602
-100	-1.5	0.024281
-100	-1.4	0.02795
-100	-1.3	0.036341
-100	-1.2	0.041887
-100	-1.1	0.050671
-100	-1	0.05312
-100	-0.9	0.057324
-100	-0.8	0.055849
-100	-0.7	0.05293
-100	-0.6	0.045061
-100	-0.5	0.037545
-100	-0.4	0.031736
-100	-0.3	0.024369
-100	-0.2	0.01883
-100	-0.1	0.016156
-100	0	0.016056
-100	0.1	0.019573
-100	0.2	0.022738
-100	0.3	0.029742
-100	0.4	0.036069
-100	0.5	0.041301
-100	0.6	0.045819
-100	0.7	0.049828
-100	0.8	0.049495
-100	0.9	0.048759
-100	1	0.046822
-100	1.1	0.043478
-100	1.2	0.03985
-100	1.3	0.038181
-100	1.4	0.036673
-100	1.5	0.036518
-100	1.6	0.036841
-100	1.7	0.036405
-100	1.8	0.034858
-100	1.9	0.03372
-100	2	0.031381
-100	2.1	0.029053
-100	2.2	0.024503
-100	2.3	0.022486
-100	2.4	0.019916
-100	2.5	0.01787
-100	2.6	0.014619
-100	2.7	0.012323
-100	2.8	0.011341
-100	2.9	0.011284
-100	3	0.011382
-100	3.1	0.011105
-100	3.2	0.010619
-100	3.3	0.010081
-100	3.4	0.0097233
-100	3.5	0.0090233
-100	3.6	0.0079166
-100	3.7	0.0084956
-100	3.8	0.008594
-100	3.9	0.0089261
-100	4	0.0086633
-90	-4	0.0091708
-90	-3.9	0.0083923
-90	-3.8	0.0077662
-90	-3.7	0.0069677
-90	-3.6	0.0081599
-90	-3.5	0.009255
-90	-3.4	0.01071
-90	-3.3	0.010999
-90	-3.2	0.0094297
-90	-3.1	0.0082935
-90	-3	0.0094895
-90	-2.9	0.014451
-90	-2.8	0.018405
-90	-2.7	0.022639
-90	-2.6	0.026922
-90	-2.5	0.030182
-90	-2.4	0.032055
-90	-2.3	0.033651
-90	-2.2	0.03482
-90	-2.1	0.035548
-90	-2	0.036646
-90	-1.9	0.036993
-90	-1.8	0.035956
-90	-1.7	0.032722
-90	-1.6	0.028213
-90	-1.5	0.025637
-90	-1.4	0.02852
-90	-1.3	0.037857
-90	-1.2	0.047658
-90	-1.1	0.053397
-90	-1	0.057199
-90	-0.9	0.058507
-90	-0.8	0.055453
-90	-0.7	0.05084
-90	-0.6	0.041826
-90	-0.5	0.036308
-90	-0.4	0.030326
-90	-0.3	0.022998
-90	-0.2	0.020713
-90	-0.1	0.018051
-90	0	0.017666
-90	0.1	0.020373
-90	0.2	0.026187
-90	0.3	0.032561
-90	0.4	0.042245
-90	0.5	0.045858
-90	0.6	0.050752
-90	0.7	0.05164
-90	0.8	0.051483
-90	0.9	0.048636
-90	1	0.046312
-90	1.1	0.043607
-90	1.2	0.040408
-90	1.3	0.038039
-90	1.4	0.036371
-90	1.5	0.035422
-90	1.6	0.034874
-90	1.7	0.03354
-90	1.8	0.032438
-90	1.9	0.030874
-90	2	0.028501
-90	2.1	0.025396
-90	2.2	0.023154
-90	2.3	0.020265
-90	2.4	0.017926
-90	2.5	0.01519
-90	2.6	0.01376
-90	2.7	0.012152
-90	2.8	0.01107
-90	2.9	0.010839
-90	3	0.010169
-90	3.1	0.008964
-90	3.2	0.0081599
-90	3.3	0.0079411
-90	3.4	0.0080703
-90	3.5	0.0077787
-90	3.6	0.0073668
-90	3.7	0.0074192
-90	3.8	0.0077056
-90	3.9	0.007818
-90	4	0.0071801
-80	-4	0.010325
-80	-3.9	0.0099841
-80	-3.8	0.0097879
-80	-3.7	0.0099906
-80	-3.6	0.010633
-80	-3.5	0.011437
-80	-3.4	0.011996
-80	-3.3	0.011318
-80	-3.2	0.010213
-80	-3.1	0.010511
-80	-3	0.013266
-80	-2.9	0.019443
-80	-2.8	0.023809
-80	-2.7	0.025929
-80	-2.6	0.028225
-80	-2.5	0.029592
-80	-2.4	0.031604
-80	-2.3	0.033498
-80	-2.2	0.036181
-80	-2.1	0.039172
-80	-2	0.039637
-80	-1.9	0.037534
-80	-1.8	0.032606
-80	-1.7	0.027136
-80	-1.6	0.024744
-80	-1.5	0.025793
-80	-1.4	0.034598
-80	-1.3	0.040241
-80	-1.2	0.04895
-80	-1.1	0.055133
-80	-1	0.058202
-80	-0.9	0.057935
-80	-0.8	0.054073
-80	-0.7	0.048015
-80	-0.6	0.03803
-80	-0.5	0.033259
-80	-0.4	0.026791
-80	-0.3	0.020464
-80	-0.2	0.017559
-80	-0.1	0.016609
-80	0	0.01781
-80	0.1	0.020851
-80	0.2	0.026708
-80	0.3	0.034151
-80	0.4	0.042638
-80	0.5	0.045671
-80	0.6	0.049936
-80	0.7	0.051399
-80	0.8	0.05076
-80	0.9	0.048067
-80	1	0.043455
-80	1.1	0.041082
-80	1.2	0.038694
-80	1.3	0.036953
-80	1.4	0.036483
-80	1.5	0.037165
-80	1.6	0.037163
-80	1.7	0.036182
-80	1.8	0.033636
-80	1.9	0.0306
-80	2	0.028684
-80	2.1	0.027399
-80	2.2	0.025196
-80	2.3	0.023386
-80	2.4	0.021012
-80	2.5	0.019296
-80	2.6	0.01614
-80	2.7	0.013855
-80	2.8	0.012199
-80	2.9	0.012527
-80	3	0.013015
-80	3.1	0.013584
-80	3.2	0.012852
-80	3.3	0.011447
-80	3.4	0.010256
-80	3.5	0.010042
-80	3.6	0.0091
-80	3.7	0.0092095
-80	3.8	0.010049
-80	3.9	0.01079
-80	4	0.010295
-70	-4	0.011209
-70	-3.9	0.0099208
-70	-3.8	0.0087079
-70	-3.7	0.0078839
-70	-3.6	0.0089874
-70	-3.5	0.01078
-70	-3.4	0.011196
-70	-3.3	0.01058
-70	-3.2	0.010226
-70	-3.1	0.01093
-70	-3	0.016148
-70	-2.9	0.020174
-70	-2.8	0.024746
-70	-2.7	0.02653
-70	-2.6	0.029115
-70	-2.5	0.030557
-70	-2.4	0.032197
-70	-2.3	0.034229
-70	-2.2	0.037626
-70	-2.1	0.039374
-70	-2	0.039675
-70	-1.9	0.03779
-70	-1.8	0.035313
-70	-1.7	0.028046
-70	-1.6	0.025839
-70	-1.5	0.027758
-70	-1.4	0.038196
-70	-1.3	0.043387
-70	-1.2	0.054243
-70	-1.1	0.057833
-70	-1	0.059585
-70	-0.9	0.05741
-70	-0.8	0.052503
-70	-0.7	0.044798
-70	-0.6	0.035173
-70	-0.5	0.028903
-70	-0.4	0.024307
-70	-0.3	0.019368
-70	-0.2	0.017446
-70	-0.1	0.017678
-70	0	0.020245
-70	0.1	0.025989
-70	0.2	0.031634
-70	0.3	0.039938
-70	0.4	0.044049
-70	0.5	0.048749
-70	0.6	0.050987
-70	0.7	0.051025
-70	0.8	0.049613
-70	0.9	0.048713
-70	1	0.043887
-70	1.1	0.041503
-70	1.2	0.039352
-70	1.3	0.03622
-70	1.4	0.034955
-70	1.5	0.034907
-70	1.6	0.035392
-70	1.7	0.034974
-70	1.8	0.033133
-70	1.9	0.030745
-70	2	0.027025
-70	2.1	0.024435
-70	2.2	0.021057
-70	2.3	0.019613
-70	2.4	0.018572
-70	2.5	0.018112
-70	2.6	0.016631
-70	2.7	0.014729
-70	2.8	0.013187
-70	2.9	0.011512
-70	3	0.011215
-70	3.1	0.011348
-70	3.2	0.011632
-70	3.3	0.011298
-70	3.4	0.011424
-70	3.5	0.011426
-70	3.6	0.010842
-70	3.7	0.0094929
-70	3.8	0.0090893
-70	3.9	0.0087561
-70	4	0.0087524
-60	-4	0.0084728
-60	-3.9	0.0086446
-60	-3.8	0.0092392
-60	-3.7	0.010176
-60	-3.6	0.011106
-60	-3.5	0.010739
-60	-3.4	0.010621
-60	-3.3	0.0098685
-60	-3.2	0.010055
-60	-3.1	0.012824
-60	-3	0.017592
-60	-2.9	0.020766
-60	-2.8	0.02485
-60	-2.7	0.027754
-60	-2.6	0.028748
-60	-2.5	0.029933
-60	-2.4	0.031763
-60	-2.3	0.034856
-60	-2.2	0.037528
-60	-2.1	0.03987
-60	-2	0.039704
-60	-1.9	0.037149
-60	-1.8	0.031821
-60	-1.7	0.02719
-60	-1.6	0.027313
-60	-1.5	0.034613
-60	-1.4	0.042971
-60	-1.3	0.0503
-60	-1.2	0.058469
-60	-1.1	0.062279
-60	-1	0.061694
-60	-0.9	0.058398
-60	-0.8	0.049678
-60	-0.7	0.041905
-60	-0.6	0.031389
-60	-0.5	0.023219
-60	-0.4	0.020091
-60	-0.3	0.017875
-60	-0.2	0.017515
-60	-0.1	0.018748
-60	0	0.022401
-60	0.1	0.026621
-60	0.2	0.037748
-60	0.3	0.04159
-60	0.4	0.049024
-60	0.5	0.051909
-60	0.6	0.052652
-60	0.7	0.051716
-60	0.8	0.048277
-60	0.9	0.044878
-60	1	0.04083
-60	1.1	0.039079
-60	1.2	0.03787
-60	1.3	0.037363
-60	1.4	0.036701
-60	1.5	0.036141
-60	1.6	0.034336
-60	1.7	0.032693
-60	1.8	0.029608
-60	1.9	0.027534
-60	2	0.025739
-60	2.1	0.024236
-60	2.2	0.02299
-60	2.3	0.021331
-60	2.4	0.020083
-60	2.5	0.017745
-60	2.6	0.015556
-60	2.7	0.01352
-60	2.8	0.012782
-60	2.9	0.012631
-60	3	0.012487
-60	3.1	0.012148
-60	3.2	0.011769
-60	3.3	0.011604
-60	3.4	0.011875
-60	3.5	0.011748
-60	3.6	0.011196
-60	3.7	0.010389
-60	3.8	0.0095404
-60	3.9	0.0090555
-60	4	0.0078242
-50	-4	0.0083537
-50	-3.9	0.0076699
-50	-3.8	0.0088442
-50	-3.7	0.0098636
-50	-3.6	0.011662
-50	-3.5	0.011997
-50	-3.4	0.011359
-50	-3.3	0.010189
-50	-3.2	0.0099175
-50	-3.1	0.012901
-50	-3	0.018644
-50	-2.9	0.023807
-50	-2.8	0.028809
-50	-2.7	0.0305
-50	-2.6	0.031108
-50	-2.5	0.032011
-50	-2.4	0.035281
-50	-2.3	0.038465
-50	-2.2	0.041725
-50	-2.1	0.043437
-50	-2	0.042133
-50	-1.9	0.037593
-50	-1.8	0.033435
-50	-1.7	0.029755
-50	-1.6	0.029624
-50	-1.5	0.037538
-50	-1.4	0.041915
-50	-1.3	0.055074
-50	-1.2	0.059148
-50	-1.1	0.061846
-50	-1	0.060181
-50	-0.9	0.055192
-50	-0.8	0.048368
-50	-0.7	0.038292
-50	-0.6	0.030122
-50	-0.5	0.024657
-50	-0.4	0.020834
-50	-0.3	0.020068
-50	-0.2	0.020389
-50	-0.1	0.022265
-50	0	0.025518
-50	0.1	0.030954
-50	0.2	0.037957
-50	0.3	0.044006
-50	0.4	0.050457
-50	0.5	0.053227
-50	0.6	0.054514
-50	0.7	0.053291
-50	0.8	0.051265
-50	0.9	0.046335
-50	1	0.042316
-50	1.1	0.040195
-50	1.2	0.037319
-50	1.3	0.035749
-50	1.4	0.035442
-50	1.5	0.035042
-50	1.6	0.034839
-50	1.7	0.033036
-50	1.8	0.031436
-50	1.9	0.027973
-50	2	0.026199
-50	2.1	0.023594
-50	2.2	0.021351
-50	2.3	0.01995
-50	2.4	0.018347
-50	2.5	0.01655
-50	2.6	0.014865
-50	2.7	0.011913
-50	2.8	0.01023
-50	2.9	0.0099224
-50	3	0.0093488
-50	3.1	0.0093902
-50	3.2	0.0095709
-50	3.3	0.0096348
-50	3.4	0.0089134
-50	3.5	0.0084804
-50	3.6	0.0089369
-50	3.7	0.008488
-50	3.8	0.0078921
-50	3.9	0.008006
-50	4	0.0066423
-40	-4	0.010222
-40	-3.9	0.0091018
-40	-3.8	0.0088241
-40	-3.7	0.010172
-40	-3.6	0.011752
-40	-3.5	0.013227
-40	-3.4	0.012799
-40	-3.3	0.011705
-40	-3.2	0.011781
-40	-3.1	0.013798
-40	-3	0.018267
-40	-2.9	0.024363
-40	-2.8	0.027796
-40	-2.7	0.029939
-40	-2.6	0.031718
-40	-2.5	0.033577
-40	-2.4	0.035575
-40	-2.3	0.037777
-40	-2.2	0.040115
-40	-2.1	0.041416
-40	-2	0.040977
-40	-1.9	0.038779
-40	-1.8	0.032749
-40	-1.7	0.029712
-40	-1.6	0.03049
-40	-1.5	0.036308
-40	-1.4	0.047739
-40	-1.3	0.054942
-40	-1.2	0.061724
-40	-1.1	0.063517
-40	-1	0.060817
-40	-0.9	0.056087
-40	-0.8	0.047449
-40	-0.7	0.038757
-40	-0.6	0.033979
-40	-0.5	0.027976
-40	-0.4	0.022397
-40	-0.3	0.020504
-40	-0.2	0.019706
-40	-0.1	0.021898
-40	0	0.023755
-40	0.1	0.030587
-40	0.2	0.039265
-40	0.3	0.047689
-40	0.4	0.051657
-40	0.5	0.054135
-40	0.6	0.053811
-40	0.7	0.051493
-40	0.8	0.048498
-40	0.9	0.043677
-40	1	0.040564
-40	1.1	0.037929
-40	1.2	0.037104
-40	1.3	0.0358
-40	1.4	0.035332
-40	1.5	0.03487
-40	1.6	0.034203
-40	1.7	0.032824
-40	1.8	0.030897
-40	1.9	0.0294
-40	2	0.027467
-40	2.1	0.023473
-40	2.2	0.022157
-40	2.3	0.018748
-40	2.4	0.016422
-40	2.5	0.013542
-40	2.6	0.012142
-40	2.7	0.011759
-40	2.8	0.011014
-40	2.9	0.010799
-40	3	0.010486
-40	3.1	0.010194
-40	3.2	0.0095591
-40	3.3	0.008946
-40	3.4	0.0088278
-40	3.5	0.0093072
-40	3.6	0.0088278
-40	3.7	0.0085374
-40	3.8	0.0086053
-40	3.9	0.008344
-40	4	0.0077391
-30	-4	0.0079938
-30	-3.9	0.0070552
-30	-3.8	0.007617
-30	-3.7	0.010053
-30	-3.6	0.01208
-30	-3.5	0.013237
-30	-3.4	0.01161
-30	-3.3	0.0101
-30	-3.2	0.010448
-30	-3.1	0.014879
-30	-3	0.018705
-30	-2.9	0.025527
-30	-2.8	0.029442
-30	-2.7	0.031351
-30	-2.6	0.033743
-30	-2.5	0.035966
-30	-2.4	0.037116
-30	-2.3	0.039565
-30	-2.2	0.0422
-30	-2.1	0.043831
-30	-2	0.043398
-30	-1.9	0.04023
-30	-1.8	0.033788
-30	-1.7	0.031225
-30	-1.6	0.032859
-30	-1.5	0.038806
-30	-1.4	0.047748
-30	-1.3	0.055144
-30	-1.2	0.06099
-30	-1.1	0.063028
-30	-1	0.060837
-30	-0.9	0.056943
-30	-0.8	0.046237
-30	-0.7	0.040131
-30	-0.6	0.033156
-30	-0.5	0.027508
-30	-0.4	0.023842
-30	-0.3	0.021489
-30	-0.2	0.020525
-30	-0.1	0.022462
-30	0	0.027541
-30	0.1	0.032422
-30	0.2	0.04308
-30	0.3	0.047083
-30	0.4	0.052827
-30	0.5	0.054333
-30	0.6	0.054007
-30	0.7	0.051915
-30	0.8	0.049443
-30	0.9	0.045563
-30	1	0.043902
-30	1.1	0.041247
-30	1.2	0.039801
-30	1.3	0.037736
-30	1.4	0.037055
-30	1.5	0.035975
-30	1.6	0.035354
-30	1.7	0.03428
-30	1.8	0.032242
-30	1.9	0.031528
-30	2	0.028991
-30	2.1	0.025195
-30	2.2	0.021694
-30	2.3	0.017978
-30	2.4	0.016024
-30	2.5	0.013121
-30	2.6	0.012245
-30	2.7	0.011259
-30	2.8	0.011336
-30	2.9	0.010866
-30	3	0.011005
-30	3.1	0.0096315
-30	3.2	0.0087671
-30	3.3	0.0082073
-30	3.4	0.0076593
-30	3.5	0.0076783
-30	3.6	0.0070872
-30	3.7	0.0073338
-30	3.8	0.0080039
-30	3.9	0.0078366
-30	4	0.0076234
-20	-4	0.0098308
-20	-3.9	0.0089784
-20	-3.8	0.0089007
-20	-3.7	0.010041
-20	-3.6	0.011444
-20	-3.5	0.012282
-20	-3.4	0.012152
-20	-3.3	0.010833
-20	-3.2	0.011696
-20	-3.1	0.015059
-20	-3	0.018503
-20	-2.9	0.023511
-20	-2.8	0.028515
-20	-2.7	0.031554
-20	-2.6	0.033649
-20	-2.5	0.034376
-20	-2.4	0.036222
-20	-2.3	0.037683
-20	-2.2	0.039884
-20	-2.1	0.041056
-20	-2	0.040255
-20	-1.9	0.038027
-20	-1.8	0.033884
-20	-1.7	0.030638
-20	-1.6	0.03209
-20	-1.5	0.03828
-20	-1.4	0.047272
-20	-1.3	0.056201
-20	-1.2	0.064092
-20	-1.1	0.065644
-20	-1	0.063789
-20	-0.9	0.056178
-20	-0.8	0.051734
-20	-0.7	0.04211
-20	-0.6	0.032941
-20	-0.5	0.02477
-20	-0.4	0.021718
-20	-0.3	0.01995
-20	-0.2	0.019218
-20	-0.1	0.021734
-20	0	0.02571
-20	0.1	0.034566
-20	0.2	0.043591
-20	0.3	0.049412
-20	0.4	0.053667
-20	0.5	0.056119
-20	0.6	0.055729
-20	0.7	0.052185
-20	0.8	0.050145
-20	0.9	0.043476
-20	1	0.040527
-20	1.1	0.038908
-20	1.2	0.037235
-20	1.3	0.03573
-20	1.4	0.035505
-20	1.5	0.034933
-20	1.6	0.033579
-20	1.7	0.031986
-20	1.8	0.030251
-20	1.9	0.028711
-20	2	0.026189
-20	2.1	0.024018
-20	2.2	0.020905
-20	2.3	0.019124
-20	2.4	0.017271
-20	2.5	0.013983
-20	2.6	0.012866
-20	2.7	0.011934
-20	2.8	0.011697
-20	2.9	0.011451
-20	3	0.010866
-20	3.1	0.010205
-20	3.2	0.0091337
-20	3.3	0.0092427
-20	3.4	0.0092985
-20	3.5	0.0092445
-20	3.6	0.0090929
-20	3.7	0.009139
-20	3.8	0.0095995
-20	3.9	0.0096231
-20	4	0.0096046
-10	-4	0.011029
-10	-3.9	0.010948
-10	-3.8	0.010257
-10	-3.7	0.010167
-10	-3.6	0.010842
-10	-3.5	0.010762
-10	-3.4	0.01178
-10	-3.3	0.011954
-10	-3.2	0.013294
-10	-3.1	0.016362
-10	-3	0.020642
-10	-2.9	0.024658
-10	-2.8	0.02671
-10	-2.7	0.030314
-10	-2.6	0.033031
-10	-2.5	0.035995
-10	-2.4	0.038805
-10	-2.3	0.041436
-10	-2.2	0.043375
-10	-2.1	0.044085
-10	-2	0.042238
-10	-1.9	0.038505
-10	-1.8	0.033461
-10	-1.7	0.030788
-10	-1.6	0.032602
-10	-1.5	0.041927
-10	-1.4	0.045914
-10	-1.3	0.055736
-10	-1.2	0.062503
-10	-1.1	0.062939
-10	-1	0.061409
-10	-0.9	0.05544
-10	-0.8	0.047499
-10	-0.7	0.040911
-10	-0.6	0.0309
-10	-0.5	0.026219
-10	-0.4	0.023576
-10	-0.3	0.02227
-10	-0.2	0.021827
-10	-0.1	0.022805
-10	0	0.02714
-10	0.1	0.034229
-10	0.2	0.040197
-10	0.3	0.043335
-10	0.4	0.050851
-10	0.5	0.052795
-10	0.6	0.054044
-10	0.7	0.05312
-10	0.8	0.05002
-10	0.9	0.045186
-10	1	0.041934
-10	1.1	0.038625
-10	1.2	0.035871
-10	1.3	0.034984
-10	1.4	0.034302
-10	1.5	0.034176
-10	1.6	0.034284
-10	1.7	0.03352
-10	1.8	0.032018
-10	1.9	0.029787
-10	2	0.027304
-10	2.1	0.02448
-10	2.2	0.02188
-10	2.3	0.02071
-10	2.4	0.018971
-10	2.5	0.017102
-10	2.6	0.015133
-10	2.7	0.01262
-10	2.8	0.011711
-10	2.9	0.010037
-10	3	0.0098011
-10	3.1	0.010387
-10	3.2	0.010276
-10	3.3	0.010336
-10	3.4	0.0098242
-10	3.5	0.0094571
-10	3.6	0.0090215
-10	3.7	0.0089874
-10	3.8	0.0085469
-10	3.9	0.0083923
-10	4	0.0086427
0	-4	0.0098783
0	-3.9	0.0097433
0	-3.8	0.010552
0	-3.7	0.011361
0	-3.6	0.011336
0	-3.5	0.010833
0	-3.4	0.010175
0	-3.3	0.010024
0	-3.2	0.013173
0	-3.1	0.017305
0	-3	0.020577
0	-2.9	0.024149
0	-2.8	0.026782
0	-2.7	0.028282
0	-2.6	0.029329
0	-2.5	0.032331
0	-2.4	0.035042
0	-2.3	0.037688
0	-2.2	0.040747
0	-2.1	0.041271
0	-2	0.039314
0	-1.9	0.035969
0	-1.8	0.030943
0	-1.7	0.028656
0	-1.6	0.030161
0	-1.5	0.039045
0	-1.4	0.046102
0	-1.3	0.05696
0	-1.2	0.062678
0	-1.1	0.064915
0	-1	0.063806
0	-0.9	0.05878
0	-0.8	0.052452
0	-0.7	0.0429
0	-0.6	0.033335
0	-0.5	0.025518
0	-0.4	0.021578
0	-0.3	0.020277
0	-0.2	0.020291
0	-0.1	0.02157
0	0	0.025443
0	0.1	0.030658
0	0.2	0.039372
0	0.3	0.044033
0	0.4	0.048937
0	0.5	0.052999
0	0.6	0.053371
0	0.7	0.051632
0	0.8	0.047745
0	0.9	0.041792
0	1	0.039431
0	1.1	0.036406
0	1.2	0.035411
0	1.3	0.03505
0	1.4	0.034722
0	1.5	0.034241
0	1.6	0.033236
0	1.7	0.031602
0	1.8	0.029524
0	1.9	0.027449
0	2	0.02642
0	2.1	0.024429
0	2.2	0.022639
0	2.3	0.019297
0	2.4	0.017306
0	2.5	0.015179
0	2.6	0.012894
0	2.7	0.010807
0	2.8	0.0093764
0	2.9	0.0091142
0	3	0.0095878
0	3.1	0.0095844
0	3.2	0.010007
0	3.3	0.010149
0	3.4	0.0097747
0	3.5	0.0097233
0	3.6	0.0088862
0	3.7	0.0085525
0	3.8	0.008272
0	3.9	0.0081935
0	4	0.0078798
10	-4	0.010552
10	-3.9	0.0097664
10	-3.8	0.0086502
10	-3.7	0.0091036
10	-3.6	0.010727
10	-3.5	0.012346
10	-3.4	0.0126
10	-3.3	0.011618
10	-3.2	0.011326
10	-3.1	0.011958
10	-3	0.01522
10	-2.9	0.023299
10	-2.8	0.027377
10	-2.7	0.031657
10	-2.6	0.033726
10	-2.5	0.036443
10	-2.4	0.038125
10	-2.3	0.03987
10	-2.2	0.042307
10	-2.1	0.042366
10	-2	0.0412
10	-1.9	0.03948
10	-1.8	0.034359
10	-1.7	0.031484
10	-1.6	0.030907
10	-1.5	0.034992
10	-1.4	0.042677
10	-1.3	0.053458
10	-1.2	0.057574
10	-1.1	0.062596
10	-1	0.062371
10	-0.9	0.060177
10	-0.8	0.052718
10	-0.7	0.042852
10	-0.6	0.034594
10	-0.5	0.027847
10	-0.4	0.024029
10	-0.3	0.020162
10	-0.2	0.018667
10	-0.1	0.020382
10	0	0.023681
10	0.1	0.030495
10	0.2	0.036238
10	0.3	0.043962
10	0.4	0.05022
10	0.5	0.052189
10	0.6	0.052821
10	0.7	0.052117
10	0.8	0.049641
10	0.9	0.046837
10	1	0.041018
10	1.1	0.038853
10	1.2	0.035457
10	1.3	0.03474
10	1.4	0.033691
10	1.5	0.033793
10	1.6	0.033858
10	1.7	0.032772
10	1.8	0.030063
10	1.9	0.027512
10	2	0.024486
10	2.1	0.020979
10	2.2	0.018319
10	2.3	0.015916
10	2.4	0.014589
10	2.5	0.013857
10	2.6	0.012499
10	2.7	0.01079
10	2.8	0.0090323
10	2.9	0.0080663
10	3	0.0078634
10	3.1	0.0076424
10	3.2	0.0078201
10	3.3	0.008745
10	3.4	0.0090715
10	3.5	0.0091213
10	3.6	0.0079553
10	3.7	0.0075936
10	3.8	0.0074258
10	3.9	0.0071914
10	4	0.0073952
20	-4	0.010326
20	-3.9	0.0098094
20	-3.8	0.0095793
20	-3.7	0.010173
20	-3.6	0.011291
20	-3.5	0.011328
20	-3.4	0.011326
20	-3.3	0.010603
20	-3.2	0.010375
20	-3.1	0.01178
20	-3	0.016003
20	-2.9	0.019798
20	-2.8	0.024913
20	-2.7	0.027664
20	-2.6	0.031148
20	-2.5	0.032867
20	-2.4	0.034776
20	-2.3	0.036825
20	-2.2	0.039783
20	-2.1	0.040482
20	-2	0.040302
20	-1.9	0.037913
20	-1.8	0.035215
20	-1.7	0.028438
20	-1.6	0.027284
20	-1.5	0.031345
20	-1.4	0.03886
20	-1.3	0.048742
20	-1.2	0.057368
20	-1.1	0.062919
20	-1	0.062919
20	-0.9	0.059934
20	-0.8	0.050999
20	-0.7	0.047139
20	-0.6	0.036072
20	-0.5	0.029386
20	-0.4	0.024719
20	-0.3	0.019933
20	-0.2	0.018284
20	-0.1	0.017836
20	0	0.019705
20	0.1	0.024943
20	0.2	0.031619
20	0.3	0.037648
20	0.4	0.046182
20	0.5	0.049671
20	0.6	0.050882
20	0.7	0.049967
20	0.8	0.046531
20	0.9	0.043764
20	1	0.038105
20	1.1	0.035095
20	1.2	0.033712
20	1.3	0.032651
20	1.4	0.032447
20	1.5	0.032588
20	1.6	0.032548
20	1.7	0.032185
20	1.8	0.030192
20	1.9	0.029216
20	2	0.026283
20	2.1	0.025514
20	2.2	0.022656
20	2.3	0.01999
20	2.4	0.017698
20	2.5	0.016154
20	2.6	0.013253
20	2.7	0.011186
20	2.8	0.010665
20	2.9	0.010307
20	3	0.009963
20	3.1	0.0098373
20	3.2	0.0087929
20	3.3	0.0081401
20	3.4	0.0079513
20	3.5	0.0077391
20	3.6	0.00703
20	3.7	0.0074366
20	3.8	0.0078778
20	3.9	0.0089224
20	4	0.0091778
30	-4	0.0096533
30	-3.9	0.0081162
30	-3.8	0.0077932
30	-3.7	0.0104
30	-3.6	0.011919
30	-3.5	0.013567
30	-3.4	0.01377
30	-3.3	0.012082
30	-3.2	0.0094536
30	-3.1	0.010627
30	-3	0.014074
30	-2.9	0.020314
30	-2.8	0.023121
30	-2.7	0.027097
30	-2.6	0.028547
30	-2.5	0.030896
30	-2.4	0.033261
30	-2.3	0.036218
30	-2.2	0.040665
30	-2.1	0.042734
30	-2	0.042432
30	-1.9	0.041474
30	-1.8	0.035508
30	-1.7	0.030371
30	-1.6	0.02616
30	-1.5	0.029218
30	-1.4	0.033985
30	-1.3	0.047497
30	-1.2	0.054959
30	-1.1	0.06016
30	-1	0.061648
30	-0.9	0.059255
30	-0.8	0.051279
30	-0.7	0.044725
30	-0.6	0.032944
30	-0.5	0.027248
30	-0.4	0.022162
30	-0.3	0.018301
30	-0.2	0.017446
30	-0.1	0.017418
30	0	0.019669
30	0.1	0.024112
30	0.2	0.029396
30	0.3	0.036717
30	0.4	0.040489
30	0.5	0.044234
30	0.6	0.046118
30	0.7	0.0457
30	0.8	0.043106
30	0.9	0.041112
30	1	0.037992
30	1.1	0.03587
30	1.2	0.034043
30	1.3	0.032827
30	1.4	0.031673
30	1.5	0.031211
30	1.6	0.030598
30	1.7	0.030729
30	1.8	0.029594
30	1.9	0.028977
30	2	0.02788
30	2.1	0.025709
30	2.2	0.022713
30	2.3	0.020443
30	2.4	0.016769
30	2.5	0.014797
30	2.6	0.012861
30	2.7	0.011314
30	2.8	0.01088
30	2.9	0.010792
30	3	0.010694
30	3.1	0.0093367
30	3.2	0.0091672
30	3.3	0.0084192
30	3.4	0.0082779
30	3.5	0.0085733
30	3.6	0.0087616
30	3.7	0.0089152
30	3.8	0.0083595
30	3.9	0.0083479
30	4	0.0080963
40	-4	0.011272
40	-3.9	0.010301
40	-3.8	0.0093867
40	-3.7	0.0096197
40	-3.6	0.010451
40	-3.5	0.01107
40	-3.4	0.011696
40	-3.3	0.011258
40	-3.2	0.010441
40	-3.1	0.010315
40	-3	0.011996
40	-2.9	0.016019
40	-2.8	0.020238
40	-2.7	0.025416
40	-2.6	0.028662
40	-2.5	0.030193
40	-2.4	0.032023
40	-2.3	0.034452
40	-2.2	0.038387
40	-2.1	0.040945
40	-2	0.041448
40	-1.9	0.040527
40	-1.8	0.03654
40	-1.7	0.032718
40	-1.6	0.027033
40	-1.5	0.026527
40	-1.4	0.033669
40	-1.3	0.044638
40	-1.2	0.052466
40	-1.1	0.057635
40	-1	0.062414
40	-0.9	0.061754
40	-0.8	0.055746
40	-0.7	0.04929
40	-0.6	0.039153
40	-0.5	0.031222
40	-0.4	0.022482
40	-0.3	0.018091
40	-0.2	0.015819
40	-0.1	0.014886
40	0	0.01576
40	0.1	0.020573
40	0.2	0.025028
40	0.3	0.03178
40	0.4	0.041084
40	0.5	0.046576
40	0.6	0.048673
40	0.7	0.049659
40	0.8	0.047735
40	0.9	0.044248
40	1	0.040913
40	1.1	0.037399
40	1.2	0.034909
40	1.3	0.032232
40	1.4	0.030908
40	1.5	0.030695
40	1.6	0.030384
40	1.7	0.030302
40	1.8	0.030013
40	1.9	0.028731
40	2	0.027584
40	2.1	0.025669
40	2.2	0.024298
40	2.3	0.020105
40	2.4	0.017639
40	2.5	0.015673
40	2.6	0.012664
40	2.7	0.011064
40	2.8	0.0093436
40	2.9	0.0085525
40	3	0.0085639
40	3.1	0.0080883
40	3.2	0.0074605
40	3.3	0.0073051
40	3.4	0.0071032
40	3.5	0.0068413
40	3.6	0.0066204
40	3.7	0.007069
40	3.8	0.006879
40	3.9	0.0077077
40	4	0.0081836
50	-4	0.012613
50	-3.9	0.011936
50	-3.8	0.010917
50	-3.7	0.010252
50	-3.6	0.011817
50	-3.5	0.012952
50	-3.4	0.013718
50	-3.3	0.013221
50	-3.2	0.011611
50	-3.1	0.010495
50	-3	0.012012
50	-2.9	0.01495
50	-2.8	0.019052
50	-2.7	0.024258
50	-2.6	0.02787
50	-2.5	0.029601
50	-2.4	0.032291
50	-2.3	0.035021
50	-2.2	0.038166
50	-2.1	0.042695
50	-2	0.044742
50	-1.9	0.043341
50	-1.8	0.040174
50	-1.7	0.03357
50	-1.6	0.027062
50	-1.5	0.026648
50	-1.4	0.032445
50	-1.3	0.040844
50	-1.2	0.049371
50	-1.1	0.056128
50	-1	0.05934
50	-0.9	0.05839
50	-0.8	0.05435
50	-0.7	0.046452
50	-0.6	0.038398
50	-0.5	0.028671
50	-0.4	0.023931
50	-0.3	0.018721
50	-0.2	0.016405
50	-0.1	0.015774
50	0	0.017481
50	0.1	0.019845
50	0.2	0.026005
50	0.3	0.031737
50	0.4	0.038639
50	0.5	0.041255
50	0.6	0.043945
50	0.7	0.044129
50	0.8	0.043509
50	0.9	0.041803
50	1	0.038782
50	1.1	0.035356
50	1.2	0.0327
50	1.3	0.030471
50	1.4	0.029338
50	1.5	0.028949
50	1.6	0.030553
50	1.7	0.030939
50	1.8	0.031244
50	1.9	0.030001
50	2	0.027685
50	2.1	0.026191
50	2.2	0.023301
50	2.3	0.020375
50	2.4	0.018476
50	2.5	0.017504
50	2.6	0.016861
50	2.7	0.016065
50	2.8	0.014196
50	2.9	0.010974
50	3	0.0097034
50	3.1	0.0090893
50	3.2	0.0093919
50	3.3	0.010635
50	3.4	0.010621
50	3.5	0.010692
50	3.6	0.010492
50	3.7	0.010151
50	3.8	0.0092007
50	3.9	0.0091107
50	4	0.0097167
60	-4	0.013534
60	-3.9	0.012686
60	-3.8	0.011451
60	-3.7	0.011023
60	-3.6	0.01166
60	-3.5	0.012806
60	-3.4	0.013827
60	-3.3	0.013454
60	-3.2	0.011262
60	-3.1	0.0098979
60	-3	0.010183
60	-2.9	0.013869
60	-2.8	0.018882
60	-2.7	0.0237
60	-2.6	0.02684
60	-2.5	0.02959
60	-2.4	0.03124
60	-2.3	0.033168
60	-2.2	0.035241
60	-2.1	0.04079
60	-2	0.042697
60	-1.9	0.044259
60	-1.8	0.043141
60	-1.7	0.03765
60	-1.6	0.030226
60	-1.5	0.025361
60	-1.4	0.024927
60	-1.3	0.033982
60	-1.2	0.041674
60	-1.1	0.051868
60	-1	0.059997
60	-0.9	0.061217
60	-0.8	0.059155
60	-0.7	0.050873
60	-0.6	0.045328
60	-0.5	0.036787
60	-0.4	0.024254
60	-0.3	0.020293
60	-0.2	0.016837
60	-0.1	0.015046
60	0	0.014514
60	0.1	0.016708
60	0.2	0.022127
60	0.3	0.026466
60	0.4	0.033267
60	0.5	0.039727
60	0.6	0.045168
60	0.7	0.047993
60	0.8	0.047978
60	0.9	0.046071
60	1	0.041791
60	1.1	0.036749
60	1.2	0.033502
60	1.3	0.032437
60	1.4	0.031298
60	1.5	0.03125
60	1.6	0.03138
60	1.7	0.031383
60	1.8	0.031103
60	1.9	0.029153
60	2	0.028215
60	2.1	0.027279
60	2.2	0.026365
60	2.3	0.0248
60	2.4	0.023287
60	2.5	0.020789
60	2.6	0.01841
60	2.7	0.015803
60	2.8	0.014008
60	2.9	0.011797
60	3	0.011029
60	3.1	0.01039
60	3.2	0.010251
60	3.3	0.0098849
60	3.4	0.0097846
60	3.5	0.010034
60	3.6	0.010685
60	3.7	0.011051
60	3.8	0.010176
60	3.9	0.0092724
60	4	0.0090358
70	-4	0.013671
70	-3.9	0.014262
70	-3.8	0.01397
70	-3.7	0.013472
70	-3.6	0.013041
70	-3.5	0.012903
70	-3.4	0.013188
70	-3.3	0.01374
70	-3.2	0.013407
70	-3.1	0.012182
70	-3	0.011852
70	-2.9	0.012734
70	-2.8	0.016305
70	-2.7	0.020864
70	-2.6	0.025159
70	-2.5	0.028641
70	-2.4	0.031402
70	-2.3	0.034256
70	-2.2	0.037131
70	-2.1	0.041952
70	-2	0.044493
70	-1.9	0.045499
70	-1.8	0.04308
70	-1.7	0.038811
70	-1.6	0.03158
70	-1.5	0.027842
70	-1.4	0.026265
70	-1.3	0.030114
70	-1.2	0.03997
70	-1.1	0.049456
70	-1	0.055029
70	-0.9	0.059058
70	-0.8	0.058527
70	-0.7	0.05507
70	-0.6	0.048613
70	-0.5	0.038833
70	-0.4	0.030457
70	-0.3	0.024065
70	-0.2	0.020547
70	-0.1	0.016973
70	0	0.014951
70	0.1	0.015033
70	0.2	0.01857
70	0.3	0.023328
70	0.4	0.030911
70	0.5	0.036895
70	0.6	0.042127
70	0.7	0.046099
70	0.8	0.047102
70	0.9	0.046267
70	1	0.043753
70	1.1	0.039442
70	1.2	0.036977
70	1.3	0.034246
70	1.4	0.032809
70	1.5	0.032024
70	1.6	0.032611
70	1.7	0.034093
70	1.8	0.034525
70	1.9	0.033812
70	2	0.031752
70	2.1	0.029606
70	2.2	0.028067
70	2.3	0.023846
70	2.4	0.021863
70	2.5	0.019838
70	2.6	0.018506
70	2.7	0.016628
70	2.8	0.014698
70	2.9	0.012587
70	3	0.010896
70	3.1	0.0092846
70	3.2	0.009373
70	3.3	0.010427
70	3.4	0.010629
70	3.5	0.011398
70	3.6	0.011704
70	3.7	0.011152
70	3.8	0.0091567
70	3.9	0.0087172
70	4	0.0088971
80	-4	0.013897
80	-3.9	0.013629
80	-3.8	0.012694
80	-3.7	0.011152
80	-3.6	0.011163
80	-3.5	0.011858
80	-3.4	0.01388
80	-3.3	0.014457
80	-3.2	0.013553
80	-3.1	0.011759
80	-3	0.010725
80	-2.9	0.011135
80	-2.8	0.015893
80	-2.7	0.020645
80	-2.6	0.024216
80	-2.5	0.02859
80	-2.4	0.032093
80	-2.3	0.035895
80	-2.2	0.037562
80	-2.1	0.041463
80	-2	0.04404
80	-1.9	0.045741
80	-1.8	0.045953
80	-1.7	0.042673
80	-1.6	0.037638
80	-1.5	0.031279
80	-1.4	0.026553
80	-1.3	0.029079
80	-1.2	0.035597
80	-1.1	0.044789
80	-1	0.056535
80	-0.9	0.060722
80	-0.8	0.061416
80	-0.7	0.058565
80	-0.6	0.049348
80	-0.5	0.041078
80	-0.4	0.035357
80	-0.3	0.026372
80	-0.2	0.019326
80	-0.1	0.017042
80	0	0.015182
80	0.1	0.014822
80	0.2	0.016725
80	0.3	0.022185
80	0.4	0.029811
80	0.5	0.036023
80	0.6	0.042657
80	0.7	0.046691
80	0.8	0.049862
80	0.9	0.051089
80	1	0.047853
80	1.1	0.045036
80	1.2	0.04149
80	1.3	0.038895
80	1.4	0.03617
80	1.5	0.034089
80	1.6	0.033882
80	1.7	0.033845
80	1.8	0.034269
80	1.9	0.033309
80	2	0.032377
80	2.1	0.030894
80	2.2	0.028369
80	2.3	0.025611
80	2.4	0.022971
80	2.5	0.021019
80	2.6	0.018105
80	2.7	0.016299
80	2.8	0.01338
80	2.9	0.012217
80	3	0.010226
80	3.1	0.010296
80	3.2	0.010651
80	3.3	0.010403
80	3.4	0.0099322
80	3.5	0.0094878
80	3.6	0.0088825
80	3.7	0.0079533
80	3.8	0.0077787
80	3.9	0.0082759
80	4	0.0085412
90	-4	0.011909
90	-3.9	0.012634
90	-3.8	0.013214
90	-3.7	0.013132
90	-3.6	0.012337
90	-3.5	0.011841
90	-3.4	0.011845
90	-3.3	0.012644
90	-3.2	0.013958
90	-3.1	0.013843
90	-3	0.012941
90	-2.9	0.011433
90	-2.8	0.011547
90	-2.7	0.01456
90	-2.6	0.020382
90	-2.5	0.025986
90	-2.4	0.031612
90	-2.3	0.037283
90	-2.2	0.040717
90	-2.1	0.042431
90	-2	0.044176
90	-1.9	0.044926
90	-1.8	0.044857
90	-1.7	0.043338
90	-1.6	0.041017
90	-1.5	0.035182
90	-1.4	0.031305
90	-1.3	0.030498
90	-1.2	0.035081
90	-1.1	0.041791
90	-1	0.050888
90	-0.9	0.057812
90	-0.8	0.060009
90	-0.7	0.057947
90	-0.6	0.053035
90	-0.5	0.044595
90	-0.4	0.036508
90	-0.3	0.030616
90	-0.2	0.022853
90	-0.1	0.019898
90	0	0.017326
90	0.1	0.015293
90	0.2	0.016214
90	0.3	0.019657
90	0.4	0.026923
90	0.5	0.035058
90	0.6	0.041859
90	0.7	0.047246
90	0.8	0.050237
90	0.9	0.051115
90	1	0.049391
90	1.1	0.046845
90	1.2	0.043327
90	1.3	0.040568
90	1.4	0.037183
90	1.5	0.036188
90	1.6	0.034882
90	1.7	0.034265
90	1.8	0.034154
90	1.9	0.033268
90	2	0.03319
90	2.1	0.031994
90	2.2	0.030303
90	2.3	0.028084
90	2.4	0.025462
90	2.5	0.023783
90	2.6	0.018654
90	2.7	0.015817
90	2.8	0.013617
90	2.9	0.012099
90	3	0.010534
90	3.1	0.010306
90	3.2	0.010311
90	3.3	0.0094827
90	3.4	0.0093781
90	3.5	0.0086949
90	3.6	0.0084556
90	3.7	0.0079878
90	3.8	0.0077453
90	3.9	0.0083614
90	4	0.0086334
100	-4	0.014579
100	-3.9	0.014639
100	-3.8	0.012714
100	-3.7	0.011479
100	-3.6	0.01042
100	-3.5	0.011586
100	-3.4	0.013473
100	-3.3	0.014951
100	-3.2	0.013874
100	-3.1	0.012102
100	-3	0.0090911
100	-2.9	0.009255
100	-2.8	0.011913
100	-2.7	0.018581
100	-2.6	0.022984
100	-2.5	0.026382
100	-2.4	0.027738
100	-2.3	0.029677
100	-2.2	0.032481
100	-2.1	0.036354
100	-2	0.04119
100	-1.9	0.045724
100	-1.8	0.047724
100	-1.7	0.046613
100	-1.6	0.044454
100	-1.5	0.034137
100	-1.4	0.029688
100	-1.3	0.02588
100	-1.2	0.032801
100	-1.1	0.039146
100	-1	0.049272
100	-0.9	0.058012
100	-0.8	0.061063
100	-0.7	0.059788
100	-0.6	0.056212
100	-0.5	0.048851
100	-0.4	0.037171
100	-0.3	0.028396
100	-0.2	0.02242
100	-0.1	0.017778
100	0	0.015774
100	0.1	0.015334
100	0.2	0.017148
100	0.3	0.019757
100	0.4	0.024277
100	0.5	0.032115
100	0.6	0.03934
100	0.7	0.045654
100	0.8	0.049624
100	0.9	0.050768
100	1	0.049095
100	1.1	0.046777
100	1.2	0.042359
100	1.3	0.038617
100	1.4	0.035259
100	1.5	0.033846
100	1.6	0.033969
100	1.7	0.034442
100	1.8	0.034521
100	1.9	0.033991
100	2	0.033468
100	2.1	0.032701
100	2.2	0.031674
100	2.3	0.030212
100	2.4	0.029077
100	2.5	0.026434
100	2.6	0.022984
100	2.7	0.019524
100	2.8	0.01659
100	2.9	0.014117
100	3	0.012761
100	3.1	0.012582
100	3.2	0.013029
100	3.3	0.012676
100	3.4	0.012135
100	3.5	0.011167
100	3.6	0.010627
100	3.7	0.010329
100	3.8	0.01021
100	3.9	0.011039
100	4	0.011543
110	-4	0.012465
110	-3.9	0.014198
110	-3.8	0.015211
110	-3.7	0.015319
110	-3.6	0.014628
110	-3.5	0.014373
110	-3.4	0.013884
110	-3.3	0.014343
110	-3.2	0.014337
110	-3.1	0.01355
110	-3	0.011804
110	-2.9	0.010415
110	-2.8	0.011632
110	-2.7	0.015333
110	-2.6	0.020131
110	-2.5	0.024339
110	-2.4	0.028846
110	-2.3	0.030953
110	-2.2	0.03458
110	-2.1	0.03949
110	-2	0.042512
110	-1.9	0.04673
110	-1.8	0.048385
110	-1.7	0.048486
110	-1.6	0.045875
110	-1.5	0.041098
110	-1.4	0.033479
110	-1.3	0.02805
110	-1.2	0.02952
110	-1.1	0.037882
110	-1	0.046186
110	-0.9	0.055307
110	-0.8	0.059366
110	-0.7	0.060136
110	-0.6	0.057667
110	-0.5	0.049826
110	-0.4	0.042315
110	-0.3	0.032932
110	-0.2	0.02508
110	-0.1	0.019568
110	0	0.016709
110	0.1	0.015867
110	0.2	0.016175
110	0.3	0.018703
110	0.4	0.025844
110	0.5	0.031939
110	0.6	0.037824
110	0.7	0.044479
110	0.8	0.048985
110	0.9	0.05009
110	1	0.049515
110	1.1	0.04594
110	1.2	0.043261
110	1.3	0.040429
110	1.4	0.035816
110	1.5	0.033621
110	1.6	0.032604
110	1.7	0.032531
110	1.8	0.033067
110	1.9	0.033007
110	2	0.033049
110	2.1	0.032949
110	2.2	0.031798
110	2.3	0.029038
110	2.4	0.027147
110	2.5	0.023852
110	2.6	0.021157
110	2.7	0.019712
110	2.8	0.017637
110	2.9	0.015715
110	3	0.014255
110	3.1	0.013438
110	3.2	0.012327
110	3.3	0.011174
110	3.4	0.010591
110	3.5	0.010692
110	3.6	0.011412
110	3.7	0.01165
110	3.8	0.011871
110	3.9	0.011935
110	4	0.0122
120	-4	0.01273
120	-3.9	0.013592
120	-3.8	0.01401
120	-3.7	0.013626
120	-3.6	0.013257
120	-3.5	0.013004
120	-3.4	0.013269
120	-3.3	0.013275
120	-3.2	0.013417
120	-3.1	0.012524
120	-3	0.010915
120	-2.9	0.0095404
120	-2.8	0.0097217
120	-2.7	0.012909
120	-2.6	0.018031
120	-2.5	0.024272
120	-2.4	0.027689
120	-2.3	0.029573
120	-2.2	0.032713
120	-2.1	0.035752
120	-2	0.039997
120	-1.9	0.043624
120	-1.8	0.046967
120	-1.7	0.047778
120	-1.6	0.046283
120	-1.5	0.039854
120	-1.4	0.034138
120	-1.3	0.027932
120	-1.2	0.025542
120	-1.1	0.03317
120	-1	0.040501
120	-0.9	0.052387
120	-0.8	0.058814
120	-0.7	0.060649
120	-0.6	0.05835
120	-0.5	0.053014
120	-0.4	0.045179
120	-0.3	0.037422
120	-0.2	0.02698
120	-0.1	0.019931
120	0	0.01643
120	0.1	0.015627
120	0.2	0.014963
120	0.3	0.01694
120	0.4	0.022852
120	0.5	0.025437
120	0.6	0.038721
120	0.7	0.042901
120	0.8	0.048967
120	0.9	0.052398
120	1	0.051824
120	1.1	0.047884
120	1.2	0.044997
120	1.3	0.04056
120	1.4	0.036257
120	1.5	0.034647
120	1.6	0.034017
120	1.7	0.034432
120	1.8	0.034309
120	1.9	0.033587
120	2	0.031706
120	2.1	0.02994
120	2.2	0.028922
120	2.3	0.026962
120	2.4	0.024782
120	2.5	0.023219
120	2.6	0.021667
120	2.7	0.020013
120	2.8	0.016823
120	2.9	0.015123
120	3	0.012678
120	3.1	0.010613
120	3.2	0.0092742
120	3.3	0.0087929
120	3.4	0.0083692
120	3.5	0.0090341
120	3.6	0.010243
120	3.7	0.01007
120	3.8	0.0090501
120	3.9	0.0085412
120	4	0.0080362
130	-4	0.013194
130	-3.9	0.014962
130	-3.8	0.016017
130	-3.7	0.014768
130	-3.6	0.013486
130	-3.5	0.011614
130	-3.4	0.012087
130	-3.3	0.014213
130	-3.2	0.014879
130	-3.1	0.015058
130	-3	0.012431
130	-2.9	0.010322
130	-2.8	0.0086203
130	-2.7	0.011324
130	-2.6	0.018304
130	-2.5	0.022999
130	-2.4	0.027108
130	-2.3	0.029474
130	-2.2	0.032799
130	-2.1	0.036479
130	-2	0.04027
130	-1.9	0.043278
130	-1.8	0.046354
130	-1.7	0.047798
130	-1.6	0.044852
130	-1.5	0.042164
130	-1.4	0.032452
130	-1.3	0.027473
130	-1.2	0.024629
130	-1.1	0.031463
130	-1	0.042064
130	-0.9	0.048351
130	-0.8	0.054118
130	-0.7	0.058097
130	-0.6	0.056928
130	-0.5	0.051598
130	-0.4	0.045224
130	-0.3	0.0357
130	-0.2	0.026778
130	-0.1	0.020788
130	0	0.016418
130	0.1	0.015602
130	0.2	0.015352
130	0.3	0.016369
130	0.4	0.021809
130	0.5	0.025295
130	0.6	0.033816
130	0.7	0.040388
130	0.8	0.04467
130	0.9	0.047235
130	1	0.048061
130	1.1	0.045449
130	1.2	0.042418
130	1.3	0.040204
130	1.4	0.035219
130	1.5	0.033704
130	1.6	0.032067
130	1.7	0.032652
130	1.8	0.033333
130	1.9	0.033477
130	2	0.032733
130	2.1	0.032029
130	2.2	0.029995
130	2.3	0.028795
130	2.4	0.025295
130	2.5	0.024435
130	2.6	0.022731
130	2.7	0.02123
130	2.8	0.018501
130	2.9	0.016464
130	3	0.013443
130	3.1	0.011854
130	3.2	0.010353
130	3.3	0.010477
130	3.4	0.010347
130	3.5	0.010859
130	3.6	0.011534
130	3.7	0.010964
130	3.8	0.0094861
130	3.9	0.0087727
130	4	0.0090072
140	-4	0.011802
140	-3.9	0.012876
140	-3.8	0.013807
140	-3.7	0.013972
140	-3.6	0.013578
140	-3.5	0.012111
140	-3.4	0.011494
140	-3.3	0.012012
140	-3.2	0.012432
140	-3.1	0.012774
140	-3	0.010939
140	-2.9	0.0091284
140	-2.8	0.0080442
140	-2.7	0.008964
140	-2.6	0.015161
140	-2.5	0.019975
140	-2.4	0.023191
140	-2.3	0.028058
140	-2.2	0.029906
140	-2.1	0.033782
140	-2	0.03871
140	-1.9	0.041719
140	-1.8	0.043773
140	-1.7	0.046015
140	-1.6	0.045181
140	-1.5	0.042345
140	-1.4	0.035457
140	-1.3	0.027917
140	-1.2	0.02474
140	-1.1	0.029194
140	-1	0.035051
140	-0.9	0.044387
140	-0.8	0.053418
140	-0.7	0.058
140	-0.6	0.058794
140	-0.5	0.054686
140	-0.4	0.044855
140	-0.3	0.037024
140	-0.2	0.025761
140	-0.1	0.019469
140	0	0.014732
140	0.1	0.014036
140	0.2	0.013623
140	0.3	0.014105
140	0.4	0.01904
140	0.5	0.025722
140	0.6	0.033546
140	0.7	0.042148
140	0.8	0.045247
140	0.9	0.048501
140	1	0.048949
140	1.1	0.047491
140	1.2	0.044657
140	1.3	0.040821
140	1.4	0.037386
140	1.5	0.034014
140	1.6	0.032003
140	1.7	0.030809
140	1.8	0.030434
140	1.9	0.029703
140	2	0.03018
140	2.1	0.030273
140	2.2	0.02924
140	2.3	0.028283
140	2.4	0.02609
140	2.5	0.023029
140	2.6	0.019458
140	2.7	0.017678
140	2.8	0.014917
140	2.9	0.013965
140	3	0.012316
140	3.1	0.01107
140	3.2	0.010066
140	3.3	0.0087819
140	3.4	0.0082446
140	3.5	0.0084956
140	3.6	0.0091989
140	3.7	0.0093867
140	3.8	0.0089424
140	3.9	0.0084785
140	4	0.0087376
150	-4	0.010036
150	-3.9	0.011603
150	-3.8	0.014736
150	-3.7	0.01507
150	-3.6	0.014817
150	-3.5	0.01339
150	-3.4	0.010619
150	-3.3	0.010519
150	-3.2	0.011268
150	-3.1	0.012791
150	-3	0.01301
150	-2.9	0.011136
150	-2.8	0.0084422
150	-2.7	0.0079533
150	-2.6	0.010875
150	-2.5	0.016527
150	-2.4	0.022361
150	-2.3	0.026933
150	-2.2	0.032597
150	-2.1	0.034464
150	-2	0.037271
150	-1.9	0.03953
150	-1.8	0.041357
150	-1.7	0.043136
150	-1.6	0.042645
150	-1.5	0.040671
150	-1.4	0.035133
150	-1.3	0.030105
150	-1.2	0.025206
150	-1.1	0.027275
150	-1	0.033572
150	-0.9	0.04283
150	-0.8	0.052561
150	-0.7	0.055098
150	-0.6	0.055857
150	-0.5	0.051722
150	-0.4	0.044895
150	-0.3	0.037289
150	-0.2	0.02702
150	-0.1	0.019971
150	0	0.015008
150	0.1	0.013035
150	0.2	0.012445
150	0.3	0.013205
150	0.4	0.01904
150	0.5	0.023614
150	0.6	0.030015
150	0.7	0.037333
150	0.8	0.042466
150	0.9	0.045895
150	1	0.045625
150	1.1	0.044789
150	1.2	0.042383
150	1.3	0.039765
150	1.4	0.035735
150	1.5	0.03396
150	1.6	0.031251
150	1.7	0.030691
150	1.8	0.029709
150	1.9	0.028664
150	2	0.028433
150	2.1	0.028549
150	2.2	0.028173
150	2.3	0.027367
150	2.4	0.024472
150	2.5	0.022541
150	2.6	0.020009
150	2.7	0.017164
150	2.8	0.01369
150	2.9	0.011671
150	3	0.010716
150	3.1	0.009515
150	3.2	0.0092024
150	3.3	0.008745
150	3.4	0.0088278
150	3.5	0.0084077
150	3.6	0.0084096
150	3.7	0.0076361
150	3.8	0.0069584
150	3.9	0.0074083
150	4	0.0073514
160	-4	0.011822
160	-3.9	0.014394
160	-3.8	0.015521
160	-3.7	0.015442
160	-3.6	0.013738
160	-3.5	0.012068
160	-3.4	0.01142
160	-3.3	0.013281
160	-3.2	0.014397
160	-3.1	0.015905
160	-3	0.013999
160	-2.9	0.011223
160	-2.8	0.0076318
160	-2.7	0.0081797
160	-2.6	0.013153
160	-2.5	0.020498
160	-2.4	0.024143
160	-2.3	0.028146
160	-2.2	0.029137
160	-2.1	0.032803
160	-2	0.036672
160	-1.9	0.042064
160	-1.8	0.045545
160	-1.7	0.04814
160	-1.6	0.047513
160	-1.5	0.043604
160	-1.4	0.033629
160	-1.3	0.027573
160	-1.2	0.022424
160	-1.1	0.025411
160	-1	0.035827
160	-0.9	0.0454
160	-0.8	0.053
160	-0.7	0.055114
160	-0.6	0.053644
160	-0.5	0.048203
160	-0.4	0.04167
160	-0.3	0.030962
160	-0.2	0.025593
160	-0.1	0.017628
160	0	0.015465
160	0.1	0.014618
160	0.2	0.01464
160	0.3	0.015576
160	0.4	0.021101
160	0.5	0.025694
160	0.6	0.032731
160	0.7	0.037632
160	0.8	0.040418
160	0.9	0.042751
160	1	0.042175
160	1.1	0.040573
160	1.2	0.037953
160	1.3	0.033614
160	1.4	0.031355
160	1.5	0.0289
160	1.6	0.027885
160	1.7	0.028334
160	1.8	0.028724
160	1.9	0.028808
160	2	0.029008
160	2.1	0.029081
160	2.2	0.028251
160	2.3	0.026015
160	2.4	0.024318
160	2.5	0.023215
160	2.6	0.021706
160	2.7	0.019724
160	2.8	0.016498
160	2.9	0.014616
160	3	0.012981
160	3.1	0.012054
160	3.2	0.010862
160	3.3	0.01024
160	3.4	0.01018
160	3.5	0.010814
160	3.6	0.011026
160	3.7	0.010278
160	3.8	0.0092619
160	3.9	0.008973
160	4	0.0097532
170	-4	0.011625
170	-3.9	0.013331
170	-3.8	0.014602
170	-3.7	0.01476
170	-3.6	0.013956
170	-3.5	0.012887
170	-3.4	0.012318
170	-3.3	0.01229
170	-3.2	0.012535
170	-3.1	0.012349
170	-3	0.011665
170	-2.9	0.010146
170	-2.8	0.0081639
170	-2.7	0.0079918
170	-2.6	0.011358
170	-2.5	0.017174
170	-2.4	0.022419
170	-2.3	0.025913
170	-2.2	0.029063
170	-2.1	0.030863
170	-2	0.034267
170	-1.9	0.03862
170	-1.8	0.042557
170	-1.7	0.044561
170	-1.6	0.044367
170	-1.5	0.040113
170	-1.4	0.033059
170	-1.3	0.026587
170	-1.2	0.02107
170	-1.1	0.023949
170	-1	0.032321
170	-0.9	0.043652
170	-0.8	0.052355
170	-0.7	0.054944
170	-0.6	0.05471
170	-0.5	0.051604
170	-0.4	0.042434
170	-0.3	0.033063
170	-0.2	0.026013
170	-0.1	0.018971
170	0	0.016389
170	0.1	0.014176
170	0.2	0.013487
170	0.3	0.013414
170	0.4	0.01631
170	0.5	0.023312
170	0.6	0.026311
170	0.7	0.031518
170	0.8	0.03772
170	0.9	0.041437
170	1	0.042382
170	1.1	0.041898
170	1.2	0.040539
170	1.3	0.038387
170	1.4	0.033863
170	1.5	0.030844
170	1.6	0.029466
170	1.7	0.029309
170	1.8	0.029753
170	1.9	0.029904
170	2	0.030517
170	2.1	0.030515
170	2.2	0.028846
170	2.3	0.026139
170	2.4	0.023685
170	2.5	0.020898
170	2.6	0.019297
170	2.7	0.017863
170	2.8	0.015897
170	2.9	0.013977
170	3	0.012646
170	3.1	0.010865
170	3.2	0.0089892
170	3.3	0.0083091
170	3.4	0.0078819
170	3.5	0.0090644
170	3.6	0.0096549
170	3.7	0.0089586
170	3.8	0.008609
170	3.9	0.0084918
170	4	0.0088296
180	-4	0.011189
180	-3.9	0.012362
180	-3.8	0.012706
180	-3.7	0.012932
180	-3.6	0.013538
180	-3.5	0.013953
180	-3.4	0.013845
180	-3.3	0.013745
180	-3.2	0.013231
180	-3.1	0.011966
180	-3	0.010087
180	-2.9	0.0074778
180	-2.8	0.0074083
180	-2.7	0.010146
180	-2.6	0.012946
180	-2.5	0.019367
180	-2.4	0.022089
180	-2.3	0.025373
180	-2.2	0.027412
180	-2.1	0.032299
180	-2	0.036544
180	-1.9	0.04065
180	-1.8	0.04349
180	-1.7	0.044919
180	-1.6	0.043902
180	-1.5	0.040368
180	-1.4	0.032225
180	-1.3	0.023078
180	-1.2	0.020407
180	-1.1	0.02399
180	-1	0.032356
180	-0.9	0.044043
180	-0.8	0.052809
180	-0.7	0.056813
180	-0.6	0.056082
180	-0.5	0.052062
180	-0.4	0.044064
180	-0.3	0.036595
180	-0.2	0.027455
180	-0.1	0.020314
180	0	0.015841
180	0.1	0.014333
180	0.2	0.013699
180	0.3	0.014008
180	0.4	0.017346
180	0.5	0.022917
180	0.6	0.031007
180	0.7	0.035659
180	0.8	0.040616
180	0.9	0.043528
180	1	0.043319
180	1.1	0.041068
180	1.2	0.038241
180	1.3	0.034839
180	1.4	0.030343
180	1.5	0.029563
180	1.6	0.029591
180	1.7	0.030405
180	1.8	0.030881
180	1.9	0.030187
180	2	0.030122
180	2.1	0.029975
180	2.2	0.028836
180	2.3	0.026899
180	2.4	0.025688
180	2.5	0.024087
180	2.6	0.022514
180	2.7	0.019106
180	2.8	0.0176
180	2.9	0.014102
180	3	0.013501
180	3.1	0.011954
180	3.2	0.010237
180	3.3	0.0095793
180	3.4	0.0096382
180	3.5	0.01027
180	3.6	0.010885
180	3.7	0.010226
180	3.8	0.010076
180	3.9	0.0099061
180	4	0.009581
 
Uniformity Ratio =0.73055
