09-Jan-2018
10:37
TXR  008048 RM428 R24
33511B Function Generator
SN =Agilent Technologies,33511B,MY52301476,3.05-1.19-2.00-52-00
freq =+9.250000000000000E+06
burstmode =TRIG
burstN =+6.000000000000000E+01
voltage =+1.5000000000000E-01
 
DSO-X 2022A Oscilloscope
SN =AGILENT TECHNOLOGIES,DSO-X 2022A,MY54310921,02.41.2015102200
probe =+1.0000000E+00
scale =+500.0E-09
position =+19.900000E-06
range =+1.60E+00
units =VOLT
points =+2000
pointmode =NORM
format =BYTE
acqtype =NORM
trigsource =EXT
coupling =AC
 
-180	-4	0.013088
-180	-3.9	0.007789
-180	-3.8	0.0079126
-180	-3.7	0.0070667
-180	-3.6	0.0083595
-180	-3.5	0.0093332
-180	-3.4	0.010833
-180	-3.3	0.011199
-180	-3.2	0.010296
-180	-3.1	0.009581
-180	-3	0.010161
-180	-2.9	0.012392
-180	-2.8	0.015236
-180	-2.7	0.020517
-180	-2.6	0.023817
-180	-2.5	0.026614
-180	-2.4	0.028115
-180	-2.3	0.028016
-180	-2.2	0.028973
-180	-2.1	0.031526
-180	-2	0.034374
-180	-1.9	0.038726
-180	-1.8	0.042331
-180	-1.7	0.041303
-180	-1.6	0.03726
-180	-1.5	0.03246
-180	-1.4	0.02434
-180	-1.3	0.017849
-180	-1.2	0.017114
-180	-1.1	0.020293
-180	-1	0.025751
-180	-0.9	0.036049
-180	-0.8	0.041784
-180	-0.7	0.047793
-180	-0.6	0.048457
-180	-0.5	0.048311
-180	-0.4	0.045927
-180	-0.3	0.042861
-180	-0.2	0.038195
-180	-0.1	0.036233
-180	0	0.033372
-180	0.1	0.030796
-180	0.2	0.028842
-180	0.3	0.029082
-180	0.4	0.029453
-180	0.5	0.030155
-180	0.6	0.031414
-180	0.7	0.032549
-180	0.8	0.033497
-180	0.9	0.034623
-180	1	0.034604
-180	1.1	0.034721
-180	1.2	0.034009
-180	1.3	0.032222
-180	1.4	0.031458
-180	1.5	0.030154
-180	1.6	0.029971
-180	1.7	0.029873
-180	1.8	0.028979
-180	1.9	0.029403
-180	2	0.028898
-180	2.1	0.027694
-180	2.2	0.02407
-180	2.3	0.021833
-180	2.4	0.019055
-180	2.5	0.016594
-180	2.6	0.013992
-180	2.7	0.012329
-180	2.8	0.011596
-180	2.9	0.010853
-180	3	0.010528
-180	3.1	0.0086875
-180	3.2	0.0075445
-180	3.3	0.0075531
-180	3.4	0.0082289
-180	3.5	0.0089838
-180	3.6	0.0091796
-180	3.7	0.0092357
-180	3.8	0.0093037
-180	3.9	0.0092881
-180	4	0.008982
-170	-4	0.0079918
-170	-3.9	0.0079431
-170	-3.8	0.0077077
-170	-3.7	0.007069
-170	-3.6	0.0068034
-170	-3.5	0.0076635
-170	-3.4	0.0083537
-170	-3.3	0.0090126
-170	-3.2	0.0092637
-170	-3.1	0.010251
-170	-3	0.010246
-170	-2.9	0.010766
-170	-2.8	0.013058
-170	-2.7	0.015732
-170	-2.6	0.020356
-170	-2.5	0.024205
-170	-2.4	0.02632
-170	-2.3	0.028583
-170	-2.2	0.029945
-170	-2.1	0.030662
-170	-2	0.031505
-170	-1.9	0.033438
-170	-1.8	0.035484
-170	-1.7	0.03584
-170	-1.6	0.034356
-170	-1.5	0.031179
-170	-1.4	0.028695
-170	-1.3	0.023689
-170	-1.2	0.02402
-170	-1.1	0.02752
-170	-1	0.033334
-170	-0.9	0.041501
-170	-0.8	0.048992
-170	-0.7	0.054428
-170	-0.6	0.054904
-170	-0.5	0.054475
-170	-0.4	0.050486
-170	-0.3	0.047687
-170	-0.2	0.040245
-170	-0.1	0.03521
-170	0	0.031159
-170	0.1	0.025789
-170	0.2	0.024861
-170	0.3	0.02459
-170	0.4	0.025646
-170	0.5	0.026058
-170	0.6	0.028003
-170	0.7	0.030293
-170	0.8	0.031546
-170	0.9	0.032232
-170	1	0.032415
-170	1.1	0.032716
-170	1.2	0.032316
-170	1.3	0.031378
-170	1.4	0.030821
-170	1.5	0.029725
-170	1.6	0.029166
-170	1.7	0.028348
-170	1.8	0.026822
-170	1.9	0.025995
-170	2	0.024325
-170	2.1	0.022551
-170	2.2	0.020265
-170	2.3	0.018666
-170	2.4	0.016641
-170	2.5	0.014766
-170	2.6	0.012329
-170	2.7	0.010719
-170	2.8	0.0091142
-170	2.9	0.0077119
-170	3	0.0072851
-170	3.1	0.0072004
-170	3.2	0.0074062
-170	3.3	0.0075744
-170	3.4	0.0076678
-170	3.5	0.0075595
-170	3.6	0.0071531
-170	3.7	0.0067053
-170	3.8	0.0067915
-170	3.9	0.0064947
-170	4	0.0071372
-160	-4	0.0078962
-160	-3.9	0.0064472
-160	-3.8	0.0058974
-160	-3.7	0.0049758
-160	-3.6	0.0055791
-160	-3.5	0.0072984
-160	-3.4	0.0086558
-160	-3.3	0.0089387
-160	-3.2	0.0080963
-160	-3.1	0.0077641
-160	-3	0.0079857
-160	-2.9	0.0099906
-160	-2.8	0.014294
-160	-2.7	0.018049
-160	-2.6	0.021807
-160	-2.5	0.024303
-160	-2.4	0.024958
-160	-2.3	0.025364
-160	-2.2	0.026435
-160	-2.1	0.029743
-160	-2	0.032837
-160	-1.9	0.036723
-160	-1.8	0.039379
-160	-1.7	0.038995
-160	-1.6	0.034536
-160	-1.5	0.030601
-160	-1.4	0.026118
-160	-1.3	0.023736
-160	-1.2	0.027835
-160	-1.1	0.036047
-160	-1	0.043256
-160	-0.9	0.051057
-160	-0.8	0.057658
-160	-0.7	0.059662
-160	-0.6	0.05851
-160	-0.5	0.0549
-160	-0.4	0.053274
-160	-0.3	0.047342
-160	-0.2	0.040928
-160	-0.1	0.038807
-160	0	0.035239
-160	0.1	0.033972
-160	0.2	0.032603
-160	0.3	0.031918
-160	0.4	0.031869
-160	0.5	0.031818
-160	0.6	0.032512
-160	0.7	0.033171
-160	0.8	0.033328
-160	0.9	0.032998
-160	1	0.032591
-160	1.1	0.032166
-160	1.2	0.031386
-160	1.3	0.029686
-160	1.4	0.028421
-160	1.5	0.027847
-160	1.6	0.027133
-160	1.7	0.02643
-160	1.8	0.02479
-160	1.9	0.024671
-160	2	0.024242
-160	2.1	0.022678
-160	2.2	0.021454
-160	2.3	0.020199
-160	2.4	0.017025
-160	2.5	0.015092
-160	2.6	0.012884
-160	2.7	0.011967
-160	2.8	0.011045
-160	2.9	0.011751
-160	3	0.012299
-160	3.1	0.012272
-160	3.2	0.011792
-160	3.3	0.011011
-160	3.4	0.010664
-160	3.5	0.010651
-160	3.6	0.010682
-160	3.7	0.0097482
-160	3.8	0.0096415
-160	3.9	0.0088607
-160	4	0.0077766
-150	-4	0.010016
-150	-3.9	0.010739
-150	-3.8	0.01006
-150	-3.7	0.0077807
-150	-3.6	0.0051514
-150	-3.5	0.0053272
-150	-3.4	0.0074018
-150	-3.3	0.0090608
-150	-3.2	0.0097333
-150	-3.1	0.0097133
-150	-3	0.0094263
-150	-2.9	0.010016
-150	-2.8	0.014451
-150	-2.7	0.019154
-150	-2.6	0.023019
-150	-2.5	0.026504
-150	-2.4	0.027618
-150	-2.3	0.028042
-150	-2.2	0.028332
-150	-2.1	0.029805
-150	-2	0.032544
-150	-1.9	0.035552
-150	-1.8	0.038441
-150	-1.7	0.03915
-150	-1.6	0.035878
-150	-1.5	0.033355
-150	-1.4	0.026869
-150	-1.3	0.025605
-150	-1.2	0.029681
-150	-1.1	0.037853
-150	-1	0.044793
-150	-0.9	0.053403
-150	-0.8	0.061324
-150	-0.7	0.062948
-150	-0.6	0.062133
-150	-0.5	0.058088
-150	-0.4	0.053054
-150	-0.3	0.047938
-150	-0.2	0.041183
-150	-0.1	0.038435
-150	0	0.036524
-150	0.1	0.036186
-150	0.2	0.036554
-150	0.3	0.036805
-150	0.4	0.037631
-150	0.5	0.038308
-150	0.6	0.038809
-150	0.7	0.039528
-150	0.8	0.039953
-150	0.9	0.040208
-150	1	0.0396
-150	1.1	0.038848
-150	1.2	0.037441
-150	1.3	0.034265
-150	1.4	0.030988
-150	1.5	0.028487
-150	1.6	0.025309
-150	1.7	0.023128
-150	1.8	0.02171
-150	1.9	0.021299
-150	2	0.020908
-150	2.1	0.019676
-150	2.2	0.018332
-150	2.3	0.016349
-150	2.4	0.01391
-150	2.5	0.011921
-150	2.6	0.011422
-150	2.7	0.011621
-150	2.8	0.011465
-150	2.9	0.011332
-150	3	0.010211
-150	3.1	0.0099792
-150	3.2	0.00944
-150	3.3	0.0096298
-150	3.4	0.010309
-150	3.5	0.010549
-150	3.6	0.010734
-150	3.7	0.010074
-150	3.8	0.0084632
-150	3.9	0.0077035
-150	4	0.0068907
-140	-4	0.0067125
-140	-3.9	0.0061784
-140	-3.8	0.0051545
-140	-3.7	0.0054945
-140	-3.6	0.0057923
-140	-3.5	0.0066787
-140	-3.4	0.0072205
-140	-3.3	0.0075531
-140	-3.2	0.0065096
-140	-3.1	0.0065714
-140	-3	0.0088186
-140	-2.9	0.011825
-140	-2.8	0.015498
-140	-2.7	0.018669
-140	-2.6	0.020339
-140	-2.5	0.021903
-140	-2.4	0.022665
-140	-2.3	0.023427
-140	-2.2	0.025904
-140	-2.1	0.027488
-140	-2	0.03241
-140	-1.9	0.035965
-140	-1.8	0.038344
-140	-1.7	0.037328
-140	-1.6	0.034428
-140	-1.5	0.02836
-140	-1.4	0.02648
-140	-1.3	0.02724
-140	-1.2	0.035506
-140	-1.1	0.04543
-140	-1	0.053856
-140	-0.9	0.060755
-140	-0.8	0.063683
-140	-0.7	0.063975
-140	-0.6	0.061975
-140	-0.5	0.057247
-140	-0.4	0.052816
-140	-0.3	0.046728
-140	-0.2	0.043045
-140	-0.1	0.039154
-140	0	0.036875
-140	0.1	0.036005
-140	0.2	0.03603
-140	0.3	0.035686
-140	0.4	0.03689
-140	0.5	0.038116
-140	0.6	0.040148
-140	0.7	0.041142
-140	0.8	0.041463
-140	0.9	0.041253
-140	1	0.040507
-140	1.1	0.038055
-140	1.2	0.036404
-140	1.3	0.03442
-140	1.4	0.033274
-140	1.5	0.032
-140	1.6	0.029922
-140	1.7	0.027369
-140	1.8	0.025087
-140	1.9	0.022287
-140	2	0.020225
-140	2.1	0.018795
-140	2.2	0.018021
-140	2.3	0.017662
-140	2.4	0.01702
-140	2.5	0.015955
-140	2.6	0.014466
-140	2.7	0.013579
-140	2.8	0.013369
-140	2.9	0.013028
-140	3	0.012727
-140	3.1	0.012183
-140	3.2	0.011823
-140	3.3	0.011811
-140	3.4	0.012249
-140	3.5	0.012223
-140	3.6	0.012033
-140	3.7	0.011905
-140	3.8	0.012123
-140	3.9	0.010627
-140	4	0.0095894
-130	-4	0.0061889
-130	-3.9	0.0060968
-130	-3.8	0.0053845
-130	-3.7	0.0049563
-130	-3.6	0.0048542
-130	-3.5	0.0062693
-130	-3.4	0.0068176
-130	-3.3	0.0077599
-130	-3.2	0.0078015
-130	-3.1	0.007085
-130	-3	0.0068954
-130	-2.9	0.0085676
-130	-2.8	0.013061
-130	-2.7	0.017194
-130	-2.6	0.020614
-130	-2.5	0.02244
-130	-2.4	0.023384
-130	-2.3	0.023659
-130	-2.2	0.02484
-130	-2.1	0.02647
-130	-2	0.030452
-130	-1.9	0.034467
-130	-1.8	0.036025
-130	-1.7	0.036454
-130	-1.6	0.034059
-130	-1.5	0.029608
-130	-1.4	0.027718
-130	-1.3	0.029775
-130	-1.2	0.035109
-130	-1.1	0.046797
-130	-1	0.053162
-130	-0.9	0.06394
-130	-0.8	0.066371
-130	-0.7	0.065643
-130	-0.6	0.062273
-130	-0.5	0.057626
-130	-0.4	0.049332
-130	-0.3	0.04245
-130	-0.2	0.037977
-130	-0.1	0.035769
-130	0	0.035174
-130	0.1	0.035834
-130	0.2	0.036133
-130	0.3	0.036567
-130	0.4	0.038284
-130	0.5	0.039104
-130	0.6	0.041361
-130	0.7	0.044475
-130	0.8	0.045292
-130	0.9	0.045901
-130	1	0.044635
-130	1.1	0.043122
-130	1.2	0.041305
-130	1.3	0.037576
-130	1.4	0.034726
-130	1.5	0.032787
-130	1.6	0.030013
-130	1.7	0.027768
-130	1.8	0.026409
-130	1.9	0.024727
-130	2	0.023381
-130	2.1	0.021744
-130	2.2	0.019781
-130	2.3	0.018289
-130	2.4	0.016755
-130	2.5	0.0155
-130	2.6	0.014972
-130	2.7	0.01486
-130	2.8	0.015231
-130	2.9	0.014398
-130	3	0.013235
-130	3.1	0.011844
-130	3.2	0.010933
-130	3.3	0.01065
-130	3.4	0.010537
-130	3.5	0.011015
-130	3.6	0.011094
-130	3.7	0.011661
-130	3.8	0.01124
-130	3.9	0.010554
-130	4	0.0094605
-120	-4	0.0078572
-120	-3.9	0.0075359
-120	-3.8	0.0068176
-120	-3.7	0.0060941
-120	-3.6	0.0065096
-120	-3.5	0.0082662
-120	-3.4	0.0099549
-120	-3.3	0.010016
-120	-3.2	0.0086446
-120	-3.1	0.0078449
-120	-3	0.0077265
-120	-2.9	0.010248
-120	-2.8	0.016582
-120	-2.7	0.020649
-120	-2.6	0.023373
-120	-2.5	0.025705
-120	-2.4	0.025995
-120	-2.3	0.026222
-120	-2.2	0.026778
-120	-2.1	0.029805
-120	-2	0.033616
-120	-1.9	0.036619
-120	-1.8	0.038156
-120	-1.7	0.036784
-120	-1.6	0.032414
-120	-1.5	0.029827
-120	-1.4	0.02693
-120	-1.3	0.030904
-120	-1.2	0.03977
-120	-1.1	0.044717
-120	-1	0.054466
-120	-0.9	0.059047
-120	-0.8	0.060774
-120	-0.7	0.058813
-120	-0.6	0.052383
-120	-0.5	0.045175
-120	-0.4	0.041383
-120	-0.3	0.032535
-120	-0.2	0.029553
-120	-0.1	0.027572
-120	0	0.027848
-120	0.1	0.029208
-120	0.2	0.030993
-120	0.3	0.032701
-120	0.4	0.034872
-120	0.5	0.038116
-120	0.6	0.04086
-120	0.7	0.043801
-120	0.8	0.047114
-120	0.9	0.048063
-120	1	0.048784
-120	1.1	0.047281
-120	1.2	0.044131
-120	1.3	0.042332
-120	1.4	0.037939
-120	1.5	0.032762
-120	1.6	0.030005
-120	1.7	0.028106
-120	1.8	0.027239
-120	1.9	0.027035
-120	2	0.025798
-120	2.1	0.023913
-120	2.2	0.022101
-120	2.3	0.019672
-120	2.4	0.018001
-120	2.5	0.016944
-120	2.6	0.01716
-120	2.7	0.017496
-120	2.8	0.017477
-120	2.9	0.016485
-120	3	0.015126
-120	3.1	0.013116
-120	3.2	0.012342
-120	3.3	0.012497
-120	3.4	0.013244
-120	3.5	0.013157
-120	3.6	0.013373
-120	3.7	0.0125
-120	3.8	0.011631
-120	3.9	0.0098291
-120	4	0.0095235
-110	-4	0.0081797
-110	-3.9	0.0080583
-110	-3.8	0.0072272
-110	-3.7	0.0066545
-110	-3.6	0.005922
-110	-3.5	0.007225
-110	-3.4	0.0082935
-110	-3.3	0.0098505
-110	-3.2	0.010279
-110	-3.1	0.010694
-110	-3	0.010542
-110	-2.9	0.011554
-110	-2.8	0.014135
-110	-2.7	0.018833
-110	-2.6	0.021725
-110	-2.5	0.024337
-110	-2.4	0.025558
-110	-2.3	0.026749
-110	-2.2	0.027202
-110	-2.1	0.029163
-110	-2	0.031313
-110	-1.9	0.033625
-110	-1.8	0.035281
-110	-1.7	0.035031
-110	-1.6	0.03326
-110	-1.5	0.030528
-110	-1.4	0.029349
-110	-1.3	0.031874
-110	-1.2	0.038576
-110	-1.1	0.041696
-110	-1	0.050986
-110	-0.9	0.056161
-110	-0.8	0.059257
-110	-0.7	0.05842
-110	-0.6	0.054626
-110	-0.5	0.048156
-110	-0.4	0.040812
-110	-0.3	0.035292
-110	-0.2	0.026808
-110	-0.1	0.021434
-110	0	0.02048
-110	0.1	0.021194
-110	0.2	0.023127
-110	0.3	0.025589
-110	0.4	0.031901
-110	0.5	0.037165
-110	0.6	0.042747
-110	0.7	0.047571
-110	0.8	0.051146
-110	0.9	0.054565
-110	1	0.055017
-110	1.1	0.054174
-110	1.2	0.05202
-110	1.3	0.050098
-110	1.4	0.047203
-110	1.5	0.043097
-110	1.6	0.038722
-110	1.7	0.03568
-110	1.8	0.032302
-110	1.9	0.029863
-110	2	0.028003
-110	2.1	0.026063
-110	2.2	0.024727
-110	2.3	0.022816
-110	2.4	0.02122
-110	2.5	0.019666
-110	2.6	0.01812
-110	2.7	0.0167
-110	2.8	0.015098
-110	2.9	0.014492
-110	3	0.0139
-110	3.1	0.013696
-110	3.2	0.013582
-110	3.3	0.013357
-110	3.4	0.012289
-110	3.5	0.011249
-110	3.6	0.0098291
-110	3.7	0.0085921
-110	3.8	0.0078407
-110	3.9	0.0074778
-110	4	0.0078056
-100	-4	0.0077014
-100	-3.9	0.0076276
-100	-3.8	0.0075595
-100	-3.7	0.0066179
-100	-3.6	0.0072048
-100	-3.5	0.0090964
-100	-3.4	0.011129
-100	-3.3	0.013092
-100	-3.2	0.013334
-100	-3.1	0.012992
-100	-3	0.0117
-100	-2.9	0.01144
-100	-2.8	0.01417
-100	-2.7	0.018488
-100	-2.6	0.021651
-100	-2.5	0.024525
-100	-2.4	0.025779
-100	-2.3	0.026186
-100	-2.2	0.026191
-100	-2.1	0.027499
-100	-2	0.029741
-100	-1.9	0.032493
-100	-1.8	0.034122
-100	-1.7	0.035227
-100	-1.6	0.034182
-100	-1.5	0.030738
-100	-1.4	0.027774
-100	-1.3	0.02814
-100	-1.2	0.032858
-100	-1.1	0.042676
-100	-1	0.048441
-100	-0.9	0.05552
-100	-0.8	0.057364
-100	-0.7	0.056432
-100	-0.6	0.048465
-100	-0.5	0.044153
-100	-0.4	0.034772
-100	-0.3	0.027825
-100	-0.2	0.019814
-100	-0.1	0.01499
-100	0	0.014628
-100	0.1	0.016507
-100	0.2	0.019493
-100	0.3	0.023434
-100	0.4	0.028032
-100	0.5	0.034648
-100	0.6	0.041688
-100	0.7	0.046852
-100	0.8	0.050479
-100	0.9	0.052653
-100	1	0.053722
-100	1.1	0.052252
-100	1.2	0.050459
-100	1.3	0.048687
-100	1.4	0.043759
-100	1.5	0.038884
-100	1.6	0.036097
-100	1.7	0.033065
-100	1.8	0.030312
-100	1.9	0.028573
-100	2	0.026528
-100	2.1	0.025346
-100	2.2	0.023364
-100	2.3	0.022124
-100	2.4	0.020366
-100	2.5	0.01866
-100	2.6	0.016947
-100	2.7	0.016459
-100	2.8	0.015899
-100	2.9	0.015377
-100	3	0.014154
-100	3.1	0.013247
-100	3.2	0.011465
-100	3.3	0.010595
-100	3.4	0.0094776
-100	3.5	0.0088825
-100	3.6	0.0083576
-100	3.7	0.0083227
-100	3.8	0.007849
-100	3.9	0.0078263
-100	4	0.0077579
-90	-4	0.010863
-90	-3.9	0.011506
-90	-3.8	0.011874
-90	-3.7	0.011806
-90	-3.6	0.011292
-90	-3.5	0.011871
-90	-3.4	0.012616
-90	-3.3	0.013883
-90	-3.2	0.014978
-90	-3.1	0.015154
-90	-3	0.015691
-90	-2.9	0.016986
-90	-2.8	0.019818
-90	-2.7	0.022162
-90	-2.6	0.024464
-90	-2.5	0.027216
-90	-2.4	0.028582
-90	-2.3	0.030124
-90	-2.2	0.031533
-90	-2.1	0.03326
-90	-2	0.034931
-90	-1.9	0.036152
-90	-1.8	0.036409
-90	-1.7	0.035838
-90	-1.6	0.034195
-90	-1.5	0.031753
-90	-1.4	0.030541
-90	-1.3	0.03173
-90	-1.2	0.03741
-90	-1.1	0.041934
-90	-1	0.048066
-90	-0.9	0.053008
-90	-0.8	0.056079
-90	-0.7	0.056034
-90	-0.6	0.05307
-90	-0.5	0.047867
-90	-0.4	0.042213
-90	-0.3	0.035611
-90	-0.2	0.029372
-90	-0.1	0.022929
-90	0	0.019934
-90	0.1	0.018885
-90	0.2	0.02008
-90	0.3	0.02234
-90	0.4	0.028805
-90	0.5	0.033688
-90	0.6	0.040418
-90	0.7	0.04479
-90	0.8	0.05165
-90	0.9	0.055757
-90	1	0.057225
-90	1.1	0.056274
-90	1.2	0.053777
-90	1.3	0.050015
-90	1.4	0.046115
-90	1.5	0.042239
-90	1.6	0.039878
-90	1.7	0.037354
-90	1.8	0.036013
-90	1.9	0.034547
-90	2	0.031015
-90	2.1	0.028354
-90	2.2	0.025408
-90	2.3	0.022663
-90	2.4	0.021717
-90	2.5	0.020569
-90	2.6	0.020061
-90	2.7	0.019911
-90	2.8	0.018222
-90	2.9	0.017009
-90	3	0.014213
-90	3.1	0.012217
-90	3.2	0.011866
-90	3.3	0.01102
-90	3.4	0.010667
-90	3.5	0.010053
-90	3.6	0.010071
-90	3.7	0.0091142
-90	3.8	0.0083865
-90	3.9	0.0079492
-90	4	0.0075359
-80	-4	0.010378
-80	-3.9	0.010303
-80	-3.8	0.0097863
-80	-3.7	0.008654
-80	-3.6	0.0092567
-80	-3.5	0.010517
-80	-3.4	0.012553
-80	-3.3	0.013607
-80	-3.2	0.014506
-80	-3.1	0.014391
-80	-3	0.014456
-80	-2.9	0.015739
-80	-2.8	0.01819
-80	-2.7	0.021458
-80	-2.6	0.023674
-80	-2.5	0.026948
-80	-2.4	0.02818
-80	-2.3	0.029369
-80	-2.2	0.030712
-80	-2.1	0.031943
-80	-2	0.035384
-80	-1.9	0.037768
-80	-1.8	0.039688
-80	-1.7	0.039898
-80	-1.6	0.037782
-80	-1.5	0.034643
-80	-1.4	0.030527
-80	-1.3	0.031312
-80	-1.2	0.035516
-80	-1.1	0.041968
-80	-1	0.049936
-80	-0.9	0.052418
-80	-0.8	0.056016
-80	-0.7	0.05713
-80	-0.6	0.055177
-80	-0.5	0.051051
-80	-0.4	0.044609
-80	-0.3	0.038869
-80	-0.2	0.034569
-80	-0.1	0.029334
-80	0	0.025133
-80	0.1	0.023535
-80	0.2	0.023706
-80	0.3	0.025781
-80	0.4	0.029834
-80	0.5	0.035865
-80	0.6	0.042392
-80	0.7	0.0456
-80	0.8	0.050709
-80	0.9	0.053925
-80	1	0.054987
-80	1.1	0.053519
-80	1.2	0.051216
-80	1.3	0.047122
-80	1.4	0.045623
-80	1.5	0.04152
-80	1.6	0.038259
-80	1.7	0.036761
-80	1.8	0.035136
-80	1.9	0.032675
-80	2	0.03119
-80	2.1	0.028868
-80	2.2	0.027654
-80	2.3	0.024871
-80	2.4	0.023539
-80	2.5	0.022165
-80	2.6	0.020847
-80	2.7	0.019622
-80	2.8	0.017381
-80	2.9	0.014953
-80	3	0.013119
-80	3.1	0.012058
-80	3.2	0.011424
-80	3.3	0.011052
-80	3.4	0.010455
-80	3.5	0.010157
-80	3.6	0.01
-80	3.7	0.0092672
-80	3.8	0.008373
-80	3.9	0.0079166
-80	4	0.0082014
-70	-4	0.01168
-70	-3.9	0.011008
-70	-3.8	0.010381
-70	-3.7	0.010169
-70	-3.6	0.010775
-70	-3.5	0.012971
-70	-3.4	0.014296
-70	-3.3	0.014898
-70	-3.2	0.01537
-70	-3.1	0.01528
-70	-3	0.016413
-70	-2.9	0.018321
-70	-2.8	0.021201
-70	-2.7	0.023303
-70	-2.6	0.025484
-70	-2.5	0.026075
-70	-2.4	0.026486
-70	-2.3	0.026631
-70	-2.2	0.027761
-70	-2.1	0.030773
-70	-2	0.034661
-70	-1.9	0.036412
-70	-1.8	0.03801
-70	-1.7	0.038023
-70	-1.6	0.034967
-70	-1.5	0.032186
-70	-1.4	0.031275
-70	-1.3	0.033473
-70	-1.2	0.036837
-70	-1.1	0.044694
-70	-1	0.048879
-70	-0.9	0.05595
-70	-0.8	0.057862
-70	-0.7	0.057725
-70	-0.6	0.05565
-70	-0.5	0.052495
-70	-0.4	0.044111
-70	-0.3	0.041136
-70	-0.2	0.035532
-70	-0.1	0.029147
-70	0	0.026336
-70	0.1	0.024546
-70	0.2	0.024368
-70	0.3	0.0258
-70	0.4	0.029585
-70	0.5	0.033847
-70	0.6	0.041262
-70	0.7	0.045193
-70	0.8	0.049747
-70	0.9	0.052742
-70	1	0.052957
-70	1.1	0.051531
-70	1.2	0.047371
-70	1.3	0.046264
-70	1.4	0.043125
-70	1.5	0.041144
-70	1.6	0.040028
-70	1.7	0.039351
-70	1.8	0.038024
-70	1.9	0.035274
-70	2	0.031636
-70	2.1	0.028493
-70	2.2	0.026499
-70	2.3	0.025303
-70	2.4	0.024664
-70	2.5	0.024671
-70	2.6	0.023339
-70	2.7	0.022242
-70	2.8	0.01976
-70	2.9	0.017243
-70	3	0.015082
-70	3.1	0.012827
-70	3.2	0.012604
-70	3.3	0.012047
-70	3.4	0.01082
-70	3.5	0.010309
-70	3.6	0.0094365
-70	3.7	0.0076762
-70	3.8	0.0062873
-70	3.9	0.0062744
-70	4	0.0066106
-60	-4	0.0090751
-60	-3.9	0.010208
-60	-3.8	0.010245
-60	-3.7	0.010149
-60	-3.6	0.011693
-60	-3.5	0.013904
-60	-3.4	0.015231
-60	-3.3	0.016482
-60	-3.2	0.016704
-60	-3.1	0.016026
-60	-3	0.015141
-60	-2.9	0.015153
-60	-2.8	0.017792
-60	-2.7	0.020733
-60	-2.6	0.02464
-60	-2.5	0.027871
-60	-2.4	0.030106
-60	-2.3	0.030922
-60	-2.2	0.031914
-60	-2.1	0.032773
-60	-2	0.034564
-60	-1.9	0.037701
-60	-1.8	0.039573
-60	-1.7	0.040137
-60	-1.6	0.038415
-60	-1.5	0.036241
-60	-1.4	0.033292
-60	-1.3	0.032415
-60	-1.2	0.037181
-60	-1.1	0.041571
-60	-1	0.050213
-60	-0.9	0.054847
-60	-0.8	0.057155
-60	-0.7	0.058745
-60	-0.6	0.056979
-60	-0.5	0.054304
-60	-0.4	0.049993
-60	-0.3	0.043735
-60	-0.2	0.039235
-60	-0.1	0.035874
-60	0	0.03225
-60	0.1	0.028657
-60	0.2	0.027373
-60	0.3	0.027391
-60	0.4	0.030341
-60	0.5	0.034695
-60	0.6	0.042585
-60	0.7	0.046521
-60	0.8	0.050101
-60	0.9	0.051719
-60	1	0.050804
-60	1.1	0.048127
-60	1.2	0.046052
-60	1.3	0.044137
-60	1.4	0.039575
-60	1.5	0.036777
-60	1.6	0.035165
-60	1.7	0.03403
-60	1.8	0.032754
-60	1.9	0.031041
-60	2	0.029058
-60	2.1	0.026464
-60	2.2	0.02428
-60	2.3	0.022606
-60	2.4	0.021197
-60	2.5	0.020608
-60	2.6	0.020454
-60	2.7	0.020145
-60	2.8	0.019872
-60	2.9	0.0188
-60	3	0.01706
-60	3.1	0.015261
-60	3.2	0.012614
-60	3.3	0.010423
-60	3.4	0.0084956
-60	3.5	0.0078778
-60	3.6	0.0093885
-60	3.7	0.0095455
-60	3.8	0.0094741
-60	3.9	0.0093003
-60	4	0.0083032
-50	-4	0.0095759
-50	-3.9	0.0090858
-50	-3.8	0.0082446
-50	-3.7	0.0086708
-50	-3.6	0.011744
-50	-3.5	0.013294
-50	-3.4	0.014844
-50	-3.3	0.015942
-50	-3.2	0.015385
-50	-3.1	0.014793
-50	-3	0.014393
-50	-2.9	0.015366
-50	-2.8	0.017813
-50	-2.7	0.020397
-50	-2.6	0.023942
-50	-2.5	0.025548
-50	-2.4	0.027461
-50	-2.3	0.029057
-50	-2.2	0.03022
-50	-2.1	0.03353
-50	-2	0.03636
-50	-1.9	0.039943
-50	-1.8	0.041875
-50	-1.7	0.042257
-50	-1.6	0.040752
-50	-1.5	0.037992
-50	-1.4	0.035979
-50	-1.3	0.036915
-50	-1.2	0.039775
-50	-1.1	0.044547
-50	-1	0.050764
-50	-0.9	0.055135
-50	-0.8	0.058866
-50	-0.7	0.05908
-50	-0.6	0.058191
-50	-0.5	0.055197
-50	-0.4	0.050208
-50	-0.3	0.045564
-50	-0.2	0.043192
-50	-0.1	0.0401
-50	0	0.037908
-50	0.1	0.036153
-50	0.2	0.03466
-50	0.3	0.034556
-50	0.4	0.035641
-50	0.5	0.038298
-50	0.6	0.04245
-50	0.7	0.045496
-50	0.8	0.047746
-50	0.9	0.048846
-50	1	0.048969
-50	1.1	0.047682
-50	1.2	0.045685
-50	1.3	0.044603
-50	1.4	0.043301
-50	1.5	0.039968
-50	1.6	0.036494
-50	1.7	0.034636
-50	1.8	0.032073
-50	1.9	0.029474
-50	2	0.028081
-50	2.1	0.027941
-50	2.2	0.027094
-50	2.3	0.0259
-50	2.4	0.024064
-50	2.5	0.019906
-50	2.6	0.017987
-50	2.7	0.016156
-50	2.8	0.015156
-50	2.9	0.014938
-50	3	0.014961
-50	3.1	0.013945
-50	3.2	0.012733
-50	3.3	0.011726
-50	3.4	0.0095438
-50	3.5	0.0079635
-50	3.6	0.0072384
-50	3.7	0.0075317
-50	3.8	0.0066859
-50	3.9	0.0065615
-50	4	0.0063206
-40	-4	0.010008
-40	-3.9	0.0095928
-40	-3.8	0.0088259
-40	-3.7	0.0071259
-40	-3.6	0.0078428
-40	-3.5	0.010511
-40	-3.4	0.01247
-40	-3.3	0.014443
-40	-3.2	0.015852
-40	-3.1	0.016029
-40	-3	0.016021
-40	-2.9	0.016326
-40	-2.8	0.018188
-40	-2.7	0.021066
-40	-2.6	0.025244
-40	-2.5	0.027239
-40	-2.4	0.029528
-40	-2.3	0.030164
-40	-2.2	0.030696
-40	-2.1	0.031798
-40	-2	0.034631
-40	-1.9	0.038306
-40	-1.8	0.039697
-40	-1.7	0.041443
-40	-1.6	0.04096
-40	-1.5	0.040065
-40	-1.4	0.038585
-40	-1.3	0.039067
-40	-1.2	0.04198
-40	-1.1	0.046694
-40	-1	0.050693
-40	-0.9	0.056736
-40	-0.8	0.059242
-40	-0.7	0.059486
-40	-0.6	0.05837
-40	-0.5	0.053951
-40	-0.4	0.050229
-40	-0.3	0.047447
-40	-0.2	0.042546
-40	-0.1	0.039411
-40	0	0.035682
-40	0.1	0.03418
-40	0.2	0.031926
-40	0.3	0.031457
-40	0.4	0.033304
-40	0.5	0.036582
-40	0.6	0.041671
-40	0.7	0.043535
-40	0.8	0.046775
-40	0.9	0.048436
-40	1	0.04899
-40	1.1	0.048741
-40	1.2	0.047349
-40	1.3	0.046469
-40	1.4	0.044356
-40	1.5	0.042072
-40	1.6	0.03858
-40	1.7	0.035902
-40	1.8	0.031385
-40	1.9	0.029321
-40	2	0.026995
-40	2.1	0.026623
-40	2.2	0.025926
-40	2.3	0.024613
-40	2.4	0.022998
-40	2.5	0.020334
-40	2.6	0.018533
-40	2.7	0.015902
-40	2.8	0.01473
-40	2.9	0.014042
-40	3	0.013825
-40	3.1	0.013298
-40	3.2	0.01264
-40	3.3	0.011658
-40	3.4	0.010029
-40	3.5	0.0089098
-40	3.6	0.0067605
-40	3.7	0.0062435
-40	3.8	0.0061259
-40	3.9	0.0055646
-40	4	0.0050436
-30	-4	0.0085374
-30	-3.9	0.0082152
-30	-3.8	0.0075188
-30	-3.7	0.0073426
-30	-3.6	0.0076593
-30	-3.5	0.0093781
-30	-3.4	0.011392
-30	-3.3	0.012478
-30	-3.2	0.013215
-30	-3.1	0.013211
-30	-3	0.013792
-30	-2.9	0.016493
-30	-2.8	0.017819
-30	-2.7	0.020295
-30	-2.6	0.022788
-30	-2.5	0.024767
-30	-2.4	0.027431
-30	-2.3	0.030116
-30	-2.2	0.03223
-30	-2.1	0.034854
-30	-2	0.036541
-30	-1.9	0.039374
-30	-1.8	0.040684
-30	-1.7	0.040807
-30	-1.6	0.040218
-30	-1.5	0.037158
-30	-1.4	0.034552
-30	-1.3	0.035463
-30	-1.2	0.041248
-30	-1.1	0.046173
-30	-1	0.051328
-30	-0.9	0.057405
-30	-0.8	0.058741
-30	-0.7	0.057858
-30	-0.6	0.05521
-30	-0.5	0.052564
-30	-0.4	0.046101
-30	-0.3	0.041931
-30	-0.2	0.039091
-30	-0.1	0.035291
-30	0	0.032485
-30	0.1	0.029798
-30	0.2	0.027905
-30	0.3	0.027186
-30	0.4	0.02834
-30	0.5	0.031217
-30	0.6	0.034385
-30	0.7	0.038963
-30	0.8	0.041653
-30	0.9	0.042788
-30	1	0.044026
-30	1.1	0.043592
-30	1.2	0.042205
-30	1.3	0.040281
-30	1.4	0.038548
-30	1.5	0.035761
-30	1.6	0.034597
-30	1.7	0.032913
-30	1.8	0.032524
-30	1.9	0.0313
-30	2	0.029259
-30	2.1	0.027741
-30	2.2	0.026295
-30	2.3	0.024627
-30	2.4	0.022606
-30	2.5	0.021628
-30	2.6	0.021345
-30	2.7	0.02119
-30	2.8	0.019809
-30	2.9	0.018334
-30	3	0.015476
-30	3.1	0.01309
-30	3.2	0.010951
-30	3.3	0.0084861
-30	3.4	0.0086652
-30	3.5	0.0075958
-30	3.6	0.0081401
-30	3.7	0.0075188
-30	3.8	0.0064547
-30	3.9	0.0059898
-30	4	0.0059001
-20	-4	0.0068318
-20	-3.9	0.0068648
-20	-3.8	0.0070438
-20	-3.7	0.0076741
-20	-3.6	0.0081182
-20	-3.5	0.0094485
-20	-3.4	0.01054
-20	-3.3	0.010162
-20	-3.2	0.010455
-20	-3.1	0.011232
-20	-3	0.012099
-20	-2.9	0.01405
-20	-2.8	0.016925
-20	-2.7	0.018626
-20	-2.6	0.021726
-20	-2.5	0.02508
-20	-2.4	0.02808
-20	-2.3	0.030259
-20	-2.2	0.032115
-20	-2.1	0.034134
-20	-2	0.037933
-20	-1.9	0.04096
-20	-1.8	0.04297
-20	-1.7	0.042947
-20	-1.6	0.040329
-20	-1.5	0.036171
-20	-1.4	0.03485
-20	-1.3	0.037208
-20	-1.2	0.040419
-20	-1.1	0.048072
-20	-1	0.054462
-20	-0.9	0.060406
-20	-0.8	0.061656
-20	-0.7	0.060718
-20	-0.6	0.057843
-20	-0.5	0.052278
-20	-0.4	0.048469
-20	-0.3	0.042701
-20	-0.2	0.037981
-20	-0.1	0.035035
-20	0	0.031017
-20	0.1	0.028914
-20	0.2	0.026768
-20	0.3	0.026996
-20	0.4	0.029551
-20	0.5	0.034016
-20	0.6	0.037934
-20	0.7	0.041289
-20	0.8	0.043326
-20	0.9	0.045059
-20	1	0.044676
-20	1.1	0.044437
-20	1.2	0.042177
-20	1.3	0.041267
-20	1.4	0.039212
-20	1.5	0.036931
-20	1.6	0.035198
-20	1.7	0.032638
-20	1.8	0.031379
-20	1.9	0.029821
-20	2	0.028434
-20	2.1	0.026486
-20	2.2	0.025343
-20	2.3	0.024581
-20	2.4	0.022913
-20	2.5	0.022009
-20	2.6	0.021461
-20	2.7	0.021363
-20	2.8	0.02101
-20	2.9	0.018795
-20	3	0.017119
-20	3.1	0.015226
-20	3.2	0.011901
-20	3.3	0.0090501
-20	3.4	0.0088186
-20	3.5	0.0097067
-20	3.6	0.010156
-20	3.7	0.010595
-20	3.8	0.010515
-20	3.9	0.0096783
-20	4	0.0085355
-10	-4	0.0079452
-10	-3.9	0.0075037
-10	-3.8	0.0071553
-10	-3.7	0.0061338
-10	-3.6	0.0064672
-10	-3.5	0.007404
-10	-3.4	0.0083904
-10	-3.3	0.0096415
-10	-3.2	0.0099077
-10	-3.1	0.010566
-10	-3	0.01102
-10	-2.9	0.012568
-10	-2.8	0.016003
-10	-2.7	0.018701
-10	-2.6	0.022193
-10	-2.5	0.025581
-10	-2.4	0.026103
-10	-2.3	0.025793
-10	-2.2	0.025488
-10	-2.1	0.026485
-10	-2	0.029965
-10	-1.9	0.033998
-10	-1.8	0.037091
-10	-1.7	0.036934
-10	-1.6	0.035418
-10	-1.5	0.031167
-10	-1.4	0.030887
-10	-1.3	0.035661
-10	-1.2	0.041785
-10	-1.1	0.04661
-10	-1	0.05458
-10	-0.9	0.059159
-10	-0.8	0.062175
-10	-0.7	0.059537
-10	-0.6	0.054359
-10	-0.5	0.048541
-10	-0.4	0.041434
-10	-0.3	0.033204
-10	-0.2	0.027793
-10	-0.1	0.022792
-10	0	0.021425
-10	0.1	0.020082
-10	0.2	0.01982
-10	0.3	0.022004
-10	0.4	0.025736
-10	0.5	0.031816
-10	0.6	0.036422
-10	0.7	0.042164
-10	0.8	0.043256
-10	0.9	0.04493
-10	1	0.044561
-10	1.1	0.043381
-10	1.2	0.041492
-10	1.3	0.039564
-10	1.4	0.038489
-10	1.5	0.036501
-10	1.6	0.034271
-10	1.7	0.033352
-10	1.8	0.031154
-10	1.9	0.029521
-10	2	0.028462
-10	2.1	0.02769
-10	2.2	0.026631
-10	2.3	0.025463
-10	2.4	0.024217
-10	2.5	0.022487
-10	2.6	0.020386
-10	2.7	0.019336
-10	2.8	0.017829
-10	2.9	0.016716
-10	3	0.014813
-10	3.1	0.01368
-10	3.2	0.012691
-10	3.3	0.010951
-10	3.4	0.0098669
-10	3.5	0.0091355
-10	3.6	0.0091089
-10	3.7	0.0084211
-10	3.8	0.0079594
-10	3.9	0.006846
-10	4	0.0063868
0	-4	0.0070644
0	-3.9	0.0072362
0	-3.8	0.0073712
0	-3.7	0.0067004
0	-3.6	0.0065984
0	-3.5	0.0070964
0	-3.4	0.0088625
0	-3.3	0.010683
0	-3.2	0.011491
0	-3.1	0.012063
0	-3	0.011837
0	-2.9	0.012859
0	-2.8	0.014389
0	-2.7	0.020083
0	-2.6	0.023917
0	-2.5	0.026958
0	-2.4	0.029145
0	-2.3	0.029602
0	-2.2	0.029614
0	-2.1	0.029502
0	-2	0.029795
0	-1.9	0.030938
0	-1.8	0.032914
0	-1.7	0.033391
0	-1.6	0.032688
0	-1.5	0.029703
0	-1.4	0.029892
0	-1.3	0.034105
0	-1.2	0.036962
0	-1.1	0.046453
0	-1	0.05719
0	-0.9	0.060365
0	-0.8	0.063674
0	-0.7	0.062363
0	-0.6	0.05628
0	-0.5	0.051795
0	-0.4	0.040464
0	-0.3	0.03211
0	-0.2	0.025185
0	-0.1	0.018654
0	0	0.016946
0	0.1	0.01409
0	0.2	0.013713
0	0.3	0.016243
0	0.4	0.020257
0	0.5	0.026196
0	0.6	0.032994
0	0.7	0.038823
0	0.8	0.042797
0	0.9	0.04604
0	1	0.046555
0	1.1	0.04617
0	1.2	0.044146
0	1.3	0.041866
0	1.4	0.038995
0	1.5	0.036176
0	1.6	0.035847
0	1.7	0.03383
0	1.8	0.033502
0	1.9	0.033213
0	2	0.03216
0	2.1	0.029662
0	2.2	0.0276
0	2.3	0.024831
0	2.4	0.022406
0	2.5	0.021675
0	2.6	0.020955
0	2.7	0.02058
0	2.8	0.019366
0	2.9	0.017653
0	3	0.01412
0	3.1	0.012084
0	3.2	0.010842
0	3.3	0.010146
0	3.4	0.0107
0	3.5	0.010216
0	3.6	0.009613
0	3.7	0.0082954
0	3.8	0.0073996
0	3.9	0.0059655
0	4	0.0064996
10	-4	0.0063053
10	-3.9	0.0071891
10	-3.8	0.0070872
10	-3.7	0.0063206
10	-3.6	0.005691
10	-3.5	0.0060087
10	-3.4	0.0081282
10	-3.3	0.0099695
10	-3.2	0.010903
10	-3.1	0.011083
10	-3	0.010154
10	-2.9	0.010086
10	-2.8	0.012531
10	-2.7	0.016449
10	-2.6	0.021781
10	-2.5	0.025696
10	-2.4	0.027181
10	-2.3	0.028167
10	-2.2	0.028157
10	-2.1	0.028191
10	-2	0.028828
10	-1.9	0.029878
10	-1.8	0.031129
10	-1.7	0.03139
10	-1.6	0.031012
10	-1.5	0.029008
10	-1.4	0.028022
10	-1.3	0.030379
10	-1.2	0.034445
10	-1.1	0.045907
10	-1	0.054455
10	-0.9	0.062638
10	-0.8	0.065699
10	-0.7	0.06627
10	-0.6	0.060741
10	-0.5	0.053576
10	-0.4	0.045715
10	-0.3	0.030141
10	-0.2	0.025095
10	-0.1	0.017031
10	0	0.015019
10	0.1	0.014846
10	0.2	0.016989
10	0.3	0.02003
10	0.4	0.024865
10	0.5	0.032174
10	0.6	0.038502
10	0.7	0.043502
10	0.8	0.046238
10	0.9	0.047542
10	1	0.047064
10	1.1	0.046088
10	1.2	0.042868
10	1.3	0.040725
10	1.4	0.037297
10	1.5	0.035821
10	1.6	0.032646
10	1.7	0.030559
10	1.8	0.028715
10	1.9	0.027338
10	2	0.025042
10	2.1	0.023561
10	2.2	0.021732
10	2.3	0.020499
10	2.4	0.019383
10	2.5	0.018376
10	2.6	0.017218
10	2.7	0.015971
10	2.8	0.0149
10	2.9	0.014361
10	3	0.012521
10	3.1	0.010769
10	3.2	0.010271
10	3.3	0.0097217
10	3.4	0.0094057
10	3.5	0.0080201
10	3.6	0.0075574
10	3.7	0.0073952
10	3.8	0.0073909
10	3.9	0.0078407
10	4	0.0081242
20	-4	0.0061153
20	-3.9	0.0063994
20	-3.8	0.0056966
20	-3.7	0.0056796
20	-3.6	0.0056396
20	-3.5	0.005809
20	-3.4	0.0060275
20	-3.3	0.0077328
20	-3.2	0.0089243
20	-3.1	0.0094211
20	-3	0.00969
20	-2.9	0.009735
20	-2.8	0.011426
20	-2.7	0.016216
20	-2.6	0.02029
20	-2.5	0.023353
20	-2.4	0.025005
20	-2.3	0.026558
20	-2.2	0.02625
20	-2.1	0.026477
20	-2	0.02705
20	-1.9	0.02815
20	-1.8	0.030258
20	-1.7	0.030491
20	-1.6	0.029638
20	-1.5	0.028049
20	-1.4	0.027395
20	-1.3	0.030645
20	-1.2	0.037409
20	-1.1	0.044528
20	-1	0.056425
20	-0.9	0.061614
20	-0.8	0.067832
20	-0.7	0.066258
20	-0.6	0.062241
20	-0.5	0.054929
20	-0.4	0.043424
20	-0.3	0.033327
20	-0.2	0.024564
20	-0.1	0.018843
20	0	0.017139
20	0.1	0.018259
20	0.2	0.020965
20	0.3	0.026239
20	0.4	0.030627
20	0.5	0.035982
20	0.6	0.041233
20	0.7	0.046029
20	0.8	0.047221
20	0.9	0.048407
20	1	0.048182
20	1.1	0.047184
20	1.2	0.04488
20	1.3	0.042134
20	1.4	0.039579
20	1.5	0.037827
20	1.6	0.034884
20	1.7	0.031292
20	1.8	0.030088
20	1.9	0.027836
20	2	0.026238
20	2.1	0.025205
20	2.2	0.023747
20	2.3	0.022421
20	2.4	0.019699
20	2.5	0.018737
20	2.6	0.016712
20	2.7	0.015154
20	2.8	0.014102
20	2.9	0.013449
20	3	0.013456
20	3.1	0.01336
20	3.2	0.012586
20	3.3	0.012076
20	3.4	0.011348
20	3.5	0.010802
20	3.6	0.0098291
20	3.7	0.0094348
20	3.8	0.0094861
20	3.9	0.0097283
20	4	0.0099873
30	-4	0.009043
30	-3.9	0.0082368
30	-3.8	0.0072317
30	-3.7	0.0059709
30	-3.6	0.0054679
30	-3.5	0.0071666
30	-3.4	0.008562
30	-3.3	0.0097499
30	-3.2	0.010004
30	-3.1	0.0096382
30	-3	0.0098324
30	-2.9	0.011062
30	-2.8	0.014053
30	-2.7	0.018257
30	-2.6	0.023031
30	-2.5	0.024339
30	-2.4	0.025519
30	-2.3	0.025425
30	-2.2	0.024521
30	-2.1	0.024382
30	-2	0.02559
30	-1.9	0.027662
30	-1.8	0.028773
30	-1.7	0.028498
30	-1.6	0.02622
30	-1.5	0.024447
30	-1.4	0.023857
30	-1.3	0.027983
30	-1.2	0.035133
30	-1.1	0.046132
30	-1	0.054416
30	-0.9	0.064123
30	-0.8	0.0669
30	-0.7	0.064889
30	-0.6	0.059745
30	-0.5	0.050702
30	-0.4	0.047026
30	-0.3	0.032532
30	-0.2	0.028137
30	-0.1	0.024782
30	0	0.025142
30	0.1	0.027208
30	0.2	0.029912
30	0.3	0.031408
30	0.4	0.034259
30	0.5	0.038825
30	0.6	0.03997
30	0.7	0.043111
30	0.8	0.044498
30	0.9	0.045305
30	1	0.044765
30	1.1	0.043326
30	1.2	0.042028
30	1.3	0.037627
30	1.4	0.033824
30	1.5	0.03106
30	1.6	0.029422
30	1.7	0.028641
30	1.8	0.028153
30	1.9	0.027788
30	2	0.026666
30	2.1	0.024899
30	2.2	0.022769
30	2.3	0.020047
30	2.4	0.018322
30	2.5	0.017087
30	2.6	0.015361
30	2.7	0.014857
30	2.8	0.014415
30	2.9	0.013848
30	3	0.013576
30	3.1	0.013303
30	3.2	0.013348
30	3.3	0.013685
30	3.4	0.013566
30	3.5	0.013225
30	3.6	0.012974
30	3.7	0.011748
30	3.8	0.011065
30	3.9	0.010763
30	4	0.010449
40	-4	0.0061443
40	-3.9	0.0068625
40	-3.8	0.0074865
40	-3.7	0.0077474
40	-3.6	0.0074149
40	-3.5	0.0065492
40	-3.4	0.0065046
40	-3.3	0.0071372
40	-3.2	0.0079817
40	-3.1	0.0098143
40	-3	0.011196
40	-2.9	0.012311
40	-2.8	0.014549
40	-2.7	0.018116
40	-2.6	0.021234
40	-2.5	0.02503
40	-2.4	0.027016
40	-2.3	0.027272
40	-2.2	0.027668
40	-2.1	0.028154
40	-2	0.02914
40	-1.9	0.030091
40	-1.8	0.030163
40	-1.7	0.027503
40	-1.6	0.023119
40	-1.5	0.020751
40	-1.4	0.020698
40	-1.3	0.023942
40	-1.2	0.032611
40	-1.1	0.040323
40	-1	0.05028
40	-0.9	0.056498
40	-0.8	0.061323
40	-0.7	0.064015
40	-0.6	0.061609
40	-0.5	0.057802
40	-0.4	0.046316
40	-0.3	0.040601
40	-0.2	0.032741
40	-0.1	0.026184
40	0	0.02576
40	0.1	0.026765
40	0.2	0.029386
40	0.3	0.032483
40	0.4	0.037388
40	0.5	0.04068
40	0.6	0.044473
40	0.7	0.047489
40	0.8	0.05026
40	0.9	0.051266
40	1	0.0504
40	1.1	0.048125
40	1.2	0.043627
40	1.3	0.041175
40	1.4	0.036217
40	1.5	0.032789
40	1.6	0.031316
40	1.7	0.031342
40	1.8	0.030932
40	1.9	0.030612
40	2	0.02791
40	2.1	0.025791
40	2.2	0.023274
40	2.3	0.0199
40	2.4	0.018748
40	2.5	0.018115
40	2.6	0.018012
40	2.7	0.01657
40	2.8	0.014246
40	2.9	0.012307
40	3	0.010243
40	3.1	0.0095945
40	3.2	0.010469
40	3.3	0.01046
40	3.4	0.011225
40	3.5	0.011934
40	3.6	0.011778
40	3.7	0.011399
40	3.8	0.011023
40	3.9	0.011251
40	4	0.010983
50	-4	0.0074562
50	-3.9	0.0082544
50	-3.8	0.0079594
50	-3.7	0.006879
50	-3.6	0.0056653
50	-3.5	0.0062538
50	-3.4	0.0065492
50	-3.3	0.0086763
50	-3.2	0.0094228
50	-3.1	0.0092742
50	-3	0.008917
50	-2.9	0.0097017
50	-2.8	0.012562
50	-2.7	0.016236
50	-2.6	0.020696
50	-2.5	0.024024
50	-2.4	0.025612
50	-2.3	0.025519
50	-2.2	0.024704
50	-2.1	0.024523
50	-2	0.025064
50	-1.9	0.027395
50	-1.8	0.029579
50	-1.7	0.030567
50	-1.6	0.028456
50	-1.5	0.022909
50	-1.4	0.019023
50	-1.3	0.017182
50	-1.2	0.022053
50	-1.1	0.037949
50	-1	0.048437
50	-0.9	0.055042
50	-0.8	0.058843
50	-0.7	0.060267
50	-0.6	0.057784
50	-0.5	0.05034
50	-0.4	0.044704
50	-0.3	0.033852
50	-0.2	0.030381
50	-0.1	0.026602
50	0	0.027044
50	0.1	0.028399
50	0.2	0.031746
50	0.3	0.035338
50	0.4	0.040075
50	0.5	0.043963
50	0.6	0.048918
50	0.7	0.05115
50	0.8	0.052116
50	0.9	0.049874
50	1	0.04741
50	1.1	0.043225
50	1.2	0.039316
50	1.3	0.035485
50	1.4	0.032653
50	1.5	0.030687
50	1.6	0.030155
50	1.7	0.029052
50	1.8	0.027047
50	1.9	0.024474
50	2	0.022855
50	2.1	0.02018
50	2.2	0.018709
50	2.3	0.017671
50	2.4	0.017219
50	2.5	0.017041
50	2.6	0.016182
50	2.7	0.014731
50	2.8	0.013781
50	2.9	0.012678
50	3	0.012308
50	3.1	0.012425
50	3.2	0.012593
50	3.3	0.012751
50	3.4	0.013178
50	3.5	0.013712
50	3.6	0.01378
50	3.7	0.014001
50	3.8	0.013118
50	3.9	0.012799
50	4	0.012052
60	-4	0.0086427
60	-3.9	0.0083304
60	-3.8	0.0075638
60	-3.7	0.0064597
60	-3.6	0.0066569
60	-3.5	0.0081856
60	-3.4	0.0093401
60	-3.3	0.0097615
60	-3.2	0.010018
60	-3.1	0.0086801
60	-3	0.0087413
60	-2.9	0.010792
60	-2.8	0.013928
60	-2.7	0.016733
60	-2.6	0.019338
60	-2.5	0.021031
60	-2.4	0.023018
60	-2.3	0.024133
60	-2.2	0.025612
60	-2.1	0.026446
60	-2	0.027723
60	-1.9	0.027905
60	-1.8	0.027936
60	-1.7	0.027115
60	-1.6	0.02438
60	-1.5	0.020273
60	-1.4	0.016943
60	-1.3	0.017228
60	-1.2	0.02214
60	-1.1	0.029744
60	-1	0.036018
60	-0.9	0.044029
60	-0.8	0.048817
60	-0.7	0.051977
60	-0.6	0.0516
60	-0.5	0.050008
60	-0.4	0.0453
60	-0.3	0.038331
60	-0.2	0.03291
60	-0.1	0.028613
60	0	0.026727
60	0.1	0.027014
60	0.2	0.029153
60	0.3	0.032146
60	0.4	0.03552
60	0.5	0.037973
60	0.6	0.040658
60	0.7	0.043407
60	0.8	0.045376
60	0.9	0.046591
60	1	0.046212
60	1.1	0.0438
60	1.2	0.042456
60	1.3	0.039121
60	1.4	0.03527
60	1.5	0.032708
60	1.6	0.03111
60	1.7	0.031028
60	1.8	0.030765
60	1.9	0.029736
60	2	0.027777
60	2.1	0.024844
60	2.2	0.02184
60	2.3	0.018846
60	2.4	0.016805
60	2.5	0.015257
60	2.6	0.014405
60	2.7	0.01406
60	2.8	0.012947
60	2.9	0.012163
60	3	0.011776
60	3.1	0.012325
60	3.2	0.013072
60	3.3	0.013485
60	3.4	0.013784
60	3.5	0.014092
60	3.6	0.013942
60	3.7	0.012912
60	3.8	0.012075
60	3.9	0.011338
60	4	0.011298
70	-4	0.0059274
70	-3.9	0.006801
70	-3.8	0.0072807
70	-3.7	0.0073909
70	-3.6	0.0070277
70	-3.5	0.006407
70	-3.4	0.0065021
70	-3.3	0.0070598
70	-3.2	0.0075188
70	-3.1	0.0088552
70	-3	0.0085298
70	-2.9	0.0079309
70	-2.8	0.007617
70	-2.7	0.010619
70	-2.6	0.014708
70	-2.5	0.020063
70	-2.4	0.024758
70	-2.3	0.027233
70	-2.2	0.027752
70	-2.1	0.027904
70	-2	0.028342
70	-1.9	0.029368
70	-1.8	0.031324
70	-1.7	0.033852
70	-1.6	0.033579
70	-1.5	0.029562
70	-1.4	0.023988
70	-1.3	0.017413
70	-1.2	0.016198
70	-1.1	0.020288
70	-1	0.029932
70	-0.9	0.043942
70	-0.8	0.049558
70	-0.7	0.053067
70	-0.6	0.052173
70	-0.5	0.049151
70	-0.4	0.041284
70	-0.3	0.033808
70	-0.2	0.026981
70	-0.1	0.020015
70	0	0.018482
70	0.1	0.01962
70	0.2	0.023292
70	0.3	0.026485
70	0.4	0.034389
70	0.5	0.03814
70	0.6	0.044372
70	0.7	0.045695
70	0.8	0.046295
70	0.9	0.045662
70	1	0.042296
70	1.1	0.03862
70	1.2	0.036478
70	1.3	0.035113
70	1.4	0.034325
70	1.5	0.032638
70	1.6	0.032293
70	1.7	0.030406
70	1.8	0.029476
70	1.9	0.027403
70	2	0.025867
70	2.1	0.024983
70	2.2	0.02395
70	2.3	0.021313
70	2.4	0.017968
70	2.5	0.013662
70	2.6	0.010662
70	2.7	0.009469
70	2.8	0.0095928
70	2.9	0.010952
70	3	0.011529
70	3.1	0.011168
70	3.2	0.010796
70	3.3	0.0091637
70	3.4	0.0093246
70	3.5	0.010811
70	3.6	0.01246
70	3.7	0.012542
70	3.8	0.012359
70	3.9	0.011573
70	4	0.01109
80	-4	0.0094673
80	-3.9	0.0099873
80	-3.8	0.010451
80	-3.7	0.010619
80	-3.6	0.010021
80	-3.5	0.0090305
80	-3.4	0.0090287
80	-3.3	0.0093367
80	-3.2	0.009816
80	-3.1	0.010989
80	-3	0.011212
80	-2.9	0.011024
80	-2.8	0.010757
80	-2.7	0.011837
80	-2.6	0.013881
80	-2.5	0.019088
80	-2.4	0.023766
80	-2.3	0.025613
80	-2.2	0.028222
80	-2.1	0.029222
80	-2	0.031589
80	-1.9	0.033869
80	-1.8	0.035724
80	-1.7	0.036766
80	-1.6	0.035755
80	-1.5	0.033296
80	-1.4	0.027021
80	-1.3	0.020918
80	-1.2	0.016876
80	-1.1	0.016367
80	-1	0.021988
80	-0.9	0.030286
80	-0.8	0.036797
80	-0.7	0.041443
80	-0.6	0.042637
80	-0.5	0.04069
80	-0.4	0.037525
80	-0.3	0.033393
80	-0.2	0.031063
80	-0.1	0.02604
80	0	0.023096
80	0.1	0.021094
80	0.2	0.020491
80	0.3	0.021739
80	0.4	0.027114
80	0.5	0.03457
80	0.6	0.037151
80	0.7	0.042515
80	0.8	0.04539
80	0.9	0.045283
80	1	0.043454
80	1.1	0.040825
80	1.2	0.037833
80	1.3	0.035593
80	1.4	0.035251
80	1.5	0.03562
80	1.6	0.036353
80	1.7	0.036478
80	1.8	0.035341
80	1.9	0.032721
80	2	0.028005
80	2.1	0.023589
80	2.2	0.02115
80	2.3	0.018429
80	2.4	0.016138
80	2.5	0.014724
80	2.6	0.013024
80	2.7	0.010569
80	2.8	0.0087394
80	2.9	0.0074323
80	3	0.0077994
80	3.1	0.0087616
80	3.2	0.010435
80	3.3	0.011204
80	3.4	0.011624
80	3.5	0.011599
80	3.6	0.011464
80	3.7	0.010983
80	3.8	0.010786
80	3.9	0.0098685
80	4	0.0096382
90	-4	0.0084671
90	-3.9	0.010762
90	-3.8	0.012188
90	-3.7	0.012409
90	-3.6	0.011087
90	-3.5	0.0093228
90	-3.4	0.0089025
90	-3.3	0.0093626
90	-3.2	0.010856
90	-3.1	0.012325
90	-3	0.012799
90	-2.9	0.011799
90	-2.8	0.010943
90	-2.7	0.012084
90	-2.6	0.016054
90	-2.5	0.020681
90	-2.4	0.023323
90	-2.3	0.026034
90	-2.2	0.027119
90	-2.1	0.027597
90	-2	0.029153
90	-1.9	0.031179
90	-1.8	0.034391
90	-1.7	0.035388
90	-1.6	0.035063
90	-1.5	0.030917
90	-1.4	0.024577
90	-1.3	0.020067
90	-1.2	0.010491
90	-1.1	0.012072
90	-1	0.01931
90	-0.9	0.02574
90	-0.8	0.032937
90	-0.7	0.035534
90	-0.6	0.03666
90	-0.5	0.035687
90	-0.4	0.032543
90	-0.3	0.030268
90	-0.2	0.028936
90	-0.1	0.026961
90	0	0.025082
90	0.1	0.023884
90	0.2	0.024214
90	0.3	0.026662
90	0.4	0.030092
90	0.5	0.033223
90	0.6	0.037786
90	0.7	0.041123
90	0.8	0.041786
90	0.9	0.041128
90	1	0.040379
90	1.1	0.037719
90	1.2	0.035353
90	1.3	0.034271
90	1.4	0.034479
90	1.5	0.034915
90	1.6	0.03556
90	1.7	0.036306
90	1.8	0.036437
90	1.9	0.035514
90	2	0.032514
90	2.1	0.028983
90	2.2	0.025414
90	2.3	0.021012
90	2.4	0.01781
90	2.5	0.014411
90	2.6	0.013914
90	2.7	0.01316
90	2.8	0.011718
90	2.9	0.010282
90	3	0.008946
90	3.1	0.00697
90	3.2	0.0066374
90	3.3	0.0085051
90	3.4	0.011675
90	3.5	0.012111
90	3.6	0.012901
90	3.7	0.012576
90	3.8	0.011238
90	3.9	0.0095014
90	4	0.0087561
100	-4	0.0081043
100	-3.9	0.0095201
100	-3.8	0.010208
100	-3.7	0.010762
100	-3.6	0.010759
100	-3.5	0.010121
100	-3.4	0.010138
100	-3.3	0.010314
100	-3.2	0.011002
100	-3.1	0.011973
100	-3	0.012535
100	-2.9	0.01278
100	-2.8	0.0131
100	-2.7	0.013791
100	-2.6	0.015816
100	-2.5	0.019775
100	-2.4	0.022341
100	-2.3	0.024303
100	-2.2	0.024663
100	-2.1	0.024858
100	-2	0.025624
100	-1.9	0.027683
100	-1.8	0.030496
100	-1.7	0.032069
100	-1.6	0.03239
100	-1.5	0.028223
100	-1.4	0.024529
100	-1.3	0.017508
100	-1.2	0.0087579
100	-1.1	0.0063385
100	-1	0.013069
100	-0.9	0.019268
100	-0.8	0.025319
100	-0.7	0.028018
100	-0.6	0.027536
100	-0.5	0.026113
100	-0.4	0.023894
100	-0.3	0.024112
100	-0.2	0.026055
100	-0.1	0.028388
100	0	0.029974
100	0.1	0.031122
100	0.2	0.031856
100	0.3	0.032155
100	0.4	0.033968
100	0.5	0.036056
100	0.6	0.039257
100	0.7	0.041046
100	0.8	0.041658
100	0.9	0.041247
100	1	0.038284
100	1.1	0.035229
100	1.2	0.033784
100	1.3	0.034037
100	1.4	0.035459
100	1.5	0.037334
100	1.6	0.039138
100	1.7	0.040287
100	1.8	0.040311
100	1.9	0.038223
100	2	0.033736
100	2.1	0.029191
100	2.2	0.026396
100	2.3	0.021173
100	2.4	0.0186
100	2.5	0.016849
100	2.6	0.014508
100	2.7	0.012966
100	2.8	0.011045
100	2.9	0.010757
100	3	0.0091248
100	3.1	0.0066496
100	3.2	0.0050851
100	3.3	0.0055238
100	3.4	0.0075531
100	3.5	0.0092898
100	3.6	0.0099825
100	3.7	0.010429
100	3.8	0.0099938
100	3.9	0.0081975
100	4	0.0068954
110	-4	0.0098881
110	-3.9	0.0099565
110	-3.8	0.010434
110	-3.7	0.010322
110	-3.6	0.010157
110	-3.5	0.010279
110	-3.4	0.010715
110	-3.3	0.011359
110	-3.2	0.012928
110	-3.1	0.013753
110	-3	0.014577
110	-2.9	0.014229
110	-2.8	0.013972
110	-2.7	0.014742
110	-2.6	0.017173
110	-2.5	0.022721
110	-2.4	0.025093
110	-2.3	0.026327
110	-2.2	0.026658
110	-2.1	0.025833
110	-2	0.026012
110	-1.9	0.027843
110	-1.8	0.028968
110	-1.7	0.029968
110	-1.6	0.030025
110	-1.5	0.028529
110	-1.4	0.023331
110	-1.3	0.01809
110	-1.2	0.013659
110	-1.1	0.010607
110	-1	0.014878
110	-0.9	0.018688
110	-0.8	0.02345
110	-0.7	0.025229
110	-0.6	0.023827
110	-0.5	0.021015
110	-0.4	0.020831
110	-0.3	0.024201
110	-0.2	0.03
110	-0.1	0.034188
110	0	0.037411
110	0.1	0.040708
110	0.2	0.041572
110	0.3	0.041244
110	0.4	0.04116
110	0.5	0.041864
110	0.6	0.04384
110	0.7	0.044974
110	0.8	0.045487
110	0.9	0.044897
110	1	0.043043
110	1.1	0.039374
110	1.2	0.038701
110	1.3	0.039406
110	1.4	0.041986
110	1.5	0.044032
110	1.6	0.046541
110	1.7	0.047408
110	1.8	0.046414
110	1.9	0.044825
110	2	0.038679
110	2.1	0.033668
110	2.2	0.027781
110	2.3	0.022573
110	2.4	0.019643
110	2.5	0.017009
110	2.6	0.015423
110	2.7	0.014139
110	2.8	0.01362
110	2.9	0.012388
110	3	0.011331
110	3.1	0.0084823
110	3.2	0.0071801
110	3.3	0.0054531
110	3.4	0.0060033
110	3.5	0.008507
110	3.6	0.010412
110	3.7	0.011604
110	3.8	0.012266
110	3.9	0.011536
110	4	0.010116
120	-4	0.0096967
120	-3.9	0.010657
120	-3.8	0.012341
120	-3.7	0.011545
120	-3.6	0.010934
120	-3.5	0.011305
120	-3.4	0.012324
120	-3.3	0.014758
120	-3.2	0.016165
120	-3.1	0.017295
120	-3	0.017683
120	-2.9	0.016258
120	-2.8	0.015119
120	-2.7	0.015341
120	-2.6	0.018144
120	-2.5	0.021937
120	-2.4	0.024644
120	-2.3	0.026408
120	-2.2	0.025663
120	-2.1	0.023231
120	-2	0.020214
120	-1.9	0.020273
120	-1.8	0.021745
120	-1.7	0.023237
120	-1.6	0.024164
120	-1.5	0.022532
120	-1.4	0.020554
120	-1.3	0.019108
120	-1.2	0.018783
120	-1.1	0.022446
120	-1	0.025318
120	-0.9	0.027975
120	-0.8	0.028496
120	-0.7	0.027064
120	-0.6	0.021505
120	-0.5	0.018297
120	-0.4	0.018688
120	-0.3	0.022487
120	-0.2	0.027521
120	-0.1	0.035546
120	0	0.039722
120	0.1	0.042148
120	0.2	0.044006
120	0.3	0.043414
120	0.4	0.042744
120	0.5	0.042009
120	0.6	0.042365
120	0.7	0.042766
120	0.8	0.042947
120	0.9	0.042888
120	1	0.041997
120	1.1	0.03996
120	1.2	0.039162
120	1.3	0.03961
120	1.4	0.041523
120	1.5	0.043848
120	1.6	0.046107
120	1.7	0.048506
120	1.8	0.049758
120	1.9	0.048012
120	2	0.044581
120	2.1	0.040071
120	2.2	0.035816
120	2.3	0.027416
120	2.4	0.021813
120	2.5	0.01824
120	2.6	0.015801
120	2.7	0.01543
120	2.8	0.016205
120	2.9	0.01666
120	3	0.015791
120	3.1	0.013448
120	3.2	0.010813
120	3.3	0.0077703
120	3.4	0.0062719
120	3.5	0.006893
120	3.6	0.0093298
120	3.7	0.010328
120	3.8	0.010317
120	3.9	0.0098357
120	4	0.0087246
130	-4	0.010635
130	-3.9	0.012127
130	-3.8	0.013069
130	-3.7	0.012152
130	-3.6	0.010154
130	-3.5	0.010267
130	-3.4	0.010949
130	-3.3	0.012235
130	-3.2	0.015391
130	-3.1	0.017532
130	-3	0.017719
130	-2.9	0.01724
130	-2.8	0.015847
130	-2.7	0.015981
130	-2.6	0.018386
130	-2.5	0.021514
130	-2.4	0.024761
130	-2.3	0.025958
130	-2.2	0.025254
130	-2.1	0.022097
130	-2	0.020292
130	-1.9	0.019672
130	-1.8	0.020522
130	-1.7	0.02199
130	-1.6	0.022738
130	-1.5	0.021926
130	-1.4	0.020822
130	-1.3	0.020642
130	-1.2	0.023639
130	-1.1	0.026977
130	-1	0.029786
130	-0.9	0.032718
130	-0.8	0.032058
130	-0.7	0.030314
130	-0.6	0.023613
130	-0.5	0.016901
130	-0.4	0.013565
130	-0.3	0.0183
130	-0.2	0.024129
130	-0.1	0.031642
130	0	0.038904
130	0.1	0.041959
130	0.2	0.044788
130	0.3	0.04387
130	0.4	0.043302
130	0.5	0.042204
130	0.6	0.041348
130	0.7	0.040857
130	0.8	0.040634
130	0.9	0.040332
130	1	0.039818
130	1.1	0.039334
130	1.2	0.038966
130	1.3	0.039762
130	1.4	0.042657
130	1.5	0.045281
130	1.6	0.048515
130	1.7	0.050694
130	1.8	0.051365
130	1.9	0.049888
130	2	0.04631
130	2.1	0.041322
130	2.2	0.03689
130	2.3	0.029614
130	2.4	0.026671
130	2.5	0.022721
130	2.6	0.020297
130	2.7	0.018761
130	2.8	0.017833
130	2.9	0.016617
130	3	0.014437
130	3.1	0.01079
130	3.2	0.0081757
130	3.3	0.0067245
130	3.4	0.0071508
130	3.5	0.0086577
130	3.6	0.0098538
130	3.7	0.010813
130	3.8	0.010287
130	3.9	0.0089676
130	4	0.0078634
140	-4	0.01037
140	-3.9	0.010706
140	-3.8	0.010257
140	-3.7	0.0097747
140	-3.6	0.0096147
140	-3.5	0.010448
140	-3.4	0.011138
140	-3.3	0.012777
140	-3.2	0.013198
140	-3.1	0.014037
140	-3	0.014024
140	-2.9	0.014703
140	-2.8	0.014888
140	-2.7	0.016605
140	-2.6	0.019043
140	-2.5	0.021943
140	-2.4	0.025254
140	-2.3	0.025941
140	-2.2	0.025587
140	-2.1	0.024725
140	-2	0.023641
140	-1.9	0.023855
140	-1.8	0.024531
140	-1.7	0.025624
140	-1.6	0.025779
140	-1.5	0.02352
140	-1.4	0.021498
140	-1.3	0.019472
140	-1.2	0.019661
140	-1.1	0.021233
140	-1	0.02429
140	-0.9	0.02836
140	-0.8	0.029998
140	-0.7	0.02892
140	-0.6	0.025867
140	-0.5	0.020387
140	-0.4	0.017752
140	-0.3	0.020534
140	-0.2	0.02698
140	-0.1	0.034608
140	0	0.041013
140	0.1	0.044767
140	0.2	0.046974
140	0.3	0.046652
140	0.4	0.044699
140	0.5	0.041457
140	0.6	0.039711
140	0.7	0.038037
140	0.8	0.036922
140	0.9	0.03634
140	1	0.036021
140	1.1	0.035663
140	1.2	0.036292
140	1.3	0.039169
140	1.4	0.041537
140	1.5	0.045615
140	1.6	0.048268
140	1.7	0.049976
140	1.8	0.049823
140	1.9	0.04773
140	2	0.044212
140	2.1	0.039738
140	2.2	0.036978
140	2.3	0.032134
140	2.4	0.028319
140	2.5	0.024643
140	2.6	0.022553
140	2.7	0.01961
140	2.8	0.016739
140	2.9	0.014638
140	3	0.013095
140	3.1	0.010138
140	3.2	0.0096147
140	3.3	0.0076572
140	3.4	0.0072451
140	3.5	0.0078982
140	3.6	0.0092095
140	3.7	0.010342
140	3.8	0.010466
140	3.9	0.010013
140	4	0.0087782
150	-4	0.012192
150	-3.9	0.01325
150	-3.8	0.013609
150	-3.7	0.012557
150	-3.6	0.011494
150	-3.5	0.011279
150	-3.4	0.010474
150	-3.3	0.011734
150	-3.2	0.01305
150	-3.1	0.013797
150	-3	0.014555
150	-2.9	0.014785
150	-2.8	0.015399
150	-2.7	0.017539
150	-2.6	0.020583
150	-2.5	0.023593
150	-2.4	0.02604
150	-2.3	0.027051
150	-2.2	0.026714
150	-2.1	0.026142
150	-2	0.025097
150	-1.9	0.025366
150	-1.8	0.02699
150	-1.7	0.028055
150	-1.6	0.027768
150	-1.5	0.026048
150	-1.4	0.022926
150	-1.3	0.019964
150	-1.2	0.017957
150	-1.1	0.017523
150	-1	0.019613
150	-0.9	0.021311
150	-0.8	0.023151
150	-0.7	0.023561
150	-0.6	0.022546
150	-0.5	0.021846
150	-0.4	0.022454
150	-0.3	0.027847
150	-0.2	0.031395
150	-0.1	0.035531
150	0	0.038651
150	0.1	0.041046
150	0.2	0.04157
150	0.3	0.040888
150	0.4	0.039546
150	0.5	0.038722
150	0.6	0.037923
150	0.7	0.03772
150	0.8	0.03783
150	0.9	0.038313
150	1	0.037835
150	1.1	0.037286
150	1.2	0.038067
150	1.3	0.038905
150	1.4	0.0398
150	1.5	0.041372
150	1.6	0.042758
150	1.7	0.044132
150	1.8	0.044313
150	1.9	0.043355
150	2	0.041078
150	2.1	0.037883
150	2.2	0.033599
150	2.3	0.028125
150	2.4	0.025319
150	2.5	0.021406
150	2.6	0.019762
150	2.7	0.017532
150	2.8	0.016282
150	2.9	0.014555
150	3	0.013442
150	3.1	0.011654
150	3.2	0.0082505
150	3.3	0.007294
150	3.4	0.0071146
150	3.5	0.0085184
150	3.6	0.010036
150	3.7	0.010587
150	3.8	0.010334
150	3.9	0.0095945
150	4	0.0085184
160	-4	0.012202
160	-3.9	0.012422
160	-3.8	0.011882
160	-3.7	0.011196
160	-3.6	0.01078
160	-3.5	0.010623
160	-3.4	0.011439
160	-3.3	0.012758
160	-3.2	0.013116
160	-3.1	0.012928
160	-3	0.011885
160	-2.9	0.011818
160	-2.8	0.013778
160	-2.7	0.017796
160	-2.6	0.020139
160	-2.5	0.024248
160	-2.4	0.026451
160	-2.3	0.026259
160	-2.2	0.025352
160	-2.1	0.024321
160	-2	0.024004
160	-1.9	0.025687
160	-1.8	0.028795
160	-1.7	0.030793
160	-1.6	0.030912
160	-1.5	0.029352
160	-1.4	0.025818
160	-1.3	0.020698
160	-1.2	0.013588
160	-1.1	0.009862
160	-1	0.013493
160	-0.9	0.022287
160	-0.8	0.025861
160	-0.7	0.031667
160	-0.6	0.033401
160	-0.5	0.033565
160	-0.4	0.033
160	-0.3	0.031528
160	-0.2	0.03077
160	-0.1	0.029971
160	0	0.029842
160	0.1	0.029992
160	0.2	0.029902
160	0.3	0.029633
160	0.4	0.030258
160	0.5	0.031705
160	0.6	0.033632
160	0.7	0.034446
160	0.8	0.035885
160	0.9	0.036579
160	1	0.035673
160	1.1	0.034879
160	1.2	0.035041
160	1.3	0.035731
160	1.4	0.036594
160	1.5	0.038637
160	1.6	0.039575
160	1.7	0.041684
160	1.8	0.041175
160	1.9	0.039723
160	2	0.037351
160	2.1	0.033943
160	2.2	0.030658
160	2.3	0.02736
160	2.4	0.023515
160	2.5	0.021741
160	2.6	0.020578
160	2.7	0.018544
160	2.8	0.017011
160	2.9	0.0153
160	3	0.013677
160	3.1	0.010795
160	3.2	0.0072004
160	3.3	0.0066932
160	3.4	0.0072116
160	3.5	0.0081023
160	3.6	0.010065
160	3.7	0.010134
160	3.8	0.01002
160	3.9	0.0095692
160	4	0.0090787
170	-4	0.012147
170	-3.9	0.013032
170	-3.8	0.013386
170	-3.7	0.01213
170	-3.6	0.0097912
170	-3.5	0.0088771
170	-3.4	0.0087837
170	-3.3	0.009469
170	-3.2	0.011575
170	-3.1	0.01227
170	-3	0.011664
170	-2.9	0.010872
170	-2.8	0.011617
170	-2.7	0.015056
170	-2.6	0.021294
170	-2.5	0.026602
170	-2.4	0.030789
170	-2.3	0.031809
170	-2.2	0.031552
170	-2.1	0.030795
170	-2	0.03028
170	-1.9	0.030519
170	-1.8	0.032964
170	-1.7	0.035403
170	-1.6	0.036081
170	-1.5	0.033533
170	-1.4	0.027253
170	-1.3	0.023713
170	-1.2	0.013032
170	-1.1	0.0083846
170	-1	0.012734
170	-0.9	0.023386
170	-0.8	0.032348
170	-0.7	0.038194
170	-0.6	0.043473
170	-0.5	0.044087
170	-0.4	0.042944
170	-0.3	0.040371
170	-0.2	0.037874
170	-0.1	0.0336
170	0	0.030958
170	0.1	0.028208
170	0.2	0.026003
170	0.3	0.02493
170	0.4	0.025454
170	0.5	0.026587
170	0.6	0.028372
170	0.7	0.030494
170	0.8	0.031451
170	0.9	0.032163
170	1	0.032148
170	1.1	0.031956
170	1.2	0.032045
170	1.3	0.031995
170	1.4	0.031782
170	1.5	0.031831
170	1.6	0.032233
170	1.7	0.032834
170	1.8	0.032491
170	1.9	0.031876
170	2	0.03094
170	2.1	0.028777
170	2.2	0.027679
170	2.3	0.024381
170	2.4	0.021008
170	2.5	0.017684
170	2.6	0.016416
170	2.7	0.013976
170	2.8	0.012854
170	2.9	0.011632
170	3	0.01102
170	3.1	0.0092829
170	3.2	0.0062847
170	3.3	0.0067915
170	3.4	0.0068531
170	3.5	0.0084077
170	3.6	0.009554
170	3.7	0.0097929
170	3.8	0.0099094
170	3.9	0.0092567
170	4	0.0086409
180	-4	0.0097
180	-3.9	0.0095624
180	-3.8	0.008955
180	-3.7	0.0086353
180	-3.6	0.0086577
180	-3.5	0.010157
180	-3.4	0.011629
180	-3.3	0.011833
180	-3.2	0.010799
180	-3.1	0.0096029
180	-3	0.0090964
180	-2.9	0.010881
180	-2.8	0.014915
180	-2.7	0.020128
180	-2.6	0.023608
180	-2.5	0.027746
180	-2.4	0.02887
180	-2.3	0.029037
180	-2.2	0.029891
180	-2.1	0.032405
180	-2	0.036256
180	-1.9	0.039882
180	-1.8	0.04395
180	-1.7	0.044207
180	-1.6	0.041052
180	-1.5	0.036748
180	-1.4	0.028105
180	-1.3	0.019834
180	-1.2	0.016459
180	-1.1	0.018662
180	-1	0.028603
180	-0.9	0.035407
180	-0.8	0.044381
180	-0.7	0.047819
180	-0.6	0.049175
180	-0.5	0.048767
180	-0.4	0.045421
180	-0.3	0.042094
180	-0.2	0.040037
180	-0.1	0.036356
180	0	0.032949
180	0.1	0.030054
180	0.2	0.028861
180	0.3	0.028087
180	0.4	0.028412
180	0.5	0.028883
180	0.6	0.029718
180	0.7	0.031114
180	0.8	0.031903
180	0.9	0.032192
180	1	0.032111
180	1.1	0.032171
180	1.2	0.031751
180	1.3	0.030674
180	1.4	0.029494
180	1.5	0.028652
180	1.6	0.028915
180	1.7	0.028871
180	1.8	0.028984
180	1.9	0.029293
180	2	0.029247
180	2.1	0.02879
180	2.2	0.02612
180	2.3	0.023795
180	2.4	0.020788
180	2.5	0.017712
180	2.6	0.015961
180	2.7	0.013297
180	2.8	0.012099
180	2.9	0.011043
180	3	0.010173
180	3.1	0.0093419
180	3.2	0.0075894
180	3.3	0.0074648
180	3.4	0.0079614
180	3.5	0.0083961
180	3.6	0.0091725
180	3.7	0.0095404
180	3.8	0.0094074
180	3.9	0.0093211
180	4	0.0091514
 
Uniformity Ratio =0.61508
